DataSet 6
Learner: Baum Welch Learner
Log Likelihood: 72249.1149737307

Number of States: 30
Number of Symbols: 6
Threshold: 0.01

Initial Distribution:
0.0000	0.4313	0.0000	0.0000	0.0000	0.0000	0.0000	0.0000	0.0000	0.0000	0.0000	0.0000	0.0000	0.0000	0.0000	0.0000	0.0000	0.0000	0.0000	0.0000	0.0000	0.0000	0.0000	0.0000	0.0000	0.0000	0.5686	0.0000	0.0000	0.0000	

Transitions:
0.0001	0.0000	0.0000	0.0000	0.0027	0.0000	0.0000	0.0000	0.0000	0.8617	0.0000	0.0000	0.0010	0.0002	0.0000	0.0000	0.0197	0.0000	0.0000	0.0000	0.0000	0.0000	0.0001	0.0000	0.0006	0.1140	0.0000	0.0000	0.0000	0.0000	
0.0000	0.0000	0.1364	0.0000	0.0000	0.0000	0.0000	0.2820	0.0000	0.0000	0.0000	0.0000	0.0000	0.0009	0.0000	0.0000	0.0000	0.0184	0.0000	0.5589	0.0000	0.0000	0.0000	0.0034	0.0000	0.0000	0.0000	0.0000	0.0000	0.0000	
0.0000	0.0000	0.0419	0.0000	0.0000	0.0000	0.0047	0.0011	0.0008	0.0008	0.0000	0.0040	0.0000	0.0000	0.0000	0.0000	0.0000	0.0000	0.0000	0.0000	0.0001	0.0000	0.0000	0.9219	0.0000	0.0201	0.0000	0.0000	0.0000	0.0047	
0.0784	0.0000	0.2118	0.3179	0.0000	0.0000	0.0428	0.0000	0.0000	0.0000	0.0000	0.0000	0.0000	0.1191	0.0000	0.0037	0.0000	0.0001	0.0000	0.0000	0.0000	0.0001	0.0005	0.0000	0.0000	0.0423	0.0000	0.0000	0.0000	0.1833	
0.0000	0.0000	0.0000	0.0000	0.2357	0.0000	0.0000	0.0000	0.0000	0.5181	0.0000	0.0000	0.0000	0.2321	0.0000	0.0000	0.0135	0.0006	0.0000	0.0000	0.0000	0.0000	0.0000	0.0000	0.0000	0.0000	0.0000	0.0000	0.0000	0.0000	
0.0000	0.0000	0.0319	0.0000	0.0000	0.0050	0.0030	0.0001	0.0000	0.0000	0.0000	0.0002	0.0000	0.0000	0.0000	0.0000	0.0000	0.0000	0.0000	0.0000	0.0000	0.0000	0.0000	0.9410	0.0000	0.0169	0.0000	0.0000	0.0000	0.0019	
0.0108	0.0000	0.0000	0.0000	0.0000	0.2438	0.0000	0.0000	0.0000	0.0000	0.0000	0.2647	0.1722	0.0000	0.1189	0.0561	0.0000	0.0000	0.0878	0.0000	0.0000	0.0000	0.0162	0.0000	0.0000	0.0004	0.0000	0.0291	0.0000	0.0000	
0.0000	0.0000	0.0000	0.0000	0.2424	0.0000	0.0000	0.0000	0.0000	0.5338	0.0000	0.0000	0.0000	0.2191	0.0000	0.0000	0.0047	0.0000	0.0000	0.0000	0.0000	0.0000	0.0000	0.0000	0.0000	0.0000	0.0000	0.0000	0.0000	0.0000	
0.0000	0.0000	0.0009	0.0628	0.0000	0.0000	0.0000	0.0000	0.0000	0.0000	0.0000	0.0000	0.0000	0.5265	0.0000	0.0000	0.0000	0.0009	0.0000	0.0000	0.0031	0.0000	0.0000	0.0000	0.0000	0.0000	0.0000	0.0000	0.0000	0.4058	
0.0000	0.0000	0.0000	0.0000	0.0000	0.0000	0.4026	0.0000	0.5263	0.0000	0.0000	0.0000	0.0000	0.0000	0.0000	0.0000	0.0000	0.0000	0.0000	0.0000	0.0000	0.0000	0.0000	0.0000	0.0710	0.0000	0.0001	0.0000	0.0000	0.0000	
0.0000	0.8086	0.0000	0.1911	0.0000	0.0000	0.0000	0.0000	0.0000	0.0000	0.0000	0.0003	0.0000	0.0000	0.0000	0.0000	0.0000	0.0000	0.0000	0.0000	0.0000	0.0000	0.0000	0.0000	0.0000	0.0000	0.0000	0.0000	0.0000	0.0000	
0.0175	0.0000	0.0000	0.0000	0.0000	0.1116	0.0000	0.0000	0.0002	0.0538	0.0000	0.0573	0.1472	0.0000	0.0125	0.0600	0.0002	0.0000	0.0679	0.0000	0.0000	0.1739	0.0009	0.0000	0.0005	0.1941	0.0421	0.0602	0.0000	0.0000	
0.0000	0.4774	0.0000	0.1210	0.0000	0.0000	0.0000	0.0000	0.0000	0.0000	0.0000	0.0000	0.0000	0.2072	0.0000	0.0000	0.0000	0.0016	0.0000	0.0000	0.0001	0.0000	0.0000	0.0000	0.0000	0.0000	0.0000	0.0000	0.0000	0.1928	
0.0021	0.0000	0.0000	0.0000	0.0000	0.0012	0.0000	0.0000	0.0000	0.0000	0.0000	0.0706	0.0000	0.0001	0.0664	0.1291	0.0000	0.1353	0.1455	0.0000	0.0000	0.0000	0.0236	0.0000	0.0000	0.0000	0.0000	0.0004	0.4257	0.0000	
0.0000	0.0000	0.0000	0.0000	0.2549	0.0000	0.0000	0.0000	0.0000	0.1476	0.0000	0.0000	0.0000	0.5970	0.0000	0.0000	0.0005	0.0000	0.0000	0.0000	0.0000	0.0000	0.0000	0.0000	0.0000	0.0000	0.0000	0.0000	0.0000	0.0000	
0.0000	0.0000	0.0000	0.0000	0.1976	0.0000	0.0000	0.0000	0.0000	0.7273	0.0000	0.0000	0.0000	0.0707	0.0000	0.0000	0.0043	0.0000	0.0000	0.0000	0.0000	0.0000	0.0000	0.0000	0.0000	0.0000	0.0000	0.0000	0.0000	0.0000	
0.0000	0.0000	0.0000	0.0000	0.0000	0.0000	0.2487	0.0000	0.0017	0.0054	0.0000	0.0000	0.0000	0.0000	0.0000	0.0000	0.0000	0.0000	0.0000	0.0000	0.0000	0.0000	0.0000	0.0000	0.6846	0.0000	0.0595	0.0000	0.0000	0.0000	
0.0267	0.0000	0.0000	0.0009	0.0000	0.1631	0.0000	0.0678	0.0000	0.0000	0.0000	0.1604	0.1110	0.0000	0.0327	0.0074	0.0057	0.0000	0.2630	0.1480	0.0000	0.0000	0.0030	0.0000	0.0000	0.0017	0.0000	0.0085	0.0000	0.0000	
0.0000	0.0000	0.0000	0.0000	0.3005	0.0000	0.0000	0.0000	0.0000	0.4756	0.0000	0.0000	0.0000	0.2218	0.0000	0.0000	0.0021	0.0000	0.0000	0.0000	0.0000	0.0000	0.0000	0.0000	0.0000	0.0000	0.0000	0.0000	0.0000	0.0000	
0.0000	0.4330	0.0000	0.0000	0.0000	0.0000	0.0000	0.0000	0.0000	0.0000	0.0000	0.0000	0.0000	0.0000	0.0000	0.0000	0.0000	0.0000	0.0000	0.0000	0.0000	0.0000	0.0000	0.0000	0.0015	0.0000	0.5654	0.0000	0.0000	0.0000	
0.0000	0.0000	0.0000	0.0000	0.0000	0.0000	0.0000	0.0000	0.0000	0.0000	0.9983	0.0004	0.0000	0.0000	0.0000	0.0001	0.0000	0.0000	0.0000	0.0000	0.0000	0.0000	0.0000	0.0000	0.0000	0.0000	0.0000	0.0000	0.0011	0.0000	
0.0383	0.0000	0.0000	0.0000	0.0409	0.0000	0.0000	0.0000	0.3611	0.2661	0.0000	0.0000	0.0000	0.1855	0.0048	0.0004	0.0333	0.0001	0.0030	0.0000	0.0000	0.0100	0.0377	0.0000	0.0033	0.0000	0.0000	0.0019	0.0136	0.0000	
0.0005	0.0000	0.0000	0.0000	0.0603	0.0000	0.0000	0.0000	0.0000	0.8470	0.0000	0.0000	0.0000	0.0179	0.0000	0.0000	0.0739	0.0000	0.0000	0.0000	0.0000	0.0000	0.0004	0.0000	0.0000	0.0000	0.0000	0.0000	0.0000	0.0000	
0.0002	0.0305	0.4395	0.0000	0.0000	0.0000	0.0280	0.0000	0.0000	0.0000	0.0000	0.0000	0.1166	0.0000	0.0042	0.0001	0.0000	0.0000	0.0014	0.0000	0.2622	0.0049	0.0000	0.0003	0.0002	0.0976	0.0110	0.0000	0.0033	0.0000	
0.0968	0.0000	0.0000	0.0000	0.0000	0.0014	0.0000	0.0000	0.0000	0.0000	0.0000	0.0102	0.0008	0.0000	0.0332	0.2724	0.0000	0.0000	0.1986	0.0000	0.0000	0.0002	0.3306	0.0000	0.0000	0.0000	0.0000	0.0556	0.0000	0.0000	
0.0000	0.0000	0.1125	0.0003	0.0000	0.0019	0.0000	0.2419	0.0000	0.0002	0.0483	0.0000	0.0056	0.0060	0.0000	0.0000	0.0009	0.0326	0.0000	0.5427	0.0000	0.0000	0.0000	0.0032	0.0000	0.0005	0.0000	0.0000	0.0034	0.0000	
0.0006	0.0000	0.0000	0.0000	0.0000	0.0029	0.0000	0.0000	0.0000	0.0000	0.0000	0.0623	0.0000	0.0000	0.0897	0.1765	0.0000	0.1326	0.0916	0.0000	0.0000	0.0000	0.0167	0.0000	0.0000	0.0000	0.0000	0.0001	0.4268	0.0000	
0.0011	0.0000	0.0000	0.0000	0.5168	0.0000	0.0000	0.0000	0.0000	0.3404	0.0000	0.0000	0.0000	0.1040	0.0000	0.0000	0.0369	0.0000	0.0000	0.0000	0.0000	0.0000	0.0003	0.0000	0.0001	0.0000	0.0000	0.0000	0.0004	0.0000	
0.0000	0.0000	0.1400	0.0000	0.0000	0.0000	0.0000	0.2840	0.0000	0.0000	0.0000	0.0000	0.0000	0.0000	0.0000	0.0000	0.0000	0.0142	0.0000	0.5618	0.0000	0.0000	0.0000	0.0000	0.0000	0.0000	0.0000	0.0000	0.0000	0.0000	
0.0000	0.0000	0.0000	0.0000	0.0000	0.0000	0.0000	0.0000	0.0000	0.0000	0.9980	0.0000	0.0000	0.0000	0.0000	0.0000	0.0000	0.0000	0.0000	0.0000	0.0000	0.0000	0.0000	0.0000	0.0000	0.0020	0.0000	0.0000	0.0000	0.0000	

Emissions
0.0000	0.0000	0.0000	0.0010	0.9990	0.0000	
0.0000	0.9658	0.0000	0.0000	0.0342	0.0000	
0.0008	0.0000	0.0000	0.0000	0.0000	0.9992	
0.0000	0.0000	0.0000	0.0000	0.0003	0.9997	
0.0000	1.0000	0.0000	0.0000	0.0000	0.0000	
0.0000	0.0000	0.9999	0.0001	0.0000	0.0000	
0.0000	0.0000	0.0000	0.0000	1.0000	0.0000	
0.0000	0.0000	1.0000	0.0000	0.0000	0.0000	
0.0000	0.0000	0.0000	1.0000	0.0000	0.0000	
0.0000	0.0000	0.0000	0.0000	1.0000	0.0000	
0.0000	0.0000	0.0054	0.0166	0.0000	0.9780	
0.0000	0.0000	0.0000	1.0000	0.0000	0.0000	
0.0000	1.0000	0.0000	0.0000	0.0000	0.0000	
1.0000	0.0000	0.0000	0.0000	0.0000	0.0000	
0.0000	0.0000	0.0000	0.0000	1.0000	0.0000	
0.0000	0.0000	0.0000	0.0000	1.0000	0.0000	
0.0000	0.0000	0.0000	0.0000	1.0000	0.0000	
0.9970	0.0000	0.0000	0.0030	0.0000	0.0000	
0.0000	0.0000	0.0000	0.0000	1.0000	0.0000	
0.0000	0.0000	0.0000	0.0000	1.0000	0.0000	
0.8134	0.0000	0.0000	0.0000	0.1866	0.0000	
0.0000	0.0000	0.0000	0.0000	1.0000	0.0000	
0.0000	0.0000	0.0000	0.0000	1.0000	0.0000	
0.3752	0.0248	0.1355	0.4644	0.0000	0.0000	
0.0000	0.0000	0.0000	0.0000	1.0000	0.0000	
0.0000	0.0000	0.0038	0.9961	0.0000	0.0000	
0.0000	0.0000	0.0000	0.0000	1.0000	0.0000	
0.0000	0.0000	0.0000	0.0057	0.9943	0.0000	
0.0000	0.0000	1.0000	0.0000	0.0000	0.0000	
0.0000	0.0000	0.0000	0.0000	1.0000	0.0000	
