DataSet 6
Learner: Baum Welch Learner
Log Likelihood: 70136.3474549490

Number of States: 50
Number of Symbols: 6
Threshold: 0.01

Initial Distribution:
0.0000	0.0000	0.0000	0.0000	0.0000	0.0000	0.3030	0.0000	0.0000	0.0000	0.0000	0.0000	0.0000	0.0000	0.4887	0.0000	0.0000	0.0000	0.0000	0.0000	0.0000	0.0000	0.0839	0.0000	0.0000	0.0000	0.0000	0.0000	0.0000	0.0000	0.1244	0.0000	0.0000	0.0000	0.0000	0.0000	0.0000	0.0000	0.0000	0.0000	0.0000	0.0000	0.0000	0.0000	0.0000	0.0000	0.0000	0.0000	0.0000	0.0000	

Transitions:
0.0000	0.0000	0.0000	0.0000	0.1958	0.0000	0.4356	0.0000	0.0000	0.0000	0.0000	0.0000	0.0000	0.0000	0.0000	0.0000	0.0000	0.0000	0.0000	0.0000	0.0000	0.0000	0.0000	0.0000	0.0000	0.0000	0.0000	0.0000	0.0000	0.0000	0.1411	0.0000	0.0000	0.0000	0.0000	0.0000	0.0000	0.0000	0.0000	0.0000	0.0000	0.0000	0.0000	0.0000	0.0000	0.0000	0.0000	0.2275	0.0000	0.0000	
0.0000	0.0000	0.0000	0.1570	0.0000	0.0000	0.0000	0.1420	0.0000	0.0001	0.0000	0.0000	0.0000	0.0000	0.0000	0.0000	0.0000	0.0000	0.0000	0.0006	0.0000	0.0000	0.0000	0.0000	0.0000	0.0000	0.0000	0.0000	0.0001	0.3207	0.0000	0.0000	0.0000	0.3782	0.0000	0.0000	0.0000	0.0000	0.0000	0.0000	0.0000	0.0013	0.0000	0.0000	0.0000	0.0000	0.0000	0.0000	0.0000	0.0000	
0.0000	0.0000	0.0000	0.0000	0.0000	0.1287	0.0000	0.0000	0.0012	0.0000	0.0863	0.0000	0.0000	0.0000	0.0000	0.2114	0.0643	0.0000	0.0000	0.0000	0.0541	0.0000	0.0000	0.0000	0.0000	0.0000	0.0017	0.0000	0.0000	0.0000	0.0000	0.2024	0.0000	0.0000	0.0010	0.2385	0.0000	0.0000	0.0000	0.0082	0.0000	0.0000	0.0019	0.0000	0.0002	0.0000	0.0000	0.0000	0.0000	0.0000	
0.0000	0.0000	0.0807	0.0092	0.0000	0.0000	0.0000	0.0675	0.0000	0.0000	0.0000	0.0000	0.1128	0.0103	0.0000	0.0000	0.0000	0.0000	0.0000	0.0000	0.0000	0.0002	0.0000	0.0000	0.0000	0.0100	0.0000	0.0000	0.0278	0.0000	0.0000	0.0000	0.0000	0.0171	0.0000	0.0000	0.0000	0.0026	0.0000	0.0000	0.0000	0.0000	0.0000	0.1552	0.0146	0.0586	0.1571	0.0000	0.0372	0.2389	
0.0000	0.0743	0.0007	0.0000	0.2936	0.0000	0.0000	0.0000	0.0063	0.0023	0.0000	0.0000	0.0000	0.0000	0.0000	0.0000	0.0000	0.0002	0.0000	0.1944	0.0274	0.0000	0.0000	0.0000	0.0000	0.0000	0.0928	0.2463	0.0000	0.0000	0.0000	0.0000	0.0000	0.0048	0.0000	0.0000	0.0552	0.0000	0.0000	0.0000	0.0000	0.0000	0.0000	0.0000	0.0019	0.0000	0.0000	0.0000	0.0000	0.0001	
0.0000	0.0000	0.0000	0.0000	0.0000	0.0002	0.0000	0.0000	0.0000	0.0000	0.0001	0.0000	0.0000	0.0000	0.0050	0.0001	0.0000	0.0000	0.0000	0.0000	0.0000	0.0000	0.0069	0.0000	0.0000	0.0000	0.0000	0.0000	0.0000	0.0000	0.0000	0.0000	0.5027	0.0000	0.0000	0.0006	0.0000	0.0000	0.0000	0.0001	0.0000	0.4841	0.0000	0.0000	0.0000	0.0000	0.0000	0.0000	0.0000	0.0000	
0.0000	0.0000	0.0000	0.0000	0.0000	0.0000	0.0000	0.0000	0.0000	0.0000	0.0000	0.0145	0.0000	0.0000	0.0000	0.0000	0.0000	0.0000	0.0126	0.1477	0.0000	0.0000	0.0000	0.0000	0.3741	0.0000	0.0000	0.0000	0.0000	0.0000	0.0000	0.0000	0.0000	0.0000	0.0000	0.0000	0.0000	0.0000	0.2130	0.0042	0.0987	0.0000	0.1351	0.0000	0.0000	0.0000	0.0000	0.0000	0.0000	0.0000	
0.0000	0.0316	0.0000	0.0000	0.0000	0.0000	0.0000	0.0079	0.0000	0.0000	0.0000	0.0000	0.0000	0.0000	0.0000	0.0000	0.0000	0.3408	0.0000	0.0001	0.0000	0.0000	0.0000	0.0000	0.0000	0.0000	0.0000	0.0000	0.0000	0.0000	0.0000	0.0000	0.0000	0.0131	0.0000	0.0000	0.0000	0.6064	0.0000	0.0000	0.0000	0.0000	0.0000	0.0000	0.0000	0.0000	0.0000	0.0000	0.0000	0.0000	
0.0000	0.0000	0.3073	0.0060	0.0000	0.0000	0.0000	0.0000	0.0024	0.0000	0.0000	0.0002	0.1444	0.0339	0.0000	0.0000	0.0000	0.0000	0.0000	0.0000	0.0559	0.2528	0.0000	0.0000	0.0000	0.0091	0.0016	0.0000	0.0149	0.0000	0.0000	0.0000	0.0000	0.0000	0.0000	0.0000	0.0000	0.0000	0.0000	0.0000	0.0000	0.0000	0.0000	0.0597	0.0082	0.0000	0.0002	0.0000	0.0018	0.1017	
0.0000	0.0078	0.0000	0.0000	0.0000	0.0000	0.0007	0.0000	0.0000	0.0000	0.0000	0.0000	0.0000	0.0000	0.0000	0.0000	0.0000	0.2914	0.0000	0.0000	0.0000	0.0002	0.0000	0.0000	0.0000	0.0000	0.0000	0.0000	0.0000	0.0000	0.0023	0.0000	0.0000	0.0000	0.0000	0.0000	0.0000	0.6890	0.0000	0.0000	0.0000	0.0001	0.0000	0.0000	0.0000	0.0000	0.0000	0.0086	0.0000	0.0000	
0.0000	0.0000	0.0000	0.0000	0.0000	0.0001	0.0000	0.0000	0.0000	0.0000	0.0000	0.0000	0.0000	0.0000	0.0002	0.0001	0.0000	0.0000	0.0000	0.0000	0.0000	0.0000	0.0053	0.0000	0.0000	0.0000	0.0000	0.0000	0.0000	0.0000	0.0000	0.0000	0.7053	0.0000	0.0000	0.0001	0.0000	0.0000	0.0000	0.0000	0.0000	0.2887	0.0000	0.0000	0.0000	0.0000	0.0000	0.0000	0.0000	0.0000	
0.0000	0.0000	0.0000	0.0000	0.0000	0.0000	0.0000	0.0000	0.0000	0.0006	0.0000	0.0204	0.0000	0.0000	0.0000	0.0000	0.0000	0.0000	0.0005	0.1918	0.0000	0.0000	0.0000	0.0000	0.2715	0.0000	0.0000	0.0000	0.0000	0.0000	0.0000	0.0000	0.0000	0.0000	0.0000	0.0000	0.0000	0.0000	0.0043	0.0005	0.3547	0.0000	0.1557	0.0000	0.0000	0.0000	0.0000	0.0000	0.0000	0.0000	
0.0000	0.0000	0.0000	0.0000	0.0000	0.0468	0.0000	0.0000	0.0010	0.0000	0.0694	0.0000	0.0000	0.0000	0.0000	0.0197	0.2262	0.0000	0.0000	0.0000	0.2607	0.0000	0.0000	0.0000	0.0000	0.0000	0.0034	0.0000	0.0000	0.0000	0.0000	0.0042	0.0000	0.0000	0.0326	0.3313	0.0000	0.0000	0.0000	0.0025	0.0000	0.0000	0.0022	0.0000	0.0000	0.0000	0.0000	0.0000	0.0000	0.0000	
0.0000	0.0000	0.0795	0.0000	0.0000	0.0000	0.0000	0.0240	0.0000	0.0000	0.0000	0.0000	0.0079	0.0000	0.0000	0.0000	0.0000	0.0000	0.0000	0.0000	0.0000	0.0000	0.0000	0.0000	0.0000	0.0024	0.0000	0.0000	0.0000	0.0000	0.0000	0.0000	0.0000	0.0000	0.0000	0.0000	0.0000	0.0001	0.0000	0.0000	0.0000	0.0000	0.0000	0.0022	0.0352	0.5412	0.2990	0.0000	0.0004	0.0081	
0.0000	0.0000	0.0294	0.0218	0.0000	0.0000	0.0000	0.0000	0.0001	0.0000	0.0000	0.0000	0.0555	0.0378	0.0000	0.0000	0.0000	0.0000	0.0000	0.0000	0.0187	0.4745	0.0000	0.0000	0.0000	0.0097	0.0001	0.0000	0.1194	0.0000	0.0000	0.0000	0.0000	0.0000	0.0000	0.0000	0.0000	0.0000	0.0000	0.0000	0.0000	0.0000	0.0000	0.0936	0.0078	0.0000	0.0048	0.0000	0.0062	0.1205	
0.0000	0.0000	0.0000	0.0000	0.0000	0.0002	0.0000	0.0000	0.0000	0.0000	0.0000	0.0000	0.0000	0.0000	0.0017	0.0006	0.0000	0.0000	0.0000	0.0000	0.0000	0.0000	0.0174	0.0000	0.0000	0.0000	0.0000	0.0000	0.0000	0.0000	0.0000	0.0000	0.4150	0.0000	0.0000	0.0004	0.0000	0.0000	0.0000	0.0001	0.0000	0.5645	0.0000	0.0000	0.0001	0.0000	0.0000	0.0000	0.0000	0.0000	
0.0000	0.0000	0.0000	0.0000	0.0000	0.0084	0.0000	0.0000	0.0005	0.0000	0.0856	0.0000	0.0000	0.0000	0.0000	0.1144	0.1811	0.0000	0.0000	0.0000	0.2339	0.0000	0.0000	0.0000	0.0000	0.0000	0.0004	0.0000	0.0000	0.0000	0.0000	0.0651	0.0000	0.0000	0.0087	0.2947	0.0000	0.0000	0.0000	0.0039	0.0000	0.0000	0.0034	0.0000	0.0000	0.0000	0.0000	0.0000	0.0000	0.0000	
0.4536	0.0000	0.0000	0.0000	0.0000	0.0000	0.0000	0.0000	0.0000	0.0002	0.0000	0.0000	0.0000	0.0000	0.0000	0.0000	0.0000	0.2987	0.0000	0.0616	0.0000	0.0000	0.0000	0.1858	0.0000	0.0000	0.0000	0.0000	0.0000	0.0000	0.0000	0.0000	0.0000	0.0000	0.0000	0.0000	0.0000	0.0000	0.0000	0.0000	0.0000	0.0000	0.0000	0.0000	0.0000	0.0000	0.0000	0.0000	0.0000	0.0000	
0.0000	0.0000	0.0000	0.0000	0.0000	0.0000	0.6469	0.0000	0.0000	0.0000	0.0000	0.0000	0.0000	0.0000	0.0223	0.0000	0.0000	0.0000	0.0000	0.0000	0.0000	0.0000	0.0315	0.0000	0.0000	0.0000	0.0000	0.0000	0.0000	0.0000	0.2936	0.0000	0.0000	0.0000	0.0000	0.0000	0.0000	0.0000	0.0000	0.0000	0.0000	0.0000	0.0000	0.0000	0.0000	0.0000	0.0000	0.0057	0.0000	0.0000	
0.0000	0.0556	0.0000	0.0001	0.0000	0.0000	0.0000	0.0027	0.0000	0.0000	0.0000	0.0000	0.0000	0.0000	0.0000	0.0000	0.0000	0.3823	0.0000	0.0000	0.0000	0.0000	0.0000	0.0000	0.0000	0.0000	0.0000	0.0000	0.0000	0.0000	0.0000	0.0000	0.0000	0.0000	0.0000	0.0000	0.0000	0.5584	0.0000	0.0000	0.0000	0.0008	0.0000	0.0000	0.0000	0.0000	0.0000	0.0000	0.0000	0.0000	
0.0000	0.0000	0.0766	0.0281	0.0000	0.0000	0.0000	0.0000	0.0000	0.0000	0.0000	0.0001	0.1869	0.0340	0.0000	0.0000	0.0000	0.0000	0.0000	0.0000	0.0109	0.4260	0.0000	0.0000	0.0000	0.0098	0.0000	0.0000	0.1260	0.0000	0.0000	0.0000	0.0000	0.0000	0.0000	0.0000	0.0000	0.0000	0.0000	0.0000	0.0000	0.0000	0.0000	0.0594	0.0161	0.0000	0.0074	0.0000	0.0004	0.0181	
0.0000	0.0000	0.0000	0.0000	0.0000	0.0000	0.0000	0.0000	0.0000	0.0000	0.0000	0.0212	0.0000	0.0000	0.0000	0.0000	0.0000	0.0000	0.0116	0.1387	0.0000	0.0000	0.0000	0.0000	0.2832	0.0000	0.0000	0.0000	0.0000	0.0000	0.0000	0.0000	0.0000	0.0000	0.0000	0.0000	0.0000	0.0000	0.1110	0.0047	0.2674	0.0000	0.1623	0.0000	0.0000	0.0000	0.0000	0.0000	0.0000	0.0000	
0.0000	0.0000	0.0842	0.0437	0.0000	0.0000	0.0000	0.0000	0.0001	0.0000	0.0000	0.0000	0.1767	0.0276	0.0000	0.0000	0.0000	0.0000	0.0000	0.0000	0.0042	0.2214	0.0000	0.0000	0.0000	0.0151	0.0000	0.0000	0.0733	0.0000	0.0000	0.0000	0.0000	0.0000	0.0000	0.0000	0.0000	0.0000	0.0000	0.0000	0.0000	0.0000	0.0000	0.1611	0.0343	0.0000	0.0056	0.0000	0.0200	0.1327	
0.0000	0.0000	0.0000	0.0000	0.0523	0.0000	0.0000	0.0000	0.0133	0.0000	0.0000	0.0000	0.0000	0.0000	0.0000	0.0000	0.0000	0.0000	0.0000	0.0000	0.4759	0.0000	0.0000	0.0000	0.0000	0.0000	0.0025	0.0000	0.0000	0.0000	0.0000	0.0000	0.0000	0.0000	0.0000	0.0000	0.4560	0.0000	0.0000	0.0000	0.0000	0.0000	0.0000	0.0000	0.0000	0.0000	0.0000	0.0000	0.0000	0.0000	
0.0000	0.0000	0.0000	0.0000	0.0000	0.0411	0.0000	0.0000	0.0072	0.0000	0.0530	0.0000	0.0000	0.0000	0.0000	0.0777	0.0795	0.0000	0.0000	0.0000	0.2091	0.0000	0.0000	0.0000	0.0000	0.0000	0.0015	0.0000	0.0000	0.0000	0.0000	0.1519	0.0000	0.0000	0.0117	0.3642	0.0000	0.0000	0.0000	0.0004	0.0000	0.0000	0.0026	0.0000	0.0000	0.0000	0.0000	0.0000	0.0000	0.0000	
0.0000	0.0000	0.0001	0.0000	0.0000	0.0517	0.0000	0.0000	0.0037	0.0000	0.0078	0.0000	0.0000	0.0000	0.0000	0.0314	0.1066	0.0000	0.0000	0.0000	0.1997	0.0000	0.0000	0.0000	0.0000	0.0000	0.0060	0.0000	0.0000	0.0000	0.0000	0.4033	0.0000	0.0000	0.0458	0.1283	0.0000	0.0000	0.0000	0.0135	0.0000	0.0000	0.0013	0.0000	0.0009	0.0000	0.0000	0.0000	0.0000	0.0000	
0.0000	0.0000	0.0792	0.0775	0.0000	0.0000	0.0000	0.0000	0.0000	0.0000	0.0000	0.0000	0.0743	0.0300	0.0000	0.0000	0.0000	0.0185	0.0000	0.0000	0.0001	0.3717	0.0000	0.0000	0.0000	0.0020	0.0000	0.0000	0.0897	0.0000	0.0000	0.0000	0.0000	0.0000	0.0000	0.0000	0.0000	0.0000	0.0000	0.0000	0.0000	0.0000	0.0000	0.0906	0.0138	0.0000	0.0055	0.0000	0.0209	0.1260	
0.4878	0.0000	0.0000	0.0037	0.0000	0.0268	0.0000	0.0000	0.0000	0.0000	0.0718	0.0000	0.0000	0.0000	0.0000	0.0443	0.0000	0.0000	0.0000	0.0000	0.0000	0.0000	0.0000	0.0000	0.0000	0.0000	0.0000	0.0000	0.0000	0.0000	0.0000	0.0000	0.0000	0.1232	0.0000	0.1020	0.0000	0.0358	0.0000	0.0001	0.0000	0.0000	0.0000	0.0000	0.0000	0.1045	0.0000	0.0000	0.0000	0.0000	
0.0000	0.0000	0.0334	0.0041	0.0000	0.0000	0.0000	0.3149	0.0000	0.0000	0.0000	0.0000	0.0009	0.0000	0.0000	0.0000	0.0000	0.0000	0.0000	0.0000	0.0000	0.0000	0.0000	0.0000	0.0000	0.0062	0.0000	0.0000	0.0000	0.0000	0.0000	0.0000	0.0000	0.0004	0.0000	0.0000	0.0000	0.0003	0.0000	0.0000	0.0000	0.0000	0.0000	0.1249	0.0140	0.0031	0.1743	0.0000	0.0462	0.2773	
0.0000	0.0000	0.0000	0.0000	0.0000	0.0000	0.5905	0.0000	0.0000	0.0000	0.0000	0.0000	0.0000	0.0000	0.0000	0.0000	0.0000	0.0000	0.0000	0.0000	0.0000	0.0000	0.0000	0.0000	0.0000	0.0000	0.0000	0.0000	0.0000	0.0000	0.3692	0.0000	0.0000	0.0381	0.0000	0.0000	0.0000	0.0012	0.0000	0.0000	0.0000	0.0001	0.0000	0.0000	0.0000	0.0000	0.0000	0.0009	0.0000	0.0000	
0.0000	0.0000	0.0000	0.0000	0.0000	0.0000	0.0000	0.0000	0.0000	0.0000	0.0000	0.0427	0.0000	0.0000	0.0000	0.0000	0.0000	0.0000	0.0024	0.1176	0.0000	0.0000	0.0000	0.0000	0.0811	0.0000	0.0000	0.0000	0.0000	0.0000	0.0000	0.0000	0.0000	0.0000	0.0000	0.0000	0.0000	0.0000	0.2166	0.0061	0.3222	0.0000	0.2112	0.0000	0.0000	0.0000	0.0000	0.0000	0.0000	0.0000	
0.0000	0.0000	0.0000	0.0000	0.0000	0.0319	0.0000	0.0000	0.0084	0.0000	0.0410	0.0000	0.0000	0.0000	0.0000	0.1528	0.2061	0.0000	0.0000	0.0000	0.2064	0.0000	0.0000	0.0000	0.0000	0.0000	0.0009	0.0000	0.0000	0.0000	0.0000	0.0208	0.0000	0.0000	0.0155	0.3154	0.0000	0.0000	0.0000	0.0004	0.0000	0.0000	0.0005	0.0000	0.0000	0.0000	0.0000	0.0000	0.0000	0.0000	
0.0000	0.0000	0.1358	0.0004	0.0000	0.0000	0.0000	0.2242	0.0000	0.0000	0.0000	0.0000	0.0696	0.0000	0.0000	0.0000	0.0000	0.0000	0.0000	0.0000	0.0000	0.0000	0.0000	0.0000	0.0000	0.0245	0.0000	0.0000	0.0000	0.0000	0.0000	0.0000	0.0000	0.0000	0.0000	0.0000	0.0000	0.0000	0.0000	0.0000	0.0000	0.0000	0.0000	0.0079	0.0949	0.1501	0.2136	0.0000	0.0659	0.0130	
0.0047	0.0000	0.0000	0.0000	0.0000	0.0000	0.0000	0.0001	0.0000	0.0009	0.0000	0.0426	0.0000	0.0021	0.0000	0.0000	0.0000	0.0000	0.0323	0.0975	0.0001	0.0358	0.0000	0.0000	0.2700	0.0000	0.0000	0.0000	0.0000	0.0000	0.0000	0.0000	0.0000	0.0000	0.0000	0.0000	0.0000	0.0000	0.2488	0.0038	0.1660	0.0000	0.0954	0.0000	0.0000	0.0000	0.0000	0.0000	0.0000	0.0000	
0.0000	0.0000	0.0000	0.0000	0.0000	0.0385	0.0000	0.0000	0.0193	0.0000	0.1644	0.0000	0.0000	0.0000	0.0000	0.1441	0.0211	0.0000	0.0000	0.0000	0.3002	0.0000	0.0000	0.0000	0.0000	0.0000	0.0068	0.0000	0.0000	0.0000	0.0000	0.0216	0.0000	0.0000	0.0306	0.2458	0.0000	0.0000	0.0000	0.0032	0.0000	0.0000	0.0042	0.0000	0.0000	0.0000	0.0000	0.0000	0.0000	0.0000	
0.0000	0.0000	0.0000	0.0000	0.0000	0.0001	0.0000	0.0000	0.0000	0.0000	0.0000	0.0000	0.0000	0.0000	0.0081	0.0002	0.0000	0.0000	0.0000	0.0000	0.0000	0.0000	0.0262	0.0000	0.0000	0.0000	0.0000	0.0000	0.0000	0.0000	0.0000	0.0000	0.4110	0.0000	0.0000	0.0000	0.0000	0.0000	0.0000	0.0000	0.0000	0.5541	0.0000	0.0000	0.0000	0.0000	0.0000	0.0000	0.0000	0.0000	
1.0000	0.0000	0.0000	0.0000	0.0000	0.0000	0.0000	0.0000	0.0000	0.0000	0.0000	0.0000	0.0000	0.0000	0.0000	0.0000	0.0000	0.0000	0.0000	0.0000	0.0000	0.0000	0.0000	0.0000	0.0000	0.0000	0.0000	0.0000	0.0000	0.0000	0.0000	0.0000	0.0000	0.0000	0.0000	0.0000	0.0000	0.0000	0.0000	0.0000	0.0000	0.0000	0.0000	0.0000	0.0000	0.0000	0.0000	0.0000	0.0000	0.0000	
0.0148	0.0000	0.0000	0.0000	0.0004	0.0000	0.0334	0.0000	0.0069	0.3175	0.0002	0.0000	0.0000	0.0008	0.0446	0.0000	0.0000	0.0342	0.0000	0.3202	0.0047	0.0000	0.0416	0.0000	0.0000	0.0000	0.0016	0.0000	0.0010	0.0000	0.0023	0.0000	0.0000	0.1561	0.0000	0.0000	0.0000	0.0025	0.0009	0.0000	0.0000	0.0000	0.0004	0.0000	0.0000	0.0000	0.0000	0.0156	0.0000	0.0000	
0.0000	0.0000	0.0000	0.0000	0.0000	0.0000	0.3252	0.0000	0.0000	0.0000	0.0000	0.0000	0.0000	0.0000	0.4005	0.0000	0.0000	0.0000	0.0000	0.0000	0.0000	0.0000	0.0793	0.0000	0.0000	0.0000	0.0000	0.0000	0.0000	0.0000	0.1935	0.0000	0.0000	0.0000	0.0000	0.0000	0.0000	0.0000	0.0000	0.0000	0.0000	0.0000	0.0000	0.0000	0.0000	0.0000	0.0000	0.0015	0.0000	0.0000	
0.0000	0.0000	0.0000	0.0000	0.0000	0.0000	0.0000	0.0000	0.0000	0.0000	0.0000	0.0000	0.0000	0.0000	0.5449	0.0002	0.0000	0.0000	0.0000	0.0000	0.0000	0.0000	0.4158	0.0000	0.0000	0.0000	0.0000	0.0000	0.0000	0.0000	0.0000	0.0000	0.0381	0.0000	0.0000	0.0001	0.0000	0.0000	0.0000	0.0000	0.0000	0.0000	0.0000	0.0000	0.0000	0.0000	0.0000	0.0000	0.0008	0.0000	
0.0000	0.0000	0.0000	0.0000	0.0000	0.0000	0.4324	0.0000	0.0000	0.0000	0.0000	0.0000	0.0000	0.0000	0.3645	0.0000	0.0000	0.0000	0.0000	0.0000	0.0000	0.0000	0.0249	0.0000	0.0000	0.0000	0.0000	0.0000	0.0000	0.0000	0.1775	0.0000	0.0000	0.0000	0.0000	0.0000	0.0000	0.0000	0.0000	0.0000	0.0000	0.0000	0.0000	0.0000	0.0000	0.0000	0.0000	0.0007	0.0000	0.0000	
0.0000	0.0000	0.0000	0.0000	0.0638	0.0000	0.0000	0.0000	0.0010	0.0000	0.0000	0.0000	0.0000	0.0000	0.0000	0.0000	0.0000	0.0000	0.0000	0.0000	0.5264	0.0000	0.0000	0.0000	0.0000	0.0000	0.0004	0.0000	0.0000	0.0000	0.0000	0.0000	0.0000	0.0000	0.0000	0.0000	0.4084	0.0000	0.0000	0.0000	0.0000	0.0000	0.0000	0.0000	0.0000	0.0000	0.0000	0.0000	0.0000	0.0000	
0.0000	0.0000	0.0000	0.0000	0.0000	0.0000	0.0458	0.0000	0.0000	0.0000	0.0000	0.0000	0.0000	0.0000	0.6241	0.0000	0.0000	0.0000	0.0000	0.0000	0.0000	0.0000	0.3165	0.0000	0.0000	0.0000	0.0000	0.0000	0.0000	0.0000	0.0132	0.0000	0.0000	0.0000	0.0000	0.0000	0.0000	0.0000	0.0000	0.0000	0.0000	0.0000	0.0000	0.0000	0.0000	0.0000	0.0000	0.0004	0.0000	0.0000	
0.0000	0.0000	0.0000	0.0000	0.0000	0.0120	0.0000	0.0000	0.0122	0.0000	0.0479	0.0000	0.0000	0.0000	0.0000	0.1066	0.0248	0.0000	0.0000	0.0000	0.4206	0.0000	0.0000	0.0000	0.0000	0.0000	0.0050	0.0000	0.0000	0.0000	0.0000	0.0319	0.0000	0.0000	0.0239	0.3070	0.0000	0.0000	0.0000	0.0037	0.0000	0.0000	0.0044	0.0000	0.0000	0.0000	0.0000	0.0000	0.0000	0.0000	
0.0000	0.0000	0.0001	0.0000	0.0000	0.0863	0.0000	0.0000	0.0045	0.0000	0.0996	0.0000	0.0000	0.0000	0.0000	0.2646	0.0058	0.0000	0.0000	0.0000	0.0263	0.0000	0.0000	0.0000	0.0000	0.0000	0.0017	0.0000	0.0000	0.0000	0.0000	0.0906	0.0000	0.0000	0.0155	0.3794	0.0000	0.0000	0.0000	0.0241	0.0000	0.0000	0.0002	0.0000	0.0013	0.0000	0.0000	0.0000	0.0000	0.0000	
0.0000	0.0000	0.0000	0.0000	0.1697	0.0000	0.4233	0.0000	0.0000	0.0000	0.0000	0.0000	0.0000	0.0000	0.0000	0.0000	0.0000	0.0000	0.0000	0.0000	0.0000	0.0000	0.0000	0.0000	0.0000	0.0000	0.0000	0.0000	0.0000	0.0000	0.1666	0.0000	0.0000	0.0000	0.0000	0.0000	0.0000	0.0000	0.0000	0.0000	0.0000	0.0000	0.0000	0.0000	0.0000	0.0000	0.0000	0.2404	0.0000	0.0000	
0.0000	0.0000	0.0032	0.0000	0.0000	0.0179	0.0000	0.0000	0.0000	0.0000	0.0000	0.0000	0.0004	0.0000	0.0000	0.2219	0.0000	0.0000	0.0000	0.0000	0.0000	0.0000	0.0000	0.0000	0.0000	0.0000	0.0000	0.0000	0.0000	0.0000	0.0000	0.0000	0.0000	0.3263	0.0000	0.1308	0.0000	0.0000	0.0000	0.0002	0.0000	0.0000	0.0002	0.0004	0.0027	0.2954	0.0000	0.0000	0.0000	0.0004	
0.0000	0.0000	0.0000	0.0000	0.0000	0.0000	0.0000	0.0000	0.0000	0.0001	0.0000	0.0148	0.0000	0.0000	0.0000	0.0000	0.0000	0.0000	0.0184	0.1245	0.0000	0.0000	0.0000	0.0000	0.2140	0.0000	0.0000	0.0000	0.0000	0.0000	0.0000	0.0000	0.0000	0.0000	0.0000	0.0000	0.0000	0.0000	0.0178	0.0037	0.4291	0.0000	0.1775	0.0000	0.0000	0.0000	0.0000	0.0000	0.0000	0.0000	
0.0000	0.0000	0.0004	0.0000	0.0000	0.0106	0.0000	0.0000	0.0340	0.0000	0.0450	0.0000	0.0000	0.0000	0.0000	0.0293	0.0281	0.0000	0.0000	0.0000	0.6847	0.0000	0.0000	0.0000	0.0000	0.0000	0.0119	0.0000	0.0000	0.0000	0.0000	0.0397	0.0000	0.0000	0.1037	0.0091	0.0000	0.0000	0.0000	0.0004	0.0000	0.0000	0.0007	0.0000	0.0021	0.0000	0.0000	0.0000	0.0000	0.0000	
0.0000	0.0000	0.0000	0.0000	0.0000	0.0504	0.0000	0.0000	0.0165	0.0000	0.0560	0.0000	0.0000	0.0000	0.0000	0.0686	0.0219	0.0000	0.0000	0.0000	0.0565	0.0000	0.0000	0.0000	0.0000	0.0000	0.0017	0.0000	0.0000	0.0000	0.0000	0.2935	0.0000	0.0000	0.0154	0.4179	0.0000	0.0000	0.0000	0.0011	0.0000	0.0000	0.0007	0.0000	0.0000	0.0000	0.0000	0.0000	0.0000	0.0000	

Emissions
0.0000	0.0000	0.0000	0.0000	0.0000	1.0000	
0.0000	0.0000	0.0000	0.0002	0.1874	0.8125	
0.0000	0.0000	0.0000	0.0000	1.0000	0.0000	
0.0241	0.0000	0.0000	0.9759	0.0000	0.0000	
0.0000	0.0000	0.0000	0.0000	0.0000	1.0000	
0.0000	0.0000	0.0000	0.0000	1.0000	0.0000	
0.0000	1.0000	0.0000	0.0000	0.0000	0.0000	
0.0000	0.0000	0.9845	0.0155	0.0000	0.0000	
1.0000	0.0000	0.0000	0.0000	0.0000	0.0000	
0.0001	0.0000	0.0000	0.0000	0.3679	0.6321	
0.0000	0.0000	0.0000	0.0000	1.0000	0.0000	
1.0000	0.0000	0.0000	0.0000	0.0000	0.0000	
0.0000	0.0000	0.0000	0.0000	1.0000	0.0000	
0.9495	0.0000	0.0000	0.0505	0.0000	0.0000	
0.0000	0.0000	0.0000	0.0000	1.0000	0.0000	
0.0000	0.0000	0.0000	0.0000	1.0000	0.0000	
0.0000	1.0000	0.0000	0.0000	0.0000	0.0000	
0.9577	0.0423	0.0000	0.0000	0.0000	0.0000	
0.0000	0.0000	0.0000	0.0000	1.0000	0.0000	
0.0000	0.0000	0.0000	0.0000	0.0000	1.0000	
1.0000	0.0000	0.0000	0.0000	0.0000	0.0000	
0.0001	0.0000	0.9999	0.0000	0.0000	0.0000	
0.0000	0.0000	0.0000	0.0000	1.0000	0.0000	
0.0000	1.0000	0.0000	0.0000	0.0000	0.0000	
0.0000	0.0000	1.0000	0.0000	0.0000	0.0000	
0.0000	0.0000	0.0000	0.0004	0.9995	0.0000	
1.0000	0.0000	0.0000	0.0000	0.0000	0.0000	
0.0000	0.0000	0.0000	0.0000	0.9998	0.0002	
0.7136	0.0000	0.0000	0.2864	0.0000	0.0000	
0.0000	0.0000	1.0000	0.0000	0.0000	0.0000	
0.0000	1.0000	0.0000	0.0000	0.0000	0.0000	
0.0000	1.0000	0.0000	0.0000	0.0000	0.0000	
0.0000	0.0000	0.0000	0.0000	1.0000	0.0000	
0.0000	0.0000	0.0000	0.9999	0.0000	0.0000	
0.0000	1.0000	0.0000	0.0000	0.0000	0.0000	
0.0000	0.0000	0.0000	0.0000	1.0000	0.0000	
0.0000	0.0000	0.0000	0.0000	1.0000	0.0000	
0.0000	0.0006	0.1819	0.8175	0.0000	0.0000	
0.0000	0.0000	0.0000	0.0000	1.0000	0.0000	
0.0000	0.0000	0.0000	0.0000	1.0000	0.0000	
0.0000	0.0000	0.0000	0.0000	1.0000	0.0000	
0.0000	0.0000	0.0000	1.0000	0.0000	0.0000	
0.0000	0.0000	0.0000	0.0000	1.0000	0.0000	
0.0000	0.0000	0.0000	0.0000	1.0000	0.0000	
0.0000	0.0000	0.0000	0.0000	1.0000	0.0000	
0.0000	1.0000	0.0000	0.0000	0.0000	0.0000	
0.0000	0.0000	0.0000	1.0000	0.0000	0.0000	
0.0000	0.6647	0.0000	0.0000	0.3353	0.0000	
0.0000	0.0000	0.0000	0.0000	1.0000	0.0000	
0.0000	0.0000	0.0000	0.0000	1.0000	0.0000	
