DataSet 6
Learner: Baum Welch Learner
Log Likelihood: 69620.1825768884

Number of States: 70
Number of Symbols: 6
Threshold: 0.01

Initial Distribution:
0.0000	0.0000	0.0000	0.0000	0.0000	0.0000	0.0000	0.0000	0.0000	0.0000	0.0000	0.0000	0.2459	0.0424	0.0000	0.0000	0.0000	0.0000	0.0000	0.0000	0.0000	0.0000	0.0000	0.0000	0.0000	0.0000	0.0000	0.0000	0.0000	0.0000	0.0000	0.0000	0.0000	0.0000	0.0000	0.0000	0.0085	0.0000	0.0000	0.0000	0.0000	0.0019	0.0000	0.0000	0.0000	0.0000	0.0010	0.0000	0.0000	0.0000	0.0000	0.0000	0.0000	0.0000	0.0000	0.0000	0.0000	0.0000	0.0000	0.1375	0.0000	0.0000	0.0000	0.5627	0.0000	0.0000	0.0000	0.0000	0.0000	0.0000	

Transitions:
0.0000	0.0125	0.0000	0.0000	0.0331	0.0000	0.0000	0.0000	0.0000	0.0000	0.0000	0.0000	0.0000	0.0000	0.0707	0.0000	0.0000	0.0137	0.2477	0.0000	0.3911	0.0001	0.0178	0.0000	0.0000	0.0000	0.0000	0.0097	0.0000	0.0003	0.0175	0.0000	0.0000	0.0000	0.0001	0.0000	0.0000	0.0000	0.0000	0.0040	0.0035	0.0000	0.0014	0.0000	0.0820	0.0000	0.0000	0.0000	0.0000	0.0000	0.0000	0.0000	0.0000	0.0000	0.0000	0.0577	0.0003	0.0000	0.0000	0.0000	0.0000	0.0000	0.0000	0.0000	0.0003	0.0000	0.0011	0.0355	0.0000	0.0000	
0.0000	0.0001	0.0000	0.0000	0.0004	0.0000	0.0000	0.0000	0.0031	0.0000	0.0000	0.0000	0.0000	0.0000	0.0000	0.0000	0.0000	0.0000	0.0001	0.2017	0.0000	0.0000	0.0000	0.0000	0.0000	0.0058	0.0000	0.0000	0.0000	0.0005	0.0000	0.0000	0.0000	0.0000	0.0000	0.0000	0.0042	0.0000	0.0000	0.0004	0.0000	0.0000	0.0000	0.0000	0.0000	0.0000	0.2689	0.0000	0.0736	0.0000	0.0000	0.0240	0.0000	0.0000	0.0000	0.0000	0.0001	0.0000	0.0000	0.0000	0.0000	0.0000	0.0000	0.0062	0.0000	0.0000	0.0000	0.0000	0.0000	0.4111	
0.0000	0.0000	0.0000	0.0302	0.0000	0.0000	0.0000	0.0000	0.0000	0.0000	0.0000	0.0000	0.0000	0.0000	0.0000	0.0000	0.1949	0.0000	0.0000	0.0000	0.0000	0.1569	0.0000	0.0000	0.0000	0.0000	0.0000	0.0000	0.0000	0.0000	0.0069	0.0000	0.0006	0.1049	0.0000	0.0000	0.0000	0.0000	0.1449	0.0000	0.0500	0.0000	0.0000	0.0210	0.0000	0.0167	0.0000	0.0028	0.0000	0.0000	0.2702	0.0000	0.0000	0.0000	0.0000	0.0000	0.0000	0.0000	0.0000	0.0000	0.0000	0.0000	0.0000	0.0000	0.0000	0.0000	0.0000	0.0000	0.0000	0.0000	
0.0000	0.0000	0.0000	0.0000	0.0000	0.0000	0.0000	0.0000	0.0000	0.0000	0.0000	0.0000	0.4580	0.0574	0.0000	0.0000	0.0000	0.0000	0.0000	0.0000	0.0000	0.0000	0.0000	0.0000	0.0000	0.0000	0.0000	0.0000	0.0000	0.0000	0.0000	0.0000	0.0000	0.0000	0.0000	0.0000	0.0129	0.0000	0.0000	0.0000	0.0000	0.0939	0.0000	0.0000	0.0000	0.0000	0.0082	0.0000	0.0000	0.0000	0.0000	0.0000	0.0000	0.0000	0.0000	0.0000	0.0000	0.0000	0.0000	0.0461	0.0000	0.0000	0.0000	0.3234	0.0002	0.0000	0.0000	0.0000	0.0000	0.0000	
0.0001	0.0006	0.0000	0.0000	0.0005	0.0000	0.0000	0.0000	0.0432	0.0002	0.0000	0.0000	0.0000	0.0000	0.0003	0.0000	0.0000	0.0000	0.0002	0.2217	0.0000	0.0000	0.0000	0.0001	0.0000	0.0547	0.0000	0.0004	0.0000	0.0164	0.0000	0.0000	0.0000	0.0000	0.0001	0.0000	0.0032	0.0000	0.0000	0.0005	0.0000	0.0000	0.0000	0.0000	0.0000	0.0000	0.0012	0.0000	0.3887	0.0000	0.0000	0.0173	0.0000	0.0000	0.0000	0.0000	0.0032	0.0003	0.0000	0.0000	0.0000	0.0000	0.0000	0.0022	0.0000	0.0000	0.0000	0.0000	0.0000	0.2447	
0.0000	0.0000	0.0000	0.0000	0.0000	0.0000	0.0000	0.0000	0.0000	0.0000	0.0000	0.0000	0.0000	0.0000	0.0000	1.0000	0.0000	0.0000	0.0000	0.0000	0.0000	0.0000	0.0000	0.0000	0.0000	0.0000	0.0000	0.0000	0.0000	0.0000	0.0000	0.0000	0.0000	0.0000	0.0000	0.0000	0.0000	0.0000	0.0000	0.0000	0.0000	0.0000	0.0000	0.0000	0.0000	0.0000	0.0000	0.0000	0.0000	0.0000	0.0000	0.0000	0.0000	0.0000	0.0000	0.0000	0.0000	0.0000	0.0000	0.0000	0.0000	0.0000	0.0000	0.0000	0.0000	0.0000	0.0000	0.0000	0.0000	0.0000	
0.0204	0.0206	0.0000	0.0000	0.0088	0.0000	0.0451	0.0746	0.0013	0.0408	0.0424	0.1653	0.0000	0.0000	0.0569	0.0000	0.0000	0.0000	0.0549	0.0000	0.0000	0.0000	0.0000	0.0389	0.0000	0.0021	0.0241	0.0008	0.0000	0.0154	0.0000	0.0000	0.0000	0.0000	0.0067	0.0024	0.0001	0.0143	0.0000	0.0001	0.0000	0.0000	0.0000	0.0000	0.0000	0.0000	0.0000	0.0000	0.0000	0.1783	0.0000	0.0000	0.0000	0.0026	0.0000	0.0000	0.0012	0.0239	0.1052	0.0000	0.0008	0.0185	0.0254	0.0077	0.0000	0.0000	0.0000	0.0000	0.0000	0.0000	
0.0000	0.1517	0.0000	0.0000	0.0066	0.0000	0.0000	0.0000	0.0000	0.0000	0.0000	0.0000	0.0000	0.0000	0.0428	0.0000	0.0000	0.0018	0.3087	0.0000	0.1500	0.0001	0.0305	0.0000	0.0000	0.0000	0.0000	0.0051	0.0000	0.0000	0.0123	0.0000	0.0000	0.0000	0.0000	0.0000	0.0000	0.0000	0.0000	0.0089	0.0240	0.0000	0.0000	0.0000	0.1716	0.0000	0.0000	0.0000	0.0000	0.0000	0.0000	0.0000	0.0000	0.0000	0.0000	0.0045	0.0005	0.0000	0.0000	0.0000	0.0000	0.0000	0.0000	0.0000	0.0071	0.0000	0.0000	0.0736	0.0000	0.0000	
0.0340	0.0012	0.0000	0.0000	0.0007	0.0000	0.0014	0.0295	0.0250	0.0552	0.0467	0.0053	0.0000	0.0000	0.0002	0.0000	0.0000	0.0000	0.0003	0.0000	0.0000	0.0000	0.0000	0.0813	0.0000	0.0194	0.1187	0.0225	0.0000	0.0733	0.0003	0.0000	0.0000	0.0000	0.0148	0.0081	0.0001	0.0000	0.0000	0.0006	0.0000	0.0000	0.0000	0.0000	0.0000	0.0000	0.0000	0.0000	0.0000	0.0023	0.0000	0.0000	0.0000	0.0131	0.0000	0.0028	0.0519	0.0213	0.0000	0.0000	0.0000	0.3585	0.0114	0.0000	0.0000	0.0000	0.0000	0.0000	0.0000	0.0000	
0.0000	0.1698	0.0000	0.0000	0.0457	0.0000	0.0000	0.0000	0.0000	0.0000	0.0000	0.0000	0.0000	0.0000	0.0268	0.0000	0.0000	0.0000	0.2069	0.0000	0.0007	0.0002	0.0198	0.0000	0.0000	0.0003	0.0000	0.0166	0.0000	0.0078	0.0132	0.0000	0.0000	0.0000	0.0003	0.0000	0.0000	0.0000	0.0000	0.2978	0.0038	0.0001	0.0000	0.0000	0.0001	0.0000	0.0000	0.0000	0.0000	0.0000	0.0000	0.0000	0.0000	0.0000	0.0000	0.0003	0.0312	0.0000	0.0000	0.0000	0.0000	0.0000	0.0000	0.0000	0.1463	0.0000	0.0000	0.0121	0.0000	0.0000	
0.0000	0.0489	0.0000	0.0000	0.0013	0.0000	0.0000	0.0000	0.0000	0.0000	0.0000	0.0000	0.0000	0.0000	0.0315	0.0000	0.0000	0.0009	0.2633	0.0000	0.0657	0.0004	0.1823	0.0000	0.0000	0.0000	0.0000	0.0039	0.0000	0.0003	0.0024	0.0000	0.0000	0.0000	0.0000	0.0000	0.0000	0.0000	0.0000	0.0104	0.0108	0.0000	0.0001	0.0000	0.0820	0.0000	0.0000	0.0000	0.0000	0.0000	0.0000	0.0000	0.0000	0.0000	0.0000	0.0006	0.0008	0.0000	0.0000	0.0000	0.0000	0.0000	0.0000	0.0000	0.0067	0.0000	0.0000	0.2876	0.0000	0.0000	
0.0000	0.0000	0.0000	0.0000	0.0000	0.0000	0.0000	0.0000	0.0000	0.0000	0.0000	0.0000	0.2979	0.0687	0.0000	0.0000	0.0000	0.0000	0.0000	0.0000	0.0000	0.0000	0.0000	0.0000	0.0000	0.0000	0.0000	0.0000	0.0000	0.0000	0.0000	0.0142	0.1505	0.0000	0.0000	0.0000	0.0000	0.0000	0.0000	0.0000	0.0000	0.1020	0.0000	0.0000	0.0000	0.0000	0.0000	0.0000	0.0000	0.0000	0.0000	0.0000	0.0849	0.0000	0.0000	0.0000	0.0000	0.0000	0.0000	0.2817	0.0000	0.0000	0.0000	0.0000	0.0001	0.0000	0.0000	0.0000	0.0000	0.0000	
0.0000	0.0000	0.0000	0.0005	0.0000	0.0000	0.0000	0.0000	0.0000	0.0000	0.0000	0.0000	0.0000	0.0000	0.0000	0.0000	0.1716	0.0000	0.0000	0.0000	0.0000	0.1003	0.0000	0.0000	0.0000	0.0000	0.0000	0.0000	0.0000	0.0000	0.0023	0.0000	0.0014	0.0799	0.0000	0.0000	0.0000	0.0000	0.1354	0.0000	0.0446	0.0000	0.0000	0.0078	0.0000	0.0271	0.0000	0.0028	0.0000	0.0000	0.4263	0.0000	0.0000	0.0000	0.0000	0.0000	0.0000	0.0000	0.0000	0.0000	0.0000	0.0000	0.0000	0.0000	0.0000	0.0000	0.0000	0.0000	0.0000	0.0000	
0.0000	0.0000	0.0000	0.0650	0.0000	0.0000	0.0000	0.0000	0.0000	0.0000	0.0000	0.0000	0.0000	0.0000	0.0000	0.0000	0.1425	0.0000	0.0000	0.0000	0.0000	0.3079	0.0000	0.0000	0.0000	0.0000	0.0000	0.0000	0.0000	0.0000	0.0027	0.0000	0.0006	0.0820	0.0000	0.0000	0.0000	0.0000	0.0103	0.0000	0.0417	0.0000	0.0000	0.1313	0.0000	0.0390	0.0000	0.0074	0.0000	0.0000	0.1696	0.0000	0.0000	0.0000	0.0000	0.0000	0.0000	0.0000	0.0000	0.0000	0.0000	0.0000	0.0000	0.0000	0.0000	0.0000	0.0000	0.0000	0.0000	0.0000	
0.0000	0.0000	0.0000	0.0000	0.0003	0.0000	0.0000	0.0000	0.0043	0.0000	0.0000	0.0000	0.0000	0.0000	0.0000	0.0000	0.0000	0.0000	0.0000	0.1105	0.0000	0.0000	0.0000	0.0000	0.0000	0.0156	0.0000	0.0000	0.0000	0.0012	0.0000	0.0000	0.0000	0.0000	0.0000	0.0000	0.0037	0.0000	0.0000	0.0004	0.0000	0.0000	0.0000	0.0000	0.0000	0.0000	0.0752	0.0000	0.0748	0.0000	0.0000	0.0348	0.0000	0.0000	0.0000	0.0000	0.0002	0.0000	0.0000	0.0000	0.0000	0.0000	0.0000	0.0246	0.0000	0.0000	0.0000	0.0000	0.0000	0.6545	
0.0000	0.0000	0.0000	0.0000	0.0000	0.0000	0.0000	0.0000	0.0000	0.0000	0.0000	0.0000	0.5766	0.0692	0.0000	0.0000	0.0000	0.0000	0.0000	0.0000	0.0000	0.0000	0.0000	0.0000	0.0000	0.0000	0.0000	0.0000	0.0000	0.0000	0.0000	0.0156	0.1805	0.0000	0.0000	0.0000	0.0000	0.0000	0.0000	0.0000	0.0000	0.0038	0.0000	0.0000	0.0000	0.0000	0.0000	0.0000	0.0000	0.0000	0.0000	0.0000	0.0819	0.0000	0.0000	0.0000	0.0000	0.0000	0.0000	0.0726	0.0000	0.0000	0.0000	0.0000	0.0000	0.0000	0.0000	0.0000	0.0000	0.0000	
0.0000	0.1876	0.0000	0.0000	0.0001	0.0000	0.0000	0.0000	0.0000	0.0000	0.0000	0.0000	0.0000	0.0000	0.0839	0.0000	0.0000	0.0058	0.2195	0.0000	0.0614	0.0000	0.1160	0.0000	0.0000	0.0000	0.0000	0.0025	0.0000	0.0002	0.0049	0.0000	0.0000	0.0000	0.0000	0.0000	0.0000	0.0000	0.0000	0.0079	0.0097	0.0000	0.0000	0.0000	0.1120	0.0000	0.0000	0.0000	0.0000	0.0000	0.0000	0.0000	0.0000	0.0000	0.0000	0.0311	0.0010	0.0000	0.0000	0.0000	0.0000	0.0000	0.0000	0.0000	0.0155	0.0000	0.0001	0.1406	0.0000	0.0000	
0.0486	0.0000	0.2488	0.0000	0.0000	0.0000	0.1318	0.2596	0.0000	0.0005	0.0916	0.0000	0.0000	0.0000	0.0000	0.0000	0.0000	0.0000	0.0000	0.0000	0.0000	0.0000	0.0000	0.0082	0.0000	0.0000	0.0045	0.0000	0.0076	0.0000	0.0000	0.0000	0.0000	0.0000	0.0054	0.0024	0.0000	0.0674	0.0000	0.0000	0.0000	0.0000	0.0627	0.0000	0.0001	0.0000	0.0000	0.0000	0.0000	0.0000	0.0000	0.0000	0.0000	0.0016	0.0000	0.0000	0.0000	0.0132	0.0000	0.0000	0.0000	0.0382	0.0062	0.0000	0.0000	0.0000	0.0015	0.0000	0.0000	0.0000	
0.0000	0.0000	0.0000	0.0000	0.0001	0.0000	0.0000	0.0000	0.0004	0.0000	0.0000	0.0000	0.0000	0.0000	0.0000	0.0000	0.0000	0.0000	0.0000	0.3676	0.0000	0.0000	0.0000	0.0000	0.0000	0.0075	0.0000	0.0000	0.0000	0.0003	0.0000	0.0000	0.0000	0.0000	0.0000	0.0000	0.0023	0.0000	0.0000	0.0000	0.0000	0.0000	0.0000	0.0000	0.0000	0.0000	0.0580	0.0000	0.0491	0.0000	0.0000	0.0042	0.0000	0.0000	0.0000	0.0000	0.0001	0.0000	0.0000	0.0000	0.0000	0.0000	0.0000	0.0114	0.0000	0.0000	0.0000	0.0000	0.0000	0.4989	
0.0780	0.0000	0.0000	0.0000	0.0000	0.0000	0.1849	0.0142	0.0000	0.0000	0.0044	0.2469	0.0000	0.0000	0.0000	0.0000	0.0000	0.0000	0.0000	0.0000	0.0000	0.0000	0.0000	0.0211	0.0000	0.0000	0.0152	0.0000	0.0000	0.0001	0.0000	0.0000	0.0000	0.0000	0.0090	0.0145	0.0000	0.0000	0.0000	0.0000	0.0000	0.0000	0.0000	0.0000	0.0000	0.0000	0.0000	0.0000	0.0000	0.0064	0.0000	0.0000	0.0000	0.0008	0.0000	0.0000	0.0000	0.0091	0.3841	0.0000	0.0002	0.0065	0.0045	0.0000	0.0000	0.0000	0.0000	0.0000	0.0000	0.0000	
0.0043	0.0000	0.3408	0.0000	0.0000	0.0000	0.0416	0.1255	0.0000	0.0089	0.1071	0.0000	0.0000	0.0000	0.0000	0.0000	0.0000	0.0006	0.0000	0.0000	0.0000	0.0000	0.0000	0.0528	0.0000	0.0000	0.0103	0.0000	0.0000	0.0000	0.0000	0.0000	0.0000	0.0000	0.0008	0.0025	0.0000	0.1040	0.0000	0.0000	0.0000	0.0000	0.1730	0.0001	0.0002	0.0000	0.0000	0.0000	0.0000	0.0000	0.0000	0.0000	0.0000	0.0004	0.0000	0.0000	0.0000	0.0024	0.0000	0.0000	0.0000	0.0175	0.0066	0.0000	0.0000	0.0000	0.0007	0.0000	0.0000	0.0000	
0.0000	0.0000	0.0000	0.0000	0.0000	0.0000	0.0000	0.0000	0.0000	0.0000	0.0000	0.0000	0.0610	0.0050	0.0000	0.0000	0.0000	0.0000	0.0000	0.0000	0.0000	0.0000	0.0000	0.0000	0.0000	0.0003	0.0000	0.0000	0.0000	0.0000	0.0000	0.0000	0.0000	0.0000	0.0000	0.0000	0.0162	0.0000	0.0000	0.0000	0.0000	0.0168	0.0000	0.0000	0.0000	0.0000	0.0229	0.0000	0.0000	0.0000	0.0000	0.0000	0.0000	0.0000	0.0000	0.0000	0.0000	0.0000	0.0000	0.0072	0.0000	0.0000	0.0000	0.8706	0.0000	0.0000	0.0000	0.0000	0.0000	0.0000	
0.0000	0.0459	0.0000	0.0000	0.0140	0.0000	0.0000	0.0000	0.0000	0.0000	0.0000	0.0000	0.0000	0.0000	0.0223	0.0000	0.0000	0.0030	0.5166	0.0000	0.0504	0.0006	0.0394	0.0000	0.0000	0.0000	0.0000	0.0083	0.0000	0.0001	0.0025	0.0000	0.0000	0.0000	0.0000	0.0000	0.0000	0.0000	0.0000	0.0109	0.0080	0.0000	0.0002	0.0000	0.0909	0.0000	0.0000	0.0000	0.0000	0.0000	0.0000	0.0000	0.0000	0.0000	0.0000	0.0462	0.0015	0.0000	0.0000	0.0000	0.0000	0.0000	0.0000	0.0000	0.0032	0.0000	0.0000	0.1359	0.0000	0.0000	
0.0000	0.0619	0.0000	0.0000	0.0230	0.0000	0.0000	0.0000	0.0000	0.0000	0.0000	0.0000	0.0000	0.0000	0.1472	0.0000	0.0000	0.0016	0.1452	0.0000	0.0642	0.0007	0.1670	0.0000	0.0000	0.0000	0.0000	0.0047	0.0000	0.0004	0.0100	0.0000	0.0000	0.0000	0.0000	0.0000	0.0000	0.0000	0.0000	0.0014	0.0218	0.0000	0.0000	0.0000	0.0972	0.0000	0.0000	0.0000	0.0000	0.0000	0.0000	0.0000	0.0000	0.0000	0.0000	0.0203	0.0013	0.0000	0.0000	0.0000	0.0000	0.0000	0.0000	0.0000	0.0163	0.0000	0.0000	0.2159	0.0000	0.0000	
0.0000	0.0000	0.0000	0.0196	0.0000	0.0000	0.0000	0.0000	0.0000	0.0000	0.0000	0.0000	0.0000	0.0000	0.0000	0.7263	0.0000	0.0000	0.0000	0.0000	0.0000	0.0122	0.0000	0.0000	0.0000	0.0000	0.0000	0.0000	0.0000	0.0000	0.0028	0.0000	0.0076	0.0000	0.0000	0.0000	0.0000	0.0000	0.0715	0.0000	0.0428	0.0000	0.0000	0.0000	0.0000	0.0000	0.0000	0.0000	0.0000	0.0000	0.1171	0.0000	0.0000	0.0000	0.0000	0.0000	0.0000	0.0000	0.0000	0.0000	0.0000	0.0000	0.0000	0.0000	0.0000	0.0000	0.0000	0.0000	0.0000	0.0000	
0.1085	0.0000	0.0000	0.0000	0.0000	0.0000	0.0027	0.0364	0.0078	0.0481	0.0461	0.0000	0.0000	0.0000	0.0000	0.0000	0.0000	0.0000	0.0000	0.0000	0.0000	0.0000	0.0000	0.1417	0.0000	0.0031	0.0484	0.0013	0.0000	0.0134	0.0000	0.0000	0.0000	0.0000	0.2268	0.0229	0.0000	0.0000	0.0000	0.0000	0.0000	0.0000	0.0000	0.0000	0.0000	0.0000	0.0000	0.0000	0.0000	0.0000	0.0000	0.0000	0.0000	0.0105	0.0000	0.0000	0.0014	0.0664	0.0000	0.0000	0.0000	0.2079	0.0064	0.0000	0.0000	0.0000	0.0000	0.0000	0.0000	0.0000	
0.0000	0.1909	0.0000	0.0000	0.0100	0.0000	0.0000	0.0000	0.0000	0.0000	0.0000	0.0000	0.0000	0.0000	0.1053	0.0000	0.0000	0.0030	0.3794	0.0000	0.0270	0.0003	0.0097	0.0000	0.0000	0.0000	0.0000	0.0041	0.0000	0.0001	0.0140	0.0000	0.0000	0.0000	0.0000	0.0000	0.0000	0.0000	0.0000	0.0203	0.0005	0.0000	0.0001	0.0000	0.0464	0.0000	0.0000	0.0000	0.0000	0.0000	0.0000	0.0000	0.0000	0.0000	0.0000	0.0112	0.0032	0.0000	0.0000	0.0000	0.0000	0.0000	0.0000	0.0000	0.0091	0.0000	0.0000	0.1653	0.0000	0.0000	
0.0000	0.0056	0.0000	0.0000	0.0127	0.0000	0.0000	0.0000	0.0417	0.0001	0.0000	0.0000	0.0000	0.0000	0.0030	0.0000	0.0000	0.0000	0.0046	0.2257	0.0000	0.0000	0.0000	0.0000	0.0000	0.4238	0.0000	0.0014	0.0000	0.0351	0.0006	0.0000	0.0000	0.0000	0.0000	0.0000	0.0160	0.0000	0.0000	0.0063	0.0003	0.0000	0.0000	0.0000	0.0000	0.0000	0.1393	0.0000	0.0009	0.0000	0.0000	0.0563	0.0000	0.0000	0.0000	0.0000	0.0113	0.0000	0.0000	0.0000	0.0000	0.0000	0.0000	0.0050	0.0000	0.0000	0.0000	0.0000	0.0000	0.0103	
0.0000	0.0000	0.0000	0.0000	0.0000	0.0000	0.0000	0.0000	0.0000	0.0000	0.0000	0.0000	0.0000	0.0000	0.0000	0.0000	0.0000	0.0000	0.0000	0.0000	0.0000	0.0000	0.0000	0.0000	0.0000	0.0000	0.0000	0.0000	0.0000	0.0000	0.0000	0.0000	0.2472	0.0000	0.0000	0.0000	0.0000	0.0000	0.0583	0.0000	0.0000	0.0000	0.0000	0.0000	0.0000	0.0000	0.0000	0.0000	0.0000	0.0000	0.0000	0.0000	0.0000	0.0000	0.0000	0.0000	0.0000	0.0000	0.0000	0.0000	0.0000	0.0000	0.0000	0.0000	0.0000	0.4252	0.0000	0.0000	0.2692	0.0000	
0.0088	0.0079	0.0000	0.0000	0.0089	0.0000	0.0000	0.0116	0.1330	0.0452	0.0130	0.0000	0.0000	0.0000	0.0014	0.0000	0.0000	0.0000	0.0061	0.0003	0.0000	0.0001	0.0000	0.0153	0.0000	0.0987	0.0318	0.0596	0.0000	0.2410	0.0005	0.0000	0.0000	0.0000	0.0778	0.0070	0.0008	0.0000	0.0000	0.0268	0.0003	0.0000	0.0000	0.0000	0.0000	0.0000	0.0144	0.0000	0.0038	0.0000	0.0000	0.0003	0.0000	0.0021	0.0000	0.0000	0.0885	0.0237	0.0000	0.0000	0.0000	0.0660	0.0023	0.0000	0.0000	0.0000	0.0000	0.0000	0.0000	0.0031	
0.0000	0.0000	0.0000	0.0000	0.0000	0.0000	0.0000	0.0000	0.0004	0.0000	0.0000	0.0000	0.0000	0.0000	0.0000	0.0000	0.0000	0.0000	0.0000	0.0096	0.0000	0.0000	0.0000	0.0000	0.0000	0.0422	0.0000	0.0000	0.0000	0.0004	0.0000	0.0000	0.0000	0.0000	0.0000	0.0000	0.0406	0.0000	0.0000	0.0002	0.0000	0.0000	0.0000	0.0000	0.0000	0.0000	0.6399	0.0000	0.0000	0.0000	0.0000	0.0084	0.0000	0.0000	0.0000	0.0000	0.0001	0.0000	0.0000	0.0000	0.0000	0.0000	0.0000	0.2582	0.0000	0.0000	0.0000	0.0000	0.0000	0.0000	
0.0006	0.0000	0.0000	0.0000	0.0004	0.0000	0.0001	0.0025	0.0011	0.0002	0.0001	0.0000	0.0000	0.0000	0.0000	0.0000	0.0000	0.0000	0.0000	0.0800	0.0000	0.0000	0.0000	0.0001	0.0000	0.0002	0.0018	0.0002	0.0000	0.0003	0.0000	0.0003	0.0022	0.0000	0.0094	0.0001	0.0001	0.0000	0.5552	0.0001	0.0000	0.0000	0.0000	0.0000	0.0000	0.0000	0.0005	0.0000	0.0000	0.2158	0.0000	0.0316	0.0000	0.0001	0.0000	0.0000	0.0002	0.0023	0.0000	0.0000	0.0000	0.0114	0.0057	0.0775	0.0000	0.0000	0.0000	0.0000	0.0000	0.0000	
0.0000	0.0000	0.0000	0.0000	0.0000	0.0000	0.0404	0.0002	0.0014	0.0003	0.0000	0.0000	0.0000	0.0000	0.0000	0.0000	0.0000	0.0000	0.0000	0.0577	0.0000	0.0000	0.0000	0.0000	0.0000	0.0000	0.0135	0.0001	0.0000	0.0015	0.0000	0.5991	0.0001	0.0000	0.0610	0.0003	0.0000	0.0000	0.0000	0.0000	0.0000	0.0000	0.0000	0.0000	0.0000	0.0000	0.0000	0.0000	0.0017	0.0013	0.0000	0.0061	0.0000	0.0019	0.0000	0.0000	0.0000	0.0000	0.1909	0.0000	0.0000	0.0215	0.0000	0.0000	0.0000	0.0000	0.0000	0.0000	0.0000	0.0010	
0.0000	0.0863	0.0000	0.0000	0.0004	0.0000	0.0000	0.0000	0.0000	0.0000	0.0000	0.0000	0.0000	0.0000	0.0626	0.0000	0.0000	0.0055	0.3050	0.0000	0.2172	0.0001	0.0585	0.0000	0.0000	0.0000	0.0000	0.0009	0.0000	0.0001	0.0026	0.0000	0.0000	0.0000	0.0000	0.0000	0.0000	0.0000	0.0000	0.0054	0.0096	0.0000	0.0002	0.0000	0.1245	0.0000	0.0000	0.0000	0.0000	0.0000	0.0000	0.0000	0.0000	0.0000	0.0000	0.0019	0.0006	0.0000	0.0000	0.0000	0.0000	0.0000	0.0000	0.0000	0.0029	0.0000	0.0001	0.1157	0.0000	0.0000	
0.0000	0.2562	0.0000	0.0000	0.1000	0.0000	0.0000	0.0000	0.0002	0.0000	0.0000	0.0000	0.0000	0.0000	0.1908	0.0000	0.0000	0.0000	0.3945	0.0000	0.0001	0.0002	0.0002	0.0000	0.0000	0.0005	0.0000	0.0059	0.0000	0.0061	0.0011	0.0000	0.0000	0.0000	0.0006	0.0000	0.0000	0.0000	0.0000	0.0361	0.0006	0.0000	0.0000	0.0000	0.0000	0.0000	0.0000	0.0000	0.0000	0.0000	0.0000	0.0000	0.0000	0.0000	0.0000	0.0002	0.0064	0.0000	0.0000	0.0000	0.0000	0.0000	0.0000	0.0000	0.0001	0.0000	0.0000	0.0000	0.0000	0.0000	
0.0000	0.3217	0.0000	0.0000	0.0088	0.0000	0.0000	0.0000	0.0000	0.0000	0.0000	0.0000	0.0000	0.0000	0.0623	0.0000	0.0000	0.0027	0.1361	0.0000	0.0374	0.0014	0.0532	0.0000	0.0000	0.0000	0.0000	0.0007	0.0000	0.0008	0.0417	0.0000	0.0000	0.0000	0.0003	0.0000	0.0000	0.0000	0.0000	0.0313	0.0242	0.0000	0.0000	0.0000	0.0973	0.0000	0.0000	0.0000	0.0000	0.0000	0.0000	0.0000	0.0000	0.0000	0.0000	0.0492	0.0029	0.0000	0.0000	0.0000	0.0000	0.0000	0.0000	0.0000	0.0029	0.0000	0.0001	0.1251	0.0000	0.0000	
0.0087	0.0000	0.0130	0.0000	0.0000	0.0000	0.0598	0.1471	0.0000	0.0466	0.1146	0.0000	0.0000	0.0000	0.0000	0.0000	0.0000	0.0001	0.0000	0.0000	0.0000	0.0000	0.0000	0.1112	0.0000	0.0000	0.2863	0.0000	0.0000	0.0000	0.0000	0.0000	0.0000	0.0000	0.0011	0.0062	0.0000	0.0304	0.0000	0.0000	0.0000	0.0000	0.0903	0.0000	0.0012	0.0000	0.0000	0.0000	0.0000	0.0000	0.0000	0.0000	0.0000	0.0002	0.0000	0.0000	0.0000	0.0021	0.0000	0.0000	0.0000	0.0364	0.0444	0.0000	0.0000	0.0000	0.0003	0.0000	0.0000	0.0000	
0.0000	0.0000	0.0000	0.0885	0.0000	0.0000	0.0000	0.0000	0.0000	0.0000	0.0000	0.0000	0.0000	0.0000	0.0000	0.0000	0.0927	0.0000	0.0000	0.0000	0.0000	0.0067	0.0000	0.0000	0.0000	0.0000	0.0000	0.0000	0.0000	0.0000	0.0015	0.0001	0.0013	0.0614	0.0000	0.0000	0.0000	0.0000	0.1255	0.0000	0.0539	0.0000	0.0000	0.0210	0.0000	0.0433	0.0000	0.0036	0.0000	0.0000	0.5007	0.0000	0.0000	0.0000	0.0000	0.0000	0.0000	0.0000	0.0000	0.0000	0.0000	0.0000	0.0000	0.0000	0.0000	0.0000	0.0000	0.0000	0.0000	0.0000	
0.0000	0.0000	0.0000	0.0000	0.0008	0.0000	0.0000	0.0000	0.0000	0.0000	0.0000	0.0000	0.0000	0.0000	0.0002	0.0000	0.0000	0.0000	0.0002	0.0098	0.0000	0.0000	0.0000	0.0000	0.0000	0.0000	0.0000	0.0000	0.3876	0.0000	0.0000	0.0000	0.0369	0.0002	0.0000	0.0000	0.0000	0.0000	0.0000	0.0000	0.0000	0.0000	0.0000	0.0000	0.0000	0.0006	0.0000	0.0000	0.0004	0.0000	0.0000	0.0000	0.0000	0.0000	0.0000	0.0000	0.0000	0.0000	0.0008	0.0000	0.5613	0.0000	0.0000	0.0000	0.0000	0.0003	0.0000	0.0000	0.0000	0.0010	
0.0002	0.0001	0.0000	0.0000	0.0007	0.0000	0.0000	0.0001	0.0804	0.0000	0.0001	0.0000	0.0000	0.0000	0.0000	0.0000	0.0000	0.0000	0.0000	0.4596	0.0000	0.0000	0.0000	0.0003	0.0000	0.0807	0.0000	0.0002	0.0000	0.0366	0.0000	0.0000	0.0000	0.0000	0.0001	0.0000	0.0011	0.0000	0.0000	0.0014	0.0000	0.0000	0.0000	0.0000	0.0000	0.0000	0.1029	0.0000	0.0904	0.0000	0.0000	0.0035	0.0000	0.0000	0.0000	0.0000	0.0039	0.0008	0.0000	0.0000	0.0000	0.0000	0.0000	0.0046	0.0000	0.0000	0.0000	0.0000	0.0000	0.1321	
0.0000	0.0000	0.0000	0.0000	0.0000	0.0000	0.0000	0.0000	0.0000	0.0000	0.0000	0.0000	0.0000	0.0000	0.0000	0.0000	0.0000	0.0000	0.0000	0.0000	0.0000	0.0000	0.0000	0.0000	0.0000	0.0003	0.0000	0.0000	0.0000	0.0000	0.0000	0.0000	0.0000	0.0000	0.0000	0.0000	0.0018	0.0000	0.0000	0.0000	0.0000	0.0000	0.0000	0.0000	0.0000	0.0000	0.0138	0.0000	0.0000	0.0000	0.0000	0.0001	0.0000	0.0000	0.0000	0.0000	0.0000	0.0000	0.0000	0.0000	0.0000	0.0000	0.0000	0.9840	0.0000	0.0000	0.0000	0.0000	0.0000	0.0000	
0.0000	0.0000	0.0000	0.0547	0.0000	0.0000	0.0000	0.0000	0.0000	0.0000	0.0000	0.0000	0.0000	0.0000	0.0000	0.0000	0.0039	0.0000	0.0000	0.0000	0.0000	0.1960	0.0000	0.0000	0.0000	0.0000	0.0000	0.0000	0.0000	0.0000	0.0135	0.0000	0.0000	0.0018	0.0000	0.0000	0.0000	0.0000	0.0802	0.0000	0.4046	0.0000	0.0000	0.0159	0.0000	0.0066	0.0000	0.0002	0.0000	0.0000	0.2228	0.0000	0.0000	0.0000	0.0000	0.0000	0.0000	0.0000	0.0000	0.0000	0.0000	0.0000	0.0000	0.0000	0.0000	0.0000	0.0000	0.0000	0.0000	0.0000	
0.0040	0.0000	0.0000	0.0000	0.0000	0.0000	0.1723	0.1357	0.0000	0.0007	0.1340	0.1398	0.0000	0.0000	0.0000	0.0000	0.0000	0.0000	0.0000	0.0000	0.0000	0.0000	0.0000	0.0258	0.0000	0.0000	0.0848	0.0000	0.0000	0.0000	0.0000	0.0000	0.0000	0.0000	0.0010	0.0171	0.0000	0.0009	0.0000	0.0000	0.0000	0.0000	0.0000	0.0000	0.0000	0.0000	0.0000	0.0000	0.0000	0.0005	0.0000	0.0000	0.0000	0.0029	0.0000	0.0000	0.0000	0.0114	0.2402	0.0000	0.0022	0.0002	0.0265	0.0000	0.0000	0.0000	0.0000	0.0000	0.0000	0.0000	
0.0000	0.0000	0.0000	0.2418	0.0000	0.0000	0.0000	0.0000	0.0000	0.0000	0.0000	0.0000	0.0000	0.0000	0.0000	0.0000	0.1776	0.0000	0.0000	0.0000	0.0000	0.0962	0.0000	0.0000	0.0000	0.0000	0.0000	0.0000	0.0000	0.0000	0.0126	0.0002	0.0030	0.0245	0.0000	0.0000	0.0000	0.0000	0.1879	0.0000	0.0452	0.0000	0.0000	0.0205	0.0000	0.0590	0.0000	0.0097	0.0000	0.0000	0.1218	0.0000	0.0000	0.0000	0.0000	0.0000	0.0000	0.0000	0.0000	0.0000	0.0000	0.0000	0.0000	0.0000	0.0000	0.0000	0.0000	0.0000	0.0000	0.0000	
0.0152	0.0000	0.3437	0.0000	0.0000	0.0000	0.0782	0.1770	0.0000	0.0221	0.0559	0.0000	0.0000	0.0000	0.0000	0.0000	0.0000	0.0005	0.0000	0.0000	0.0000	0.0000	0.0000	0.0132	0.0000	0.0000	0.0396	0.0000	0.0000	0.0000	0.0000	0.0000	0.0000	0.0000	0.0028	0.0028	0.0000	0.0718	0.0000	0.0000	0.0000	0.0000	0.1164	0.0000	0.0005	0.0000	0.0000	0.0000	0.0000	0.0000	0.0000	0.0000	0.0000	0.0018	0.0000	0.0000	0.0000	0.0103	0.0000	0.0000	0.0000	0.0465	0.0012	0.0000	0.0000	0.0000	0.0002	0.0000	0.0000	0.0000	
0.0000	0.1959	0.0000	0.0000	0.0250	0.0000	0.0000	0.0000	0.0000	0.0000	0.0000	0.0000	0.0000	0.0000	0.1283	0.0000	0.0000	0.0067	0.3783	0.0000	0.0000	0.0017	0.0413	0.0000	0.0000	0.0000	0.0000	0.0004	0.0000	0.0003	0.0314	0.0000	0.0000	0.0000	0.0000	0.0000	0.0000	0.0000	0.0000	0.0146	0.0145	0.0000	0.0004	0.0000	0.1201	0.0000	0.0000	0.0000	0.0000	0.0000	0.0000	0.0000	0.0000	0.0000	0.0000	0.0056	0.0016	0.0000	0.0000	0.0000	0.0000	0.0000	0.0000	0.0000	0.0008	0.0000	0.0002	0.0327	0.0000	0.0000	
0.0032	0.0000	0.0000	0.0000	0.0000	0.0000	0.1446	0.0888	0.0000	0.0058	0.2569	0.0000	0.0000	0.0000	0.0000	0.0000	0.0000	0.0000	0.0000	0.0000	0.0000	0.0000	0.0000	0.2199	0.0000	0.0000	0.0931	0.0000	0.0000	0.0001	0.0000	0.0000	0.0000	0.0000	0.0398	0.0023	0.0000	0.0000	0.0000	0.0000	0.0000	0.0000	0.0000	0.0000	0.0000	0.0000	0.0000	0.0000	0.0000	0.0000	0.0000	0.0000	0.0000	0.0011	0.0000	0.0000	0.0000	0.0229	0.0000	0.0000	0.0000	0.0928	0.0286	0.0000	0.0000	0.0000	0.0000	0.0000	0.0000	0.0000	
0.0000	0.0541	0.0000	0.0000	0.0128	0.0000	0.0000	0.0000	0.0000	0.0000	0.0000	0.0000	0.0000	0.0000	0.0575	0.0000	0.0000	0.0054	0.2201	0.0000	0.0231	0.0506	0.0126	0.0000	0.0000	0.0000	0.0000	0.0037	0.0000	0.0003	0.1551	0.0000	0.0000	0.0000	0.0001	0.0000	0.0000	0.0000	0.0000	0.0008	0.2202	0.0000	0.0006	0.0000	0.1193	0.0000	0.0000	0.0000	0.0000	0.0000	0.0000	0.0000	0.0000	0.0000	0.0000	0.0118	0.0031	0.0000	0.0000	0.0000	0.0000	0.0000	0.0000	0.0000	0.0002	0.0000	0.0005	0.0482	0.0000	0.0000	
0.0000	0.0000	0.0000	0.0000	0.0000	0.5608	0.0000	0.0000	0.0000	0.0000	0.0000	0.0000	0.0000	0.0000	0.0000	0.0000	0.0000	0.0924	0.0000	0.0000	0.0594	0.0000	0.0000	0.0000	0.0000	0.0000	0.0000	0.0000	0.0000	0.0000	0.0000	0.0000	0.0000	0.0000	0.0000	0.0000	0.0000	0.0000	0.0000	0.0000	0.0000	0.0000	0.0127	0.0000	0.1814	0.0000	0.0000	0.0000	0.0000	0.0000	0.0000	0.0000	0.0000	0.0000	0.0855	0.0000	0.0000	0.0000	0.0000	0.0000	0.0000	0.0000	0.0000	0.0000	0.0000	0.0000	0.0078	0.0000	0.0000	0.0000	
0.0000	0.0000	0.0031	0.1382	0.0000	0.0000	0.0000	0.0000	0.0000	0.0000	0.0000	0.0044	0.0000	0.0000	0.0000	0.0000	0.1849	0.0000	0.0000	0.0000	0.0000	0.0642	0.0000	0.0000	0.0000	0.0000	0.0000	0.0000	0.0000	0.0000	0.0001	0.0000	0.0000	0.1162	0.0000	0.0000	0.0000	0.0069	0.0002	0.0000	0.0800	0.0000	0.0028	0.0404	0.0000	0.0068	0.0000	0.0094	0.0000	0.0000	0.3418	0.0000	0.0000	0.0000	0.0000	0.0000	0.0000	0.0000	0.0005	0.0000	0.0000	0.0000	0.0000	0.0000	0.0000	0.0000	0.0000	0.0000	0.0000	0.0000	
0.0000	0.0000	0.0000	0.0000	0.0000	0.0000	0.0000	0.0000	0.0000	0.0000	0.0000	0.0000	0.1250	0.0234	0.0000	0.0000	0.0000	0.0000	0.0000	0.0000	0.0000	0.0000	0.0000	0.0000	0.0000	0.0000	0.0000	0.0000	0.0000	0.0000	0.0000	0.0000	0.0000	0.0000	0.0000	0.0000	0.0024	0.0000	0.0000	0.0000	0.0000	0.0442	0.0000	0.0000	0.0000	0.0000	0.0014	0.0000	0.0000	0.0000	0.0000	0.0000	0.0000	0.0000	0.0000	0.0000	0.0000	0.0000	0.0000	0.3880	0.0000	0.0000	0.0000	0.4156	0.0000	0.0000	0.0000	0.0000	0.0000	0.0000	
0.0045	0.0000	0.0000	0.0000	0.0000	0.0000	0.7188	0.0171	0.0001	0.0030	0.0026	0.0098	0.0000	0.0000	0.0000	0.0000	0.0000	0.0000	0.0000	0.0000	0.0000	0.0000	0.0000	0.0213	0.0000	0.0000	0.0021	0.0001	0.0000	0.0004	0.0000	0.0000	0.0000	0.0000	0.0069	0.0031	0.0000	0.0000	0.0000	0.0000	0.0000	0.0000	0.0000	0.0000	0.0000	0.0000	0.0000	0.0000	0.0000	0.0763	0.0000	0.0000	0.0000	0.0013	0.0000	0.0000	0.0001	0.0637	0.0349	0.0000	0.0000	0.0313	0.0023	0.0000	0.0000	0.0000	0.0000	0.0000	0.0000	0.0000	
0.0000	0.0000	0.0000	0.2165	0.0000	0.0000	0.0000	0.0000	0.0000	0.0000	0.0000	0.0000	0.0000	0.0000	0.0000	0.0000	0.0629	0.0000	0.0000	0.0000	0.0000	0.0623	0.0000	0.0000	0.0000	0.0000	0.0000	0.0000	0.0000	0.0000	0.0035	0.0000	0.0000	0.1503	0.0000	0.0000	0.0000	0.0000	0.1219	0.0000	0.1295	0.0000	0.0000	0.0096	0.0000	0.0024	0.0000	0.0034	0.0000	0.0000	0.2376	0.0000	0.0000	0.0000	0.0000	0.0000	0.0000	0.0000	0.0000	0.0000	0.0000	0.0000	0.0000	0.0000	0.0000	0.0000	0.0000	0.0000	0.0000	0.0000	
0.0000	0.1474	0.0000	0.0000	0.0337	0.0000	0.0000	0.0000	0.0000	0.0000	0.0000	0.0000	0.0000	0.0000	0.0648	0.0000	0.0000	0.0072	0.2124	0.0000	0.0186	0.0036	0.0279	0.0000	0.0000	0.0001	0.0000	0.0579	0.0000	0.0021	0.1421	0.0000	0.0000	0.0000	0.0008	0.0000	0.0000	0.0000	0.0000	0.0558	0.0920	0.0000	0.0013	0.0000	0.0581	0.0000	0.0000	0.0000	0.0000	0.0000	0.0000	0.0000	0.0000	0.0000	0.0000	0.0212	0.0002	0.0000	0.0000	0.0000	0.0000	0.0000	0.0000	0.0000	0.0024	0.0000	0.0002	0.0503	0.0000	0.0000	
0.0000	0.0000	0.0000	0.0000	0.0000	0.4343	0.0000	0.0000	0.0000	0.0000	0.0000	0.0000	0.0000	0.0000	0.0000	0.0000	0.0000	0.2973	0.0000	0.0000	0.1791	0.0000	0.0000	0.0000	0.0000	0.0000	0.0000	0.0000	0.0000	0.0000	0.0000	0.0000	0.0000	0.0000	0.0000	0.0000	0.0000	0.0000	0.0000	0.0000	0.0000	0.0000	0.0004	0.0000	0.0050	0.0000	0.0000	0.0000	0.0000	0.0000	0.0000	0.0000	0.0000	0.0000	0.0837	0.0000	0.0000	0.0000	0.0000	0.0000	0.0000	0.0000	0.0000	0.0000	0.0000	0.0000	0.0003	0.0000	0.0000	0.0000	
0.0000	0.0318	0.0000	0.0000	0.0048	0.0000	0.0000	0.0000	0.0000	0.0000	0.0000	0.0000	0.0000	0.0000	0.0084	0.0000	0.0000	0.0033	0.1771	0.0000	0.0822	0.0000	0.0652	0.0000	0.0000	0.0000	0.0000	0.0040	0.0000	0.0001	0.0019	0.0000	0.0000	0.0000	0.0000	0.0000	0.0000	0.0000	0.0000	0.0036	0.0019	0.0003	0.0001	0.0000	0.0181	0.0000	0.0000	0.0000	0.0000	0.0000	0.0000	0.0000	0.0000	0.0000	0.0000	0.0818	0.0004	0.0000	0.0000	0.0000	0.0000	0.0000	0.0000	0.0000	0.1498	0.0000	0.0000	0.3653	0.0000	0.0000	
0.0016	0.0034	0.0000	0.0000	0.0095	0.0000	0.0000	0.0001	0.2389	0.0058	0.0005	0.0000	0.0000	0.0000	0.0030	0.0000	0.0000	0.0000	0.0002	0.0755	0.0000	0.0000	0.0000	0.0020	0.0000	0.2359	0.0031	0.0222	0.0000	0.0794	0.0012	0.0000	0.0000	0.0000	0.0064	0.0003	0.0043	0.0000	0.0000	0.0258	0.0001	0.0000	0.0000	0.0000	0.0000	0.0000	0.1814	0.0000	0.0003	0.0000	0.0000	0.0105	0.0000	0.0000	0.0000	0.0000	0.0847	0.0013	0.0000	0.0000	0.0000	0.0021	0.0001	0.0003	0.0000	0.0000	0.0000	0.0000	0.0000	0.0000	
0.0000	0.0551	0.0000	0.0000	0.0325	0.0000	0.0000	0.0000	0.0005	0.0001	0.0000	0.0000	0.0000	0.0000	0.0521	0.0000	0.0000	0.0081	0.1034	0.0000	0.3505	0.0005	0.0298	0.0000	0.0000	0.0002	0.0001	0.0506	0.0000	0.0089	0.0040	0.0000	0.0000	0.0000	0.0058	0.0000	0.0000	0.0000	0.0000	0.0174	0.0024	0.0000	0.0026	0.0000	0.0932	0.0000	0.0000	0.0000	0.0000	0.0000	0.0000	0.0000	0.0000	0.0000	0.0000	0.1030	0.0098	0.0000	0.0000	0.0000	0.0000	0.0000	0.0000	0.0000	0.0013	0.0000	0.0033	0.0649	0.0000	0.0000	
0.0000	0.0000	0.0001	0.0000	0.0000	0.0000	0.0000	0.0000	0.0000	0.0000	0.0000	0.0000	0.0466	0.0038	0.0000	0.0000	0.0000	0.0000	0.0000	0.0030	0.0000	0.0000	0.0000	0.0000	0.0655	0.0000	0.0000	0.0000	0.2640	0.0000	0.0000	0.0000	0.0174	0.0000	0.0000	0.0000	0.0000	0.0000	0.0000	0.0000	0.0000	0.0052	0.0001	0.0000	0.0000	0.0000	0.0000	0.0000	0.0000	0.0009	0.0000	0.0000	0.0000	0.0000	0.0000	0.0000	0.0000	0.0000	0.0002	0.1003	0.4515	0.0000	0.0000	0.0359	0.0000	0.0055	0.0000	0.0000	0.0000	0.0000	
0.0000	0.0000	0.0000	0.1260	0.0000	0.0000	0.0000	0.0000	0.0000	0.0000	0.0000	0.0000	0.0000	0.0000	0.0000	0.0000	0.2272	0.0000	0.0000	0.0000	0.0000	0.0120	0.0000	0.0000	0.0000	0.0000	0.0000	0.0000	0.0000	0.0000	0.0009	0.0000	0.0000	0.0429	0.0000	0.0000	0.0000	0.0000	0.1726	0.0000	0.0924	0.0000	0.0000	0.0209	0.0000	0.0529	0.0000	0.0016	0.0000	0.0000	0.2506	0.0000	0.0000	0.0000	0.0000	0.0000	0.0000	0.0000	0.0000	0.0000	0.0000	0.0000	0.0000	0.0000	0.0000	0.0000	0.0000	0.0000	0.0000	0.0000	
0.0000	0.0019	0.0000	0.0014	0.0038	0.0000	0.0000	0.0001	0.0000	0.0002	0.0000	0.0000	0.0000	0.0000	0.0025	0.0000	0.0000	0.0004	0.0019	0.1579	0.0000	0.0000	0.0000	0.0000	0.0000	0.0001	0.0001	0.0001	0.0003	0.0001	0.0003	0.0000	0.0013	0.0000	0.0000	0.0000	0.0001	0.0000	0.5814	0.0005	0.0001	0.0000	0.0000	0.0001	0.0000	0.0000	0.0004	0.0000	0.0000	0.1478	0.0004	0.0110	0.0000	0.0000	0.0000	0.0000	0.0000	0.0001	0.0000	0.0000	0.0262	0.0001	0.0005	0.0041	0.0000	0.0433	0.0113	0.0000	0.0000	0.0000	
0.0000	0.0726	0.0000	0.0000	0.0252	0.0000	0.0000	0.0000	0.0000	0.0000	0.0000	0.0000	0.0000	0.0000	0.0947	0.0000	0.0000	0.0040	0.5590	0.0000	0.0503	0.0002	0.0156	0.0000	0.0000	0.0000	0.0000	0.0129	0.0000	0.0003	0.0238	0.0000	0.0000	0.0000	0.0000	0.0000	0.0000	0.0000	0.0000	0.0134	0.0043	0.0000	0.0005	0.0000	0.0311	0.0000	0.0000	0.0000	0.0000	0.0000	0.0000	0.0000	0.0000	0.0000	0.0000	0.0213	0.0012	0.0000	0.0000	0.0000	0.0000	0.0000	0.0000	0.0000	0.0024	0.0000	0.0001	0.0671	0.0000	0.0000	
0.0000	0.0623	0.0000	0.0000	0.0334	0.0000	0.0000	0.0000	0.0000	0.0000	0.0000	0.0000	0.0000	0.0000	0.0962	0.0000	0.0000	0.0120	0.1759	0.0000	0.3341	0.0003	0.0474	0.0000	0.0000	0.0000	0.0000	0.0003	0.0000	0.0019	0.0112	0.0000	0.0000	0.0000	0.0003	0.0000	0.0000	0.0000	0.0000	0.0406	0.0018	0.0001	0.0011	0.0000	0.0903	0.0000	0.0000	0.0000	0.0000	0.0000	0.0000	0.0000	0.0000	0.0000	0.0000	0.0131	0.0001	0.0000	0.0000	0.0000	0.0000	0.0000	0.0000	0.0000	0.0229	0.0000	0.0019	0.0527	0.0000	0.0000	
0.0461	0.0000	0.2764	0.0000	0.0000	0.0000	0.0529	0.1202	0.0000	0.0040	0.0465	0.0000	0.0000	0.0000	0.0000	0.0000	0.0000	0.0000	0.0000	0.0000	0.0000	0.0000	0.0000	0.0725	0.0000	0.0000	0.0408	0.0000	0.0000	0.0000	0.0000	0.0000	0.0000	0.0000	0.0005	0.0039	0.0000	0.1588	0.0000	0.0000	0.0000	0.0000	0.1415	0.0000	0.0000	0.0000	0.0000	0.0000	0.0000	0.0000	0.0000	0.0000	0.0000	0.0005	0.0000	0.0000	0.0000	0.0002	0.0000	0.0000	0.0000	0.0348	0.0002	0.0000	0.0000	0.0000	0.0000	0.0000	0.0000	0.0000	
0.0000	0.1225	0.0000	0.0000	0.0082	0.0000	0.0000	0.0000	0.0000	0.0000	0.0000	0.0000	0.0000	0.0000	0.0154	0.0000	0.0000	0.0003	0.1872	0.0000	0.0067	0.0165	0.0219	0.0000	0.0000	0.0000	0.0000	0.0117	0.0000	0.0001	0.2616	0.0000	0.0000	0.0000	0.0000	0.0000	0.0000	0.0000	0.0000	0.0118	0.2501	0.0000	0.0002	0.0000	0.0310	0.0000	0.0000	0.0000	0.0000	0.0000	0.0000	0.0000	0.0000	0.0000	0.0000	0.0067	0.0000	0.0000	0.0000	0.0000	0.0000	0.0000	0.0000	0.0000	0.0019	0.0000	0.0000	0.0463	0.0000	0.0000	
0.0000	0.0000	0.0000	0.0000	0.0000	0.0000	0.0000	0.0000	0.0000	0.0000	0.0000	0.0000	0.0000	0.0000	0.0000	1.0000	0.0000	0.0000	0.0000	0.0000	0.0000	0.0000	0.0000	0.0000	0.0000	0.0000	0.0000	0.0000	0.0000	0.0000	0.0000	0.0000	0.0000	0.0000	0.0000	0.0000	0.0000	0.0000	0.0000	0.0000	0.0000	0.0000	0.0000	0.0000	0.0000	0.0000	0.0000	0.0000	0.0000	0.0000	0.0000	0.0000	0.0000	0.0000	0.0000	0.0000	0.0000	0.0000	0.0000	0.0000	0.0000	0.0000	0.0000	0.0000	0.0000	0.0000	0.0000	0.0000	0.0000	0.0000	
0.0062	0.0000	0.0104	0.0000	0.0000	0.0000	0.0132	0.0256	0.0000	0.0421	0.0293	0.0000	0.0000	0.0000	0.0000	0.0000	0.0000	0.0000	0.0000	0.0000	0.0000	0.0004	0.0000	0.0093	0.0000	0.0000	0.1814	0.0001	0.0000	0.0001	0.0003	0.0000	0.0000	0.0000	0.0889	0.0004	0.0000	0.2207	0.0000	0.0000	0.0000	0.0000	0.0000	0.0000	0.0000	0.0001	0.0000	0.0010	0.0000	0.0000	0.0000	0.0000	0.0000	0.0038	0.0000	0.0000	0.0000	0.0041	0.1740	0.0000	0.0000	0.1167	0.0717	0.0000	0.0000	0.0000	0.0000	0.0000	0.0000	0.0000	
0.0000	0.0100	0.0000	0.0000	0.0002	0.0000	0.0000	0.0000	0.0000	0.0000	0.0000	0.0000	0.0000	0.0000	0.0207	0.0000	0.0000	0.0023	0.4431	0.0000	0.0832	0.0000	0.0841	0.0000	0.0000	0.0000	0.0000	0.0060	0.0000	0.0001	0.0042	0.0000	0.0000	0.0000	0.0000	0.0000	0.0000	0.0000	0.0000	0.0001	0.0013	0.0000	0.0002	0.0000	0.2378	0.0000	0.0000	0.0000	0.0000	0.0000	0.0000	0.0000	0.0000	0.0000	0.0000	0.0121	0.0001	0.0000	0.0000	0.0000	0.0000	0.0000	0.0000	0.0000	0.0062	0.0000	0.0000	0.0884	0.0000	0.0000	
0.0000	0.0000	0.0000	0.0000	0.0000	0.4529	0.0000	0.0000	0.0000	0.0000	0.0000	0.0000	0.0000	0.0000	0.0000	0.0000	0.0000	0.0859	0.0000	0.0000	0.2404	0.0000	0.0000	0.0000	0.0000	0.0000	0.0000	0.0000	0.0000	0.0000	0.0000	0.0000	0.0000	0.0000	0.0000	0.0000	0.0000	0.0000	0.0000	0.0000	0.0000	0.0000	0.0008	0.0000	0.1658	0.0000	0.0000	0.0000	0.0000	0.0000	0.0000	0.0000	0.0000	0.0000	0.0542	0.0000	0.0000	0.0000	0.0000	0.0000	0.0000	0.0000	0.0000	0.0000	0.0000	0.0000	0.0000	0.0000	0.0000	0.0000	
0.0000	0.0000	0.0000	0.0000	0.0000	0.3877	0.0000	0.0000	0.0000	0.0000	0.0000	0.0000	0.0000	0.0000	0.0000	0.0000	0.0000	0.0222	0.0000	0.0000	0.3803	0.0000	0.0000	0.0000	0.0000	0.0000	0.0000	0.0000	0.0000	0.0000	0.0000	0.0000	0.0000	0.0000	0.0000	0.0000	0.0000	0.0000	0.0000	0.0000	0.0000	0.0000	0.0005	0.0000	0.1479	0.0000	0.0000	0.0000	0.0000	0.0000	0.0000	0.0000	0.0000	0.0000	0.0608	0.0000	0.0000	0.0000	0.0000	0.0000	0.0000	0.0000	0.0000	0.0000	0.0000	0.0000	0.0007	0.0000	0.0000	0.0000	

Emissions
0.0000	0.0000	0.0000	0.0000	1.0000	0.0000	
0.0000	0.0000	0.0000	0.0000	1.0000	0.0000	
0.0000	0.0000	1.0000	0.0000	0.0000	0.0000	
0.0000	0.0000	0.0000	0.0000	1.0000	0.0000	
0.0000	0.0000	0.0000	0.0000	1.0000	0.0000	
0.0000	0.0000	0.0000	0.0000	1.0000	0.0000	
0.0000	0.0000	0.0000	1.0000	0.0000	0.0000	
0.0000	0.0000	0.0000	0.0000	1.0000	0.0000	
0.0000	0.0000	0.0000	0.0000	1.0000	0.0000	
0.0000	0.0000	0.0000	0.0000	1.0000	0.0000	
0.0000	0.0000	0.0000	0.0000	1.0000	0.0000	
0.0000	0.9386	0.0000	0.0613	0.0000	0.0000	
0.0000	0.9971	0.0000	0.0000	0.0029	0.0000	
0.0000	0.9992	0.0000	0.0000	0.0008	0.0000	
0.0000	0.0000	0.0000	0.0000	1.0000	0.0000	
0.0000	0.0000	0.0000	0.0000	0.0000	1.0000	
0.0000	0.0000	1.0000	0.0000	0.0000	0.0000	
1.0000	0.0000	0.0000	0.0000	0.0000	0.0000	
0.0000	0.0000	0.0000	0.0000	1.0000	0.0000	
0.0000	0.0000	0.0000	0.0000	1.0000	0.0000	
1.0000	0.0000	0.0000	0.0000	0.0000	0.0000	
0.0000	0.0000	0.0000	0.0000	1.0000	0.0000	
0.0000	1.0000	0.0000	0.0000	0.0000	0.0000	
0.0000	0.0000	0.0000	0.0000	1.0000	0.0000	
0.0000	0.0001	0.0000	0.9999	0.0000	0.0000	
0.0000	0.0000	0.0000	0.0000	1.0000	0.0000	
0.0000	0.0000	0.0000	0.0003	0.9997	0.0000	
0.0000	0.0000	0.0000	0.0000	1.0000	0.0000	
0.9397	0.0600	0.0001	0.0002	0.0000	0.0000	
0.0000	0.0000	0.0000	0.0000	1.0000	0.0000	
0.0000	0.0000	0.0000	0.0000	1.0000	0.0000	
0.0000	0.0000	0.0000	0.0230	0.0716	0.9054	
0.0000	0.0000	0.0000	0.0000	0.0000	1.0000	
0.0000	0.0000	1.0000	0.0000	0.0000	0.0000	
0.0000	0.0000	0.0000	0.0074	0.9926	0.0000	
0.0000	0.0000	0.0000	0.0117	0.9883	0.0000	
0.0000	0.0000	0.0000	0.0000	1.0000	0.0000	
0.0000	0.0000	1.0000	0.0000	0.0000	0.0000	
0.0000	0.0000	0.0000	0.0000	0.0000	1.0000	
0.0000	0.0000	0.0000	0.0000	1.0000	0.0000	
0.0000	0.0000	0.0000	0.0000	1.0000	0.0000	
0.0000	1.0000	0.0000	0.0000	0.0000	0.0000	
0.9302	0.0000	0.0000	0.0698	0.0000	0.0000	
1.0000	0.0000	0.0000	0.0000	0.0000	0.0000	
1.0000	0.0000	0.0000	0.0000	0.0000	0.0000	
0.0000	0.0000	1.0000	0.0000	0.0000	0.0000	
0.0000	0.0000	0.0000	0.0000	1.0000	0.0000	
0.0020	0.0000	0.9980	0.0000	0.0000	0.0000	
0.0000	0.0000	0.0000	1.0000	0.0000	0.0000	
0.0000	0.0000	0.0000	0.9991	0.0009	0.0000	
0.0000	0.0000	0.0000	0.0000	1.0000	0.0000	
0.0000	0.0000	0.0000	0.0000	1.0000	0.0000	
0.0000	0.0953	0.0000	0.0000	0.9047	0.0000	
0.0000	0.0000	0.0000	0.0021	0.9979	0.0000	
0.0000	0.0000	0.0000	0.0000	0.0000	1.0000	
0.0000	1.0000	0.0000	0.0000	0.0000	0.0000	
0.0000	0.0000	0.0000	0.0000	1.0000	0.0000	
0.0000	0.0000	0.0000	0.0005	0.9995	0.0000	
0.0000	0.0000	0.8068	0.1932	0.0000	0.0000	
0.0000	1.0000	0.0000	0.0000	0.0000	0.0000	
0.0000	0.0000	0.1972	0.8028	0.0000	0.0000	
0.0000	0.0000	0.0000	0.0002	0.9998	0.0000	
0.0000	0.0000	0.0000	0.0000	1.0000	0.0000	
0.0000	0.0000	0.0000	0.0000	1.0000	0.0000	
0.0000	0.9999	0.0000	0.0000	0.0001	0.0000	
1.0000	0.0000	0.0000	0.0000	0.0000	0.0000	
0.9981	0.0000	0.0000	0.0000	0.0019	0.0000	
0.0000	1.0000	0.0000	0.0000	0.0000	0.0000	
0.0000	1.0000	0.0000	0.0000	0.0000	0.0000	
0.0000	0.0000	0.0000	1.0000	0.0000	0.0000	
