DataSet 6
Learner: Baum Welch Learner
Log Likelihood: 72409.2624969340

Number of States: 40
Number of Symbols: 6
Threshold: 0.01

Initial Distribution:
0.0000	0.1000	0.1201	0.0000	0.0243	0.0000	0.0017	0.0000	0.2770	0.0000	0.0000	0.0000	0.0000	0.0062	0.0000	0.0000	0.0000	0.0000	0.0000	0.0000	0.0000	0.0000	0.0000	0.0000	0.0000	0.0000	0.0000	0.0000	0.0000	0.0000	0.0000	0.0000	0.0000	0.0000	0.0000	0.0000	0.0000	0.0000	0.0000	0.4706	

Transitions:
0.1910	0.0000	0.0207	0.0000	0.0460	0.0000	0.0000	0.0000	0.0068	0.0000	0.0000	0.0000	0.0000	0.0546	0.0000	0.0000	0.0000	0.0000	0.0435	0.0000	0.0246	0.0000	0.0000	0.0000	0.0000	0.0000	0.0000	0.0180	0.0000	0.0000	0.0000	0.0000	0.0000	0.0000	0.2765	0.0000	0.1151	0.2033	0.0000	0.0000	
0.0000	0.0000	0.0000	0.0544	0.0000	0.0000	0.0000	0.0000	0.0000	0.0000	0.0000	0.0000	0.0000	0.0000	0.0345	0.0000	0.0000	0.2400	0.0000	0.0000	0.0000	0.0000	0.0000	0.0001	0.0000	0.0000	0.1777	0.0000	0.0000	0.0000	0.0000	0.0000	0.4682	0.0000	0.0000	0.0247	0.0000	0.0004	0.0000	0.0000	
0.0000	0.0000	0.0000	0.0000	0.0000	0.0000	0.0000	0.0000	0.0000	0.0000	0.0673	0.0000	0.0629	0.0000	0.0000	0.2430	0.0000	0.0000	0.0000	0.0780	0.0000	0.0000	0.0000	0.0000	0.0000	0.0000	0.0000	0.0000	0.0000	0.3939	0.0571	0.0563	0.0000	0.0151	0.0000	0.0000	0.0000	0.0000	0.0264	0.0000	
0.0000	0.0000	0.0000	0.0000	0.0000	0.0000	0.0000	0.0000	0.0000	0.0000	0.2197	0.0000	0.0830	0.0000	0.0000	0.1665	0.0000	0.0000	0.0000	0.0660	0.0000	0.0000	0.0000	0.0000	0.0000	0.0000	0.0000	0.0000	0.0000	0.0993	0.0637	0.2231	0.0000	0.0566	0.0000	0.0000	0.0000	0.0000	0.0219	0.0000	
0.0000	0.0000	0.0000	0.0000	0.0000	0.0000	0.0000	0.0000	0.0000	0.0000	0.6135	0.0000	0.0978	0.0000	0.0000	0.0962	0.0000	0.0000	0.0000	0.0408	0.0000	0.0000	0.0000	0.0000	0.0000	0.0000	0.0000	0.0001	0.0000	0.0392	0.0102	0.0816	0.0000	0.0024	0.0000	0.0000	0.0000	0.0000	0.0183	0.0000	
0.0000	0.0000	0.1031	0.0000	0.0087	0.0002	0.0000	0.0000	0.1457	0.0314	0.0000	0.0000	0.0000	0.4955	0.0000	0.0000	0.0000	0.0000	0.0000	0.0000	0.2154	0.0000	0.0000	0.0000	0.0000	0.0000	0.0000	0.0000	0.0000	0.0000	0.0000	0.0000	0.0000	0.0000	0.0000	0.0000	0.0000	0.0000	0.0000	0.0000	
0.0000	0.0000	0.0000	0.0000	0.0000	0.0000	0.0000	0.0000	0.0000	0.2400	0.0000	0.1907	0.0000	0.0000	0.0101	0.0000	0.0000	0.0000	0.0000	0.0000	0.0000	0.0000	0.0000	0.0000	0.0000	0.0000	0.1550	0.0000	0.0000	0.0000	0.0000	0.0000	0.3961	0.0000	0.0000	0.0081	0.0000	0.0000	0.0000	0.0000	
0.0000	0.0000	0.0000	0.0000	0.0000	0.0000	0.0000	0.0000	0.0000	0.0000	0.0000	0.0000	0.0000	0.0000	0.0000	0.0000	0.0000	0.0000	0.0000	0.0000	0.0000	0.0000	0.0000	0.0000	0.0000	0.4087	0.0000	0.0000	0.0000	0.0638	0.0000	0.0000	0.0000	0.0000	0.0000	0.0000	0.0000	0.5275	0.0000	0.0000	
0.0000	0.0000	0.0000	0.0000	0.0000	0.0000	0.0000	0.0000	0.0000	0.0000	0.2249	0.0000	0.1148	0.0000	0.0000	0.1586	0.0000	0.0000	0.0000	0.0318	0.0000	0.0000	0.0000	0.0000	0.0000	0.0000	0.0000	0.0000	0.0000	0.0328	0.0710	0.3197	0.0000	0.0259	0.0000	0.0000	0.0000	0.0000	0.0204	0.0000	
0.2222	0.0004	0.0554	0.0000	0.1606	0.0000	0.0000	0.0000	0.0036	0.0000	0.0000	0.0000	0.0000	0.0033	0.0000	0.0000	0.0000	0.0000	0.1076	0.0000	0.0000	0.0000	0.0000	0.0000	0.0000	0.0000	0.0017	0.0147	0.0000	0.0000	0.0000	0.0000	0.0001	0.0000	0.0500	0.0000	0.2017	0.0000	0.0000	0.1788	
0.0000	0.1507	0.0669	0.0000	0.0013	0.0000	0.0059	0.0000	0.0919	0.0000	0.0000	0.0000	0.0000	0.0033	0.0000	0.0000	0.0000	0.0000	0.0000	0.0000	0.0000	0.0000	0.0000	0.0000	0.0000	0.0000	0.0000	0.0000	0.0000	0.0000	0.0000	0.0000	0.0000	0.0000	0.0000	0.0000	0.0000	0.0000	0.0000	0.6799	
0.0000	0.0000	0.0110	0.0000	0.0000	0.0000	0.0264	0.0000	0.0000	0.0000	0.0000	0.0495	0.0000	0.0002	0.0572	0.0000	0.0000	0.0000	0.0000	0.0000	0.0000	0.5763	0.2782	0.0000	0.0000	0.0000	0.0000	0.0000	0.0001	0.0000	0.0000	0.0000	0.0000	0.0000	0.0000	0.0000	0.0000	0.0000	0.0000	0.0009	
0.0000	0.1448	0.0339	0.0000	0.1612	0.0000	0.0006	0.0000	0.4295	0.0000	0.0000	0.0000	0.0000	0.0137	0.0000	0.0000	0.0000	0.0000	0.0000	0.0000	0.0000	0.0000	0.0000	0.0000	0.0000	0.0000	0.0000	0.0000	0.0000	0.0000	0.0000	0.0000	0.0000	0.0000	0.0000	0.0000	0.0000	0.0000	0.0000	0.2163	
0.0000	0.0000	0.0000	0.0000	0.0000	0.0000	0.0000	0.0000	0.0000	0.0000	0.1940	0.0000	0.0800	0.0000	0.0000	0.1162	0.0000	0.0000	0.0000	0.1078	0.0000	0.0000	0.0000	0.0000	0.0000	0.0000	0.0000	0.0000	0.0000	0.0606	0.0532	0.3253	0.0000	0.0391	0.0000	0.0000	0.0000	0.0000	0.0237	0.0000	
0.0000	0.0000	0.0000	0.0000	0.0000	0.0000	0.0000	0.0000	0.0000	0.0000	0.0020	0.0000	0.0067	0.0000	0.0000	0.0003	0.0000	0.0000	0.0000	0.0001	0.0000	0.0000	0.0000	0.0000	0.0000	0.0000	0.0000	0.0000	0.0000	0.9233	0.0001	0.0655	0.0000	0.0017	0.0000	0.0000	0.0000	0.0000	0.0003	0.0000	
0.2989	0.0000	0.0000	0.0000	0.0000	0.0000	0.0000	0.0000	0.0000	0.0000	0.0000	0.0000	0.0000	0.0000	0.0000	0.0000	0.0000	0.0000	0.2816	0.0000	0.0000	0.0000	0.0000	0.0000	0.0000	0.0000	0.0000	0.0249	0.0000	0.0000	0.0000	0.0000	0.0000	0.0000	0.0257	0.0000	0.3117	0.0572	0.0000	0.0000	
0.0000	0.0000	0.0016	0.0000	0.0000	0.0000	0.0000	0.0000	0.0005	0.0000	0.0000	0.0000	0.0000	0.0002	0.0000	0.0000	0.0000	0.0000	0.0000	0.0000	0.0000	0.0000	0.0000	0.0000	0.0000	0.4550	0.0000	0.0000	0.0000	0.0522	0.0000	0.0000	0.0000	0.0000	0.0000	0.0000	0.0000	0.4905	0.0000	0.0000	
0.1253	0.0000	0.0001	0.0000	0.0000	0.0000	0.0000	0.0000	0.0000	0.1175	0.0000	0.2962	0.0000	0.0000	0.0052	0.0000	0.0000	0.0000	0.0000	0.0000	0.0000	0.0000	0.0000	0.0000	0.0000	0.0000	0.1438	0.0000	0.0000	0.0000	0.0000	0.0000	0.3047	0.0000	0.0000	0.0072	0.0000	0.0000	0.0000	0.0000	
0.0000	0.0000	0.0000	0.0000	0.0000	0.0000	0.5854	0.2725	0.0000	0.0000	0.0000	0.0000	0.0000	0.0000	0.0000	0.0000	0.0000	0.0000	0.0000	0.0000	0.0000	0.0000	0.0000	0.0000	0.1421	0.0000	0.0000	0.0000	0.0000	0.0000	0.0000	0.0000	0.0000	0.0000	0.0000	0.0000	0.0000	0.0000	0.0000	0.0000	
0.2470	0.0000	0.0000	0.0000	0.0000	0.0000	0.0000	0.0000	0.0000	0.0000	0.0000	0.0000	0.0000	0.0000	0.0000	0.0000	0.0000	0.0000	0.1455	0.0000	0.0000	0.0000	0.0000	0.0000	0.0000	0.0000	0.0000	0.0348	0.0000	0.0000	0.0000	0.0000	0.0000	0.0000	0.0088	0.0000	0.2785	0.2854	0.0000	0.0000	
0.0000	0.0000	0.0000	0.0000	0.0000	0.0000	0.0000	0.0000	0.0000	0.0000	0.0137	0.0000	0.0001	0.0000	0.0000	0.0000	0.0000	0.0000	0.0000	0.0000	0.0000	0.0000	0.0000	0.1617	0.0000	0.0000	0.0369	0.0005	0.0006	0.7418	0.0000	0.0011	0.0000	0.0001	0.0000	0.0434	0.0000	0.0000	0.0000	0.0000	
0.0000	0.0001	0.0009	0.0105	0.0000	0.0169	0.0628	0.0000	0.0000	0.0006	0.0397	0.0000	0.0221	0.0000	0.0000	0.0181	0.0000	0.0117	0.0000	0.0550	0.0000	0.0658	0.0000	0.0001	0.0000	0.0000	0.0000	0.0002	0.0000	0.4693	0.0034	0.1691	0.0145	0.0016	0.0000	0.0002	0.0000	0.0003	0.0311	0.0059	
0.0000	0.0000	0.0000	0.0000	0.0000	0.5064	0.0000	0.0000	0.0000	0.0000	0.0000	0.0000	0.0000	0.0000	0.0003	0.0000	0.1851	0.0000	0.0000	0.0000	0.0000	0.0000	0.3019	0.0000	0.0000	0.0000	0.0000	0.0000	0.0000	0.0063	0.0000	0.0000	0.0000	0.0000	0.0000	0.0000	0.0000	0.0000	0.0000	0.0000	
0.3126	0.0000	0.0000	0.0000	0.0000	0.0000	0.0000	0.0000	0.0000	0.0000	0.0000	0.0000	0.0000	0.0000	0.0000	0.0000	0.0000	0.0000	0.0076	0.0000	0.0000	0.3918	0.0000	0.0000	0.0000	0.0000	0.0000	0.0011	0.0000	0.0000	0.0000	0.0000	0.0000	0.0000	0.1354	0.0000	0.1516	0.0000	0.0000	0.0000	
0.4265	0.0000	0.0085	0.0000	0.0000	0.0000	0.0000	0.0000	0.0000	0.0098	0.0000	0.4427	0.0000	0.0000	0.0000	0.0000	0.0000	0.0000	0.0000	0.0000	0.0000	0.0000	0.0000	0.0000	0.0000	0.0000	0.1118	0.0000	0.0000	0.0000	0.0000	0.0000	0.0005	0.0000	0.0000	0.0001	0.0000	0.0000	0.0000	0.0000	
0.0000	0.0000	0.0000	0.0000	0.0000	1.0000	0.0000	0.0000	0.0000	0.0000	0.0000	0.0000	0.0000	0.0000	0.0000	0.0000	0.0000	0.0000	0.0000	0.0000	0.0000	0.0000	0.0000	0.0000	0.0000	0.0000	0.0000	0.0000	0.0000	0.0000	0.0000	0.0000	0.0000	0.0000	0.0000	0.0000	0.0000	0.0000	0.0000	0.0000	
0.0020	0.0000	0.0000	0.0000	0.0000	0.0000	0.0000	0.0000	0.0000	0.0000	0.0000	0.0000	0.0000	0.0000	0.0000	0.0000	0.0000	0.0000	0.3232	0.0000	0.0000	0.0000	0.0000	0.0000	0.0000	0.0000	0.0000	0.0018	0.0000	0.0000	0.0000	0.0000	0.0000	0.0000	0.3164	0.0000	0.3545	0.0020	0.0000	0.0000	
0.0000	0.0121	0.0000	0.0000	0.0000	0.0000	0.8938	0.0712	0.0000	0.0000	0.0000	0.0000	0.0000	0.0000	0.0000	0.0000	0.0000	0.0000	0.0000	0.0000	0.0000	0.0000	0.0000	0.0000	0.0213	0.0000	0.0000	0.0000	0.0000	0.0000	0.0000	0.0000	0.0000	0.0000	0.0000	0.0000	0.0000	0.0000	0.0000	0.0016	
0.0000	0.0000	0.0015	0.0000	0.1300	0.0000	0.1598	0.0000	0.3035	0.0000	0.0000	0.0000	0.0000	0.0065	0.0000	0.0000	0.0000	0.0000	0.0000	0.0000	0.0000	0.2478	0.0000	0.0000	0.0000	0.0000	0.0000	0.0000	0.1489	0.0000	0.0000	0.0000	0.0000	0.0000	0.0000	0.0000	0.0019	0.0000	0.0000	0.0000	
0.0000	0.0000	0.0000	0.0000	0.0000	0.0000	0.0000	0.0001	0.0000	0.0000	0.0000	0.0798	0.0000	0.0000	0.0522	0.0001	0.0000	0.0001	0.0000	0.0000	0.0000	0.3467	0.3217	0.0000	0.0013	0.0438	0.0000	0.0000	0.0383	0.0850	0.0000	0.0000	0.0000	0.0000	0.0000	0.0000	0.0000	0.0308	0.0000	0.0000	
0.0816	0.0000	0.0000	0.0000	0.0000	0.0000	0.0000	0.0000	0.0000	0.0000	0.0000	0.0000	0.0000	0.0000	0.0000	0.0000	0.0000	0.0000	0.1881	0.0000	0.0000	0.0000	0.0000	0.0000	0.0000	0.0000	0.0000	0.0055	0.0000	0.0000	0.0000	0.0000	0.0000	0.0000	0.0235	0.0000	0.1017	0.5996	0.0000	0.0000	
0.0000	0.0330	0.2374	0.0000	0.0621	0.0000	0.0000	0.0000	0.2403	0.0000	0.0000	0.0000	0.0000	0.0088	0.0000	0.0000	0.0000	0.0000	0.0000	0.0000	0.0000	0.0000	0.0000	0.0000	0.0000	0.0000	0.0000	0.0000	0.0000	0.0000	0.0000	0.0000	0.0000	0.0000	0.0000	0.0000	0.0000	0.0000	0.0000	0.4184	
0.3633	0.0000	0.0000	0.0000	0.0000	0.0000	0.0000	0.0000	0.0000	0.0000	0.0000	0.0000	0.0000	0.0000	0.0000	0.0000	0.0000	0.0000	0.1015	0.0000	0.0000	0.0000	0.0000	0.0000	0.0000	0.0000	0.0000	0.0342	0.0000	0.0000	0.0000	0.0000	0.0000	0.0000	0.0786	0.0000	0.0705	0.3519	0.0000	0.0000	
0.0000	0.0310	0.1035	0.0000	0.0476	0.0000	0.0022	0.0000	0.4903	0.0000	0.0000	0.0000	0.0000	0.0614	0.0000	0.0000	0.0000	0.0000	0.0000	0.0000	0.0000	0.0000	0.0000	0.0000	0.0000	0.0000	0.0000	0.0000	0.0000	0.0000	0.0000	0.0000	0.0000	0.0000	0.0000	0.0000	0.0000	0.0000	0.0000	0.2640	
0.0000	0.0004	0.0000	0.0000	0.0000	0.0000	0.2968	0.4599	0.0000	0.0000	0.0001	0.0000	0.0000	0.0000	0.0000	0.0000	0.0000	0.0000	0.0000	0.0000	0.0000	0.0000	0.0000	0.0000	0.2380	0.0000	0.0000	0.0000	0.0000	0.0000	0.0000	0.0047	0.0000	0.0002	0.0000	0.0000	0.0000	0.0000	0.0000	0.0000	
0.0395	0.0000	0.0000	0.0000	0.0000	0.0000	0.0000	0.0000	0.0000	0.0000	0.0000	0.0000	0.0000	0.0000	0.0000	0.0000	0.0000	0.0000	0.1190	0.0000	0.0000	0.0000	0.0000	0.0000	0.0000	0.0000	0.0000	0.0696	0.0000	0.0000	0.0000	0.0000	0.0000	0.0000	0.2340	0.0000	0.5376	0.0004	0.0000	0.0000	
0.0000	0.0001	0.0000	0.0000	0.0000	0.0000	0.0591	0.8234	0.0000	0.0000	0.0000	0.0000	0.0000	0.0000	0.0000	0.0000	0.0000	0.0000	0.0000	0.0000	0.0000	0.0000	0.0000	0.0000	0.1174	0.0000	0.0000	0.0000	0.0000	0.0000	0.0000	0.0001	0.0000	0.0000	0.0000	0.0000	0.0000	0.0000	0.0000	0.0000	
0.0000	0.0000	0.0000	0.4073	0.0000	0.0000	0.0000	0.0000	0.0000	0.0001	0.0000	0.0000	0.0000	0.0000	0.0188	0.0000	0.0000	0.2048	0.0000	0.0000	0.0000	0.0000	0.0000	0.0002	0.0000	0.0000	0.1166	0.0000	0.0000	0.0000	0.0000	0.0000	0.2368	0.0000	0.0000	0.0153	0.0000	0.0001	0.0000	0.0000	
0.0000	0.0000	0.0000	0.0000	0.0000	0.0000	0.0000	0.0000	0.0000	0.0000	0.1717	0.0000	0.0682	0.0000	0.0000	0.1915	0.0000	0.0000	0.0000	0.0676	0.0000	0.0000	0.0000	0.0000	0.0000	0.0000	0.0000	0.0000	0.0000	0.1975	0.0063	0.2189	0.0000	0.0576	0.0000	0.0000	0.0000	0.0000	0.0207	0.0000	
0.0000	0.0000	0.0000	0.4806	0.0000	0.0000	0.0000	0.0000	0.0000	0.0000	0.0000	0.0000	0.0000	0.0000	0.0192	0.0000	0.0000	0.1842	0.0000	0.0000	0.0000	0.0000	0.0000	0.0001	0.0000	0.0000	0.1221	0.0000	0.0000	0.0000	0.0000	0.0000	0.1937	0.0000	0.0000	0.0000	0.0000	0.0001	0.0000	0.0000	

Emissions
0.0000	1.0000	0.0000	0.0000	0.0000	0.0000	
0.0000	0.0000	0.0000	0.0000	1.0000	0.0000	
0.0000	1.0000	0.0000	0.0000	0.0000	0.0000	
0.0000	0.0000	1.0000	0.0000	0.0000	0.0000	
0.0000	1.0000	0.0000	0.0000	0.0000	0.0000	
0.0000	0.0000	0.0000	0.0000	0.0000	1.0000	
0.0000	0.0000	0.0000	0.0000	1.0000	0.0000	
0.0000	0.0000	0.0000	1.0000	0.0000	0.0000	
0.0000	1.0000	0.0000	0.0000	0.0000	0.0000	
0.0000	0.0000	0.0000	0.9727	0.0273	0.0000	
0.0000	0.0000	0.0000	0.0000	1.0000	0.0000	
0.0000	0.0000	0.6330	0.3670	0.0000	0.0000	
0.0000	0.0000	0.0000	0.0000	1.0000	0.0000	
0.0000	0.8639	0.0000	0.0000	0.1361	0.0000	
0.0000	0.0000	1.0000	0.0000	0.0000	0.0000	
0.0000	0.0000	1.0000	0.0000	0.0000	0.0000	
0.0000	1.0000	0.0000	0.0000	0.0000	0.0000	
0.6676	0.0000	0.0000	0.3324	0.0000	0.0000	
0.0000	0.0000	0.0000	0.0000	1.0000	0.0000	
0.0000	0.0000	1.0000	0.0000	0.0000	0.0000	
0.0000	0.0920	0.0000	0.0000	0.0293	0.8786	
0.0000	0.0000	0.0000	0.9999	0.0000	0.0000	
0.9563	0.0437	0.0000	0.0000	0.0000	0.0000	
0.0000	0.0000	0.0000	0.0000	1.0000	0.0000	
0.0000	0.0000	0.0000	0.0000	1.0000	0.0000	
0.0000	0.0000	0.0000	0.0000	1.0000	0.0000	
0.0000	0.0000	0.0000	0.0000	1.0000	0.0000	
0.0000	0.0000	0.0000	0.0000	1.0000	0.0000	
0.0000	0.0000	0.6847	0.0002	0.3151	0.0000	
0.0000	0.0000	0.0000	0.0000	0.0000	1.0000	
0.0000	0.0000	1.0000	0.0000	0.0000	0.0000	
0.0000	0.0000	0.0000	0.0000	1.0000	0.0000	
0.0000	0.0000	0.0000	0.0000	1.0000	0.0000	
0.0000	0.0000	0.0000	0.0000	1.0000	0.0000	
0.0000	0.0000	0.0000	0.0000	1.0000	0.0000	
0.0000	0.0000	0.0000	0.0000	1.0000	0.0000	
0.0000	0.0000	0.0000	0.0000	1.0000	0.0000	
1.0000	0.0000	0.0000	0.0000	0.0000	0.0000	
1.0000	0.0000	0.0000	0.0000	0.0000	0.0000	
0.0000	0.0000	0.0000	0.0000	1.0000	0.0000	
