DataSet 6
Learner: Baum Welch Learner
Log Likelihood: 78244.5550732811

Number of States: 20
Number of Symbols: 6
Threshold: 0.01

Initial Distribution:
0.2653	0.0000	0.0000	0.0000	0.3027	0.0000	0.0000	0.0000	0.0000	0.0000	0.4297	0.0000	0.0000	0.0024	0.0000	0.0000	0.0000	0.0000	0.0000	0.0000	

Transitions:
0.0000	0.1117	0.0000	0.0002	0.0000	0.3275	0.0000	0.4058	0.1525	0.0023	0.0000	0.0000	0.0000	0.0000	0.0000	0.0000	0.0000	0.0000	0.0000	0.0000	
0.0000	0.0000	0.0000	0.0000	0.0000	0.0000	0.0000	0.0000	0.0000	0.4122	0.0000	0.0000	0.0000	0.0000	0.0000	0.0288	0.0000	0.0000	0.5589	0.0000	
0.0000	0.0000	0.0000	0.0000	0.0000	0.0000	0.0000	0.0000	0.0000	0.2181	0.0000	0.0000	0.0000	0.0000	0.0000	0.5369	0.0000	0.0000	0.2449	0.0000	
0.0001	0.0499	0.0000	0.0001	0.0760	0.0000	0.0981	0.0000	0.0620	0.0000	0.0846	0.0000	0.0000	0.0000	0.0000	0.3175	0.0024	0.0278	0.2816	0.0000	
0.0000	0.1527	0.0000	0.0111	0.0000	0.5126	0.0000	0.0043	0.3191	0.0000	0.0000	0.0000	0.0000	0.0000	0.0000	0.0000	0.0000	0.0000	0.0000	0.0000	
0.0000	0.0000	0.2844	0.0000	0.0000	0.0000	0.0000	0.0000	0.0000	0.0000	0.0000	0.0000	0.1277	0.0000	0.5577	0.0000	0.0000	0.0000	0.0000	0.0301	
0.0041	0.0000	0.0418	0.0000	0.0065	0.0000	0.2611	0.0000	0.0000	0.0000	0.0350	0.0000	0.2984	0.0573	0.1418	0.0076	0.0000	0.0000	0.0000	0.1464	
0.0000	0.1822	0.0000	0.0846	0.0000	0.0000	0.3614	0.0000	0.2766	0.0000	0.0027	0.0000	0.0000	0.0000	0.0000	0.0000	0.0000	0.0000	0.0925	0.0000	
0.0000	0.0000	0.0000	0.0000	0.0000	0.0000	0.0000	0.0000	0.0000	0.1158	0.0000	0.0000	0.0000	0.0000	0.0000	0.8244	0.0000	0.0002	0.0596	0.0000	
0.0000	0.1322	0.0004	0.0107	0.0000	0.4287	0.0000	0.1931	0.2331	0.0017	0.0000	0.0000	0.0000	0.0000	0.0000	0.0000	0.0000	0.0000	0.0000	0.0000	
0.0000	0.0000	0.2874	0.0000	0.0000	0.0000	0.0000	0.0000	0.0000	0.0006	0.0000	0.0000	0.1304	0.0000	0.5525	0.0000	0.0000	0.0000	0.0000	0.0292	
0.0000	0.0000	0.0000	0.0000	0.0000	0.0000	0.0000	0.0000	0.0000	0.0000	0.0000	0.0000	1.0000	0.0000	0.0000	0.0000	0.0000	0.0000	0.0000	0.0000	
0.0000	0.0000	0.0000	0.0024	0.0000	0.0000	0.3199	0.0000	0.0004	0.0089	0.3114	0.0295	0.0001	0.0054	0.0000	0.0000	0.0000	0.0191	0.0000	0.3031	
0.0000	0.1555	0.0039	0.1300	0.0000	0.0000	0.3570	0.0000	0.2602	0.0000	0.0030	0.0000	0.0000	0.0000	0.0000	0.0000	0.0000	0.0000	0.0904	0.0000	
0.2501	0.0000	0.0000	0.0000	0.3155	0.0000	0.0000	0.0000	0.0000	0.0000	0.4315	0.0000	0.0000	0.0029	0.0000	0.0000	0.0000	0.0000	0.0000	0.0000	
0.0004	0.0162	0.0000	0.0000	0.0262	0.0000	0.0000	0.0000	0.0000	0.0000	0.0000	0.0000	0.0000	0.4380	0.0022	0.0000	0.5170	0.0000	0.0000	0.0000	
0.0000	0.0000	0.0000	0.0000	0.0000	0.0000	0.0000	0.0000	0.0000	0.5317	0.0000	0.4110	0.0573	0.0000	0.0000	0.0000	0.0000	0.0000	0.0000	0.0000	
0.0000	0.0000	0.0176	0.0000	0.0000	0.0000	0.0000	0.0000	0.0001	0.0000	0.0000	0.0000	0.0000	0.0000	0.9315	0.0026	0.0481	0.0001	0.0000	0.0000	
0.0000	0.0000	0.0000	0.0000	0.0000	0.0000	0.0000	0.0000	0.0000	0.2350	0.1034	0.0462	0.0038	0.0000	0.0000	0.4189	0.0000	0.0069	0.1854	0.0004	
0.0000	0.0078	0.0270	0.0000	0.0000	0.0013	0.0000	0.0000	0.0303	0.0000	0.0000	0.0000	0.4406	0.0129	0.0556	0.0000	0.0000	0.0000	0.1081	0.3162	

Emissions
0.0000	0.0000	0.0000	0.0000	1.0000	0.0000	
0.0000	0.0000	0.0000	0.0000	1.0000	0.0000	
0.0045	0.0000	0.9955	0.0000	0.0000	0.0000	
0.0000	0.0000	0.0000	1.0000	0.0000	0.0000	
0.0000	0.0000	0.0000	0.0000	1.0000	0.0000	
0.0000	0.0000	1.0000	0.0000	0.0000	0.0000	
0.0000	0.0284	0.3017	0.6672	0.0027	0.0000	
0.7002	0.0000	0.0000	0.2998	0.0000	0.0000	
0.0000	0.0000	0.0000	0.0000	1.0000	0.0000	
0.9967	0.0000	0.0000	0.0000	0.0000	0.0033	
0.0000	0.9858	0.0000	0.0000	0.0142	0.0000	
0.0000	0.0000	0.0000	0.0000	0.9941	0.0059	
0.0000	0.0000	0.0033	0.0000	0.0000	0.9967	
0.0000	0.0000	0.0000	0.0000	1.0000	0.0000	
0.0000	0.0000	0.0000	0.0000	1.0000	0.0000	
0.0000	0.0000	0.0000	0.0000	1.0000	0.0000	
0.0000	0.0000	0.0000	1.0000	0.0000	0.0000	
0.0000	0.0000	0.0000	0.0000	1.0000	0.0000	
0.0000	1.0000	0.0000	0.0000	0.0000	0.0000	
0.6513	0.0127	0.0012	0.0456	0.0000	0.2892	
