DataSet 6
Learner: Baum Welch Learner
Log Likelihood: 69347.0761155419

Number of States: 80
Number of Symbols: 6
Threshold: 0.01

Initial Distribution:
0.0296	0.3663	0.0000	0.0000	0.0000	0.0000	0.0000	0.0000	0.0000	0.0000	0.0000	0.0000	0.0000	0.0000	0.0000	0.0000	0.0000	0.0000	0.0000	0.0000	0.0000	0.0000	0.0000	0.0000	0.0000	0.0000	0.0000	0.0000	0.0000	0.0000	0.0000	0.0000	0.0000	0.0000	0.0000	0.0000	0.0000	0.0000	0.0000	0.0032	0.0000	0.0000	0.0000	0.0000	0.0000	0.0000	0.0000	0.0000	0.0000	0.0000	0.0000	0.0000	0.1734	0.0000	0.0000	0.0000	0.0000	0.0000	0.0000	0.0000	0.0000	0.0000	0.0000	0.0000	0.0000	0.0000	0.0000	0.0000	0.0000	0.0000	0.0000	0.0000	0.0000	0.0000	0.0000	0.0000	0.0000	0.0000	0.4274	0.0000	

Transitions:
0.0000	0.0000	0.0000	0.0000	0.0144	0.1783	0.0329	0.0000	0.0093	0.0000	0.0000	0.0000	0.0000	0.0000	0.0110	0.0000	0.0000	0.0000	0.0000	0.0000	0.0000	0.0000	0.0000	0.0009	0.0000	0.0000	0.0000	0.0000	0.0034	0.0000	0.0000	0.0000	0.0901	0.0000	0.0000	0.0465	0.0000	0.0000	0.0000	0.0000	0.0000	0.0687	0.0000	0.0000	0.0201	0.1865	0.0000	0.0000	0.0001	0.0159	0.0000	0.1877	0.0000	0.0000	0.0000	0.0002	0.0079	0.0000	0.0011	0.0528	0.0000	0.0000	0.0000	0.0488	0.0000	0.0137	0.0000	0.0000	0.0000	0.0000	0.0016	0.0000	0.0005	0.0071	0.0000	0.0000	0.0000	0.0005	0.0000	0.0000	
0.0000	0.0000	0.0000	0.0000	0.0360	0.0346	0.1665	0.0000	0.0198	0.0000	0.0000	0.0000	0.0000	0.0000	0.0027	0.0000	0.0000	0.0000	0.0000	0.0000	0.0000	0.0000	0.0000	0.0001	0.0000	0.0000	0.0000	0.0000	0.0018	0.0000	0.0000	0.0000	0.0160	0.0000	0.0000	0.0501	0.0000	0.0000	0.0000	0.0000	0.0000	0.5120	0.0000	0.0000	0.0009	0.0704	0.0000	0.0000	0.0000	0.0098	0.0000	0.0462	0.0000	0.0000	0.0000	0.0001	0.0004	0.0000	0.0001	0.0039	0.0000	0.0000	0.0000	0.0198	0.0000	0.0078	0.0000	0.0000	0.0000	0.0000	0.0008	0.0000	0.0000	0.0001	0.0000	0.0000	0.0000	0.0000	0.0000	0.0000	
0.0864	0.4648	0.0000	0.0000	0.0000	0.0000	0.0000	0.0000	0.0000	0.0000	0.0000	0.0000	0.0000	0.0000	0.0000	0.0000	0.0000	0.0000	0.0000	0.0000	0.0000	0.0000	0.0000	0.0000	0.0000	0.0000	0.0000	0.0000	0.0000	0.0000	0.0000	0.0000	0.0000	0.0000	0.0000	0.0000	0.0026	0.0000	0.0000	0.0080	0.0000	0.0000	0.0000	0.0000	0.0000	0.0000	0.0000	0.0000	0.0000	0.0000	0.0000	0.0000	0.3254	0.0000	0.0000	0.0000	0.0000	0.0000	0.0000	0.0000	0.0000	0.0000	0.0000	0.0000	0.0000	0.0000	0.0000	0.0002	0.0000	0.0000	0.0000	0.0000	0.0000	0.0000	0.0000	0.0000	0.0000	0.0000	0.1126	0.0000	
0.0000	0.0000	0.0000	0.0001	0.0199	0.0524	0.1683	0.0000	0.0206	0.0000	0.0000	0.0000	0.0000	0.0006	0.0232	0.0000	0.0000	0.0000	0.0000	0.0000	0.0000	0.0000	0.0000	0.0006	0.0000	0.0000	0.0000	0.0000	0.0015	0.0000	0.0000	0.0000	0.0086	0.0000	0.0000	0.0433	0.0000	0.0000	0.0000	0.0000	0.0000	0.4189	0.0000	0.0000	0.0088	0.0926	0.0000	0.0000	0.0002	0.0339	0.0000	0.0489	0.0000	0.0000	0.0000	0.0005	0.0018	0.0000	0.0007	0.0079	0.0000	0.0000	0.0000	0.0303	0.0000	0.0116	0.0000	0.0000	0.0000	0.0000	0.0015	0.0000	0.0003	0.0024	0.0000	0.0000	0.0000	0.0006	0.0000	0.0000	
0.0000	0.0000	0.0000	0.5146	0.0000	0.0000	0.0000	0.0000	0.0227	0.0164	0.0722	0.0222	0.0000	0.0000	0.0000	0.0000	0.0254	0.0000	0.0000	0.0074	0.0000	0.0000	0.0000	0.0000	0.0000	0.0009	0.0000	0.0000	0.0000	0.0000	0.0031	0.0008	0.0000	0.0000	0.0038	0.0000	0.0000	0.0014	0.0000	0.0000	0.0000	0.0000	0.0386	0.0037	0.0000	0.0000	0.0000	0.0000	0.1684	0.0000	0.0022	0.0000	0.0000	0.0000	0.0896	0.0000	0.0000	0.0020	0.0000	0.0000	0.0000	0.0030	0.0000	0.0000	0.0000	0.0000	0.0015	0.0000	0.0000	0.0000	0.0000	0.0000	0.0000	0.0000	0.0000	0.0002	0.0000	0.0000	0.0000	0.0000	
0.0000	0.0000	0.0000	0.0338	0.0000	0.0000	0.0000	0.0000	0.0041	0.0247	0.1993	0.0298	0.0000	0.0000	0.0000	0.0000	0.0475	0.0000	0.0000	0.1718	0.0000	0.0000	0.0000	0.0000	0.0000	0.0031	0.0000	0.0000	0.0000	0.0000	0.0183	0.0377	0.0000	0.0000	0.0314	0.0000	0.0000	0.0011	0.0000	0.0000	0.0000	0.0000	0.0003	0.0103	0.0000	0.0000	0.0000	0.0000	0.0401	0.0000	0.0009	0.0000	0.0000	0.0000	0.3003	0.0000	0.0000	0.0009	0.0000	0.0000	0.0000	0.0414	0.0000	0.0000	0.0000	0.0000	0.0031	0.0000	0.0000	0.0000	0.0000	0.0000	0.0000	0.0000	0.0000	0.0000	0.0000	0.0000	0.0000	0.0000	
0.0000	0.0000	0.0000	0.0000	0.0207	0.0727	0.0000	0.0000	0.0000	0.0000	0.0000	0.0000	0.0000	0.0000	0.0327	0.2258	0.0000	0.0000	0.0000	0.0000	0.0000	0.0000	0.0000	0.0010	0.0000	0.0000	0.0017	0.0000	0.0002	0.0672	0.0000	0.0000	0.0867	0.0000	0.0000	0.0000	0.0000	0.0000	0.0000	0.0000	0.0000	0.0000	0.0000	0.0000	0.0017	0.0520	0.0000	0.0000	0.0000	0.0292	0.0000	0.0936	0.0000	0.0000	0.0000	0.0003	0.0023	0.0000	0.0004	0.0055	0.0191	0.0000	0.0000	0.0077	0.0000	0.0221	0.0000	0.0000	0.0000	0.0005	0.0000	0.0000	0.2276	0.0242	0.0000	0.0000	0.0000	0.0050	0.0000	0.0001	
0.0000	0.0000	0.0000	0.0000	0.0000	0.0000	0.0000	0.0000	0.0000	0.0000	0.0000	0.0000	0.0000	0.0000	0.0000	0.0000	0.0000	0.0000	0.0000	0.0000	0.0000	0.0000	0.0551	0.0000	0.0000	0.0000	0.0000	0.0000	0.0000	0.0000	0.0000	0.0764	0.0000	0.4757	0.0000	0.0000	0.0000	0.0000	0.0000	0.0000	0.0000	0.0000	0.0000	0.0000	0.0000	0.0000	0.0000	0.2516	0.0000	0.0000	0.0000	0.0000	0.0000	0.0000	0.0000	0.0000	0.0000	0.0000	0.0000	0.0000	0.0000	0.0000	0.1408	0.0000	0.0000	0.0000	0.0000	0.0000	0.0000	0.0000	0.0000	0.0003	0.0000	0.0000	0.0000	0.0000	0.0000	0.0000	0.0000	0.0000	
0.0000	0.0000	0.0000	0.0000	0.2958	0.0901	0.0027	0.0000	0.0000	0.0000	0.0000	0.0000	0.0000	0.0011	0.0246	0.0000	0.0000	0.0000	0.0000	0.0000	0.0000	0.0000	0.0000	0.0035	0.0000	0.0000	0.0000	0.0000	0.0274	0.0000	0.0000	0.0000	0.0862	0.0000	0.0000	0.0000	0.0000	0.0000	0.0000	0.0000	0.0000	0.0039	0.0000	0.0000	0.0206	0.0091	0.0000	0.0000	0.0000	0.0002	0.0000	0.1556	0.0000	0.0000	0.0000	0.0025	0.0113	0.0000	0.0002	0.0645	0.0000	0.0000	0.0000	0.0843	0.0000	0.0474	0.0000	0.0000	0.0000	0.0000	0.0021	0.0000	0.0643	0.0006	0.0000	0.0000	0.0000	0.0019	0.0000	0.0000	
0.0000	0.0000	0.0000	0.1426	0.0000	0.0000	0.0000	0.0000	0.0095	0.0063	0.0521	0.0123	0.0000	0.0000	0.0000	0.0000	0.0641	0.0000	0.0000	0.0134	0.0000	0.0000	0.0000	0.0000	0.0000	0.0010	0.0000	0.0000	0.0000	0.0000	0.0039	0.0347	0.0000	0.0000	0.0238	0.0000	0.0000	0.0002	0.0000	0.0000	0.0000	0.0000	0.0018	0.0050	0.0000	0.0000	0.0000	0.0000	0.1426	0.0000	0.0002	0.0000	0.0000	0.0000	0.4622	0.0000	0.0000	0.0004	0.0000	0.0000	0.0000	0.0230	0.0000	0.0000	0.0000	0.0000	0.0005	0.0000	0.0000	0.0000	0.0000	0.0000	0.0000	0.0000	0.0000	0.0002	0.0000	0.0000	0.0000	0.0000	
0.0015	0.0002	0.0000	0.0000	0.0000	0.0000	0.0000	0.0000	0.0000	0.0000	0.0000	0.0000	0.0763	0.0000	0.0000	0.0000	0.0000	0.0000	0.0000	0.0000	0.0000	0.0001	0.0000	0.0000	0.0000	0.0000	0.0000	0.0000	0.0000	0.0000	0.0001	0.0000	0.0000	0.0000	0.0000	0.0000	0.0000	0.0000	0.3258	0.4021	0.0000	0.0000	0.0000	0.0000	0.0000	0.0000	0.1130	0.0000	0.0000	0.0000	0.0000	0.0000	0.0022	0.0000	0.0000	0.0000	0.0000	0.0000	0.0000	0.0000	0.0000	0.0000	0.0000	0.0000	0.0000	0.0000	0.0001	0.0003	0.0000	0.0000	0.0000	0.0000	0.0000	0.0000	0.0783	0.0000	0.0000	0.0000	0.0000	0.0000	
0.0098	0.0003	0.0000	0.0000	0.0000	0.0000	0.0000	0.0000	0.0000	0.0000	0.0001	0.0000	0.1176	0.0000	0.0000	0.0000	0.0000	0.0000	0.0001	0.0000	0.0000	0.0015	0.0000	0.0000	0.0000	0.0000	0.0000	0.0000	0.0000	0.0000	0.0002	0.0000	0.0000	0.0000	0.0000	0.0000	0.0000	0.0000	0.2604	0.5381	0.0000	0.0000	0.0002	0.0000	0.0000	0.0000	0.0475	0.0000	0.0000	0.0000	0.0000	0.0000	0.0016	0.0000	0.0002	0.0000	0.0000	0.0000	0.0000	0.0000	0.0000	0.0002	0.0000	0.0000	0.0000	0.0000	0.0002	0.0011	0.0000	0.0000	0.0000	0.0000	0.0000	0.0000	0.0209	0.0000	0.0000	0.0000	0.0000	0.0000	
0.0000	0.0000	0.0000	0.2935	0.0000	0.0000	0.0000	0.0000	0.0002	0.0000	0.0000	0.0000	0.0000	0.0000	0.0000	0.0000	0.0000	0.0000	0.0000	0.0000	0.0000	0.0000	0.0000	0.0000	0.0000	0.0000	0.0000	0.0000	0.0000	0.0000	0.0000	0.0000	0.0000	0.0000	0.0000	0.0000	0.0000	0.0000	0.0000	0.0000	0.0000	0.0000	0.0000	0.0000	0.0000	0.0000	0.0000	0.1976	0.1023	0.0000	0.0000	0.0000	0.0000	0.0000	0.0000	0.0000	0.0000	0.0000	0.0000	0.0000	0.0000	0.0000	0.0000	0.0000	0.0000	0.0000	0.0000	0.0000	0.4065	0.0000	0.0000	0.0000	0.0000	0.0000	0.0000	0.0000	0.0000	0.0000	0.0000	0.0000	
0.0000	0.0000	0.0004	0.0931	0.0000	0.0001	0.0000	0.0000	0.0034	0.0069	0.1049	0.0184	0.0000	0.0003	0.0000	0.0000	0.0039	0.0000	0.0000	0.0099	0.0000	0.0000	0.0000	0.0044	0.0000	0.1580	0.0000	0.0000	0.0010	0.0000	0.0369	0.0001	0.0000	0.0000	0.0017	0.0000	0.0000	0.0030	0.0000	0.0000	0.0000	0.0000	0.1457	0.1316	0.0075	0.0000	0.0000	0.0000	0.0235	0.0004	0.0004	0.0000	0.0000	0.0000	0.1383	0.0000	0.0047	0.0000	0.0006	0.0001	0.0000	0.0695	0.0000	0.0001	0.0000	0.0000	0.0017	0.0001	0.0000	0.0000	0.0000	0.0000	0.0000	0.0000	0.0000	0.0289	0.0003	0.0002	0.0000	0.0000	
0.0000	0.0000	0.0001	0.0722	0.0000	0.0000	0.0000	0.0000	0.0024	0.0127	0.0722	0.0357	0.0000	0.0000	0.0000	0.0000	0.1142	0.0000	0.0000	0.1752	0.0000	0.0000	0.0000	0.0000	0.0000	0.0027	0.0000	0.0000	0.0000	0.0000	0.0027	0.1122	0.0000	0.0000	0.1058	0.0000	0.0000	0.0015	0.0000	0.0000	0.0000	0.0000	0.0149	0.0028	0.0000	0.0000	0.0000	0.0000	0.0443	0.0000	0.0008	0.0000	0.0000	0.0000	0.2031	0.0000	0.0000	0.0005	0.0000	0.0000	0.0000	0.0234	0.0000	0.0000	0.0000	0.0000	0.0003	0.0000	0.0000	0.0000	0.0000	0.0000	0.0000	0.0000	0.0000	0.0001	0.0000	0.0000	0.0000	0.0000	
0.0000	0.0000	0.0000	0.0000	0.0000	0.0000	0.0000	0.1619	0.0000	0.0000	0.0000	0.0000	0.0037	0.0000	0.0000	0.0072	0.0000	0.1948	0.0047	0.0000	0.0000	0.0000	0.0000	0.0000	0.0000	0.0000	0.5608	0.0000	0.0000	0.0000	0.0000	0.0000	0.0000	0.0000	0.0000	0.0000	0.0000	0.0000	0.0008	0.0000	0.0008	0.0000	0.0000	0.0000	0.0000	0.0000	0.0007	0.0000	0.0000	0.0000	0.0000	0.0000	0.0000	0.0000	0.0000	0.0000	0.0000	0.0000	0.0000	0.0000	0.0000	0.0000	0.0020	0.0000	0.0000	0.0000	0.0000	0.0000	0.0000	0.0361	0.0000	0.0264	0.0000	0.0000	0.0000	0.0000	0.0000	0.0000	0.0000	0.0000	
0.0000	0.0000	0.0000	0.0239	0.0000	0.0000	0.0000	0.0000	0.0034	0.0261	0.1028	0.0280	0.0000	0.0000	0.0000	0.0000	0.1397	0.0000	0.0000	0.1481	0.0000	0.0000	0.0000	0.0000	0.0000	0.0006	0.0000	0.0000	0.0000	0.0000	0.0019	0.0712	0.0000	0.0000	0.0340	0.0000	0.0000	0.0011	0.0000	0.0000	0.0000	0.0000	0.0101	0.0138	0.0000	0.0000	0.0000	0.0000	0.0506	0.0000	0.0007	0.0000	0.0000	0.0000	0.3230	0.0000	0.0000	0.0015	0.0000	0.0000	0.0000	0.0181	0.0000	0.0000	0.0000	0.0000	0.0012	0.0000	0.0000	0.0000	0.0000	0.0000	0.0000	0.0000	0.0000	0.0002	0.0000	0.0000	0.0000	0.0000	
0.0000	0.0000	0.0000	0.0000	0.0000	0.0000	0.0000	0.0000	0.0000	0.0000	0.0000	0.0000	0.0000	0.0000	0.0000	0.0000	0.0000	0.0000	0.0000	0.0000	0.0000	0.0000	0.1959	0.0000	0.0000	0.0000	0.0000	0.0000	0.0000	0.0000	0.0000	0.1654	0.0000	0.3960	0.0000	0.0000	0.0000	0.0000	0.0000	0.0000	0.0000	0.0000	0.0000	0.0000	0.0000	0.0000	0.0000	0.0126	0.0000	0.0000	0.0000	0.0000	0.0000	0.0000	0.0000	0.0000	0.0000	0.0000	0.0000	0.0000	0.0000	0.0000	0.2291	0.0000	0.0003	0.0000	0.0000	0.0000	0.0000	0.0000	0.0000	0.0008	0.0000	0.0000	0.0000	0.0000	0.0000	0.0000	0.0000	0.0000	
0.0000	0.0000	0.0000	0.0000	0.0000	0.0000	0.0000	0.0000	0.0000	0.0000	0.0026	0.0014	0.0000	0.0000	0.0000	0.0000	0.0000	0.0000	0.0000	0.0000	0.0000	0.0000	0.0000	0.0000	0.0000	0.0001	0.0690	0.0000	0.0000	0.0324	0.0002	0.0000	0.0000	0.0000	0.0000	0.0000	0.0000	0.0000	0.0000	0.0000	0.2049	0.0000	0.0272	0.0000	0.0000	0.0000	0.0000	0.0000	0.0000	0.0000	0.0000	0.0000	0.0000	0.0000	0.0288	0.0262	0.0000	0.0000	0.0000	0.0000	0.1646	0.0007	0.0000	0.0000	0.0000	0.0000	0.0003	0.0000	0.0000	0.0000	0.0429	0.0000	0.0002	0.0000	0.0000	0.0000	0.0000	0.0000	0.0000	0.3982	
0.0000	0.0000	0.0000	0.0490	0.0000	0.0000	0.0000	0.0000	0.0011	0.0080	0.1348	0.0052	0.0000	0.0000	0.0000	0.0000	0.0488	0.0000	0.0000	0.1560	0.0000	0.0000	0.0000	0.0000	0.0000	0.0002	0.0000	0.0000	0.0000	0.0000	0.0048	0.0163	0.0000	0.0000	0.0304	0.0000	0.0000	0.0003	0.0000	0.0000	0.0000	0.0000	0.0013	0.0040	0.0000	0.0000	0.0000	0.0000	0.1234	0.0000	0.0005	0.0000	0.0000	0.0000	0.4041	0.0000	0.0000	0.0043	0.0000	0.0000	0.0000	0.0071	0.0000	0.0000	0.0000	0.0000	0.0001	0.0000	0.0000	0.0000	0.0000	0.0000	0.0000	0.0000	0.0000	0.0000	0.0001	0.0000	0.0000	0.0000	
0.0000	0.0000	0.0040	0.0000	0.0000	0.0000	0.0000	0.0000	0.0000	0.0000	0.0000	0.0000	0.0000	0.0000	0.0000	0.0000	0.0000	0.0000	0.0000	0.0000	0.0190	0.0000	0.0000	0.0000	0.2674	0.0000	0.0000	0.3558	0.0000	0.0000	0.0000	0.0000	0.0000	0.0000	0.0000	0.0000	0.0000	0.0000	0.0000	0.0000	0.0000	0.0000	0.0000	0.0001	0.0000	0.0000	0.0000	0.0022	0.0000	0.0000	0.0000	0.0000	0.0000	0.1396	0.0000	0.0000	0.0000	0.0000	0.0000	0.0000	0.0000	0.0000	0.1977	0.0000	0.0000	0.0000	0.0000	0.0000	0.0000	0.0000	0.0000	0.0002	0.0000	0.0000	0.0000	0.0000	0.0140	0.0000	0.0000	0.0000	
0.0000	0.0000	0.0000	0.0000	0.0487	0.0017	0.0000	0.0000	0.0000	0.0000	0.0000	0.0000	0.0000	0.0017	0.0014	0.0000	0.0000	0.0000	0.0000	0.0000	0.0000	0.0000	0.0000	0.0000	0.0000	0.0000	0.9077	0.0000	0.0006	0.0000	0.0000	0.0000	0.0000	0.0000	0.0000	0.0000	0.0000	0.0000	0.0000	0.0000	0.0000	0.0000	0.0000	0.0000	0.0000	0.0002	0.0000	0.0000	0.0000	0.0013	0.0000	0.0014	0.0000	0.0000	0.0000	0.0098	0.0001	0.0000	0.0008	0.0019	0.0000	0.0000	0.0000	0.0010	0.0000	0.0152	0.0000	0.0000	0.0000	0.0000	0.0052	0.0000	0.0000	0.0001	0.0000	0.0000	0.0000	0.0011	0.0000	0.0000	
0.0000	0.0000	0.0000	0.0054	0.0000	0.0000	0.0000	0.0000	0.0118	0.0000	0.0000	0.0000	0.0000	0.0000	0.0000	0.0000	0.0000	0.0000	0.0000	0.0000	0.0000	0.0000	0.0000	0.0000	0.0000	0.0000	0.0000	0.0000	0.0000	0.0000	0.0000	0.0000	0.0000	0.0000	0.0000	0.0000	0.0000	0.0000	0.0000	0.0000	0.0000	0.0000	0.0000	0.0000	0.0000	0.0000	0.0000	0.1039	0.0010	0.0000	0.0005	0.0000	0.0000	0.0000	0.0000	0.0000	0.0000	0.0000	0.0000	0.0000	0.0000	0.0000	0.0000	0.0000	0.0000	0.0000	0.0000	0.0000	0.8762	0.0000	0.0000	0.0013	0.0000	0.0000	0.0000	0.0000	0.0000	0.0000	0.0000	0.0000	
0.0000	0.0000	0.0002	0.0001	0.0000	0.0000	0.0000	0.0000	0.0001	0.0001	0.3763	0.0480	0.0000	0.0000	0.0000	0.0000	0.0011	0.0000	0.0000	0.0016	0.0000	0.0000	0.0000	0.0002	0.0000	0.0336	0.0000	0.0000	0.0000	0.0000	0.0059	0.0001	0.0000	0.0000	0.0006	0.0000	0.0000	0.0002	0.0000	0.0000	0.0000	0.0000	0.1310	0.0349	0.0006	0.0000	0.0000	0.0000	0.0005	0.0000	0.0000	0.0000	0.0000	0.0000	0.1896	0.0000	0.0003	0.0000	0.0002	0.0000	0.0000	0.1459	0.0000	0.0000	0.0000	0.0000	0.0241	0.0004	0.0000	0.0000	0.0000	0.0000	0.0000	0.0000	0.0000	0.0040	0.0002	0.0000	0.0000	0.0000	
0.0000	0.0000	0.0000	0.0584	0.0000	0.0000	0.0000	0.0000	0.0159	0.0031	0.0727	0.0075	0.0000	0.0000	0.0000	0.0000	0.0251	0.0000	0.0000	0.1759	0.0000	0.0000	0.0000	0.0000	0.0000	0.0020	0.0000	0.0000	0.0000	0.0000	0.0011	0.0206	0.0000	0.0000	0.0179	0.0000	0.0000	0.0006	0.0000	0.0000	0.0000	0.0000	0.0074	0.0094	0.0000	0.0000	0.0000	0.0000	0.1417	0.0000	0.0007	0.0000	0.0000	0.0000	0.4350	0.0000	0.0000	0.0014	0.0000	0.0000	0.0000	0.0027	0.0000	0.0000	0.0000	0.0000	0.0003	0.0000	0.0000	0.0000	0.0000	0.0000	0.0000	0.0000	0.0000	0.0002	0.0003	0.0000	0.0000	0.0000	
0.0131	0.0000	0.0000	0.0000	0.0000	0.0000	0.0000	0.0000	0.0000	0.0000	0.0004	0.0001	0.0087	0.0000	0.0000	0.0000	0.0000	0.0000	0.0002	0.0000	0.0000	0.0048	0.0000	0.0001	0.0000	0.0003	0.0000	0.0000	0.0001	0.0000	0.0020	0.0000	0.0000	0.0000	0.0000	0.0000	0.0000	0.0000	0.0363	0.8246	0.0000	0.0000	0.0009	0.0003	0.0001	0.0001	0.0817	0.0000	0.0000	0.0000	0.0000	0.0001	0.0006	0.0000	0.0019	0.0000	0.0001	0.0000	0.0007	0.0002	0.0000	0.0014	0.0000	0.0000	0.0000	0.0000	0.0022	0.0007	0.0000	0.0000	0.0000	0.0000	0.0000	0.0000	0.0184	0.0001	0.0000	0.0000	0.0000	0.0000	
0.0037	0.0585	0.0000	0.0002	0.0027	0.0000	0.0000	0.0048	0.0000	0.0000	0.0000	0.0000	0.0000	0.0001	0.0000	0.0000	0.0000	0.0001	0.0000	0.0000	0.0232	0.1320	0.0000	0.0000	0.0000	0.0000	0.0000	0.0000	0.0000	0.0000	0.0000	0.0000	0.0000	0.0006	0.0000	0.0015	0.0023	0.0000	0.0000	0.0014	0.0000	0.0000	0.0001	0.0000	0.0000	0.0000	0.0000	0.0066	0.0000	0.0000	0.0000	0.0000	0.0224	0.0000	0.0000	0.0000	0.0000	0.0000	0.0000	0.0000	0.0000	0.0000	0.5123	0.0000	0.0000	0.0000	0.0000	0.0000	0.0000	0.0000	0.0000	0.0004	0.0000	0.0000	0.0000	0.0000	0.0000	0.0000	0.0509	0.1760	
0.0162	0.2477	0.0000	0.0000	0.0000	0.0000	0.0000	0.0000	0.0000	0.0000	0.0000	0.0000	0.0000	0.0000	0.0000	0.0000	0.0000	0.0000	0.0000	0.0000	0.0000	0.0000	0.0000	0.0000	0.0000	0.0000	0.0000	0.0000	0.0000	0.0000	0.0000	0.0000	0.0000	0.0000	0.0000	0.0000	0.0051	0.0000	0.0000	0.0003	0.0000	0.0000	0.0000	0.0000	0.0000	0.0000	0.0000	0.0000	0.0000	0.0000	0.0000	0.0000	0.1795	0.0000	0.0000	0.0000	0.0000	0.0000	0.0000	0.0000	0.0000	0.0000	0.0000	0.0000	0.0000	0.0000	0.0000	0.0001	0.0000	0.0000	0.0000	0.0000	0.0000	0.0000	0.0000	0.0000	0.0000	0.0000	0.5510	0.0000	
0.0000	0.0000	0.0001	0.0607	0.0000	0.0000	0.0000	0.0000	0.0087	0.0031	0.1460	0.0330	0.0000	0.0000	0.0000	0.0000	0.0325	0.0000	0.0000	0.0066	0.0000	0.0000	0.0000	0.0001	0.0000	0.0085	0.0000	0.0000	0.0000	0.0000	0.0157	0.0017	0.0000	0.0000	0.0060	0.0000	0.0000	0.0015	0.0000	0.0000	0.0000	0.0000	0.0787	0.0300	0.0005	0.0000	0.0000	0.0000	0.0083	0.0000	0.0001	0.0000	0.0000	0.0000	0.5185	0.0000	0.0004	0.0001	0.0001	0.0000	0.0000	0.0195	0.0000	0.0000	0.0000	0.0000	0.0154	0.0000	0.0000	0.0000	0.0000	0.0000	0.0000	0.0000	0.0000	0.0041	0.0001	0.0000	0.0000	0.0000	
0.0000	0.0000	0.0000	0.0000	0.0000	0.0000	0.0000	0.0000	0.0000	0.0000	0.0000	0.0000	0.0000	0.0000	0.0000	0.0000	0.0000	0.0000	0.0000	0.0000	0.0000	0.0000	0.0000	0.0000	0.0000	0.0000	0.0000	0.0000	0.0000	0.0000	0.0000	0.0000	0.0000	0.0000	0.0000	0.0000	0.6749	0.0000	0.0000	0.0000	0.0000	0.0000	0.0000	0.0000	0.0000	0.0000	0.0000	0.0000	0.0000	0.0000	0.0000	0.0000	0.0000	0.0000	0.0000	0.0000	0.0000	0.0000	0.0000	0.0000	0.0000	0.0000	0.0000	0.0000	0.0000	0.0000	0.0000	0.0000	0.0000	0.0000	0.0000	0.2037	0.0000	0.0000	0.0000	0.0000	0.0000	0.0000	0.1214	0.0000	
0.0047	0.0000	0.0000	0.0000	0.0001	0.0003	0.0000	0.0000	0.0000	0.0000	0.0000	0.0001	0.0625	0.0003	0.0001	0.0000	0.0000	0.0000	0.0001	0.0000	0.0000	0.0001	0.0000	0.0001	0.0000	0.0002	0.0000	0.0000	0.0004	0.0000	0.0004	0.0000	0.0000	0.0000	0.0000	0.0000	0.0000	0.0000	0.1311	0.2899	0.0000	0.0000	0.0001	0.0001	0.0003	0.0001	0.4105	0.0000	0.0000	0.0002	0.0000	0.0000	0.0013	0.0000	0.0001	0.0000	0.0003	0.0000	0.0003	0.0007	0.0000	0.0002	0.0000	0.0001	0.0000	0.0000	0.0000	0.0014	0.0000	0.0000	0.0000	0.0000	0.0000	0.0000	0.0938	0.0001	0.0000	0.0000	0.0000	0.0000	
0.0000	0.0000	0.0000	0.5489	0.0000	0.0000	0.0000	0.0000	0.0826	0.0000	0.0000	0.0000	0.0000	0.0000	0.0000	0.0000	0.0000	0.0000	0.0000	0.0000	0.0000	0.0000	0.0000	0.0000	0.0000	0.0000	0.0000	0.0000	0.0000	0.0000	0.0000	0.0000	0.0000	0.0000	0.0000	0.0000	0.0000	0.0000	0.0000	0.0000	0.0000	0.0000	0.0000	0.0000	0.0000	0.0000	0.0000	0.0000	0.3674	0.0000	0.0003	0.0000	0.0000	0.0000	0.0000	0.0000	0.0000	0.0008	0.0000	0.0000	0.0000	0.0000	0.0000	0.0000	0.0000	0.0000	0.0000	0.0000	0.0000	0.0000	0.0000	0.0000	0.0000	0.0000	0.0000	0.0000	0.0000	0.0000	0.0000	0.0000	
0.0000	0.0000	0.0000	0.1219	0.0000	0.0000	0.0000	0.0000	0.0042	0.0161	0.1259	0.0173	0.0000	0.0000	0.0000	0.0000	0.0406	0.0000	0.0000	0.1395	0.0000	0.0000	0.0000	0.0000	0.0000	0.0015	0.0000	0.0000	0.0000	0.0000	0.0021	0.0511	0.0000	0.0000	0.0252	0.0000	0.0000	0.0001	0.0000	0.0000	0.0000	0.0000	0.0138	0.0005	0.0000	0.0000	0.0000	0.0000	0.0575	0.0000	0.0026	0.0000	0.0000	0.0000	0.3611	0.0000	0.0000	0.0005	0.0000	0.0000	0.0000	0.0178	0.0000	0.0000	0.0000	0.0000	0.0004	0.0000	0.0000	0.0000	0.0000	0.0000	0.0000	0.0000	0.0000	0.0000	0.0000	0.0000	0.0000	0.0000	
0.0000	0.0000	0.0000	0.0000	0.0000	0.0000	0.0000	0.0000	0.0000	0.0000	0.0000	0.0000	0.0000	0.0000	0.0000	0.0000	0.0000	0.0000	0.0000	0.0000	0.0000	0.0000	0.0017	0.0000	0.0000	0.0000	0.0000	0.0000	0.0000	0.0000	0.0000	0.0000	0.0000	0.0000	0.0000	0.0000	0.0000	0.0000	0.0000	0.0000	0.0000	0.0000	0.0000	0.0000	0.0000	0.0000	0.0000	0.0000	0.0000	0.0000	0.0000	0.0000	0.0000	0.0000	0.0000	0.0000	0.0000	0.0000	0.0000	0.0000	0.0000	0.0000	0.0000	0.0000	0.9983	0.0000	0.0000	0.0000	0.0000	0.0000	0.0000	0.0000	0.0000	0.0000	0.0000	0.0000	0.0000	0.0000	0.0000	0.0000	
0.0000	0.0000	0.0000	0.0047	0.0000	0.0000	0.0000	0.0000	0.0011	0.0112	0.2307	0.0230	0.0000	0.0000	0.0000	0.0000	0.0314	0.0000	0.0000	0.0213	0.0000	0.0000	0.0000	0.0000	0.0000	0.0034	0.0000	0.0000	0.0000	0.0000	0.0020	0.0193	0.0000	0.0000	0.0115	0.0000	0.0000	0.0001	0.0000	0.0000	0.0000	0.0000	0.0168	0.0116	0.0000	0.0000	0.0000	0.0000	0.0050	0.0000	0.0003	0.0000	0.0000	0.0000	0.5871	0.0000	0.0000	0.0001	0.0000	0.0000	0.0000	0.0177	0.0000	0.0000	0.0000	0.0000	0.0017	0.0000	0.0000	0.0000	0.0000	0.0000	0.0000	0.0000	0.0000	0.0000	0.0002	0.0000	0.0000	0.0000	
0.0000	0.0000	0.0004	0.0000	0.0100	0.0204	0.0000	0.0000	0.0000	0.0000	0.0000	0.0000	0.0000	0.0002	0.0082	0.2382	0.0000	0.0000	0.0000	0.0000	0.0019	0.0000	0.0000	0.0005	0.0108	0.0000	0.0001	0.0038	0.0000	0.1351	0.0000	0.0000	0.0515	0.0000	0.0000	0.0000	0.0000	0.0000	0.0000	0.0000	0.0000	0.0000	0.0000	0.0001	0.0018	0.0227	0.0000	0.0000	0.0000	0.0169	0.0000	0.0216	0.0000	0.0021	0.0000	0.0005	0.0040	0.0000	0.0005	0.0006	0.1855	0.0000	0.0000	0.0496	0.0000	0.0078	0.0000	0.0000	0.0000	0.0000	0.0000	0.0000	0.1808	0.0159	0.0000	0.0000	0.0015	0.0068	0.0000	0.0001	
0.0000	0.0000	0.0179	0.0000	0.0000	0.0000	0.0000	0.0000	0.0000	0.0000	0.0000	0.0000	0.0000	0.0000	0.0000	0.0000	0.0000	0.0000	0.0000	0.0000	0.0241	0.0000	0.0000	0.0000	0.2496	0.0000	0.0000	0.3747	0.0000	0.0000	0.0000	0.0000	0.0000	0.0000	0.0000	0.0000	0.0000	0.0000	0.0000	0.0000	0.0000	0.0000	0.0000	0.0000	0.0000	0.0000	0.0000	0.0011	0.0000	0.0000	0.0000	0.0000	0.0000	0.0817	0.0000	0.0000	0.0000	0.0000	0.0000	0.0000	0.0000	0.0000	0.1199	0.0000	0.0000	0.0000	0.0000	0.0000	0.0000	0.0000	0.0000	0.0010	0.0000	0.0000	0.0000	0.0000	0.1299	0.0000	0.0000	0.0000	
0.0000	0.0000	0.0000	0.0016	0.0000	0.0000	0.0000	0.0000	0.0003	0.0045	0.0361	0.1107	0.0000	0.0000	0.0000	0.0000	0.0160	0.0000	0.0000	0.0040	0.0000	0.0000	0.0000	0.0001	0.0000	0.0040	0.0000	0.0000	0.0000	0.0000	0.0170	0.0082	0.0000	0.0000	0.0070	0.0000	0.0000	0.0005	0.0000	0.0000	0.0000	0.0000	0.1244	0.0156	0.0001	0.0000	0.0000	0.0000	0.0062	0.0000	0.0005	0.0000	0.0000	0.0000	0.5617	0.0000	0.0002	0.0002	0.0000	0.0000	0.0000	0.0503	0.0000	0.0000	0.0000	0.0000	0.0290	0.0000	0.0000	0.0000	0.0000	0.0000	0.0000	0.0000	0.0000	0.0017	0.0002	0.0000	0.0000	0.0000	
0.0000	0.0000	0.0000	0.0000	0.0013	0.0024	0.0000	0.0000	0.0000	0.0000	0.0000	0.0000	0.0000	0.0002	0.0036	0.4403	0.0000	0.0000	0.0000	0.0000	0.0000	0.0000	0.0000	0.0001	0.0000	0.0000	0.0000	0.0000	0.0018	0.2482	0.0000	0.0000	0.0001	0.0000	0.0000	0.0000	0.0000	0.0000	0.0000	0.0000	0.0000	0.0000	0.0000	0.0000	0.0012	0.0005	0.0000	0.0000	0.0000	0.0091	0.0000	0.0026	0.0000	0.0000	0.0000	0.0009	0.0002	0.0000	0.0004	0.0016	0.1644	0.0000	0.0000	0.0025	0.0000	0.0008	0.0000	0.0000	0.0000	0.0000	0.0000	0.0000	0.1162	0.0000	0.0000	0.0000	0.0000	0.0015	0.0000	0.0000	
0.0000	0.0000	0.0000	0.0000	0.0845	0.0407	0.0000	0.0000	0.0000	0.0000	0.0000	0.0000	0.0000	0.0000	0.0156	0.0933	0.0000	0.0000	0.0000	0.0000	0.0000	0.0000	0.0000	0.0016	0.0000	0.0000	0.0000	0.0000	0.0177	0.0000	0.0000	0.0000	0.0735	0.0000	0.0000	0.0000	0.0000	0.0000	0.0000	0.0000	0.0000	0.0000	0.0000	0.0000	0.0048	0.0070	0.0000	0.0000	0.0000	0.0762	0.0000	0.1560	0.0000	0.0000	0.0000	0.0008	0.0048	0.0000	0.0024	0.0349	0.0000	0.0000	0.0000	0.0965	0.0000	0.0219	0.0000	0.0000	0.0000	0.0000	0.0000	0.0000	0.2574	0.0014	0.0000	0.0000	0.0000	0.0088	0.0000	0.0000	
0.0000	0.0000	0.0000	0.0000	0.0000	0.0000	0.0000	0.0000	0.0000	0.0000	0.0000	0.0000	0.0000	0.0000	0.0000	0.0000	0.0000	0.0000	0.0000	0.0000	0.0000	0.0000	0.0000	0.0000	0.0000	0.0000	0.0000	0.0000	0.0000	0.0000	0.0000	0.0000	0.0000	0.0000	0.0000	0.0000	0.0934	0.0000	0.0000	0.0000	0.0000	0.0000	0.0000	0.0000	0.0000	0.0000	0.0000	0.0000	0.0000	0.0000	0.0000	0.0000	0.0000	0.0000	0.0000	0.0000	0.0000	0.0000	0.0000	0.0000	0.0000	0.0000	0.0000	0.0000	0.0000	0.0000	0.0000	0.0000	0.0000	0.0000	0.0000	0.0000	0.0000	0.0000	0.0000	0.0000	0.0000	0.0000	0.5658	0.3408	
0.0000	0.0000	0.0443	0.0000	0.0000	0.0000	0.0000	0.0000	0.0000	0.0000	0.0000	0.0000	0.0000	0.0000	0.0000	0.0000	0.0000	0.0000	0.0000	0.0000	0.0208	0.0000	0.0000	0.0000	0.2823	0.0000	0.0000	0.1692	0.0000	0.0000	0.0000	0.0000	0.0000	0.0000	0.0000	0.0000	0.0000	0.0000	0.0000	0.0000	0.0000	0.0000	0.0000	0.0000	0.0000	0.0000	0.0000	0.0009	0.0000	0.0000	0.0000	0.0000	0.0000	0.2799	0.0000	0.0000	0.0000	0.0000	0.0000	0.0000	0.0000	0.0000	0.1362	0.0000	0.0000	0.0000	0.0000	0.0000	0.0000	0.0000	0.0000	0.0016	0.0000	0.0000	0.0000	0.0000	0.0647	0.0000	0.0000	0.0000	
0.0060	0.0000	0.0000	0.0000	0.0000	0.0000	0.0000	0.0000	0.0000	0.0000	0.0000	0.0000	0.1619	0.0000	0.0000	0.0000	0.0000	0.0000	0.0001	0.0000	0.0000	0.0006	0.0000	0.0000	0.0000	0.0000	0.0000	0.0000	0.0000	0.0000	0.0002	0.0000	0.0000	0.0000	0.0000	0.0000	0.0000	0.0000	0.0605	0.1333	0.0000	0.0000	0.0002	0.0000	0.0000	0.0000	0.5255	0.0000	0.0000	0.0000	0.0000	0.0000	0.0010	0.0000	0.0001	0.0000	0.0000	0.0000	0.0000	0.0000	0.0000	0.0001	0.0000	0.0000	0.0000	0.0000	0.0000	0.0008	0.0000	0.0000	0.0000	0.0000	0.0000	0.0000	0.1096	0.0000	0.0000	0.0000	0.0000	0.0000	
0.0499	0.0021	0.0000	0.0000	0.0000	0.0000	0.0000	0.0000	0.0000	0.0000	0.0006	0.0001	0.0149	0.0000	0.0000	0.0000	0.0000	0.0000	0.0000	0.0000	0.0000	0.0194	0.0000	0.0000	0.0000	0.0001	0.0000	0.0000	0.0000	0.0000	0.0039	0.0000	0.0000	0.0000	0.0000	0.0000	0.0000	0.0000	0.0895	0.7301	0.0000	0.0000	0.0004	0.0000	0.0000	0.0000	0.0238	0.0000	0.0000	0.0000	0.0000	0.0000	0.0339	0.0000	0.0043	0.0000	0.0000	0.0000	0.0001	0.0000	0.0000	0.0009	0.0000	0.0000	0.0000	0.0000	0.0006	0.0056	0.0000	0.0000	0.0000	0.0000	0.0000	0.0000	0.0198	0.0000	0.0000	0.0000	0.0000	0.0000	
0.0000	0.0000	0.0001	0.0000	0.0000	0.0000	0.0000	0.0000	0.0000	0.0000	0.1795	0.0459	0.0000	0.0000	0.0000	0.0000	0.0001	0.0000	0.0000	0.0004	0.0000	0.0000	0.0000	0.0000	0.0000	0.0075	0.0000	0.0000	0.0000	0.0000	0.0863	0.0000	0.0000	0.0000	0.0002	0.0000	0.0000	0.0000	0.0000	0.0000	0.0000	0.0000	0.0021	0.0012	0.0001	0.0000	0.0000	0.0000	0.0000	0.0000	0.0000	0.0000	0.0000	0.0000	0.5607	0.0000	0.0000	0.0000	0.0001	0.0000	0.0000	0.1060	0.0000	0.0000	0.0000	0.0000	0.0091	0.0000	0.0000	0.0000	0.0000	0.0000	0.0000	0.0000	0.0000	0.0007	0.0000	0.0000	0.0000	0.0000	
0.0000	0.0000	0.0000	0.2140	0.0000	0.0000	0.0000	0.0000	0.0053	0.0157	0.0266	0.0118	0.0000	0.0000	0.0000	0.0000	0.0765	0.0000	0.0000	0.0088	0.0000	0.0000	0.0000	0.0000	0.0000	0.0023	0.0000	0.0000	0.0000	0.0000	0.0017	0.0122	0.0000	0.0000	0.0407	0.0000	0.0000	0.0001	0.0000	0.0000	0.0000	0.0000	0.0314	0.0096	0.0000	0.0000	0.0000	0.0000	0.1114	0.0000	0.0005	0.0000	0.0000	0.0000	0.4292	0.0000	0.0000	0.0016	0.0000	0.0000	0.0000	0.0002	0.0000	0.0000	0.0000	0.0000	0.0001	0.0000	0.0000	0.0000	0.0000	0.0000	0.0000	0.0000	0.0000	0.0001	0.0001	0.0000	0.0000	0.0000	
0.0000	0.0000	0.0000	0.3093	0.0000	0.0000	0.0000	0.0000	0.0176	0.0000	0.0000	0.0000	0.0000	0.0000	0.0000	0.0000	0.0000	0.0000	0.0000	0.0000	0.0000	0.0000	0.0000	0.0000	0.0000	0.0000	0.0000	0.0000	0.0000	0.0000	0.0000	0.0000	0.0000	0.0000	0.0000	0.0000	0.0000	0.0000	0.0000	0.0000	0.0000	0.0000	0.0000	0.0000	0.0000	0.0000	0.0000	0.0510	0.1022	0.0000	0.0000	0.0000	0.0000	0.0000	0.0000	0.0000	0.0000	0.0000	0.0000	0.0000	0.0000	0.0000	0.0000	0.0000	0.0000	0.0000	0.0000	0.0000	0.5197	0.0000	0.0000	0.0000	0.0000	0.0000	0.0000	0.0000	0.0000	0.0000	0.0000	0.0000	
0.0000	0.0000	0.0000	0.0566	0.0000	0.0000	0.0000	0.0295	0.0277	0.0000	0.0000	0.0000	0.0009	0.0000	0.0000	0.0000	0.0000	0.1332	0.0001	0.0000	0.0000	0.0000	0.0000	0.0000	0.0000	0.0000	0.1635	0.0000	0.0000	0.0000	0.0000	0.0000	0.0000	0.0001	0.0000	0.0000	0.0000	0.0000	0.0000	0.0000	0.0000	0.0000	0.0000	0.0000	0.0000	0.0000	0.0012	0.0783	0.1599	0.0000	0.0000	0.0000	0.0000	0.0000	0.0000	0.0000	0.0000	0.0000	0.0000	0.0000	0.0000	0.0000	0.0069	0.0000	0.0000	0.0000	0.0000	0.0000	0.2773	0.0014	0.0000	0.0055	0.0001	0.0000	0.0000	0.0000	0.0000	0.0000	0.0000	0.0578	
0.0000	0.0000	0.0000	0.0000	0.0145	0.0390	0.1341	0.0000	0.0164	0.0000	0.0000	0.0000	0.0000	0.0003	0.0153	0.0000	0.0000	0.0000	0.0000	0.0000	0.0000	0.0000	0.0000	0.0001	0.0000	0.0000	0.0000	0.0000	0.0017	0.0000	0.0000	0.0000	0.0180	0.0000	0.0000	0.0258	0.0000	0.0000	0.0000	0.0000	0.0000	0.4794	0.0000	0.0000	0.0077	0.0725	0.0000	0.0000	0.0002	0.0293	0.0000	0.1055	0.0000	0.0000	0.0000	0.0005	0.0019	0.0000	0.0010	0.0124	0.0000	0.0000	0.0000	0.0010	0.0000	0.0156	0.0000	0.0000	0.0000	0.0000	0.0054	0.0000	0.0009	0.0018	0.0000	0.0000	0.0000	0.0000	0.0000	0.0000	
0.0000	0.0000	0.0001	0.0553	0.0000	0.0000	0.0000	0.0000	0.0073	0.0244	0.1843	0.0365	0.0000	0.0000	0.0000	0.0000	0.0675	0.0000	0.0000	0.0375	0.0000	0.0000	0.0000	0.0000	0.0000	0.0049	0.0000	0.0000	0.0000	0.0000	0.0194	0.0324	0.0000	0.0000	0.0346	0.0000	0.0000	0.0017	0.0000	0.0000	0.0000	0.0000	0.0529	0.0090	0.0000	0.0000	0.0000	0.0000	0.0522	0.0000	0.0018	0.0000	0.0000	0.0000	0.3273	0.0000	0.0000	0.0008	0.0000	0.0000	0.0000	0.0469	0.0000	0.0000	0.0000	0.0000	0.0020	0.0000	0.0000	0.0000	0.0000	0.0000	0.0000	0.0000	0.0000	0.0010	0.0001	0.0000	0.0000	0.0000	
0.0000	0.0000	0.0000	0.0044	0.0133	0.0377	0.0137	0.0000	0.2061	0.0000	0.0000	0.0000	0.0000	0.0028	0.0025	0.0000	0.0000	0.0000	0.0000	0.0000	0.0000	0.0000	0.0000	0.0138	0.0000	0.0000	0.0000	0.0000	0.0098	0.0000	0.0000	0.0000	0.0417	0.0000	0.0000	0.0258	0.0000	0.0000	0.0000	0.0000	0.0000	0.0003	0.0000	0.0000	0.0969	0.0757	0.0000	0.0000	0.0049	0.0656	0.0002	0.2389	0.0000	0.0000	0.0000	0.0001	0.0571	0.0000	0.0142	0.0130	0.0000	0.0000	0.0000	0.0507	0.0000	0.0020	0.0000	0.0000	0.0000	0.0000	0.0071	0.0000	0.0005	0.0006	0.0000	0.0002	0.0000	0.0005	0.0000	0.0000	
0.0000	0.0000	0.0000	0.0768	0.0000	0.0000	0.0000	0.0000	0.0058	0.0251	0.0539	0.0145	0.0000	0.0000	0.0000	0.0000	0.0201	0.0000	0.0000	0.2355	0.0000	0.0000	0.0000	0.0000	0.0000	0.0024	0.0000	0.0000	0.0000	0.0000	0.0046	0.0209	0.0000	0.0000	0.0410	0.0000	0.0000	0.0000	0.0000	0.0000	0.0000	0.0000	0.0116	0.0084	0.0000	0.0000	0.0000	0.0000	0.0546	0.0000	0.0004	0.0000	0.0000	0.0000	0.4066	0.0000	0.0000	0.0008	0.0000	0.0000	0.0000	0.0163	0.0000	0.0000	0.0000	0.0000	0.0005	0.0000	0.0000	0.0000	0.0000	0.0000	0.0000	0.0000	0.0000	0.0001	0.0001	0.0000	0.0000	0.0000	
0.0000	0.0000	0.0000	0.0000	0.0071	0.0889	0.0973	0.0000	0.0120	0.0000	0.0000	0.0000	0.0000	0.0005	0.0021	0.0000	0.0000	0.0000	0.0000	0.0000	0.0000	0.0000	0.0000	0.0009	0.0000	0.0000	0.0000	0.0000	0.0030	0.0000	0.0000	0.0000	0.0434	0.0000	0.0000	0.0223	0.0000	0.0000	0.0000	0.0000	0.0000	0.3309	0.0000	0.0000	0.0027	0.1525	0.0000	0.0000	0.0000	0.0294	0.0000	0.1154	0.0000	0.0000	0.0000	0.0001	0.0012	0.0000	0.0001	0.0343	0.0000	0.0000	0.0000	0.0498	0.0000	0.0027	0.0000	0.0000	0.0000	0.0000	0.0011	0.0000	0.0008	0.0005	0.0000	0.0000	0.0000	0.0011	0.0000	0.0000	
0.0118	0.3113	0.0000	0.0000	0.0000	0.0000	0.0000	0.0000	0.0000	0.0000	0.0000	0.0000	0.0000	0.0000	0.0000	0.0000	0.0000	0.0000	0.0000	0.0000	0.0000	0.0000	0.0000	0.0000	0.0000	0.0000	0.0000	0.0000	0.0000	0.0000	0.0000	0.0000	0.0000	0.0000	0.0000	0.0000	0.0053	0.0000	0.0000	0.0010	0.0000	0.0000	0.0000	0.0000	0.0000	0.0000	0.0000	0.0000	0.0000	0.0000	0.0000	0.0000	0.1853	0.0000	0.0000	0.0000	0.0000	0.0000	0.0000	0.0000	0.0000	0.0000	0.0000	0.0000	0.0000	0.0000	0.0000	0.0001	0.0000	0.0000	0.0000	0.0000	0.0000	0.0000	0.0000	0.0000	0.0000	0.0000	0.4852	0.0000	
0.0025	0.0001	0.0000	0.0000	0.0000	0.0000	0.0000	0.0000	0.0000	0.0000	0.0000	0.0000	0.0749	0.0000	0.0000	0.0000	0.0000	0.0000	0.0000	0.0000	0.0000	0.0003	0.0000	0.0000	0.0000	0.0000	0.0000	0.0000	0.0000	0.0000	0.0000	0.0000	0.0000	0.0000	0.0000	0.0000	0.0000	0.0000	0.1203	0.2768	0.0000	0.0000	0.0000	0.0000	0.0000	0.0000	0.4083	0.0000	0.0000	0.0000	0.0000	0.0000	0.0040	0.0000	0.0000	0.0000	0.0000	0.0000	0.0000	0.0000	0.0000	0.0000	0.0000	0.0000	0.0000	0.0000	0.0000	0.0000	0.0000	0.0000	0.0000	0.0000	0.0000	0.0000	0.1126	0.0000	0.0000	0.0000	0.0000	0.0000	
0.0488	0.0129	0.0001	0.0000	0.1612	0.0201	0.0014	0.0000	0.0000	0.0000	0.0191	0.0005	0.0000	0.0056	0.0006	0.0000	0.0000	0.0000	0.0000	0.0000	0.0000	0.0000	0.0000	0.0213	0.0000	0.0302	0.0000	0.0000	0.0004	0.0000	0.0008	0.0000	0.0068	0.0000	0.0000	0.0000	0.0027	0.0000	0.0000	0.0000	0.0000	0.0000	0.0003	0.0208	0.0317	0.1455	0.0000	0.0000	0.0000	0.0440	0.0000	0.0200	0.1229	0.0000	0.0017	0.0000	0.0419	0.0000	0.0446	0.0079	0.0000	0.0008	0.0000	0.0266	0.0000	0.0503	0.0080	0.0727	0.0000	0.0000	0.0000	0.0000	0.0001	0.0001	0.0000	0.0220	0.0002	0.0007	0.0045	0.0000	
0.0000	0.0000	0.0002	0.0002	0.0000	0.0000	0.0000	0.0000	0.0001	0.0001	0.2705	0.0901	0.0000	0.0000	0.0000	0.0000	0.0021	0.0000	0.0000	0.0005	0.0000	0.0000	0.0000	0.0004	0.0000	0.0367	0.0000	0.0000	0.0000	0.0000	0.0809	0.0002	0.0000	0.0000	0.0010	0.0000	0.0000	0.0003	0.0000	0.0000	0.0000	0.0000	0.0700	0.0493	0.0001	0.0000	0.0000	0.0000	0.0002	0.0000	0.0000	0.0000	0.0000	0.0000	0.3742	0.0000	0.0012	0.0000	0.0002	0.0000	0.0000	0.0077	0.0000	0.0000	0.0000	0.0000	0.0118	0.0002	0.0000	0.0000	0.0000	0.0000	0.0000	0.0000	0.0000	0.0014	0.0005	0.0000	0.0000	0.0000	
0.0000	0.0000	0.0000	0.0463	0.0040	0.0374	0.0071	0.0000	0.2449	0.0000	0.0000	0.0000	0.0000	0.0000	0.0000	0.0000	0.0000	0.0000	0.0000	0.0000	0.0000	0.0000	0.0000	0.0444	0.0000	0.0000	0.0000	0.0000	0.0315	0.0000	0.0000	0.0000	0.0014	0.0000	0.0000	0.0893	0.0000	0.0000	0.0000	0.0000	0.0000	0.0003	0.0000	0.0000	0.0867	0.0452	0.0000	0.0000	0.0550	0.0103	0.0012	0.0754	0.0000	0.0000	0.0000	0.0002	0.1233	0.0000	0.0309	0.0503	0.0000	0.0000	0.0000	0.0112	0.0000	0.0020	0.0000	0.0000	0.0000	0.0000	0.0013	0.0000	0.0000	0.0001	0.0000	0.0000	0.0000	0.0002	0.0000	0.0000	
0.0000	0.0000	0.0002	0.0006	0.0000	0.0001	0.0000	0.0000	0.0000	0.0008	0.2961	0.0486	0.0000	0.0002	0.0000	0.0000	0.0044	0.0000	0.0000	0.0087	0.0000	0.0000	0.0000	0.0004	0.0000	0.0138	0.0000	0.0000	0.0010	0.0000	0.1476	0.0000	0.0000	0.0000	0.0060	0.0000	0.0000	0.0008	0.0000	0.0000	0.0000	0.0000	0.0112	0.0925	0.0068	0.0000	0.0000	0.0000	0.0001	0.0000	0.0000	0.0000	0.0000	0.0000	0.2201	0.0000	0.0054	0.0000	0.0027	0.0000	0.0000	0.0034	0.0000	0.0000	0.0000	0.0000	0.0828	0.0002	0.0000	0.0000	0.0000	0.0000	0.0000	0.0000	0.0000	0.0451	0.0001	0.0000	0.0000	0.0000	
0.0000	0.0000	0.0001	0.0563	0.0000	0.0000	0.0000	0.0000	0.0045	0.0262	0.2780	0.0246	0.0000	0.0000	0.0000	0.0000	0.0254	0.0000	0.0000	0.1675	0.0000	0.0000	0.0000	0.0000	0.0000	0.0092	0.0000	0.0000	0.0000	0.0000	0.0028	0.0032	0.0000	0.0000	0.0573	0.0000	0.0000	0.0002	0.0000	0.0000	0.0000	0.0000	0.0455	0.0038	0.0001	0.0000	0.0000	0.0000	0.0404	0.0000	0.0014	0.0000	0.0000	0.0000	0.2027	0.0000	0.0000	0.0008	0.0000	0.0000	0.0000	0.0457	0.0000	0.0000	0.0000	0.0000	0.0031	0.0000	0.0000	0.0000	0.0000	0.0000	0.0000	0.0000	0.0000	0.0006	0.0002	0.0000	0.0000	0.0000	
0.0000	0.0000	0.0000	0.0000	0.0000	0.0000	0.0000	0.0000	0.0000	0.0000	0.0000	0.0000	0.0000	0.0000	0.0000	0.0000	0.0000	0.0000	0.0000	0.0000	0.0000	0.0000	0.0000	0.0000	0.0000	0.0000	0.0000	0.0000	0.0000	0.0000	0.0000	0.0000	0.0000	0.0000	0.0000	0.0000	0.1077	0.0000	0.0000	0.0000	0.0000	0.0000	0.0000	0.0000	0.0000	0.0000	0.0000	0.0000	0.0000	0.0000	0.0000	0.0000	0.0000	0.0000	0.0000	0.0000	0.0000	0.0000	0.0000	0.0000	0.0000	0.0000	0.0000	0.0000	0.0000	0.0000	0.0000	0.0000	0.0000	0.0000	0.0000	0.1285	0.0000	0.0000	0.0000	0.0000	0.0000	0.0000	0.7638	0.0000	
0.0021	0.0000	0.0000	0.0000	0.0000	0.0000	0.0000	0.0000	0.0000	0.0000	0.0000	0.0001	0.1246	0.0000	0.0000	0.0000	0.0000	0.0000	0.0001	0.0000	0.0000	0.0003	0.0000	0.0000	0.0000	0.0001	0.0000	0.0000	0.0000	0.0000	0.0002	0.0000	0.0000	0.0000	0.0000	0.0000	0.0000	0.0000	0.3551	0.1513	0.0000	0.0000	0.0001	0.0000	0.0000	0.0000	0.2618	0.0000	0.0000	0.0000	0.0000	0.0000	0.0015	0.0000	0.0002	0.0000	0.0000	0.0000	0.0002	0.0001	0.0000	0.0001	0.0000	0.0000	0.0000	0.0000	0.0000	0.0019	0.0000	0.0000	0.0000	0.0000	0.0000	0.0000	0.1000	0.0000	0.0000	0.0000	0.0000	0.0000	
0.0000	0.0000	0.0000	0.0000	0.0000	0.0000	0.0000	0.1742	0.0000	0.0000	0.0000	0.0000	0.0070	0.0000	0.0000	0.0000	0.0000	0.2133	0.0096	0.0000	0.0000	0.0000	0.0000	0.0000	0.0001	0.0000	0.5142	0.0000	0.0000	0.0000	0.0000	0.0000	0.0000	0.0000	0.0000	0.0000	0.0000	0.0000	0.0000	0.0000	0.0002	0.0000	0.0001	0.0000	0.0000	0.0000	0.0076	0.0000	0.0000	0.0000	0.0000	0.0000	0.0000	0.0000	0.0000	0.0000	0.0000	0.0000	0.0000	0.0000	0.0000	0.0000	0.0000	0.0000	0.0000	0.0000	0.0000	0.0000	0.0000	0.0382	0.0000	0.0354	0.0000	0.0000	0.0000	0.0000	0.0000	0.0000	0.0000	0.0000	
0.0000	0.0000	0.0001	0.1364	0.0000	0.0000	0.0000	0.0000	0.0097	0.0398	0.1149	0.0131	0.0000	0.0000	0.0000	0.0000	0.0367	0.0000	0.0000	0.0468	0.0000	0.0000	0.0000	0.0000	0.0000	0.0022	0.0000	0.0000	0.0000	0.0000	0.0057	0.0542	0.0000	0.0000	0.0234	0.0000	0.0000	0.0004	0.0000	0.0000	0.0000	0.0000	0.0071	0.0053	0.0000	0.0000	0.0000	0.0000	0.0327	0.0000	0.0019	0.0000	0.0000	0.0000	0.4521	0.0000	0.0000	0.0010	0.0000	0.0000	0.0000	0.0152	0.0000	0.0000	0.0000	0.0000	0.0009	0.0000	0.0000	0.0000	0.0000	0.0000	0.0000	0.0000	0.0000	0.0002	0.0001	0.0000	0.0000	0.0000	
0.0000	0.0000	0.0000	0.0000	0.0000	0.0000	0.0000	0.0000	0.0000	0.0000	0.0000	0.0000	0.0000	0.0000	0.0000	0.0000	0.0000	0.0000	0.0000	0.0000	0.0000	0.0000	0.0000	0.0000	0.0000	0.0000	0.0000	0.0000	0.0000	0.0000	0.0000	0.0000	0.0000	0.0000	0.0000	0.0000	0.3920	0.0000	0.0000	0.0000	0.0000	0.0000	0.0000	0.0000	0.0000	0.0000	0.0000	0.0000	0.0000	0.0000	0.0000	0.0000	0.0000	0.0000	0.0000	0.0000	0.0000	0.0000	0.0000	0.0000	0.0000	0.0000	0.0000	0.0000	0.0000	0.0000	0.0000	0.0000	0.0000	0.0000	0.0000	0.1957	0.0000	0.0000	0.0000	0.0000	0.0000	0.0000	0.4123	0.0000	
0.0000	0.0000	0.0000	0.1783	0.0000	0.0000	0.0000	0.0000	0.0299	0.0380	0.0961	0.0719	0.0000	0.0000	0.0000	0.0000	0.0252	0.0000	0.0000	0.0966	0.0000	0.0000	0.0000	0.0000	0.0000	0.0012	0.0000	0.0000	0.0000	0.0000	0.0112	0.0092	0.0000	0.0000	0.0201	0.0000	0.0000	0.0072	0.0000	0.0000	0.0000	0.0000	0.0024	0.0418	0.0000	0.0000	0.0000	0.0000	0.1895	0.0000	0.0015	0.0000	0.0000	0.0000	0.1367	0.0000	0.0002	0.0016	0.0000	0.0000	0.0000	0.0311	0.0000	0.0000	0.0000	0.0000	0.0088	0.0000	0.0000	0.0000	0.0000	0.0000	0.0000	0.0000	0.0000	0.0011	0.0003	0.0000	0.0000	0.0000	
0.0013	0.0001	0.0000	0.0000	0.0001	0.0007	0.0000	0.0000	0.0000	0.0000	0.0007	0.0008	0.1115	0.0001	0.0000	0.0000	0.0000	0.0000	0.0000	0.0000	0.0000	0.0069	0.0000	0.0002	0.0000	0.0008	0.0000	0.0000	0.0011	0.0000	0.0067	0.0000	0.0000	0.0000	0.0000	0.0000	0.0000	0.0000	0.0022	0.4089	0.0000	0.0000	0.0018	0.0001	0.0007	0.0001	0.3919	0.0000	0.0000	0.0003	0.0000	0.0002	0.0010	0.0000	0.0005	0.0000	0.0011	0.0000	0.0009	0.0003	0.0000	0.0024	0.0000	0.0001	0.0000	0.0002	0.0062	0.0293	0.0000	0.0000	0.0000	0.0000	0.0000	0.0000	0.0200	0.0007	0.0000	0.0001	0.0000	0.0000	
0.0000	0.0000	0.0000	0.0000	0.0043	0.1603	0.0000	0.0000	0.0000	0.0000	0.0000	0.0000	0.0000	0.0071	0.0002	0.0000	0.0000	0.0000	0.0000	0.0000	0.0000	0.0000	0.0000	0.0404	0.0000	0.0001	0.0000	0.0000	0.0181	0.0000	0.0000	0.0000	0.0109	0.0000	0.0000	0.0000	0.0000	0.0000	0.0000	0.0000	0.0000	0.0000	0.0000	0.0002	0.0098	0.0969	0.0000	0.0000	0.0000	0.0633	0.0000	0.1466	0.0000	0.0000	0.0000	0.0001	0.1348	0.0000	0.0736	0.1810	0.0000	0.0000	0.0000	0.0415	0.0000	0.0061	0.0000	0.0000	0.0000	0.0000	0.0002	0.0000	0.0000	0.0014	0.0000	0.0023	0.0000	0.0007	0.0000	0.0000	
0.0000	0.0000	0.0000	0.0000	0.0000	0.0000	0.0000	0.0000	0.0000	0.0000	0.0000	0.0000	0.0000	0.0000	0.0000	0.0000	0.0000	0.0000	0.0000	0.0000	0.0000	0.0000	0.0000	0.0000	0.0000	0.0000	0.0000	0.0000	0.0000	0.0000	0.0000	0.0000	0.0000	0.0000	0.0000	0.0000	0.0000	0.0000	0.0000	0.0000	0.0000	0.0000	0.0000	0.0000	0.0000	0.0000	0.0000	0.0000	0.0000	0.0000	0.0000	0.0000	0.0000	0.0000	0.0000	0.0000	0.0000	0.0000	0.0000	0.0000	0.0000	0.0000	0.0000	0.0000	1.0000	0.0000	0.0000	0.0000	0.0000	0.0000	0.0000	0.0000	0.0000	0.0000	0.0000	0.0000	0.0000	0.0000	0.0000	0.0000	
0.0000	0.0000	0.0000	0.0004	0.0000	0.0000	0.0000	0.0001	0.0001	0.0000	0.0000	0.0000	0.0000	0.0000	0.0000	0.0000	0.0000	0.0002	0.0000	0.0000	0.0000	0.0495	0.0000	0.0000	0.0000	0.0000	0.0000	0.0000	0.0000	0.0000	0.0000	0.0000	0.0000	0.0827	0.0000	0.0007	0.0000	0.0000	0.0000	0.0000	0.0000	0.0000	0.0002	0.0000	0.0000	0.0000	0.0000	0.0268	0.0003	0.0000	0.0000	0.0000	0.0000	0.0000	0.0004	0.0000	0.0000	0.0000	0.0000	0.0000	0.0000	0.0000	0.7825	0.0000	0.0000	0.0000	0.0000	0.0000	0.0137	0.0000	0.0000	0.0066	0.0000	0.0000	0.0000	0.0000	0.0000	0.0000	0.0000	0.0355	
0.0000	0.0000	0.0000	0.0000	0.4172	0.0246	0.0006	0.0000	0.0000	0.0000	0.0000	0.0000	0.0000	0.0018	0.0080	0.0000	0.0000	0.0000	0.0000	0.0000	0.0000	0.0000	0.0000	0.0043	0.0000	0.0002	0.0000	0.0000	0.0145	0.0000	0.0000	0.0000	0.0082	0.0000	0.0000	0.0000	0.0000	0.0000	0.0000	0.0000	0.0000	0.0000	0.0000	0.0005	0.0381	0.1858	0.0000	0.0000	0.0000	0.0444	0.0000	0.0339	0.0000	0.0000	0.0000	0.0000	0.0111	0.0000	0.0084	0.0511	0.0000	0.0000	0.0000	0.0395	0.0000	0.0036	0.0000	0.0001	0.0000	0.0002	0.0000	0.0000	0.0998	0.0001	0.0000	0.0028	0.0000	0.0012	0.0000	0.0000	
0.0000	0.0000	0.0000	0.0000	0.0000	0.0003	0.0000	0.0000	0.0000	0.0000	0.0000	0.0000	0.0000	0.0008	0.0000	0.0000	0.0000	0.0000	0.1392	0.0000	0.0000	0.0003	0.0000	0.0003	0.0000	0.0000	0.0000	0.0000	0.0071	0.0000	0.0000	0.0000	0.0000	0.0000	0.0000	0.0000	0.0000	0.0000	0.0002	0.0000	0.0887	0.0000	0.0000	0.0001	0.0613	0.0001	0.0000	0.2568	0.0000	0.0014	0.0000	0.0002	0.0000	0.0000	0.0000	0.0007	0.0016	0.0000	0.0027	0.0002	0.0000	0.0000	0.0277	0.0013	0.0000	0.0000	0.0000	0.0000	0.0000	0.0000	0.0199	0.3243	0.0000	0.0000	0.0000	0.0005	0.0000	0.0014	0.0000	0.0628	
0.0000	0.0000	0.0000	0.0000	0.0002	0.0000	0.0000	0.0000	0.0000	0.0000	0.0346	0.0005	0.0000	0.0000	0.0000	0.0000	0.0000	0.0000	0.0000	0.0000	0.0000	0.0000	0.0000	0.0004	0.0000	0.0042	0.0000	0.0000	0.0003	0.1096	0.0333	0.0000	0.0000	0.0000	0.0000	0.0000	0.0000	0.0000	0.0000	0.0000	0.0000	0.0000	0.0360	0.0072	0.0010	0.0000	0.0000	0.0000	0.0000	0.0001	0.0000	0.0000	0.0000	0.0000	0.2429	0.0000	0.0000	0.0000	0.0010	0.0000	0.1564	0.0256	0.0000	0.0001	0.0000	0.0000	0.0142	0.0000	0.0000	0.0000	0.0000	0.0000	0.0000	0.0000	0.0030	0.0010	0.0003	0.0003	0.0000	0.3276	
0.0000	0.0000	0.0000	0.1173	0.0000	0.0000	0.0000	0.0000	0.0037	0.0293	0.1970	0.0334	0.0000	0.0000	0.0000	0.0000	0.0155	0.0000	0.0000	0.3258	0.0000	0.0000	0.0000	0.0000	0.0000	0.0080	0.0000	0.0000	0.0000	0.0000	0.0198	0.0088	0.0000	0.0000	0.0512	0.0000	0.0000	0.0022	0.0000	0.0000	0.0000	0.0000	0.0020	0.0167	0.0000	0.0000	0.0000	0.0000	0.0695	0.0000	0.0020	0.0000	0.0000	0.0000	0.0541	0.0000	0.0000	0.0010	0.0000	0.0000	0.0000	0.0401	0.0000	0.0000	0.0000	0.0000	0.0021	0.0000	0.0000	0.0000	0.0000	0.0000	0.0000	0.0000	0.0000	0.0004	0.0000	0.0000	0.0000	0.0000	
0.0000	0.0000	0.0000	0.3537	0.0000	0.0000	0.0000	0.0000	0.0038	0.0000	0.0000	0.0000	0.0000	0.0000	0.0000	0.0000	0.0000	0.0000	0.0000	0.0000	0.0000	0.0000	0.0000	0.0000	0.0000	0.0000	0.0000	0.0000	0.0000	0.0000	0.0000	0.0000	0.0000	0.0000	0.0000	0.0000	0.0000	0.0000	0.0000	0.0000	0.0000	0.0000	0.0000	0.0000	0.0000	0.0000	0.0000	0.0000	0.6081	0.0000	0.0001	0.0000	0.0000	0.0000	0.0000	0.0000	0.0000	0.0000	0.0000	0.0000	0.0000	0.0000	0.0000	0.0000	0.0000	0.0000	0.0000	0.0000	0.0344	0.0000	0.0000	0.0000	0.0000	0.0000	0.0000	0.0000	0.0000	0.0000	0.0000	0.0000	
0.0146	0.0000	0.0001	0.0000	0.0000	0.0004	0.0000	0.0000	0.0000	0.0000	0.0059	0.0022	0.0016	0.0006	0.0001	0.0000	0.0000	0.0000	0.0000	0.0000	0.0000	0.0294	0.0000	0.0014	0.0000	0.0159	0.0000	0.0000	0.0005	0.0000	0.0693	0.0000	0.0000	0.0000	0.0000	0.0000	0.0000	0.0000	0.0058	0.5738	0.0000	0.0000	0.0239	0.0088	0.0029	0.0001	0.0025	0.0000	0.0000	0.0003	0.0000	0.0003	0.0014	0.0000	0.1559	0.0000	0.0000	0.0000	0.0001	0.0002	0.0000	0.0101	0.0000	0.0001	0.0000	0.0000	0.0231	0.0439	0.0000	0.0000	0.0000	0.0000	0.0000	0.0000	0.0004	0.0041	0.0001	0.0000	0.0000	0.0000	
0.0115	0.4949	0.0000	0.0000	0.0000	0.0000	0.0000	0.0000	0.0000	0.0000	0.0000	0.0000	0.0000	0.0000	0.0000	0.0000	0.0000	0.0000	0.0000	0.0000	0.0000	0.0000	0.0000	0.0000	0.0000	0.0000	0.0000	0.0000	0.0000	0.0000	0.0000	0.0000	0.0000	0.0000	0.0000	0.0000	0.0003	0.0000	0.0000	0.0076	0.0000	0.0000	0.0000	0.0000	0.0000	0.0000	0.0000	0.0000	0.0000	0.0000	0.0000	0.0000	0.3833	0.0000	0.0000	0.0000	0.0000	0.0000	0.0000	0.0000	0.0000	0.0000	0.0000	0.0000	0.0000	0.0000	0.0000	0.0003	0.0000	0.0000	0.0000	0.0000	0.0000	0.0000	0.0000	0.0000	0.0000	0.0000	0.1022	0.0000	
0.0000	0.0000	0.0007	0.0377	0.0000	0.0000	0.0000	0.0000	0.0007	0.0004	0.1007	0.0009	0.0000	0.0000	0.0000	0.0000	0.0027	0.0000	0.0000	0.0001	0.0000	0.0000	0.0000	0.0001	0.0000	0.0631	0.0000	0.0000	0.0003	0.0000	0.0473	0.0000	0.0000	0.0000	0.0018	0.0000	0.0000	0.0010	0.0000	0.0000	0.0000	0.0000	0.2161	0.1148	0.0027	0.0000	0.0000	0.0000	0.0169	0.0001	0.0000	0.0000	0.0000	0.0000	0.2761	0.0000	0.0018	0.0002	0.0010	0.0000	0.0000	0.0599	0.0000	0.0000	0.0000	0.0000	0.0430	0.0000	0.0000	0.0000	0.0000	0.0000	0.0000	0.0000	0.0000	0.0093	0.0002	0.0000	0.0000	0.0000	
0.0000	0.0000	0.0254	0.0000	0.0000	0.0000	0.0000	0.0000	0.0000	0.0000	0.0000	0.0000	0.0000	0.0000	0.0000	0.0000	0.0000	0.0000	0.0000	0.0000	0.0217	0.0000	0.0000	0.0000	0.2874	0.0000	0.0000	0.1483	0.0000	0.0000	0.0000	0.0000	0.0000	0.0000	0.0000	0.0002	0.0000	0.0000	0.0000	0.0000	0.0000	0.0000	0.0000	0.0000	0.0000	0.0000	0.0000	0.0006	0.0000	0.0000	0.0000	0.0000	0.0000	0.2714	0.0000	0.0000	0.0000	0.0000	0.0000	0.0000	0.0000	0.0000	0.1392	0.0000	0.0000	0.0000	0.0000	0.0000	0.0000	0.0000	0.0000	0.0002	0.0000	0.0000	0.0000	0.0000	0.1058	0.0000	0.0000	0.0000	
0.0000	0.0000	0.0503	0.0000	0.0001	0.0000	0.0041	0.0000	0.0000	0.0000	0.0000	0.0000	0.0000	0.0000	0.0000	0.0015	0.0000	0.0000	0.0000	0.0000	0.0334	0.0000	0.0000	0.0000	0.2450	0.0000	0.0000	0.4069	0.0000	0.0000	0.0000	0.0000	0.0000	0.0000	0.0000	0.0141	0.0000	0.0000	0.0000	0.0000	0.0000	0.0364	0.0000	0.0001	0.0000	0.0000	0.0000	0.0006	0.0000	0.0000	0.0000	0.0000	0.0000	0.0123	0.0000	0.0000	0.0000	0.0000	0.0000	0.0000	0.0000	0.0000	0.1053	0.0000	0.0561	0.0000	0.0000	0.0000	0.0000	0.0000	0.0000	0.0008	0.0000	0.0000	0.0000	0.0000	0.0330	0.0000	0.0000	0.0000	

Emissions
0.0000	0.0000	0.0000	0.0000	1.0000	0.0000	
0.0000	0.0000	0.0000	0.0000	1.0000	0.0000	
0.0000	0.0000	0.0000	0.0000	1.0000	0.0000	
1.0000	0.0000	0.0000	0.0000	0.0000	0.0000	
0.0000	0.0000	0.0000	0.0000	1.0000	0.0000	
0.0000	0.0000	0.0000	0.0000	1.0000	0.0000	
0.5509	0.0000	0.0000	0.4491	0.0000	0.0000	
0.8996	0.0512	0.0278	0.0214	0.0000	0.0000	
1.0000	0.0000	0.0000	0.0000	0.0000	0.0000	
0.0000	1.0000	0.0000	0.0000	0.0000	0.0000	
0.0000	0.0000	0.0000	0.0000	1.0000	0.0000	
0.0000	0.0000	0.0000	0.0000	1.0000	0.0000	
0.0000	0.0000	0.0000	1.0000	0.0000	0.0000	
0.0001	0.0000	0.0000	0.0051	0.9948	0.0000	
0.0000	0.0000	0.0000	0.0000	1.0000	0.0000	
0.0000	0.0000	1.0000	0.0000	0.0000	0.0000	
0.0000	1.0000	0.0000	0.0000	0.0000	0.0000	
0.9313	0.0613	0.0001	0.0073	0.0000	0.0000	
0.0000	0.0000	0.0000	0.0000	0.9626	0.0374	
0.0000	1.0000	0.0000	0.0000	0.0000	0.0000	
1.0000	0.0000	0.0000	0.0000	0.0000	0.0000	
0.0000	0.0000	0.0000	0.0000	1.0000	0.0000	
0.0000	0.9999	0.0000	0.0000	0.0000	0.0001	
0.0000	0.0000	0.0000	0.0000	1.0000	0.0000	
0.0000	0.0000	1.0000	0.0000	0.0000	0.0000	
0.0000	0.0000	0.0000	0.0000	1.0000	0.0000	
0.0000	0.0000	0.1453	0.8547	0.0000	0.0000	
0.0000	0.0000	0.0000	0.0000	1.0000	0.0000	
0.0000	0.0000	0.0000	0.0004	0.9996	0.0000	
0.0000	1.0000	0.0000	0.0000	0.0000	0.0000	
0.0000	0.0000	0.0000	0.0000	1.0000	0.0000	
0.0000	1.0000	0.0000	0.0000	0.0000	0.0000	
0.0000	0.0000	0.0000	0.0000	1.0000	0.0000	
0.9997	0.0000	0.0000	0.0000	0.0000	0.0003	
0.0000	0.9999	0.0000	0.0000	0.0001	0.0000	
0.9989	0.0000	0.0000	0.0011	0.0000	0.0000	
0.0000	0.8082	0.0000	0.0000	0.1918	0.0000	
0.0000	0.9964	0.0000	0.0000	0.0036	0.0000	
0.0000	0.0000	0.0000	0.0000	1.0000	0.0000	
0.0000	0.0000	0.0000	0.0000	1.0000	0.0000	
0.0000	0.0000	0.9995	0.0005	0.0000	0.0000	
0.0000	0.0000	1.0000	0.0000	0.0000	0.0000	
0.0000	0.0000	0.0000	0.0000	1.0000	0.0000	
0.0000	0.0000	0.0000	0.0000	1.0000	0.0000	
0.0000	0.0000	0.0000	0.0000	1.0000	0.0000	
0.0000	0.0000	0.0000	0.0000	1.0000	0.0000	
0.0000	0.0000	0.0000	1.0000	0.0000	0.0000	
0.0000	0.0000	0.0000	0.0000	0.0000	1.0000	
1.0000	0.0000	0.0000	0.0000	0.0000	0.0000	
0.0000	0.0000	0.0000	0.0003	0.9997	0.0000	
1.0000	0.0000	0.0000	0.0000	0.0000	0.0000	
0.0000	0.0000	0.0000	0.0000	1.0000	0.0000	
0.0000	0.0000	0.0000	0.0000	1.0000	0.0000	
0.0000	0.0000	0.0000	0.0000	1.0000	0.0000	
0.0000	0.0000	0.0000	0.0000	1.0000	0.0000	
0.0000	0.0000	0.0000	0.9834	0.0166	0.0000	
0.0000	0.0000	0.0000	0.0000	1.0000	0.0000	
0.9938	0.0062	0.0000	0.0000	0.0000	0.0000	
0.0000	0.0000	0.0000	0.0000	1.0000	0.0000	
0.0000	0.0000	0.0000	0.0000	1.0000	0.0000	
0.0000	1.0000	0.0000	0.0000	0.0000	0.0000	
0.0000	0.0000	0.0000	0.0000	1.0000	0.0000	
0.0000	0.0000	0.0000	0.0000	0.0000	1.0000	
0.0000	0.0000	0.0000	0.0003	0.9997	0.0000	
0.0000	0.0000	0.0000	0.0000	0.0000	1.0000	
0.0000	0.0000	0.0000	0.0004	0.9996	0.0000	
0.0000	0.0000	0.0000	0.0000	1.0000	0.0000	
0.0000	0.0000	0.0000	0.0000	1.0000	0.0000	
0.0000	0.0000	0.0000	0.0000	1.0000	0.0000	
0.0003	0.0500	0.8241	0.1255	0.0000	0.0000	
0.0014	0.0000	0.0000	0.9984	0.0002	0.0000	
0.0000	0.0000	0.0000	0.0000	0.0000	1.0000	
0.0000	0.0000	0.0000	1.0000	0.0000	0.0000	
0.0000	0.0000	0.0000	0.0000	1.0000	0.0000	
0.0000	0.0000	0.0000	1.0000	0.0000	0.0000	
0.0000	0.0001	0.0000	0.0000	0.9999	0.0000	
0.0000	0.0000	0.0000	0.0000	1.0000	0.0000	
0.0000	0.0000	0.0000	0.1332	0.8668	0.0000	
0.0000	1.0000	0.0000	0.0000	0.0000	0.0000	
0.0000	0.0000	0.0000	1.0000	0.0000	0.0000	
