DataSet 35
Learner: Baum Welch Learner
Log Likelihood: 255527.5372712730

Number of States: 60
Number of Symbols: 20
Threshold: 0.01

Initial Distribution:
0.0000	0.0000	0.1819	0.0000	0.0000	0.0000	0.0000	0.0000	0.0000	0.0022	0.0000	0.1643	0.0000	0.0000	0.0000	0.0000	0.0000	0.0000	0.0000	0.0000	0.0000	0.0014	0.0000	0.0003	0.0205	0.0000	0.0000	0.0000	0.0000	0.0000	0.0103	0.0000	0.0000	0.0000	0.0000	0.0000	0.0000	0.0000	0.0000	0.0000	0.0000	0.0048	0.0000	0.0000	0.0000	0.0000	0.0000	0.0000	0.0000	0.0000	0.0000	0.0000	0.0002	0.0000	0.6136	0.0000	0.0000	0.0004	0.0000	0.0000	

Transitions:
0.0000	0.0000	0.0000	0.0000	0.0020	0.0000	0.0000	0.0037	0.0001	0.0000	0.0000	0.0000	0.0463	0.0000	0.0153	0.0000	0.0000	0.0000	0.0133	0.0000	0.0000	0.0000	0.0000	0.1171	0.0000	0.2187	0.0033	0.0250	0.2921	0.0000	0.0010	0.0000	0.0000	0.0021	0.2087	0.0000	0.0000	0.0000	0.0000	0.0000	0.0000	0.0000	0.0235	0.0000	0.0007	0.0000	0.0000	0.0000	0.0000	0.0014	0.0000	0.0000	0.0000	0.0000	0.0002	0.0000	0.0254	0.0002	0.0000	0.0000	
0.0000	0.0000	0.0000	0.0001	0.0000	0.0000	0.0000	0.1451	0.0021	0.0044	0.0007	0.0000	0.0000	0.0007	0.0000	0.0000	0.0000	0.2465	0.0000	0.1181	0.0000	0.2143	0.0000	0.0000	0.0000	0.0000	0.0000	0.0000	0.0001	0.0019	0.0000	0.0000	0.0000	0.0000	0.2037	0.0000	0.0000	0.0000	0.0000	0.0000	0.0000	0.0071	0.0000	0.0000	0.0000	0.0133	0.0000	0.0003	0.0409	0.0000	0.0000	0.0000	0.0000	0.0006	0.0000	0.0000	0.0000	0.0000	0.0000	0.0000	
0.0000	0.0000	0.0000	0.0361	0.0000	0.2213	0.0000	0.0173	0.0258	0.0011	0.0000	0.0000	0.0000	0.0000	0.0000	0.0001	0.0000	0.0000	0.0000	0.0000	0.0000	0.0000	0.2333	0.0000	0.0000	0.0000	0.0000	0.0000	0.0009	0.0289	0.0000	0.0000	0.0000	0.0000	0.0000	0.0000	0.0000	0.0000	0.0679	0.0000	0.0000	0.0000	0.0000	0.0000	0.0000	0.0014	0.0000	0.0000	0.0021	0.1775	0.0001	0.1146	0.0000	0.0424	0.0000	0.0257	0.0000	0.0000	0.0033	0.0000	
0.0000	0.0000	0.0000	0.0000	0.0000	0.0418	0.0000	0.0267	0.0501	0.0000	0.0009	0.0000	0.1229	0.0000	0.1071	0.0000	0.0000	0.0000	0.0004	0.0000	0.0000	0.0000	0.0496	0.1214	0.0000	0.0000	0.0000	0.0000	0.2095	0.0000	0.0000	0.0000	0.0004	0.0000	0.0000	0.0000	0.0000	0.0114	0.0584	0.0294	0.0000	0.0000	0.0000	0.0000	0.0000	0.0000	0.0000	0.0000	0.0000	0.1486	0.0000	0.0190	0.0000	0.0000	0.0024	0.0000	0.0000	0.0000	0.0000	0.0000	
0.0150	0.0000	0.0000	0.0002	0.0003	0.0000	0.0051	0.0836	0.0000	0.0000	0.0000	0.0000	0.0000	0.0000	0.0022	0.0000	0.0381	0.1498	0.0000	0.0629	0.0000	0.1445	0.0000	0.0006	0.0000	0.0000	0.0000	0.0000	0.0015	0.0000	0.0632	0.0013	0.0000	0.0000	0.1291	0.0000	0.0017	0.0051	0.0003	0.0017	0.0000	0.0000	0.0074	0.0244	0.0000	0.0076	0.0000	0.0037	0.0188	0.0000	0.0859	0.0000	0.0000	0.0000	0.0000	0.0000	0.0000	0.0000	0.0140	0.1319	
0.0000	0.0000	0.0979	0.0000	0.0000	0.0000	0.0000	0.0130	0.0023	0.0000	0.0460	0.0972	0.0064	0.0000	0.0004	0.0022	0.0000	0.0295	0.0000	0.0168	0.0000	0.0569	0.0000	0.0000	0.0083	0.0000	0.0000	0.0000	0.0000	0.0000	0.0278	0.0000	0.0007	0.0205	0.0588	0.0000	0.0001	0.0052	0.0000	0.0030	0.0000	0.0005	0.0000	0.0000	0.0000	0.0084	0.0000	0.0105	0.0000	0.0000	0.0000	0.0000	0.0000	0.0000	0.4253	0.0000	0.0037	0.0492	0.0027	0.0068	
0.0900	0.0000	0.0000	0.0139	0.0009	0.0000	0.0000	0.0000	0.0343	0.0000	0.0001	0.0000	0.0229	0.0239	0.1375	0.0000	0.0018	0.0000	0.0000	0.0000	0.0159	0.0498	0.0000	0.0000	0.0018	0.0000	0.0000	0.0001	0.0010	0.0000	0.0039	0.0000	0.0944	0.0000	0.0000	0.0345	0.1467	0.0440	0.0781	0.0000	0.0000	0.0957	0.0000	0.0000	0.0173	0.0182	0.0089	0.0026	0.0008	0.0032	0.0000	0.0004	0.0000	0.0000	0.0000	0.0068	0.0012	0.0009	0.0424	0.0061	
0.0410	0.0007	0.0021	0.1211	0.0000	0.0017	0.0112	0.0496	0.1024	0.0000	0.0000	0.0000	0.0000	0.0000	0.0301	0.0000	0.0000	0.0088	0.0165	0.0000	0.0001	0.1470	0.0000	0.0000	0.0000	0.0000	0.0000	0.0000	0.0000	0.0467	0.0000	0.0002	0.0000	0.0000	0.0000	0.0000	0.0006	0.0000	0.0736	0.0000	0.0105	0.0043	0.0060	0.0291	0.0000	0.1906	0.0007	0.0426	0.0000	0.0000	0.0000	0.0000	0.0000	0.0473	0.0004	0.0000	0.0151	0.0000	0.0000	0.0000	
0.1207	0.0005	0.0000	0.0025	0.0000	0.0411	0.0092	0.0000	0.0002	0.0000	0.0000	0.0000	0.0079	0.0000	0.0440	0.0000	0.0000	0.0000	0.0073	0.0042	0.0000	0.0005	0.0117	0.0000	0.0000	0.0000	0.0000	0.0000	0.0349	0.0000	0.0000	0.0000	0.0044	0.0000	0.0032	0.0101	0.0000	0.0000	0.0782	0.0000	0.0247	0.2603	0.0100	0.0000	0.0067	0.0220	0.0112	0.0000	0.0809	0.0798	0.0000	0.0606	0.0348	0.0245	0.0000	0.0000	0.0039	0.0000	0.0000	0.0000	
0.0008	0.0000	0.0000	0.0000	0.0000	0.0000	0.0000	0.0495	0.0000	0.0000	0.0000	0.0013	0.0000	0.0000	0.0000	0.0000	0.0000	0.0225	0.0000	0.0000	0.0000	0.0156	0.0000	0.0000	0.0000	0.0000	0.3884	0.0099	0.0000	0.0024	0.0000	0.2515	0.0000	0.0000	0.0000	0.0000	0.0000	0.0000	0.0000	0.2194	0.0000	0.0000	0.0000	0.0000	0.0000	0.0000	0.0000	0.0000	0.0000	0.0000	0.0000	0.0000	0.0000	0.0386	0.0000	0.0000	0.0000	0.0000	0.0000	0.0000	
0.0000	0.0000	0.0000	0.0381	0.0000	0.0000	0.0000	0.0000	0.0032	0.0102	0.0000	0.0399	0.0078	0.0271	0.0555	0.0000	0.0000	0.0000	0.0000	0.0000	0.2890	0.0021	0.0000	0.0225	0.0154	0.0000	0.0000	0.0759	0.0000	0.0000	0.0000	0.0000	0.0680	0.0000	0.0013	0.0161	0.0000	0.0000	0.0347	0.0000	0.0333	0.2105	0.0016	0.0000	0.0358	0.0000	0.0000	0.0000	0.0000	0.0037	0.0000	0.0000	0.0000	0.0080	0.0000	0.0000	0.0000	0.0000	0.0000	0.0000	
0.0000	0.1415	0.0014	0.0000	0.0296	0.0000	0.0900	0.0000	0.0024	0.0000	0.0156	0.0737	0.0219	0.0000	0.0141	0.0000	0.0984	0.0000	0.0000	0.0475	0.0003	0.0000	0.0000	0.0000	0.0000	0.0000	0.0000	0.1529	0.0008	0.0000	0.0000	0.1075	0.0621	0.0000	0.0000	0.0063	0.0000	0.0000	0.0003	0.0184	0.0635	0.0270	0.0000	0.0000	0.0000	0.0001	0.0000	0.0210	0.0000	0.0000	0.0000	0.0000	0.0000	0.0000	0.0000	0.0011	0.0000	0.0000	0.0000	0.0026	
0.0000	0.0038	0.0003	0.0437	0.0053	0.0549	0.0183	0.0306	0.0394	0.0000	0.0042	0.0000	0.0112	0.0000	0.1124	0.0000	0.0000	0.0000	0.0000	0.0000	0.0386	0.0000	0.1167	0.0000	0.0000	0.0000	0.0000	0.0000	0.0000	0.0637	0.0000	0.0000	0.0116	0.0000	0.0042	0.0000	0.0000	0.0028	0.0004	0.0000	0.0002	0.0643	0.0000	0.0000	0.0589	0.0071	0.0003	0.0000	0.0000	0.0518	0.0000	0.0254	0.0000	0.1046	0.0974	0.0218	0.0001	0.0000	0.0058	0.0000	
0.1631	0.0006	0.0000	0.0305	0.0000	0.0000	0.0000	0.0015	0.0506	0.0000	0.1402	0.0000	0.0101	0.1677	0.0000	0.0000	0.0000	0.0000	0.0000	0.0000	0.1935	0.0841	0.0000	0.0714	0.0377	0.0000	0.0000	0.0000	0.0103	0.0000	0.0000	0.0012	0.0000	0.0000	0.0000	0.0000	0.0000	0.0000	0.0000	0.0000	0.0000	0.0001	0.0000	0.0000	0.0000	0.0000	0.0000	0.0370	0.0000	0.0000	0.0000	0.0000	0.0000	0.0000	0.0000	0.0000	0.0000	0.0003	0.0000	0.0000	
0.0026	0.0000	0.0000	0.0000	0.0000	0.0492	0.0027	0.0078	0.0339	0.0000	0.0000	0.0000	0.0053	0.0000	0.0597	0.0000	0.0000	0.0002	0.0000	0.0000	0.0000	0.0000	0.0012	0.0000	0.0000	0.0000	0.0000	0.0000	0.0072	0.0000	0.0132	0.0000	0.0440	0.0350	0.0023	0.0246	0.1418	0.0892	0.0964	0.0000	0.0086	0.1515	0.0019	0.0000	0.0096	0.0218	0.0039	0.0000	0.0000	0.0607	0.0000	0.0352	0.0221	0.0000	0.0000	0.0000	0.0000	0.0371	0.0000	0.0312	
0.0000	0.0000	0.0000	0.0000	0.0000	0.0000	0.0000	0.0000	0.0000	0.0000	0.0000	0.0000	0.0000	0.0000	0.0000	0.3047	0.0000	0.0000	0.6756	0.0000	0.0000	0.0000	0.0000	0.0000	0.0000	0.0000	0.0000	0.0000	0.0000	0.0000	0.0000	0.0000	0.0000	0.0000	0.0000	0.0000	0.0000	0.0000	0.0000	0.0188	0.0000	0.0000	0.0000	0.0000	0.0000	0.0000	0.0000	0.0000	0.0000	0.0000	0.0000	0.0000	0.0000	0.0000	0.0000	0.0000	0.0000	0.0000	0.0000	0.0009	
0.0000	0.1092	0.0000	0.0000	0.0000	0.0000	0.0709	0.0473	0.0000	0.0232	0.0000	0.0000	0.0000	0.0000	0.0000	0.0000	0.0000	0.1401	0.0000	0.2407	0.0000	0.0979	0.0000	0.0000	0.0000	0.0000	0.0000	0.0000	0.0008	0.0000	0.0000	0.0613	0.0000	0.0000	0.1030	0.0000	0.0000	0.0000	0.0000	0.0004	0.0000	0.0000	0.0000	0.0000	0.0000	0.0065	0.0000	0.0000	0.0682	0.0000	0.0000	0.0000	0.0000	0.0000	0.0299	0.0000	0.0000	0.0000	0.0000	0.0008	
0.5515	0.0000	0.0011	0.0000	0.0045	0.0000	0.0006	0.0000	0.0000	0.0000	0.0000	0.0000	0.0000	0.0000	0.0000	0.0000	0.0000	0.0000	0.0000	0.0000	0.0000	0.0000	0.0000	0.0000	0.0000	0.0000	0.0000	0.0000	0.0000	0.0000	0.0000	0.0000	0.0000	0.0000	0.0000	0.0000	0.0000	0.0000	0.0000	0.0000	0.0000	0.0000	0.0000	0.0000	0.0300	0.0000	0.0000	0.0000	0.3430	0.0000	0.0000	0.0000	0.0000	0.0692	0.0000	0.0000	0.0000	0.0000	0.0000	0.0000	
0.0000	0.0000	0.0000	0.1249	0.0000	0.0000	0.0000	0.0000	0.0000	0.0000	0.0000	0.0000	0.0000	0.2300	0.0000	0.0000	0.0000	0.0000	0.0000	0.0000	0.5205	0.0000	0.0000	0.0000	0.1103	0.0000	0.0000	0.0000	0.0000	0.0000	0.0000	0.0000	0.0000	0.0000	0.0000	0.0000	0.0000	0.0000	0.0000	0.0000	0.0000	0.0139	0.0000	0.0000	0.0000	0.0000	0.0000	0.0000	0.0000	0.0000	0.0000	0.0000	0.0000	0.0000	0.0000	0.0004	0.0000	0.0000	0.0000	0.0000	
0.0000	0.0000	0.0000	0.0000	0.0002	0.0000	0.0000	0.0000	0.0000	0.0000	0.0666	0.0000	0.0118	0.0164	0.0000	0.0000	0.0000	0.0000	0.0000	0.0131	0.0000	0.0000	0.0000	0.0000	0.0000	0.0038	0.0000	0.0000	0.0113	0.0000	0.0000	0.0001	0.0000	0.0000	0.0035	0.0009	0.0000	0.0001	0.0109	0.0000	0.0000	0.0013	0.0432	0.0000	0.0069	0.0000	0.0000	0.0001	0.0000	0.0000	0.0141	0.5221	0.1881	0.0255	0.0000	0.0055	0.0000	0.0007	0.0000	0.0538	
0.0000	0.0000	0.0000	0.0000	0.0000	0.0000	0.0000	0.0000	0.0002	0.0000	0.0000	0.0032	0.0000	0.0024	0.0000	0.0000	0.0000	0.0011	0.0003	0.0066	0.0000	0.0000	0.0000	0.0000	0.0000	0.0000	0.0000	0.0000	0.0025	0.0000	0.1035	0.0000	0.0000	0.1949	0.0000	0.0000	0.0000	0.0827	0.0200	0.0000	0.0010	0.0000	0.0122	0.0000	0.0000	0.0000	0.0050	0.0000	0.0031	0.0000	0.0000	0.0727	0.0431	0.0000	0.0000	0.0000	0.0000	0.2431	0.0000	0.2023	
0.0006	0.0025	0.0000	0.0000	0.0004	0.0000	0.0280	0.0002	0.0000	0.0000	0.0000	0.0000	0.0731	0.0000	0.0033	0.0479	0.0011	0.0000	0.0000	0.2359	0.0000	0.0037	0.0000	0.0086	0.0000	0.0000	0.0000	0.0000	0.0010	0.0016	0.0172	0.0000	0.1838	0.0211	0.0000	0.0000	0.0231	0.0123	0.0000	0.0039	0.0000	0.0000	0.0034	0.0000	0.0000	0.0000	0.0000	0.0007	0.0000	0.2767	0.0000	0.0000	0.0000	0.0012	0.0000	0.0000	0.0000	0.0195	0.0013	0.0281	
0.0000	0.0000	0.0024	0.0122	0.1012	0.0000	0.0000	0.0000	0.0000	0.0000	0.0042	0.0000	0.0329	0.0317	0.0064	0.0005	0.0000	0.0000	0.0000	0.0066	0.0000	0.0000	0.0000	0.0000	0.0000	0.0008	0.0000	0.0000	0.0000	0.0000	0.0000	0.0000	0.0076	0.0000	0.0000	0.0022	0.2493	0.1073	0.0225	0.0000	0.0004	0.0267	0.0000	0.0000	0.0001	0.0023	0.0000	0.0002	0.0082	0.0000	0.0100	0.1890	0.0000	0.0311	0.0000	0.0069	0.0000	0.0000	0.0900	0.0472	
0.0000	0.0000	0.0000	0.1246	0.0018	0.0000	0.0000	0.0027	0.0000	0.0000	0.0000	0.0000	0.0000	0.2092	0.0000	0.0000	0.0000	0.0000	0.0006	0.0004	0.4819	0.0000	0.0000	0.0000	0.0987	0.0080	0.0000	0.0000	0.0029	0.0000	0.0005	0.0000	0.0000	0.0166	0.0066	0.0000	0.0000	0.0000	0.0000	0.0017	0.0000	0.0103	0.0000	0.0000	0.0000	0.0000	0.0000	0.0000	0.0000	0.0003	0.0000	0.0000	0.0000	0.0000	0.0000	0.0000	0.0000	0.0186	0.0000	0.0147	
0.0207	0.0000	0.0000	0.0000	0.0000	0.0000	0.0000	0.0000	0.0000	0.7023	0.0000	0.0107	0.0000	0.0064	0.0000	0.0000	0.0000	0.0000	0.0000	0.0000	0.0000	0.0000	0.0000	0.0000	0.0000	0.0000	0.0000	0.1055	0.0000	0.0097	0.0000	0.0005	0.0000	0.0000	0.0000	0.0000	0.0000	0.0000	0.0000	0.0000	0.0000	0.0000	0.0000	0.0000	0.0390	0.0000	0.0000	0.0026	0.0000	0.0000	0.0000	0.0000	0.0747	0.0261	0.0000	0.0018	0.0000	0.0000	0.0000	0.0000	
0.0000	0.0000	0.0014	0.0000	0.0000	0.0000	0.0000	0.0000	0.0000	0.0000	0.0078	0.0000	0.0000	0.0003	0.0000	0.0000	0.0002	0.0033	0.0000	0.0000	0.0000	0.0000	0.3793	0.0000	0.0000	0.0098	0.0000	0.1771	0.0000	0.0294	0.0000	0.0000	0.0000	0.0001	0.0017	0.0000	0.0000	0.0000	0.0000	0.0000	0.1588	0.0000	0.0000	0.0460	0.1649	0.0177	0.0000	0.0000	0.0022	0.0000	0.0000	0.0000	0.0000	0.0000	0.0000	0.0000	0.0000	0.0000	0.0000	0.0000	
0.0000	0.0000	0.0000	0.0000	0.0000	0.0000	0.0000	0.0000	0.0000	0.8850	0.0000	0.0000	0.0000	0.0000	0.0000	0.0000	0.0000	0.0000	0.0000	0.0000	0.0000	0.0000	0.0000	0.0000	0.0000	0.0000	0.0000	0.1150	0.0000	0.0000	0.0000	0.0000	0.0000	0.0000	0.0000	0.0000	0.0000	0.0000	0.0000	0.0000	0.0000	0.0000	0.0000	0.0000	0.0000	0.0000	0.0000	0.0000	0.0000	0.0000	0.0000	0.0000	0.0000	0.0000	0.0000	0.0000	0.0000	0.0000	0.0000	0.0000	
0.0000	0.0000	0.0014	0.0626	0.0000	0.0000	0.0415	0.0000	0.0002	0.0065	0.0000	0.0000	0.0000	0.0363	0.0108	0.0006	0.0000	0.0000	0.0012	0.0000	0.1299	0.0000	0.0612	0.0000	0.0177	0.0016	0.0000	0.0836	0.0000	0.0000	0.0000	0.0000	0.0000	0.0002	0.0000	0.1181	0.0000	0.0000	0.0189	0.0000	0.0124	0.0865	0.0000	0.0882	0.0382	0.0088	0.0000	0.0253	0.0130	0.0000	0.0000	0.0752	0.0000	0.0027	0.0041	0.0000	0.0000	0.0000	0.0531	0.0000	
0.0000	0.2295	0.0033	0.0000	0.0000	0.0000	0.1237	0.0005	0.0000	0.2513	0.0000	0.0581	0.0000	0.0000	0.0000	0.0000	0.0000	0.0007	0.0000	0.0749	0.0002	0.0000	0.0000	0.0000	0.0000	0.0000	0.0000	0.0881	0.0000	0.0000	0.0000	0.1051	0.0274	0.0000	0.0000	0.0000	0.0000	0.0000	0.0000	0.0000	0.0269	0.0000	0.0000	0.0000	0.0000	0.0000	0.0000	0.0000	0.0000	0.0000	0.0044	0.0000	0.0000	0.0000	0.0000	0.0000	0.0000	0.0000	0.0000	0.0058	
0.0000	0.0000	0.0000	0.0000	0.0000	0.0000	0.0001	0.0317	0.0407	0.0000	0.0000	0.0000	0.0000	0.0000	0.0000	0.0000	0.0000	0.0027	0.0000	0.0000	0.0000	0.0000	0.0000	0.0000	0.0003	0.0001	0.3323	0.0088	0.0000	0.0000	0.0000	0.2707	0.0000	0.0000	0.0000	0.0000	0.0000	0.0000	0.0000	0.2021	0.0000	0.0036	0.0000	0.0000	0.0000	0.0000	0.0000	0.0000	0.0000	0.0000	0.0000	0.0000	0.0000	0.0227	0.0021	0.0822	0.0000	0.0000	0.0000	0.0000	
0.0000	0.0000	0.0333	0.0000	0.0000	0.0083	0.0000	0.0000	0.0018	0.0000	0.0000	0.0036	0.0000	0.0000	0.0027	0.0421	0.0000	0.0000	0.1339	0.0000	0.0000	0.0000	0.0000	0.0000	0.0000	0.0000	0.0017	0.0000	0.0009	0.0000	0.0000	0.0000	0.0000	0.0000	0.0598	0.0000	0.0000	0.0000	0.0000	0.0000	0.0000	0.0000	0.0366	0.0000	0.0017	0.0006	0.0000	0.0081	0.0000	0.0000	0.0000	0.0000	0.0000	0.0000	0.4092	0.0048	0.1105	0.0000	0.1359	0.0046	
0.0000	0.0000	0.0004	0.0001	0.0043	0.0000	0.0000	0.0999	0.0000	0.0000	0.0000	0.0000	0.0000	0.0000	0.0009	0.0000	0.0000	0.1349	0.0000	0.0854	0.0000	0.1886	0.0000	0.0000	0.0000	0.0895	0.0314	0.0044	0.0745	0.0000	0.0000	0.0251	0.0000	0.0000	0.2064	0.0000	0.0000	0.0000	0.0000	0.0117	0.0000	0.0000	0.0000	0.0000	0.0000	0.0193	0.0000	0.0000	0.0229	0.0000	0.0000	0.0000	0.0002	0.0001	0.0000	0.0000	0.0000	0.0000	0.0000	0.0000	
0.0000	0.0000	0.0000	0.0000	0.0000	0.0091	0.0000	0.0065	0.0000	0.0000	0.0000	0.1676	0.0000	0.0000	0.0000	0.0000	0.0000	0.0000	0.0000	0.0000	0.0000	0.0000	0.0570	0.0000	0.0000	0.0000	0.0000	0.3646	0.0000	0.0022	0.0000	0.0000	0.1292	0.0000	0.0223	0.0000	0.0000	0.0000	0.0000	0.0000	0.1582	0.0003	0.0000	0.0000	0.0059	0.0003	0.0000	0.0000	0.0000	0.0003	0.0000	0.0000	0.0000	0.0000	0.0647	0.0048	0.0067	0.0000	0.0002	0.0000	
0.0000	0.0014	0.0000	0.1876	0.0000	0.0000	0.0000	0.1284	0.1166	0.0000	0.0000	0.0371	0.0000	0.0019	0.0000	0.0000	0.0000	0.0104	0.0000	0.0000	0.0000	0.0199	0.0000	0.0000	0.0000	0.0000	0.0000	0.0401	0.0017	0.1658	0.0000	0.0000	0.0000	0.0000	0.0011	0.0000	0.0000	0.0000	0.0000	0.0000	0.0027	0.0000	0.0000	0.0000	0.0008	0.0000	0.0000	0.0000	0.0171	0.0000	0.0000	0.0000	0.0011	0.2664	0.0000	0.0000	0.0000	0.0000	0.0000	0.0000	
0.2239	0.0000	0.0000	0.0000	0.0000	0.0360	0.0000	0.0000	0.0000	0.0000	0.0003	0.0000	0.0000	0.0002	0.0074	0.0000	0.0000	0.0007	0.0000	0.0000	0.0000	0.0000	0.0342	0.0000	0.0000	0.0055	0.0000	0.0000	0.0000	0.0000	0.0000	0.0000	0.0000	0.0072	0.0088	0.0000	0.0000	0.0000	0.0000	0.0000	0.0000	0.0000	0.0000	0.0000	0.1703	0.0219	0.0000	0.0000	0.1901	0.0000	0.0000	0.0000	0.0000	0.0369	0.0000	0.0000	0.0000	0.0010	0.0000	0.2556	
0.0000	0.0000	0.0000	0.0000	0.0037	0.0026	0.0012	0.0000	0.0023	0.0011	0.0112	0.0118	0.0000	0.0000	0.0000	0.2651	0.0000	0.0000	0.5282	0.0071	0.0000	0.0000	0.0020	0.0000	0.0000	0.0094	0.0000	0.0000	0.0000	0.0051	0.0392	0.0000	0.0005	0.0023	0.0000	0.0000	0.0000	0.0004	0.0000	0.0186	0.0113	0.0000	0.0000	0.0000	0.0000	0.0000	0.0000	0.0000	0.0000	0.0000	0.0000	0.0000	0.0000	0.0000	0.0000	0.0000	0.0000	0.0000	0.0000	0.0765	
0.0000	0.0000	0.0000	0.0038	0.0000	0.0000	0.1182	0.0000	0.0061	0.0000	0.0000	0.0022	0.0000	0.0000	0.0000	0.0000	0.0000	0.0000	0.0000	0.0000	0.0085	0.0000	0.0000	0.0000	0.0000	0.0000	0.0000	0.1550	0.0000	0.0000	0.0000	0.0000	0.0000	0.0001	0.0000	0.2720	0.0000	0.0000	0.0000	0.0000	0.0000	0.0000	0.0000	0.1667	0.0004	0.0000	0.0006	0.0669	0.0000	0.0000	0.0058	0.1884	0.0000	0.0000	0.0035	0.0000	0.0003	0.0000	0.0000	0.0013	
0.0437	0.0000	0.0006	0.0903	0.0000	0.0000	0.0082	0.0074	0.0056	0.0000	0.0000	0.0000	0.0019	0.0000	0.0458	0.0008	0.0000	0.0000	0.0037	0.0000	0.0479	0.2097	0.0000	0.0009	0.0000	0.0000	0.0000	0.0000	0.0000	0.0000	0.0000	0.0013	0.0000	0.0000	0.0000	0.0000	0.0001	0.0000	0.0954	0.0000	0.0071	0.1530	0.0000	0.0303	0.0000	0.2156	0.0000	0.0238	0.0008	0.0000	0.0000	0.0000	0.0000	0.0000	0.0000	0.0000	0.0003	0.0000	0.0051	0.0008	
0.0000	0.0223	0.0000	0.0029	0.0000	0.0000	0.0211	0.0000	0.0000	0.0000	0.0002	0.1207	0.0000	0.0000	0.0283	0.0000	0.0000	0.0000	0.0000	0.0033	0.0106	0.0031	0.0000	0.0000	0.0018	0.0260	0.0000	0.2827	0.0282	0.0000	0.0000	0.0779	0.0784	0.0114	0.0227	0.0445	0.0656	0.0386	0.0001	0.0000	0.0486	0.0000	0.0000	0.0443	0.0000	0.0000	0.0000	0.0041	0.0000	0.0000	0.0000	0.0050	0.0000	0.0028	0.0000	0.0048	0.0000	0.0000	0.0000	0.0000	
0.0000	0.0000	0.0039	0.0000	0.1017	0.0000	0.0724	0.0000	0.0233	0.0000	0.5350	0.0000	0.0000	0.0000	0.0489	0.0000	0.0000	0.0000	0.0000	0.0792	0.0000	0.0000	0.0000	0.0000	0.0000	0.0000	0.0000	0.0000	0.0000	0.0000	0.0000	0.0000	0.0000	0.0000	0.0000	0.0000	0.0000	0.0184	0.0000	0.0149	0.0000	0.0000	0.0000	0.0000	0.0000	0.0000	0.0000	0.1023	0.0000	0.0000	0.0000	0.0000	0.0000	0.0000	0.0000	0.0000	0.0000	0.0000	0.0000	0.0000	
0.0000	0.0000	0.0000	0.0000	0.0000	0.1384	0.0600	0.0000	0.0000	0.0028	0.0176	0.0000	0.0073	0.0006	0.0000	0.0000	0.0000	0.0000	0.0047	0.0000	0.0000	0.0000	0.1738	0.0000	0.0000	0.0000	0.0000	0.0005	0.0000	0.0000	0.0000	0.0000	0.0000	0.0000	0.0227	0.0273	0.0000	0.0000	0.0285	0.0000	0.0380	0.2559	0.0000	0.0000	0.0000	0.0002	0.0156	0.0000	0.0000	0.1291	0.0000	0.0761	0.0006	0.0000	0.0000	0.0002	0.0000	0.0000	0.0000	0.0000	
0.0113	0.0000	0.0000	0.0000	0.0000	0.0796	0.0000	0.0000	0.0000	0.0000	0.0000	0.0008	0.0000	0.0000	0.0013	0.0006	0.0000	0.0000	0.0000	0.0000	0.0000	0.0000	0.2282	0.0000	0.0000	0.0247	0.0000	0.0527	0.0000	0.0355	0.0736	0.0000	0.0000	0.0050	0.0000	0.0000	0.0000	0.0000	0.0000	0.0000	0.0956	0.0000	0.0000	0.0109	0.1367	0.0026	0.0000	0.0000	0.0125	0.0000	0.0003	0.0000	0.0000	0.0037	0.0000	0.0000	0.0000	0.0000	0.0091	0.2154	
0.0000	0.0000	0.0054	0.0000	0.1772	0.0000	0.0209	0.0000	0.0000	0.2320	0.0230	0.0000	0.0441	0.0358	0.0000	0.0000	0.0000	0.0000	0.0000	0.0033	0.0000	0.0042	0.0000	0.0000	0.0000	0.0000	0.0000	0.0246	0.0000	0.0000	0.0000	0.0000	0.0047	0.0000	0.0008	0.0000	0.0000	0.0000	0.0102	0.0000	0.0045	0.0000	0.0000	0.0000	0.0066	0.0043	0.0000	0.0200	0.0000	0.0000	0.0112	0.2526	0.0000	0.0355	0.0008	0.0056	0.0000	0.0000	0.0000	0.0726	
0.0000	0.0000	0.0000	0.0000	0.0000	0.0000	0.0535	0.0000	0.0011	0.0000	0.0000	0.0000	0.0000	0.0000	0.0048	0.0604	0.0000	0.0000	0.0000	0.0805	0.0000	0.0000	0.0116	0.0000	0.0050	0.0000	0.0000	0.0000	0.0000	0.0000	0.0000	0.0000	0.0964	0.0000	0.0000	0.0000	0.0520	0.0211	0.0000	0.0297	0.0000	0.0000	0.0000	0.0970	0.0000	0.0000	0.0000	0.0000	0.0180	0.0000	0.3259	0.0000	0.0001	0.0000	0.0105	0.0603	0.0026	0.0000	0.0694	0.0000	
0.0050	0.0000	0.0285	0.0407	0.1051	0.0529	0.0183	0.0150	0.0237	0.0000	0.0000	0.0261	0.0000	0.0626	0.0000	0.0005	0.0035	0.0157	0.0008	0.0000	0.1395	0.0056	0.0447	0.0006	0.0267	0.0216	0.0000	0.0060	0.0000	0.0160	0.0587	0.0408	0.0000	0.0107	0.0024	0.0000	0.0002	0.0000	0.0000	0.0168	0.0000	0.0118	0.0000	0.0000	0.0000	0.0000	0.0000	0.0000	0.0049	0.0158	0.0000	0.0000	0.0003	0.0071	0.0554	0.0017	0.0051	0.0000	0.0107	0.0987	
0.0000	0.0008	0.0026	0.0000	0.0000	0.0000	0.0005	0.0000	0.0000	0.0000	0.0000	0.0541	0.0251	0.0000	0.0000	0.0086	0.0000	0.0000	0.0000	0.0000	0.0000	0.0038	0.0000	0.0000	0.0000	0.2410	0.0000	0.0679	0.1348	0.0000	0.0047	0.0890	0.0159	0.0962	0.1751	0.0000	0.0059	0.0142	0.0035	0.0015	0.0000	0.0000	0.0000	0.0045	0.0014	0.0089	0.0000	0.0000	0.0000	0.0000	0.0000	0.0000	0.0000	0.0000	0.0000	0.0216	0.0000	0.0112	0.0000	0.0069	
0.0000	0.0000	0.0000	0.0000	0.0000	0.0001	0.0000	0.0000	0.0007	0.0000	0.0000	0.0000	0.0000	0.0000	0.0134	0.0000	0.0000	0.0000	0.0000	0.0000	0.0094	0.0000	0.0428	0.0000	0.0000	0.0000	0.0000	0.0000	0.0033	0.0000	0.0000	0.0000	0.0000	0.0000	0.0000	0.0239	0.0055	0.0569	0.0000	0.0000	0.0000	0.0000	0.0000	0.2338	0.0014	0.0000	0.0000	0.0191	0.0000	0.0000	0.4758	0.0020	0.0000	0.0000	0.0000	0.0100	0.0154	0.0000	0.0866	0.0000	
0.0084	0.0227	0.0021	0.0554	0.0002	0.0000	0.0034	0.0000	0.0000	0.0011	0.0000	0.0000	0.0017	0.0806	0.0004	0.0011	0.0000	0.0000	0.0005	0.0000	0.1174	0.0348	0.0255	0.0000	0.0493	0.0056	0.0000	0.0000	0.0000	0.0000	0.0000	0.0000	0.0031	0.0039	0.0000	0.0000	0.0010	0.0000	0.0464	0.0000	0.0068	0.0054	0.0000	0.0140	0.1400	0.1099	0.0000	0.0168	0.0000	0.0000	0.0035	0.0000	0.0384	0.0000	0.0000	0.0002	0.0001	0.0384	0.0482	0.1133	
0.0000	0.0001	0.0003	0.0016	0.5766	0.0000	0.1397	0.0000	0.0000	0.0000	0.0061	0.0000	0.0192	0.0000	0.0367	0.0000	0.0000	0.0000	0.0000	0.0002	0.0000	0.0000	0.0000	0.0000	0.0000	0.0000	0.0000	0.0000	0.0000	0.0000	0.0000	0.0001	0.0009	0.0000	0.0000	0.0003	0.0000	0.0000	0.0000	0.0782	0.0000	0.0012	0.0000	0.0000	0.0000	0.0000	0.0000	0.1381	0.0000	0.0000	0.0000	0.0000	0.0000	0.0000	0.0000	0.0000	0.0000	0.0000	0.0000	0.0005	
0.0030	0.1939	0.0008	0.0117	0.0000	0.0058	0.1054	0.0003	0.0144	0.0000	0.0000	0.0351	0.0045	0.0000	0.0000	0.0000	0.0000	0.0000	0.0000	0.0811	0.0000	0.0047	0.0117	0.0000	0.0000	0.0023	0.0000	0.0555	0.0000	0.0108	0.0355	0.1589	0.0000	0.0079	0.0000	0.0062	0.0995	0.0390	0.0000	0.0000	0.0000	0.0016	0.0000	0.0009	0.0000	0.0000	0.0000	0.0051	0.0060	0.0000	0.0009	0.0020	0.0000	0.0000	0.0000	0.0001	0.0000	0.0006	0.0307	0.0643	
0.0000	0.0000	0.0018	0.0000	0.0089	0.1926	0.0000	0.0000	0.0000	0.0000	0.0000	0.0397	0.0000	0.0000	0.0000	0.0000	0.0002	0.0000	0.0000	0.0008	0.0000	0.0000	0.3082	0.0000	0.0000	0.0000	0.0000	0.0853	0.0000	0.0017	0.0000	0.0000	0.0496	0.0000	0.0000	0.0000	0.0000	0.0000	0.0338	0.0003	0.0309	0.0000	0.0000	0.0000	0.0000	0.0000	0.0000	0.0000	0.0000	0.1564	0.0000	0.0863	0.0000	0.0000	0.0000	0.0000	0.0000	0.0000	0.0034	0.0000	
0.0000	0.0000	0.0000	0.0262	0.0000	0.0000	0.0000	0.0000	0.0000	0.1645	0.0000	0.0000	0.0000	0.0000	0.0295	0.0000	0.0000	0.0000	0.0000	0.0013	0.3409	0.0000	0.0000	0.0000	0.0000	0.0000	0.0000	0.0161	0.0000	0.0000	0.0000	0.0000	0.0000	0.0000	0.0000	0.0000	0.0001	0.0000	0.0001	0.0000	0.0000	0.3318	0.0000	0.0000	0.0680	0.0000	0.0000	0.0000	0.0000	0.0004	0.0000	0.0000	0.0000	0.0205	0.0000	0.0006	0.0000	0.0000	0.0000	0.0000	
0.0000	0.0000	0.0000	0.0022	0.0000	0.0000	0.0000	0.1343	0.0000	0.0000	0.0000	0.0000	0.0000	0.0000	0.0000	0.0000	0.0000	0.2226	0.0000	0.1335	0.0000	0.2119	0.0000	0.0000	0.0000	0.0000	0.0000	0.0000	0.0000	0.0000	0.0000	0.0000	0.0005	0.0000	0.1752	0.0000	0.0000	0.0000	0.0000	0.0000	0.0001	0.0000	0.0000	0.0000	0.0114	0.0385	0.0000	0.0000	0.0699	0.0000	0.0000	0.0000	0.0000	0.0000	0.0000	0.0000	0.0000	0.0000	0.0000	0.0000	
0.0000	0.1778	0.0016	0.0000	0.0000	0.0000	0.0847	0.0000	0.0000	0.0000	0.0000	0.1562	0.0000	0.0000	0.0000	0.0000	0.0000	0.0000	0.0000	0.0837	0.0000	0.0000	0.0000	0.0000	0.0000	0.0000	0.0000	0.2566	0.0000	0.0032	0.0000	0.0625	0.0892	0.0000	0.0000	0.0000	0.0000	0.0000	0.0000	0.0000	0.0809	0.0000	0.0000	0.0000	0.0000	0.0000	0.0000	0.0000	0.0000	0.0000	0.0000	0.0000	0.0000	0.0000	0.0000	0.0000	0.0000	0.0000	0.0000	0.0036	
0.0000	0.0000	0.0000	0.0000	0.0000	0.0000	0.0000	0.0000	0.0000	0.0000	0.0000	0.0000	0.0000	0.0000	0.0363	0.0000	0.0000	0.0000	0.1769	0.0000	0.0000	0.0000	0.0000	0.0000	0.0000	0.0000	0.0000	0.0000	0.0063	0.0000	0.0034	0.0000	0.0000	0.0000	0.0000	0.0017	0.0000	0.0000	0.0000	0.0000	0.0000	0.0000	0.1794	0.0000	0.0000	0.0000	0.0000	0.0000	0.0000	0.0000	0.0000	0.2355	0.1473	0.0000	0.0000	0.0000	0.2131	0.0000	0.0000	0.0000	
0.0000	0.2035	0.0018	0.0000	0.0385	0.0000	0.1068	0.0000	0.0000	0.0000	0.0035	0.0000	0.0463	0.0000	0.0104	0.0000	0.0000	0.0000	0.0000	0.0599	0.0000	0.0000	0.0000	0.0689	0.0000	0.0856	0.0000	0.0153	0.1284	0.0000	0.0000	0.1128	0.0009	0.0014	0.1029	0.0000	0.0000	0.0000	0.0000	0.0000	0.0000	0.0000	0.0000	0.0000	0.0000	0.0000	0.0000	0.0013	0.0000	0.0055	0.0000	0.0008	0.0000	0.0000	0.0000	0.0000	0.0000	0.0000	0.0000	0.0051	
0.0000	0.0000	0.0000	0.0000	0.0000	0.0000	0.0000	0.0372	0.0000	0.0000	0.0057	0.0000	0.0040	0.0000	0.0000	0.0000	0.0000	0.0233	0.0000	0.0000	0.0000	0.0104	0.0000	0.0000	0.0000	0.0000	0.4123	0.0083	0.0000	0.0000	0.0000	0.2197	0.0000	0.0000	0.0026	0.0000	0.0000	0.0000	0.0000	0.2392	0.0001	0.0000	0.0000	0.0000	0.0021	0.0000	0.0000	0.0000	0.0000	0.0000	0.0000	0.0000	0.0000	0.0350	0.0000	0.0000	0.0000	0.0000	0.0000	0.0000	
0.0000	0.0000	0.0000	0.0000	0.0000	0.0000	0.0004	0.0000	0.0000	0.0000	0.0000	0.0000	0.0030	0.0000	0.0000	0.0000	0.0000	0.0000	0.0000	0.0000	0.0000	0.0000	0.0000	0.0000	0.0000	0.0000	0.0000	0.0000	0.0000	0.0000	0.0000	0.0000	0.0017	0.0000	0.0006	0.0000	0.7390	0.2449	0.0000	0.0000	0.0000	0.0000	0.0000	0.0000	0.0004	0.0008	0.0000	0.0000	0.0000	0.0000	0.0013	0.0003	0.0000	0.0000	0.0000	0.0000	0.0000	0.0000	0.0000	0.0075	
0.2601	0.0000	0.0025	0.0000	0.0000	0.0000	0.0000	0.0123	0.0000	0.0000	0.0000	0.0002	0.0000	0.0142	0.0000	0.0000	0.0000	0.0029	0.0000	0.0000	0.0000	0.0000	0.0003	0.0000	0.0028	0.0000	0.0507	0.0000	0.0000	0.0000	0.0000	0.0282	0.0000	0.0046	0.0000	0.0000	0.0249	0.0018	0.0003	0.0382	0.0000	0.0000	0.0000	0.0000	0.0558	0.0027	0.0000	0.1677	0.1734	0.0000	0.0002	0.0000	0.0154	0.0769	0.0000	0.0000	0.0000	0.0006	0.0615	0.0020	
0.0015	0.0000	0.0000	0.0000	0.0027	0.0024	0.0035	0.0000	0.0586	0.0004	0.0000	0.0000	0.0081	0.0000	0.0077	0.0000	0.0000	0.0000	0.0000	0.0000	0.0000	0.0321	0.0000	0.0000	0.0000	0.0000	0.0000	0.0000	0.0000	0.0046	0.0700	0.0000	0.0107	0.0000	0.0000	0.0000	0.0000	0.0141	0.0002	0.0025	0.0000	0.0000	0.0045	0.0512	0.0822	0.0000	0.1081	0.0000	0.0000	0.0091	0.2119	0.0000	0.0000	0.0015	0.0000	0.2370	0.0012	0.0000	0.0293	0.0445	

Emissions
0.0000	0.0000	0.0000	0.0000	0.0000	0.0000	0.0000	0.0000	0.9966	0.0014	0.0000	0.0000	0.0000	0.0000	0.0000	0.0020	0.0000	0.0000	0.0000	0.0000	
0.0000	0.0000	0.0000	0.0000	0.0016	0.0000	0.0000	0.0000	0.0000	0.0000	0.0000	0.0000	0.0000	0.9984	0.0000	0.0000	0.0000	0.0000	0.0000	0.0000	
0.0000	0.0255	0.0000	0.1433	0.0001	0.0000	0.0000	0.0000	0.0000	0.0000	0.8161	0.0000	0.0000	0.0000	0.0002	0.0000	0.0000	0.0149	0.0000	0.0000	
0.0000	0.0000	0.0000	0.0000	0.0000	0.0000	0.0000	0.0000	0.0000	0.0000	0.0000	0.0767	0.0000	0.0000	0.0000	0.0171	0.0000	0.9062	0.0000	0.0000	
0.0001	0.0000	0.0000	0.0001	0.0000	0.0000	0.0000	0.8663	0.0000	0.0000	0.1316	0.0000	0.0010	0.0000	0.0000	0.0000	0.0000	0.0009	0.0000	0.0000	
0.0000	0.0000	0.0000	0.0000	0.0000	0.0000	0.6638	0.0000	0.0011	0.0067	0.0000	0.3205	0.0000	0.0000	0.0000	0.0000	0.0000	0.0000	0.0000	0.0080	
0.9893	0.0098	0.0000	0.0000	0.0000	0.0000	0.0000	0.0000	0.0000	0.0000	0.0007	0.0000	0.0000	0.0000	0.0000	0.0001	0.0000	0.0000	0.0000	0.0001	
0.0000	0.0000	0.0000	0.0000	0.0000	0.0000	0.0000	0.0000	0.0016	0.0001	0.0000	0.0000	0.9887	0.0000	0.0000	0.0082	0.0000	0.0000	0.0000	0.0014	
0.0000	0.0000	0.0000	0.0000	0.1057	0.0000	0.0000	0.0672	0.0002	0.0000	0.0000	0.0000	0.0000	0.0000	0.0000	0.8269	0.0000	0.0000	0.0000	0.0000	
0.0000	0.0000	0.0000	0.0000	0.0000	0.0000	0.0000	0.0000	0.0000	0.0000	0.0000	0.0000	0.0000	0.0000	1.0000	0.0000	0.0000	0.0000	0.0000	0.0000	
0.0260	0.0000	0.0000	0.0000	0.0000	0.0000	0.0000	0.0000	0.0000	0.0000	0.0000	0.0100	0.0000	0.0000	0.0000	0.0000	0.4079	0.0000	0.5561	0.0000	
0.0000	0.0379	0.0000	0.0104	0.1368	0.0000	0.0000	0.0000	0.0000	0.0000	0.0000	0.0000	0.0000	0.0000	0.0000	0.5429	0.0000	0.0028	0.0000	0.2692	
0.0076	0.0170	0.0000	0.0047	0.7538	0.0000	0.0000	0.0000	0.0000	0.0007	0.0000	0.0000	0.0000	0.1410	0.0000	0.0000	0.0000	0.0000	0.0000	0.0752	
0.0000	0.0000	0.3551	0.0000	0.0000	0.0000	0.0000	0.0000	0.0000	0.0000	0.0000	0.0000	0.0000	0.0000	0.0000	0.0000	0.0000	0.0010	0.6438	0.0000	
0.0000	0.0000	0.0000	0.0000	0.0000	0.0147	0.0000	0.0000	0.0000	0.0000	0.0000	0.9852	0.0000	0.0000	0.0000	0.0000	0.0000	0.0000	0.0000	0.0000	
0.0000	0.9549	0.0000	0.0000	0.0000	0.0000	0.0000	0.0000	0.0404	0.0000	0.0001	0.0005	0.0019	0.0000	0.0000	0.0022	0.0000	0.0000	0.0000	0.0000	
0.0000	0.0000	0.0000	0.0708	0.0000	0.0025	0.1244	0.6449	0.0000	0.0313	0.0000	0.0000	0.0000	0.0336	0.0000	0.0924	0.0000	0.0000	0.0000	0.0000	
0.0000	0.0035	0.0000	0.0000	0.0105	0.9245	0.0000	0.0000	0.0083	0.0000	0.0000	0.0000	0.0009	0.0000	0.0000	0.0000	0.0000	0.0523	0.0000	0.0000	
0.0000	0.0000	0.0000	0.0000	0.0015	0.0000	0.9985	0.0000	0.0000	0.0000	0.0000	0.0000	0.0000	0.0000	0.0000	0.0000	0.0000	0.0000	0.0000	0.0000	
0.0016	0.0000	0.9245	0.0328	0.0000	0.0000	0.0000	0.0000	0.0000	0.0000	0.0104	0.0001	0.0000	0.0000	0.0260	0.0000	0.0000	0.0000	0.0046	0.0000	
0.0000	0.0000	0.0000	0.0000	0.0000	0.0000	0.0000	0.0000	0.0000	0.0000	0.0000	0.0000	0.4263	0.0000	0.0000	0.5736	0.0000	0.0000	0.0000	0.0000	
0.0895	0.0000	0.0010	0.0000	0.0000	0.0000	0.0000	0.0000	0.3127	0.0053	0.0000	0.0025	0.0000	0.0000	0.0000	0.0000	0.0000	0.5890	0.0000	0.0000	
0.0000	0.0000	0.1046	0.0029	0.0000	0.8843	0.0040	0.0000	0.0000	0.0000	0.0000	0.0000	0.0000	0.0000	0.0000	0.0000	0.0000	0.0000	0.0000	0.0042	
0.0488	0.0000	0.0000	0.0000	0.0577	0.0000	0.0000	0.0000	0.0008	0.0000	0.0000	0.0000	0.0000	0.0005	0.0000	0.0000	0.0000	0.8922	0.0000	0.0000	
0.0000	0.0000	0.0000	0.0000	0.0000	0.0000	0.0000	0.0000	0.0000	0.0000	0.0000	0.0000	0.0033	0.0016	0.9854	0.0000	0.0000	0.0098	0.0000	0.0000	
0.0000	0.0035	0.0000	0.0000	0.0000	0.8964	0.0000	0.0047	0.0000	0.0000	0.0000	0.0258	0.0000	0.0000	0.0000	0.0000	0.0000	0.0000	0.0000	0.0696	
0.0000	0.0000	0.0000	0.0000	0.0000	0.0000	0.0000	0.0000	0.0000	0.0000	0.0000	0.9820	0.0173	0.0000	0.0000	0.0000	0.0000	0.0000	0.0000	0.0007	
0.0000	0.0000	0.0000	0.0000	0.0000	0.0000	0.0000	0.0000	0.0000	0.0000	0.0000	0.0000	0.0000	0.0000	0.0000	0.0000	0.0000	0.0000	0.0000	1.0000	
0.0000	0.0000	0.0000	0.0000	0.0074	0.0000	0.0000	0.0061	0.9644	0.0000	0.0000	0.0177	0.0000	0.0000	0.0000	0.0000	0.0044	0.0000	0.0000	0.0000	
0.0000	0.0000	0.0000	0.0000	0.0000	0.0000	0.0000	0.1529	0.0002	0.0000	0.0000	0.0000	0.1574	0.6882	0.0000	0.0000	0.0000	0.0000	0.0000	0.0013	
0.0000	0.0000	0.0000	0.0000	0.0000	0.0000	0.0000	0.0000	0.0051	0.0000	0.2525	0.0080	0.0032	0.0000	0.7312	0.0000	0.0000	0.0000	0.0000	0.0001	
0.0000	0.0000	0.0000	0.0000	0.0000	0.1402	0.0000	0.0000	0.0017	0.0000	0.8581	0.0000	0.0000	0.0000	0.0000	0.0000	0.0000	0.0000	0.0000	0.0000	
0.0000	0.0000	0.0000	0.0000	0.7542	0.0000	0.0000	0.0000	0.0088	0.1617	0.0049	0.0000	0.0000	0.0588	0.0000	0.0000	0.0114	0.0000	0.0000	0.0000	
0.0000	0.0000	0.0000	0.0000	0.0000	0.9999	0.0000	0.0000	0.0000	0.0000	0.0000	0.0000	0.0000	0.0000	0.0000	0.0000	0.0001	0.0000	0.0000	0.0000	
0.0000	0.0029	0.0015	0.0024	0.0000	0.0000	0.9846	0.0064	0.0000	0.0000	0.0000	0.0000	0.0000	0.0000	0.0000	0.0000	0.0000	0.0000	0.0000	0.0020	
0.0000	0.0000	0.6946	0.0000	0.0000	0.0000	0.0000	0.0000	0.0000	0.0010	0.0000	0.0000	0.0000	0.0000	0.0000	0.0000	0.0000	0.2873	0.0000	0.0171	
0.0000	0.0000	0.0013	0.0053	0.0053	0.0014	0.0000	0.0000	0.0015	0.0000	0.0000	0.0000	0.0000	0.9852	0.0000	0.0000	0.0000	0.0000	0.0000	0.0000	
0.0000	0.0000	0.0007	0.1427	0.0000	0.0064	0.0000	0.0000	0.0000	0.0093	0.0000	0.0000	0.0000	0.0000	0.0000	0.0004	0.8405	0.0000	0.0000	0.0000	
0.0182	0.0000	0.9372	0.0041	0.0000	0.0000	0.0000	0.0000	0.0000	0.0000	0.0041	0.0018	0.0000	0.0000	0.0000	0.0000	0.0000	0.0000	0.0346	0.0000	
0.7051	0.0000	0.0000	0.0000	0.0000	0.1309	0.0000	0.0000	0.0038	0.0000	0.0000	0.0000	0.0000	0.0030	0.0000	0.0000	0.0000	0.1495	0.0000	0.0078	
0.0000	0.0000	0.0000	0.0000	0.0000	0.0000	0.0009	0.0000	0.0000	0.0001	0.0000	0.0001	0.0000	0.0000	0.0000	0.1510	0.0000	0.0000	0.8479	0.0000	
0.0000	0.0736	0.0150	0.0000	0.7531	0.0000	0.0000	0.0000	0.0000	0.0000	0.1178	0.0318	0.0000	0.0000	0.0000	0.0077	0.0000	0.0000	0.0011	0.0000	
0.0010	0.8652	0.0000	0.0000	0.0000	0.0000	0.0000	0.0000	0.0028	0.0114	0.0000	0.0049	0.0000	0.0000	0.0000	0.1145	0.0000	0.0000	0.0000	0.0000	
0.0001	0.0000	0.0000	0.0007	0.0000	0.0000	0.0002	0.0000	0.0000	0.0000	0.0000	0.0000	0.0000	0.9670	0.0000	0.0043	0.0000	0.0158	0.0000	0.0120	
0.0000	0.0000	0.0000	0.0000	0.0000	0.0000	0.0000	0.0000	0.0000	0.9992	0.0000	0.0000	0.0000	0.0007	0.0000	0.0000	0.0000	0.0000	0.0000	0.0000	
0.0000	0.1588	0.0001	0.0000	0.0000	0.0000	0.6523	0.0000	0.0000	0.0000	0.0171	0.0053	0.0252	0.0000	0.0000	0.0000	0.0000	0.0000	0.0017	0.1394	
0.0000	0.0585	0.0000	0.0903	0.0000	0.0000	0.0100	0.0203	0.0000	0.0000	0.0014	0.0000	0.0000	0.0000	0.0000	0.0000	0.0000	0.0000	0.8195	0.0000	
0.0097	0.0000	0.0000	0.0000	0.0000	0.0000	0.0000	0.0000	0.0000	0.0000	0.9788	0.0000	0.0000	0.0000	0.0000	0.0000	0.0000	0.0000	0.0115	0.0000	
0.0000	0.0000	0.9939	0.0018	0.0000	0.0000	0.0000	0.0000	0.0000	0.0000	0.0043	0.0000	0.0000	0.0000	0.0000	0.0000	0.0000	0.0000	0.0000	0.0000	
0.0000	0.9907	0.0005	0.0000	0.0000	0.0000	0.0000	0.0000	0.0000	0.0000	0.0000	0.0000	0.0000	0.0000	0.0000	0.0000	0.0000	0.0088	0.0000	0.0000	
0.0001	0.0000	0.0000	0.9982	0.0000	0.0000	0.0000	0.0006	0.0000	0.0000	0.0000	0.0000	0.0000	0.0000	0.0010	0.0000	0.0000	0.0000	0.0000	0.0000	
0.0000	0.0000	0.0000	0.0000	0.0000	0.0028	0.0000	0.0000	0.0002	0.0030	0.0000	0.0000	0.0000	0.0000	0.0000	0.0000	0.9941	0.0000	0.0000	0.0000	
0.0000	0.0000	0.0000	0.0000	0.0007	0.0001	0.0000	0.0000	0.1293	0.0424	0.0000	0.0012	0.0000	0.0000	0.8264	0.0000	0.0000	0.0000	0.0000	0.0000	
0.0000	0.0000	0.1348	0.0084	0.0000	0.0000	0.0012	0.0000	0.0000	0.0061	0.0000	0.0000	0.0000	0.0000	0.8475	0.0000	0.0000	0.0000	0.0000	0.0020	
0.0000	0.0000	0.0000	0.0000	0.0000	0.0000	0.0000	0.3661	0.0000	0.6339	0.0000	0.0000	0.0000	0.0000	0.0000	0.0000	0.0000	0.0000	0.0000	0.0000	
0.0000	0.0014	0.0000	0.0000	0.0083	0.3628	0.0000	0.0000	0.0000	0.0000	0.5969	0.0000	0.0000	0.0000	0.0000	0.0000	0.0000	0.0306	0.0000	0.0000	
0.0000	0.0000	0.0000	0.0000	0.0000	0.9860	0.0000	0.0000	0.0000	0.0000	0.0011	0.0000	0.0000	0.0000	0.0000	0.0129	0.0000	0.0000	0.0000	0.0000	
0.0000	0.0000	0.0000	0.0000	0.9994	0.0000	0.0000	0.0000	0.0006	0.0000	0.0000	0.0000	0.0000	0.0000	0.0000	0.0000	0.0000	0.0000	0.0000	0.0000	
0.0000	0.1163	0.0000	0.0033	0.0000	0.0000	0.0000	0.0000	0.0000	0.0027	0.0509	0.8268	0.0000	0.0000	0.0000	0.0000	0.0000	0.0000	0.0000	0.0000	
0.0000	0.0114	0.0000	0.9590	0.0000	0.0000	0.0001	0.0000	0.0001	0.0000	0.0001	0.0000	0.0000	0.0000	0.0000	0.0000	0.0000	0.0000	0.0293	0.0000	
