DataSet 35
Learner: Baum Welch Learner
Log Likelihood: 239535.8421723040

Number of States: 80
Number of Symbols: 20
Threshold: 0.01

Initial Distribution:
0.0000	0.0000	0.0000	0.0000	0.0000	0.0000	0.0000	0.0000	0.0000	0.0039	0.0273	0.0000	0.0000	0.1070	0.0000	0.0049	0.0000	0.0000	0.0000	0.0000	0.0000	0.0000	0.3604	0.0000	0.0000	0.0000	0.0000	0.0000	0.0000	0.0000	0.0000	0.0000	0.0000	0.0000	0.0000	0.0000	0.0605	0.0000	0.0000	0.0000	0.0000	0.0000	0.0157	0.0000	0.0000	0.0010	0.0000	0.0000	0.0000	0.0000	0.0000	0.0000	0.0023	0.0000	0.0021	0.0000	0.0000	0.0000	0.0000	0.0000	0.0000	0.0000	0.4115	0.0000	0.0000	0.0000	0.0000	0.0030	0.0000	0.0000	0.0000	0.0000	0.0000	0.0000	0.0000	0.0000	0.0003	0.0000	0.0000	0.0000	

Transitions:
0.0054	0.0240	0.0000	0.0000	0.0000	0.0001	0.0000	0.0373	0.0000	0.0000	0.0000	0.0151	0.0000	0.0062	0.0866	0.0000	0.0000	0.0000	0.0000	0.0000	0.0000	0.0000	0.0000	0.0000	0.0000	0.0000	0.0000	0.0000	0.0000	0.0000	0.0000	0.0000	0.0000	0.0000	0.0000	0.0000	0.0000	0.0000	0.1113	0.0000	0.0000	0.0848	0.0000	0.0000	0.0000	0.0000	0.0000	0.0000	0.0000	0.0006	0.0000	0.0000	0.0014	0.3291	0.0005	0.0000	0.0008	0.0000	0.0000	0.0942	0.0000	0.0000	0.0051	0.0000	0.0000	0.0000	0.0000	0.0000	0.0000	0.0000	0.0432	0.0017	0.1525	0.0000	0.0000	0.0000	0.0000	0.0000	0.0000	0.0000	
0.0000	0.0000	0.0000	0.0000	0.0000	0.0000	0.0000	0.0000	0.0000	0.0000	0.0000	0.0171	0.0000	0.0000	0.0000	0.0000	0.0006	0.0000	0.0000	0.0000	0.0243	0.0000	0.0000	0.0000	0.0000	0.0000	0.0000	0.0000	0.0000	0.0000	0.0000	0.0000	0.0000	0.0000	0.0002	0.0255	0.0773	0.0000	0.0000	0.0000	0.0000	0.0000	0.0000	0.0000	0.0082	0.0004	0.0000	0.0000	0.0000	0.0000	0.0000	0.0000	0.0000	0.0000	0.3119	0.0000	0.0000	0.0000	0.0000	0.1298	0.0000	0.0000	0.0000	0.4021	0.0000	0.0000	0.0000	0.0000	0.0000	0.0002	0.0000	0.0000	0.0000	0.0000	0.0000	0.0000	0.0004	0.0000	0.0000	0.0018	
0.0000	0.0000	0.0000	0.0000	0.0000	0.2523	0.0000	0.0000	0.0000	0.0000	0.0000	0.0000	0.0000	0.0000	0.0000	0.0000	0.0000	0.0000	0.0051	0.0000	0.0000	0.0000	0.0000	0.0000	0.0000	0.2471	0.0000	0.0000	0.0000	0.0000	0.0000	0.0000	0.0000	0.0015	0.0000	0.0000	0.0000	0.0000	0.0000	0.0000	0.0000	0.0000	0.0000	0.0000	0.0798	0.0000	0.0000	0.0000	0.0000	0.0000	0.0000	0.0000	0.0000	0.0000	0.0000	0.3757	0.0000	0.0000	0.0000	0.0000	0.0000	0.0107	0.0000	0.0000	0.0000	0.0000	0.0000	0.0000	0.0000	0.0025	0.0001	0.0000	0.0252	0.0000	0.0000	0.0000	0.0000	0.0000	0.0000	0.0000	
0.0000	0.0000	0.0000	0.0000	0.0000	0.0000	0.0000	0.0000	0.0000	0.0132	0.0000	0.0000	0.0000	0.0124	0.0000	0.0000	0.0000	0.0000	0.0000	0.0000	0.0000	0.0000	0.0332	0.0000	0.0000	0.0000	0.0000	0.0000	0.0000	0.0000	0.0000	0.0000	0.0000	0.0000	0.0000	0.1184	0.0047	0.0000	0.0000	0.0000	0.0000	0.0000	0.0016	0.0000	0.0000	0.0000	0.0004	0.0000	0.0000	0.0000	0.0000	0.0000	0.0983	0.2161	0.0007	0.0000	0.0000	0.0000	0.0000	0.0000	0.0000	0.0000	0.0372	0.4631	0.0000	0.0000	0.0000	0.0006	0.0000	0.0000	0.0000	0.0000	0.0000	0.0000	0.0000	0.0000	0.0000	0.0000	0.0000	0.0000	
0.0000	0.0000	0.0000	0.0000	0.0022	0.0105	0.0000	0.0184	0.0000	0.0000	0.0000	0.0126	0.1426	0.0016	0.0105	0.0000	0.0000	0.0000	0.0058	0.0045	0.0000	0.0000	0.0000	0.0910	0.0000	0.0000	0.0000	0.0000	0.1397	0.0000	0.0000	0.0000	0.0000	0.0000	0.0000	0.0000	0.0000	0.2089	0.0020	0.0000	0.0000	0.0000	0.0000	0.0000	0.0000	0.0000	0.0000	0.0060	0.0000	0.0000	0.0444	0.0000	0.0000	0.0000	0.0000	0.0000	0.1268	0.0000	0.0000	0.0002	0.0000	0.0000	0.0000	0.0000	0.0000	0.0000	0.0440	0.0000	0.0041	0.0000	0.0008	0.0018	0.0000	0.0000	0.0000	0.0985	0.0152	0.0078	0.0000	0.0000	
0.0015	0.0000	0.0000	0.0000	0.0042	0.0000	0.1226	0.0000	0.0945	0.0000	0.0000	0.0000	0.0000	0.0000	0.0864	0.1056	0.0000	0.0103	0.0000	0.0000	0.0001	0.0001	0.0023	0.0399	0.0000	0.0266	0.0000	0.0298	0.0951	0.0000	0.0000	0.0000	0.0007	0.0000	0.0000	0.0000	0.0000	0.0000	0.0025	0.0061	0.0000	0.0000	0.0000	0.0000	0.0015	0.0061	0.0475	0.0000	0.0000	0.0000	0.0000	0.0000	0.0003	0.0000	0.0000	0.0000	0.0897	0.0000	0.0000	0.0000	0.1135	0.0000	0.0000	0.0000	0.0000	0.0000	0.0040	0.0089	0.0000	0.0000	0.0023	0.0000	0.0000	0.0000	0.0000	0.0979	0.0000	0.0000	0.0000	0.0000	
0.0000	0.0000	0.0000	0.0000	0.0000	0.0000	0.0000	0.0000	0.0000	0.0000	0.0000	0.0000	0.0000	0.0000	0.0000	0.0000	0.0000	0.0000	0.0000	0.0000	0.0000	0.0000	0.0000	0.0000	0.0000	0.4179	0.0000	0.0000	0.0007	0.0000	0.0000	0.0000	0.0000	0.0000	0.0000	0.0000	0.0000	0.0000	0.0000	0.0000	0.0000	0.0000	0.0000	0.0000	0.0782	0.0000	0.0000	0.0000	0.0005	0.0000	0.0000	0.0000	0.0000	0.0000	0.0000	0.4617	0.0000	0.0000	0.0000	0.0000	0.0000	0.0406	0.0003	0.0000	0.0000	0.0000	0.0000	0.0000	0.0000	0.0000	0.0000	0.0000	0.0000	0.0000	0.0000	0.0000	0.0000	0.0000	0.0000	0.0000	
0.0000	0.0000	0.0000	0.0000	0.0000	0.0000	0.0000	0.1120	0.0000	0.0000	0.0000	0.0000	0.0000	0.0000	0.0000	0.0000	0.0002	0.0000	0.0000	0.0035	0.0276	0.0000	0.0000	0.0000	0.0000	0.0000	0.0000	0.0000	0.0000	0.0000	0.0002	0.0000	0.0001	0.0000	0.0000	0.0000	0.0000	0.0003	0.0000	0.0000	0.1806	0.0000	0.0000	0.0000	0.0000	0.0000	0.0000	0.0000	0.0000	0.0000	0.0804	0.0000	0.0000	0.0000	0.0000	0.0000	0.0000	0.0000	0.0000	0.0000	0.0000	0.0000	0.0000	0.0000	0.0000	0.0000	0.0517	0.0000	0.0000	0.0000	0.0000	0.2696	0.0000	0.2005	0.0000	0.0000	0.0000	0.0000	0.0733	0.0000	
0.0000	0.0000	0.0000	0.0007	0.2375	0.0000	0.0329	0.0000	0.0563	0.0004	0.0000	0.1744	0.0000	0.0306	0.0025	0.0000	0.0000	0.0000	0.0000	0.0000	0.0094	0.0000	0.0009	0.0000	0.0000	0.0000	0.0000	0.0000	0.0001	0.0000	0.0000	0.0465	0.0000	0.0000	0.0000	0.0000	0.0005	0.0000	0.0000	0.0000	0.0000	0.0000	0.0000	0.0000	0.0546	0.0000	0.0000	0.0336	0.0000	0.0000	0.0000	0.0000	0.0000	0.0002	0.0001	0.0000	0.0000	0.0000	0.0000	0.0546	0.0108	0.0000	0.0000	0.0458	0.0000	0.0000	0.0026	0.0000	0.1841	0.0000	0.0072	0.0000	0.0000	0.0043	0.0000	0.0000	0.0000	0.0000	0.0092	0.0004	
0.0000	0.0229	0.0019	0.0000	0.0000	0.0000	0.0005	0.0000	0.0004	0.0031	0.1544	0.0000	0.0000	0.0000	0.0000	0.0000	0.0371	0.0000	0.0000	0.0000	0.0108	0.0000	0.0000	0.0001	0.0364	0.0048	0.0000	0.0000	0.0008	0.2425	0.0000	0.0056	0.0000	0.0001	0.0000	0.0047	0.0085	0.1005	0.0013	0.0002	0.0000	0.0000	0.0000	0.0000	0.0020	0.0000	0.0472	0.0000	0.0000	0.0000	0.0000	0.0007	0.0000	0.0006	0.0121	0.0000	0.0000	0.0000	0.0000	0.0081	0.0760	0.1070	0.0000	0.0327	0.0000	0.0024	0.0000	0.0000	0.0023	0.0000	0.0161	0.0000	0.0000	0.0000	0.0002	0.0000	0.0000	0.0000	0.0563	0.0000	
0.0000	0.0000	0.0001	0.0000	0.0005	0.0000	0.0000	0.0001	0.0158	0.0118	0.0000	0.0000	0.0003	0.0984	0.0000	0.0058	0.0012	0.0000	0.0001	0.0000	0.0028	0.0000	0.0000	0.0139	0.0000	0.0013	0.0000	0.0000	0.0000	0.0000	0.0000	0.0231	0.0000	0.0000	0.2786	0.0000	0.0000	0.0351	0.0000	0.0000	0.0000	0.0000	0.0993	0.0000	0.0283	0.0000	0.0000	0.0000	0.0941	0.0000	0.0000	0.0000	0.0000	0.0000	0.0000	0.0000	0.0000	0.0031	0.0000	0.0000	0.0000	0.0000	0.0000	0.0000	0.0000	0.0000	0.0018	0.0037	0.0000	0.2789	0.0000	0.0000	0.0000	0.0000	0.0000	0.0000	0.0000	0.0000	0.0000	0.0017	
0.0003	0.0037	0.0000	0.0003	0.0000	0.0000	0.0000	0.0001	0.0000	0.1823	0.0000	0.0000	0.0000	0.0210	0.0000	0.0000	0.5121	0.0000	0.0000	0.0000	0.0000	0.0000	0.0000	0.0000	0.0000	0.0000	0.0000	0.0000	0.0000	0.0000	0.0000	0.0000	0.0000	0.0031	0.0012	0.0000	0.0000	0.0000	0.0048	0.0000	0.0000	0.0000	0.0000	0.0000	0.0000	0.0079	0.0000	0.0000	0.0000	0.0000	0.0000	0.0000	0.0000	0.0000	0.0000	0.0000	0.0000	0.2628	0.0000	0.0000	0.0000	0.0000	0.0000	0.0003	0.0000	0.0000	0.0000	0.0000	0.0000	0.0000	0.0000	0.0000	0.0001	0.0000	0.0000	0.0000	0.0000	0.0000	0.0000	0.0001	
0.0000	0.0000	0.0000	0.0000	0.0000	0.0000	0.2235	0.0000	0.1753	0.0000	0.0000	0.0000	0.0000	0.0000	0.1425	0.1717	0.0000	0.0056	0.0000	0.0000	0.0000	0.0000	0.0000	0.0000	0.0000	0.0001	0.0000	0.0297	0.0000	0.0050	0.0000	0.0000	0.0000	0.0000	0.0000	0.0000	0.0014	0.0019	0.0000	0.0000	0.0000	0.0000	0.0000	0.0000	0.0000	0.0000	0.0000	0.0000	0.0000	0.0000	0.0000	0.0000	0.0000	0.0286	0.0000	0.0000	0.0031	0.0000	0.0000	0.0000	0.2105	0.0011	0.0000	0.0000	0.0000	0.0000	0.0000	0.0000	0.0000	0.0000	0.0000	0.0000	0.0000	0.0000	0.0000	0.0000	0.0000	0.0000	0.0000	0.0000	
0.0000	0.0012	0.0078	0.0130	0.0605	0.0000	0.0000	0.0000	0.0000	0.3361	0.0000	0.0006	0.0000	0.0000	0.0000	0.0000	0.0095	0.0000	0.0003	0.0000	0.0523	0.0000	0.0000	0.0000	0.0000	0.0000	0.0001	0.0082	0.0043	0.0000	0.0000	0.0000	0.0000	0.0000	0.0195	0.0000	0.0002	0.0000	0.0000	0.0000	0.0544	0.0157	0.0000	0.0001	0.0000	0.0000	0.0000	0.0000	0.0091	0.0000	0.0794	0.0000	0.0000	0.0357	0.0000	0.0000	0.0014	0.0000	0.0000	0.0000	0.0052	0.0000	0.0000	0.0000	0.0000	0.0025	0.0000	0.0000	0.0000	0.0000	0.0017	0.0000	0.0000	0.1628	0.0000	0.0000	0.0000	0.0000	0.0743	0.0442	
0.0000	0.5226	0.0000	0.0000	0.0000	0.0000	0.0000	0.0000	0.0000	0.0020	0.0745	0.0001	0.0025	0.0000	0.0125	0.0000	0.0000	0.0000	0.0000	0.0030	0.0000	0.0003	0.0000	0.0000	0.0000	0.0002	0.0000	0.0291	0.0000	0.0000	0.0000	0.0000	0.0000	0.0000	0.0000	0.0000	0.0000	0.0000	0.0001	0.0048	0.0000	0.0000	0.0000	0.0000	0.0227	0.1622	0.0000	0.0000	0.0000	0.0000	0.0000	0.0000	0.0000	0.0623	0.0159	0.0000	0.0000	0.0451	0.0000	0.0237	0.0000	0.0000	0.0004	0.0000	0.0000	0.0000	0.0000	0.0000	0.0000	0.0000	0.0101	0.0000	0.0000	0.0000	0.0000	0.0008	0.0000	0.0000	0.0050	0.0001	
0.0000	0.0000	0.0000	0.0000	0.0000	0.0013	0.0000	0.0001	0.0000	0.0000	0.0000	0.0000	0.0000	0.0000	0.3624	0.0000	0.0000	0.0000	0.0000	0.0076	0.0000	0.0000	0.0000	0.0000	0.0000	0.0000	0.0000	0.0000	0.0000	0.0000	0.2810	0.0000	0.0000	0.0023	0.0000	0.0000	0.0000	0.0000	0.0000	0.0000	0.0002	0.0035	0.0000	0.0000	0.0000	0.0000	0.0000	0.0000	0.1570	0.0000	0.0000	0.0000	0.0000	0.0000	0.0000	0.0976	0.0000	0.0000	0.0000	0.0000	0.0000	0.0000	0.0000	0.0000	0.0000	0.0000	0.0766	0.0000	0.0000	0.0000	0.0000	0.0045	0.0000	0.0000	0.0030	0.0000	0.0000	0.0029	0.0000	0.0000	
0.0000	0.0000	0.0389	0.0000	0.0000	0.1340	0.0000	0.0000	0.0000	0.0000	0.0000	0.0000	0.0389	0.0301	0.0798	0.0000	0.0000	0.0000	0.0316	0.1773	0.0000	0.0000	0.0000	0.0337	0.0000	0.0058	0.0000	0.0000	0.0000	0.0000	0.0000	0.0000	0.0000	0.0000	0.0000	0.0000	0.0000	0.0939	0.0000	0.0434	0.0002	0.0960	0.0598	0.0000	0.0000	0.0000	0.0000	0.0000	0.0000	0.0000	0.0005	0.0060	0.0000	0.0000	0.0000	0.0008	0.0013	0.0000	0.0146	0.0000	0.0000	0.0000	0.0000	0.0000	0.0000	0.0000	0.0116	0.0000	0.0000	0.0862	0.0106	0.0000	0.0000	0.0000	0.0000	0.0000	0.0050	0.0000	0.0000	0.0000	
0.0394	0.0000	0.0000	0.0000	0.0000	0.0000	0.0106	0.0000	0.0000	0.0010	0.0000	0.0000	0.0000	0.0104	0.0001	0.0001	0.0000	0.0000	0.0000	0.0000	0.0000	0.0000	0.0000	0.0055	0.0035	0.0140	0.0000	0.0000	0.0000	0.0000	0.0000	0.0035	0.0000	0.1071	0.0000	0.0000	0.0000	0.0000	0.0146	0.0000	0.2603	0.0231	0.0365	0.0000	0.0000	0.0000	0.0563	0.0000	0.0000	0.0000	0.0000	0.0000	0.0000	0.0000	0.0000	0.0000	0.0000	0.0001	0.0000	0.0000	0.0000	0.0000	0.0079	0.0004	0.0653	0.0000	0.0195	0.0000	0.0015	0.0000	0.0000	0.0000	0.0383	0.0000	0.1124	0.0000	0.1425	0.0000	0.0000	0.0260	
0.0000	0.0118	0.0000	0.0000	0.0000	0.1489	0.0000	0.0000	0.0000	0.0000	0.0001	0.0000	0.0000	0.0000	0.1022	0.0000	0.0081	0.0000	0.0000	0.3103	0.0000	0.0011	0.0000	0.0000	0.0000	0.1187	0.0000	0.0000	0.0000	0.0000	0.0000	0.0000	0.0000	0.0000	0.0000	0.0000	0.0000	0.0000	0.0033	0.0000	0.0164	0.1325	0.0000	0.0000	0.0238	0.0000	0.0000	0.0000	0.0000	0.0000	0.0000	0.0061	0.0002	0.0000	0.0000	0.1084	0.0009	0.0000	0.0000	0.0000	0.0000	0.0039	0.0000	0.0000	0.0000	0.0000	0.0000	0.0000	0.0000	0.0000	0.0000	0.0000	0.0000	0.0000	0.0000	0.0000	0.0031	0.0000	0.0000	0.0000	
0.0000	0.0000	0.0000	0.0000	0.0000	0.0000	0.2572	0.0000	0.1507	0.0055	0.0000	0.0000	0.0000	0.0000	0.1154	0.1821	0.0000	0.0210	0.0000	0.0000	0.0000	0.0000	0.0000	0.0000	0.0000	0.0336	0.0000	0.0170	0.0000	0.0000	0.0000	0.0003	0.0000	0.0000	0.0000	0.0000	0.0000	0.0000	0.0000	0.0000	0.0000	0.0000	0.0000	0.0000	0.0000	0.0000	0.0000	0.0000	0.0000	0.0000	0.0000	0.0000	0.0000	0.0000	0.0000	0.0000	0.0044	0.0000	0.0000	0.0000	0.2075	0.0000	0.0000	0.0008	0.0000	0.0000	0.0000	0.0000	0.0000	0.0000	0.0000	0.0000	0.0000	0.0000	0.0000	0.0000	0.0000	0.0006	0.0039	0.0000	
0.0098	0.0906	0.0091	0.0000	0.0008	0.0000	0.0399	0.0000	0.0204	0.0147	0.0033	0.0000	0.0000	0.0000	0.0167	0.0239	0.0001	0.0059	0.0000	0.0000	0.0387	0.0000	0.0030	0.0234	0.0000	0.0000	0.0000	0.0474	0.0000	0.0002	0.0000	0.0000	0.0000	0.2835	0.0000	0.0000	0.0000	0.0000	0.0000	0.0000	0.0017	0.0000	0.0000	0.0000	0.0000	0.0392	0.0884	0.0000	0.0000	0.0000	0.0000	0.0007	0.0000	0.0000	0.0000	0.0000	0.0000	0.0000	0.0048	0.0000	0.0822	0.0000	0.0000	0.0000	0.0000	0.0022	0.0000	0.0000	0.0000	0.0005	0.0001	0.0000	0.0695	0.0000	0.0000	0.0000	0.0000	0.0000	0.0000	0.0790	
0.0000	0.0000	0.0000	0.0000	0.0000	0.0000	0.0000	0.3324	0.0000	0.0000	0.0000	0.0719	0.0000	0.0000	0.0000	0.0000	0.0000	0.0000	0.0038	0.0000	0.0000	0.0000	0.0000	0.0000	0.0000	0.0000	0.0000	0.0000	0.1983	0.0000	0.0000	0.0000	0.0000	0.0000	0.0000	0.0000	0.0000	0.0000	0.0010	0.0159	0.0000	0.0000	0.0000	0.0063	0.0000	0.0000	0.0000	0.0000	0.0000	0.0000	0.0000	0.0000	0.0000	0.0028	0.0000	0.0000	0.1469	0.0000	0.0000	0.0000	0.0000	0.0000	0.0001	0.0000	0.0000	0.0000	0.0000	0.0000	0.0000	0.0000	0.0000	0.0761	0.0000	0.0000	0.0000	0.1444	0.0000	0.0000	0.0000	0.0000	
0.0000	0.5656	0.0000	0.0000	0.0000	0.0000	0.0000	0.0000	0.0000	0.0000	0.0000	0.0000	0.0035	0.0000	0.0000	0.0000	0.0000	0.0000	0.0000	0.0000	0.0000	0.0000	0.0000	0.0000	0.0000	0.0000	0.0000	0.0558	0.0000	0.0000	0.0000	0.0000	0.0000	0.0000	0.0000	0.0000	0.0009	0.0000	0.0000	0.0036	0.0000	0.0000	0.0000	0.0000	0.0000	0.2933	0.0000	0.0000	0.0000	0.0000	0.0000	0.0000	0.0000	0.0000	0.0000	0.0000	0.0000	0.0761	0.0000	0.0000	0.0000	0.0000	0.0000	0.0000	0.0000	0.0000	0.0000	0.0000	0.0000	0.0000	0.0000	0.0000	0.0000	0.0000	0.0000	0.0012	0.0000	0.0000	0.0000	0.0000	
0.1340	0.0000	0.0000	0.0000	0.0219	0.2084	0.0000	0.0000	0.0214	0.0030	0.0000	0.0000	0.0000	0.0000	0.0000	0.0000	0.0000	0.0000	0.0724	0.0000	0.0000	0.0534	0.0000	0.0254	0.0000	0.0000	0.0000	0.0182	0.0022	0.0000	0.0000	0.0000	0.3284	0.0000	0.0000	0.0000	0.0000	0.0088	0.0080	0.0000	0.0074	0.0133	0.0000	0.0000	0.0166	0.0000	0.0000	0.0000	0.0000	0.0000	0.0002	0.0000	0.0000	0.0107	0.0000	0.0000	0.0000	0.0000	0.0201	0.0000	0.0000	0.0000	0.0000	0.0000	0.0000	0.0000	0.0001	0.0000	0.0000	0.0000	0.0000	0.0000	0.0000	0.0238	0.0000	0.0000	0.0022	0.0002	0.0001	0.0000	
0.0000	0.0000	0.0000	0.0000	0.0301	0.0000	0.0000	0.0000	0.0000	0.0000	0.0000	0.0000	0.0000	0.0000	0.0000	0.0000	0.0000	0.0000	0.4611	0.0000	0.0000	0.2523	0.0000	0.0000	0.0000	0.0000	0.0000	0.0000	0.0000	0.0000	0.0000	0.0000	0.0000	0.0000	0.0000	0.0000	0.0000	0.0060	0.0000	0.0000	0.0000	0.0014	0.0000	0.0000	0.0000	0.0000	0.0000	0.0000	0.0000	0.0000	0.0000	0.0000	0.0000	0.0000	0.0000	0.0000	0.0000	0.0000	0.2180	0.0000	0.0111	0.0000	0.0000	0.0000	0.0000	0.0000	0.0000	0.0073	0.0000	0.0000	0.0000	0.0000	0.0000	0.0000	0.0000	0.0000	0.0000	0.0127	0.0000	0.0000	
0.0756	0.0000	0.0000	0.0000	0.0000	0.0000	0.0000	0.0000	0.0000	0.0144	0.0000	0.0010	0.0000	0.0000	0.0031	0.0000	0.0000	0.0000	0.0000	0.0022	0.0000	0.0000	0.0000	0.0000	0.0000	0.0000	0.0179	0.0000	0.0000	0.0000	0.0000	0.0000	0.0000	0.0000	0.0000	0.0003	0.0000	0.0000	0.6482	0.0000	0.0000	0.1321	0.0011	0.0260	0.0000	0.0000	0.0000	0.0000	0.0000	0.0200	0.0000	0.0000	0.0169	0.0025	0.0000	0.0000	0.0000	0.0000	0.0007	0.0040	0.0000	0.0000	0.0000	0.0020	0.0000	0.0000	0.0000	0.0000	0.0022	0.0000	0.0266	0.0001	0.0032	0.0000	0.0000	0.0000	0.0000	0.0000	0.0000	0.0000	
0.0000	0.0000	0.1273	0.0000	0.0000	0.0000	0.0000	0.0000	0.0000	0.0000	0.0000	0.0064	0.0000	0.0000	0.0000	0.0000	0.0000	0.0062	0.0000	0.0000	0.0000	0.0003	0.0000	0.0000	0.0000	0.0000	0.0000	0.0000	0.0000	0.0017	0.0000	0.0000	0.0000	0.0000	0.0033	0.0000	0.0000	0.0000	0.0000	0.0000	0.0000	0.0000	0.0000	0.0000	0.0000	0.0000	0.0000	0.1925	0.0000	0.0000	0.0000	0.5551	0.0000	0.0000	0.0000	0.0000	0.0000	0.0000	0.0027	0.0000	0.0000	0.0000	0.0000	0.0000	0.0000	0.0555	0.0000	0.0000	0.0041	0.0000	0.0000	0.0000	0.0448	0.0000	0.0000	0.0000	0.0000	0.0000	0.0000	0.0000	
0.0064	0.0000	0.0000	0.0000	0.1077	0.0000	0.0665	0.0000	0.0511	0.0033	0.0000	0.0000	0.0000	0.0000	0.2979	0.0572	0.0000	0.0028	0.0000	0.0000	0.0000	0.0000	0.0003	0.0000	0.0000	0.1032	0.0000	0.0000	0.0000	0.0000	0.0000	0.0000	0.0000	0.0064	0.0000	0.0000	0.0000	0.0000	0.0000	0.0000	0.0025	0.1518	0.0000	0.0000	0.0000	0.0000	0.0000	0.0000	0.0000	0.0000	0.0000	0.0000	0.0000	0.0000	0.0000	0.0000	0.0000	0.0000	0.0000	0.0004	0.0643	0.0566	0.0000	0.0000	0.0000	0.0000	0.0000	0.0000	0.0003	0.0000	0.0000	0.0000	0.0000	0.0000	0.0211	0.0000	0.0000	0.0000	0.0000	0.0000	
0.0000	0.0000	0.0000	0.0000	0.0000	0.0000	0.0000	0.0000	0.0000	0.0000	0.0000	0.0000	0.0000	0.0000	0.0000	0.0000	0.0000	0.0000	0.0000	0.0000	0.0000	0.0000	0.0000	0.0000	0.0000	0.3965	0.0000	0.0000	0.0000	0.0000	0.0000	0.0000	0.0000	0.0000	0.0000	0.0001	0.0000	0.0000	0.0000	0.0000	0.0000	0.0000	0.0026	0.0000	0.0869	0.0000	0.0000	0.0000	0.0016	0.0000	0.0000	0.0000	0.0000	0.0000	0.0000	0.4773	0.0000	0.0000	0.0000	0.0000	0.0000	0.0317	0.0000	0.0033	0.0000	0.0000	0.0000	0.0000	0.0000	0.0000	0.0000	0.0000	0.0000	0.0000	0.0000	0.0000	0.0000	0.0000	0.0000	0.0000	
0.0000	0.2444	0.0141	0.0000	0.0000	0.0000	0.0000	0.0000	0.0000	0.0195	0.0869	0.0000	0.0000	0.0000	0.0006	0.0000	0.0000	0.0000	0.0003	0.0000	0.0000	0.0000	0.0000	0.0000	0.0000	0.0004	0.0000	0.0000	0.0000	0.0000	0.0000	0.0000	0.0000	0.2771	0.0000	0.0000	0.0000	0.0000	0.1199	0.0087	0.0000	0.0000	0.0000	0.0002	0.0379	0.0000	0.0000	0.0000	0.0009	0.0000	0.0000	0.0000	0.0000	0.0448	0.0226	0.0000	0.0000	0.0000	0.0000	0.0181	0.0000	0.0000	0.0000	0.0000	0.0000	0.0000	0.0000	0.0000	0.0000	0.0000	0.0135	0.0000	0.0897	0.0000	0.0005	0.0000	0.0000	0.0000	0.0000	0.0000	
0.0000	0.2401	0.0000	0.0000	0.0000	0.0535	0.0000	0.0010	0.0000	0.0057	0.0871	0.0000	0.0005	0.0000	0.0325	0.0000	0.0056	0.0000	0.0000	0.0847	0.0000	0.0000	0.0000	0.0000	0.0000	0.0000	0.0000	0.0000	0.0000	0.0000	0.0000	0.0003	0.0000	0.1713	0.0000	0.0000	0.0000	0.0000	0.1015	0.0000	0.0014	0.0460	0.0000	0.0000	0.0302	0.0000	0.0000	0.0000	0.0000	0.0000	0.0000	0.0045	0.0000	0.0363	0.0348	0.0000	0.0000	0.0000	0.0000	0.0059	0.0000	0.0000	0.0010	0.0000	0.0000	0.0000	0.0000	0.0000	0.0000	0.0000	0.0000	0.0000	0.0444	0.0000	0.0000	0.0000	0.0000	0.0000	0.0115	0.0000	
0.2248	0.0000	0.0000	0.0000	0.0000	0.2613	0.0000	0.0000	0.0477	0.0000	0.0000	0.0000	0.0000	0.0000	0.0000	0.0000	0.0000	0.0033	0.0000	0.0000	0.0000	0.0451	0.0000	0.0000	0.0000	0.0000	0.0000	0.0000	0.0000	0.0000	0.0000	0.0000	0.3883	0.0000	0.0000	0.0000	0.0000	0.0000	0.0000	0.0000	0.0000	0.0000	0.0000	0.0000	0.0247	0.0000	0.0000	0.0000	0.0000	0.0000	0.0000	0.0001	0.0027	0.0000	0.0000	0.0000	0.0000	0.0000	0.0000	0.0000	0.0000	0.0000	0.0020	0.0000	0.0000	0.0000	0.0000	0.0000	0.0000	0.0000	0.0000	0.0000	0.0000	0.0000	0.0000	0.0000	0.0000	0.0000	0.0000	0.0000	
0.0000	0.0000	0.0000	0.0000	0.0000	0.0000	0.0000	0.0000	0.0000	0.0000	0.0000	0.0000	0.0000	0.0000	0.0000	0.0000	0.0000	0.0000	0.0000	0.0000	0.0000	0.0000	0.0000	0.0000	0.0000	0.0000	0.0000	0.0000	0.0000	0.0000	0.0000	0.0000	0.0000	0.0000	0.0000	0.0000	0.0000	0.0000	0.0000	0.0000	0.0000	0.0000	0.0000	0.1078	0.0000	0.0000	0.0000	0.0000	0.0000	0.0000	0.0000	0.0000	0.0000	0.0000	0.0000	0.0000	0.0000	0.0000	0.0000	0.0000	0.0000	0.0000	0.0000	0.0000	0.0000	0.0000	0.0000	0.3519	0.0000	0.0000	0.0000	0.0000	0.0000	0.0000	0.0000	0.0000	0.0000	0.5403	0.0000	0.0000	
0.0000	0.0000	0.0000	0.0000	0.0000	0.0000	0.0000	0.0000	0.0000	0.0000	0.0000	0.0000	0.0000	0.0007	0.0000	0.0000	0.0000	0.0000	0.0032	0.0000	0.0000	0.0000	0.0000	0.0000	0.0000	0.0000	0.1782	0.0000	0.0000	0.0000	0.0000	0.0000	0.0000	0.0000	0.0000	0.0000	0.0000	0.0000	0.0000	0.0000	0.0000	0.1167	0.0000	0.2297	0.0000	0.0000	0.0010	0.0000	0.0000	0.2036	0.0000	0.0000	0.1880	0.0000	0.0000	0.0000	0.0000	0.0000	0.0065	0.0000	0.0000	0.0005	0.0000	0.0003	0.0000	0.0009	0.0000	0.0000	0.0137	0.0000	0.0000	0.0570	0.0000	0.0000	0.0000	0.0000	0.0000	0.0000	0.0000	0.0000	
0.0188	0.0000	0.0000	0.2846	0.0000	0.0000	0.0000	0.0670	0.0000	0.0000	0.0064	0.0015	0.0000	0.0000	0.0340	0.0001	0.0144	0.0000	0.0000	0.0003	0.0268	0.0000	0.0000	0.0000	0.0000	0.0013	0.0224	0.0000	0.0000	0.0000	0.0000	0.0013	0.0004	0.0268	0.0002	0.0000	0.0000	0.0005	0.0000	0.0000	0.0708	0.0440	0.0000	0.0217	0.0000	0.0000	0.0000	0.0000	0.0000	0.0138	0.0000	0.0000	0.0156	0.0000	0.0000	0.0000	0.0000	0.0000	0.0000	0.0000	0.0000	0.0000	0.0000	0.0000	0.0000	0.0000	0.0463	0.0000	0.0029	0.0000	0.0003	0.1299	0.0001	0.0000	0.1477	0.0000	0.0000	0.0000	0.0000	0.0000	
0.0570	0.0064	0.0000	0.0000	0.0000	0.0000	0.0000	0.0110	0.0003	0.1631	0.0000	0.0000	0.0000	0.0627	0.0000	0.0000	0.2032	0.0000	0.0000	0.0000	0.0000	0.0000	0.0000	0.0000	0.0000	0.0000	0.0000	0.0000	0.0000	0.0000	0.0000	0.0000	0.0000	0.0000	0.0000	0.0000	0.0000	0.0000	0.0297	0.0000	0.0027	0.0078	0.0000	0.0000	0.0000	0.0000	0.0527	0.0000	0.0000	0.0000	0.0000	0.0000	0.0000	0.0000	0.0012	0.0000	0.0000	0.2829	0.0000	0.0000	0.0000	0.0000	0.0000	0.0000	0.0044	0.0000	0.0000	0.0000	0.0000	0.0000	0.0000	0.0000	0.0057	0.0000	0.0000	0.0000	0.0202	0.0000	0.0000	0.0890	
0.1020	0.0000	0.0000	0.0000	0.0001	0.0000	0.0066	0.0000	0.0006	0.0000	0.0000	0.0000	0.0000	0.0000	0.0035	0.0000	0.0000	0.0015	0.0000	0.0000	0.0000	0.0000	0.0000	0.0000	0.0000	0.0000	0.0000	0.0000	0.0000	0.0000	0.0000	0.0000	0.0000	0.0014	0.0000	0.0000	0.0000	0.0000	0.7782	0.0000	0.0000	0.1004	0.0000	0.0000	0.0000	0.0000	0.0000	0.0000	0.0000	0.0000	0.0000	0.0000	0.0000	0.0000	0.0000	0.0000	0.0000	0.0000	0.0000	0.0007	0.0020	0.0000	0.0000	0.0000	0.0000	0.0000	0.0000	0.0000	0.0000	0.0000	0.0000	0.0000	0.0000	0.0000	0.0030	0.0000	0.0000	0.0000	0.0000	0.0000	
0.0000	0.0000	0.2229	0.0000	0.0003	0.0000	0.0000	0.0000	0.0000	0.0000	0.0000	0.0000	0.0000	0.0000	0.0283	0.0000	0.0000	0.0000	0.0000	0.0000	0.0000	0.0000	0.0000	0.0000	0.0234	0.0498	0.0000	0.0000	0.0000	0.1208	0.0000	0.0000	0.0000	0.0000	0.0000	0.0000	0.0000	0.0694	0.0110	0.3155	0.0000	0.0000	0.0000	0.0005	0.0000	0.0000	0.0000	0.0000	0.0000	0.0000	0.0000	0.0000	0.0000	0.0021	0.0000	0.0000	0.0000	0.0000	0.0031	0.0000	0.0004	0.0503	0.0000	0.0000	0.0000	0.0000	0.0264	0.0000	0.0000	0.0000	0.0000	0.0000	0.0040	0.0000	0.0000	0.0000	0.0000	0.0012	0.0599	0.0106	
0.0055	0.0000	0.0062	0.0000	0.0677	0.0357	0.1308	0.0000	0.0723	0.0002	0.0002	0.0523	0.0000	0.0000	0.0607	0.0796	0.0000	0.0203	0.0000	0.0092	0.0025	0.0000	0.0000	0.0038	0.0000	0.0206	0.0000	0.0054	0.0000	0.0000	0.0014	0.0000	0.0000	0.0000	0.0121	0.0000	0.0000	0.0000	0.0270	0.0000	0.0000	0.0068	0.0067	0.0000	0.0007	0.0000	0.0000	0.0354	0.0000	0.0000	0.0000	0.1652	0.0000	0.0000	0.0000	0.0027	0.0001	0.0059	0.0001	0.0054	0.1099	0.0000	0.0031	0.0028	0.0000	0.0000	0.0000	0.0000	0.0351	0.0000	0.0000	0.0000	0.0041	0.0000	0.0000	0.0000	0.0000	0.0000	0.0020	0.0002	
0.0000	0.0794	0.0004	0.0133	0.0313	0.0000	0.0000	0.0000	0.0000	0.2817	0.0000	0.0000	0.0000	0.0000	0.0000	0.0000	0.0656	0.0000	0.0000	0.0000	0.1009	0.0000	0.0000	0.0000	0.0000	0.0000	0.0000	0.0000	0.0000	0.1527	0.0000	0.0000	0.0000	0.0000	0.0220	0.0000	0.0000	0.0000	0.0000	0.0001	0.0000	0.0025	0.0000	0.0000	0.0000	0.0000	0.0000	0.0000	0.0298	0.0000	0.0000	0.0000	0.0000	0.0000	0.0000	0.0000	0.0000	0.0000	0.0000	0.0000	0.0659	0.0000	0.0000	0.0000	0.0000	0.0000	0.0000	0.0000	0.0000	0.0000	0.0000	0.0000	0.0000	0.0000	0.0086	0.0000	0.0000	0.0000	0.0000	0.1458	
0.0000	0.0000	0.0000	0.0000	0.0000	0.0121	0.0000	0.0000	0.0229	0.0000	0.0000	0.0000	0.0000	0.0196	0.0000	0.0000	0.0000	0.0000	0.0001	0.0225	0.0000	0.0000	0.0000	0.0000	0.0000	0.0000	0.0000	0.0000	0.0000	0.0000	0.0000	0.0289	0.0000	0.0000	0.0000	0.0012	0.0000	0.0000	0.0008	0.0000	0.1512	0.0077	0.0000	0.0000	0.0365	0.0000	0.0000	0.0000	0.0000	0.0000	0.1273	0.0000	0.0000	0.0000	0.0000	0.0018	0.0000	0.0000	0.0000	0.0000	0.0000	0.0000	0.0000	0.0000	0.0000	0.0000	0.0000	0.0030	0.0180	0.0000	0.0000	0.0000	0.0000	0.3995	0.0000	0.0000	0.0000	0.0000	0.1468	0.0000	
0.0082	0.0045	0.0432	0.0000	0.0192	0.0000	0.0000	0.0965	0.0000	0.2142	0.0000	0.0304	0.0000	0.0006	0.0000	0.0002	0.0047	0.0000	0.0000	0.0000	0.0720	0.0000	0.0000	0.0000	0.0000	0.0000	0.0000	0.0000	0.0000	0.0000	0.0027	0.0000	0.0000	0.1591	0.0579	0.0000	0.0000	0.0000	0.0000	0.0207	0.0000	0.0000	0.0000	0.0000	0.0000	0.0000	0.0000	0.0000	0.0346	0.0001	0.0000	0.0000	0.0014	0.0000	0.0000	0.0000	0.0002	0.0000	0.0005	0.0000	0.0000	0.0001	0.0000	0.0156	0.0000	0.0000	0.0000	0.0000	0.0000	0.0070	0.0613	0.0354	0.0326	0.0000	0.0000	0.0000	0.0000	0.0000	0.0000	0.0770	
0.0000	0.0000	0.0151	0.0000	0.0000	0.0000	0.0000	0.0000	0.0000	0.0000	0.0202	0.0000	0.0000	0.0000	0.0000	0.0000	0.0006	0.0000	0.0000	0.0000	0.0890	0.0000	0.0000	0.0852	0.0000	0.0000	0.0000	0.0000	0.0000	0.0000	0.0000	0.0000	0.0000	0.0000	0.0000	0.0000	0.0000	0.0000	0.0000	0.0000	0.0000	0.0000	0.0000	0.0085	0.0000	0.0000	0.6472	0.0000	0.0000	0.0000	0.0000	0.0000	0.0000	0.0000	0.0000	0.0001	0.0000	0.0000	0.0000	0.0000	0.0717	0.0000	0.0000	0.0000	0.0000	0.0624	0.0000	0.0000	0.0000	0.0000	0.0000	0.0000	0.0000	0.0000	0.0000	0.0000	0.0000	0.0000	0.0000	0.0000	
0.0000	0.0000	0.0000	0.0000	0.0000	0.0000	0.0000	0.0000	0.0000	0.0060	0.0000	0.0084	0.0000	0.0000	0.0000	0.0000	0.0000	0.0000	0.0000	0.0000	0.0077	0.0000	0.0031	0.0000	0.0005	0.0000	0.0000	0.0000	0.0000	0.0000	0.0000	0.0000	0.0000	0.0000	0.0000	0.0914	0.0379	0.0000	0.0000	0.0000	0.0000	0.0000	0.0000	0.0000	0.0025	0.0000	0.0000	0.0000	0.0000	0.0000	0.0000	0.0000	0.0625	0.1324	0.1451	0.0000	0.0000	0.0000	0.0000	0.0775	0.0000	0.0000	0.0000	0.4250	0.0000	0.0000	0.0000	0.0000	0.0000	0.0000	0.0000	0.0000	0.0000	0.0000	0.0000	0.0000	0.0000	0.0000	0.0000	0.0000	
0.0000	0.0000	0.0000	0.0000	0.0000	0.0380	0.0000	0.0000	0.0000	0.0000	0.0000	0.0000	0.0003	0.0000	0.0806	0.0000	0.0037	0.0000	0.0000	0.2046	0.0000	0.0000	0.0000	0.0000	0.0000	0.0000	0.0000	0.0000	0.0000	0.0000	0.0005	0.0000	0.0000	0.0000	0.0000	0.0000	0.0000	0.0000	0.0000	0.0000	0.1061	0.0899	0.0000	0.0000	0.0000	0.0000	0.0000	0.0000	0.0000	0.0000	0.1080	0.0123	0.0000	0.0000	0.0000	0.0000	0.0000	0.0000	0.0000	0.0000	0.0000	0.0000	0.0000	0.0000	0.0003	0.0000	0.0000	0.0000	0.0000	0.0000	0.0000	0.0000	0.0000	0.2746	0.0000	0.0000	0.0000	0.0000	0.0809	0.0000	
0.0000	0.0000	0.0000	0.0000	0.0000	0.0000	0.2324	0.0000	0.1345	0.0000	0.0000	0.0000	0.0000	0.0093	0.1130	0.1930	0.0000	0.0264	0.0000	0.0000	0.0000	0.0000	0.0000	0.0000	0.0000	0.0448	0.0000	0.0153	0.0000	0.0000	0.0000	0.0120	0.0000	0.0000	0.0000	0.0000	0.0000	0.0000	0.0000	0.0000	0.0000	0.0000	0.0000	0.0000	0.0000	0.0000	0.0000	0.0000	0.0000	0.0000	0.0000	0.0000	0.0000	0.0000	0.0000	0.0003	0.0000	0.0000	0.0000	0.0000	0.2183	0.0000	0.0000	0.0000	0.0000	0.0006	0.0000	0.0000	0.0000	0.0000	0.0000	0.0000	0.0000	0.0000	0.0000	0.0000	0.0000	0.0000	0.0000	0.0000	
0.0000	0.0047	0.0000	0.2911	0.0000	0.0000	0.0012	0.0000	0.0015	0.0066	0.0000	0.0000	0.0000	0.0000	0.0000	0.0015	0.0000	0.0000	0.0000	0.0000	0.0000	0.0000	0.0000	0.0000	0.0000	0.0000	0.0000	0.0000	0.0000	0.0000	0.2311	0.0000	0.0000	0.0000	0.0043	0.0000	0.0000	0.0000	0.0000	0.0000	0.0000	0.0000	0.0000	0.0000	0.0000	0.0000	0.0000	0.0000	0.0000	0.0000	0.0000	0.0000	0.0000	0.0000	0.0000	0.0000	0.0000	0.0000	0.0000	0.0000	0.0017	0.0000	0.0000	0.0000	0.0000	0.3954	0.0000	0.0000	0.0000	0.0000	0.0609	0.0000	0.0000	0.0000	0.0000	0.0000	0.0000	0.0000	0.0000	0.0000	
0.0053	0.0000	0.0000	0.0000	0.0165	0.0000	0.0000	0.0000	0.0000	0.0000	0.0000	0.0000	0.0000	0.0000	0.2336	0.0000	0.0000	0.0000	0.0000	0.0000	0.0000	0.0000	0.0000	0.0000	0.0000	0.0491	0.0000	0.0000	0.0000	0.0000	0.0000	0.0000	0.0000	0.1121	0.0000	0.0000	0.0161	0.0000	0.0000	0.0000	0.1920	0.1710	0.0000	0.0011	0.0000	0.0000	0.0000	0.0000	0.0000	0.0000	0.0000	0.0000	0.0000	0.0000	0.0000	0.0000	0.0000	0.0000	0.0000	0.0000	0.0000	0.0000	0.0000	0.0000	0.0000	0.0000	0.0137	0.0000	0.0503	0.0000	0.0000	0.0000	0.0000	0.0000	0.1358	0.0000	0.0000	0.0034	0.0000	0.0000	
0.0000	0.0000	0.0000	0.0000	0.0000	0.0000	0.0522	0.0000	0.0385	0.0013	0.0063	0.0000	0.0032	0.0298	0.0154	0.0417	0.0000	0.0020	0.0000	0.0000	0.0008	0.0000	0.1459	0.0000	0.0000	0.0051	0.0000	0.0039	0.0000	0.0000	0.0000	0.0000	0.0000	0.0000	0.0000	0.0000	0.0120	0.0000	0.0000	0.0001	0.0655	0.0000	0.0025	0.0036	0.0000	0.0000	0.0020	0.0000	0.0000	0.0000	0.0463	0.0000	0.0000	0.0000	0.0000	0.0000	0.0000	0.0000	0.0000	0.0000	0.0546	0.0000	0.2008	0.0000	0.0000	0.0000	0.0000	0.0072	0.0000	0.0000	0.0000	0.0000	0.0000	0.2038	0.0000	0.0000	0.0000	0.0000	0.0552	0.0000	
0.0265	0.0000	0.0000	0.6370	0.0000	0.0000	0.0000	0.0000	0.0000	0.0000	0.0000	0.0000	0.0000	0.0000	0.0000	0.0000	0.0000	0.0000	0.0000	0.0000	0.0000	0.0000	0.0000	0.0000	0.0000	0.0000	0.0000	0.0000	0.0000	0.0000	0.0000	0.0000	0.0000	0.0000	0.0000	0.0000	0.0000	0.0000	0.0000	0.0000	0.0026	0.0000	0.0000	0.0000	0.0000	0.0000	0.0000	0.0000	0.0000	0.0000	0.0000	0.0006	0.0000	0.0087	0.0000	0.0000	0.0000	0.0000	0.0000	0.0005	0.0000	0.0000	0.0000	0.0000	0.0000	0.0000	0.0000	0.0000	0.0000	0.0000	0.0000	0.0000	0.0062	0.0000	0.3178	0.0000	0.0000	0.0000	0.0000	0.0000	
0.0000	0.0134	0.0000	0.0023	0.0000	0.1688	0.0000	0.0000	0.0000	0.0000	0.0006	0.0000	0.0488	0.0049	0.1352	0.0000	0.0284	0.0000	0.0047	0.3658	0.0087	0.0000	0.0000	0.0189	0.0000	0.0000	0.0000	0.0000	0.0000	0.0000	0.0000	0.0000	0.0000	0.0000	0.0000	0.0000	0.0000	0.0442	0.0000	0.0000	0.0077	0.1248	0.0000	0.0000	0.0000	0.0000	0.0000	0.0000	0.0000	0.0000	0.0001	0.0158	0.0009	0.0000	0.0000	0.0000	0.0000	0.0000	0.0000	0.0000	0.0045	0.0000	0.0000	0.0000	0.0000	0.0015	0.0000	0.0000	0.0000	0.0000	0.0000	0.0000	0.0000	0.0000	0.0000	0.0000	0.0000	0.0000	0.0000	0.0001	
0.0000	0.1160	0.0007	0.0014	0.0000	0.0003	0.0000	0.0000	0.0000	0.0000	0.1321	0.0000	0.0000	0.0000	0.0072	0.0001	0.1464	0.0000	0.0000	0.0000	0.0222	0.0000	0.0022	0.0000	0.0000	0.0027	0.0000	0.0000	0.0000	0.3395	0.0139	0.0008	0.0000	0.0000	0.0000	0.0000	0.0000	0.0000	0.0109	0.0000	0.0000	0.0030	0.0000	0.0000	0.0000	0.0000	0.0000	0.0000	0.0000	0.0000	0.0000	0.0000	0.0000	0.0116	0.0000	0.0000	0.0000	0.0000	0.0000	0.0001	0.1453	0.0194	0.0015	0.0000	0.0000	0.0000	0.0000	0.0000	0.0000	0.0000	0.0226	0.0000	0.0000	0.0000	0.0000	0.0000	0.0000	0.0000	0.0002	0.0000	
0.0000	0.0000	0.0000	0.0000	0.0000	0.0000	0.0000	0.0000	0.0000	0.0000	0.0000	0.0000	0.0000	0.0000	0.0000	0.0000	0.0000	0.0000	0.0000	0.0000	0.0000	0.0000	0.0000	0.0000	0.0000	0.0000	0.0000	0.0000	0.0000	0.0000	0.0000	0.0000	0.0000	0.0000	0.0000	0.0000	0.0000	0.0000	0.0000	0.0000	0.0000	0.0000	0.0000	0.0990	0.0000	0.0000	0.0000	0.0000	0.0000	0.0000	0.0000	0.0000	0.0000	0.0000	0.0000	0.0012	0.0000	0.0000	0.0000	0.0000	0.0000	0.0000	0.0000	0.0000	0.0000	0.0000	0.0000	0.3667	0.0000	0.0000	0.0000	0.0000	0.0000	0.0000	0.0000	0.0000	0.0000	0.5331	0.0000	0.0000	
0.0000	0.0000	0.0000	0.0000	0.0000	0.0000	0.0000	0.1647	0.0000	0.0044	0.0000	0.0225	0.0000	0.0000	0.0000	0.0000	0.0000	0.0000	0.0010	0.0010	0.0061	0.0000	0.0000	0.0000	0.0000	0.0000	0.0000	0.0000	0.0086	0.0000	0.0000	0.0000	0.0000	0.0000	0.0007	0.0509	0.0142	0.0000	0.0063	0.0000	0.0031	0.0000	0.0000	0.0005	0.0010	0.0003	0.0000	0.0000	0.0000	0.0000	0.0000	0.0000	0.0412	0.1615	0.0790	0.0000	0.0000	0.0000	0.0000	0.0515	0.0000	0.0000	0.0000	0.2977	0.0000	0.0000	0.0089	0.0000	0.0000	0.0000	0.0000	0.0749	0.0000	0.0000	0.0000	0.0000	0.0000	0.0000	0.0000	0.0000	
0.0026	0.0000	0.0000	0.0000	0.0000	0.0000	0.0000	0.0000	0.0042	0.0000	0.0000	0.0000	0.0593	0.0870	0.0000	0.0000	0.0000	0.0000	0.0000	0.0000	0.0047	0.0000	0.0000	0.0695	0.0000	0.0167	0.0000	0.0000	0.0000	0.0006	0.0000	0.0000	0.0000	0.0009	0.0000	0.0000	0.0000	0.1300	0.0000	0.0000	0.0000	0.0000	0.2701	0.0000	0.0088	0.0000	0.0000	0.0009	0.0000	0.0000	0.0019	0.0000	0.0000	0.0000	0.0000	0.0234	0.0000	0.0000	0.0000	0.0000	0.0000	0.0039	0.0000	0.0000	0.0001	0.0000	0.0000	0.0004	0.0000	0.2849	0.0262	0.0000	0.0000	0.0000	0.0000	0.0000	0.0000	0.0023	0.0014	0.0000	
0.0000	0.0000	0.0000	0.0343	0.0000	0.0000	0.0000	0.0000	0.0000	0.0000	0.0000	0.0000	0.0059	0.0000	0.0000	0.0000	0.0000	0.0000	0.0000	0.0000	0.0000	0.0000	0.0000	0.0000	0.0000	0.0000	0.0000	0.0000	0.2869	0.0000	0.0256	0.0000	0.0000	0.0000	0.0000	0.0000	0.0000	0.0050	0.0052	0.0038	0.0000	0.0000	0.0000	0.0004	0.0000	0.0000	0.0008	0.0000	0.0000	0.0000	0.0000	0.0000	0.0000	0.0000	0.0000	0.0000	0.2525	0.0000	0.0000	0.0000	0.0000	0.0000	0.0000	0.0000	0.0000	0.0359	0.0274	0.0000	0.0000	0.0000	0.0256	0.0000	0.0000	0.0000	0.0000	0.2908	0.0000	0.0000	0.0000	0.0000	
0.0000	0.0000	0.0000	0.0000	0.0000	0.1907	0.0019	0.0000	0.0000	0.0000	0.0000	0.0000	0.0000	0.0000	0.1295	0.0000	0.0102	0.0000	0.0000	0.4123	0.0000	0.0000	0.0000	0.0000	0.0000	0.0000	0.0000	0.0000	0.0000	0.0000	0.0000	0.0000	0.0000	0.0000	0.0000	0.0000	0.0000	0.0000	0.0000	0.0000	0.0275	0.1890	0.0000	0.0000	0.0000	0.0000	0.0000	0.0000	0.0000	0.0000	0.0000	0.0388	0.0000	0.0000	0.0000	0.0000	0.0000	0.0000	0.0000	0.0000	0.0000	0.0000	0.0000	0.0000	0.0000	0.0000	0.0000	0.0000	0.0000	0.0000	0.0000	0.0000	0.0000	0.0000	0.0000	0.0000	0.0000	0.0000	0.0000	0.0000	
0.0008	0.0000	0.0000	0.0000	0.0000	0.0000	0.0000	0.0000	0.0000	0.0000	0.0000	0.0000	0.0000	0.0000	0.0029	0.0000	0.0000	0.0000	0.0000	0.0000	0.0000	0.0000	0.0000	0.0000	0.0000	0.0023	0.0000	0.0000	0.0000	0.0000	0.0000	0.0000	0.0000	0.0000	0.0000	0.0094	0.0000	0.0000	0.0000	0.0000	0.0000	0.0000	0.0000	0.1173	0.0000	0.0000	0.0000	0.0000	0.0000	0.0000	0.0000	0.0000	0.0000	0.0000	0.0000	0.0000	0.0000	0.0000	0.0000	0.0000	0.0000	0.0004	0.0000	0.0000	0.0000	0.0000	0.0000	0.3021	0.0000	0.0000	0.0000	0.0000	0.0000	0.0000	0.0000	0.0000	0.0000	0.5647	0.0000	0.0000	
0.0026	0.0000	0.0001	0.0000	0.0031	0.0000	0.0000	0.0000	0.0000	0.0367	0.0000	0.0011	0.0000	0.0000	0.0000	0.0000	0.0055	0.0000	0.0016	0.0000	0.0352	0.0000	0.0000	0.0000	0.0000	0.0000	0.0000	0.0000	0.0000	0.0000	0.0000	0.0008	0.0000	0.0000	0.0000	0.0000	0.0000	0.0000	0.0634	0.0000	0.1860	0.0123	0.0000	0.0030	0.0000	0.0000	0.0000	0.0000	0.0000	0.0000	0.1082	0.0000	0.0000	0.0000	0.0000	0.0000	0.0000	0.0000	0.0000	0.0000	0.0000	0.0000	0.0000	0.0000	0.0000	0.0000	0.0000	0.0000	0.0094	0.0000	0.0000	0.0000	0.0000	0.3863	0.0000	0.0000	0.0000	0.0000	0.1136	0.0312	
0.0000	0.0008	0.0000	0.0000	0.0000	0.0000	0.0000	0.0000	0.0000	0.0000	0.1631	0.0000	0.0000	0.0000	0.0000	0.0000	0.0000	0.0000	0.0000	0.0000	0.0000	0.0000	0.0000	0.0000	0.0596	0.0000	0.0000	0.0000	0.0000	0.2940	0.0000	0.0011	0.0000	0.0000	0.0000	0.0002	0.0000	0.1210	0.0000	0.0000	0.0000	0.0000	0.0000	0.0000	0.0000	0.0000	0.0000	0.0015	0.0000	0.0000	0.0000	0.0000	0.0000	0.0005	0.0000	0.0000	0.0000	0.0000	0.0000	0.0000	0.0448	0.1696	0.0000	0.0000	0.0000	0.0000	0.0001	0.0000	0.0000	0.0000	0.0089	0.0000	0.0000	0.0000	0.0000	0.0000	0.0307	0.0000	0.1043	0.0000	
0.0000	0.0000	0.0000	0.0000	0.0000	0.0000	0.0000	0.0282	0.0000	0.0000	0.4167	0.0037	0.0000	0.0294	0.0038	0.0008	0.0093	0.0000	0.0000	0.0000	0.0000	0.0000	0.1012	0.0000	0.0000	0.0000	0.0004	0.0000	0.0079	0.0021	0.0000	0.0000	0.0000	0.0000	0.0000	0.0000	0.0105	0.0600	0.0000	0.0000	0.0038	0.0038	0.0133	0.0000	0.0000	0.0013	0.0000	0.0002	0.0000	0.0000	0.0000	0.0000	0.0000	0.0025	0.0000	0.0000	0.0000	0.0000	0.0000	0.0089	0.0736	0.0063	0.0813	0.0000	0.0380	0.0000	0.0000	0.0012	0.0008	0.0000	0.0149	0.0000	0.0098	0.0004	0.0049	0.0002	0.0604	0.0000	0.0000	0.0000	
0.0000	0.0000	0.0147	0.0000	0.0000	0.0000	0.0003	0.0000	0.0031	0.0124	0.0000	0.0000	0.0510	0.0149	0.0000	0.0000	0.0000	0.0000	0.0000	0.0000	0.0001	0.0000	0.0000	0.0553	0.0000	0.0094	0.0000	0.0000	0.0000	0.0000	0.0000	0.0000	0.0000	0.0000	0.0000	0.0743	0.0000	0.0815	0.0000	0.0223	0.0000	0.0000	0.0659	0.0000	0.0021	0.0000	0.0000	0.0000	0.0000	0.0000	0.0054	0.0000	0.0585	0.1462	0.0000	0.0141	0.0000	0.0000	0.0000	0.0000	0.0000	0.0000	0.0000	0.3379	0.0000	0.0000	0.0102	0.0000	0.0000	0.0164	0.0000	0.0007	0.0000	0.0000	0.0000	0.0000	0.0000	0.0032	0.0000	0.0000	
0.0000	0.0000	0.0000	0.2843	0.0000	0.0000	0.0000	0.0000	0.0000	0.0000	0.0000	0.0000	0.0000	0.0000	0.0000	0.0000	0.0000	0.0000	0.0000	0.0000	0.0000	0.0000	0.0000	0.0000	0.0000	0.0000	0.0000	0.0000	0.0000	0.0068	0.2483	0.0000	0.0000	0.0000	0.0075	0.0000	0.0000	0.0000	0.0000	0.0000	0.0000	0.0000	0.0000	0.0000	0.0000	0.0000	0.0000	0.0000	0.0000	0.0000	0.0000	0.0000	0.0000	0.0000	0.0000	0.0000	0.0000	0.0000	0.0000	0.0000	0.0040	0.0000	0.0000	0.0000	0.0000	0.3814	0.0000	0.0000	0.0000	0.0000	0.0676	0.0000	0.0000	0.0000	0.0000	0.0000	0.0000	0.0000	0.0000	0.0000	
0.0000	0.0947	0.0000	0.0000	0.0000	0.0000	0.0000	0.0000	0.0000	0.0000	0.0000	0.0000	0.0000	0.0050	0.0005	0.0003	0.0000	0.0000	0.0000	0.0000	0.0000	0.0000	0.0000	0.0000	0.0000	0.0245	0.0000	0.0085	0.0000	0.0000	0.0000	0.0000	0.0000	0.0000	0.0000	0.0000	0.0000	0.0000	0.0000	0.0000	0.0000	0.0000	0.0604	0.0000	0.0000	0.0435	0.0000	0.0000	0.0000	0.0000	0.0010	0.0000	0.0000	0.0000	0.0000	0.0000	0.0000	0.0134	0.0000	0.0000	0.0029	0.0000	0.0386	0.0000	0.1944	0.0000	0.0000	0.0000	0.0000	0.0000	0.0000	0.0000	0.0617	0.0000	0.0000	0.0000	0.4490	0.0017	0.0000	0.0000	
0.0000	0.0000	0.0000	0.0000	0.0000	0.0000	0.0000	0.0000	0.1099	0.0000	0.0000	0.0000	0.0000	0.1598	0.0000	0.0000	0.0000	0.0045	0.0000	0.0000	0.0000	0.0000	0.0000	0.0000	0.0000	0.0064	0.0000	0.0013	0.0000	0.0000	0.0000	0.1763	0.0000	0.0000	0.0000	0.0197	0.0044	0.0002	0.0000	0.0000	0.0000	0.0000	0.0000	0.0052	0.2687	0.0000	0.0010	0.0000	0.0000	0.0000	0.0000	0.0000	0.0000	0.0059	0.0000	0.0019	0.0002	0.0010	0.0000	0.0000	0.0001	0.0000	0.0000	0.0000	0.0000	0.0000	0.0423	0.0183	0.1595	0.0000	0.0000	0.0000	0.0000	0.0134	0.0000	0.0000	0.0000	0.0000	0.0000	0.0000	
0.1881	0.0001	0.0000	0.0000	0.0000	0.1430	0.0000	0.0000	0.0289	0.0003	0.0000	0.0000	0.0000	0.0000	0.0000	0.0000	0.0000	0.0098	0.0000	0.0000	0.0000	0.0418	0.0000	0.0000	0.0006	0.0000	0.0000	0.0000	0.0000	0.0000	0.0000	0.0000	0.3129	0.0856	0.0000	0.0000	0.0000	0.0102	0.1247	0.0000	0.0000	0.0017	0.0000	0.0005	0.0268	0.0000	0.0000	0.0000	0.0000	0.0000	0.0000	0.0000	0.0000	0.0000	0.0000	0.0000	0.0000	0.0000	0.0000	0.0000	0.0000	0.0000	0.0000	0.0000	0.0000	0.0000	0.0000	0.0000	0.0000	0.0000	0.0000	0.0000	0.0251	0.0000	0.0000	0.0000	0.0000	0.0000	0.0000	0.0000	
0.0001	0.0000	0.0001	0.0176	0.0577	0.0000	0.0000	0.0000	0.0000	0.0827	0.0024	0.0065	0.0000	0.0396	0.0091	0.0000	0.0000	0.0000	0.0128	0.0000	0.0677	0.0010	0.0000	0.0034	0.0151	0.0051	0.0000	0.0000	0.0000	0.1147	0.0000	0.0366	0.0000	0.0000	0.0002	0.0000	0.0000	0.0470	0.0000	0.0000	0.0000	0.0000	0.0000	0.0000	0.0923	0.0000	0.1589	0.0000	0.0000	0.0000	0.0000	0.0000	0.0000	0.0053	0.0000	0.0000	0.0000	0.0000	0.0164	0.0000	0.0095	0.0629	0.0038	0.0000	0.0000	0.0078	0.0026	0.0153	0.0347	0.0000	0.0000	0.0000	0.0003	0.0000	0.0145	0.0000	0.0000	0.0000	0.0536	0.0027	
0.1025	0.0000	0.0000	0.0000	0.0000	0.5594	0.0000	0.0000	0.0279	0.0000	0.0000	0.0000	0.0000	0.0021	0.0000	0.0000	0.0000	0.0009	0.0000	0.0000	0.0000	0.1021	0.0000	0.0000	0.0000	0.0000	0.0000	0.0000	0.0000	0.0000	0.0000	0.0024	0.0811	0.0000	0.0000	0.0000	0.0000	0.0229	0.0000	0.0000	0.0000	0.0000	0.0000	0.0000	0.0973	0.0000	0.0000	0.0000	0.0000	0.0000	0.0000	0.0000	0.0000	0.0000	0.0000	0.0000	0.0000	0.0000	0.0000	0.0000	0.0000	0.0000	0.0000	0.0000	0.0000	0.0000	0.0000	0.0000	0.0014	0.0000	0.0000	0.0000	0.0000	0.0000	0.0000	0.0000	0.0000	0.0000	0.0000	0.0000	
0.0075	0.0000	0.0000	0.0160	0.0000	0.0035	0.0000	0.0733	0.0000	0.0003	0.0000	0.0004	0.0000	0.0000	0.0808	0.0000	0.0067	0.0000	0.0000	0.0078	0.0075	0.0000	0.0000	0.0018	0.0000	0.0000	0.0000	0.0000	0.0000	0.0000	0.0919	0.0000	0.0000	0.0000	0.0000	0.0000	0.0000	0.0002	0.0000	0.0000	0.0258	0.0107	0.0994	0.0000	0.0000	0.0000	0.0000	0.0000	0.0268	0.0000	0.0000	0.0000	0.0000	0.0000	0.0026	0.0269	0.0000	0.0000	0.0058	0.0000	0.0000	0.0000	0.0000	0.0000	0.0000	0.0000	0.0810	0.0000	0.0000	0.0168	0.1922	0.1938	0.0059	0.0000	0.0145	0.0000	0.0000	0.0000	0.0000	0.0000	
0.0000	0.0000	0.1222	0.0000	0.0000	0.0000	0.0000	0.0000	0.0000	0.0000	0.0000	0.0052	0.0000	0.0000	0.0000	0.0000	0.0000	0.0000	0.0000	0.0000	0.0000	0.0000	0.0000	0.0000	0.0000	0.0000	0.0000	0.0000	0.0000	0.0000	0.0000	0.0000	0.0000	0.0000	0.0000	0.0000	0.0000	0.0000	0.0000	0.0000	0.0000	0.0000	0.0000	0.0000	0.0000	0.0000	0.0000	0.2097	0.0000	0.0000	0.0000	0.5491	0.0000	0.0000	0.0000	0.0000	0.0000	0.0000	0.0009	0.0000	0.0000	0.0000	0.0000	0.0000	0.0000	0.0661	0.0000	0.0000	0.0005	0.0000	0.0000	0.0000	0.0461	0.0000	0.0000	0.0000	0.0000	0.0000	0.0000	0.0000	
0.0000	0.0000	0.0000	0.0104	0.0422	0.0000	0.0301	0.0000	0.0133	0.3201	0.0000	0.0000	0.0000	0.0001	0.0121	0.0072	0.0107	0.0000	0.0000	0.0000	0.0669	0.0000	0.0000	0.0000	0.0000	0.0105	0.0000	0.0030	0.0000	0.0000	0.0000	0.0000	0.0000	0.0000	0.0416	0.0000	0.0000	0.0000	0.0000	0.0000	0.0060	0.0092	0.0103	0.0000	0.0000	0.0000	0.0000	0.0000	0.0185	0.0000	0.0214	0.0000	0.0000	0.0263	0.0000	0.0000	0.0000	0.0021	0.0000	0.0000	0.0339	0.0000	0.0050	0.0008	0.0530	0.0000	0.0000	0.0000	0.0000	0.0000	0.0006	0.0000	0.0359	0.0286	0.0000	0.0000	0.1209	0.0000	0.0036	0.0555	
0.0012	0.0026	0.0000	0.0017	0.0000	0.0008	0.0000	0.0000	0.0000	0.0058	0.0000	0.0000	0.0000	0.0178	0.0000	0.0000	0.0000	0.0000	0.0000	0.0023	0.0000	0.0000	0.0000	0.0052	0.0000	0.0000	0.0000	0.0000	0.0066	0.0000	0.0000	0.0000	0.0000	0.0000	0.0000	0.0839	0.0000	0.0152	0.0000	0.0000	0.0000	0.0002	0.0512	0.0000	0.0000	0.0000	0.0000	0.0000	0.0000	0.0000	0.0000	0.0000	0.0703	0.1433	0.0000	0.0000	0.0038	0.0000	0.0000	0.0000	0.0000	0.0000	0.0035	0.3459	0.0528	0.0000	0.0000	0.0000	0.0000	0.0742	0.0000	0.0000	0.0150	0.0000	0.0000	0.0048	0.0918	0.0000	0.0000	0.0000	
0.0000	0.0000	0.0058	0.0034	0.2615	0.0000	0.0000	0.0000	0.0087	0.0961	0.0000	0.2011	0.0000	0.0000	0.0000	0.0000	0.0005	0.0000	0.0011	0.0000	0.0467	0.0000	0.0000	0.0000	0.0000	0.0003	0.0000	0.0000	0.0000	0.0000	0.0000	0.0000	0.0000	0.0000	0.0000	0.0000	0.0002	0.0000	0.0000	0.0000	0.0062	0.0000	0.0000	0.0000	0.0000	0.0000	0.0000	0.0333	0.0186	0.0000	0.0000	0.0000	0.0000	0.0000	0.0070	0.0000	0.0000	0.0000	0.0000	0.0453	0.0000	0.0001	0.0000	0.0250	0.0000	0.0003	0.0018	0.0000	0.1745	0.0000	0.0000	0.0000	0.0000	0.0000	0.0000	0.0000	0.0000	0.0000	0.0052	0.0574	
0.0019	0.0000	0.0000	0.0052	0.0010	0.0000	0.0000	0.0000	0.0000	0.0000	0.0011	0.0000	0.0000	0.0000	0.0000	0.0000	0.0000	0.0000	0.0020	0.0000	0.0000	0.0000	0.0000	0.0000	0.0000	0.0000	0.1960	0.0000	0.0007	0.0000	0.0000	0.0000	0.0000	0.0000	0.0000	0.0001	0.0000	0.0000	0.0000	0.0005	0.0000	0.1214	0.0000	0.2059	0.0000	0.0000	0.0000	0.0000	0.0000	0.2032	0.0000	0.0000	0.1716	0.0000	0.0000	0.0000	0.0000	0.0000	0.0087	0.0000	0.0000	0.0066	0.0000	0.0000	0.0000	0.0000	0.0000	0.0017	0.0143	0.0000	0.0007	0.0539	0.0000	0.0000	0.0015	0.0015	0.0000	0.0006	0.0000	0.0000	
0.0203	0.0000	0.0025	0.6590	0.0000	0.0000	0.0000	0.0000	0.0000	0.0000	0.0000	0.0000	0.0000	0.0000	0.0000	0.0000	0.0000	0.0000	0.0000	0.0000	0.0000	0.0000	0.0000	0.0000	0.0000	0.0010	0.0000	0.0000	0.0000	0.0000	0.0000	0.0000	0.0000	0.0000	0.0000	0.0000	0.0000	0.0000	0.0000	0.0008	0.0000	0.0000	0.0000	0.0000	0.0000	0.0000	0.0000	0.0000	0.0000	0.0000	0.0000	0.0000	0.0000	0.0000	0.0000	0.0000	0.0000	0.0000	0.0000	0.0000	0.0000	0.0000	0.0011	0.0000	0.0000	0.0000	0.0000	0.0000	0.0000	0.0000	0.0000	0.0000	0.0000	0.0000	0.3153	0.0000	0.0000	0.0000	0.0000	0.0000	
0.0001	0.0007	0.0000	0.0000	0.0000	0.0120	0.0000	0.0000	0.0000	0.0000	0.0000	0.0000	0.0000	0.0000	0.0000	0.0000	0.0000	0.0000	0.0000	0.0000	0.0000	0.0000	0.0000	0.0000	0.0945	0.0000	0.0000	0.0001	0.0000	0.3610	0.0000	0.0000	0.0001	0.0000	0.0000	0.0000	0.0000	0.1751	0.0000	0.0000	0.0000	0.0000	0.0000	0.0000	0.0000	0.0000	0.0000	0.0000	0.0000	0.0000	0.0000	0.0000	0.0000	0.0079	0.0000	0.0000	0.0000	0.0000	0.0000	0.0000	0.0030	0.1802	0.0001	0.0000	0.0000	0.0000	0.0000	0.0000	0.0000	0.0000	0.0000	0.0000	0.0000	0.0000	0.0000	0.0000	0.0000	0.0000	0.1652	0.0000	
0.0000	0.0117	0.0000	0.0000	0.0000	0.0000	0.0000	0.0000	0.0000	0.0000	0.0013	0.0065	0.0000	0.0000	0.0000	0.0000	0.0000	0.0074	0.2191	0.0000	0.0000	0.1188	0.0000	0.0000	0.0000	0.0000	0.0000	0.0009	0.0009	0.0000	0.0000	0.0000	0.0000	0.3886	0.0000	0.0000	0.0000	0.0000	0.0000	0.0000	0.0004	0.0000	0.0000	0.0000	0.0000	0.0000	0.0000	0.0000	0.0000	0.0000	0.0000	0.0000	0.0000	0.0000	0.0000	0.0000	0.0000	0.0000	0.1450	0.0000	0.0010	0.0000	0.0000	0.0000	0.0000	0.0000	0.0000	0.0000	0.0000	0.0000	0.0000	0.0000	0.0983	0.0000	0.0000	0.0000	0.0000	0.0000	0.0000	0.0000	
0.2781	0.0000	0.0000	0.0000	0.0000	0.0024	0.0000	0.0000	0.0687	0.0000	0.0000	0.0000	0.0000	0.0000	0.0000	0.0000	0.0000	0.0232	0.0000	0.0000	0.0000	0.0162	0.0000	0.0000	0.0000	0.0000	0.0000	0.0000	0.0000	0.0000	0.0000	0.0000	0.6013	0.0000	0.0000	0.0000	0.0000	0.0033	0.0000	0.0000	0.0000	0.0000	0.0000	0.0000	0.0066	0.0000	0.0000	0.0000	0.0000	0.0000	0.0000	0.0000	0.0000	0.0000	0.0000	0.0000	0.0000	0.0000	0.0000	0.0000	0.0000	0.0000	0.0000	0.0000	0.0000	0.0000	0.0000	0.0000	0.0002	0.0000	0.0000	0.0000	0.0000	0.0000	0.0000	0.0000	0.0000	0.0000	0.0000	0.0000	
0.0036	0.0682	0.0000	0.0244	0.0001	0.0000	0.0000	0.0000	0.0000	0.2165	0.0000	0.0000	0.0000	0.0000	0.0000	0.0000	0.1317	0.0000	0.0000	0.0000	0.0344	0.0000	0.0000	0.0000	0.0000	0.0000	0.0185	0.0000	0.0000	0.1930	0.0002	0.0000	0.0000	0.0000	0.0000	0.0000	0.0000	0.0000	0.0000	0.0000	0.0000	0.0524	0.0000	0.0256	0.0000	0.0037	0.0000	0.0000	0.0000	0.0242	0.0000	0.0000	0.0145	0.0012	0.0010	0.0000	0.0000	0.0000	0.0000	0.0000	0.1048	0.0000	0.0000	0.0000	0.0000	0.0000	0.0160	0.0010	0.0000	0.0016	0.0000	0.0000	0.0000	0.0000	0.0000	0.0000	0.0000	0.0000	0.0633	0.0000	
0.0000	0.0000	0.0000	0.0000	0.0036	0.0001	0.0000	0.0000	0.0000	0.0000	0.0000	0.0136	0.0050	0.0000	0.0036	0.0000	0.0000	0.0000	0.0000	0.0000	0.0000	0.0005	0.0000	0.0000	0.0013	0.0000	0.0017	0.0000	0.0504	0.0000	0.0000	0.0000	0.0000	0.0000	0.0000	0.0000	0.0000	0.0034	0.0000	0.0000	0.1548	0.0061	0.0000	0.0118	0.0000	0.0000	0.0000	0.0000	0.0000	0.0000	0.1508	0.0000	0.0005	0.0119	0.0000	0.0000	0.0544	0.0000	0.0000	0.0001	0.0000	0.0000	0.0000	0.0000	0.0000	0.0000	0.0029	0.0000	0.0004	0.0000	0.0000	0.0000	0.0291	0.3556	0.0000	0.0437	0.0000	0.0000	0.0948	0.0000	

Emissions
0.7643	0.0000	0.0000	0.0000	0.0006	0.0701	0.0000	0.0000	0.0005	0.0000	0.0000	0.0000	0.0000	0.0000	0.0000	0.0000	0.0000	0.1644	0.0000	0.0000	
0.0000	0.0000	0.0000	0.0000	0.0000	0.0000	0.0000	0.0000	0.0000	0.0000	0.0000	0.0000	0.0000	0.0000	0.0000	0.0000	0.9995	0.0000	0.0005	0.0000	
0.0000	0.1563	0.0000	0.0031	0.0000	0.0000	0.0000	0.0176	0.0000	0.0000	0.0000	0.8226	0.0000	0.0000	0.0000	0.0000	0.0004	0.0000	0.0000	0.0000	
0.0000	0.0000	0.0000	0.0000	0.0000	0.0000	1.0000	0.0000	0.0000	0.0000	0.0000	0.0000	0.0000	0.0000	0.0000	0.0000	0.0000	0.0000	0.0000	0.0000	
0.0000	0.1770	0.1600	0.0000	0.0000	0.0000	0.5226	0.0000	0.0000	0.0000	0.0000	0.0000	0.0002	0.0000	0.0020	0.0000	0.0000	0.0000	0.0104	0.1277	
0.0000	0.0000	0.0000	0.0000	0.0000	0.0000	0.0000	0.0000	0.0000	0.0000	1.0000	0.0000	0.0000	0.0000	0.0000	0.0000	0.0000	0.0000	0.0000	0.0000	
0.0000	0.0000	0.0202	0.0000	0.0340	0.8897	0.0560	0.0000	0.0000	0.0000	0.0000	0.0000	0.0000	0.0000	0.0000	0.0000	0.0000	0.0000	0.0000	0.0000	
0.0000	0.0000	0.0000	0.0000	0.0000	0.0000	0.0000	0.0000	0.7523	0.0000	0.0104	0.0093	0.0000	0.0000	0.0000	0.0000	0.2280	0.0000	0.0000	0.0000	
0.0000	0.0000	0.0000	0.0016	0.0007	0.0000	0.0000	0.0000	0.0000	0.0000	0.0000	0.0000	0.9909	0.0000	0.0068	0.0000	0.0000	0.0000	0.0000	0.0000	
0.0132	0.0000	0.0000	0.0000	0.9278	0.0000	0.0000	0.0000	0.0013	0.0000	0.0000	0.0000	0.0000	0.0000	0.0000	0.0562	0.0014	0.0000	0.0000	0.0000	
0.0007	0.0005	0.0000	0.7477	0.0000	0.0000	0.0000	0.0004	0.0000	0.2501	0.0001	0.0000	0.0000	0.0000	0.0005	0.0000	0.0000	0.0000	0.0000	0.0000	
0.0013	0.0000	0.0000	0.0000	0.0000	0.0000	0.0000	0.0000	0.5899	0.0000	0.0003	0.2264	0.0000	0.0000	0.0000	0.1182	0.0000	0.0640	0.0000	0.0000	
0.0000	0.0000	0.0000	0.0000	0.0000	0.9986	0.0000	0.0000	0.0000	0.0000	0.0000	0.0000	0.0000	0.0008	0.0000	0.0006	0.0000	0.0000	0.0000	0.0000	
0.0000	0.0669	0.0000	0.0000	0.1582	0.0000	0.0000	0.0026	0.0000	0.0009	0.0000	0.0000	0.0000	0.0000	0.0002	0.7675	0.0000	0.0038	0.0000	0.0000	
0.0000	0.0000	0.9448	0.0102	0.0000	0.0000	0.0000	0.0003	0.0000	0.0000	0.0100	0.0000	0.0000	0.0000	0.0293	0.0030	0.0000	0.0000	0.0024	0.0000	
0.0134	0.0000	0.0028	0.0000	0.0000	0.0000	0.0000	0.0000	0.0000	0.0000	0.0000	0.0000	0.0000	0.0000	0.0035	0.0000	0.0000	0.9803	0.0000	0.0000	
0.0042	0.9956	0.0000	0.0000	0.0001	0.0000	0.0000	0.0000	0.0000	0.0000	0.0000	0.0000	0.0000	0.0000	0.0000	0.0000	0.0000	0.0000	0.0000	0.0000	
0.0000	0.0000	0.0000	0.0000	0.0000	0.0000	0.0000	0.0000	0.9992	0.0000	0.0000	0.0000	0.0000	0.0000	0.0000	0.0000	0.0000	0.0008	0.0000	0.0000	
0.0000	0.0000	0.0000	0.0000	0.0304	0.0000	0.0048	0.0000	0.0000	0.0000	0.6973	0.0000	0.0000	0.0000	0.0000	0.2674	0.0000	0.0000	0.0000	0.0000	
0.0000	0.0000	0.0000	0.0000	0.0079	0.0001	0.0000	0.0000	0.0000	0.0000	0.0000	0.0000	0.0000	0.9920	0.0000	0.0000	0.0000	0.0000	0.0000	0.0000	
0.0000	0.0000	0.0000	0.0024	0.0000	0.0000	0.0000	0.0000	0.0000	0.0003	0.0000	0.9973	0.0000	0.0000	0.0000	0.0000	0.0000	0.0000	0.0000	0.0000	
0.0000	0.0000	0.0000	0.0000	0.0000	1.0000	0.0000	0.0000	0.0000	0.0000	0.0000	0.0000	0.0000	0.0000	0.0000	0.0000	0.0000	0.0000	0.0000	0.0000	
0.0000	0.0000	0.0000	0.0000	0.0000	0.0000	0.0000	0.0000	0.0000	0.9151	0.0590	0.0000	0.0000	0.0000	0.0259	0.0000	0.0000	0.0000	0.0000	0.0000	
0.0000	0.0000	0.0000	0.0000	0.0000	0.0000	0.0000	0.0006	0.0000	0.0000	0.4954	0.3311	0.1728	0.0000	0.0000	0.0000	0.0000	0.0000	0.0000	0.0000	
0.0000	0.0254	0.0000	0.0000	0.0000	0.0005	0.0000	0.0000	0.0000	0.0000	0.0222	0.0000	0.0000	0.9519	0.0000	0.0000	0.0000	0.0000	0.0000	0.0000	
0.0000	0.0000	0.9952	0.0028	0.0001	0.0000	0.0000	0.0000	0.0000	0.0000	0.0017	0.0000	0.0000	0.0000	0.0000	0.0000	0.0000	0.0001	0.0000	0.0000	
0.0119	0.0000	0.0000	0.0000	0.0000	0.0000	0.0000	0.0000	0.0000	0.0000	0.0000	0.0000	0.0000	0.8999	0.0000	0.0722	0.0000	0.0160	0.0000	0.0000	
0.0000	0.0000	0.0000	0.0000	0.0000	0.0000	0.0000	0.0000	0.8443	0.1555	0.0000	0.0002	0.0000	0.0000	0.0000	0.0000	0.0000	0.0000	0.0000	0.0000	
0.0000	0.0009	0.0000	0.0011	0.0004	0.0000	0.9471	0.0505	0.0000	0.0000	0.0000	0.0000	0.0000	0.0000	0.0000	0.0000	0.0000	0.0000	0.0000	0.0000	
0.0000	0.0000	0.1538	0.0000	0.0000	0.8405	0.0055	0.0000	0.0000	0.0000	0.0000	0.0000	0.0000	0.0001	0.0000	0.0000	0.0000	0.0000	0.0000	0.0000	
0.0000	0.9208	0.0792	0.0000	0.0000	0.0000	0.0000	0.0000	0.0000	0.0000	0.0000	0.0000	0.0000	0.0000	0.0000	0.0000	0.0000	0.0000	0.0000	0.0000	
0.0000	0.0000	0.0219	0.0000	0.0000	0.0000	0.0000	0.2585	0.0000	0.0000	0.0000	0.0000	0.0000	0.7196	0.0000	0.0000	0.0000	0.0000	0.0000	0.0001	
0.0000	0.0000	0.0000	0.0000	0.0000	0.0000	0.0000	0.0000	0.0000	0.0000	0.0000	0.9871	0.0129	0.0000	0.0000	0.0000	0.0000	0.0000	0.0000	0.0000	
0.0100	0.0006	0.0210	0.0000	0.0000	0.0000	0.0000	0.0000	0.0000	0.0000	0.0000	0.0000	0.0000	0.9684	0.0000	0.0000	0.0000	0.0000	0.0000	0.0000	
0.0000	0.1174	0.0000	0.0000	0.0092	0.0000	0.0000	0.0000	0.0000	0.0000	0.2767	0.0000	0.0000	0.0000	0.2446	0.0000	0.0000	0.3521	0.0000	0.0000	
0.0000	0.0000	0.0000	0.0000	0.0013	0.0000	0.0000	0.0000	0.0000	0.0000	0.0000	0.0000	0.0000	0.0000	0.0000	0.0000	0.0000	0.9986	0.0000	0.0000	
0.0000	0.0000	0.0000	0.0024	0.0079	0.0000	0.0000	0.0012	0.0000	0.5380	0.0000	0.0000	0.0000	0.0000	0.0000	0.0000	0.0000	0.0070	0.0000	0.4435	
0.0000	0.0000	0.0000	0.0000	0.0000	0.3461	0.0000	0.0000	0.0000	0.0000	0.0000	0.0000	0.0000	0.0000	0.0000	0.0000	0.0137	0.0000	0.0000	0.6402	
0.0000	0.0000	0.0000	0.0000	0.0002	0.0000	0.0000	0.7194	0.0000	0.0000	0.2796	0.0000	0.0008	0.0000	0.0000	0.0000	0.0000	0.0000	0.0000	0.0000	
0.0000	0.0000	0.0000	0.0000	0.0000	0.3256	0.0039	0.0000	0.0000	0.0000	0.0000	0.0000	0.0000	0.0000	0.0000	0.0167	0.0003	0.3162	0.0260	0.3114	
0.0000	0.0000	0.0000	0.0000	0.9957	0.0000	0.0000	0.0000	0.0000	0.0000	0.0000	0.0043	0.0000	0.0000	0.0000	0.0000	0.0000	0.0000	0.0000	0.0000	
0.9973	0.0005	0.0000	0.0000	0.0000	0.0000	0.0000	0.0000	0.0000	0.0000	0.0001	0.0000	0.0000	0.0000	0.0000	0.0021	0.0000	0.0000	0.0000	0.0000	
0.0000	0.0000	0.0000	0.0000	0.0868	0.0000	0.0000	0.0000	0.0008	0.0000	0.0000	0.2221	0.0000	0.0000	0.6903	0.0000	0.0000	0.0000	0.0000	0.0000	
0.0000	0.0000	0.0000	0.0000	0.0000	0.0000	0.0000	0.0000	0.0000	0.0000	0.1919	0.0000	0.0003	0.0000	0.0000	0.0041	0.0000	0.0000	0.0000	0.8037	
0.0000	0.0000	0.1441	0.0040	0.0000	0.0000	0.0000	0.0000	0.0000	0.0000	0.0000	0.0000	0.0000	0.0000	0.8519	0.0000	0.0000	0.0000	0.0000	0.0000	
0.0000	0.0000	0.0000	0.0000	0.0000	0.0000	0.0000	0.0000	0.0000	0.0008	0.0000	0.0024	0.0009	0.0000	0.9959	0.0000	0.0000	0.0000	0.0000	0.0000	
0.0000	0.0000	0.0000	0.0000	0.0000	0.0000	0.0000	0.0000	0.0000	0.9424	0.0000	0.0025	0.0548	0.0000	0.0000	0.0003	0.0000	0.0000	0.0000	0.0000	
0.0066	0.0000	0.0022	0.0000	0.0000	0.0000	0.0000	0.0000	0.0000	0.0000	0.0000	0.0000	0.0000	0.9912	0.0000	0.0000	0.0000	0.0000	0.0000	0.0000	
0.0000	0.0000	0.0000	0.0000	0.0000	0.0000	0.0000	0.0000	0.0032	0.9906	0.0032	0.0000	0.0029	0.0000	0.0000	0.0000	0.0000	0.0000	0.0000	0.0000	
0.0000	0.0000	0.9999	0.0000	0.0000	0.0000	0.0000	0.0000	0.0000	0.0000	0.0000	0.0000	0.0000	0.0000	0.0000	0.0000	0.0000	0.0001	0.0000	0.0000	
0.0000	0.0000	0.0000	0.0000	0.0000	0.0000	0.0000	0.0000	0.0000	0.0000	0.0000	0.0000	0.0000	0.0000	0.0000	1.0000	0.0000	0.0000	0.0000	0.0000	
0.0000	0.0000	0.0000	0.9874	0.0000	0.0000	0.0000	0.0000	0.0000	0.0000	0.0000	0.0000	0.0000	0.0000	0.0068	0.0000	0.0000	0.0000	0.0058	0.0000	
0.0000	0.0000	0.0000	0.0000	0.0000	0.0000	0.0000	0.0000	0.0000	0.0000	0.0000	0.0000	0.0000	0.0000	0.4099	0.0000	0.5869	0.0032	0.0000	0.0000	
0.0000	0.0000	0.2153	0.0000	0.0000	0.0000	0.0000	0.0000	0.0000	0.0000	0.0000	0.0000	0.0000	0.0000	0.0000	0.0000	0.0000	0.0000	0.7847	0.0000	
0.0000	0.0000	0.0424	0.0000	0.8520	0.0000	0.0000	0.0000	0.0000	0.0000	0.0000	0.0000	0.0000	0.0000	0.1055	0.0000	0.0000	0.0000	0.0000	0.0000	
0.0000	0.0000	0.0000	0.0000	0.0000	0.0000	0.0000	0.0000	1.0000	0.0000	0.0000	0.0000	0.0000	0.0000	0.0000	0.0000	0.0000	0.0000	0.0000	0.0000	
0.0000	0.0000	0.0000	0.0000	0.0002	0.0000	0.0000	0.0026	0.9972	0.0000	0.0000	0.0000	0.0000	0.0000	0.0000	0.0000	0.0000	0.0000	0.0000	0.0000	
0.0000	0.3834	0.0000	0.0000	0.0053	0.0000	0.0000	0.0000	0.5979	0.0135	0.0000	0.0000	0.0000	0.0000	0.0000	0.0000	0.0000	0.0000	0.0000	0.0000	
0.0000	0.0000	0.0000	0.9863	0.0005	0.0000	0.0126	0.0000	0.0000	0.0000	0.0000	0.0000	0.0000	0.0006	0.0000	0.0000	0.0000	0.0000	0.0000	0.0000	
0.0000	0.2113	0.0000	0.0000	0.0060	0.0000	0.0000	0.0000	0.0000	0.0000	0.6520	0.1117	0.0000	0.0000	0.0000	0.0003	0.0000	0.0000	0.0187	0.0000	
0.0000	0.0000	0.0123	0.0000	0.0001	0.0000	0.9734	0.0033	0.0000	0.0000	0.0077	0.0001	0.0000	0.0000	0.0000	0.0000	0.0000	0.0000	0.0000	0.0032	
0.0150	0.0000	0.0000	0.0006	0.0000	0.0000	0.0000	0.0000	0.0000	0.9844	0.0000	0.0000	0.0000	0.0000	0.0000	0.0000	0.0000	0.0000	0.0000	0.0000	
0.0000	0.0000	0.0000	0.0000	0.0000	0.0000	0.0000	0.6411	0.0000	0.0000	0.3589	0.0000	0.0000	0.0000	0.0000	0.0000	0.0000	0.0000	0.0000	0.0000	
0.0000	0.0000	0.0000	0.0000	0.0000	0.0000	0.0000	0.0000	0.0000	0.0000	0.0000	0.0000	0.4243	0.0000	0.0013	0.5740	0.0000	0.0003	0.0000	0.0000	
0.0000	0.0000	0.0159	0.0000	0.0000	0.9839	0.0000	0.0003	0.0000	0.0000	0.0000	0.0000	0.0000	0.0000	0.0000	0.0000	0.0000	0.0000	0.0000	0.0000	
0.0000	0.0000	0.0000	0.0000	0.0000	0.9127	0.0000	0.0000	0.0000	0.0000	0.0000	0.0000	0.0000	0.0000	0.0000	0.0873	0.0000	0.0000	0.0000	0.0000	
0.0000	0.0000	0.0000	0.0000	0.0231	0.0000	0.0000	0.0082	0.0000	0.0000	0.0000	0.0000	0.0000	0.5029	0.0000	0.0000	0.0000	0.0000	0.0000	0.4658	
0.0000	0.0000	0.0000	0.0000	0.0000	0.0000	0.0000	0.0000	0.0000	0.0000	0.0000	0.0000	0.0000	0.0000	1.0000	0.0000	0.0000	0.0000	0.0000	0.0000	
0.2253	0.0000	0.0000	0.0000	0.0000	0.0000	0.0000	0.0002	0.0000	0.0000	0.0000	0.0000	0.0000	0.0000	0.0000	0.0088	0.0000	0.7658	0.0000	0.0000	
0.0024	0.0036	0.0005	0.7310	0.0000	0.0000	0.0000	0.0071	0.0031	0.0000	0.0000	0.0000	0.0000	0.0000	0.0021	0.0000	0.0000	0.0000	0.2502	0.0000	
0.0000	0.0000	0.0000	0.0002	0.0000	0.0000	0.0000	0.0000	0.0000	0.0000	0.0000	0.9998	0.0000	0.0000	0.0000	0.0000	0.0000	0.0000	0.0000	0.0000	
0.0571	0.0000	0.0000	0.0000	0.0000	0.0000	0.0000	0.0000	0.0000	0.0000	0.0036	0.0000	0.0000	0.0000	0.0000	0.0001	0.0000	0.9392	0.0000	0.0000	
0.0000	0.0000	0.0000	0.0836	0.0013	0.0000	0.0151	0.0000	0.0000	0.0000	0.0000	0.0000	0.0000	0.0000	0.0000	0.0000	0.8999	0.0000	0.0000	0.0000	
0.0000	0.0000	0.0000	0.0000	0.0000	0.0000	0.0000	0.0000	0.0000	0.0000	0.0000	0.0000	0.0000	0.0000	0.0000	0.0000	0.0000	0.0000	0.0000	1.0000	
0.0000	0.9984	0.0000	0.0000	0.0000	0.0000	0.0000	0.0000	0.0000	0.0000	0.0000	0.0000	0.0004	0.0000	0.0000	0.0012	0.0000	0.0000	0.0000	0.0000	
0.0000	0.0000	0.0000	0.0000	0.0000	0.9804	0.0000	0.0091	0.0000	0.0000	0.0000	0.0105	0.0000	0.0000	0.0000	0.0000	0.0000	0.0000	0.0000	0.0000	
0.0000	0.0000	0.0000	0.4075	0.5407	0.0000	0.0000	0.0000	0.0000	0.0000	0.0000	0.0000	0.0000	0.0000	0.0000	0.0000	0.0000	0.0000	0.0517	0.0000	
0.0000	0.0000	0.0000	0.0000	0.0000	0.0000	0.0000	0.0000	0.0000	0.0000	0.0000	0.0000	0.0000	0.0000	1.0000	0.0000	0.0000	0.0000	0.0000	0.0000	
0.0000	0.0000	0.0000	0.0000	0.0000	0.0000	0.0000	0.0000	0.0001	0.0001	0.0000	0.0000	0.0000	0.0000	0.0000	0.0001	0.0000	0.0000	0.9997	0.0000	
0.0000	0.0000	0.9978	0.0000	0.0000	0.0000	0.0011	0.0011	0.0000	0.0000	0.0000	0.0000	0.0000	0.0000	0.0000	0.0000	0.0000	0.0000	0.0000	0.0000	
