DataSet 35
Learner: Baum Welch Learner
Log Likelihood: 248791.9384056820

Number of States: 70
Number of Symbols: 20
Threshold: 0.01

Initial Distribution:
0.0000	0.0000	0.0000	0.0000	0.0000	0.0000	0.0000	0.0000	0.0000	0.0000	0.0000	0.0000	0.0000	0.0000	0.0000	0.0000	0.0000	0.0000	0.0000	0.0000	0.0000	0.0000	0.0000	0.0000	0.0000	0.0000	0.0000	0.0000	0.0000	0.0000	0.0000	0.0000	0.0000	0.0000	0.0000	0.0000	0.7823	0.0000	0.1017	0.0000	0.0000	0.0000	0.0000	0.0000	0.0000	0.1050	0.0000	0.0000	0.0000	0.0000	0.0000	0.0000	0.0000	0.0000	0.0000	0.0000	0.0000	0.0000	0.0054	0.0000	0.0034	0.0000	0.0012	0.0000	0.0000	0.0000	0.0000	0.0010	0.0000	0.0000	

Transitions:
0.0000	0.0000	0.0016	0.3703	0.0000	0.0000	0.0000	0.0000	0.0000	0.0000	0.0000	0.0000	0.0000	0.0000	0.0000	0.0000	0.0000	0.0805	0.0000	0.0607	0.0000	0.0000	0.0000	0.0000	0.0000	0.0000	0.0000	0.0065	0.0002	0.0000	0.0000	0.0000	0.0000	0.0000	0.0011	0.0000	0.0000	0.0000	0.0000	0.0000	0.0000	0.0000	0.0000	0.0000	0.0000	0.0000	0.1414	0.0000	0.0000	0.0000	0.0003	0.0000	0.0000	0.0046	0.0000	0.0000	0.0000	0.0000	0.0000	0.0000	0.0001	0.0000	0.0264	0.0000	0.0000	0.0000	0.0000	0.3062	0.0000	0.0000	
0.0003	0.0000	0.0000	0.0000	0.2337	0.0011	0.0000	0.0003	0.0000	0.0000	0.0000	0.0000	0.0000	0.0000	0.0002	0.0000	0.0000	0.0000	0.0000	0.0000	0.0000	0.0007	0.0000	0.0000	0.0000	0.0000	0.0000	0.0000	0.0000	0.0000	0.0000	0.0000	0.0000	0.1389	0.0000	0.0008	0.0000	0.0004	0.0000	0.0000	0.0000	0.0000	0.0000	0.0000	0.1228	0.0000	0.0000	0.0000	0.0000	0.0000	0.0000	0.0001	0.0000	0.0000	0.1123	0.0000	0.0000	0.3882	0.0000	0.0000	0.0000	0.0000	0.0000	0.0000	0.0000	0.0000	0.0000	0.0000	0.0000	0.0000	
0.0000	0.0140	0.0009	0.0007	0.0000	0.0040	0.1132	0.0000	0.0000	0.0000	0.0000	0.0000	0.0004	0.0000	0.0787	0.0000	0.0045	0.0000	0.0000	0.0000	0.0000	0.0032	0.0000	0.0000	0.0000	0.0000	0.0000	0.0052	0.0000	0.3518	0.0942	0.0000	0.0008	0.0000	0.0000	0.0026	0.0000	0.0005	0.0000	0.0407	0.0000	0.0000	0.0395	0.0000	0.0000	0.0194	0.0000	0.0000	0.0000	0.0000	0.0000	0.0000	0.0000	0.0000	0.0702	0.0454	0.0282	0.0000	0.0000	0.0000	0.0000	0.0000	0.0000	0.0378	0.0104	0.0000	0.0316	0.0021	0.0000	0.0000	
0.1794	0.0000	0.0000	0.0000	0.0000	0.0009	0.1799	0.1429	0.0000	0.0000	0.0000	0.0000	0.0000	0.0036	0.0000	0.0000	0.0000	0.0000	0.0024	0.0000	0.0000	0.0000	0.0000	0.0000	0.0000	0.0959	0.0412	0.0000	0.0000	0.0000	0.0000	0.0000	0.0001	0.0000	0.0000	0.0469	0.0000	0.0000	0.0000	0.0135	0.0000	0.0000	0.0000	0.0000	0.0166	0.0000	0.0000	0.0000	0.0000	0.0000	0.2161	0.0000	0.0000	0.0000	0.0387	0.0048	0.0000	0.0000	0.0159	0.0000	0.0000	0.0000	0.0011	0.0000	0.0000	0.0000	0.0000	0.0000	0.0000	0.0000	
0.0000	0.0000	0.0000	0.0294	0.0000	0.0000	0.0009	0.0006	0.0000	0.0000	0.0000	0.0000	0.0000	0.0000	0.0000	0.0000	0.0000	0.0000	0.0000	0.0000	0.0000	0.0000	0.0000	0.0000	0.0000	0.0000	0.0000	0.1089	0.0000	0.0000	0.0000	0.0000	0.2395	0.0000	0.0000	0.0000	0.0001	0.0000	0.0001	0.0000	0.0000	0.0000	0.0000	0.0000	0.0000	0.0000	0.0000	0.5193	0.0000	0.0000	0.0000	0.0000	0.0000	0.0209	0.0000	0.0000	0.0000	0.0000	0.0002	0.0000	0.0147	0.0000	0.0641	0.0000	0.0000	0.0000	0.0000	0.0011	0.0000	0.0000	
0.6142	0.0000	0.0000	0.0000	0.0000	0.0000	0.0000	0.0248	0.0000	0.0000	0.0000	0.0000	0.0000	0.0002	0.0000	0.0009	0.0000	0.0000	0.0000	0.0000	0.0040	0.0160	0.0033	0.0000	0.0000	0.2162	0.0068	0.0283	0.0009	0.0000	0.0000	0.0000	0.0000	0.0000	0.0000	0.0000	0.0000	0.0000	0.0000	0.0000	0.0000	0.0000	0.0141	0.0000	0.0381	0.0000	0.0000	0.0000	0.0000	0.0009	0.0000	0.0008	0.0000	0.0000	0.0000	0.0194	0.0000	0.0000	0.0000	0.0000	0.0000	0.0000	0.0000	0.0112	0.0000	0.0000	0.0000	0.0000	0.0000	0.0000	
0.0000	0.0003	0.0000	0.0000	0.0000	0.0199	0.0000	0.0000	0.0007	0.0000	0.0000	0.0083	0.0304	0.0000	0.0000	0.0000	0.0000	0.0000	0.0327	0.0000	0.0000	0.0031	0.0000	0.1938	0.0002	0.0000	0.0000	0.0000	0.0000	0.0013	0.0000	0.0000	0.0000	0.0054	0.1199	0.0031	0.0000	0.0000	0.0017	0.0000	0.0300	0.0005	0.0127	0.0000	0.0000	0.0000	0.0000	0.0000	0.0000	0.0000	0.0000	0.0000	0.0858	0.0000	0.0000	0.0093	0.0000	0.0071	0.0000	0.1058	0.0000	0.1847	0.0414	0.0113	0.0000	0.0000	0.0000	0.0000	0.0904	0.0000	
0.0453	0.0000	0.0000	0.0000	0.0000	0.0041	0.0125	0.2409	0.0000	0.0000	0.0000	0.0000	0.0000	0.0674	0.0192	0.0000	0.0640	0.0000	0.0008	0.0000	0.0214	0.0032	0.0000	0.0000	0.0000	0.0003	0.0000	0.0000	0.0000	0.0471	0.0462	0.0000	0.0000	0.0028	0.0000	0.0097	0.0000	0.0000	0.0000	0.0120	0.0000	0.0000	0.0000	0.0446	0.0000	0.0000	0.0000	0.0000	0.2692	0.0000	0.0000	0.0000	0.0048	0.0000	0.0787	0.0000	0.0051	0.0000	0.0000	0.0000	0.0000	0.0000	0.0000	0.0006	0.0000	0.0000	0.0000	0.0000	0.0000	0.0000	
0.0000	0.0000	0.0112	0.2928	0.0000	0.0000	0.0001	0.0025	0.0000	0.0000	0.0000	0.0000	0.0000	0.0000	0.0008	0.0008	0.0000	0.0404	0.0012	0.0367	0.0000	0.0000	0.0000	0.0111	0.0052	0.0000	0.0000	0.0646	0.0000	0.0000	0.0000	0.0000	0.1227	0.0000	0.0396	0.0000	0.0000	0.0000	0.0000	0.0000	0.0000	0.0000	0.0027	0.0000	0.0000	0.0000	0.0614	0.0942	0.0000	0.0000	0.0000	0.0000	0.0229	0.0089	0.0000	0.0000	0.0000	0.0000	0.0000	0.0007	0.0233	0.0000	0.0312	0.0000	0.0000	0.0000	0.0000	0.1252	0.0000	0.0000	
0.0000	0.0000	0.0000	0.0000	0.5516	0.0000	0.0000	0.0000	0.0000	0.0000	0.0000	0.0000	0.0000	0.0000	0.0000	0.1045	0.0000	0.0000	0.0050	0.0000	0.0000	0.0000	0.0000	0.0000	0.0394	0.0000	0.0000	0.0000	0.0005	0.0000	0.0002	0.0000	0.0064	0.0110	0.0000	0.0000	0.0000	0.0000	0.0106	0.0041	0.0000	0.0000	0.0000	0.0000	0.2667	0.0000	0.0000	0.0000	0.0000	0.0000	0.0000	0.0000	0.0000	0.0000	0.0000	0.0000	0.0000	0.0000	0.0000	0.0000	0.0000	0.0000	0.0000	0.0000	0.0000	0.0000	0.0000	0.0000	0.0000	0.0000	
0.0000	0.2076	0.0000	0.0000	0.0000	0.0000	0.0000	0.0000	0.2281	0.0000	0.0000	0.0000	0.0000	0.0000	0.0000	0.0000	0.0000	0.0000	0.0000	0.0000	0.0020	0.0000	0.0000	0.0000	0.0005	0.0000	0.0000	0.0000	0.0000	0.0000	0.0163	0.2307	0.0000	0.0063	0.0000	0.1885	0.0000	0.1151	0.0000	0.0000	0.0000	0.0023	0.0006	0.0000	0.0000	0.0000	0.0000	0.0000	0.0000	0.0000	0.0000	0.0000	0.0000	0.0000	0.0000	0.0000	0.0000	0.0000	0.0000	0.0000	0.0000	0.0000	0.0001	0.0000	0.0003	0.0000	0.0016	0.0000	0.0000	0.0000	
0.0000	0.0000	0.0009	0.0000	0.0000	0.0000	0.0000	0.0000	0.1067	0.0000	0.0000	0.0000	0.0000	0.0000	0.0000	0.0000	0.0000	0.0000	0.0000	0.0000	0.0000	0.0000	0.0000	0.0000	0.0004	0.0000	0.0000	0.0000	0.0000	0.0000	0.0000	0.0000	0.0000	0.0000	0.0000	0.0000	0.0000	0.0000	0.0000	0.0000	0.0000	0.0000	0.0000	0.0000	0.0000	0.0000	0.0000	0.0000	0.0000	0.0000	0.0000	0.0000	0.0000	0.0000	0.0000	0.0000	0.0000	0.0000	0.0000	0.0000	0.0000	0.0000	0.0000	0.0000	0.0000	0.8920	0.0000	0.0000	0.0000	0.0000	
0.0000	0.3767	0.0000	0.0000	0.0000	0.0000	0.0000	0.0000	0.0000	0.0000	0.0000	0.0000	0.0000	0.0000	0.0000	0.0000	0.0000	0.0290	0.0000	0.0000	0.0000	0.0000	0.0000	0.0000	0.0000	0.0000	0.0000	0.0778	0.0000	0.0000	0.0000	0.0000	0.0000	0.0003	0.0000	0.0000	0.0000	0.0000	0.0000	0.0000	0.0000	0.0000	0.0000	0.0000	0.0000	0.0000	0.0000	0.0000	0.0000	0.0000	0.0000	0.0000	0.0000	0.0000	0.0027	0.0000	0.5120	0.0006	0.0000	0.0000	0.0000	0.0000	0.0000	0.0009	0.0000	0.0000	0.0000	0.0000	0.0000	0.0000	
0.0000	0.0000	0.0095	0.0000	0.0000	0.0000	0.0000	0.0000	0.0000	0.0000	0.0000	0.0000	0.0009	0.0000	0.0000	0.0000	0.0035	0.0000	0.0036	0.0000	0.0000	0.0000	0.0000	0.0000	0.0000	0.0000	0.0000	0.0000	0.0000	0.0000	0.0000	0.0000	0.0000	0.0000	0.0000	0.0000	0.7463	0.0053	0.0734	0.0000	0.0000	0.0000	0.0000	0.0000	0.0000	0.1112	0.0008	0.0000	0.0000	0.0000	0.0000	0.0066	0.0000	0.0000	0.0000	0.0000	0.0000	0.0000	0.0077	0.0000	0.0000	0.0000	0.0091	0.0000	0.0021	0.0195	0.0004	0.0000	0.0000	0.0000	
0.0000	0.0000	0.0000	0.0040	0.0000	0.0000	0.0000	0.0000	0.0000	0.0000	0.0000	0.0000	0.0000	0.0000	0.1780	0.0000	0.0000	0.0000	0.0000	0.0000	0.0000	0.0000	0.0000	0.0000	0.0000	0.0000	0.0000	0.0018	0.0000	0.4656	0.1594	0.0000	0.0000	0.0000	0.0000	0.0000	0.0000	0.0000	0.0000	0.1686	0.0000	0.0000	0.0000	0.0000	0.0000	0.0000	0.0001	0.0000	0.0065	0.0000	0.0000	0.0000	0.0000	0.0000	0.0097	0.0000	0.0001	0.0000	0.0000	0.0000	0.0000	0.0000	0.0000	0.0000	0.0000	0.0000	0.0000	0.0000	0.0000	0.0062	
0.1106	0.0000	0.0000	0.0000	0.0000	0.0082	0.0178	0.0344	0.0062	0.0000	0.0000	0.2178	0.0029	0.0000	0.0000	0.0000	0.0000	0.0000	0.0000	0.0000	0.0000	0.0273	0.0231	0.0000	0.0004	0.0000	0.0107	0.0337	0.0132	0.0068	0.0000	0.0000	0.0000	0.1423	0.0000	0.0145	0.0000	0.0086	0.0000	0.0000	0.0000	0.0011	0.0000	0.0000	0.0000	0.0005	0.0014	0.0000	0.0000	0.0015	0.0229	0.0000	0.0003	0.0000	0.0187	0.0000	0.0009	0.0803	0.0028	0.0000	0.0000	0.0000	0.0000	0.0000	0.1126	0.0529	0.0000	0.0000	0.0203	0.0051	
0.0000	0.0447	0.0000	0.0000	0.0000	0.1700	0.0000	0.0000	0.0013	0.0044	0.1113	0.0018	0.0000	0.0000	0.1905	0.0000	0.0000	0.0001	0.0000	0.0000	0.0000	0.0000	0.0000	0.0000	0.0000	0.0000	0.0000	0.0000	0.0000	0.0050	0.0000	0.0000	0.0000	0.0012	0.0000	0.0000	0.0004	0.1864	0.0231	0.0000	0.0358	0.0000	0.0000	0.0000	0.1384	0.0000	0.0000	0.0000	0.0000	0.0006	0.0000	0.0000	0.0000	0.0000	0.0000	0.0000	0.0000	0.0018	0.0000	0.0000	0.0000	0.0830	0.0002	0.0000	0.0000	0.0000	0.0000	0.0000	0.0000	0.0000	
0.0000	0.0035	0.0000	0.0450	0.0000	0.0038	0.0642	0.1236	0.0000	0.0000	0.0000	0.0000	0.0187	0.0000	0.0000	0.0000	0.0000	0.0000	0.0172	0.0000	0.0000	0.0000	0.0009	0.0295	0.0000	0.0000	0.0000	0.0335	0.0000	0.0083	0.0083	0.0000	0.0794	0.0438	0.0137	0.0000	0.0000	0.0000	0.0000	0.0000	0.0000	0.0000	0.0000	0.0000	0.0012	0.0056	0.0000	0.1353	0.0000	0.0000	0.0000	0.0000	0.0000	0.0008	0.0579	0.0012	0.0075	0.1263	0.1077	0.0182	0.0000	0.0000	0.0283	0.0000	0.0000	0.0000	0.0020	0.0000	0.0146	0.0000	
0.0001	0.0000	0.0000	0.0000	0.0000	0.0000	0.1306	0.0008	0.0000	0.0000	0.0011	0.0000	0.0000	0.0000	0.0002	0.0000	0.0000	0.2373	0.0679	0.0010	0.0000	0.0000	0.0000	0.0000	0.0000	0.0000	0.0000	0.0000	0.0000	0.0000	0.0000	0.0000	0.0000	0.0000	0.0000	0.0121	0.0000	0.0000	0.0000	0.0000	0.0448	0.3993	0.0099	0.0201	0.0000	0.0000	0.0000	0.0000	0.0000	0.0084	0.0398	0.0000	0.0000	0.0000	0.0000	0.0116	0.0000	0.0000	0.0000	0.0000	0.0000	0.0000	0.0000	0.0151	0.0000	0.0000	0.0000	0.0000	0.0000	0.0000	
0.0563	0.0000	0.0909	0.0019	0.0050	0.0008	0.0000	0.0000	0.0000	0.0000	0.1430	0.0000	0.0018	0.0514	0.0027	0.0000	0.0000	0.0116	0.0000	0.0964	0.0018	0.0000	0.0107	0.0000	0.0005	0.0000	0.0139	0.0000	0.0079	0.0000	0.0051	0.0000	0.0000	0.0035	0.0212	0.0350	0.0000	0.0070	0.0000	0.0004	0.0000	0.0000	0.0000	0.0068	0.0000	0.0000	0.0000	0.0000	0.1767	0.0415	0.0004	0.0000	0.0000	0.0000	0.0000	0.0368	0.0000	0.0000	0.0000	0.0000	0.1567	0.0000	0.0025	0.0025	0.0000	0.0000	0.0000	0.0000	0.0074	0.0000	
0.3846	0.0042	0.0035	0.0005	0.0000	0.0004	0.0000	0.0446	0.0015	0.0000	0.0000	0.0000	0.0059	0.0000	0.0000	0.0000	0.0000	0.0069	0.0060	0.0017	0.0000	0.0599	0.0531	0.0000	0.0000	0.0000	0.0294	0.0544	0.0653	0.0008	0.0000	0.0009	0.0000	0.0014	0.0033	0.0000	0.0000	0.0000	0.0028	0.0000	0.0082	0.0001	0.0049	0.0000	0.0083	0.0000	0.0030	0.0000	0.0000	0.0025	0.0000	0.0000	0.0116	0.0000	0.0426	0.0024	0.0000	0.1832	0.0000	0.0000	0.0021	0.0000	0.0000	0.0000	0.0000	0.0000	0.0000	0.0000	0.0000	0.0000	
0.0000	0.0000	0.0000	0.2181	0.0000	0.0000	0.0000	0.0000	0.0000	0.0000	0.0000	0.0000	0.0000	0.0000	0.0000	0.0000	0.0151	0.0201	0.0000	0.0286	0.0000	0.0000	0.0007	0.0000	0.0000	0.0000	0.0000	0.0215	0.0000	0.0000	0.0000	0.0000	0.0153	0.0000	0.0000	0.0054	0.0000	0.0000	0.0210	0.0000	0.0000	0.0000	0.0000	0.0084	0.0000	0.0000	0.0568	0.0022	0.0000	0.0400	0.0008	0.0000	0.0004	0.2814	0.0001	0.0605	0.0010	0.0000	0.0000	0.0000	0.0000	0.0000	0.0000	0.0000	0.0000	0.0000	0.0000	0.1982	0.0000	0.0044	
0.0611	0.0084	0.0000	0.0000	0.0000	0.0130	0.0000	0.0000	0.0000	0.0000	0.0000	0.0000	0.0000	0.0737	0.0000	0.0000	0.0000	0.0000	0.0000	0.1246	0.0001	0.0000	0.0002	0.0049	0.0000	0.0000	0.0376	0.0004	0.0000	0.0000	0.0000	0.0000	0.0000	0.0047	0.0330	0.0000	0.0000	0.0502	0.0076	0.0000	0.0000	0.0000	0.0000	0.0004	0.0000	0.0000	0.0015	0.0000	0.2367	0.0103	0.0000	0.0000	0.0000	0.0000	0.0011	0.0000	0.0010	0.0025	0.0000	0.0010	0.1280	0.0648	0.0000	0.0145	0.0234	0.0000	0.0002	0.0203	0.0359	0.0389	
0.0000	0.0000	0.2232	0.0006	0.0000	0.0000	0.0000	0.0000	0.0000	0.0000	0.0000	0.0000	0.0000	0.0000	0.0006	0.0000	0.0000	0.0241	0.0000	0.1869	0.0000	0.0000	0.0000	0.0000	0.0000	0.0052	0.0230	0.0000	0.0000	0.0000	0.0000	0.0000	0.0000	0.0002	0.0418	0.0000	0.0000	0.0000	0.0000	0.0004	0.0311	0.0000	0.0000	0.0000	0.0000	0.0000	0.0000	0.0000	0.0000	0.0592	0.0000	0.0000	0.0210	0.0000	0.0006	0.0002	0.0000	0.0000	0.0000	0.0000	0.3694	0.0000	0.0000	0.0000	0.0000	0.0126	0.0000	0.0000	0.0000	0.0000	
0.0000	0.0007	0.0000	0.0000	0.2749	0.0000	0.0030	0.0000	0.0000	0.0000	0.0000	0.0000	0.0000	0.0138	0.0000	0.6621	0.0000	0.0000	0.0000	0.0000	0.0000	0.0000	0.0000	0.0000	0.0000	0.0000	0.0000	0.0000	0.0000	0.0000	0.0000	0.0000	0.0000	0.0000	0.0097	0.0000	0.0000	0.0000	0.0000	0.0000	0.0000	0.0000	0.0016	0.0037	0.0000	0.0000	0.0000	0.0000	0.0306	0.0000	0.0000	0.0000	0.0000	0.0000	0.0000	0.0000	0.0000	0.0000	0.0000	0.0000	0.0000	0.0000	0.0000	0.0000	0.0000	0.0000	0.0000	0.0000	0.0000	0.0000	
0.0000	0.0448	0.0000	0.0000	0.0000	0.0821	0.0000	0.0000	0.0000	0.0000	0.0000	0.0000	0.2025	0.0000	0.0000	0.0000	0.0000	0.0025	0.2167	0.0000	0.0000	0.0000	0.0000	0.0121	0.0000	0.0000	0.0000	0.0000	0.0000	0.0008	0.0000	0.0000	0.0000	0.0000	0.0000	0.0000	0.0000	0.0000	0.0000	0.0020	0.0698	0.0000	0.0000	0.0000	0.0000	0.0000	0.0000	0.0000	0.0000	0.0000	0.0000	0.0000	0.0000	0.0000	0.0000	0.0299	0.0000	0.0000	0.0000	0.0150	0.0000	0.0187	0.1712	0.0000	0.0000	0.0000	0.0000	0.0000	0.1320	0.0000	
0.0000	0.1333	0.0000	0.0000	0.0000	0.0000	0.0000	0.0013	0.2021	0.0000	0.0000	0.0000	0.0000	0.0000	0.0000	0.0000	0.0002	0.0000	0.0020	0.0000	0.0000	0.0094	0.0000	0.0000	0.0000	0.0002	0.0000	0.0000	0.0000	0.0000	0.0449	0.2008	0.0000	0.0061	0.0000	0.2155	0.0000	0.0816	0.0051	0.0000	0.0000	0.0004	0.0000	0.0000	0.0000	0.0000	0.0000	0.0000	0.0000	0.0000	0.0000	0.0000	0.0000	0.0000	0.0868	0.0001	0.0000	0.0081	0.0000	0.0000	0.0000	0.0000	0.0000	0.0000	0.0022	0.0000	0.0000	0.0000	0.0000	0.0001	
0.0000	0.0000	0.0000	0.0000	0.0000	0.0000	0.0010	0.0000	0.0359	0.0000	0.0000	0.0000	0.0000	0.0000	0.1079	0.0000	0.0000	0.0000	0.0000	0.0000	0.0000	0.0000	0.0000	0.0000	0.0000	0.0015	0.0000	0.0000	0.0000	0.3126	0.0961	0.0000	0.0000	0.0000	0.0000	0.0000	0.0000	0.0000	0.0000	0.0766	0.0000	0.0000	0.0000	0.0000	0.0000	0.0000	0.0000	0.0000	0.0000	0.0000	0.0000	0.0000	0.0000	0.0000	0.0004	0.0000	0.0009	0.0000	0.0000	0.0000	0.0000	0.0000	0.0000	0.0000	0.0000	0.3670	0.0000	0.0000	0.0000	0.0000	
0.0001	0.0000	0.1262	0.0140	0.0000	0.0000	0.0000	0.0015	0.0000	0.0001	0.0000	0.0000	0.0000	0.0000	0.0000	0.0000	0.0066	0.0056	0.0000	0.1230	0.0000	0.0000	0.0001	0.0668	0.0000	0.0000	0.0000	0.0084	0.0000	0.0013	0.0000	0.0000	0.0000	0.0000	0.0444	0.0000	0.0003	0.0050	0.0000	0.0066	0.0000	0.0000	0.0000	0.0000	0.0000	0.0000	0.0000	0.0014	0.0000	0.0098	0.0000	0.0185	0.0000	0.0179	0.0000	0.0000	0.0430	0.0478	0.2398	0.0644	0.1319	0.0154	0.0000	0.0000	0.0001	0.0000	0.0000	0.0000	0.0000	0.0000	
0.0000	0.1407	0.0017	0.0000	0.0000	0.0039	0.0000	0.0007	0.1664	0.0000	0.0000	0.0000	0.0000	0.0005	0.0000	0.0000	0.0000	0.0300	0.0000	0.0000	0.0808	0.0000	0.0000	0.0437	0.0000	0.0000	0.0000	0.0000	0.0000	0.0073	0.0066	0.1714	0.0014	0.0000	0.0421	0.1132	0.0000	0.0753	0.0031	0.0000	0.0184	0.0000	0.0000	0.0000	0.0000	0.0000	0.0000	0.0002	0.0000	0.0000	0.0000	0.0000	0.0488	0.0000	0.0000	0.0000	0.0000	0.0000	0.0000	0.0000	0.0000	0.0000	0.0006	0.0000	0.0000	0.0000	0.0430	0.0000	0.0000	0.0000	
0.0000	0.0705	0.0000	0.0000	0.0121	0.1095	0.0094	0.0089	0.0000	0.0153	0.0000	0.0000	0.0015	0.0000	0.0000	0.0000	0.0000	0.0000	0.0000	0.0000	0.0000	0.0001	0.0006	0.0000	0.0000	0.0000	0.0255	0.0098	0.0052	0.0000	0.0000	0.0000	0.0000	0.0000	0.0000	0.0000	0.0000	0.1169	0.0008	0.0015	0.0000	0.0000	0.0000	0.0000	0.0000	0.0069	0.0000	0.0000	0.0137	0.0020	0.0000	0.0014	0.0000	0.0037	0.0215	0.0000	0.0834	0.0007	0.0000	0.0017	0.0416	0.0000	0.0000	0.0075	0.1238	0.0000	0.0000	0.0000	0.0000	0.3044	
0.0027	0.0000	0.0000	0.0000	0.0000	0.0000	0.0857	0.4593	0.0000	0.0000	0.0000	0.0000	0.0000	0.0000	0.0000	0.0000	0.1217	0.0000	0.0001	0.0000	0.0317	0.0000	0.0000	0.0016	0.0180	0.0000	0.0000	0.0000	0.0000	0.0000	0.0358	0.0000	0.0000	0.0000	0.0000	0.0230	0.0000	0.0000	0.0000	0.0000	0.0000	0.0000	0.0000	0.0748	0.0000	0.0000	0.0000	0.0000	0.0012	0.0000	0.0000	0.0000	0.0195	0.0000	0.0635	0.0000	0.0000	0.0000	0.0542	0.0073	0.0000	0.0000	0.0000	0.0000	0.0000	0.0000	0.0000	0.0000	0.0000	0.0000	
0.0000	0.0000	0.0000	0.0029	0.0000	0.0000	0.0000	0.0000	0.0000	0.0000	0.0000	0.0000	0.0000	0.0000	0.0000	0.0000	0.0000	0.0000	0.0000	0.0000	0.0000	0.1922	0.0000	0.0000	0.0000	0.0000	0.0000	0.0416	0.0000	0.0000	0.0000	0.0000	0.1949	0.0000	0.0000	0.0692	0.0000	0.0000	0.0000	0.0000	0.0000	0.0000	0.0000	0.0000	0.0000	0.0000	0.0028	0.3559	0.0000	0.0000	0.0000	0.0123	0.0000	0.0000	0.0067	0.0042	0.0572	0.0292	0.0000	0.0000	0.0066	0.0000	0.0225	0.0019	0.0000	0.0000	0.0000	0.0000	0.0000	0.0000	
0.0233	0.0000	0.0000	0.0000	0.0000	0.0644	0.0000	0.0000	0.0000	0.0000	0.0000	0.0000	0.0000	0.0001	0.0000	0.0000	0.0000	0.0000	0.0000	0.0547	0.0000	0.3346	0.0000	0.0000	0.0000	0.0000	0.0000	0.0000	0.0000	0.0000	0.0000	0.0000	0.0472	0.0062	0.0000	0.1535	0.0008	0.0612	0.0000	0.0000	0.0000	0.0000	0.0000	0.0000	0.0000	0.0000	0.0000	0.0763	0.0000	0.0000	0.0000	0.0803	0.0000	0.0000	0.0114	0.0001	0.0013	0.0821	0.0000	0.0000	0.0000	0.0000	0.0023	0.0000	0.0000	0.0000	0.0000	0.0000	0.0000	0.0000	
0.0337	0.0000	0.0000	0.0000	0.1237	0.0045	0.0000	0.0000	0.0000	0.0025	0.0208	0.0000	0.0000	0.0533	0.0400	0.0002	0.0089	0.0000	0.0000	0.0133	0.0000	0.0000	0.0233	0.0136	0.0000	0.0000	0.0000	0.0000	0.0000	0.0000	0.0000	0.0000	0.0000	0.0128	0.0000	0.0085	0.0000	0.0264	0.0286	0.0000	0.0000	0.0000	0.0000	0.0114	0.1017	0.0000	0.0000	0.0000	0.1753	0.0000	0.0010	0.0000	0.0000	0.1634	0.0000	0.1131	0.0000	0.0060	0.0000	0.0000	0.0000	0.0000	0.0001	0.0014	0.0000	0.0000	0.0000	0.0117	0.0007	0.0000	
0.0000	0.0000	0.1512	0.0000	0.0000	0.0000	0.0000	0.0000	0.0400	0.0000	0.0000	0.0000	0.0000	0.0000	0.0259	0.0009	0.0209	0.0000	0.0000	0.0410	0.0000	0.0000	0.0000	0.0031	0.0000	0.0000	0.0000	0.0000	0.0000	0.0498	0.0214	0.0000	0.0000	0.0000	0.0165	0.0000	0.0000	0.0344	0.0000	0.0191	0.0000	0.0000	0.0000	0.0000	0.0003	0.0000	0.0000	0.0000	0.0000	0.0032	0.0000	0.0200	0.0077	0.0583	0.0000	0.0000	0.1215	0.0000	0.0000	0.0017	0.0415	0.0000	0.0000	0.0000	0.0018	0.3150	0.0000	0.0000	0.0044	0.0000	
0.2608	0.0003	0.0000	0.0000	0.1140	0.0016	0.0000	0.0000	0.0000	0.0000	0.0000	0.0000	0.0000	0.0440	0.0000	0.3077	0.0000	0.0000	0.0000	0.0000	0.0000	0.0000	0.0000	0.0000	0.0000	0.1647	0.0000	0.0000	0.0000	0.0000	0.0000	0.0000	0.0000	0.0000	0.0021	0.0000	0.0000	0.0000	0.0000	0.0000	0.0000	0.0000	0.0000	0.0022	0.0000	0.0000	0.0000	0.0000	0.0906	0.0000	0.0000	0.0000	0.0000	0.0000	0.0020	0.0065	0.0035	0.0000	0.0000	0.0000	0.0000	0.0000	0.0000	0.0000	0.0000	0.0000	0.0000	0.0000	0.0000	0.0000	
0.0092	0.0011	0.0958	0.0034	0.0000	0.0405	0.0000	0.0000	0.0002	0.0042	0.1607	0.0000	0.0000	0.0108	0.0007	0.0000	0.0000	0.0195	0.0000	0.1730	0.0000	0.0000	0.0063	0.0183	0.0000	0.0000	0.0013	0.0032	0.0141	0.0000	0.0000	0.0000	0.0005	0.0230	0.0531	0.0283	0.0000	0.0009	0.0000	0.0068	0.0068	0.0000	0.0000	0.0000	0.0000	0.0000	0.0000	0.0000	0.0000	0.0771	0.0008	0.0000	0.0327	0.0000	0.0019	0.0000	0.0143	0.0026	0.0000	0.0000	0.1849	0.0000	0.0043	0.0000	0.0000	0.0000	0.0000	0.0000	0.0000	0.0000	
0.0000	0.0000	0.0000	0.0000	0.0000	0.0000	0.0000	0.0000	0.0001	0.0000	0.0000	0.0000	0.0000	0.0000	0.0000	0.0000	0.0000	0.0000	0.0093	0.0000	0.0000	0.0000	0.0000	0.0557	0.0586	0.0000	0.0000	0.0000	0.0000	0.0000	0.0000	0.0000	0.0000	0.1203	0.0594	0.0000	0.0314	0.0020	0.0333	0.0000	0.0408	0.0000	0.0000	0.0102	0.0000	0.0000	0.0000	0.0000	0.0000	0.0000	0.0000	0.0000	0.0000	0.0000	0.1291	0.0000	0.0051	0.2653	0.0000	0.0548	0.0000	0.0796	0.0076	0.0000	0.0000	0.0079	0.0000	0.0000	0.0297	0.0000	
0.0885	0.0000	0.0000	0.0000	0.0000	0.0012	0.0000	0.1964	0.0000	0.0000	0.0000	0.0000	0.0000	0.0987	0.0000	0.0000	0.0633	0.0029	0.0000	0.0008	0.0553	0.0000	0.0000	0.0000	0.0000	0.0007	0.0000	0.0000	0.0000	0.0000	0.0000	0.0000	0.0000	0.0000	0.0000	0.0157	0.0000	0.0000	0.0000	0.0000	0.0001	0.0000	0.0000	0.0740	0.0000	0.0000	0.0000	0.0000	0.3884	0.0000	0.0000	0.0000	0.0070	0.0000	0.0000	0.0000	0.0001	0.0000	0.0000	0.0000	0.0000	0.0000	0.0000	0.0008	0.0000	0.0026	0.0000	0.0037	0.0000	0.0000	
0.0018	0.0048	0.0000	0.0064	0.0000	0.0514	0.0000	0.0269	0.0000	0.0000	0.0000	0.0000	0.0000	0.0000	0.0000	0.0000	0.0000	0.0000	0.0000	0.1455	0.0000	0.2201	0.0470	0.0000	0.0000	0.0000	0.0336	0.0003	0.1101	0.0000	0.0000	0.0000	0.0000	0.0000	0.0000	0.0540	0.0000	0.0685	0.0000	0.0000	0.0000	0.0000	0.0000	0.0018	0.0000	0.0000	0.0000	0.0000	0.0000	0.0000	0.0000	0.1006	0.0000	0.0153	0.0000	0.0000	0.0000	0.0099	0.0000	0.0043	0.0550	0.0000	0.0000	0.0000	0.0213	0.0000	0.0000	0.0029	0.0000	0.0184	
0.0021	0.0000	0.0000	0.0000	0.0000	0.0000	0.0063	0.0208	0.0000	0.1436	0.0000	0.0000	0.0000	0.1461	0.0000	0.0009	0.0000	0.0000	0.0000	0.0048	0.0000	0.0000	0.0851	0.0016	0.0000	0.0000	0.0082	0.0000	0.0000	0.0011	0.0026	0.0000	0.0000	0.0000	0.0795	0.0065	0.0000	0.0036	0.0000	0.2335	0.0000	0.0000	0.0000	0.0000	0.0000	0.0000	0.0000	0.0000	0.0010	0.0678	0.0000	0.0000	0.0000	0.0000	0.1507	0.0020	0.0000	0.0000	0.0088	0.0000	0.0000	0.0000	0.0234	0.0000	0.0000	0.0000	0.0000	0.0000	0.0000	0.0000	
0.0000	0.0000	0.0000	0.0000	0.0000	0.0000	0.0000	0.0000	0.0000	0.0000	0.0000	0.0075	0.0000	0.0025	0.0000	0.0000	0.0000	0.1685	0.0000	0.0000	0.3635	0.0000	0.0000	0.0000	0.0000	0.0000	0.0000	0.0000	0.0000	0.1634	0.0002	0.0881	0.0001	0.0071	0.0000	0.0000	0.0000	0.0000	0.0058	0.0000	0.0000	0.0000	0.0000	0.0000	0.0000	0.0000	0.0000	0.0000	0.0000	0.0000	0.0000	0.0000	0.0000	0.0000	0.0000	0.0000	0.0000	0.0000	0.0000	0.0047	0.0000	0.0074	0.0013	0.0031	0.0076	0.0000	0.1634	0.0000	0.0057	0.0000	
0.0001	0.0000	0.0000	0.0000	0.0000	0.0131	0.0083	0.0141	0.0000	0.0000	0.0000	0.0000	0.0487	0.0001	0.0000	0.0000	0.0000	0.0000	0.0635	0.0000	0.0000	0.0395	0.0869	0.0000	0.0480	0.1237	0.0000	0.0020	0.0360	0.0000	0.0098	0.0000	0.0012	0.0127	0.0000	0.0018	0.0227	0.0020	0.0075	0.0000	0.0314	0.0000	0.0000	0.0001	0.0000	0.0000	0.0000	0.0000	0.0000	0.0000	0.0012	0.0242	0.0009	0.0000	0.3026	0.0140	0.0300	0.0000	0.0000	0.0000	0.0000	0.0000	0.0261	0.0015	0.0001	0.0000	0.0000	0.0000	0.0260	0.0000	
0.0000	0.0000	0.0000	0.0000	0.5601	0.0000	0.0000	0.0000	0.0136	0.0000	0.0000	0.0000	0.0000	0.0000	0.0000	0.0000	0.0000	0.0039	0.0027	0.0000	0.0000	0.0000	0.0000	0.0000	0.0000	0.0000	0.0000	0.0000	0.0000	0.0000	0.0000	0.0000	0.0000	0.0165	0.0000	0.0000	0.0000	0.0000	0.0000	0.0000	0.0032	0.0148	0.0000	0.0000	0.2678	0.0000	0.0000	0.0000	0.0000	0.0000	0.0000	0.0000	0.0000	0.0000	0.0000	0.0000	0.0000	0.0000	0.0000	0.0000	0.0000	0.0000	0.0000	0.0000	0.0000	0.1175	0.0000	0.0000	0.0000	0.0000	
0.0000	0.0000	0.0297	0.0000	0.0001	0.0000	0.0000	0.0000	0.0000	0.0000	0.0000	0.0000	0.0000	0.0174	0.1162	0.0000	0.0000	0.0000	0.0000	0.0271	0.0000	0.0580	0.0888	0.0000	0.0000	0.0000	0.0000	0.0000	0.0000	0.3658	0.1376	0.0000	0.0000	0.0000	0.0084	0.0000	0.0000	0.0000	0.0000	0.0940	0.0000	0.0000	0.0000	0.0000	0.0000	0.0000	0.0000	0.0000	0.0000	0.0035	0.0000	0.0000	0.0039	0.0000	0.0000	0.0009	0.0000	0.0000	0.0000	0.0000	0.0463	0.0000	0.0000	0.0022	0.0000	0.0000	0.0000	0.0000	0.0000	0.0000	
0.0000	0.0000	0.0000	0.0038	0.0000	0.0000	0.0645	0.0000	0.0000	0.0001	0.0000	0.0000	0.0000	0.0000	0.0000	0.0000	0.0000	0.1502	0.0000	0.0000	0.2840	0.0000	0.0000	0.0000	0.0000	0.0000	0.0000	0.0000	0.0000	0.1686	0.0000	0.0601	0.0000	0.0000	0.0000	0.0000	0.0000	0.0025	0.0082	0.0000	0.0038	0.0001	0.0020	0.0000	0.0000	0.0177	0.0000	0.0000	0.0000	0.0000	0.0000	0.0000	0.0000	0.0000	0.0638	0.0001	0.0000	0.0000	0.0000	0.0000	0.0000	0.0000	0.0000	0.0002	0.0000	0.0000	0.1702	0.0000	0.0000	0.0000	
0.0000	0.0000	0.0000	0.0000	0.0095	0.0000	0.2019	0.2009	0.0000	0.0000	0.0000	0.0000	0.0012	0.0000	0.0000	0.0003	0.0000	0.0000	0.0000	0.0000	0.0000	0.0000	0.0000	0.0072	0.0011	0.0000	0.0434	0.0000	0.0000	0.0000	0.0037	0.0000	0.0000	0.0001	0.0000	0.0714	0.0001	0.0000	0.0000	0.0076	0.0000	0.0000	0.0000	0.0000	0.0000	0.0004	0.0000	0.0000	0.0000	0.0141	0.3045	0.0000	0.0000	0.0000	0.0363	0.0204	0.0000	0.0000	0.0759	0.0000	0.0000	0.0000	0.0000	0.0000	0.0000	0.0000	0.0000	0.0000	0.0000	0.0000	
0.0000	0.0000	0.0000	0.0000	0.0000	0.0539	0.0000	0.0000	0.0014	0.0000	0.3520	0.0000	0.0000	0.0000	0.0000	0.0000	0.0000	0.0000	0.0000	0.0000	0.0000	0.0000	0.0147	0.0000	0.0000	0.0000	0.0000	0.0000	0.0334	0.0000	0.0000	0.0000	0.0000	0.0065	0.0000	0.0799	0.0000	0.0792	0.0000	0.0000	0.0000	0.0000	0.0334	0.0000	0.0000	0.0000	0.0000	0.0000	0.0000	0.0000	0.0000	0.0009	0.0000	0.0000	0.0011	0.0409	0.0000	0.0001	0.0000	0.0000	0.0000	0.0000	0.0000	0.0427	0.0905	0.0000	0.0000	0.0013	0.0000	0.1682	
0.0150	0.0149	0.0018	0.0000	0.0000	0.0047	0.0517	0.0850	0.0195	0.0000	0.1196	0.0000	0.0042	0.0000	0.0256	0.0000	0.0000	0.0115	0.0000	0.0005	0.0295	0.0047	0.0011	0.0514	0.0000	0.0000	0.0006	0.0000	0.0156	0.1439	0.0322	0.0283	0.0000	0.0000	0.0222	0.0451	0.0000	0.0079	0.0000	0.0204	0.0202	0.0000	0.0000	0.0002	0.0000	0.0068	0.0000	0.0001	0.0000	0.0000	0.0000	0.0103	0.0399	0.0000	0.0659	0.0000	0.0000	0.0044	0.0511	0.0223	0.0012	0.0000	0.0000	0.0000	0.0032	0.0000	0.0176	0.0000	0.0000	0.0000	
0.0260	0.0000	0.0000	0.0459	0.0000	0.0000	0.0000	0.0000	0.0000	0.0000	0.6802	0.0000	0.0000	0.0034	0.0000	0.0000	0.0000	0.0030	0.0000	0.0001	0.0000	0.0000	0.0073	0.0000	0.0000	0.0000	0.0000	0.0026	0.0678	0.0000	0.0000	0.0000	0.0000	0.0000	0.0001	0.1396	0.0000	0.0000	0.0000	0.0000	0.0000	0.0001	0.0000	0.0012	0.0000	0.0000	0.0110	0.0004	0.0000	0.0000	0.0000	0.0000	0.0000	0.0000	0.0011	0.0000	0.0000	0.0000	0.0000	0.0000	0.0000	0.0000	0.0027	0.0000	0.0000	0.0000	0.0000	0.0075	0.0000	0.0000	
0.0000	0.0000	0.0000	0.0000	0.0000	0.0019	0.0948	0.0004	0.0000	0.0017	0.0000	0.0000	0.0000	0.0000	0.0000	0.0020	0.0000	0.2096	0.0507	0.0000	0.0000	0.0072	0.0000	0.0000	0.1364	0.0000	0.0000	0.0000	0.0000	0.0000	0.0000	0.0000	0.0000	0.0000	0.0000	0.0000	0.0000	0.0017	0.0000	0.0000	0.0523	0.3476	0.0000	0.0592	0.0000	0.0000	0.0005	0.0000	0.0004	0.0061	0.0196	0.0061	0.0000	0.0000	0.0000	0.0000	0.0000	0.0015	0.0000	0.0000	0.0000	0.0000	0.0000	0.0000	0.0002	0.0000	0.0000	0.0000	0.0000	0.0000	
0.0000	0.3476	0.0001	0.0000	0.0000	0.0000	0.0000	0.0000	0.0000	0.0000	0.0000	0.0000	0.0000	0.0000	0.0000	0.0000	0.0000	0.0097	0.0000	0.0000	0.0000	0.0000	0.0000	0.0000	0.0026	0.0000	0.0000	0.1050	0.0000	0.0062	0.0000	0.0000	0.0000	0.0000	0.0006	0.0000	0.0000	0.0000	0.0000	0.0000	0.0000	0.0000	0.0000	0.0000	0.0000	0.0000	0.0000	0.0000	0.0000	0.0000	0.0000	0.0000	0.0000	0.0000	0.0000	0.0000	0.5284	0.0000	0.0000	0.0000	0.0000	0.0000	0.0000	0.0000	0.0000	0.0000	0.0000	0.0000	0.0000	0.0000	
0.0030	0.0010	0.0000	0.0377	0.0000	0.0022	0.0000	0.0000	0.0000	0.0000	0.0000	0.0000	0.0000	0.0000	0.0000	0.0000	0.0000	0.0000	0.0000	0.1563	0.0000	0.0000	0.0119	0.0000	0.0000	0.0000	0.0000	0.0645	0.0140	0.0000	0.0000	0.0000	0.1303	0.0373	0.0025	0.0000	0.0000	0.0047	0.0000	0.0000	0.0000	0.0000	0.0026	0.0000	0.0000	0.0000	0.0000	0.2821	0.0000	0.0147	0.0000	0.0000	0.0000	0.0513	0.0000	0.0551	0.0000	0.0000	0.0000	0.0000	0.0896	0.0000	0.0284	0.0037	0.0021	0.0000	0.0000	0.0001	0.0002	0.0046	
0.0000	0.0012	0.0568	0.0122	0.0409	0.0366	0.0000	0.0000	0.0000	0.0108	0.0000	0.0441	0.0000	0.0000	0.0000	0.1295	0.0219	0.0010	0.0000	0.0123	0.0000	0.0000	0.0292	0.0002	0.0063	0.0338	0.0016	0.0063	0.0000	0.0000	0.0000	0.0000	0.0000	0.0189	0.0000	0.0015	0.0107	0.0751	0.0228	0.0087	0.0196	0.0042	0.0007	0.0036	0.0000	0.0000	0.0005	0.0000	0.0002	0.0036	0.0010	0.0001	0.0000	0.0602	0.0000	0.0265	0.0752	0.0000	0.0000	0.0006	0.0000	0.0000	0.0000	0.0000	0.0926	0.0000	0.0000	0.0010	0.0000	0.1280	
0.0000	0.0003	0.0000	0.0000	0.0000	0.0963	0.0000	0.0086	0.0225	0.0000	0.0099	0.0000	0.0013	0.0000	0.0646	0.0002	0.0000	0.0000	0.0000	0.0000	0.0000	0.0000	0.0092	0.0000	0.0012	0.0000	0.0000	0.0000	0.0000	0.0664	0.0296	0.0000	0.0000	0.0000	0.0000	0.0024	0.0000	0.1222	0.0048	0.0271	0.0000	0.0047	0.0000	0.0000	0.0193	0.0000	0.0000	0.0000	0.0000	0.0000	0.0103	0.0059	0.0000	0.0000	0.0000	0.0000	0.0000	0.0000	0.0000	0.0000	0.0000	0.0000	0.0025	0.0000	0.0878	0.2073	0.0000	0.0000	0.0000	0.1956	
0.0000	0.0000	0.0000	0.0000	0.0258	0.0000	0.0000	0.0000	0.0145	0.0002	0.0000	0.0000	0.0000	0.0000	0.0000	0.0302	0.0005	0.0000	0.0000	0.0000	0.0000	0.0000	0.0485	0.0148	0.0000	0.0000	0.0000	0.0000	0.0000	0.0000	0.0000	0.0000	0.0000	0.0000	0.0000	0.0000	0.0000	0.0000	0.0000	0.0000	0.0000	0.0000	0.2326	0.0009	0.0000	0.0000	0.0000	0.0000	0.0000	0.1187	0.0007	0.0002	0.0000	0.0138	0.0000	0.2823	0.0000	0.0024	0.0028	0.0000	0.0000	0.0000	0.0000	0.2101	0.0000	0.0000	0.0000	0.0000	0.0009	0.0001	
0.0000	0.0274	0.0000	0.0000	0.0000	0.0548	0.0000	0.0580	0.0000	0.0020	0.0000	0.0000	0.1455	0.0000	0.0000	0.0074	0.0229	0.0000	0.1367	0.0000	0.0001	0.0000	0.0000	0.0000	0.0000	0.0000	0.0000	0.0021	0.0000	0.0000	0.0000	0.0000	0.0000	0.0081	0.0000	0.0046	0.0000	0.0003	0.0000	0.0000	0.0250	0.0000	0.0000	0.0081	0.0000	0.0000	0.0000	0.0000	0.0000	0.0112	0.0000	0.2006	0.0078	0.0000	0.0000	0.0349	0.0260	0.0081	0.0000	0.0183	0.0000	0.0000	0.1023	0.0000	0.0000	0.0000	0.0000	0.0000	0.0876	0.0000	
0.0000	0.0000	0.0000	0.0000	0.0000	0.0000	0.0024	0.0014	0.0000	0.0000	0.0000	0.0000	0.0000	0.0000	0.0000	0.0532	0.0000	0.0000	0.0808	0.0000	0.0000	0.0000	0.0000	0.0000	0.6657	0.0001	0.0000	0.0000	0.0188	0.0000	0.0007	0.0000	0.0000	0.0000	0.0000	0.0000	0.0000	0.0000	0.0000	0.0025	0.0000	0.0000	0.0000	0.1454	0.0000	0.0000	0.0000	0.0000	0.0000	0.0000	0.0000	0.0080	0.0066	0.0000	0.0032	0.0000	0.0000	0.0000	0.0000	0.0000	0.0000	0.0000	0.0000	0.0000	0.0109	0.0000	0.0000	0.0000	0.0000	0.0000	
0.0000	0.0000	0.0000	0.0000	0.0000	0.0104	0.0000	0.0000	0.0000	0.0000	0.0000	0.3446	0.0364	0.0000	0.0000	0.0000	0.0000	0.0000	0.0167	0.0000	0.0000	0.0000	0.0000	0.0000	0.0000	0.0000	0.0000	0.0257	0.0000	0.0113	0.0000	0.0000	0.0000	0.2058	0.0000	0.0000	0.0357	0.0121	0.0000	0.0000	0.0000	0.0000	0.0000	0.0052	0.0000	0.0000	0.0000	0.0000	0.0000	0.0000	0.0000	0.0000	0.0000	0.0000	0.0000	0.0000	0.0024	0.0000	0.0000	0.0000	0.0000	0.0000	0.0055	0.0000	0.2410	0.0000	0.0000	0.0000	0.0354	0.0117	
0.0002	0.0038	0.0000	0.0000	0.0000	0.0000	0.0290	0.0000	0.0000	0.0000	0.0000	0.0005	0.0000	0.0000	0.0000	0.0027	0.0000	0.1825	0.0472	0.0001	0.2173	0.0000	0.0000	0.0000	0.1127	0.0000	0.0000	0.0000	0.0022	0.0698	0.0000	0.0372	0.0000	0.0018	0.0000	0.0000	0.0000	0.0000	0.0036	0.0000	0.0191	0.1510	0.0001	0.0241	0.0005	0.0000	0.0032	0.0000	0.0000	0.0043	0.0000	0.0000	0.0000	0.0000	0.0000	0.0000	0.0015	0.0011	0.0000	0.0000	0.0000	0.0000	0.0000	0.0004	0.0011	0.0000	0.0812	0.0000	0.0000	0.0016	
0.0000	0.0000	0.0000	0.0000	0.0000	0.1771	0.0000	0.0115	0.0000	0.0000	0.0000	0.0000	0.0000	0.0000	0.0042	0.0008	0.0000	0.0000	0.0000	0.0000	0.0000	0.0000	0.0136	0.0000	0.0000	0.0000	0.0000	0.0000	0.0001	0.0000	0.0000	0.0000	0.0000	0.0000	0.0000	0.0000	0.0000	0.2436	0.0105	0.0000	0.0000	0.0004	0.0000	0.0000	0.0000	0.0000	0.0000	0.0000	0.0000	0.0000	0.0000	0.0000	0.0000	0.0000	0.0000	0.0000	0.0000	0.0000	0.0000	0.0000	0.0000	0.0000	0.0000	0.0000	0.1383	0.0000	0.0000	0.0000	0.0000	0.3998	
0.0000	0.0000	0.0000	0.0000	0.0000	0.3151	0.0000	0.0000	0.0006	0.0000	0.0046	0.0000	0.0000	0.0000	0.0000	0.0000	0.0000	0.0000	0.0000	0.0000	0.0000	0.0000	0.0206	0.0000	0.0000	0.0000	0.0000	0.0000	0.0000	0.0000	0.0000	0.0000	0.0000	0.0111	0.0000	0.0000	0.0000	0.0053	0.0000	0.0000	0.0000	0.0000	0.0000	0.0000	0.0003	0.0000	0.0000	0.0000	0.0000	0.4690	0.0000	0.0000	0.0000	0.0082	0.0000	0.0894	0.0637	0.0095	0.0000	0.0000	0.0000	0.0000	0.0000	0.0000	0.0000	0.0000	0.0000	0.0000	0.0000	0.0024	
0.0000	0.3766	0.0000	0.0000	0.0000	0.0000	0.0000	0.0000	0.0000	0.0000	0.0001	0.0000	0.0000	0.0000	0.0000	0.0000	0.0000	0.0184	0.0000	0.0000	0.0000	0.0000	0.0000	0.0000	0.0000	0.0000	0.0000	0.0798	0.0000	0.0000	0.0000	0.0000	0.0000	0.0000	0.0000	0.0000	0.0000	0.0000	0.0000	0.0000	0.0000	0.0000	0.0000	0.0000	0.0000	0.0000	0.0000	0.0000	0.0000	0.0006	0.0000	0.0000	0.0000	0.0000	0.0000	0.0000	0.5245	0.0000	0.0000	0.0000	0.0000	0.0000	0.0000	0.0000	0.0000	0.0000	0.0000	0.0000	0.0000	0.0000	
0.0000	0.0209	0.0000	0.0000	0.0000	0.0661	0.0000	0.0010	0.0014	0.0016	0.0000	0.0000	0.1338	0.0000	0.0000	0.0000	0.0000	0.0000	0.1343	0.0000	0.0000	0.0000	0.0000	0.0092	0.0000	0.0000	0.0000	0.0000	0.0000	0.0000	0.0000	0.0000	0.0000	0.0024	0.0000	0.0000	0.0000	0.0000	0.0000	0.0000	0.0357	0.0000	0.1109	0.0000	0.0000	0.0000	0.0000	0.0000	0.0000	0.0000	0.0000	0.0000	0.0000	0.0000	0.0000	0.1333	0.0000	0.0075	0.0000	0.0000	0.0000	0.0000	0.1184	0.1114	0.0000	0.0010	0.0000	0.0000	0.1113	0.0000	
0.0000	0.0000	0.0000	0.0000	0.0000	0.0000	0.0000	0.0000	0.0000	0.0000	0.0000	0.3985	0.0120	0.0000	0.0000	0.0000	0.0000	0.0000	0.0000	0.0000	0.0000	0.0000	0.0000	0.0000	0.0000	0.0000	0.0000	0.0361	0.0000	0.0103	0.0000	0.0000	0.0000	0.2542	0.0000	0.0000	0.0000	0.0000	0.0000	0.0000	0.0000	0.0000	0.0000	0.0000	0.0000	0.0000	0.0000	0.0000	0.0000	0.0000	0.0000	0.0000	0.0000	0.0000	0.0000	0.0076	0.0046	0.0000	0.0000	0.0000	0.0000	0.0003	0.0000	0.0000	0.2227	0.0000	0.0000	0.0000	0.0538	0.0000	
0.0000	0.0000	0.0000	0.0000	0.0475	0.0000	0.0000	0.0000	0.0000	0.0000	0.0074	0.0000	0.0000	0.0052	0.0000	0.0000	0.0000	0.0000	0.0000	0.0000	0.0000	0.0001	0.0000	0.0000	0.0000	0.0000	0.2133	0.0000	0.0000	0.0000	0.0000	0.0000	0.0002	0.0000	0.0000	0.0000	0.0000	0.1084	0.0000	0.0000	0.0000	0.0000	0.0000	0.0000	0.0359	0.0000	0.0000	0.0000	0.0000	0.0477	0.0000	0.0000	0.0000	0.0000	0.0000	0.0000	0.0000	0.0000	0.0000	0.0000	0.4721	0.0000	0.0000	0.0611	0.0000	0.0000	0.0002	0.0009	0.0000	0.0000	
0.0000	0.0165	0.0000	0.0000	0.0000	0.0000	0.0831	0.3529	0.0000	0.0000	0.0000	0.0000	0.0015	0.0000	0.0000	0.0000	0.0000	0.0000	0.0000	0.0000	0.0016	0.0000	0.0000	0.0814	0.0000	0.0000	0.0000	0.0035	0.0000	0.0045	0.0308	0.0000	0.0000	0.0000	0.0091	0.0000	0.0000	0.0000	0.0000	0.0000	0.0005	0.0000	0.0000	0.0000	0.0000	0.0004	0.0000	0.0000	0.0000	0.0000	0.0000	0.0000	0.0000	0.0000	0.0000	0.0000	0.0163	0.0000	0.3123	0.0528	0.0000	0.0187	0.0000	0.0000	0.0000	0.0000	0.0024	0.0000	0.0116	0.0000	
0.0000	0.0000	0.1874	0.0498	0.0033	0.0000	0.0000	0.0000	0.0000	0.0000	0.0000	0.0000	0.0076	0.0000	0.0000	0.0120	0.0339	0.0000	0.0095	0.0619	0.0000	0.0000	0.0000	0.0384	0.0000	0.0000	0.0013	0.0000	0.0000	0.0001	0.0006	0.0000	0.0001	0.0000	0.0030	0.0000	0.0000	0.0478	0.0004	0.0057	0.0000	0.0000	0.0000	0.0013	0.0000	0.0000	0.0021	0.0000	0.0000	0.0000	0.0000	0.0485	0.0000	0.1175	0.0000	0.0000	0.1798	0.0000	0.0000	0.0565	0.0036	0.0645	0.0171	0.0000	0.0000	0.0000	0.0000	0.0000	0.0462	0.0000	
0.0000	0.0258	0.0000	0.0000	0.0000	0.0813	0.0000	0.0000	0.0000	0.0000	0.0000	0.0000	0.2369	0.0000	0.0000	0.0000	0.0000	0.0024	0.2143	0.0000	0.0000	0.0000	0.0000	0.0030	0.0000	0.0000	0.0000	0.0000	0.0000	0.0000	0.0010	0.0000	0.0000	0.0000	0.0000	0.0000	0.0000	0.0001	0.0000	0.0000	0.0520	0.0000	0.0000	0.0000	0.0000	0.0003	0.0000	0.0000	0.0000	0.0000	0.0000	0.0000	0.0000	0.0000	0.0000	0.0364	0.0000	0.0000	0.0000	0.0020	0.0038	0.0001	0.1842	0.0021	0.0000	0.0047	0.0000	0.0001	0.1496	0.0000	

Emissions
0.0000	0.0000	0.0000	0.0000	0.0000	0.0000	0.0000	0.0000	0.0000	0.0000	0.0000	0.0000	0.0000	0.0000	0.0000	0.0000	1.0000	0.0000	0.0000	0.0000	
0.0000	0.0000	0.9877	0.0119	0.0000	0.0000	0.0000	0.0000	0.0000	0.0000	0.0004	0.0000	0.0000	0.0000	0.0000	0.0000	0.0000	0.0000	0.0000	0.0000	
0.0009	0.0003	0.5134	0.0000	0.0763	0.0000	0.3882	0.0000	0.0000	0.0000	0.0000	0.0000	0.0000	0.0000	0.0000	0.0000	0.0000	0.0000	0.0209	0.0000	
0.0000	0.0000	0.0000	0.0000	0.0000	0.0000	0.0000	0.0000	0.0000	0.0000	0.0000	0.0136	0.2891	0.0000	0.0000	0.6973	0.0000	0.0000	0.0000	0.0000	
0.0000	0.0000	0.0000	0.0000	0.0000	0.0000	1.0000	0.0000	0.0000	0.0000	0.0000	0.0000	0.0000	0.0000	0.0000	0.0000	0.0000	0.0000	0.0000	0.0000	
0.0177	0.0000	0.9025	0.0305	0.0000	0.0000	0.0000	0.0000	0.0000	0.0000	0.0117	0.0000	0.0000	0.0000	0.0285	0.0000	0.0000	0.0000	0.0091	0.0000	
0.0000	0.0000	0.0000	0.0000	0.0000	1.0000	0.0000	0.0000	0.0000	0.0000	0.0000	0.0000	0.0000	0.0000	0.0000	0.0000	0.0000	0.0000	0.0000	0.0000	
0.0000	0.0000	0.0000	0.9986	0.0000	0.0000	0.0000	0.0000	0.0000	0.0000	0.0000	0.0000	0.0000	0.0000	0.0000	0.0000	0.0000	0.0000	0.0014	0.0000	
0.0000	0.0000	0.0000	0.0000	0.0000	0.0000	0.0000	0.0000	0.0000	0.0090	0.1675	0.0000	0.0000	0.0000	0.0000	0.0000	0.0000	0.0000	0.0000	0.8235	
0.0000	0.0000	0.0000	0.0000	0.0350	0.0024	0.0000	0.0000	0.0000	0.0000	0.0000	0.0000	0.0000	0.0000	0.9505	0.0001	0.0000	0.0000	0.0000	0.0120	
0.0000	0.0000	0.0000	0.0000	0.0000	0.0000	0.0000	0.0000	0.0000	0.0000	0.0000	0.0000	0.0000	0.9982	0.0000	0.0000	0.0018	0.0000	0.0000	0.0000	
0.0000	0.0007	0.0000	0.0000	0.0000	0.0000	0.0000	0.0000	0.0000	0.0000	0.0000	0.9886	0.0107	0.0000	0.0000	0.0000	0.0000	0.0000	0.0000	0.0000	
0.0000	0.0002	0.0000	0.0000	0.0025	0.9778	0.0000	0.0000	0.0088	0.0000	0.0000	0.0000	0.0000	0.0000	0.0000	0.0000	0.0000	0.0106	0.0000	0.0000	
0.0000	0.0000	0.0000	0.0000	0.0000	0.0000	0.7531	0.0080	0.0001	0.2371	0.0000	0.0000	0.0000	0.0017	0.0000	0.0000	0.0000	0.0000	0.0000	0.0000	
0.0000	0.0000	0.0000	0.0000	0.9999	0.0000	0.0000	0.0000	0.0000	0.0000	0.0000	0.0001	0.0000	0.0000	0.0000	0.0000	0.0000	0.0000	0.0000	0.0000	
0.0000	0.3378	0.0000	0.0000	0.0000	0.4811	0.0000	0.0000	0.0000	0.0008	0.0000	0.1198	0.0000	0.0000	0.0000	0.0604	0.0000	0.0000	0.0000	0.0000	
0.0204	0.0000	0.0000	0.0019	0.0000	0.0000	0.0000	0.0000	0.0356	0.0006	0.0002	0.0000	0.0000	0.9361	0.0000	0.0000	0.0053	0.0000	0.0000	0.0000	
0.0000	0.0000	0.0000	0.0000	0.0000	0.0000	0.0002	0.0000	0.0000	0.9964	0.0004	0.0000	0.0000	0.0000	0.0000	0.0000	0.0000	0.0000	0.0000	0.0031	
0.0000	0.0007	0.0066	0.0000	0.0000	0.0000	0.9926	0.0000	0.0000	0.0000	0.0001	0.0000	0.0000	0.0000	0.0000	0.0000	0.0000	0.0000	0.0000	0.0000	
0.0000	0.0000	0.0000	0.0010	0.0000	0.0000	0.0000	0.0000	0.0016	0.0000	0.0017	0.8463	0.0000	0.0000	0.0000	0.1491	0.0000	0.0002	0.0000	0.0001	
0.0000	0.0000	0.0000	0.0000	0.0000	1.0000	0.0000	0.0000	0.0000	0.0000	0.0000	0.0000	0.0000	0.0000	0.0000	0.0000	0.0000	0.0000	0.0000	0.0000	
0.0000	0.0000	0.0000	0.0003	0.0000	0.0000	0.0000	0.0000	0.3352	0.0000	0.0097	0.0000	0.0000	0.0000	0.0000	0.0000	0.0000	0.0000	0.6548	0.0000	
0.0000	0.0076	0.0000	0.0000	0.8559	0.0000	0.0000	0.0000	0.0000	0.1338	0.0000	0.0000	0.0000	0.0000	0.0000	0.0000	0.0000	0.0000	0.0000	0.0027	
0.0000	0.0000	0.0000	0.0000	0.0000	0.1990	0.0000	0.0000	0.0000	0.0014	0.0000	0.0001	0.0002	0.0000	0.0000	0.4917	0.0006	0.0000	0.0000	0.3070	
0.0000	0.0000	0.0000	0.0000	0.0000	0.0000	0.0000	0.0000	0.0000	0.9602	0.0005	0.0326	0.0015	0.0000	0.0000	0.0014	0.0037	0.0000	0.0000	0.0000	
0.0000	0.0000	0.0000	0.0000	0.0000	0.0008	0.0000	0.0000	0.1178	0.0371	0.0000	0.0354	0.0000	0.0000	0.8089	0.0000	0.0000	0.0000	0.0000	0.0000	
0.0220	0.0133	0.4862	0.0000	0.0000	0.0000	0.0580	0.0000	0.0000	0.0003	0.0000	0.0000	0.0000	0.0000	0.0000	0.0000	0.0000	0.0000	0.4203	0.0000	
0.0000	0.0000	0.0000	0.0000	0.0000	0.0000	0.0000	0.0000	0.0000	0.0242	0.0000	0.0000	0.0000	0.0000	0.9669	0.0000	0.0089	0.0000	0.0000	0.0000	
0.0054	0.0000	0.0005	0.9103	0.0833	0.0000	0.0000	0.0000	0.0000	0.0004	0.0000	0.0000	0.0000	0.0000	0.0000	0.0000	0.0001	0.0000	0.0000	0.0000	
0.0000	0.0000	0.0000	0.0000	0.0000	0.0000	0.0000	0.0000	0.0005	0.0000	0.0000	0.0000	0.0000	0.0000	0.0000	0.0000	0.0000	0.0000	0.0000	0.9995	
0.0000	0.0000	0.0000	0.0025	0.0000	0.0000	0.0000	0.0000	0.0000	0.0000	0.0000	0.0000	0.0000	0.0000	0.0000	0.9975	0.0000	0.0000	0.0000	0.0000	
0.0000	0.0000	0.0000	0.0000	0.0000	0.0000	0.0000	0.0000	0.0000	0.0000	0.0000	0.0000	0.0000	0.7602	0.0000	0.0171	0.0000	0.2227	0.0000	0.0000	
0.0003	0.0000	0.3472	0.0000	0.0000	0.0000	0.0000	0.0002	0.0000	0.0000	0.0000	0.0000	0.0000	0.0000	0.0000	0.0000	0.0000	0.0127	0.6396	0.0000	
0.7039	0.0000	0.0000	0.0000	0.0000	0.1680	0.0000	0.0000	0.0054	0.0000	0.0000	0.0000	0.0000	0.0000	0.0000	0.0000	0.0000	0.1226	0.0000	0.0000	
0.0000	0.0000	0.0000	0.0000	0.0000	0.0000	0.0000	0.0000	0.0001	0.0062	0.0866	0.0000	0.0000	0.0000	0.0000	0.0028	0.0000	0.9043	0.0000	0.0000	
0.0000	0.0093	0.0000	0.0000	0.0000	0.0000	0.0000	0.0000	0.0000	0.0001	0.0000	0.0000	0.0000	0.0000	0.0000	0.0001	0.9905	0.0000	0.0000	0.0000	
0.0000	0.0000	0.0000	0.0000	0.0024	0.0000	0.0000	0.3622	0.0000	0.4264	0.1875	0.0000	0.0000	0.0000	0.0215	0.0000	0.0000	0.0000	0.0000	0.0000	
0.9870	0.0130	0.0000	0.0000	0.0000	0.0000	0.0000	0.0000	0.0000	0.0000	0.0000	0.0000	0.0000	0.0000	0.0000	0.0000	0.0000	0.0000	0.0000	0.0000	
0.0000	0.0000	0.0000	0.2495	0.0213	0.0000	0.0000	0.0000	0.0000	0.0000	0.0000	0.0000	0.0000	0.0000	0.0904	0.0000	0.0000	0.0433	0.0000	0.5954	
0.0000	0.0000	0.0000	0.0000	0.0000	0.0000	0.0000	0.0000	0.0000	0.0000	0.0000	0.0000	0.0000	0.0000	0.0000	0.0000	0.0000	0.0000	1.0000	0.0000	
0.0000	0.0000	0.9980	0.0000	0.0000	0.0000	0.0000	0.0000	0.0016	0.0000	0.0004	0.0000	0.0000	0.0000	0.0000	0.0000	0.0000	0.0000	0.0000	0.0000	
0.0035	0.0109	0.0000	0.9213	0.0000	0.0000	0.0592	0.0000	0.0000	0.0000	0.0000	0.0051	0.0000	0.0000	0.0000	0.0000	0.0000	0.0000	0.0000	0.0000	
0.0000	0.0000	0.0000	0.0005	0.0042	0.9674	0.0000	0.0000	0.0000	0.0000	0.0000	0.0279	0.0000	0.0000	0.0000	0.0000	0.0000	0.0000	0.0000	0.0000	
0.0000	0.0000	0.0000	0.0000	0.0000	0.0000	0.0000	0.0000	0.0000	0.0000	0.0820	0.9180	0.0000	0.0000	0.0000	0.0000	0.0000	0.0000	0.0000	0.0000	
0.0000	0.9646	0.0000	0.0000	0.0000	0.0000	0.0000	0.0000	0.0000	0.0000	0.0000	0.0018	0.0059	0.0000	0.0000	0.0008	0.0000	0.0000	0.0000	0.0270	
0.0000	0.1227	0.0000	0.0000	0.1855	0.0000	0.0000	0.0000	0.0000	0.0000	0.0000	0.0000	0.0000	0.0000	0.0000	0.6918	0.0000	0.0000	0.0000	0.0000	
0.0000	0.2952	0.0000	0.0000	0.0007	0.0000	0.0000	0.0000	0.0000	0.0000	0.4870	0.0000	0.0000	0.0000	0.2032	0.0000	0.0004	0.0000	0.0134	0.0000	
0.0000	0.0000	0.0000	0.0000	0.0000	0.0000	0.0007	0.0000	0.0000	0.0000	0.0120	0.0000	0.5413	0.0000	0.0000	0.3189	0.0000	0.1270	0.0000	0.0000	
0.0000	0.3252	0.1596	0.0000	0.0000	0.5135	0.0000	0.0000	0.0000	0.0000	0.0017	0.0000	0.0000	0.0000	0.0000	0.0000	0.0000	0.0000	0.0000	0.0000	
0.0001	0.7757	0.0000	0.0000	0.0000	0.0000	0.0000	0.0000	0.0000	0.1487	0.0000	0.0000	0.0000	0.0756	0.0000	0.0000	0.0000	0.0000	0.0000	0.0000	
0.0000	0.0000	0.0000	0.0000	1.0000	0.0000	0.0000	0.0000	0.0000	0.0000	0.0000	0.0000	0.0000	0.0000	0.0000	0.0000	0.0000	0.0000	0.0000	0.0000	
0.0000	0.0000	0.0000	0.3893	0.0000	0.0000	0.0002	0.0045	0.0000	0.0000	0.5985	0.0000	0.0000	0.0000	0.0000	0.0000	0.0000	0.0000	0.0075	0.0000	
0.0020	0.2102	0.0000	0.0000	0.0000	0.0000	0.0000	0.0000	0.0000	0.0000	0.0000	0.7868	0.0009	0.0000	0.0000	0.0000	0.0000	0.0000	0.0000	0.0000	
0.0014	0.0007	0.0003	0.0000	0.0098	0.0000	0.0000	0.0000	0.0000	0.0000	0.0000	0.0030	0.0000	0.0000	0.0000	0.0000	0.0000	0.9848	0.0000	0.0000	
0.0000	0.0000	0.0000	0.0000	0.0000	0.0000	0.0000	0.0000	0.0006	0.0000	0.9987	0.0000	0.0000	0.0000	0.0000	0.0000	0.0007	0.0000	0.0000	0.0000	
0.0000	0.0000	0.0000	0.0000	0.0000	0.0000	0.0000	0.0204	0.9441	0.0000	0.0000	0.0355	0.0000	0.0000	0.0000	0.0000	0.0000	0.0000	0.0000	0.0000	
0.0000	0.0522	0.0000	0.0000	0.0000	0.0000	0.0000	0.0000	0.9037	0.0000	0.0000	0.0000	0.0000	0.0000	0.0000	0.0002	0.0000	0.0000	0.0000	0.0440	
0.0000	0.0000	0.0000	0.0000	0.0000	0.0000	0.0000	0.9330	0.0000	0.0000	0.0669	0.0000	0.0001	0.0000	0.0000	0.0000	0.0000	0.0000	0.0000	0.0000	
0.0000	0.0000	0.0000	0.0000	0.0000	0.0000	0.0000	0.0000	0.0000	0.0000	0.0000	0.2485	0.0000	0.0000	0.7515	0.0000	0.0000	0.0000	0.0000	0.0000	
0.0000	0.0000	0.0000	0.0000	0.0000	0.0000	0.0000	0.2202	0.0001	0.0000	0.0000	0.0000	0.2278	0.5519	0.0000	0.0000	0.0000	0.0000	0.0000	0.0000	
0.0000	0.0000	0.0000	0.0000	0.9908	0.0000	0.0000	0.0000	0.0000	0.0000	0.0000	0.0001	0.0000	0.0044	0.0000	0.0042	0.0005	0.0000	0.0000	0.0000	
0.0000	0.0000	0.2122	0.0000	0.0000	0.0000	0.0000	0.0000	0.0323	0.0014	0.0000	0.0000	0.0000	0.0000	0.6644	0.0000	0.0000	0.0478	0.0000	0.0420	
0.0016	0.0000	0.0016	0.0025	0.0000	0.0000	0.0000	0.0003	0.0069	0.0000	0.0000	0.0000	0.0000	0.0000	0.0000	0.0006	0.0000	0.9864	0.0000	0.0000	
0.0000	0.0000	0.0000	0.0010	0.0000	0.0000	0.9911	0.0072	0.0000	0.0000	0.0000	0.0000	0.0000	0.0000	0.0006	0.0000	0.0000	0.0000	0.0000	0.0000	
0.0000	0.0000	0.0000	0.0000	0.0000	0.0033	0.0000	0.0000	0.0024	0.0000	0.9942	0.0000	0.0000	0.0000	0.0000	0.0000	0.0000	0.0000	0.0000	0.0000	
0.0000	0.0000	0.0000	0.0000	0.0000	0.0000	0.0000	0.0000	0.0000	0.0000	0.0000	0.0000	0.0000	0.0000	1.0000	0.0000	0.0000	0.0000	0.0000	0.0000	
0.0000	0.0000	0.0000	0.0000	0.0000	0.0001	0.0665	0.0000	0.0017	0.0187	0.0000	0.0000	0.0000	0.0968	0.0000	0.0000	0.0000	0.0000	0.8153	0.0009	
0.0000	0.0000	0.0377	0.0000	0.8499	0.0000	0.0000	0.0000	0.0000	0.0000	0.0000	0.0000	0.0000	0.0000	0.0000	0.1123	0.0000	0.0000	0.0000	0.0000	
0.0000	0.0000	0.0000	0.0000	0.0000	0.0000	0.0000	0.0000	0.0038	0.0000	0.0000	0.0000	0.9960	0.0000	0.0000	0.0002	0.0000	0.0000	0.0000	0.0000	
0.0000	0.0000	0.0000	0.0000	0.0015	0.0226	0.0000	0.0000	0.0053	0.0000	0.0000	0.0000	0.0000	0.9704	0.0000	0.0000	0.0001	0.0000	0.0000	0.0000	
