DataSet 35
Learner: Baum Welch Learner
Log Likelihood: 273277.8093563850

Number of States: 40
Number of Symbols: 20
Threshold: 0.01

Initial Distribution:
0.0000	0.0000	0.1848	0.0000	0.0000	0.0000	0.0000	0.0000	0.0000	0.0003	0.0000	0.0000	0.0000	0.0000	0.0000	0.0000	0.0000	0.0000	0.0020	0.0304	0.0189	0.0000	0.0000	0.0055	0.0000	0.6379	0.0000	0.0000	0.1202	0.0000	0.0000	0.0000	0.0001	0.0000	0.0000	0.0000	0.0000	0.0000	0.0000	0.0000	

Transitions:
0.0000	0.2361	0.0000	0.0000	0.0000	0.0000	0.0000	0.0000	0.0000	0.0000	0.0000	0.0000	0.0000	0.0004	0.0000	0.0005	0.0179	0.0000	0.0177	0.0000	0.1812	0.0000	0.0000	0.0000	0.0000	0.0000	0.0000	0.0000	0.0872	0.0011	0.0180	0.0000	0.0505	0.0000	0.0000	0.0540	0.0376	0.0000	0.2978	0.0000	
0.0000	0.0170	0.0289	0.0000	0.0001	0.0399	0.0136	0.0001	0.1232	0.0000	0.0488	0.0000	0.0000	0.2326	0.0307	0.0053	0.0130	0.0236	0.0019	0.0942	0.0093	0.0016	0.0066	0.0000	0.0000	0.0541	0.0000	0.1294	0.0177	0.0000	0.0042	0.0653	0.0000	0.0000	0.0000	0.0000	0.0000	0.0299	0.0090	0.0000	
0.0000	0.2133	0.0002	0.0000	0.0000	0.0018	0.0000	0.0000	0.0434	0.0002	0.0000	0.1498	0.0000	0.1222	0.0001	0.0035	0.1939	0.0102	0.0000	0.0000	0.0120	0.0000	0.0059	0.0000	0.0000	0.0000	0.0000	0.0000	0.0000	0.0022	0.0120	0.0000	0.0039	0.0000	0.0009	0.1079	0.0031	0.1108	0.0029	0.0000	
0.0000	0.0000	0.0000	0.0000	0.0000	0.0000	0.0000	0.0000	0.0049	0.8111	0.0000	0.0000	0.0000	0.1721	0.0000	0.0000	0.0000	0.0000	0.0000	0.0000	0.0000	0.0000	0.0046	0.0000	0.0000	0.0000	0.0000	0.0000	0.0000	0.0000	0.0033	0.0001	0.0040	0.0000	0.0000	0.0000	0.0000	0.0000	0.0000	0.0000	
0.0000	0.0016	0.0011	0.1229	0.0000	0.0040	0.0002	0.0000	0.0016	0.0000	0.0000	0.0000	0.0458	0.1264	0.1964	0.0170	0.0043	0.0000	0.0017	0.0001	0.0329	0.0070	0.1795	0.0000	0.0015	0.0018	0.0000	0.0047	0.0000	0.0001	0.0003	0.0000	0.0000	0.1710	0.0000	0.0000	0.0000	0.0000	0.0000	0.0780	
0.0000	0.0000	0.0000	0.0000	0.0000	0.2214	0.0135	0.0280	0.0000	0.0000	0.0084	0.0049	0.1779	0.0065	0.0000	0.0029	0.0056	0.0000	0.0435	0.0018	0.0000	0.0000	0.0000	0.0000	0.0097	0.0880	0.0010	0.0002	0.0000	0.0000	0.0000	0.0400	0.0000	0.1139	0.0000	0.0000	0.0111	0.0000	0.0000	0.2215	
0.0018	0.0004	0.0000	0.0003	0.0000	0.0000	0.0000	0.0000	0.0000	0.0000	0.4421	0.0678	0.0036	0.0397	0.0166	0.0000	0.0000	0.2342	0.0000	0.0000	0.0000	0.0000	0.0000	0.0011	0.0014	0.0016	0.0000	0.0000	0.0000	0.0091	0.0000	0.0000	0.1234	0.0000	0.0244	0.0308	0.0000	0.0018	0.0000	0.0000	
0.0000	0.0000	0.0000	0.0000	0.0311	0.0293	0.0022	0.0118	0.0000	0.0000	0.0129	0.0000	0.0000	0.0000	0.0001	0.0007	0.0000	0.0000	0.0000	0.0086	0.0000	0.0982	0.0899	0.0000	0.1867	0.0014	0.0978	0.0000	0.0000	0.0045	0.0000	0.0000	0.1030	0.0031	0.0000	0.0000	0.0481	0.2696	0.0000	0.0012	
0.0779	0.0000	0.0000	0.0000	0.1606	0.0000	0.0000	0.0540	0.0043	0.0000	0.0966	0.0003	0.0000	0.0357	0.0000	0.0155	0.0027	0.0738	0.0000	0.0083	0.0000	0.0000	0.0443	0.0000	0.0490	0.0000	0.0319	0.0861	0.0000	0.0000	0.1419	0.0000	0.0585	0.0016	0.0000	0.0000	0.0000	0.0567	0.0000	0.0000	
0.0000	0.0000	0.0000	0.0000	0.0000	0.0000	0.0050	0.0000	0.0000	0.0000	0.0000	0.0000	0.4055	0.0095	0.0000	0.0000	0.0000	0.0000	0.0356	0.0000	0.0000	0.0000	0.0008	0.0000	0.0347	0.0000	0.0045	0.0397	0.0000	0.0000	0.0000	0.0000	0.0000	0.2119	0.0000	0.0000	0.0068	0.0000	0.0000	0.2460	
0.0000	0.0178	0.0000	0.0000	0.0000	0.0000	0.0000	0.0000	0.0000	0.0000	0.0000	0.0000	0.0001	0.1461	0.2100	0.1903	0.0180	0.0000	0.0000	0.0000	0.0000	0.0022	0.1276	0.0000	0.0085	0.0000	0.0000	0.1745	0.0012	0.0000	0.0000	0.0046	0.0000	0.0000	0.0000	0.0000	0.0000	0.0073	0.0000	0.0918	
0.0755	0.0000	0.0504	0.0075	0.5978	0.0000	0.0000	0.0000	0.0000	0.0000	0.0000	0.0000	0.0000	0.0378	0.0023	0.0000	0.0000	0.0000	0.0000	0.0360	0.0086	0.0000	0.0119	0.0000	0.0000	0.0000	0.0867	0.0000	0.0026	0.0000	0.0000	0.0018	0.0758	0.0051	0.0000	0.0000	0.0000	0.0000	0.0002	0.0000	
0.0000	0.0000	0.0000	0.0000	0.0000	0.0000	0.0000	0.0000	0.0000	0.8879	0.0000	0.0000	0.0000	0.1121	0.0000	0.0000	0.0000	0.0000	0.0000	0.0000	0.0000	0.0000	0.0000	0.0000	0.0000	0.0000	0.0000	0.0000	0.0000	0.0000	0.0000	0.0000	0.0000	0.0000	0.0000	0.0000	0.0000	0.0000	0.0000	0.0000	
0.0000	0.0747	0.0000	0.0713	0.0000	0.0000	0.0000	0.0000	0.0017	0.0013	0.0000	0.0000	0.0000	0.1003	0.0643	0.0000	0.0095	0.0038	0.0214	0.0000	0.0470	0.0000	0.1086	0.0000	0.0000	0.0058	0.0000	0.0673	0.0165	0.0000	0.0556	0.0712	0.0491	0.0496	0.0000	0.0169	0.0000	0.0000	0.1624	0.0016	
0.0087	0.0000	0.0000	0.0006	0.0486	0.0281	0.0000	0.0000	0.0306	0.0000	0.0178	0.0000	0.0000	0.0003	0.0042	0.0000	0.0308	0.0000	0.0000	0.0009	0.0000	0.1654	0.0841	0.0000	0.1928	0.0084	0.0990	0.0122	0.0000	0.0000	0.0135	0.0000	0.0823	0.0000	0.0000	0.0000	0.0076	0.1641	0.0000	0.0000	
0.0332	0.2824	0.0113	0.0178	0.0000	0.0000	0.0992	0.0157	0.0000	0.0000	0.0000	0.0084	0.0000	0.0000	0.0088	0.0280	0.0173	0.0000	0.0001	0.0109	0.0273	0.0000	0.0000	0.0017	0.0000	0.0000	0.0000	0.0000	0.0052	0.0000	0.1406	0.0944	0.0490	0.0030	0.0002	0.0918	0.0049	0.0047	0.0443	0.0000	
0.0000	0.0579	0.0000	0.0080	0.0000	0.0000	0.0292	0.0000	0.0000	0.0000	0.0000	0.0001	0.0000	0.0000	0.3600	0.1747	0.0000	0.0040	0.0040	0.0000	0.0047	0.0005	0.1734	0.0000	0.0000	0.0000	0.0000	0.0000	0.0000	0.0269	0.0000	0.0000	0.0000	0.0170	0.0000	0.0000	0.0000	0.0000	0.0000	0.1396	
0.0000	0.0047	0.0000	0.0000	0.0000	0.0000	0.1697	0.0000	0.0000	0.0015	0.0000	0.0000	0.0000	0.0000	0.0000	0.0000	0.0000	0.0000	0.1057	0.0000	0.0083	0.0000	0.1465	0.0000	0.0000	0.0044	0.0000	0.0000	0.0000	0.0000	0.0000	0.1377	0.0764	0.0000	0.0000	0.0000	0.0000	0.0000	0.3449	0.0000	
0.0000	0.0709	0.0053	0.0000	0.0000	0.0064	0.0000	0.0000	0.0687	0.3082	0.0000	0.0000	0.0000	0.3514	0.0000	0.0000	0.1266	0.0000	0.0000	0.0000	0.0346	0.0271	0.0000	0.0000	0.0007	0.0000	0.0000	0.0000	0.0000	0.0000	0.0000	0.0000	0.0000	0.0000	0.0000	0.0000	0.0000	0.0000	0.0000	0.0000	
0.0000	0.0710	0.0747	0.0000	0.0509	0.0217	0.0000	0.0000	0.0004	0.0000	0.0000	0.0000	0.0000	0.0020	0.0000	0.0071	0.0021	0.0000	0.0000	0.0000	0.0056	0.2548	0.0003	0.2762	0.0000	0.0000	0.0199	0.0000	0.0309	0.0000	0.0043	0.0001	0.0956	0.0000	0.0000	0.0303	0.0039	0.0000	0.0051	0.0430	
0.0000	0.0172	0.0160	0.0000	0.0000	0.0011	0.0000	0.0000	0.0056	0.0052	0.0000	0.0048	0.0000	0.0000	0.0003	0.0000	0.0900	0.0000	0.0000	0.0389	0.0260	0.4902	0.0170	0.2661	0.0000	0.0002	0.0053	0.0000	0.0000	0.0000	0.0000	0.0035	0.0000	0.0000	0.0000	0.0000	0.0000	0.0126	0.0000	0.0000	
0.0600	0.0047	0.0000	0.0000	0.0064	0.0228	0.0000	0.0003	0.1839	0.0000	0.0000	0.0538	0.0000	0.0243	0.0000	0.0002	0.2755	0.0000	0.0000	0.0024	0.0000	0.2454	0.0042	0.0023	0.0000	0.0000	0.0000	0.0000	0.0000	0.0000	0.0216	0.0006	0.0000	0.0024	0.0000	0.0013	0.0093	0.0786	0.0000	0.0000	
0.2665	0.0000	0.0046	0.0001	0.0000	0.0000	0.0000	0.3170	0.0000	0.0000	0.0112	0.0000	0.0000	0.0026	0.0031	0.1189	0.0000	0.1142	0.0135	0.0017	0.0000	0.0053	0.0123	0.0000	0.0000	0.0000	0.0000	0.0000	0.0000	0.0763	0.0012	0.0347	0.0000	0.0002	0.0000	0.0018	0.0018	0.0000	0.0102	0.0026	
0.0000	0.0000	0.0000	0.0000	0.0000	0.0474	0.0000	0.0000	0.0000	0.0000	0.0073	0.0232	0.0000	0.0000	0.0000	0.0000	0.0000	0.0567	0.0000	0.0056	0.0000	0.0099	0.0587	0.0050	0.1202	0.3511	0.0589	0.0000	0.0000	0.0264	0.0220	0.0000	0.0506	0.0000	0.0123	0.0000	0.0000	0.1446	0.0000	0.0000	
0.0000	0.0000	0.0027	0.0000	0.0000	0.0000	0.4993	0.0122	0.0000	0.0000	0.0000	0.0000	0.0193	0.0000	0.0000	0.0000	0.0000	0.0000	0.0836	0.0000	0.0000	0.0000	0.3423	0.0000	0.0000	0.0000	0.0000	0.0010	0.0211	0.0000	0.0000	0.0114	0.0000	0.0070	0.0000	0.0000	0.0000	0.0000	0.0000	0.0000	
0.2536	0.0000	0.0001	0.0000	0.0000	0.0000	0.0000	0.0000	0.0000	0.0000	0.0158	0.0000	0.0000	0.0000	0.0000	0.0000	0.0000	0.1752	0.0000	0.0000	0.0000	0.0000	0.0000	0.1270	0.0021	0.0000	0.0000	0.0000	0.0000	0.0000	0.0000	0.0000	0.0014	0.0000	0.4177	0.0000	0.0040	0.0000	0.0000	0.0030	
0.0006	0.3649	0.0032	0.0000	0.0413	0.0026	0.0000	0.0000	0.0000	0.0000	0.0000	0.0000	0.0000	0.0000	0.0000	0.0041	0.0000	0.0000	0.0000	0.0000	0.0002	0.0006	0.0000	0.0013	0.0033	0.0000	0.0020	0.0000	0.0000	0.0000	0.0213	0.0000	0.1455	0.0302	0.0000	0.1334	0.1377	0.0185	0.0665	0.0227	
0.3350	0.0954	0.0225	0.0029	0.0000	0.0000	0.0000	0.1401	0.0000	0.0000	0.0000	0.0000	0.0000	0.0000	0.0000	0.0000	0.0008	0.0000	0.0419	0.0841	0.0191	0.0194	0.0002	0.0000	0.0000	0.0000	0.0001	0.0133	0.0019	0.0000	0.0000	0.1811	0.0000	0.0000	0.0000	0.0403	0.0000	0.0000	0.0018	0.0000	
0.0000	0.0006	0.0919	0.0000	0.0001	0.0857	0.0084	0.4928	0.0498	0.0000	0.0290	0.0000	0.0000	0.0176	0.0000	0.1417	0.0000	0.0209	0.0086	0.0000	0.0000	0.0001	0.0019	0.0000	0.0145	0.0002	0.0040	0.0000	0.0005	0.0000	0.0000	0.0296	0.0000	0.0001	0.0000	0.0000	0.0000	0.0021	0.0000	0.0000	
0.0467	0.0000	0.0210	0.0000	0.1159	0.0232	0.0000	0.0000	0.0294	0.0625	0.0001	0.0000	0.0000	0.0343	0.0079	0.0003	0.0000	0.3388	0.0000	0.0279	0.0001	0.0479	0.0021	0.0415	0.0000	0.0000	0.0005	0.0000	0.0008	0.1521	0.0292	0.0000	0.0000	0.0118	0.0000	0.0000	0.0000	0.0000	0.0000	0.0060	
0.0026	0.2550	0.0154	0.0000	0.0492	0.0004	0.2222	0.0000	0.0000	0.0000	0.0000	0.0000	0.0000	0.0000	0.0000	0.0022	0.0003	0.0000	0.0403	0.0142	0.0027	0.0000	0.1521	0.0000	0.0134	0.0000	0.0030	0.0048	0.0000	0.0000	0.0043	0.0019	0.0072	0.0000	0.0000	0.1430	0.0024	0.0571	0.0060	0.0002	
0.0197	0.1114	0.0091	0.0264	0.0000	0.0000	0.1009	0.0005	0.0000	0.0000	0.0000	0.0136	0.0000	0.0001	0.0048	0.0003	0.0156	0.0148	0.0315	0.0000	0.0918	0.0008	0.0048	0.0000	0.0000	0.0000	0.0003	0.0000	0.0106	0.0004	0.0000	0.1569	0.0785	0.0220	0.0000	0.0000	0.0151	0.0000	0.2692	0.0009	
0.0000	0.0820	0.0000	0.0000	0.0146	0.0000	0.0000	0.0000	0.0017	0.0000	0.0000	0.0426	0.0000	0.0000	0.0228	0.0375	0.0000	0.0205	0.0492	0.0093	0.0074	0.0000	0.1050	0.0000	0.0000	0.0000	0.0000	0.0010	0.0034	0.2004	0.0550	0.0253	0.0786	0.0158	0.0000	0.0000	0.1099	0.0000	0.1179	0.0000	
0.1783	0.0554	0.0309	0.0000	0.1767	0.0000	0.0000	0.0882	0.0000	0.0000	0.0000	0.0000	0.0000	0.0000	0.0002	0.1042	0.0000	0.0000	0.0000	0.0076	0.0000	0.0050	0.0914	0.0144	0.0000	0.0047	0.0000	0.0000	0.0000	0.0000	0.0535	0.1771	0.0000	0.0001	0.0000	0.0106	0.0000	0.0001	0.0006	0.0010	
0.1387	0.0094	0.0000	0.0000	0.0064	0.0000	0.0001	0.1179	0.0000	0.0619	0.0000	0.0107	0.2202	0.0147	0.0007	0.0562	0.0000	0.0000	0.0291	0.0250	0.0000	0.0298	0.0011	0.0000	0.0204	0.0000	0.0000	0.0147	0.0000	0.0000	0.0000	0.0228	0.0000	0.0985	0.0000	0.0000	0.0000	0.0000	0.0000	0.1217	
0.1385	0.0977	0.0050	0.0000	0.1832	0.0000	0.0000	0.0000	0.0251	0.0000	0.0028	0.0406	0.0000	0.1380	0.0000	0.0054	0.2528	0.0000	0.0000	0.0006	0.0080	0.0166	0.0015	0.0080	0.0056	0.0000	0.0002	0.0000	0.0000	0.0000	0.0002	0.0000	0.0000	0.0044	0.0000	0.0000	0.0607	0.0000	0.0024	0.0028	
0.0000	0.1257	0.0000	0.0000	0.0091	0.0000	0.0000	0.0000	0.0000	0.3265	0.0000	0.0062	0.0000	0.0680	0.0008	0.0000	0.0183	0.0000	0.0000	0.0000	0.0354	0.0307	0.0000	0.0032	0.0000	0.0000	0.0000	0.0000	0.0000	0.2475	0.0000	0.0000	0.0000	0.0000	0.0161	0.0000	0.1125	0.0000	0.0000	0.0000	
0.0128	0.0000	0.0502	0.0000	0.0038	0.0101	0.0000	0.0000	0.0821	0.0000	0.0225	0.0512	0.0000	0.0000	0.0000	0.0000	0.0001	0.0115	0.0000	0.3859	0.0000	0.0490	0.0079	0.0112	0.0000	0.1733	0.0000	0.0000	0.0340	0.0069	0.0077	0.0000	0.0000	0.0000	0.0000	0.0000	0.0009	0.0788	0.0000	0.0000	
0.1580	0.0000	0.0001	0.0000	0.0000	0.0000	0.0000	0.0000	0.0000	0.0000	0.0096	0.4631	0.0000	0.0000	0.0000	0.0000	0.0000	0.0000	0.0000	0.0000	0.0000	0.1976	0.0000	0.0978	0.0035	0.0000	0.0000	0.0000	0.0000	0.0101	0.0000	0.0000	0.0000	0.0000	0.0108	0.0000	0.0059	0.0057	0.0000	0.0378	
0.0000	0.0000	0.0000	0.0000	0.0000	0.0000	0.0000	0.0003	0.0000	0.0000	0.1879	0.0000	0.0037	0.0000	0.0033	0.0000	0.0000	0.1047	0.0129	0.0000	0.0000	0.0000	0.0931	0.0005	0.1370	0.0000	0.1269	0.0000	0.0000	0.0026	0.0000	0.0000	0.1217	0.0000	0.0325	0.0046	0.0096	0.1332	0.0256	0.0000	

Emissions
0.0000	0.0000	0.0000	0.0000	0.0000	0.0002	0.0002	0.0000	0.0000	0.0000	0.0045	0.0096	0.0000	0.0000	0.0000	0.0006	0.9849	0.0000	0.0000	0.0000	
0.0093	0.1174	0.0644	0.0000	0.5021	0.0000	0.1002	0.0000	0.0000	0.0071	0.1399	0.0000	0.0000	0.0000	0.0000	0.0000	0.0006	0.0000	0.0243	0.0347	
0.0000	0.0622	0.0000	0.0006	0.0056	0.0000	0.0000	0.0000	0.0000	0.0000	0.4193	0.0000	0.0000	0.0000	0.0004	0.4798	0.0000	0.0320	0.0000	0.0000	
0.0000	0.0000	0.0000	0.0000	0.0004	0.0000	0.0000	0.0000	0.0000	0.0000	0.0000	0.0000	0.0000	0.0000	0.0458	0.0000	0.9507	0.0031	0.0000	0.0000	
0.0000	0.0000	0.0480	0.0000	0.0000	0.0000	0.0000	0.0258	0.0000	0.0000	0.0000	0.0000	0.0000	0.7941	0.1104	0.0001	0.0093	0.0018	0.0000	0.0105	
0.0000	0.0000	0.0000	0.0000	0.0000	0.0286	0.0101	0.0344	0.0000	0.0000	0.3978	0.4354	0.0938	0.0000	0.0000	0.0000	0.0000	0.0000	0.0000	0.0000	
0.0001	0.0000	0.0000	0.0000	0.0000	0.0000	0.0053	0.0001	0.9500	0.0084	0.0000	0.0000	0.0000	0.0000	0.0000	0.0000	0.0019	0.0341	0.0000	0.0000	
0.0000	0.0000	0.0000	0.0001	0.0000	0.0000	0.0000	0.5845	0.0278	0.0199	0.1732	0.0000	0.0022	0.0005	0.1917	0.0000	0.0000	0.0000	0.0000	0.0000	
0.0001	0.0000	0.0785	0.0000	0.0000	0.8289	0.0001	0.0000	0.0000	0.0000	0.0000	0.0079	0.0000	0.0135	0.0000	0.0002	0.0000	0.0000	0.0706	0.0002	
0.0000	0.0000	0.0000	0.0000	0.0000	0.0000	0.0000	0.0020	0.0000	0.0000	0.0000	0.0000	0.0000	0.0002	0.9979	0.0000	0.0000	0.0000	0.0000	0.0000	
0.0000	0.0214	0.0000	0.0000	0.0000	0.4308	0.0000	0.0119	0.5280	0.0000	0.0000	0.0018	0.0000	0.0000	0.0000	0.0015	0.0045	0.0000	0.0000	0.0000	
0.0000	0.0000	0.0752	0.0000	0.4736	0.4468	0.0001	0.0000	0.0002	0.0000	0.0000	0.0000	0.0000	0.0000	0.0000	0.0000	0.0041	0.0000	0.0000	0.0000	
0.0000	0.0000	0.0000	0.0000	0.0000	0.0000	0.0000	0.0000	0.0000	0.0000	0.0000	0.9687	0.0303	0.0000	0.0000	0.0000	0.0000	0.0000	0.0000	0.0009	
0.0000	0.0000	0.0002	0.0000	0.0000	0.0000	0.0000	0.0000	0.0000	0.0962	0.0000	0.0000	0.0000	0.0000	0.0000	0.0005	0.0000	0.0000	0.0000	0.9030	
0.0003	0.0000	0.0000	0.0000	0.0000	0.0000	0.0000	0.0000	0.0004	0.0082	0.0000	0.0000	0.0000	0.9384	0.0000	0.0074	0.0000	0.0449	0.0000	0.0003	
0.6711	0.0000	0.0000	0.0000	0.1241	0.0000	0.0000	0.0000	0.0000	0.0000	0.0356	0.0008	0.0000	0.0000	0.0000	0.0000	0.0000	0.0000	0.1684	0.0000	
0.0079	0.2995	0.0163	0.0032	0.0000	0.0000	0.0063	0.0000	0.0059	0.0000	0.1787	0.0000	0.0000	0.0951	0.0000	0.2918	0.0000	0.0006	0.0071	0.0876	
0.0000	0.0006	0.0000	0.0000	0.0000	0.0000	0.9994	0.0000	0.0000	0.0000	0.0000	0.0000	0.0000	0.0000	0.0000	0.0000	0.0000	0.0000	0.0000	0.0000	
0.0000	0.0000	0.0000	0.0000	0.0000	0.0000	0.0000	0.0000	0.0000	0.1551	0.0000	0.0000	0.0000	0.0000	0.8432	0.0000	0.0017	0.0000	0.0000	0.0000	
0.0000	0.0000	0.0278	0.6754	0.0006	0.0000	0.0000	0.0000	0.0003	0.2761	0.0108	0.0012	0.0000	0.0001	0.0000	0.0001	0.0025	0.0051	0.0000	0.0000	
0.0000	0.0000	0.0279	0.0000	0.7097	0.0000	0.0000	0.0000	0.0000	0.0000	0.0044	0.0000	0.0000	0.0000	0.0000	0.1662	0.0000	0.0918	0.0000	0.0000	
0.0000	0.0053	0.0000	0.7602	0.0795	0.0000	0.0000	0.0000	0.0000	0.0053	0.0000	0.0000	0.0000	0.0000	0.0000	0.0007	0.0000	0.0000	0.1489	0.0001	
0.0000	0.0000	0.9564	0.0170	0.0000	0.0000	0.0000	0.0000	0.0000	0.0000	0.0014	0.0000	0.0000	0.0000	0.0116	0.0003	0.0000	0.0105	0.0029	0.0000	
0.0000	0.0000	0.0000	0.0000	0.0000	0.0000	0.0015	0.0000	0.0046	0.0776	0.0000	0.1848	0.0006	0.0000	0.7308	0.0000	0.0000	0.0000	0.0000	0.0000	
0.0000	0.0160	0.0000	0.0000	0.0000	0.8076	0.0048	0.0000	0.0000	0.0000	0.0000	0.0001	0.0000	0.0000	0.0000	0.0057	0.0000	0.1657	0.0000	0.0000	
0.0000	0.0000	0.0000	0.0000	0.0050	0.0000	0.0000	0.3396	0.0000	0.5847	0.0706	0.0000	0.0000	0.0000	0.0000	0.0000	0.0000	0.0000	0.0000	0.0000	
0.0000	0.0000	0.0105	0.0000	0.0000	0.0000	0.0004	0.0000	0.0488	0.0000	0.0000	0.0000	0.7963	0.0041	0.0000	0.1245	0.0000	0.0012	0.0000	0.0142	
0.0000	0.0000	0.0149	0.0390	0.0075	0.8963	0.0000	0.0000	0.0000	0.0164	0.0118	0.0000	0.0000	0.0000	0.0014	0.0007	0.0000	0.0119	0.0001	0.0000	
0.0000	0.0028	0.0000	0.0057	0.0716	0.0000	0.0000	0.0000	0.0000	0.4729	0.0000	0.0000	0.0000	0.0009	0.1610	0.0014	0.0000	0.0000	0.0000	0.2836	
0.0000	0.9699	0.0000	0.0000	0.0000	0.0000	0.0000	0.0000	0.0000	0.0000	0.0052	0.0040	0.0178	0.0000	0.0000	0.0031	0.0000	0.0000	0.0000	0.0001	
0.0143	0.0711	0.0000	0.0006	0.0000	0.0141	0.0000	0.0186	0.0000	0.0000	0.0000	0.8720	0.0000	0.0005	0.0000	0.0071	0.0000	0.0015	0.0000	0.0000	
0.0004	0.0000	0.1583	0.0000	0.0000	0.0000	0.0000	0.0128	0.0000	0.0817	0.0259	0.0002	0.0000	0.0000	0.0000	0.0000	0.0006	0.0017	0.7182	0.0000	
0.0490	0.0000	0.0000	0.0000	0.0000	0.0000	0.0006	0.0060	0.0064	0.0000	0.0000	0.0000	0.0157	0.0132	0.0000	0.0000	0.0020	0.9071	0.0000	0.0001	
0.7417	0.0004	0.0000	0.0001	0.0000	0.0000	0.0000	0.0000	0.0075	0.0000	0.0204	0.0000	0.0494	0.0000	0.0105	0.0032	0.0000	0.1669	0.0000	0.0000	
0.0000	0.3699	0.0000	0.0000	0.0000	0.5246	0.0000	0.0000	0.0009	0.0027	0.0003	0.0298	0.0017	0.0000	0.0000	0.0700	0.0000	0.0000	0.0000	0.0000	
0.0032	0.0000	0.3364	0.0000	0.0000	0.0000	0.0278	0.0000	0.0000	0.0008	0.0000	0.4865	0.0000	0.0023	0.0088	0.0703	0.0004	0.0000	0.0633	0.0000	
0.0231	0.0006	0.0000	0.0000	0.0003	0.0000	0.0000	0.0059	0.8853	0.0124	0.0000	0.0001	0.0011	0.0657	0.0018	0.0000	0.0000	0.0000	0.0000	0.0037	
0.0000	0.0000	0.0665	0.0977	0.0000	0.0000	0.7579	0.0005	0.0001	0.0220	0.0406	0.0142	0.0000	0.0000	0.0000	0.0000	0.0000	0.0000	0.0000	0.0005	
0.0000	0.0000	0.0000	0.0000	0.0000	0.0000	0.0064	0.0000	0.0000	0.0000	0.0008	0.0311	0.4079	0.0000	0.0000	0.5310	0.0000	0.0225	0.0004	0.0000	
0.0000	0.0000	0.0000	0.0000	0.0000	0.0000	0.0000	0.0000	0.0043	0.0000	0.9088	0.0000	0.0716	0.0135	0.0000	0.0000	0.0000	0.0000	0.0018	0.0000	
