DataSet 35
Learner: Baum Welch Learner
Log Likelihood: 264334.1079088370

Number of States: 50
Number of Symbols: 20
Threshold: 0.01

Initial Distribution:
0.0000	0.0248	0.0000	0.7713	0.0000	0.0000	0.0000	0.0000	0.0000	0.0071	0.0000	0.0008	0.0000	0.0000	0.0052	0.0000	0.0000	0.0000	0.0000	0.0000	0.0000	0.0000	0.0000	0.1659	0.0048	0.0000	0.0000	0.0000	0.0000	0.0000	0.0000	0.0000	0.0000	0.0001	0.0000	0.0000	0.0000	0.0000	0.0000	0.0000	0.0000	0.0000	0.0000	0.0000	0.0006	0.0012	0.0182	0.0000	0.0000	0.0000	

Transitions:
0.0000	0.0000	0.0000	0.0000	0.0000	0.0042	0.0156	0.0000	0.0000	0.0202	0.0000	0.0000	0.0236	0.0000	0.0014	0.1409	0.0000	0.0000	0.0809	0.0000	0.0008	0.0000	0.0019	0.0000	0.0000	0.0000	0.0000	0.0000	0.0032	0.0001	0.0000	0.0000	0.0004	0.0003	0.0000	0.0372	0.0005	0.0029	0.0000	0.2688	0.0000	0.0001	0.0000	0.0000	0.0001	0.0004	0.0000	0.0000	0.3964	0.0000	
0.0000	0.0908	0.0143	0.0000	0.0000	0.0076	0.0000	0.0101	0.0000	0.0000	0.0325	0.0278	0.0000	0.0000	0.0001	0.0000	0.0000	0.0016	0.0124	0.0000	0.2203	0.3851	0.0000	0.0000	0.0426	0.0000	0.0386	0.0000	0.0037	0.0175	0.0000	0.0000	0.0000	0.0000	0.0000	0.0000	0.0000	0.0000	0.0000	0.0000	0.0000	0.0633	0.0281	0.0025	0.0000	0.0000	0.0002	0.0000	0.0000	0.0009	
0.0000	0.0000	0.0063	0.0000	0.0156	0.0000	0.0000	0.0069	0.0000	0.0000	0.0000	0.0000	0.0000	0.0419	0.0012	0.0056	0.2305	0.0001	0.0000	0.0000	0.0000	0.0016	0.0513	0.0000	0.0046	0.0491	0.0000	0.0000	0.4080	0.0000	0.0193	0.0001	0.0000	0.0008	0.0233	0.0000	0.0003	0.0000	0.0792	0.0000	0.0000	0.0000	0.0003	0.0000	0.0000	0.0000	0.0110	0.0428	0.0000	0.0000	
0.0000	0.0000	0.0000	0.0000	0.0101	0.0000	0.0000	0.0000	0.0000	0.2144	0.2311	0.0000	0.1717	0.0018	0.0000	0.0000	0.0000	0.0000	0.2113	0.0000	0.0000	0.0000	0.0000	0.0009	0.0000	0.0000	0.0000	0.0000	0.0000	0.0000	0.0031	0.0000	0.0000	0.0000	0.0000	0.0000	0.0000	0.0000	0.0000	0.0035	0.0000	0.0000	0.0026	0.0000	0.0000	0.0000	0.0000	0.0000	0.0000	0.1494	
0.0000	0.0469	0.0001	0.0000	0.0000	0.0000	0.0000	0.0000	0.0003	0.0000	0.2572	0.0000	0.2930	0.0076	0.0000	0.0000	0.0000	0.0000	0.0000	0.0224	0.0000	0.0328	0.0000	0.0271	0.0000	0.0619	0.0000	0.0000	0.0182	0.0000	0.0052	0.0327	0.0019	0.0217	0.0160	0.0000	0.0000	0.0000	0.0023	0.0000	0.0000	0.0000	0.0000	0.0000	0.1471	0.0000	0.0057	0.0000	0.0000	0.0000	
0.0000	0.0000	0.0005	0.0000	0.0000	0.0003	0.0000	0.1991	0.0000	0.0000	0.0000	0.0000	0.0010	0.0000	0.0065	0.0000	0.0000	0.0364	0.0154	0.0025	0.0324	0.0000	0.0000	0.0000	0.0000	0.0006	0.0000	0.0208	0.0000	0.0000	0.0000	0.0000	0.1403	0.0657	0.0000	0.0000	0.0000	0.0000	0.0000	0.0095	0.0033	0.0000	0.0000	0.0000	0.0011	0.4299	0.0000	0.0017	0.0328	0.0000	
0.0000	0.0000	0.0000	0.0000	0.0151	0.0008	0.0022	0.0000	0.0000	0.0000	0.1021	0.0010	0.0000	0.0103	0.0058	0.0005	0.0000	0.0109	0.0000	0.0000	0.0000	0.0135	0.0000	0.0075	0.0114	0.0000	0.0000	0.0000	0.0000	0.0000	0.0054	0.0000	0.0000	0.0070	0.0047	0.0119	0.0111	0.0000	0.0000	0.0000	0.0004	0.7125	0.0089	0.0000	0.0000	0.0569	0.0000	0.0001	0.0000	0.0000	
0.0000	0.0000	0.0000	0.0000	0.0000	0.0000	0.0013	0.0000	0.0004	0.3855	0.0000	0.0000	0.0638	0.1083	0.0595	0.0000	0.0239	0.0033	0.0000	0.0003	0.0007	0.0000	0.0000	0.0000	0.0000	0.0000	0.0000	0.0000	0.0000	0.0000	0.1866	0.0000	0.0000	0.0000	0.0005	0.0000	0.0014	0.0000	0.0000	0.0000	0.0000	0.0000	0.0000	0.0000	0.0258	0.0053	0.1333	0.0000	0.0000	0.0000	
0.0000	0.0000	0.0000	0.0003	0.0001	0.0089	0.0000	0.0168	0.0000	0.0280	0.0000	0.0000	0.0285	0.0124	0.0000	0.0000	0.0060	0.0000	0.2488	0.0001	0.0000	0.0000	0.0000	0.0000	0.0000	0.0000	0.0002	0.0000	0.0032	0.0062	0.0000	0.0000	0.0847	0.0000	0.0106	0.0000	0.0000	0.0000	0.0000	0.0057	0.0000	0.0000	0.0000	0.0000	0.0000	0.2581	0.0000	0.2814	0.0000	0.0000	
0.0000	0.0611	0.0021	0.0000	0.0031	0.0000	0.0196	0.0039	0.0141	0.0000	0.1290	0.0913	0.0000	0.0029	0.0008	0.0000	0.0906	0.0000	0.0056	0.0577	0.0214	0.0097	0.1730	0.0215	0.0049	0.0000	0.0038	0.0208	0.0581	0.0039	0.0000	0.0283	0.0000	0.0177	0.0000	0.0089	0.0000	0.0000	0.0012	0.0000	0.0268	0.0750	0.0047	0.0228	0.0000	0.0029	0.0085	0.0030	0.0001	0.0014	
0.0000	0.0001	0.0000	0.0000	0.0000	0.0000	0.0000	0.1050	0.0000	0.0000	0.0000	0.0007	0.0000	0.0000	0.2444	0.0000	0.0079	0.1302	0.0000	0.0092	0.0084	0.0000	0.0000	0.0990	0.0000	0.0000	0.0000	0.0000	0.0000	0.0000	0.0000	0.0000	0.0000	0.1355	0.0000	0.0000	0.0000	0.0000	0.0000	0.0000	0.0000	0.0000	0.2594	0.0000	0.0000	0.0000	0.0000	0.0000	0.0000	0.0000	
0.0016	0.0005	0.0000	0.0000	0.0000	0.0000	0.0000	0.0000	0.0000	0.0000	0.0003	0.0000	0.0000	0.0000	0.0000	0.0000	0.0000	0.0000	0.0000	0.0058	0.0000	0.0000	0.2767	0.0372	0.0000	0.0009	0.0049	0.0102	0.0000	0.0010	0.0000	0.0000	0.0000	0.0000	0.2294	0.0000	0.0000	0.3819	0.0000	0.0115	0.0099	0.0000	0.0000	0.0000	0.0000	0.0002	0.0000	0.0003	0.0277	0.0000	
0.0176	0.0001	0.0752	0.0791	0.0000	0.0000	0.0000	0.0000	0.0013	0.0000	0.0000	0.0000	0.0000	0.0000	0.0017	0.0550	0.0000	0.0010	0.0000	0.0000	0.0000	0.0000	0.0000	0.0219	0.0361	0.1349	0.0000	0.0011	0.0000	0.0000	0.0955	0.0000	0.0000	0.0000	0.0000	0.0000	0.0000	0.0000	0.4536	0.0000	0.0000	0.0000	0.0135	0.0000	0.0000	0.0003	0.0122	0.0000	0.0000	0.0000	
0.0000	0.0000	0.0009	0.0000	0.0000	0.0367	0.0002	0.0713	0.0000	0.0202	0.0000	0.0000	0.0168	0.0000	0.0001	0.0000	0.0119	0.0334	0.0001	0.1227	0.1357	0.0006	0.0000	0.0015	0.0154	0.0386	0.0000	0.0000	0.0000	0.0000	0.0000	0.0000	0.0518	0.0002	0.0000	0.0000	0.0000	0.0000	0.0000	0.0000	0.0444	0.0000	0.0441	0.0000	0.0012	0.0000	0.3494	0.0023	0.0000	0.0005	
0.0231	0.2951	0.0323	0.0000	0.0000	0.0000	0.0000	0.0000	0.0000	0.0000	0.0000	0.0259	0.0000	0.0000	0.0000	0.0000	0.0000	0.0000	0.0686	0.0000	0.0000	0.0000	0.0000	0.0544	0.0000	0.0000	0.0422	0.0232	0.0000	0.0252	0.0000	0.0000	0.0000	0.0000	0.0000	0.0000	0.0000	0.0000	0.0000	0.0000	0.0095	0.0000	0.1011	0.2971	0.0000	0.0000	0.0000	0.0000	0.0023	0.0000	
0.0000	0.0040	0.0432	0.0040	0.0186	0.0000	0.0000	0.0069	0.0000	0.0029	0.0000	0.0000	0.0003	0.0000	0.0201	0.0718	0.0000	0.0212	0.0000	0.0003	0.0000	0.0000	0.0031	0.0000	0.0442	0.1104	0.0000	0.0000	0.0000	0.0000	0.2122	0.0000	0.0000	0.0000	0.0342	0.0000	0.0000	0.0000	0.3080	0.0000	0.0000	0.0000	0.0851	0.0037	0.0000	0.0000	0.0056	0.0000	0.0000	0.0000	
0.1015	0.0000	0.0076	0.0000	0.0035	0.0000	0.0088	0.1488	0.0078	0.0059	0.0036	0.0000	0.0000	0.0441	0.0015	0.0000	0.0006	0.0094	0.0000	0.1011	0.1461	0.0008	0.0000	0.0299	0.0099	0.0559	0.0000	0.0001	0.0109	0.0000	0.0070	0.0163	0.0237	0.0364	0.0000	0.0106	0.0000	0.0000	0.0568	0.0000	0.0000	0.0000	0.0001	0.0000	0.0002	0.0000	0.1510	0.0002	0.0000	0.0000	
0.0000	0.0000	0.0012	0.0000	0.0001	0.0192	0.0000	0.0000	0.0000	0.0841	0.5874	0.0000	0.0000	0.0000	0.0000	0.0000	0.0000	0.0000	0.0000	0.0027	0.0000	0.0000	0.0000	0.0000	0.0056	0.0000	0.0000	0.0000	0.0000	0.0052	0.0060	0.0000	0.0000	0.0000	0.0000	0.0000	0.0000	0.0000	0.0000	0.0107	0.0000	0.0000	0.0000	0.0000	0.0000	0.0000	0.0000	0.0000	0.0285	0.2494	
0.0000	0.0009	0.0000	0.0000	0.0054	0.0003	0.0000	0.0000	0.0000	0.0000	0.0203	0.0000	0.0000	0.0013	0.0007	0.0000	0.0000	0.0000	0.0000	0.0042	0.0000	0.0000	0.1548	0.0227	0.0041	0.0103	0.0433	0.0104	0.0001	0.0050	0.0000	0.0000	0.0001	0.0000	0.1387	0.0270	0.0002	0.2815	0.0003	0.0420	0.0144	0.0797	0.0000	0.0000	0.0000	0.0000	0.0044	0.0000	0.1278	0.0000	
0.0000	0.0000	0.0000	0.0000	0.0048	0.0000	0.0000	0.0001	0.0000	0.0439	0.3428	0.0000	0.0000	0.0277	0.0000	0.0009	0.0000	0.0000	0.0138	0.0000	0.0000	0.0000	0.0007	0.0000	0.0000	0.0344	0.0002	0.0033	0.0000	0.0000	0.0141	0.0008	0.0000	0.0002	0.0004	0.0142	0.0090	0.0000	0.0000	0.0265	0.1434	0.0003	0.0017	0.0000	0.0000	0.0000	0.0397	0.0530	0.0227	0.2014	
0.1592	0.0014	0.1222	0.0266	0.0056	0.0009	0.0000	0.0048	0.0017	0.0000	0.0039	0.0007	0.0000	0.0023	0.0000	0.0000	0.0415	0.0000	0.0000	0.0548	0.0003	0.0000	0.0094	0.0321	0.0000	0.0079	0.0004	0.0000	0.0000	0.0009	0.0000	0.0004	0.0137	0.0565	0.0286	0.0016	0.0000	0.0353	0.0000	0.0000	0.0004	0.1619	0.0000	0.0000	0.0536	0.0075	0.0999	0.0599	0.0000	0.0042	
0.0000	0.0000	0.0000	0.0004	0.0000	0.0000	0.2047	0.0000	0.0000	0.1936	0.1300	0.0000	0.0001	0.0037	0.0000	0.0000	0.0010	0.0000	0.0055	0.0598	0.0059	0.0000	0.0000	0.0000	0.0000	0.0086	0.1297	0.0000	0.0100	0.0000	0.0000	0.0000	0.0000	0.0000	0.0000	0.0000	0.0000	0.0000	0.0000	0.0000	0.0094	0.0000	0.0000	0.2319	0.0000	0.0001	0.0057	0.0001	0.0000	0.0000	
0.0000	0.0000	0.0290	0.0001	0.0930	0.2229	0.0000	0.0001	0.0000	0.0000	0.0000	0.0000	0.0000	0.0000	0.0000	0.0000	0.0000	0.0000	0.0032	0.0003	0.0000	0.0000	0.0000	0.0000	0.1736	0.0000	0.0000	0.0000	0.0000	0.1169	0.0000	0.0004	0.0000	0.0000	0.0032	0.0004	0.0000	0.0076	0.0000	0.0275	0.0000	0.0000	0.0000	0.0000	0.0000	0.0000	0.0000	0.0000	0.3220	0.0000	
0.0064	0.0000	0.0000	0.0795	0.0000	0.0005	0.0000	0.0000	0.0000	0.0000	0.0000	0.0098	0.0524	0.0000	0.0000	0.0000	0.0623	0.0000	0.0000	0.0016	0.0170	0.0000	0.0047	0.0071	0.0000	0.0719	0.0000	0.0000	0.1294	0.0015	0.0027	0.0001	0.0000	0.0008	0.0097	0.0000	0.0000	0.0000	0.0000	0.0017	0.2556	0.0000	0.0022	0.0000	0.0213	0.0000	0.1072	0.1499	0.0042	0.0004	
0.0401	0.0323	0.0000	0.0000	0.0003	0.0000	0.0264	0.0252	0.0047	0.2073	0.0000	0.0000	0.0053	0.0048	0.0078	0.0851	0.0184	0.0000	0.0041	0.2721	0.0007	0.0000	0.0061	0.1041	0.0000	0.0000	0.0019	0.0115	0.0000	0.0000	0.0000	0.0000	0.0000	0.0001	0.0185	0.0002	0.0226	0.0000	0.0000	0.0346	0.0000	0.0184	0.0000	0.0285	0.0173	0.0000	0.0015	0.0000	0.0000	0.0000	
0.0848	0.0000	0.0055	0.0000	0.0157	0.0002	0.0570	0.0428	0.0000	0.0522	0.0304	0.0000	0.0327	0.0159	0.0560	0.0086	0.0198	0.0349	0.0000	0.0000	0.0000	0.0000	0.0000	0.0236	0.0085	0.1194	0.0218	0.0000	0.0001	0.0000	0.0400	0.0000	0.0000	0.0366	0.0106	0.0089	0.0076	0.0000	0.1112	0.0002	0.0000	0.0000	0.0581	0.0157	0.0000	0.0000	0.0799	0.0011	0.0000	0.0000	
0.0000	0.0355	0.0104	0.0000	0.0003	0.0000	0.0060	0.0036	0.0102	0.0000	0.3027	0.0000	0.0000	0.0001	0.0000	0.0000	0.0118	0.0000	0.0000	0.0297	0.0853	0.0308	0.0000	0.0422	0.0049	0.0166	0.0446	0.0000	0.1362	0.0000	0.0000	0.0416	0.0084	0.0180	0.0000	0.0276	0.0016	0.0000	0.0008	0.0051	0.0002	0.0252	0.0000	0.0000	0.0042	0.0020	0.0540	0.0130	0.0272	0.0000	
0.0000	0.0000	0.0481	0.0000	0.0000	0.1445	0.0000	0.0233	0.0000	0.0001	0.0000	0.1729	0.0000	0.0000	0.0000	0.0000	0.0000	0.0000	0.0000	0.0089	0.0055	0.0000	0.0001	0.0034	0.3451	0.0000	0.0000	0.0000	0.0014	0.1063	0.0000	0.0000	0.0000	0.0000	0.0000	0.0053	0.0000	0.0000	0.0001	0.0000	0.0417	0.0000	0.0835	0.0000	0.0000	0.0000	0.0000	0.0098	0.0000	0.0000	
0.0050	0.0018	0.0295	0.0001	0.0608	0.1651	0.0000	0.0000	0.1888	0.0018	0.0000	0.0000	0.0000	0.0000	0.0000	0.0000	0.0090	0.0000	0.0000	0.0014	0.0244	0.0470	0.0017	0.0000	0.1131	0.0000	0.0032	0.0000	0.0020	0.1022	0.0000	0.0000	0.0000	0.0466	0.0000	0.0000	0.0000	0.0000	0.0000	0.0000	0.0000	0.0058	0.0000	0.0000	0.0000	0.0000	0.0000	0.0000	0.1907	0.0000	
0.0000	0.0000	0.0199	0.0078	0.0073	0.0022	0.0000	0.0005	0.0003	0.0000	0.0000	0.0000	0.0000	0.0000	0.0002	0.0000	0.1388	0.0135	0.0000	0.1553	0.0003	0.0021	0.2143	0.0000	0.0276	0.0000	0.0000	0.0000	0.0000	0.0019	0.0000	0.0000	0.0000	0.1466	0.0684	0.0000	0.0000	0.0000	0.0000	0.0000	0.0000	0.0651	0.0000	0.0001	0.0515	0.0049	0.0715	0.0000	0.0000	0.0000	
0.0000	0.0000	0.0000	0.0000	0.0026	0.0000	0.0000	0.0000	0.0000	0.0001	0.0000	0.8513	0.0000	0.0000	0.0000	0.0029	0.0000	0.0000	0.0000	0.0000	0.0000	0.0000	0.0000	0.0000	0.0000	0.0038	0.0000	0.0024	0.0000	0.0000	0.0000	0.0000	0.0000	0.0000	0.0000	0.0163	0.0000	0.0000	0.0000	0.0000	0.1152	0.0000	0.0000	0.0000	0.0012	0.0000	0.0015	0.0028	0.0000	0.0000	
0.0000	0.0000	0.0000	0.0000	0.0133	0.0025	0.0374	0.0036	0.0000	0.0229	0.0247	0.0000	0.0062	0.0000	0.0266	0.2009	0.0000	0.0029	0.0153	0.0000	0.1199	0.2017	0.0002	0.0007	0.0000	0.0000	0.0324	0.0000	0.0000	0.0000	0.0322	0.0000	0.0000	0.0249	0.0074	0.0356	0.0150	0.0285	0.0000	0.0925	0.0000	0.0414	0.0000	0.0087	0.0000	0.0000	0.0019	0.0000	0.0000	0.0007	
0.0062	0.1145	0.0320	0.0000	0.0006	0.0160	0.0000	0.0000	0.0000	0.0630	0.0000	0.0038	0.0602	0.0000	0.0025	0.0198	0.0015	0.0124	0.1634	0.0000	0.0091	0.0000	0.0000	0.0210	0.0353	0.0411	0.0000	0.0175	0.0000	0.0000	0.0250	0.0000	0.0000	0.0000	0.0013	0.0000	0.0000	0.0000	0.1157	0.0000	0.0000	0.0000	0.0906	0.1086	0.0000	0.0000	0.0034	0.0026	0.0314	0.0012	
0.0000	0.0000	0.0000	0.0001	0.0019	0.0000	0.0065	0.0000	0.0000	0.0000	0.0000	0.0000	0.0000	0.0024	0.0000	0.0000	0.0000	0.0000	0.0054	0.0034	0.0357	0.0000	0.0022	0.0119	0.0000	0.0754	0.2269	0.0001	0.0000	0.0000	0.0000	0.0000	0.1919	0.0000	0.0050	0.0206	0.0229	0.0000	0.0000	0.0851	0.0777	0.0078	0.0000	0.0000	0.0003	0.1231	0.0000	0.0241	0.0697	0.0000	
0.0000	0.0001	0.0000	0.0035	0.0051	0.0000	0.0001	0.0000	0.0004	0.0000	0.0413	0.0000	0.0000	0.2630	0.0000	0.0000	0.0672	0.0003	0.0000	0.0828	0.0000	0.0000	0.0000	0.0030	0.0000	0.1989	0.0000	0.0000	0.0712	0.0000	0.0000	0.0056	0.0000	0.0648	0.0336	0.0000	0.0000	0.0000	0.0000	0.0000	0.0000	0.1336	0.0022	0.0000	0.0000	0.0000	0.0227	0.0006	0.0000	0.0000	
0.0000	0.0000	0.0348	0.0005	0.0000	0.0015	0.0020	0.0380	0.0000	0.0002	0.0000	0.0032	0.0000	0.0000	0.1176	0.0107	0.0000	0.0702	0.0000	0.0456	0.0889	0.0000	0.0000	0.0573	0.0236	0.0000	0.0127	0.0007	0.0002	0.0000	0.0029	0.0000	0.0249	0.0743	0.0000	0.0008	0.0000	0.0000	0.1314	0.0000	0.0000	0.0000	0.1878	0.0000	0.0000	0.0043	0.0660	0.0000	0.0000	0.0000	
0.0000	0.0000	0.0000	0.0000	0.0000	0.0001	0.0000	0.0000	0.0001	0.0000	0.0285	0.0000	0.0000	0.0003	0.0000	0.0000	0.0000	0.0000	0.0286	0.0000	0.2152	0.4938	0.0000	0.0000	0.0000	0.0000	0.1248	0.0000	0.0000	0.0000	0.0000	0.0000	0.0268	0.0000	0.0000	0.0000	0.0000	0.0000	0.0000	0.0000	0.0000	0.0467	0.0000	0.0000	0.0000	0.0001	0.0040	0.0305	0.0004	0.0000	
0.0084	0.0000	0.0071	0.0000	0.0000	0.0000	0.0000	0.0000	0.0000	0.0000	0.0000	0.8735	0.0000	0.0000	0.0000	0.0000	0.0000	0.0000	0.0000	0.0000	0.0000	0.0000	0.0000	0.0000	0.0000	0.0000	0.0000	0.0000	0.0000	0.0000	0.0000	0.0000	0.0000	0.0000	0.0000	0.0633	0.0000	0.0000	0.0000	0.0000	0.0477	0.0000	0.0000	0.0000	0.0000	0.0000	0.0000	0.0000	0.0000	0.0000	
0.0000	0.0000	0.0057	0.0000	0.0000	0.0000	0.3598	0.0004	0.2867	0.0000	0.0563	0.0027	0.0074	0.0000	0.0104	0.0000	0.0000	0.0001	0.0079	0.0000	0.0000	0.0000	0.0000	0.0000	0.0000	0.0003	0.0000	0.1811	0.0000	0.0000	0.0008	0.0000	0.0000	0.0000	0.0004	0.0000	0.0000	0.0000	0.0000	0.0000	0.0000	0.0000	0.0049	0.0687	0.0000	0.0000	0.0039	0.0021	0.0000	0.0000	
0.0000	0.0006	0.0000	0.0000	0.0007	0.0000	0.0186	0.0000	0.0299	0.0000	0.0009	0.0143	0.0000	0.0000	0.0000	0.0000	0.1677	0.0000	0.0000	0.1032	0.0000	0.0210	0.3804	0.0027	0.0000	0.0348	0.0000	0.0061	0.0000	0.0000	0.0000	0.0003	0.0000	0.0005	0.0000	0.0000	0.0000	0.0000	0.0000	0.0000	0.1053	0.0012	0.0010	0.0074	0.0000	0.0020	0.0565	0.0433	0.0009	0.0008	
0.0000	0.0000	0.0112	0.0017	0.1657	0.0000	0.0000	0.0000	0.0003	0.0000	0.0000	0.0030	0.0010	0.0010	0.0000	0.0096	0.0000	0.0000	0.0000	0.0000	0.0388	0.0000	0.0000	0.0000	0.0479	0.0547	0.0824	0.0000	0.0004	0.0000	0.1217	0.0000	0.0305	0.0055	0.0915	0.1613	0.1263	0.0000	0.0322	0.0000	0.0000	0.0000	0.0000	0.0000	0.0004	0.0018	0.0000	0.0063	0.0048	0.0000	
0.0000	0.0000	0.0000	0.0000	0.1955	0.0000	0.0000	0.0000	0.0000	0.0000	0.0000	0.0000	0.0000	0.0000	0.0000	0.0001	0.0005	0.0000	0.0004	0.0000	0.0000	0.0000	0.0230	0.0000	0.0461	0.0002	0.0000	0.0000	0.0000	0.0007	0.1528	0.0002	0.0022	0.0000	0.1681	0.1679	0.1401	0.0449	0.0000	0.0000	0.0000	0.0000	0.0003	0.0000	0.0000	0.0113	0.0000	0.0401	0.0058	0.0000	
0.0000	0.0000	0.0029	0.0000	0.0000	0.0009	0.3317	0.0000	0.2523	0.0044	0.0003	0.0021	0.0013	0.0000	0.0031	0.0000	0.0000	0.0000	0.0000	0.0074	0.0000	0.0000	0.0110	0.0000	0.0000	0.0017	0.0000	0.2020	0.0000	0.0000	0.0000	0.0093	0.0000	0.0000	0.0000	0.0000	0.0000	0.0000	0.0000	0.0000	0.0000	0.0000	0.0079	0.0621	0.0000	0.0000	0.0986	0.0000	0.0009	0.0000	
0.0000	0.0147	0.0000	0.5753	0.0000	0.0581	0.0000	0.0009	0.0074	0.0000	0.0000	0.0049	0.0000	0.0000	0.0000	0.0000	0.0000	0.0000	0.0362	0.0016	0.0484	0.0000	0.0000	0.0249	0.0073	0.0000	0.0000	0.0000	0.0000	0.0045	0.0000	0.0000	0.1123	0.0182	0.0000	0.0000	0.0000	0.0000	0.0000	0.0002	0.0067	0.0000	0.0000	0.0440	0.0000	0.0000	0.0009	0.0001	0.0333	0.0000	
0.0002	0.0000	0.0000	0.0000	0.0000	0.0000	0.0000	0.0000	0.0000	0.0000	0.0000	0.0007	0.6786	0.0000	0.0000	0.0000	0.0000	0.0000	0.0000	0.0003	0.0000	0.0000	0.0000	0.0000	0.0000	0.0000	0.0000	0.0000	0.0000	0.0000	0.0000	0.0000	0.0000	0.0000	0.0172	0.0000	0.0000	0.0000	0.0000	0.0000	0.0000	0.0000	0.0000	0.0000	0.3007	0.0023	0.0000	0.0000	0.0000	0.0000	
0.0000	0.0000	0.0006	0.0000	0.0000	0.0000	0.0314	0.0130	0.0343	0.0038	0.0011	0.0000	0.0000	0.0000	0.0000	0.0000	0.0000	0.0000	0.0000	0.0028	0.0000	0.0000	0.0007	0.2512	0.0495	0.0000	0.0000	0.0471	0.0014	0.0003	0.0000	0.3017	0.0031	0.0112	0.0072	0.0000	0.0000	0.0000	0.0000	0.0000	0.0974	0.0000	0.0000	0.0000	0.0000	0.0000	0.1026	0.0353	0.0000	0.0045	
0.0005	0.0000	0.0082	0.0000	0.0000	0.0136	0.0090	0.0000	0.0000	0.0266	0.0087	0.0000	0.0000	0.0271	0.0048	0.0000	0.0074	0.0002	0.0003	0.0011	0.0018	0.0000	0.0025	0.0020	0.0000	0.1121	0.1646	0.0000	0.0002	0.0000	0.0000	0.0000	0.1696	0.0008	0.0000	0.0000	0.0090	0.0000	0.0000	0.0000	0.1999	0.0078	0.0001	0.0000	0.0002	0.0790	0.0864	0.0494	0.0070	0.0000	
0.0516	0.0013	0.0601	0.0000	0.0000	0.0000	0.0054	0.0429	0.0000	0.0002	0.0000	0.0000	0.0000	0.0001	0.0003	0.0000	0.1494	0.0018	0.0035	0.1165	0.0086	0.0059	0.4114	0.0104	0.0000	0.0049	0.0000	0.0000	0.0064	0.0010	0.0180	0.0000	0.0000	0.0191	0.0083	0.0000	0.0000	0.0289	0.0000	0.0006	0.0007	0.0002	0.0000	0.0001	0.0044	0.0260	0.0000	0.0062	0.0000	0.0055	
0.3705	0.0000	0.2873	0.0000	0.0000	0.0000	0.0000	0.0000	0.0000	0.0000	0.0000	0.0000	0.0000	0.0000	0.0000	0.0000	0.0008	0.0000	0.0000	0.0000	0.0000	0.0000	0.0000	0.0739	0.0000	0.0469	0.1092	0.0000	0.0000	0.0000	0.0003	0.0000	0.0816	0.0000	0.0000	0.0002	0.0010	0.0000	0.0000	0.0000	0.0280	0.0000	0.0000	0.0000	0.0000	0.0000	0.0000	0.0000	0.0002	0.0000	
0.0000	0.0000	0.0626	0.0000	0.1328	0.2840	0.0000	0.0001	0.0000	0.0000	0.0000	0.0001	0.0000	0.0000	0.0000	0.0000	0.0000	0.0000	0.0000	0.0006	0.0000	0.0000	0.0000	0.0000	0.1955	0.0000	0.0000	0.0000	0.0000	0.0796	0.0000	0.0000	0.0160	0.0000	0.0000	0.0000	0.0000	0.0000	0.0000	0.0000	0.0000	0.0000	0.0000	0.0000	0.0000	0.0000	0.0000	0.0000	0.2286	0.0000	

Emissions
0.0000	0.0000	0.0000	0.0000	0.0000	0.0000	0.0226	0.0000	0.9570	0.0000	0.0000	0.0000	0.0000	0.0104	0.0000	0.0000	0.0000	0.0022	0.0001	0.0077	
0.0000	0.0000	0.0062	0.9886	0.0000	0.0000	0.0000	0.0000	0.0000	0.0000	0.0000	0.0000	0.0007	0.0000	0.0044	0.0000	0.0000	0.0000	0.0000	0.0000	
0.0000	0.0000	0.9923	0.0008	0.0000	0.0000	0.0000	0.0000	0.0000	0.0000	0.0000	0.0000	0.0000	0.0000	0.0000	0.0000	0.0000	0.0000	0.0069	0.0000	
0.0000	0.0011	0.0000	0.0000	0.0000	0.0000	0.0000	0.3214	0.0000	0.4912	0.1755	0.0000	0.0000	0.0000	0.0108	0.0000	0.0000	0.0000	0.0000	0.0000	
0.0000	0.0000	0.9347	0.0000	0.0000	0.0000	0.0000	0.0000	0.0000	0.0000	0.0457	0.0000	0.0000	0.0000	0.0002	0.0000	0.0000	0.0188	0.0005	0.0000	
0.0000	0.0000	0.0044	0.0000	0.0000	0.0000	0.6337	0.0010	0.0000	0.0000	0.0000	0.0000	0.3604	0.0000	0.0004	0.0000	0.0000	0.0000	0.0000	0.0000	
0.0000	0.0000	0.1182	0.0000	0.6107	0.2570	0.0000	0.0000	0.0000	0.0000	0.0000	0.0098	0.0000	0.0000	0.0000	0.0000	0.0039	0.0000	0.0004	0.0000	
0.0396	0.0000	0.0000	0.0000	0.0000	0.0017	0.0000	0.0005	0.3609	0.0000	0.0000	0.1295	0.0000	0.0000	0.0000	0.0692	0.0000	0.3955	0.0000	0.0030	
0.0001	0.0120	0.0001	0.7413	0.0000	0.0000	0.0025	0.0000	0.0000	0.0000	0.1421	0.0000	0.0015	0.0000	0.0257	0.0000	0.0016	0.0000	0.0715	0.0016	
0.0000	0.8505	0.0315	0.0000	0.0000	0.0000	0.0000	0.0000	0.0001	0.0065	0.0000	0.0614	0.0000	0.0000	0.0000	0.0500	0.0000	0.0000	0.0000	0.0000	
0.0000	0.0000	0.0000	0.0006	0.0000	0.0007	0.0000	0.0000	0.0000	0.0000	0.0000	0.0001	0.0000	0.0000	0.0000	0.0000	0.9986	0.0000	0.0000	0.0000	
0.0000	0.0000	0.0000	0.0000	0.0000	0.0000	0.0000	0.0073	0.0000	0.0000	0.0000	0.0034	0.0000	0.0000	0.9893	0.0000	0.0000	0.0000	0.0000	0.0000	
0.0000	0.0000	0.0003	0.0000	0.0000	0.0000	0.9997	0.0000	0.0000	0.0000	0.0000	0.0000	0.0000	0.0000	0.0000	0.0000	0.0000	0.0000	0.0000	0.0000	
0.0207	0.0000	0.0000	0.0321	0.0004	0.0114	0.0000	0.0000	0.0000	0.0007	0.0000	0.4450	0.0000	0.0000	0.0006	0.0684	0.4172	0.0000	0.0034	0.0000	
0.0000	0.0000	0.0454	0.0000	0.9137	0.0000	0.0029	0.0000	0.0000	0.0000	0.0000	0.0253	0.0000	0.0000	0.0127	0.0000	0.0000	0.0000	0.0000	0.0000	
0.0002	0.0060	0.0041	0.0000	0.0715	0.0000	0.0000	0.0205	0.0000	0.0000	0.0000	0.0000	0.0000	0.0393	0.0000	0.0000	0.0000	0.8584	0.0000	0.0000	
0.7531	0.0098	0.0005	0.0154	0.0706	0.0000	0.0000	0.0000	0.0000	0.0000	0.1453	0.0016	0.0000	0.0002	0.0002	0.0032	0.0000	0.0000	0.0000	0.0000	
0.0000	0.0000	0.0000	0.0000	0.0000	0.0000	0.0001	0.0000	0.0000	0.0000	0.0000	0.1107	0.5833	0.0000	0.0000	0.3007	0.0000	0.0000	0.0052	0.0000	
0.0000	0.0003	0.0001	0.0000	0.0000	0.9468	0.0000	0.0000	0.0000	0.0000	0.0027	0.0216	0.0285	0.0000	0.0000	0.0000	0.0000	0.0000	0.0000	0.0000	
0.0000	0.0001	0.9039	0.0000	0.0000	0.0000	0.0000	0.0000	0.0000	0.0113	0.0000	0.0161	0.0000	0.0016	0.0416	0.0122	0.0000	0.0000	0.0133	0.0000	
0.0000	0.0860	0.0034	0.0000	0.0000	0.0061	0.0000	0.0028	0.0000	0.0000	0.0002	0.6134	0.0000	0.2790	0.0027	0.0003	0.0061	0.0000	0.0000	0.0000	
0.0000	0.0000	0.0000	0.9981	0.0000	0.0000	0.0000	0.0000	0.0000	0.0000	0.0000	0.0000	0.0000	0.0000	0.0013	0.0004	0.0000	0.0000	0.0002	0.0000	
0.0000	0.0000	0.0000	0.0000	0.0000	0.0121	0.0000	0.0000	0.0007	0.0000	0.5378	0.0000	0.0509	0.3930	0.0000	0.0000	0.0000	0.0000	0.0000	0.0054	
0.0000	0.0221	0.0000	0.0041	0.0349	0.0000	0.0000	0.0000	0.0000	0.2800	0.0000	0.0000	0.0000	0.0000	0.3224	0.1818	0.0000	0.0079	0.0000	0.1468	
0.0070	0.0000	0.0262	0.0000	0.0000	0.0000	0.0000	0.0001	0.0000	0.0007	0.0000	0.0000	0.0081	0.0000	0.0285	0.0512	0.0000	0.8781	0.0000	0.0001	
0.0004	0.0000	0.0448	0.0000	0.0000	0.0000	0.0000	0.0242	0.0000	0.0000	0.0018	0.0000	0.0000	0.0000	0.0000	0.0000	0.0001	0.0000	0.9287	0.0000	
0.0000	0.0000	0.0013	0.0003	0.0013	0.9472	0.0383	0.0000	0.0001	0.0000	0.0000	0.0000	0.0000	0.0000	0.0000	0.0000	0.0000	0.0095	0.0013	0.0007	
0.0000	0.0051	0.0000	0.0000	0.0000	0.9556	0.0000	0.0000	0.0000	0.0072	0.0000	0.0000	0.0000	0.0000	0.0000	0.0000	0.0307	0.0000	0.0007	0.0007	
0.0000	0.0000	0.0000	0.0000	0.0022	0.0000	0.0000	0.9045	0.0008	0.0182	0.0743	0.0000	0.0000	0.0000	0.0000	0.0000	0.0000	0.0000	0.0000	0.0000	
0.0000	0.0000	0.0818	0.0000	0.0000	0.0000	0.0000	0.1061	0.3764	0.0001	0.0000	0.0000	0.4034	0.0198	0.0118	0.0000	0.0000	0.0000	0.0000	0.0004	
0.0000	0.0000	0.0000	0.0000	0.0001	0.0000	0.0000	0.0000	0.2552	0.0000	0.0000	0.0000	0.0000	0.0121	0.2877	0.0000	0.4429	0.0019	0.0000	0.0002	
0.0000	0.0775	0.0000	0.0000	0.0000	0.0000	0.0000	0.0000	0.0000	0.0010	0.3207	0.0000	0.0000	0.0000	0.0000	0.0011	0.0000	0.0000	0.5997	0.0000	
0.0000	0.0000	0.0000	0.0000	0.0000	0.0000	0.0058	0.0000	0.0000	0.9772	0.0000	0.0153	0.0000	0.0000	0.0000	0.0000	0.0000	0.0000	0.0016	0.0000	
0.0004	0.2469	0.0002	0.0000	0.0000	0.0000	0.1167	0.0000	0.0000	0.0000	0.5299	0.0013	0.0000	0.0000	0.0000	0.0000	0.0000	0.0000	0.0323	0.0722	
0.7230	0.0000	0.0000	0.0127	0.0000	0.0725	0.0000	0.0000	0.0017	0.0000	0.0000	0.0000	0.0399	0.0000	0.0081	0.0001	0.0000	0.1419	0.0000	0.0000	
0.0000	0.0000	0.0000	0.0000	0.0000	0.0080	0.0000	0.0000	0.0000	0.0066	0.1288	0.0000	0.0020	0.0000	0.0000	0.0000	0.0000	0.0000	0.0000	0.8546	
0.0030	0.0000	0.0000	0.0000	0.0024	0.0000	0.0000	0.0000	0.0000	0.0000	0.0000	0.0000	0.0000	0.9087	0.0019	0.0238	0.0000	0.0602	0.0000	0.0000	
0.0000	0.0000	0.0000	0.0002	0.0000	0.0000	0.0000	0.0000	0.0000	0.0000	0.0000	0.9576	0.0422	0.0000	0.0000	0.0000	0.0000	0.0000	0.0000	0.0000	
0.0000	0.0000	0.0000	0.0000	0.0000	0.0000	0.0002	0.0000	0.0000	0.0000	0.0151	0.0000	0.5799	0.0000	0.0000	0.3215	0.0000	0.0833	0.0000	0.0000	
0.0000	0.0000	0.0000	0.0000	0.0241	0.0000	0.0000	0.0054	0.9111	0.0000	0.0000	0.0486	0.0000	0.0107	0.0000	0.0000	0.0000	0.0000	0.0000	0.0000	
0.0026	0.0002	0.0000	0.0000	0.0000	0.0000	0.0000	0.0000	0.0000	0.0000	0.0000	0.0000	0.0000	0.0000	0.0000	0.0000	0.0000	0.0000	0.0006	0.9965	
0.0000	0.0000	0.0000	0.0000	0.0000	0.0000	0.0000	0.0058	0.0000	0.0000	0.0000	0.0000	0.0000	0.9862	0.0000	0.0000	0.0076	0.0000	0.0000	0.0003	
0.0000	0.0000	0.0101	0.0000	0.0000	0.0001	0.0174	0.0000	0.0000	0.0000	0.0000	0.0788	0.0000	0.0000	0.0212	0.8723	0.0000	0.0000	0.0000	0.0000	
0.0000	0.0000	0.0000	0.0000	0.0000	0.0000	0.2713	0.0060	0.0011	0.0000	0.0000	0.2527	0.0015	0.0000	0.4673	0.0000	0.0000	0.0000	0.0000	0.0000	
0.0000	0.9502	0.0000	0.0000	0.0000	0.0000	0.0000	0.0000	0.0000	0.0000	0.0006	0.0000	0.0104	0.0000	0.0000	0.0005	0.0076	0.0307	0.0000	0.0000	
0.0006	0.0002	0.0108	0.7533	0.0000	0.0000	0.2203	0.0000	0.0000	0.0000	0.0000	0.0144	0.0000	0.0003	0.0000	0.0001	0.0000	0.0000	0.0000	0.0000	
0.0030	0.0010	0.0007	0.0000	0.9873	0.0000	0.0001	0.0000	0.0000	0.0000	0.0000	0.0007	0.0000	0.0022	0.0001	0.0010	0.0039	0.0000	0.0000	0.0000	
0.0002	0.0000	0.0000	0.0000	0.0000	0.0000	0.0013	0.0000	0.0000	0.0000	0.5445	0.0081	0.0000	0.0000	0.0000	0.4458	0.0000	0.0000	0.0000	0.0000	
0.0000	0.0143	0.0000	0.0000	0.0003	0.6352	0.3476	0.0008	0.0002	0.0000	0.0000	0.0016	0.0000	0.0000	0.0000	0.0000	0.0000	0.0000	0.0000	0.0000	
0.0000	0.0000	0.0009	0.0000	0.0000	0.0055	0.0000	0.0000	0.1043	0.0285	0.0000	0.0439	0.0000	0.0000	0.8169	0.0000	0.0000	0.0000	0.0000	0.0000	
