DataSet 23
Learner: Baum Welch Learner
Log Likelihood: 49863.4226564250

Number of States: 50
Number of Symbols: 7
Threshold: 0.01

Initial Distribution:
0.0000	0.0000	0.0000	0.0000	0.2846	0.0000	0.0000	0.0000	0.0000	0.0000	0.0000	0.0000	0.0000	0.0000	0.0000	0.0001	0.0004	0.0000	0.0000	0.0754	0.0000	0.0293	0.0000	0.0000	0.0000	0.0000	0.0000	0.0002	0.0000	0.0000	0.0438	0.2100	0.0033	0.0000	0.3523	0.0000	0.0000	0.0000	0.0000	0.0000	0.0000	0.0001	0.0000	0.0000	0.0000	0.0000	0.0000	0.0000	0.0006	0.0000	

Transitions:
0.0000	0.0000	0.0001	0.0735	0.0648	0.0000	0.0000	0.0000	0.0000	0.0000	0.0000	0.0000	0.0000	0.0000	0.0000	0.0000	0.0007	0.0000	0.0000	0.0000	0.0000	0.0003	0.0000	0.0075	0.0001	0.0078	0.0000	0.0000	0.4403	0.0000	0.0000	0.0090	0.0000	0.0000	0.0097	0.0000	0.0000	0.0000	0.0002	0.0000	0.0354	0.0000	0.0000	0.3506	0.0000	0.0000	0.0000	0.0000	0.0000	0.0000	
0.0000	0.0097	0.0001	0.0035	0.0000	0.0079	0.0000	0.0100	0.0000	0.0013	0.0000	0.0000	0.0000	0.0006	0.0000	0.0045	0.3773	0.0001	0.0000	0.0000	0.0000	0.0001	0.0000	0.2427	0.0097	0.0008	0.0080	0.0174	0.0002	0.0000	0.0000	0.0029	0.0000	0.0000	0.0000	0.0010	0.2729	0.0137	0.0000	0.0000	0.0057	0.0025	0.0000	0.0035	0.0025	0.0000	0.0013	0.0000	0.0000	0.0000	
0.0019	0.0008	0.0000	0.0003	0.0000	0.0000	0.0191	0.0000	0.0000	0.0000	0.0043	0.0000	0.0032	0.0024	0.0000	0.0027	0.0034	0.0001	0.0006	0.0209	0.0000	0.0000	0.0000	0.0008	0.0000	0.4159	0.0000	0.0006	0.0000	0.0131	0.0101	0.0000	0.0002	0.0000	0.0025	0.0484	0.2668	0.0000	0.0000	0.0386	0.0000	0.1135	0.0000	0.0000	0.0000	0.0000	0.0149	0.0000	0.0147	0.0000	
0.0030	0.0000	0.0000	0.0013	0.0000	0.0000	0.3362	0.0006	0.0000	0.0000	0.2572	0.0000	0.0021	0.0043	0.0007	0.0009	0.0009	0.0031	0.0000	0.1342	0.1020	0.0001	0.0005	0.0000	0.0000	0.0000	0.0000	0.0074	0.0000	0.0723	0.0002	0.0000	0.0000	0.0001	0.0027	0.0005	0.0000	0.0000	0.0000	0.0103	0.0000	0.0512	0.0000	0.0000	0.0011	0.0001	0.0007	0.0011	0.0050	0.0000	
0.0000	0.0000	0.0054	0.0124	0.0000	0.0001	0.0000	0.3064	0.0000	0.0004	0.0000	0.0058	0.0430	0.0003	0.0000	0.0000	0.0000	0.0000	0.0000	0.0000	0.0007	0.0000	0.0002	0.0000	0.0000	0.0000	0.0000	0.0000	0.0734	0.0000	0.0000	0.0088	0.0001	0.0000	0.0000	0.0000	0.0000	0.0001	0.0000	0.0001	0.0000	0.0000	0.0000	0.0620	0.4806	0.0000	0.0000	0.0000	0.0000	0.0001	
0.0000	0.0000	0.0001	0.0048	0.0070	0.0000	0.0001	0.0001	0.0000	0.0000	0.0001	0.0000	0.0001	0.0387	0.0054	0.0000	0.5936	0.0038	0.0000	0.0004	0.0043	0.0007	0.0082	0.0006	0.0000	0.0000	0.0004	0.0000	0.1692	0.0000	0.0000	0.0000	0.0000	0.0143	0.0240	0.0011	0.0000	0.0000	0.0000	0.0000	0.0537	0.0000	0.0000	0.0650	0.0000	0.0040	0.0000	0.0000	0.0000	0.0000	
0.0000	0.0000	0.0000	0.0000	0.0000	0.0000	0.1549	0.0000	0.0000	0.0006	0.0576	0.0000	0.6510	0.0002	0.0242	0.0001	0.0001	0.0000	0.0000	0.0000	0.0000	0.0000	0.0001	0.0000	0.0000	0.0077	0.0000	0.0000	0.0000	0.0973	0.0000	0.0000	0.0001	0.0000	0.0000	0.0003	0.0001	0.0000	0.0000	0.0000	0.0006	0.0001	0.0000	0.0002	0.0000	0.0000	0.0002	0.0005	0.0041	0.0000	
0.0000	0.0000	0.1108	0.0002	0.0001	0.0000	0.0031	0.0000	0.0005	0.0000	0.0008	0.0000	0.0000	0.0000	0.0006	0.0002	0.0001	0.0000	0.0000	0.0000	0.0000	0.0000	0.1064	0.0000	0.0017	0.0000	0.0000	0.0001	0.2451	0.0002	0.0699	0.0121	0.0011	0.1978	0.0001	0.0223	0.0007	0.0000	0.0000	0.0000	0.0000	0.0050	0.0000	0.0286	0.0000	0.1899	0.0013	0.0014	0.0000	0.0000	
0.0000	0.0000	0.0000	0.0000	0.1915	0.0000	0.0011	0.0002	0.0000	0.0010	0.0027	0.0000	0.0152	0.0006	0.0097	0.0000	0.0000	0.0003	0.0000	0.0641	0.0000	0.0000	0.0001	0.0000	0.2515	0.0008	0.0077	0.0000	0.0000	0.0000	0.0000	0.0000	0.0000	0.0000	0.4370	0.0000	0.0005	0.0000	0.0000	0.0007	0.0135	0.0000	0.0000	0.0000	0.0001	0.0001	0.0016	0.0001	0.0000	0.0000	
0.0000	0.0000	0.0000	0.0039	0.0000	0.0074	0.0067	0.0000	0.5094	0.0000	0.0684	0.0000	0.0000	0.0057	0.0005	0.0000	0.0000	0.0000	0.0000	0.0000	0.0000	0.0000	0.0000	0.0000	0.0001	0.0000	0.2730	0.0000	0.0000	0.0097	0.0000	0.0000	0.0000	0.0005	0.0000	0.0004	0.0011	0.0474	0.0000	0.0000	0.0000	0.0000	0.0000	0.0000	0.0000	0.0254	0.0001	0.0400	0.0000	0.0000	
0.0000	0.0000	0.0000	0.0004	0.0000	0.0000	0.1621	0.0003	0.0000	0.0001	0.0583	0.0000	0.7047	0.0003	0.0609	0.0000	0.0000	0.0000	0.0000	0.0000	0.0000	0.0000	0.0048	0.0000	0.0008	0.0001	0.0000	0.0000	0.0000	0.0010	0.0000	0.0000	0.0000	0.0000	0.0000	0.0000	0.0002	0.0000	0.0000	0.0000	0.0009	0.0000	0.0000	0.0002	0.0024	0.0000	0.0000	0.0022	0.0000	0.0000	
0.0000	0.0000	0.0000	0.0000	0.0000	0.0000	0.0001	0.0738	0.0000	0.2674	0.0000	0.0000	0.0000	0.0122	0.0032	0.0000	0.0195	0.0000	0.0000	0.0000	0.0000	0.0000	0.0006	0.0000	0.0000	0.0808	0.0000	0.0001	0.0000	0.0007	0.2721	0.0377	0.0044	0.0000	0.0000	0.0000	0.0000	0.0000	0.0000	0.0000	0.0000	0.0000	0.0000	0.0000	0.2272	0.0000	0.0000	0.0000	0.0000	0.0000	
0.0000	0.0000	0.0005	0.0000	0.0000	0.0179	0.0000	0.0026	0.0000	0.8653	0.0000	0.0000	0.0000	0.0001	0.0000	0.0000	0.0000	0.0000	0.0000	0.0000	0.0000	0.0000	0.0000	0.0000	0.0010	0.0945	0.0036	0.0001	0.0000	0.0000	0.0000	0.0031	0.0000	0.0000	0.0000	0.0000	0.0002	0.0000	0.0000	0.0001	0.0000	0.0002	0.0000	0.0000	0.0016	0.0000	0.0000	0.0000	0.0000	0.0091	
0.0000	0.0000	0.0475	0.0446	0.0019	0.0000	0.0003	0.0000	0.0002	0.0033	0.0006	0.0000	0.0000	0.0001	0.0026	0.0000	0.0048	0.0000	0.0000	0.0003	0.0000	0.0000	0.0550	0.0080	0.2465	0.0256	0.0000	0.0000	0.4271	0.0000	0.0000	0.0000	0.0001	0.0000	0.0009	0.0000	0.0000	0.0000	0.0000	0.0000	0.0001	0.0028	0.0000	0.1074	0.0000	0.0000	0.0198	0.0004	0.0000	0.0000	
0.0000	0.0000	0.0000	0.0296	0.0000	0.0000	0.0385	0.0000	0.0005	0.6381	0.0020	0.0000	0.0013	0.0000	0.0011	0.0010	0.0000	0.0000	0.0000	0.0000	0.0000	0.0000	0.0000	0.0000	0.0028	0.2380	0.0003	0.0000	0.0092	0.0214	0.0000	0.0000	0.0000	0.0013	0.0000	0.0072	0.0000	0.0000	0.0002	0.0000	0.0000	0.0001	0.0000	0.0010	0.0001	0.0007	0.0016	0.0038	0.0000	0.0000	
0.0011	0.0001	0.0197	0.0012	0.0000	0.0002	0.2212	0.0000	0.1193	0.0001	0.1246	0.0001	0.0000	0.0002	0.0031	0.0008	0.0011	0.0002	0.0084	0.0000	0.0000	0.0156	0.2736	0.0044	0.0000	0.0000	0.0000	0.0000	0.0706	0.0307	0.0000	0.0000	0.0000	0.0007	0.0000	0.0001	0.0000	0.0041	0.0335	0.0000	0.0005	0.0000	0.0003	0.0152	0.0000	0.0071	0.0014	0.0176	0.0004	0.0225	
0.0000	0.0000	0.0010	0.0106	0.0000	0.0000	0.0000	0.0000	0.0000	0.0000	0.0000	0.0000	0.0000	0.0000	0.0000	0.0000	0.2785	0.0000	0.0000	0.0000	0.0051	0.0001	0.0000	0.1309	0.0000	0.0000	0.3110	0.0000	0.1774	0.0000	0.0025	0.0000	0.0001	0.0000	0.0000	0.0004	0.0154	0.0000	0.0000	0.0000	0.0000	0.0000	0.0000	0.0570	0.0000	0.0007	0.0063	0.0000	0.0031	0.0000	
0.0000	0.0000	0.0819	0.0525	0.0000	0.0009	0.0087	0.0001	0.0443	0.0001	0.0221	0.0000	0.0000	0.0004	0.0063	0.0010	0.0008	0.0002	0.0060	0.0000	0.0000	0.0118	0.0317	0.0006	0.0061	0.0000	0.0000	0.0001	0.4246	0.0119	0.0000	0.0000	0.0000	0.0120	0.0000	0.0000	0.0000	0.0124	0.0541	0.0000	0.0001	0.0000	0.0001	0.1133	0.0001	0.0724	0.0037	0.0165	0.0002	0.0027	
0.0000	0.0000	0.0000	0.0000	0.0000	0.0050	0.0000	0.0000	0.0021	0.0000	0.0000	0.0558	0.0000	0.0000	0.0000	0.0000	0.6487	0.0000	0.0000	0.0000	0.0000	0.0575	0.0000	0.1504	0.0000	0.0000	0.0000	0.0000	0.0000	0.0000	0.0000	0.0000	0.0008	0.0000	0.0000	0.0001	0.0000	0.0002	0.0001	0.0000	0.0000	0.0000	0.0019	0.0000	0.0000	0.0002	0.0001	0.0000	0.0767	0.0000	
0.0000	0.0000	0.0019	0.0759	0.0000	0.0000	0.0000	0.0091	0.0009	0.0005	0.0000	0.1764	0.0214	0.0004	0.0000	0.0000	0.0000	0.0000	0.0000	0.0000	0.0000	0.0000	0.0000	0.0001	0.0011	0.0006	0.0000	0.0000	0.2339	0.0000	0.0000	0.0002	0.0000	0.0000	0.0000	0.0000	0.0000	0.0000	0.0000	0.0020	0.0000	0.0000	0.0000	0.4733	0.0013	0.0000	0.0000	0.0000	0.0000	0.0010	
0.0000	0.0002	0.0000	0.0000	0.2875	0.0048	0.0000	0.0000	0.0000	0.0000	0.0000	0.0000	0.0005	0.0000	0.0021	0.0001	0.0000	0.0006	0.0000	0.0908	0.0000	0.0000	0.0000	0.0000	0.0000	0.0000	0.2318	0.0000	0.0000	0.0000	0.0000	0.0000	0.0000	0.0001	0.3627	0.0000	0.0178	0.0009	0.0000	0.0000	0.0000	0.0000	0.0000	0.0000	0.0000	0.0001	0.0000	0.0000	0.0000	0.0000	
0.0000	0.0000	0.2514	0.0122	0.0000	0.0000	0.0047	0.0022	0.0357	0.0000	0.0087	0.0000	0.0000	0.0003	0.0032	0.0001	0.0021	0.0000	0.0000	0.0000	0.0001	0.0000	0.1103	0.0068	0.0025	0.0000	0.0000	0.0000	0.0988	0.0052	0.0000	0.0007	0.0002	0.0000	0.0000	0.0761	0.0014	0.0007	0.0001	0.0000	0.0001	0.0288	0.0000	0.0380	0.0031	0.0000	0.0262	0.0402	0.0000	0.2400	
0.0000	0.0082	0.0000	0.0001	0.0000	0.0000	0.0003	0.0001	0.0000	0.0877	0.0003	0.0000	0.0000	0.0073	0.0000	0.0157	0.0000	0.0000	0.0146	0.0000	0.0000	0.0000	0.0000	0.0000	0.0004	0.2586	0.0000	0.0000	0.0001	0.0002	0.0000	0.0000	0.0000	0.0000	0.0000	0.0482	0.3239	0.0000	0.0000	0.0000	0.0000	0.2241	0.0000	0.0000	0.0000	0.0000	0.0004	0.0000	0.0095	0.0000	
0.0000	0.0000	0.0002	0.1466	0.0000	0.0000	0.0000	0.0001	0.0000	0.0000	0.0000	0.0000	0.0000	0.0000	0.0000	0.0000	0.2675	0.0000	0.0000	0.0000	0.0009	0.0178	0.0000	0.0183	0.0000	0.0000	0.3651	0.0000	0.0810	0.0000	0.0000	0.0018	0.0001	0.0001	0.0000	0.0048	0.0048	0.0000	0.0000	0.0023	0.0000	0.0000	0.0000	0.0815	0.0031	0.0005	0.0033	0.0000	0.0001	0.0001	
0.0004	0.4665	0.0000	0.0000	0.0000	0.0000	0.0001	0.0002	0.0000	0.0000	0.0001	0.0000	0.2620	0.0000	0.0000	0.0006	0.0000	0.0004	0.0000	0.0031	0.0000	0.0000	0.0006	0.0000	0.0000	0.0000	0.0000	0.0004	0.0000	0.0002	0.0002	0.0052	0.0000	0.0000	0.0000	0.0001	0.0001	0.0000	0.0000	0.0000	0.2515	0.0002	0.0000	0.0000	0.0030	0.0000	0.0000	0.0001	0.0001	0.0048	
0.0000	0.0001	0.0000	0.0099	0.0003	0.0013	0.0021	0.0179	0.0924	0.0000	0.0200	0.0000	0.0000	0.0632	0.0045	0.0000	0.0000	0.0000	0.0000	0.0000	0.0000	0.0000	0.0005	0.0000	0.0000	0.0000	0.5303	0.0129	0.0004	0.0070	0.0000	0.1316	0.0000	0.0000	0.0000	0.0009	0.0065	0.0174	0.0000	0.0000	0.0000	0.0044	0.0000	0.0001	0.0050	0.0143	0.0001	0.0563	0.0007	0.0000	
0.0000	0.0640	0.0000	0.0000	0.0006	0.0000	0.0000	0.0000	0.0000	0.0000	0.0000	0.0000	0.0767	0.0051	0.0508	0.0000	0.0000	0.0004	0.0000	0.0001	0.0021	0.0000	0.0201	0.0000	0.0000	0.0000	0.0000	0.0000	0.0000	0.0000	0.0000	0.0000	0.0000	0.3311	0.0001	0.0000	0.0000	0.0000	0.0000	0.0000	0.0907	0.0000	0.0000	0.0000	0.0000	0.3583	0.0000	0.0000	0.0000	0.0000	
0.0000	0.0000	0.1367	0.0034	0.0000	0.0001	0.0000	0.0000	0.0129	0.0000	0.0000	0.0000	0.0000	0.0001	0.0000	0.0000	0.4597	0.0000	0.0000	0.0000	0.0000	0.0090	0.0286	0.0919	0.0020	0.0129	0.0000	0.0000	0.1091	0.0000	0.0444	0.0000	0.0085	0.0000	0.0000	0.0051	0.0000	0.0004	0.0000	0.0000	0.0000	0.0133	0.0000	0.0601	0.0000	0.0000	0.0005	0.0011	0.0000	0.0000	
0.0334	0.0002	0.0000	0.0000	0.0000	0.0000	0.0696	0.0000	0.0000	0.0000	0.0758	0.0000	0.0000	0.0012	0.0001	0.0006	0.0000	0.0063	0.0000	0.0907	0.0013	0.0000	0.0000	0.0000	0.0000	0.0022	0.0000	0.0012	0.0000	0.0648	0.0001	0.0000	0.0000	0.0000	0.0002	0.0001	0.0004	0.0000	0.0000	0.2466	0.0000	0.3782	0.0000	0.0000	0.0000	0.0000	0.0001	0.0000	0.0268	0.0000	
0.0000	0.0000	0.0001	0.0013	0.0000	0.0000	0.0809	0.0000	0.0001	0.0001	0.1180	0.0309	0.6872	0.0041	0.0207	0.0002	0.0000	0.0000	0.0000	0.0000	0.0000	0.0000	0.0024	0.0001	0.0002	0.0002	0.0000	0.0000	0.0040	0.0248	0.0000	0.0000	0.0000	0.0000	0.0000	0.0015	0.0000	0.0000	0.0034	0.0000	0.0067	0.0002	0.0000	0.0120	0.0000	0.0000	0.0000	0.0007	0.0000	0.0002	
0.0000	0.0000	0.0000	0.0000	0.0000	0.0000	0.0000	0.0000	0.0000	0.0000	0.0000	0.0000	0.1057	0.0000	0.0000	0.0000	0.0019	0.0000	0.0000	0.0000	0.3986	0.0000	0.0000	0.0010	0.0000	0.0000	0.0000	0.0000	0.0000	0.0000	0.3925	0.0000	0.0557	0.0000	0.0000	0.0002	0.0442	0.0000	0.0000	0.0000	0.0000	0.0000	0.0000	0.0000	0.0000	0.0000	0.0000	0.0000	0.0000	0.0000	
0.0000	0.0005	0.0116	0.0000	0.0000	0.0004	0.0000	0.0000	0.0000	0.0000	0.0000	0.0000	0.0000	0.1714	0.0000	0.0203	0.0006	0.0005	0.0000	0.0000	0.0201	0.0002	0.0042	0.0053	0.0000	0.0000	0.0017	0.1465	0.0000	0.0000	0.0001	0.0000	0.0530	0.2563	0.0000	0.0007	0.0004	0.0541	0.0978	0.0000	0.0000	0.0000	0.0000	0.0000	0.0000	0.1427	0.0000	0.0000	0.0000	0.0115	
0.0000	0.0000	0.0002	0.0000	0.0000	0.0003	0.0073	0.0022	0.0000	0.0000	0.0003	0.0000	0.0083	0.0000	0.0005	0.0000	0.0028	0.0000	0.0021	0.0000	0.6105	0.0000	0.0001	0.0076	0.0000	0.0000	0.0000	0.0000	0.0015	0.0004	0.3173	0.0001	0.0043	0.0000	0.0000	0.0014	0.0036	0.0003	0.0000	0.0000	0.0000	0.0000	0.0000	0.0001	0.0253	0.0000	0.0034	0.0001	0.0000	0.0000	
0.0005	0.0002	0.0000	0.0003	0.0000	0.0029	0.0008	0.0000	0.0119	0.0000	0.0000	0.0000	0.0000	0.0004	0.0001	0.0463	0.0000	0.0233	0.0000	0.0000	0.0000	0.0777	0.0011	0.0001	0.0000	0.0000	0.0003	0.0005	0.0000	0.0003	0.0000	0.0000	0.0000	0.2472	0.0000	0.0008	0.0000	0.0231	0.3794	0.0000	0.0001	0.0000	0.1485	0.0000	0.0001	0.0272	0.0000	0.0004	0.0064	0.0000	
0.0000	0.0000	0.0019	0.0134	0.0000	0.0001	0.0000	0.1857	0.0000	0.0234	0.0000	0.0684	0.1297	0.0001	0.0000	0.0000	0.0000	0.0000	0.0000	0.0000	0.0000	0.0000	0.0000	0.0000	0.0026	0.0020	0.0000	0.0000	0.1705	0.0000	0.0000	0.0030	0.0001	0.0000	0.0000	0.0000	0.0000	0.0001	0.0000	0.0016	0.0000	0.0000	0.0000	0.1045	0.2927	0.0000	0.0000	0.0000	0.0000	0.0001	
0.0000	0.0005	0.0000	0.0053	0.0000	0.0000	0.0098	0.0146	0.0007	0.0000	0.0048	0.0003	0.0049	0.0016	0.0006	0.0002	0.0000	0.0001	0.0000	0.0001	0.0034	0.0000	0.0000	0.0000	0.0000	0.0000	0.0910	0.1309	0.0000	0.0004	0.0000	0.0121	0.0000	0.0000	0.0000	0.0084	0.6795	0.0000	0.0000	0.0002	0.0000	0.0001	0.0000	0.0000	0.0272	0.0000	0.0010	0.0019	0.0000	0.0001	
0.0000	0.0206	0.0000	0.0000	0.0063	0.0022	0.0000	0.0175	0.0001	0.0000	0.0000	0.0000	0.0069	0.1026	0.0054	0.0001	0.0000	0.0002	0.0000	0.0001	0.0000	0.0000	0.0013	0.0000	0.0000	0.0000	0.4861	0.0609	0.0000	0.0000	0.0000	0.0812	0.0000	0.0203	0.0005	0.0000	0.0105	0.0000	0.0000	0.0000	0.0109	0.0000	0.0000	0.0000	0.0892	0.0770	0.0000	0.0000	0.0000	0.0000	
0.0000	0.0000	0.0008	0.0819	0.0002	0.0060	0.0001	0.0136	0.0000	0.0000	0.0001	0.0000	0.0000	0.0013	0.0013	0.0238	0.2428	0.0006	0.0000	0.0030	0.0023	0.0054	0.0002	0.4279	0.0000	0.0000	0.0000	0.0007	0.0771	0.0000	0.0000	0.0000	0.0001	0.0288	0.0260	0.0000	0.0000	0.0001	0.0000	0.0000	0.0031	0.0132	0.0000	0.0276	0.0030	0.0003	0.0087	0.0000	0.0000	0.0000	
0.0000	0.0000	0.0882	0.0153	0.0000	0.0004	0.4308	0.0098	0.0000	0.0000	0.0085	0.0000	0.0000	0.0001	0.0012	0.0000	0.0000	0.0001	0.0975	0.0000	0.0000	0.0000	0.0215	0.0000	0.0037	0.0000	0.0000	0.0000	0.1129	0.0367	0.0000	0.0023	0.0000	0.0000	0.0000	0.0001	0.0000	0.0004	0.0000	0.0000	0.0067	0.0004	0.0000	0.0221	0.0083	0.0001	0.0902	0.0022	0.0000	0.0403	
0.0000	0.0000	0.0000	0.0736	0.1388	0.0000	0.0000	0.0000	0.0000	0.0000	0.0003	0.0000	0.0000	0.0020	0.0000	0.0000	0.0000	0.0000	0.0000	0.0104	0.0000	0.0000	0.0000	0.0000	0.0001	0.0000	0.0002	0.0039	0.3877	0.0000	0.0002	0.0004	0.0011	0.0000	0.0179	0.0000	0.0000	0.0000	0.0000	0.0000	0.0000	0.0000	0.0000	0.3633	0.0000	0.0000	0.0000	0.0000	0.0000	0.0000	
0.0000	0.0231	0.0000	0.0003	0.0000	0.0014	0.0000	0.0000	0.0058	0.3898	0.0000	0.0005	0.0000	0.0000	0.0000	0.0005	0.1165	0.0002	0.0000	0.0000	0.0000	0.0037	0.0000	0.0763	0.0000	0.2623	0.0005	0.0000	0.0005	0.0000	0.0001	0.0000	0.0000	0.0009	0.0001	0.0013	0.1116	0.0004	0.0031	0.0000	0.0000	0.0000	0.0000	0.0005	0.0000	0.0003	0.0000	0.0000	0.0000	0.0003	
0.0000	0.0001	0.0006	0.0120	0.0000	0.0000	0.0000	0.0000	0.3632	0.0000	0.0000	0.4595	0.0003	0.0019	0.0000	0.0000	0.0126	0.0000	0.0000	0.0000	0.0000	0.0000	0.0001	0.0013	0.0544	0.0000	0.0003	0.0000	0.0430	0.0000	0.0000	0.0000	0.0000	0.0000	0.0000	0.0000	0.0004	0.0000	0.0000	0.0000	0.0001	0.0000	0.0000	0.0488	0.0000	0.0000	0.0000	0.0000	0.0000	0.0012	
0.0010	0.0057	0.0000	0.0000	0.0000	0.0000	0.0000	0.0000	0.0000	0.0001	0.0000	0.0000	0.0000	0.0000	0.0002	0.0000	0.0000	0.0000	0.0000	0.0003	0.0000	0.0000	0.0099	0.0000	0.0000	0.0000	0.0000	0.0000	0.0000	0.0000	0.0000	0.0001	0.0009	0.0070	0.0000	0.0000	0.0000	0.0000	0.0027	0.0000	0.0705	0.0008	0.0000	0.0000	0.0000	0.0050	0.0000	0.0000	0.0000	0.8956	
0.0996	0.0001	0.0000	0.0001	0.0000	0.0000	0.1057	0.0000	0.0000	0.0000	0.0833	0.0000	0.0000	0.0000	0.0003	0.0013	0.0000	0.0346	0.0000	0.0746	0.0180	0.0000	0.0000	0.0000	0.0000	0.0000	0.0000	0.0021	0.0000	0.1513	0.0000	0.0000	0.0000	0.0001	0.0007	0.0001	0.0000	0.0000	0.0000	0.2736	0.0000	0.1355	0.0000	0.0000	0.0000	0.0000	0.0001	0.0001	0.0185	0.0000	
0.0000	0.0000	0.1296	0.0040	0.0000	0.0000	0.0147	0.0000	0.0059	0.0000	0.0012	0.0000	0.0000	0.0000	0.0003	0.0001	0.0001	0.0000	0.0000	0.0000	0.0004	0.0000	0.0856	0.0000	0.0063	0.0000	0.0000	0.0002	0.0229	0.0001	0.0357	0.0021	0.0070	0.3957	0.0000	0.0303	0.0007	0.0000	0.0000	0.0000	0.0000	0.0052	0.0000	0.0054	0.0000	0.2433	0.0005	0.0028	0.0000	0.0000	
0.0011	0.0004	0.0000	0.0000	0.0005	0.0047	0.0000	0.0004	0.0333	0.0000	0.0000	0.0000	0.0000	0.0003	0.0007	0.0038	0.0000	0.0929	0.0000	0.0000	0.0000	0.0405	0.0015	0.0001	0.0000	0.0000	0.0034	0.0002	0.0000	0.0000	0.0000	0.0007	0.0000	0.1748	0.0000	0.0003	0.0032	0.0146	0.3471	0.0000	0.0002	0.0001	0.1730	0.0000	0.0006	0.0988	0.0000	0.0000	0.0028	0.0000	
0.0000	0.0001	0.0000	0.0019	0.0000	0.0001	0.0854	0.0008	0.0000	0.0000	0.0168	0.0000	0.3474	0.0022	0.0001	0.0002	0.3455	0.0000	0.0000	0.0001	0.0000	0.0264	0.0000	0.0001	0.0000	0.0002	0.0000	0.0008	0.0000	0.0118	0.0043	0.0001	0.0417	0.0000	0.0000	0.0050	0.0700	0.0000	0.0002	0.0010	0.0009	0.0010	0.0000	0.0002	0.0131	0.0000	0.0191	0.0009	0.0025	0.0000	
0.0000	0.0111	0.0000	0.0001	0.0077	0.0017	0.1208	0.0113	0.0000	0.0353	0.0150	0.0000	0.3506	0.0485	0.0619	0.0046	0.0004	0.0021	0.0000	0.0248	0.0000	0.0000	0.0094	0.0002	0.0080	0.0049	0.0218	0.0031	0.0002	0.0296	0.0000	0.0000	0.0000	0.0016	0.0588	0.0058	0.0275	0.0002	0.0003	0.0015	0.0869	0.0061	0.0000	0.0027	0.0012	0.0006	0.0125	0.0033	0.0176	0.0000	
0.0008	0.0003	0.0017	0.0019	0.0000	0.0000	0.0013	0.0000	0.0400	0.0000	0.0006	0.2616	0.0324	0.0024	0.0006	0.0017	0.0039	0.0000	0.0000	0.0000	0.0027	0.0000	0.0010	0.0057	0.0055	0.0000	0.0000	0.0000	0.0453	0.0000	0.0000	0.0000	0.0000	0.0002	0.0000	0.0003	0.0001	0.0000	0.0031	0.0000	0.1686	0.0000	0.0000	0.0058	0.0000	0.0003	0.0000	0.0009	0.0000	0.4111	
0.0083	0.0687	0.0000	0.0003	0.0000	0.1652	0.0153	0.0001	0.0000	0.3866	0.0160	0.0000	0.0000	0.0315	0.0004	0.0000	0.0000	0.0000	0.0000	0.0000	0.0000	0.0000	0.0001	0.0000	0.0000	0.1353	0.0000	0.0291	0.0000	0.0222	0.0000	0.0000	0.0000	0.0000	0.0000	0.0000	0.0597	0.0491	0.0000	0.0001	0.0000	0.0000	0.0000	0.0000	0.0007	0.0000	0.0110	0.0004	0.0000	0.0000	

Emissions
0.0868	0.3970	0.0906	0.3349	0.0039	0.0868	0.0000	
0.1646	0.8349	0.0004	0.0000	0.0000	0.0000	0.0000	
0.0000	0.0000	0.0204	0.0000	0.0001	0.0009	0.9786	
0.0000	0.0000	0.0023	0.0000	0.0000	0.0006	0.9971	
0.7154	0.0000	0.0000	0.0000	0.2846	0.0000	0.0000	
0.0000	0.0094	0.1380	0.0000	0.0000	0.0000	0.8526	
0.0002	0.0000	0.7730	0.0000	0.0000	0.0006	0.2262	
0.0000	0.0000	0.9550	0.0000	0.0000	0.0000	0.0450	
0.0000	0.0776	0.9219	0.0000	0.0000	0.0000	0.0004	
0.0000	0.0000	0.3594	0.0000	0.6406	0.0000	0.0000	
0.0005	0.0000	0.5795	0.0000	0.0000	0.0000	0.4199	
0.0000	0.1994	0.0000	0.7152	0.0018	0.0117	0.0719	
0.0002	0.9381	0.0587	0.0004	0.0026	0.0000	0.0000	
0.0000	0.1163	0.8836	0.0000	0.0000	0.0000	0.0001	
0.0059	0.0016	0.9925	0.0000	0.0001	0.0000	0.0000	
0.9422	0.0000	0.0497	0.0000	0.0000	0.0080	0.0000	
0.0000	0.0000	0.0000	0.0000	0.0000	0.9935	0.0064	
0.9001	0.0655	0.0141	0.0000	0.0000	0.0203	0.0000	
0.0039	0.0007	0.0033	0.0000	0.8648	0.0047	0.1226	
0.8316	0.0000	0.0001	0.0000	0.1683	0.0000	0.0000	
0.5129	0.4870	0.0000	0.0000	0.0000	0.0000	0.0001	
0.0044	0.0000	0.0170	0.0000	0.0000	0.9786	0.0000	
0.0000	0.0000	0.9994	0.0000	0.0003	0.0000	0.0002	
0.0000	0.0000	0.0000	0.0000	0.0000	0.5017	0.4983	
0.0000	0.0000	0.0035	0.0000	0.0000	0.0000	0.9965	
0.0000	0.0012	0.0534	0.0000	0.9441	0.0000	0.0013	
0.2311	0.5833	0.0093	0.1634	0.0000	0.0000	0.0128	
0.0000	0.0266	0.9733	0.0000	0.0000	0.0002	0.0000	
0.0000	0.0000	0.0003	0.0000	0.0000	0.0036	0.9960	
0.0047	0.0000	0.9889	0.0000	0.0000	0.0000	0.0064	
0.0000	0.0000	0.0059	0.0000	0.0008	0.9933	0.0000	
0.0000	0.0000	0.9994	0.0000	0.0000	0.0006	0.0000	
0.0000	0.0000	0.0011	0.0000	0.0000	0.9989	0.0000	
1.0000	0.0000	0.0000	0.0000	0.0000	0.0000	0.0000	
0.6241	0.0000	0.0000	0.0000	0.3759	0.0000	0.0000	
0.1231	0.0333	0.1383	0.0001	0.0060	0.0000	0.6991	
0.0160	0.9663	0.0000	0.0015	0.0000	0.0000	0.0162	
0.0000	0.1832	0.0132	0.0000	0.0000	0.0000	0.8036	
0.4528	0.0651	0.0002	0.0000	0.0000	0.4819	0.0000	
0.2553	0.0121	0.0453	0.0655	0.6218	0.0000	0.0000	
0.9938	0.0058	0.0003	0.0002	0.0000	0.0000	0.0000	
0.5560	0.0000	0.4440	0.0000	0.0000	0.0000	0.0000	
0.0202	0.0000	0.5943	0.2349	0.0000	0.1507	0.0000	
0.0000	0.0000	0.0000	0.0000	0.0000	0.1798	0.8202	
0.0000	0.0000	0.9135	0.0000	0.0000	0.0002	0.0863	
0.9999	0.0000	0.0000	0.0000	0.0000	0.0000	0.0001	
0.0001	0.0000	0.0787	0.0000	0.0001	0.0007	0.9205	
0.0001	0.0018	0.8408	0.0000	0.0000	0.0000	0.1573	
0.1863	0.0000	0.8137	0.0000	0.0000	0.0000	0.0000	
0.0036	0.0151	0.0013	0.5366	0.0026	0.4408	0.0001	
