DataSet 23
Learner: Baum Welch Learner
Log Likelihood: 50108.0406453787

Number of States: 80
Number of Symbols: 7
Threshold: 0.01

Initial Distribution:
0.0000	0.0000	0.0000	0.0787	0.0000	0.0000	0.0000	0.0000	0.0000	0.0000	0.0000	0.0000	0.0000	0.0000	0.0000	0.0000	0.0000	0.0000	0.0000	0.0000	0.0004	0.0000	0.1687	0.0000	0.0000	0.0000	0.0000	0.0009	0.0000	0.0000	0.0000	0.0000	0.0000	0.0000	0.0000	0.0000	0.0000	0.0000	0.0000	0.0367	0.0000	0.0000	0.0000	0.0000	0.0000	0.0000	0.0001	0.0000	0.0000	0.0000	0.0003	0.0000	0.0000	0.0000	0.5699	0.0000	0.0008	0.0003	0.0000	0.0000	0.0000	0.0011	0.0000	0.0000	0.0000	0.0000	0.0000	0.0000	0.0000	0.0000	0.0000	0.0000	0.0000	0.0006	0.0000	0.0000	0.1414	0.0000	0.0000	0.0000	

Transitions:
0.0000	0.0002	0.0000	0.0000	0.0003	0.0000	0.0000	0.0000	0.0000	0.0000	0.0000	0.0000	0.0000	0.0011	0.0000	0.0019	0.0010	0.0000	0.0000	0.0000	0.0000	0.0010	0.0000	0.0000	0.0000	0.0000	0.0000	0.0000	0.0000	0.0065	0.0000	0.0007	0.0000	0.0002	0.0000	0.0000	0.0000	0.0020	0.0001	0.0000	0.0000	0.0000	0.0201	0.0000	0.0001	0.0001	0.0000	0.0001	0.0000	0.0000	0.0003	0.0052	0.0000	0.0001	0.6816	0.0000	0.0000	0.0000	0.0000	0.1390	0.0015	0.0000	0.0001	0.0001	0.0000	0.0002	0.0009	0.0000	0.0000	0.0000	0.0012	0.0093	0.0000	0.0081	0.0001	0.0018	0.1141	0.0001	0.0007	0.0000	
0.2098	0.0000	0.0000	0.0000	0.0107	0.0000	0.0000	0.0000	0.0000	0.0001	0.0000	0.0000	0.0000	0.0000	0.0000	0.0003	0.0000	0.0000	0.0000	0.0000	0.0000	0.0000	0.0000	0.0000	0.0000	0.0000	0.0000	0.0000	0.0000	0.0013	0.0006	0.0000	0.0000	0.0000	0.0003	0.0003	0.0000	0.0241	0.0000	0.0000	0.0000	0.1783	0.0000	0.0327	0.0000	0.0003	0.0002	0.0015	0.0000	0.2535	0.0000	0.0000	0.0000	0.0000	0.0000	0.0000	0.0000	0.0000	0.0005	0.0774	0.0000	0.0000	0.0012	0.0000	0.0028	0.0003	0.0093	0.0000	0.1639	0.0000	0.0000	0.0001	0.0000	0.0000	0.0005	0.0298	0.0000	0.0001	0.0001	0.0000	
0.0324	0.0001	0.0291	0.0002	0.0000	0.0038	0.0000	0.0948	0.0000	0.0012	0.0005	0.4240	0.0263	0.0007	0.0070	0.0000	0.0000	0.0079	0.0000	0.0192	0.0003	0.0000	0.0001	0.0357	0.0204	0.0064	0.0267	0.0332	0.0872	0.0002	0.0008	0.0000	0.0127	0.0004	0.0000	0.0005	0.0006	0.0000	0.0005	0.0003	0.0034	0.0000	0.0000	0.0071	0.0022	0.0002	0.0000	0.0002	0.0000	0.0000	0.0001	0.0003	0.0640	0.0039	0.0000	0.0156	0.0224	0.0024	0.0003	0.0000	0.0001	0.0002	0.0004	0.0000	0.0000	0.0001	0.0000	0.0005	0.0010	0.0005	0.0002	0.0001	0.0008	0.0000	0.0000	0.0000	0.0000	0.0000	0.0000	0.0000	
0.0007	0.0000	0.0000	0.0002	0.0225	0.0000	0.3291	0.0000	0.0100	0.0002	0.0004	0.0000	0.0000	0.0000	0.0000	0.0000	0.0027	0.0000	0.0000	0.0000	0.0000	0.0000	0.0000	0.0000	0.0012	0.0076	0.0000	0.0000	0.0000	0.0030	0.0000	0.0000	0.0028	0.0000	0.0000	0.0001	0.0000	0.0000	0.0000	0.0000	0.0000	0.0000	0.0002	0.0002	0.0000	0.0000	0.0045	0.0000	0.3121	0.0139	0.0000	0.0000	0.0000	0.0000	0.0000	0.0000	0.0000	0.0000	0.0001	0.0000	0.0001	0.0000	0.0047	0.0002	0.0002	0.2323	0.0000	0.0387	0.0000	0.0000	0.0005	0.0002	0.0000	0.0000	0.0114	0.0000	0.0000	0.0000	0.0000	0.0000	
0.0000	0.0000	0.0006	0.0000	0.0000	0.0005	0.0000	0.0000	0.0000	0.0000	0.0000	0.0000	0.0000	0.0000	0.0000	0.0069	0.1594	0.0027	0.0225	0.0315	0.0424	0.0137	0.0537	0.0002	0.0001	0.0005	0.0090	0.0000	0.0001	0.0000	0.0000	0.0001	0.0000	0.0000	0.0002	0.0000	0.0000	0.0002	0.0000	0.0357	0.0072	0.0000	0.0000	0.0000	0.0007	0.0000	0.0000	0.0047	0.0000	0.0009	0.0120	0.0080	0.0000	0.0000	0.0000	0.0056	0.0000	0.0000	0.0000	0.0006	0.0000	0.0017	0.0000	0.0005	0.0005	0.0000	0.4608	0.0026	0.0000	0.0000	0.0000	0.0000	0.0014	0.0000	0.0000	0.0000	0.0024	0.0039	0.0552	0.0512	
0.0004	0.0344	0.0005	0.0009	0.0000	0.0000	0.0001	0.0000	0.0224	0.0018	0.0083	0.0001	0.0042	0.0004	0.0001	0.0020	0.0161	0.0115	0.0004	0.0026	0.0000	0.0062	0.0023	0.0018	0.0002	0.1178	0.0001	0.0000	0.0012	0.0189	0.0162	0.0002	0.0007	0.0003	0.0096	0.0056	0.0000	0.0001	0.0001	0.0148	0.0000	0.0000	0.3265	0.0001	0.0014	0.0003	0.0006	0.0006	0.0436	0.0068	0.0000	0.1482	0.0000	0.0068	0.0011	0.0016	0.0000	0.0000	0.0325	0.0044	0.0014	0.0002	0.0062	0.0002	0.0000	0.0014	0.0000	0.0290	0.0003	0.0001	0.0033	0.0028	0.0012	0.0000	0.0396	0.0000	0.0014	0.0030	0.0320	0.0010	
0.0000	0.0012	0.0014	0.0000	0.0001	0.0000	0.0000	0.0000	0.0000	0.0000	0.0000	0.0000	0.0000	0.0001	0.0000	0.0000	0.0000	0.0541	0.0000	0.0043	0.0000	0.0000	0.0000	0.0024	0.0004	0.0000	0.0058	0.0000	0.0001	0.0000	0.0000	0.0044	0.0000	0.0000	0.0010	0.0000	0.0001	0.0163	0.0000	0.0000	0.0000	0.0000	0.0001	0.0000	0.0003	0.0000	0.0000	0.0001	0.0000	0.0000	0.0000	0.0007	0.0000	0.0070	0.5655	0.0048	0.0000	0.0000	0.0000	0.0000	0.0000	0.0000	0.0034	0.0000	0.0003	0.0004	0.2064	0.0000	0.0000	0.0000	0.0000	0.0000	0.0005	0.0001	0.0000	0.0001	0.1157	0.0030	0.0000	0.0000	
0.0000	0.0007	0.0000	0.0000	0.0000	0.0000	0.0000	0.0000	0.0055	0.0000	0.0000	0.0001	0.0000	0.0000	0.0000	0.0000	0.0000	0.0001	0.0000	0.0000	0.0000	0.0000	0.0000	0.0000	0.0000	0.0447	0.0000	0.0000	0.0000	0.0000	0.0001	0.0000	0.0000	0.0000	0.0331	0.0000	0.0000	0.0000	0.0000	0.0003	0.0000	0.0000	0.0315	0.0000	0.0000	0.0000	0.0000	0.0000	0.0000	0.0928	0.0000	0.0802	0.0000	0.0000	0.0000	0.0000	0.0000	0.0000	0.0001	0.0000	0.0000	0.0001	0.0000	0.0000	0.0002	0.0000	0.0000	0.7100	0.0000	0.0000	0.0000	0.0000	0.0000	0.0000	0.0000	0.0000	0.0000	0.0000	0.0000	0.0000	
0.0000	0.0034	0.0001	0.0001	0.0010	0.0013	0.0151	0.0000	0.0000	0.0001	0.0001	0.0000	0.0000	0.0060	0.0006	0.0702	0.0872	0.0000	0.0136	0.0000	0.0028	0.0364	0.0003	0.0000	0.0000	0.0000	0.0037	0.0006	0.0000	0.0000	0.0001	0.0025	0.0000	0.0093	0.0003	0.0010	0.0001	0.0002	0.0016	0.0029	0.0041	0.0000	0.0001	0.0000	0.0003	0.0015	0.0035	0.0002	0.0114	0.0000	0.0007	0.0000	0.0000	0.0000	0.0000	0.0000	0.0003	0.0003	0.0003	0.0000	0.0099	0.0005	0.0000	0.0454	0.0422	0.0000	0.0002	0.0000	0.0000	0.0069	0.0082	0.0073	0.0000	0.0003	0.0016	0.0001	0.0716	0.1894	0.3323	0.0004	
0.0000	0.3883	0.0004	0.0183	0.0139	0.0013	0.0047	0.0000	0.0000	0.0002	0.0004	0.0005	0.0002	0.0097	0.0011	0.0146	0.0108	0.0000	0.0001	0.0000	0.0016	0.0001	0.0000	0.0000	0.0002	0.0000	0.0001	0.0015	0.0001	0.0002	0.0005	0.0218	0.0003	0.0284	0.0022	0.0014	0.0012	0.0005	0.0052	0.0000	0.0139	0.0000	0.0020	0.0000	0.0007	0.0079	0.0605	0.0003	0.1136	0.0000	0.0148	0.0001	0.0000	0.0007	0.0009	0.0000	0.0044	0.0326	0.0003	0.0001	0.0229	0.0000	0.0002	0.0665	0.0181	0.0000	0.0005	0.0000	0.0002	0.0126	0.0112	0.0231	0.0001	0.0083	0.0017	0.0017	0.0101	0.0229	0.0174	0.0004	
0.0008	0.0707	0.0001	0.0021	0.0027	0.0019	0.0003	0.0001	0.0000	0.0010	0.0010	0.0072	0.0000	0.0022	0.0165	0.0007	0.0002	0.0007	0.0002	0.0000	0.0232	0.0006	0.0009	0.0000	0.0000	0.0000	0.0000	0.0033	0.0001	0.0001	0.0009	0.2030	0.0002	0.0017	0.0000	0.0006	0.0000	0.0017	0.0027	0.0012	0.0066	0.0000	0.0009	0.0002	0.0003	0.0031	0.0016	0.0001	0.0027	0.0468	0.0005	0.0005	0.0000	0.0002	0.0023	0.0000	0.0015	0.0026	0.0057	0.0000	0.0344	0.0005	0.0001	0.0046	0.0005	0.0001	0.4268	0.0001	0.0004	0.0022	0.0031	0.0143	0.0001	0.0788	0.0025	0.0067	0.0005	0.0001	0.0001	0.0002	
0.0002	0.0004	0.0000	0.0000	0.0000	0.0000	0.0000	0.0000	0.0047	0.0053	0.0002	0.0000	0.0001	0.0368	0.0000	0.0000	0.0000	0.0000	0.0010	0.0000	0.0001	0.0000	0.0000	0.0000	0.0000	0.0255	0.0002	0.0000	0.0000	0.0098	0.0125	0.0000	0.0000	0.0724	0.0000	0.0085	0.1066	0.0000	0.1073	0.0057	0.0000	0.0000	0.0001	0.0001	0.0000	0.0007	0.0000	0.0000	0.0000	0.0008	0.0000	0.0001	0.0002	0.0000	0.0000	0.0000	0.0000	0.0000	0.0971	0.0002	0.0026	0.0024	0.1370	0.0008	0.0000	0.0007	0.0000	0.0001	0.0000	0.0329	0.1053	0.0666	0.0000	0.0000	0.1547	0.0000	0.0000	0.0000	0.0000	0.0002	
0.0000	0.2346	0.0458	0.0116	0.0001	0.0006	0.0010	0.0002	0.0000	0.0021	0.0326	0.0256	0.0088	0.0003	0.0037	0.0005	0.0009	0.0000	0.0005	0.0001	0.0198	0.0012	0.0000	0.0016	0.0000	0.0000	0.1520	0.0000	0.0002	0.0016	0.0000	0.0250	0.0027	0.0002	0.0000	0.0184	0.0189	0.0001	0.0000	0.0005	0.0527	0.0000	0.0001	0.0000	0.0083	0.0045	0.0534	0.0009	0.0765	0.0000	0.0015	0.0001	0.0011	0.0021	0.0000	0.0075	0.0003	0.0007	0.0181	0.0000	0.0207	0.0001	0.0003	0.0003	0.0009	0.0001	0.0573	0.0000	0.0056	0.0007	0.0050	0.0052	0.0288	0.0003	0.0276	0.0000	0.0013	0.0001	0.0000	0.0064	
0.0000	0.0033	0.0004	0.0000	0.0068	0.0000	0.0001	0.0000	0.0002	0.0001	0.0000	0.0000	0.0000	0.0312	0.0000	0.0005	0.0022	0.0000	0.0000	0.0003	0.0000	0.0001	0.0000	0.0000	0.0000	0.0000	0.0000	0.0000	0.0001	0.0000	0.0002	0.0002	0.0000	0.1369	0.0058	0.0000	0.0000	0.1843	0.0987	0.0000	0.0000	0.0000	0.0063	0.0000	0.0000	0.0019	0.0002	0.0000	0.0006	0.0001	0.0000	0.0003	0.0000	0.0002	0.0000	0.0004	0.0000	0.0000	0.0003	0.0000	0.0317	0.0000	0.0009	0.0218	0.0001	0.0001	0.0000	0.0001	0.0001	0.0494	0.1171	0.0233	0.0003	0.0000	0.0009	0.2297	0.0013	0.0122	0.0290	0.0000	
0.0000	0.0000	0.0005	0.0008	0.0000	0.0000	0.0000	0.0000	0.0046	0.0001	0.0089	0.0009	0.0034	0.0001	0.0000	0.0000	0.0000	0.0002	0.0001	0.0026	0.0000	0.0000	0.0016	0.0040	0.0001	0.0019	0.0000	0.0000	0.0000	0.0384	0.0634	0.0000	0.0007	0.0000	0.0003	0.5860	0.0001	0.0000	0.0000	0.0000	0.0000	0.0000	0.0071	0.0000	0.0002	0.0001	0.0019	0.0004	0.0066	0.0000	0.0000	0.0080	0.0007	0.0000	0.0000	0.0004	0.0000	0.0000	0.1582	0.0011	0.0005	0.0000	0.0007	0.0000	0.0000	0.0004	0.0000	0.0033	0.0001	0.0000	0.0002	0.0009	0.0012	0.0000	0.0863	0.0000	0.0000	0.0006	0.0000	0.0022	
0.0044	0.0000	0.0000	0.0000	0.0000	0.0000	0.0001	0.0000	0.0000	0.0055	0.0050	0.0000	0.0001	0.0009	0.0000	0.0000	0.0000	0.0052	0.0016	0.0059	0.0006	0.0000	0.0000	0.0006	0.0000	0.0000	0.0086	0.0000	0.0001	0.0017	0.0029	0.0000	0.0000	0.0006	0.0001	0.1371	0.0000	0.0000	0.0000	0.0000	0.0049	0.0000	0.0001	0.0037	0.0000	0.0036	0.0000	0.0292	0.0000	0.0000	0.0063	0.0001	0.0000	0.0000	0.0000	0.0011	0.0000	0.0000	0.0062	0.0007	0.0340	0.0003	0.0017	0.0001	0.0000	0.0007	0.6396	0.0000	0.0015	0.0006	0.0029	0.0037	0.0001	0.0000	0.0368	0.0000	0.0000	0.0000	0.0000	0.0407	
0.1640	0.0000	0.0002	0.0000	0.0000	0.0000	0.0000	0.0000	0.0000	0.0001	0.0001	0.0000	0.0001	0.0018	0.0000	0.0000	0.0000	0.0423	0.0004	0.0087	0.0000	0.0000	0.0000	0.0014	0.0000	0.0000	0.0270	0.0000	0.0003	0.0000	0.0000	0.0000	0.0000	0.0017	0.0000	0.0017	0.0000	0.0000	0.0006	0.0000	0.0000	0.0000	0.0000	0.1604	0.0001	0.0447	0.0000	0.0146	0.0000	0.0000	0.0000	0.0000	0.0000	0.0000	0.0000	0.0019	0.0000	0.0000	0.0001	0.0002	0.0035	0.0000	0.0000	0.0001	0.0001	0.0003	0.2274	0.0000	0.2331	0.0009	0.0279	0.0200	0.0019	0.0000	0.0004	0.0000	0.0000	0.0000	0.0000	0.0118	
0.0043	0.0000	0.0133	0.0000	0.0006	0.0001	0.0000	0.0019	0.0000	0.0000	0.0000	0.0009	0.0000	0.0000	0.0002	0.0000	0.0000	0.0060	0.0000	0.0996	0.0000	0.0000	0.0000	0.0066	0.0245	0.0000	0.0000	0.0016	0.1122	0.0000	0.0000	0.0000	0.0000	0.0000	0.0607	0.0000	0.0000	0.1090	0.0000	0.0009	0.0000	0.0032	0.0023	0.0009	0.0009	0.0000	0.0000	0.0000	0.0000	0.0001	0.0000	0.1895	0.0146	0.0050	0.0000	0.0740	0.0006	0.0005	0.0000	0.0000	0.0000	0.0010	0.0000	0.0000	0.0158	0.0001	0.0002	0.0000	0.0001	0.0000	0.0000	0.0000	0.2470	0.0000	0.0000	0.0016	0.0000	0.0000	0.0000	0.0000	
0.0007	0.0014	0.0366	0.0018	0.0000	0.0001	0.0002	0.0000	0.0000	0.0095	0.0028	0.0000	0.0001	0.0016	0.0000	0.0000	0.0096	0.0020	0.0000	0.0999	0.0005	0.0007	0.0035	0.1773	0.0002	0.0000	0.0000	0.0000	0.0165	0.0155	0.0000	0.0000	0.0000	0.0000	0.0000	0.0106	0.0000	0.0000	0.0004	0.0008	0.0004	0.0000	0.0000	0.0004	0.0037	0.0005	0.0016	0.0000	0.0121	0.0000	0.0000	0.0000	0.0000	0.0250	0.0001	0.0692	0.0000	0.0000	0.0157	0.0000	0.0051	0.0000	0.3185	0.0060	0.0010	0.0840	0.0003	0.0000	0.0001	0.0002	0.0039	0.0002	0.0069	0.0000	0.0524	0.0000	0.0000	0.0000	0.0000	0.0001	
0.0004	0.0000	0.0891	0.0000	0.0000	0.0003	0.0000	0.0660	0.0000	0.0000	0.0001	0.3120	0.0024	0.0000	0.0217	0.0000	0.0000	0.0088	0.0000	0.0956	0.0002	0.0000	0.0001	0.0565	0.0204	0.0001	0.0008	0.0321	0.0941	0.0000	0.0000	0.0000	0.0066	0.0000	0.0003	0.0000	0.0000	0.0000	0.0000	0.0003	0.0025	0.0001	0.0000	0.0014	0.0114	0.0001	0.0000	0.0002	0.0000	0.0000	0.0000	0.0008	0.0456	0.0213	0.0005	0.0323	0.0086	0.0088	0.0000	0.0000	0.0000	0.0001	0.0000	0.0000	0.0006	0.0000	0.0004	0.0001	0.0019	0.0000	0.0000	0.0000	0.0555	0.0000	0.0000	0.0000	0.0000	0.0000	0.0000	0.0000	
0.0037	0.0001	0.0060	0.0017	0.0000	0.0000	0.0000	0.0000	0.0004	0.0035	0.0035	0.0000	0.0031	0.0003	0.0000	0.0000	0.0325	0.0034	0.0000	0.0005	0.0004	0.0167	0.0010	0.0523	0.0016	0.0000	0.0003	0.0000	0.0106	0.1036	0.0019	0.0000	0.0000	0.0005	0.0000	0.0120	0.0000	0.0000	0.0004	0.0000	0.0018	0.0000	0.0001	0.0018	0.0010	0.0009	0.0031	0.0001	0.4784	0.0000	0.0001	0.0000	0.0000	0.0005	0.0001	0.0000	0.0000	0.0002	0.0927	0.0021	0.0028	0.0000	0.0133	0.0072	0.0000	0.0841	0.0001	0.0000	0.0000	0.0001	0.0006	0.0038	0.0267	0.0000	0.0180	0.0000	0.0000	0.0000	0.0000	0.0003	
0.3182	0.0001	0.0001	0.0000	0.0000	0.0000	0.0001	0.0000	0.0000	0.0011	0.0012	0.0000	0.0014	0.0009	0.0000	0.0000	0.0000	0.0462	0.0010	0.0246	0.0000	0.0000	0.0000	0.0033	0.0001	0.0000	0.0238	0.0000	0.0005	0.0005	0.0010	0.0000	0.0000	0.0125	0.0003	0.0141	0.0000	0.0000	0.0008	0.0001	0.0000	0.0000	0.0001	0.2181	0.0002	0.0354	0.0000	0.0213	0.0000	0.0000	0.0002	0.0000	0.0000	0.0000	0.0000	0.0004	0.0000	0.0000	0.0056	0.0005	0.0064	0.0006	0.0001	0.0000	0.0001	0.0007	0.0984	0.0000	0.0702	0.0010	0.0077	0.0489	0.0002	0.0000	0.0033	0.0000	0.0000	0.0000	0.0000	0.0286	
0.0000	0.0000	0.0092	0.0004	0.0000	0.0000	0.0233	0.0000	0.0081	0.0005	0.0008	0.1076	0.0105	0.0000	0.0000	0.0000	0.0000	0.0007	0.0000	0.0440	0.0000	0.0000	0.0000	0.1367	0.0291	0.0020	0.0058	0.0000	0.0673	0.0000	0.0000	0.0000	0.0012	0.0000	0.0000	0.0000	0.0000	0.0000	0.0000	0.0000	0.2913	0.0000	0.0000	0.0000	0.0002	0.0000	0.0000	0.0001	0.0694	0.0039	0.1418	0.0000	0.0000	0.0016	0.0000	0.0384	0.0000	0.0000	0.0000	0.0000	0.0000	0.0000	0.0000	0.0000	0.0000	0.0015	0.0004	0.0018	0.0000	0.0000	0.0000	0.0000	0.0023	0.0000	0.0000	0.0000	0.0000	0.0000	0.0000	0.0000	
0.0091	0.0000	0.0135	0.0003	0.0000	0.0113	0.0000	0.0051	0.0000	0.0000	0.0000	0.4570	0.0033	0.0000	0.0129	0.0000	0.0000	0.0026	0.0000	0.0124	0.0001	0.0000	0.0000	0.0169	0.0785	0.0002	0.0121	0.1029	0.1065	0.0000	0.0000	0.0001	0.0018	0.0000	0.0000	0.0000	0.0000	0.0000	0.0000	0.0000	0.0025	0.0004	0.0000	0.0096	0.0047	0.0001	0.0000	0.0002	0.0000	0.0001	0.0000	0.0002	0.0330	0.0011	0.0004	0.0163	0.0045	0.0399	0.0000	0.0000	0.0000	0.0000	0.0000	0.0000	0.0009	0.0000	0.0176	0.0001	0.0019	0.0001	0.0000	0.0000	0.0192	0.0000	0.0000	0.0000	0.0000	0.0000	0.0000	0.0001	
0.0056	0.0000	0.0044	0.0000	0.0000	0.0054	0.0000	0.0026	0.0013	0.0033	0.0045	0.1010	0.0115	0.0746	0.0065	0.0000	0.0000	0.0104	0.0001	0.0256	0.0013	0.0000	0.0000	0.0932	0.0255	0.0091	0.0054	0.0044	0.1192	0.0100	0.0043	0.0000	0.0102	0.0833	0.0000	0.0045	0.0285	0.0000	0.0627	0.0001	0.0002	0.0000	0.0000	0.0056	0.0062	0.0014	0.0000	0.0001	0.0000	0.0000	0.0001	0.0016	0.0195	0.0014	0.0000	0.0087	0.0219	0.0026	0.0109	0.0000	0.0039	0.0000	0.0087	0.0002	0.0000	0.0006	0.0000	0.0010	0.0007	0.0705	0.0589	0.0266	0.0212	0.0000	0.0084	0.0000	0.0000	0.0000	0.0000	0.0002	
0.0000	0.0000	0.0000	0.0000	0.0004	0.0000	0.0000	0.0000	0.0000	0.0004	0.0000	0.0000	0.0001	0.0004	0.0002	0.0338	0.0675	0.0000	0.0000	0.0000	0.0008	0.0058	0.0000	0.0000	0.0000	0.0000	0.2969	0.0000	0.0000	0.0000	0.0002	0.0001	0.0000	0.0014	0.0004	0.0003	0.0002	0.0000	0.0025	0.0000	0.0363	0.0000	0.0000	0.0000	0.0000	0.0010	0.0000	0.0003	0.0000	0.0000	0.0047	0.0000	0.0000	0.0000	0.0000	0.0000	0.0000	0.0000	0.0001	0.0000	0.0011	0.0000	0.0001	0.0007	0.1699	0.0000	0.0000	0.0000	0.0000	0.0064	0.0020	0.0001	0.0000	0.0000	0.0003	0.0000	0.0024	0.0154	0.3471	0.0009	
0.0000	0.0000	0.0002	0.0004	0.0000	0.0001	0.0001	0.0000	0.0000	0.0042	0.0803	0.0002	0.0043	0.0001	0.0000	0.0000	0.0000	0.0002	0.0010	0.0000	0.0000	0.0000	0.0000	0.0013	0.0000	0.0000	0.0037	0.0000	0.0001	0.0044	0.0001	0.0001	0.0034	0.0001	0.0002	0.0060	0.0000	0.0001	0.0001	0.0000	0.0001	0.0000	0.0011	0.0000	0.0000	0.0002	0.0161	0.0000	0.6823	0.0000	0.0034	0.0054	0.0000	0.0001	0.0155	0.0004	0.0000	0.0000	0.1402	0.0009	0.0080	0.0000	0.0001	0.0000	0.0000	0.0000	0.0000	0.0000	0.0000	0.0001	0.0001	0.0007	0.0014	0.0000	0.0023	0.0001	0.0000	0.0000	0.0000	0.0105	
0.0005	0.0033	0.0000	0.0000	0.0001	0.0000	0.0000	0.0000	0.0058	0.0000	0.0001	0.0000	0.0001	0.0000	0.0000	0.0002	0.0003	0.0001	0.0001	0.0001	0.0000	0.0000	0.0000	0.0000	0.0000	0.2714	0.0000	0.0000	0.0000	0.0001	0.0011	0.0001	0.0000	0.0000	0.0045	0.0018	0.0000	0.0002	0.0000	0.0018	0.0000	0.0000	0.0105	0.0000	0.0001	0.0000	0.0000	0.0000	0.0010	0.1176	0.0000	0.0101	0.0000	0.0000	0.0001	0.0000	0.0000	0.0000	0.0016	0.0000	0.0000	0.0012	0.0001	0.0000	0.0000	0.0003	0.0000	0.5645	0.0003	0.0000	0.0000	0.0000	0.0000	0.0000	0.0002	0.0000	0.0000	0.0000	0.0003	0.0000	
0.0153	0.0002	0.0403	0.0001	0.0000	0.0016	0.0000	0.0199	0.0000	0.0007	0.0020	0.4023	0.0155	0.0145	0.0041	0.0000	0.0000	0.0012	0.0000	0.0178	0.0009	0.0000	0.0000	0.0066	0.0295	0.0056	0.0091	0.0316	0.1323	0.0002	0.0001	0.0000	0.0166	0.0013	0.0000	0.0014	0.0242	0.0000	0.0111	0.0000	0.0076	0.0000	0.0000	0.0008	0.0008	0.0041	0.0000	0.0001	0.0000	0.0000	0.0000	0.0008	0.0228	0.0008	0.0000	0.0157	0.0382	0.0311	0.0003	0.0000	0.0005	0.0000	0.0014	0.0008	0.0000	0.0005	0.0000	0.0029	0.0007	0.0195	0.0082	0.0032	0.0311	0.0000	0.0016	0.0000	0.0000	0.0000	0.0000	0.0002	
0.0000	0.0149	0.0000	0.0001	0.0385	0.0003	0.0001	0.0000	0.0000	0.0000	0.0000	0.0000	0.0000	0.0013	0.0019	0.1301	0.0015	0.0000	0.0000	0.0000	0.0002	0.0026	0.0000	0.0000	0.0000	0.0000	0.0000	0.0345	0.0000	0.0000	0.0000	0.2705	0.0000	0.0020	0.1024	0.0000	0.0000	0.0002	0.0048	0.0000	0.0027	0.0000	0.0010	0.0000	0.0002	0.0002	0.0063	0.0000	0.0002	0.0000	0.0002	0.0001	0.0000	0.0000	0.0006	0.0000	0.0059	0.0086	0.0000	0.0000	0.0110	0.0000	0.0000	0.0566	0.2170	0.0000	0.0001	0.0000	0.0000	0.0269	0.0000	0.0054	0.0000	0.0163	0.0000	0.0057	0.0000	0.0272	0.0022	0.0000	
0.0000	0.1295	0.0000	0.0011	0.0001	0.0082	0.0104	0.0000	0.0000	0.0000	0.0000	0.0001	0.0000	0.0010	0.0370	0.0221	0.0135	0.0000	0.0013	0.0000	0.0183	0.0034	0.0000	0.0000	0.0000	0.0000	0.0000	0.0034	0.0000	0.0000	0.0000	0.0446	0.0000	0.0707	0.0009	0.0000	0.0000	0.0000	0.2497	0.0064	0.0471	0.0000	0.0000	0.0000	0.0001	0.0066	0.0130	0.0000	0.0019	0.0000	0.0402	0.0000	0.0000	0.0000	0.0000	0.0000	0.0002	0.0038	0.0000	0.0000	0.0034	0.0126	0.0000	0.0651	0.0007	0.0000	0.0004	0.0001	0.0004	0.0877	0.0024	0.0004	0.0000	0.0637	0.0000	0.0000	0.0009	0.0254	0.0021	0.0000	
0.0339	0.0000	0.0000	0.0001	0.0000	0.0000	0.0000	0.0000	0.0001	0.0000	0.0007	0.0010	0.0001	0.0000	0.0000	0.0000	0.0000	0.0000	0.0000	0.0000	0.0000	0.0000	0.0000	0.0000	0.0000	0.0000	0.0000	0.0000	0.0000	0.0009	0.0458	0.0000	0.0000	0.0000	0.0000	0.0967	0.0000	0.0000	0.0000	0.0000	0.0000	0.0718	0.0001	0.0096	0.0000	0.0000	0.0004	0.0001	0.0046	0.0265	0.0000	0.0000	0.0001	0.0000	0.0591	0.0000	0.0000	0.0000	0.5959	0.0055	0.0000	0.0000	0.0001	0.0000	0.0002	0.0002	0.0003	0.0001	0.0028	0.0000	0.0000	0.0000	0.0000	0.0000	0.0019	0.0000	0.0404	0.0007	0.0000	0.0002	
0.0001	0.0091	0.0134	0.0071	0.0000	0.0027	0.0001	0.0002	0.0004	0.0167	0.0368	0.0552	0.0096	0.0155	0.0014	0.0000	0.0003	0.0000	0.0008	0.0022	0.0018	0.0003	0.0000	0.0123	0.0013	0.0001	0.0062	0.0005	0.0003	0.0278	0.0112	0.0068	0.0037	0.0163	0.0000	0.0573	0.3515	0.0000	0.0179	0.0007	0.0279	0.0000	0.0008	0.0000	0.0026	0.0094	0.0061	0.0003	0.0040	0.0000	0.0007	0.0001	0.0019	0.0049	0.0000	0.0089	0.0005	0.0011	0.1326	0.0002	0.0224	0.0005	0.0043	0.0028	0.0000	0.0025	0.0030	0.0004	0.0057	0.0205	0.0095	0.0022	0.0109	0.0000	0.0234	0.0000	0.0000	0.0003	0.0001	0.0015	
0.0000	0.0000	0.0000	0.0000	0.0014	0.0000	0.0001	0.0000	0.0000	0.0000	0.0000	0.0000	0.0000	0.0157	0.0000	0.0000	0.0000	0.0000	0.0000	0.0000	0.0000	0.0000	0.0000	0.0000	0.0000	0.0000	0.0000	0.0000	0.0000	0.0000	0.0001	0.0000	0.0000	0.0329	0.0007	0.0003	0.0000	0.2095	0.0032	0.0000	0.0000	0.0000	0.0011	0.0001	0.0000	0.0006	0.0000	0.0000	0.0000	0.0004	0.0000	0.0000	0.0000	0.0000	0.0000	0.0000	0.0000	0.0000	0.0003	0.0000	0.0028	0.0000	0.0000	0.0006	0.0000	0.0001	0.0000	0.0000	0.0004	0.0249	0.0354	0.0022	0.0000	0.0000	0.0006	0.6665	0.0000	0.0000	0.0001	0.0000	
0.0000	0.0015	0.0000	0.0010	0.0013	0.0000	0.0000	0.0000	0.0000	0.0001	0.0002	0.0000	0.0006	0.0000	0.0000	0.0023	0.0311	0.0000	0.0000	0.0000	0.0000	0.0253	0.0000	0.0000	0.0000	0.0000	0.0227	0.0000	0.0000	0.0000	0.0000	0.0000	0.0000	0.0000	0.0000	0.0000	0.0001	0.0000	0.0000	0.0000	0.0000	0.0000	0.0000	0.0000	0.0008	0.0000	0.2549	0.0003	0.1421	0.0000	0.0000	0.0000	0.0000	0.0001	0.0000	0.0000	0.0000	0.0000	0.0000	0.0001	0.0000	0.0000	0.0000	0.0000	0.2297	0.0000	0.0006	0.0000	0.0000	0.0000	0.0000	0.0000	0.0000	0.0000	0.0000	0.0000	0.0019	0.1470	0.1339	0.0019	
0.0000	0.0754	0.0005	0.0001	0.0000	0.0001	0.0477	0.0000	0.0000	0.0000	0.0000	0.0000	0.0000	0.0090	0.0445	0.0005	0.0001	0.0000	0.0000	0.0000	0.0001	0.0000	0.0000	0.0000	0.0001	0.0000	0.0000	0.0024	0.0001	0.0000	0.0000	0.1175	0.0000	0.0936	0.0042	0.0000	0.0000	0.0000	0.0250	0.0000	0.0004	0.0000	0.0000	0.0000	0.0014	0.0059	0.0003	0.0000	0.0001	0.0000	0.0001	0.0001	0.0000	0.0006	0.0002	0.0000	0.0000	0.0055	0.0000	0.0000	0.0236	0.0000	0.0001	0.2357	0.0000	0.0000	0.0000	0.0000	0.0000	0.0847	0.0004	0.0566	0.0001	0.1620	0.0001	0.0001	0.0000	0.0012	0.0000	0.0000	
0.0000	0.0000	0.0000	0.0032	0.0000	0.0000	0.0000	0.0042	0.0000	0.0000	0.0000	0.0052	0.0000	0.0000	0.0000	0.0000	0.0000	0.0108	0.0000	0.0000	0.0000	0.0000	0.0000	0.0000	0.0000	0.0000	0.0011	0.0027	0.0000	0.0000	0.0000	0.0000	0.0000	0.0000	0.0000	0.0000	0.0000	0.0000	0.0001	0.0000	0.0007	0.0383	0.0000	0.0000	0.0000	0.0000	0.0347	0.0000	0.8336	0.0000	0.0000	0.0000	0.0297	0.0000	0.0000	0.0000	0.0001	0.0351	0.0000	0.0000	0.0001	0.0000	0.0000	0.0000	0.0000	0.0000	0.0001	0.0000	0.0000	0.0000	0.0000	0.0000	0.0000	0.0000	0.0000	0.0000	0.0000	0.0000	0.0000	0.0001	
0.0000	0.0003	0.0000	0.0000	0.0000	0.0000	0.0000	0.0000	0.0001	0.0000	0.0000	0.0000	0.0000	0.0000	0.0000	0.0084	0.1641	0.0001	0.0003	0.0001	0.0001	0.0401	0.0001	0.0001	0.0000	0.0005	0.0138	0.0000	0.0000	0.0000	0.0000	0.0000	0.0000	0.0000	0.0000	0.0000	0.0000	0.0000	0.0000	0.0085	0.0000	0.0000	0.0000	0.0000	0.0001	0.0000	0.0000	0.0002	0.0000	0.0000	0.0000	0.0001	0.0000	0.0001	0.0000	0.0003	0.0000	0.0000	0.0000	0.0097	0.0000	0.0008	0.0000	0.0001	0.0000	0.0000	0.0000	0.0001	0.0000	0.0000	0.0000	0.0001	0.0001	0.0000	0.0000	0.0000	0.0008	0.0059	0.7300	0.0148	
0.0000	0.0001	0.0000	0.0000	0.0158	0.0000	0.0001	0.0000	0.0001	0.0000	0.0000	0.0000	0.0000	0.0021	0.0000	0.0000	0.0000	0.0000	0.0000	0.0001	0.0000	0.0000	0.0000	0.0008	0.0000	0.0000	0.0000	0.0000	0.0001	0.0000	0.0003	0.0000	0.0000	0.0412	0.0004	0.0001	0.0000	0.0169	0.1454	0.0000	0.0000	0.0000	0.0022	0.0000	0.0000	0.0015	0.0002	0.0000	0.0003	0.0002	0.0000	0.0006	0.0000	0.0001	0.0000	0.0004	0.0000	0.0000	0.0000	0.0000	0.0411	0.0000	0.0009	0.0076	0.0000	0.0001	0.0000	0.0002	0.0001	0.0478	0.0739	0.0346	0.0005	0.0000	0.0007	0.5621	0.0000	0.0005	0.0007	0.0000	
0.0002	0.0000	0.0244	0.0017	0.0000	0.0000	0.0027	0.0000	0.0007	0.0032	0.0014	0.0073	0.0056	0.0000	0.0000	0.0000	0.0000	0.0057	0.0000	0.2892	0.0001	0.0000	0.0000	0.1022	0.0232	0.0000	0.0108	0.0000	0.0088	0.0002	0.0001	0.0000	0.0004	0.0000	0.0000	0.0003	0.0000	0.0000	0.0000	0.0000	0.0140	0.0000	0.0000	0.0018	0.0005	0.0001	0.0000	0.0009	0.0235	0.0000	0.0169	0.0000	0.0000	0.0032	0.0000	0.1608	0.0000	0.0000	0.0000	0.0000	0.0000	0.0000	0.0035	0.0000	0.0000	0.0095	0.0023	0.0002	0.0064	0.0000	0.0000	0.0000	0.2677	0.0000	0.0001	0.0000	0.0000	0.0000	0.0000	0.0002	
0.0000	0.0102	0.0000	0.0002	0.0000	0.0000	0.0000	0.0000	0.0002	0.0025	0.0031	0.0000	0.0011	0.0000	0.0000	0.0000	0.0000	0.0000	0.0000	0.0000	0.0000	0.0000	0.0002	0.0000	0.0000	0.0000	0.0000	0.0000	0.0000	0.1233	0.0074	0.0000	0.0000	0.0000	0.0000	0.1140	0.0000	0.0000	0.0000	0.0000	0.0000	0.0000	0.0001	0.0000	0.0000	0.0000	0.0194	0.0001	0.4043	0.0000	0.0000	0.0000	0.0000	0.0000	0.0000	0.0000	0.0000	0.0000	0.0697	0.0222	0.0004	0.0000	0.0111	0.0000	0.0001	0.0264	0.0000	0.0000	0.0000	0.0000	0.0018	0.0026	0.0000	0.0000	0.1395	0.0000	0.0000	0.0379	0.0001	0.0021	
0.0000	0.0000	0.0000	0.0737	0.0000	0.0001	0.0000	0.0000	0.0000	0.0000	0.0000	0.0000	0.0000	0.0000	0.0000	0.0002	0.0192	0.0000	0.0088	0.0000	0.0080	0.0008	0.0017	0.0000	0.0000	0.0000	0.0000	0.0000	0.0000	0.0000	0.0000	0.0000	0.0000	0.0000	0.0000	0.0000	0.0000	0.0000	0.0002	0.2425	0.0013	0.0000	0.0000	0.0001	0.0000	0.0000	0.4865	0.0000	0.0071	0.0000	0.0395	0.0000	0.0000	0.0000	0.0000	0.0000	0.0000	0.0000	0.0000	0.0000	0.0000	0.1095	0.0000	0.0000	0.0000	0.0000	0.0000	0.0000	0.0000	0.0000	0.0000	0.0000	0.0000	0.0000	0.0000	0.0000	0.0001	0.0001	0.0006	0.0000	
0.0000	0.0000	0.0155	0.0000	0.0294	0.0000	0.0000	0.0000	0.0000	0.0008	0.0000	0.0000	0.0001	0.0000	0.0000	0.0180	0.2165	0.0173	0.0010	0.0345	0.0001	0.0572	0.0000	0.0212	0.0002	0.0000	0.0110	0.0000	0.0001	0.0002	0.0000	0.0000	0.0000	0.0000	0.0210	0.0003	0.0000	0.0001	0.0000	0.0008	0.0001	0.0000	0.0002	0.0000	0.0001	0.0000	0.0000	0.0003	0.0000	0.0000	0.0002	0.0016	0.0000	0.0013	0.0000	0.0124	0.0000	0.0000	0.0000	0.0789	0.0001	0.0000	0.0001	0.0001	0.1236	0.0000	0.0004	0.0000	0.0000	0.0000	0.0004	0.0059	0.0122	0.0000	0.0001	0.0000	0.0000	0.0109	0.2979	0.0076	
0.0000	0.0001	0.0000	0.0000	0.0001	0.0000	0.0000	0.0000	0.0000	0.0001	0.0001	0.0000	0.0000	0.0006	0.0000	0.0031	0.0004	0.0000	0.0012	0.0000	0.0000	0.0008	0.0000	0.0000	0.0000	0.0000	0.0001	0.0000	0.0000	0.0352	0.0000	0.0009	0.0000	0.0001	0.0000	0.0001	0.0000	0.0473	0.0000	0.0015	0.0000	0.0000	0.0147	0.0000	0.0000	0.0002	0.0000	0.0005	0.0000	0.0000	0.0002	0.0003	0.0000	0.0001	0.5382	0.0000	0.0000	0.0000	0.0002	0.0300	0.0013	0.0014	0.0001	0.0001	0.0000	0.0001	0.0473	0.0000	0.0001	0.0000	0.0012	0.0151	0.0000	0.0118	0.0004	0.0019	0.2424	0.0001	0.0002	0.0001	
0.1457	0.0012	0.0063	0.0002	0.0000	0.0061	0.0000	0.0018	0.0056	0.0002	0.0036	0.1427	0.0190	0.0018	0.0013	0.0000	0.0000	0.0147	0.0001	0.0564	0.0013	0.0007	0.0000	0.0761	0.0496	0.0121	0.0024	0.0035	0.0660	0.0126	0.0145	0.0001	0.0137	0.0021	0.0006	0.0196	0.0031	0.0000	0.0023	0.0002	0.0005	0.0003	0.0005	0.0737	0.0026	0.0064	0.0000	0.0013	0.0001	0.0091	0.0001	0.0055	0.0096	0.0016	0.0001	0.0011	0.0103	0.0027	0.0206	0.0007	0.0016	0.0013	0.0105	0.0000	0.0000	0.0337	0.0000	0.0117	0.0489	0.0050	0.0072	0.0009	0.0308	0.0000	0.0115	0.0000	0.0000	0.0003	0.0022	0.0005	
0.0000	0.0002	0.0000	0.0000	0.0031	0.0000	0.0000	0.0000	0.0000	0.0002	0.0002	0.0000	0.0000	0.0631	0.0000	0.0051	0.0075	0.0000	0.0006	0.0000	0.0000	0.0010	0.0000	0.0000	0.0000	0.0000	0.0000	0.0000	0.0000	0.0071	0.0001	0.0003	0.0000	0.0078	0.0001	0.0009	0.0000	0.3484	0.0055	0.0008	0.0000	0.0000	0.0808	0.0000	0.0001	0.0084	0.0000	0.0009	0.0000	0.0000	0.0001	0.0007	0.0000	0.0001	0.0153	0.0000	0.0000	0.0000	0.0005	0.0977	0.0066	0.0004	0.0003	0.0021	0.0001	0.0007	0.0053	0.0000	0.0003	0.0051	0.0092	0.0998	0.0000	0.0005	0.0008	0.1975	0.0056	0.0001	0.0080	0.0006	
0.0000	0.0000	0.0000	0.0001	0.0143	0.0000	0.1475	0.0000	0.0000	0.0000	0.0042	0.0000	0.0000	0.0000	0.0000	0.0000	0.0000	0.0095	0.0000	0.0006	0.0000	0.0000	0.0000	0.0000	0.0000	0.0000	0.0000	0.0000	0.0000	0.0000	0.0003	0.0000	0.0000	0.0000	0.0000	0.0095	0.0000	0.0097	0.0000	0.0000	0.0000	0.0000	0.0000	0.0000	0.0000	0.0000	0.0166	0.0004	0.4679	0.0000	0.0000	0.0000	0.0000	0.0000	0.0000	0.0000	0.0000	0.0000	0.0492	0.0000	0.0000	0.0000	0.0000	0.0000	0.0000	0.0000	0.1691	0.0000	0.0000	0.0000	0.0000	0.0000	0.0000	0.0000	0.0027	0.0981	0.0000	0.0000	0.0000	0.0001	
0.0000	0.0006	0.0121	0.0000	0.0000	0.0054	0.0004	0.0000	0.0000	0.0007	0.0126	0.0000	0.0049	0.0031	0.0005	0.0001	0.0011	0.0320	0.1636	0.0054	0.0068	0.0007	0.0018	0.0102	0.0028	0.0000	0.0090	0.0000	0.0048	0.0011	0.0001	0.0001	0.0019	0.0010	0.0147	0.0005	0.0000	0.0041	0.0013	0.0462	0.0098	0.0000	0.0068	0.0000	0.0031	0.0204	0.0327	0.0024	0.0485	0.0001	0.0699	0.2227	0.0000	0.0082	0.0073	0.0126	0.0000	0.0000	0.0059	0.0045	0.0766	0.0086	0.0001	0.0081	0.0001	0.0014	0.0005	0.0000	0.0008	0.0009	0.0026	0.0047	0.0149	0.0000	0.0187	0.0003	0.0008	0.0000	0.0000	0.0567	
0.0000	0.0000	0.0000	0.0011	0.0099	0.0000	0.2025	0.0000	0.0000	0.0000	0.0185	0.0000	0.0014	0.0000	0.0000	0.0000	0.0000	0.0139	0.0001	0.0017	0.0000	0.0000	0.0000	0.0002	0.0000	0.0000	0.0003	0.0010	0.0000	0.0015	0.0002	0.0000	0.0000	0.0000	0.0000	0.0178	0.0005	0.0079	0.0000	0.0036	0.0000	0.0000	0.0000	0.0000	0.0000	0.0000	0.1481	0.0000	0.2126	0.0000	0.0000	0.0000	0.0000	0.0000	0.0000	0.0000	0.0001	0.0010	0.1599	0.0001	0.0004	0.0001	0.0000	0.0000	0.0000	0.0000	0.1600	0.0000	0.0000	0.0000	0.0000	0.0000	0.0000	0.0000	0.0222	0.0130	0.0000	0.0000	0.0000	0.0004	
0.0000	0.0000	0.0000	0.0003	0.0000	0.0001	0.0001	0.0000	0.0000	0.0000	0.0000	0.0000	0.0000	0.0004	0.0000	0.0062	0.2767	0.0000	0.0449	0.0000	0.0556	0.0009	0.0012	0.0000	0.0000	0.0000	0.0135	0.0000	0.0000	0.0000	0.0000	0.0000	0.0000	0.0001	0.0000	0.0000	0.0000	0.0000	0.0019	0.0204	0.0399	0.0000	0.0000	0.0000	0.0000	0.0001	0.0038	0.0000	0.0158	0.0000	0.0126	0.0000	0.0000	0.0000	0.0000	0.0000	0.0000	0.0000	0.0000	0.0000	0.0001	0.0460	0.0000	0.0001	0.0022	0.0000	0.0000	0.0000	0.0000	0.0002	0.0000	0.0000	0.0000	0.0000	0.0000	0.0000	0.0011	0.0006	0.4405	0.0146	
0.0134	0.0006	0.0001	0.0036	0.0000	0.0000	0.0000	0.0000	0.0001	0.0010	0.0028	0.0000	0.0004	0.0001	0.0000	0.0000	0.0001	0.0000	0.0000	0.0000	0.0000	0.0000	0.0006	0.0003	0.0000	0.0000	0.0000	0.0000	0.0000	0.1925	0.0005	0.0000	0.0000	0.0000	0.0000	0.0585	0.0000	0.0000	0.0001	0.0000	0.0000	0.0000	0.0000	0.0010	0.0000	0.0001	0.0181	0.0001	0.0858	0.0000	0.0000	0.0000	0.0000	0.0003	0.0000	0.0001	0.0000	0.0000	0.2131	0.0022	0.0006	0.0000	0.1291	0.0000	0.0009	0.0076	0.0000	0.0000	0.0002	0.0000	0.0010	0.0001	0.0000	0.0000	0.2633	0.0000	0.0000	0.0000	0.0000	0.0015	
0.0067	0.0002	0.0124	0.0001	0.0066	0.0013	0.0000	0.0008	0.0000	0.0009	0.0004	0.0133	0.0049	0.0000	0.0012	0.0074	0.1896	0.0122	0.0001	0.0046	0.0002	0.0256	0.0033	0.0253	0.0033	0.0001	0.0048	0.0001	0.0388	0.0000	0.0000	0.0002	0.0028	0.0000	0.0001	0.0001	0.0000	0.0001	0.0000	0.0009	0.0004	0.0000	0.0001	0.0043	0.0062	0.0000	0.0001	0.0000	0.0001	0.0000	0.0001	0.0005	0.0027	0.0073	0.0004	0.0304	0.0018	0.0014	0.0001	0.0000	0.0000	0.0008	0.0000	0.0000	0.0310	0.0002	0.0000	0.0002	0.0002	0.0000	0.0000	0.0000	0.0674	0.0000	0.0001	0.0000	0.0068	0.1608	0.3075	0.0005	
0.0000	0.0162	0.0000	0.0000	0.0000	0.0001	0.0000	0.0000	0.0213	0.0005	0.0000	0.0002	0.0001	0.0020	0.0000	0.0000	0.0000	0.0001	0.0021	0.0000	0.0023	0.0000	0.0032	0.0000	0.0000	0.3194	0.0023	0.0000	0.0000	0.0005	0.0017	0.0000	0.0000	0.0003	0.0388	0.0022	0.0763	0.0000	0.0018	0.0487	0.0013	0.0000	0.0074	0.0000	0.0000	0.0003	0.0000	0.0001	0.0002	0.1397	0.0005	0.0040	0.0000	0.0000	0.0000	0.0000	0.0000	0.0000	0.0004	0.0002	0.0035	0.0008	0.0019	0.0006	0.0002	0.0001	0.0000	0.2923	0.0000	0.0016	0.0005	0.0003	0.0000	0.0000	0.0037	0.0000	0.0000	0.0000	0.0001	0.0000	
0.0490	0.0000	0.0459	0.0011	0.0003	0.0206	0.0000	0.0895	0.0006	0.0056	0.0006	0.1766	0.0217	0.0002	0.0026	0.0005	0.0011	0.0146	0.0017	0.0557	0.0005	0.0002	0.0005	0.0624	0.0327	0.0026	0.0956	0.0158	0.0756	0.0002	0.0026	0.0002	0.0189	0.0000	0.0001	0.0013	0.0002	0.0000	0.0000	0.0004	0.0099	0.0009	0.0001	0.0560	0.0181	0.0004	0.0000	0.0008	0.0004	0.0032	0.0002	0.0016	0.0117	0.0004	0.0005	0.0074	0.0064	0.0240	0.0024	0.0000	0.0004	0.0034	0.0001	0.0000	0.0034	0.0008	0.0000	0.0014	0.0270	0.0001	0.0000	0.0000	0.0143	0.0000	0.0020	0.0000	0.0001	0.0005	0.0006	0.0031	
0.0000	0.0000	0.0000	0.0000	0.0000	0.0000	0.0000	0.0000	0.0001	0.0003	0.0000	0.0000	0.0000	0.0000	0.0000	0.0003	0.0021	0.0000	0.1557	0.0000	0.0026	0.0011	0.0000	0.0000	0.0000	0.0000	0.0001	0.0000	0.0000	0.0005	0.0052	0.0000	0.0000	0.0000	0.0000	0.0166	0.0000	0.0037	0.0000	0.0002	0.0000	0.0246	0.0000	0.0000	0.0000	0.0000	0.0000	0.0000	0.0000	0.0281	0.0555	0.0000	0.0000	0.0000	0.0000	0.0000	0.0000	0.0000	0.2592	0.0000	0.0001	0.3346	0.0007	0.0000	0.0000	0.0013	0.0000	0.0000	0.0000	0.0000	0.0000	0.0000	0.0000	0.0001	0.0077	0.0809	0.0000	0.0000	0.0072	0.0115	
0.0187	0.0001	0.0334	0.0000	0.0000	0.0008	0.0000	0.0929	0.0000	0.0001	0.0001	0.4029	0.0030	0.0001	0.0045	0.0000	0.0000	0.0075	0.0001	0.0210	0.0002	0.0000	0.0000	0.0352	0.0849	0.0001	0.0200	0.0195	0.0495	0.0000	0.0000	0.0001	0.0064	0.0000	0.0001	0.0000	0.0000	0.0000	0.0000	0.0000	0.0044	0.0000	0.0000	0.0043	0.0113	0.0000	0.0000	0.0001	0.0000	0.0000	0.0001	0.0002	0.0574	0.0079	0.0001	0.0102	0.0102	0.0422	0.0000	0.0000	0.0000	0.0003	0.0000	0.0000	0.0009	0.0000	0.0001	0.0003	0.0031	0.0000	0.0000	0.0000	0.0455	0.0000	0.0000	0.0000	0.0000	0.0000	0.0000	0.0003	
0.0012	0.0142	0.0000	0.0002	0.0000	0.0000	0.0000	0.0000	0.0104	0.0002	0.0003	0.0002	0.0005	0.0002	0.0002	0.0000	0.0013	0.0014	0.0004	0.0003	0.0000	0.0001	0.0000	0.0001	0.0000	0.1736	0.0001	0.0000	0.0000	0.0002	0.0030	0.0003	0.0001	0.0000	0.0017	0.0025	0.0000	0.0003	0.0000	0.0005	0.0000	0.0000	0.0123	0.0008	0.0002	0.0003	0.0001	0.0002	0.0047	0.0349	0.0000	0.0080	0.0000	0.0002	0.0001	0.0000	0.0000	0.0000	0.0014	0.0000	0.0003	0.0007	0.0015	0.0000	0.0000	0.0005	0.0000	0.7166	0.0005	0.0000	0.0002	0.0000	0.0000	0.0000	0.0012	0.0000	0.0001	0.0003	0.0010	0.0002	
0.0007	0.0092	0.0000	0.0001	0.0001	0.0000	0.0000	0.0000	0.0070	0.0000	0.0005	0.0000	0.0002	0.0000	0.0000	0.0015	0.0001	0.0002	0.0000	0.0000	0.0000	0.0003	0.0000	0.0001	0.0001	0.1698	0.0000	0.0000	0.0000	0.0000	0.0008	0.0002	0.0001	0.0000	0.0267	0.0019	0.0000	0.0001	0.0000	0.0003	0.0000	0.0000	0.0199	0.0001	0.0002	0.0001	0.0000	0.0001	0.0005	0.2923	0.0000	0.0022	0.0000	0.0007	0.0003	0.0000	0.0000	0.0000	0.0033	0.0000	0.0000	0.0003	0.0002	0.0000	0.0000	0.0002	0.0000	0.4508	0.0004	0.0000	0.0000	0.0001	0.0000	0.0000	0.0002	0.0001	0.0003	0.0005	0.0069	0.0000	
0.0000	0.1077	0.0004	0.0000	0.0000	0.0001	0.0005	0.0000	0.0000	0.0000	0.0000	0.0000	0.0000	0.0033	0.0247	0.0002	0.0002	0.0000	0.0000	0.0000	0.0002	0.0002	0.0000	0.0000	0.0000	0.0000	0.0000	0.0029	0.0000	0.0000	0.0000	0.2944	0.0000	0.0861	0.0001	0.0000	0.0000	0.0000	0.0180	0.0003	0.0006	0.0000	0.0000	0.0000	0.0006	0.0019	0.0000	0.0000	0.0000	0.0000	0.0000	0.0000	0.0000	0.0007	0.0010	0.0001	0.0000	0.0031	0.0000	0.0000	0.0096	0.0000	0.0000	0.1565	0.0000	0.0000	0.0007	0.0000	0.0000	0.0280	0.0225	0.0533	0.0002	0.1816	0.0000	0.0000	0.0000	0.0001	0.0000	0.0000	
0.0000	0.0000	0.0000	0.0000	0.0002	0.0000	0.0000	0.0000	0.0000	0.0003	0.0000	0.0000	0.0000	0.0000	0.0000	0.0000	0.0000	0.0000	0.0000	0.0000	0.0000	0.0000	0.0000	0.0000	0.0000	0.0000	0.0000	0.0000	0.0000	0.0000	0.0000	0.0000	0.0000	0.0000	0.9414	0.0000	0.0000	0.0286	0.0000	0.0105	0.0000	0.0000	0.0008	0.0000	0.0000	0.0000	0.0056	0.0000	0.0000	0.0000	0.0000	0.0008	0.0000	0.0000	0.0000	0.0000	0.0000	0.0000	0.0000	0.0000	0.0001	0.0000	0.0000	0.0000	0.0003	0.0000	0.0000	0.0000	0.0000	0.0000	0.0000	0.0000	0.0000	0.0000	0.0001	0.0110	0.0000	0.0000	0.0000	0.0000	
0.0000	0.0003	0.0000	0.0000	0.0002	0.0001	0.0009	0.0000	0.0000	0.0000	0.0000	0.0000	0.0000	0.0355	0.0000	0.0000	0.0004	0.0000	0.0000	0.0000	0.0000	0.0002	0.0000	0.0000	0.0000	0.0000	0.0000	0.0000	0.0000	0.0001	0.0000	0.0000	0.0000	0.1793	0.0003	0.0006	0.0000	0.0666	0.0261	0.0000	0.0000	0.0001	0.0004	0.0000	0.0000	0.0123	0.0001	0.0001	0.0001	0.0000	0.0000	0.0000	0.0000	0.0000	0.0000	0.0000	0.0000	0.0000	0.0005	0.0008	0.0531	0.0000	0.0005	0.0968	0.0000	0.0000	0.0004	0.0000	0.0002	0.0415	0.1757	0.2192	0.0000	0.0001	0.0042	0.0830	0.0000	0.0000	0.0000	0.0000	
0.0003	0.0001	0.0472	0.0013	0.0000	0.0000	0.0000	0.0000	0.0000	0.0057	0.0029	0.0000	0.0000	0.0000	0.0000	0.0000	0.0030	0.0011	0.0000	0.0951	0.0013	0.0006	0.0081	0.2798	0.0008	0.0000	0.0000	0.0000	0.0295	0.0483	0.0001	0.0000	0.0000	0.0001	0.0000	0.0075	0.0000	0.0000	0.0001	0.0004	0.0002	0.0000	0.0000	0.0001	0.0006	0.0001	0.0074	0.0000	0.0362	0.0000	0.0000	0.0000	0.0000	0.0031	0.0000	0.0907	0.0000	0.0000	0.0336	0.0000	0.0005	0.0000	0.1194	0.0001	0.0000	0.0389	0.0000	0.0000	0.0000	0.0000	0.0017	0.0001	0.1316	0.0000	0.0021	0.0000	0.0000	0.0000	0.0000	0.0000	
0.0000	0.0870	0.0000	0.0004	0.2060	0.0005	0.0001	0.0000	0.0000	0.0000	0.0000	0.0000	0.0000	0.0002	0.0001	0.0091	0.0016	0.0000	0.0000	0.0000	0.0001	0.0042	0.0000	0.0000	0.0000	0.0000	0.0000	0.0109	0.0000	0.0000	0.0000	0.0007	0.0000	0.0045	0.0004	0.0000	0.0107	0.0003	0.0030	0.0000	0.0007	0.0000	0.0000	0.0000	0.0001	0.0010	0.0004	0.0000	0.0010	0.0000	0.0104	0.0000	0.0000	0.0000	0.0002	0.0000	0.0012	0.0100	0.0000	0.0000	0.0017	0.0000	0.0000	0.1182	0.0698	0.0000	0.0005	0.0000	0.0000	0.0035	0.0035	0.0122	0.0000	0.0026	0.0000	0.0008	0.0226	0.3879	0.0122	0.0000	
0.0751	0.0000	0.0000	0.0000	0.0005	0.0000	0.0002	0.0000	0.0002	0.0003	0.0005	0.0000	0.0000	0.0025	0.0000	0.0000	0.0000	0.0000	0.0000	0.0000	0.0000	0.0000	0.0000	0.0000	0.0000	0.0000	0.0000	0.0000	0.0000	0.0007	0.0093	0.0000	0.0000	0.0263	0.0058	0.0020	0.0000	0.2127	0.0007	0.0000	0.0000	0.2427	0.0016	0.0108	0.0000	0.0140	0.0000	0.0004	0.0000	0.0754	0.0000	0.0000	0.0000	0.0000	0.0000	0.0000	0.0000	0.0000	0.0658	0.0035	0.0319	0.0000	0.0006	0.0001	0.0000	0.0027	0.0000	0.0000	0.1181	0.0001	0.0424	0.0095	0.0000	0.0000	0.0357	0.0072	0.0000	0.0001	0.0000	0.0003	
0.0000	0.0001	0.0000	0.0000	0.0015	0.0011	0.0000	0.0000	0.0000	0.0000	0.0083	0.0000	0.0000	0.0000	0.0001	0.0000	0.0000	0.0117	0.0134	0.0008	0.0466	0.0000	0.0303	0.0000	0.0000	0.0000	0.0020	0.0000	0.0000	0.0000	0.0000	0.0000	0.0000	0.0000	0.0016	0.0001	0.0000	0.0002	0.0000	0.0130	0.1749	0.0000	0.0003	0.0002	0.0010	0.0000	0.0040	0.0288	0.0085	0.0000	0.0852	0.0196	0.0000	0.0012	0.0000	0.0006	0.0000	0.0000	0.0002	0.0001	0.0004	0.0819	0.0000	0.0000	0.0148	0.0000	0.4214	0.0000	0.0046	0.0000	0.0000	0.0000	0.0000	0.0000	0.0000	0.0000	0.0000	0.0000	0.0000	0.0208	
0.0042	0.2315	0.0000	0.0000	0.0504	0.0000	0.0005	0.0000	0.0000	0.0000	0.0215	0.0000	0.0000	0.0001	0.0000	0.0278	0.0179	0.0000	0.0000	0.0000	0.0001	0.0079	0.0000	0.0000	0.0000	0.0000	0.0000	0.0002	0.0000	0.0001	0.0000	0.0009	0.0000	0.0001	0.0002	0.0000	0.0004	0.0000	0.0000	0.0000	0.0002	0.0000	0.0000	0.0044	0.0000	0.0000	0.0000	0.0002	0.0000	0.0000	0.0017	0.0000	0.0000	0.0000	0.0006	0.0000	0.0000	0.0000	0.0000	0.0002	0.0004	0.0000	0.0000	0.0097	0.4423	0.0000	0.0140	0.0000	0.0000	0.0001	0.0001	0.0193	0.0000	0.0013	0.0000	0.0000	0.0174	0.0424	0.0814	0.0002	
0.0000	0.0000	0.0521	0.0000	0.0000	0.0000	0.0001	0.0000	0.0000	0.0000	0.0000	0.0000	0.0000	0.0000	0.0000	0.0000	0.0000	0.0017	0.0000	0.1497	0.0000	0.0000	0.0000	0.1217	0.0001	0.0000	0.0001	0.0000	0.0204	0.0000	0.0000	0.0000	0.0000	0.0000	0.1096	0.0000	0.0000	0.0959	0.0000	0.0000	0.0000	0.0000	0.0001	0.0000	0.0004	0.0000	0.0000	0.0001	0.0000	0.0000	0.0011	0.0945	0.0000	0.0405	0.0001	0.0929	0.0000	0.0000	0.0000	0.0000	0.0000	0.0000	0.0000	0.0000	0.0001	0.0009	0.0000	0.0000	0.0093	0.0000	0.0000	0.0000	0.2082	0.0000	0.0000	0.0000	0.0000	0.0000	0.0000	0.0000	
0.0000	0.0000	0.0000	0.0000	0.0000	0.0018	0.0091	0.0000	0.0000	0.0000	0.0000	0.0000	0.0001	0.0019	0.0000	0.0293	0.0362	0.0000	0.0106	0.0000	0.0192	0.0117	0.0000	0.0000	0.0000	0.0000	0.1972	0.0000	0.0000	0.0001	0.0000	0.0000	0.0000	0.0246	0.0001	0.0003	0.0002	0.0000	0.0206	0.0002	0.0568	0.0000	0.0000	0.0000	0.0000	0.0073	0.0000	0.0011	0.0000	0.0000	0.0250	0.0000	0.0000	0.0000	0.0000	0.0000	0.0000	0.0000	0.0001	0.0051	0.0041	0.0008	0.0000	0.0015	0.0872	0.0000	0.0000	0.0000	0.0000	0.0057	0.0208	0.0190	0.0000	0.0000	0.0001	0.0000	0.0158	0.1035	0.2814	0.0014	
0.0000	0.0000	0.0000	0.0000	0.0002	0.0000	0.0000	0.0000	0.0000	0.0001	0.0000	0.0000	0.0000	0.0076	0.0000	0.0052	0.0020	0.0000	0.0001	0.0000	0.0000	0.0015	0.0000	0.0000	0.0000	0.0000	0.0000	0.0000	0.0000	0.0136	0.0000	0.0011	0.0000	0.0002	0.0000	0.0001	0.0000	0.0666	0.0000	0.0000	0.0000	0.0000	0.0446	0.0000	0.0000	0.0006	0.0000	0.0001	0.0000	0.0000	0.0005	0.0019	0.0000	0.0000	0.3343	0.0000	0.0000	0.0000	0.0001	0.3092	0.0038	0.0000	0.0005	0.0000	0.0000	0.0007	0.0007	0.0000	0.0000	0.0000	0.0091	0.0347	0.0000	0.0027	0.0000	0.0173	0.1384	0.0000	0.0021	0.0000	
0.0001	0.0000	0.0000	0.0000	0.0050	0.0000	0.0003	0.0000	0.0003	0.0001	0.0001	0.0000	0.0000	0.0123	0.0000	0.0001	0.0000	0.0000	0.0000	0.0000	0.0000	0.0000	0.0000	0.0000	0.0000	0.0000	0.0000	0.0000	0.0000	0.0017	0.0045	0.0000	0.0000	0.0416	0.0024	0.0007	0.0000	0.5264	0.0309	0.0000	0.0000	0.0003	0.0083	0.0003	0.0000	0.0025	0.0004	0.0000	0.0007	0.0088	0.0000	0.0000	0.0000	0.0000	0.0000	0.0000	0.0000	0.0000	0.0052	0.0007	0.0533	0.0000	0.0000	0.0052	0.0000	0.0003	0.0000	0.0000	0.0015	0.0027	0.0670	0.0178	0.0000	0.0000	0.0048	0.1920	0.0000	0.0006	0.0005	0.0000	
0.0000	0.0005	0.0000	0.0000	0.0793	0.0000	0.0000	0.0000	0.0000	0.0000	0.0000	0.0000	0.0000	0.0305	0.0000	0.0000	0.0001	0.0000	0.0000	0.0000	0.0000	0.0003	0.0000	0.0000	0.0000	0.0000	0.0000	0.0000	0.0000	0.0000	0.0000	0.0001	0.0000	0.0880	0.0003	0.0000	0.0000	0.3563	0.0886	0.0000	0.0000	0.0000	0.0004	0.0000	0.0000	0.0027	0.0000	0.0000	0.0000	0.0000	0.0000	0.0000	0.0000	0.0000	0.0000	0.0000	0.0000	0.0000	0.0000	0.0000	0.0041	0.0000	0.0000	0.0126	0.0005	0.0000	0.0001	0.0000	0.0000	0.0209	0.0037	0.0206	0.0000	0.0001	0.0001	0.2872	0.0007	0.0002	0.0017	0.0000	
0.0000	0.0000	0.0000	0.0000	0.0268	0.0000	0.0000	0.0000	0.0000	0.0000	0.0000	0.0000	0.0000	0.0121	0.0000	0.0000	0.0000	0.0000	0.0000	0.0000	0.0000	0.0000	0.0000	0.0000	0.0000	0.0000	0.0000	0.0000	0.0000	0.0000	0.0000	0.0000	0.0000	0.0117	0.0003	0.0000	0.0000	0.5205	0.0217	0.0000	0.0000	0.0000	0.0003	0.0000	0.0000	0.0026	0.0000	0.0000	0.0000	0.0000	0.0000	0.0000	0.0000	0.0000	0.0000	0.0000	0.0000	0.0000	0.0000	0.0000	0.0045	0.0000	0.0000	0.0065	0.0000	0.0000	0.0002	0.0000	0.0000	0.0155	0.0161	0.0054	0.0000	0.0000	0.0002	0.3553	0.0000	0.0000	0.0000	0.0000	
0.0032	0.0000	0.0447	0.0000	0.0000	0.0018	0.0000	0.0946	0.0000	0.0003	0.0000	0.5482	0.0005	0.0001	0.0002	0.0000	0.0003	0.0086	0.0001	0.0115	0.0003	0.0002	0.0003	0.0047	0.0412	0.0009	0.0022	0.0319	0.0229	0.0000	0.0000	0.0002	0.0067	0.0000	0.0000	0.0000	0.0002	0.0000	0.0000	0.0002	0.0035	0.0000	0.0000	0.0069	0.0056	0.0001	0.0000	0.0002	0.0000	0.0000	0.0001	0.0007	0.0423	0.0044	0.0001	0.0151	0.0177	0.0249	0.0000	0.0000	0.0000	0.0002	0.0000	0.0000	0.0002	0.0000	0.0000	0.0004	0.0010	0.0001	0.0000	0.0000	0.0502	0.0000	0.0000	0.0000	0.0000	0.0000	0.0001	0.0003	
0.0000	0.0000	0.0000	0.0000	0.0000	0.0000	0.0000	0.0000	0.0000	0.0005	0.0001	0.0000	0.0000	0.0000	0.0000	0.0000	0.0000	0.0019	0.0000	0.0000	0.0010	0.0000	0.0000	0.0000	0.0000	0.0000	0.0000	0.0000	0.0000	0.0017	0.0067	0.0000	0.0000	0.0002	0.0000	0.3112	0.0000	0.0000	0.0000	0.0000	0.0008	0.0000	0.0000	0.0000	0.0000	0.0014	0.0000	0.0001	0.0000	0.0000	0.0060	0.0000	0.0000	0.0000	0.1289	0.0000	0.0000	0.0000	0.4885	0.0000	0.0002	0.0000	0.0001	0.0000	0.0000	0.0000	0.0000	0.0000	0.0000	0.0000	0.0004	0.0008	0.0000	0.0001	0.0254	0.0000	0.0227	0.0000	0.0000	0.0010	
0.0000	0.2020	0.0000	0.0005	0.0638	0.0001	0.0002	0.0000	0.0000	0.0000	0.0000	0.0001	0.0000	0.0034	0.0002	0.0212	0.0003	0.0000	0.0000	0.0000	0.0000	0.0022	0.0000	0.0000	0.0000	0.0000	0.0000	0.0001	0.0000	0.0000	0.0000	0.0963	0.0000	0.0998	0.0002	0.0000	0.0000	0.0010	0.0221	0.0000	0.0001	0.0000	0.0004	0.0000	0.0000	0.0022	0.0032	0.0000	0.0001	0.0000	0.0000	0.0000	0.0000	0.0000	0.0005	0.0000	0.0001	0.0002	0.0000	0.0000	0.0264	0.0000	0.0000	0.1385	0.0092	0.0000	0.0002	0.0000	0.0000	0.0267	0.0137	0.0572	0.0000	0.0991	0.0001	0.0069	0.0209	0.0734	0.0071	0.0000	
0.0000	0.0000	0.0000	0.0000	0.0000	0.0000	0.0000	0.0000	0.0000	0.0000	0.0000	0.0000	0.0000	0.0000	0.0000	0.0049	0.3495	0.0000	0.0003	0.0000	0.0003	0.0310	0.0000	0.0000	0.0000	0.0060	0.0112	0.0000	0.0000	0.0000	0.0000	0.0000	0.0000	0.0000	0.0000	0.0000	0.0000	0.0000	0.0000	0.0043	0.0000	0.0000	0.0000	0.0000	0.0000	0.0000	0.0002	0.0000	0.0000	0.0042	0.0000	0.0000	0.0000	0.0000	0.0000	0.0000	0.0000	0.0000	0.0000	0.0000	0.0000	0.0000	0.0000	0.0000	0.0000	0.0000	0.0000	0.0029	0.0000	0.0000	0.0000	0.0000	0.0000	0.0000	0.0000	0.0000	0.0001	0.0007	0.5843	0.0000	
0.0001	0.0000	0.0000	0.0000	0.0000	0.0000	0.0000	0.0000	0.0000	0.0018	0.0000	0.0000	0.0000	0.0000	0.0000	0.0023	0.0003	0.0000	0.1140	0.0000	0.0444	0.0000	0.0001	0.0000	0.0000	0.0000	0.0008	0.0000	0.0000	0.0095	0.0172	0.0000	0.0000	0.0000	0.0000	0.1034	0.0000	0.0155	0.0000	0.0000	0.0004	0.0328	0.0000	0.0002	0.0000	0.0000	0.0000	0.0002	0.0000	0.0136	0.0347	0.0000	0.0000	0.0000	0.0000	0.0000	0.0000	0.0000	0.0824	0.0008	0.0003	0.3463	0.0001	0.0000	0.0000	0.0007	0.0000	0.0000	0.0000	0.0000	0.0000	0.0000	0.0000	0.0020	0.0405	0.0792	0.0000	0.0000	0.0160	0.0404	
0.0002	0.0005	0.0000	0.0000	0.0048	0.0015	0.0001	0.0000	0.0000	0.0008	0.0000	0.0000	0.0000	0.0001	0.0000	0.0002	0.0000	0.1317	0.0033	0.0017	0.0168	0.0000	0.3185	0.0000	0.0000	0.0000	0.0004	0.0009	0.0000	0.0000	0.0000	0.0000	0.0000	0.0006	0.0000	0.0005	0.0000	0.0000	0.0001	0.0086	0.0324	0.0000	0.0000	0.0002	0.0000	0.0014	0.0000	0.0030	0.0000	0.0000	0.0881	0.0000	0.0000	0.0000	0.0000	0.0000	0.0001	0.0034	0.0004	0.0000	0.0023	0.0010	0.0000	0.0009	0.0025	0.0000	0.3638	0.0000	0.0039	0.0038	0.0006	0.0001	0.0000	0.0000	0.0002	0.0000	0.0000	0.0000	0.0000	0.0000	
0.1646	0.0000	0.0000	0.0000	0.0000	0.0000	0.0003	0.0000	0.0000	0.0002	0.0003	0.0000	0.0000	0.0021	0.0000	0.0000	0.0000	0.0621	0.0001	0.0175	0.0000	0.0000	0.0000	0.0001	0.0000	0.0000	0.0456	0.0000	0.0001	0.0000	0.0000	0.0000	0.0000	0.0062	0.0000	0.0001	0.0000	0.0000	0.0015	0.0000	0.0000	0.0000	0.0000	0.0178	0.0000	0.0259	0.0000	0.0040	0.0000	0.0000	0.0000	0.0000	0.0000	0.0000	0.0000	0.0028	0.0000	0.0000	0.0000	0.0000	0.0030	0.0001	0.0001	0.0001	0.0000	0.0003	0.2570	0.0000	0.3237	0.0067	0.0239	0.0237	0.0002	0.0000	0.0005	0.0000	0.0000	0.0000	0.0000	0.0096	
0.0000	0.0198	0.0180	0.0027	0.0000	0.0029	0.0151	0.0000	0.0001	0.0013	0.0057	0.0003	0.0009	0.0149	0.0057	0.0000	0.0001	0.1005	0.0015	0.0219	0.0002	0.0001	0.0000	0.0632	0.0016	0.0000	0.0000	0.0001	0.0351	0.0015	0.0001	0.0263	0.0017	0.0186	0.0002	0.0078	0.0000	0.0000	0.0036	0.0003	0.0004	0.0000	0.0052	0.0000	0.0232	0.0112	0.0825	0.0001	0.0498	0.0000	0.0004	0.0132	0.0000	0.0852	0.0069	0.0652	0.0000	0.0004	0.0069	0.0001	0.0947	0.0000	0.0126	0.0297	0.0000	0.0000	0.0008	0.0000	0.0000	0.0020	0.0005	0.0048	0.0266	0.0001	0.1048	0.0000	0.0001	0.0003	0.0000	0.0005	

Emissions
0.0000	0.0578	0.9387	0.0000	0.0000	0.0000	0.0035	
0.8991	0.0000	0.0946	0.0000	0.0000	0.0000	0.0063	
0.9998	0.0000	0.0000	0.0000	0.0000	0.0000	0.0002	
0.0082	0.0000	0.0276	0.0000	0.0000	0.9642	0.0000	
0.0139	0.9575	0.0001	0.0000	0.0280	0.0000	0.0005	
0.0063	0.0078	0.9622	0.0008	0.0000	0.0228	0.0002	
0.4767	0.5123	0.0000	0.0000	0.0000	0.0000	0.0110	
0.0124	0.0000	0.1710	0.5338	0.0000	0.2829	0.0000	
0.0160	0.0003	0.1067	0.0278	0.0000	0.3164	0.5329	
0.0001	0.0000	0.4651	0.0000	0.0000	0.0011	0.5338	
0.0334	0.0002	0.0009	0.0000	0.0000	0.0001	0.9655	
0.4360	0.0578	0.0003	0.0000	0.0000	0.5060	0.0000	
0.0566	0.0030	0.0066	0.0000	0.0000	0.0512	0.8826	
0.0003	0.0000	0.9408	0.0001	0.0000	0.0002	0.0586	
0.2163	0.4666	0.0762	0.0262	0.0000	0.2147	0.0000	
0.0004	0.0219	0.2217	0.0129	0.7367	0.0000	0.0063	
0.0000	0.0000	0.6712	0.0000	0.3288	0.0000	0.0000	
0.9932	0.0019	0.0039	0.0009	0.0000	0.0000	0.0001	
0.0000	0.0000	0.8301	0.0000	0.0000	0.0001	0.1698	
0.9998	0.0000	0.0000	0.0000	0.0000	0.0000	0.0001	
0.0000	0.0002	0.9989	0.0000	0.0000	0.0000	0.0009	
0.0437	0.0000	0.5325	0.0000	0.4238	0.0000	0.0000	
0.0000	0.0000	0.9999	0.0000	0.0000	0.0001	0.0000	
0.9994	0.0000	0.0000	0.0000	0.0000	0.0000	0.0006	
0.9917	0.0049	0.0010	0.0000	0.0000	0.0022	0.0001	
0.0591	0.0000	0.0212	0.5783	0.0000	0.3276	0.0138	
0.0000	0.1598	0.0039	0.0000	0.0000	0.0000	0.8363	
0.0172	0.0000	0.9779	0.0001	0.0000	0.0048	0.0000	
0.9996	0.0000	0.0001	0.0000	0.0000	0.0000	0.0003	
0.0001	0.0000	0.0050	0.0000	0.0021	0.0002	0.9926	
0.0000	0.0001	0.0013	0.0081	0.0000	0.1558	0.8346	
0.7338	0.0419	0.0237	0.1298	0.0707	0.0002	0.0000	
0.5174	0.0542	0.0006	0.0000	0.0000	0.1286	0.2992	
0.0014	0.0000	0.8611	0.0000	0.0000	0.0000	0.1375	
0.4250	0.5750	0.0000	0.0000	0.0000	0.0000	0.0000	
0.0000	0.0000	0.0002	0.0000	0.0000	0.0448	0.9550	
0.0006	0.0000	0.0197	0.0000	0.5793	0.0006	0.3998	
0.0170	0.7284	0.2528	0.0000	0.0018	0.0000	0.0000	
0.0000	0.0000	0.9855	0.0000	0.0000	0.0004	0.0141	
0.0000	0.0000	1.0000	0.0000	0.0000	0.0000	0.0000	
0.0000	0.1500	0.7569	0.0000	0.0000	0.0020	0.0911	
0.0004	0.2332	0.0000	0.6624	0.0000	0.0377	0.0663	
0.7955	0.1899	0.0116	0.0000	0.0004	0.0000	0.0026	
0.0000	0.0375	0.9602	0.0000	0.0000	0.0000	0.0023	
0.9385	0.0001	0.0606	0.0000	0.0000	0.0007	0.0002	
0.0018	0.0031	0.9102	0.0000	0.0000	0.0000	0.0850	
0.0000	0.0000	0.0012	0.0000	0.0000	0.9883	0.0105	
0.0003	0.3352	0.0862	0.0002	0.0000	0.0000	0.5781	
0.0000	0.0000	0.0000	0.0000	0.0000	0.9058	0.0941	
0.0008	0.0311	0.0000	0.9404	0.0085	0.0191	0.0002	
0.0000	0.0000	0.9984	0.0000	0.0000	0.0002	0.0014	
0.7517	0.0024	0.2459	0.0000	0.0000	0.0000	0.0000	
0.0188	0.0001	0.0035	0.1561	0.0000	0.8216	0.0000	
0.9988	0.0002	0.0001	0.0000	0.0000	0.0000	0.0009	
0.8364	0.0000	0.0000	0.0000	0.1636	0.0000	0.0000	
0.9998	0.0000	0.0000	0.0000	0.0000	0.0000	0.0001	
0.0499	0.0000	0.9186	0.0000	0.0000	0.0315	0.0000	
0.0245	0.0000	0.9520	0.0011	0.0000	0.0223	0.0000	
0.0000	0.0000	0.0000	0.0000	0.0000	0.0916	0.9084	
0.0044	0.0006	0.0062	0.0000	0.0000	0.0000	0.9888	
0.0000	0.0000	0.4103	0.0000	0.0000	0.0017	0.5879	
0.0000	0.0000	0.9777	0.0000	0.0000	0.0001	0.0223	
0.0000	0.0000	0.4687	0.0000	0.0001	0.0002	0.5310	
0.0048	0.0000	0.9944	0.0000	0.0000	0.0000	0.0009	
0.0000	0.9070	0.0002	0.0000	0.0170	0.0000	0.0757	
0.0000	0.0001	0.5009	0.0000	0.0000	0.0001	0.4989	
0.0957	0.7094	0.0007	0.1936	0.0000	0.0000	0.0006	
0.0087	0.0010	0.0016	0.4008	0.0010	0.5867	0.0002	
0.0000	0.1110	0.8882	0.0000	0.0000	0.0000	0.0009	
0.0002	0.0000	0.9851	0.0000	0.0000	0.0000	0.0146	
0.0002	0.0000	0.5845	0.0000	0.0000	0.0001	0.4153	
0.0047	0.0000	0.2702	0.0000	0.0000	0.0000	0.7251	
1.0000	0.0000	0.0000	0.0000	0.0000	0.0000	0.0000	
0.0906	0.0051	0.0293	0.0026	0.8705	0.0018	0.0000	
0.0000	0.0000	0.0333	0.0000	0.0000	0.0059	0.9608	
0.0000	0.9873	0.0110	0.0006	0.0011	0.0000	0.0000	
0.0698	0.0000	0.0000	0.0000	0.9302	0.0000	0.0000	
0.0011	0.0755	0.0001	0.0000	0.8158	0.0000	0.1074	
0.0000	0.0000	0.1758	0.0000	0.8242	0.0000	0.0000	
0.0000	0.0000	0.0751	0.0000	0.0000	0.0000	0.9249	
