DataSet 37
Learner: Baum Welch Learner
Log Likelihood: 71210.1874399919

Number of States: 60
Number of Symbols: 8
Threshold: 0.01

Initial Distribution:
0.0445	0.0241	0.0021	0.0299	0.0016	0.0248	0.0147	0.0199	0.0099	0.0527	0.0011	0.0461	0.0051	0.0023	0.0052	0.0249	0.0188	0.0150	0.0055	0.0120	0.0333	0.0026	0.0084	0.0005	0.0297	0.0001	0.0024	0.0243	0.0121	0.0025	0.0287	0.0417	0.0153	0.0050	0.0017	0.0240	0.0105	0.0173	0.0576	0.0213	0.0141	0.0112	0.0017	0.0188	0.0108	0.0243	0.0180	0.0096	0.0210	0.0226	0.0014	0.0117	0.0119	0.0097	0.0087	0.0329	0.0289	0.0023	0.0399	0.0013	

Transitions:
0.0245	0.0012	0.0231	0.0184	0.0093	0.0074	0.0215	0.0032	0.0385	0.0238	0.0229	0.0342	0.0355	0.0150	0.0063	0.0149	0.0011	0.0290	0.0042	0.0119	0.0157	0.0217	0.0215	0.0122	0.0040	0.0071	0.0142	0.0351	0.0312	0.0103	0.0037	0.0066	0.0237	0.0241	0.0049	0.0165	0.0287	0.0190	0.0064	0.0253	0.0017	0.0169	0.0183	0.0079	0.0310	0.0036	0.0154	0.0011	0.0069	0.0331	0.0309	0.0306	0.0338	0.0186	0.0216	0.0070	0.0164	0.0119	0.0147	0.0009	
0.0256	0.0254	0.0054	0.0240	0.0220	0.0152	0.0119	0.0096	0.0115	0.0274	0.0252	0.0167	0.0234	0.0169	0.0112	0.0387	0.0030	0.0172	0.0171	0.0002	0.0276	0.0146	0.0265	0.0024	0.0181	0.0074	0.0082	0.0023	0.0013	0.0400	0.0015	0.0139	0.0049	0.0075	0.0358	0.0178	0.0130	0.0291	0.0197	0.0170	0.0275	0.0061	0.0297	0.0162	0.0096	0.0143	0.0121	0.0194	0.0125	0.0241	0.0043	0.0338	0.0318	0.0140	0.0089	0.0172	0.0378	0.0029	0.0087	0.0130	
0.0052	0.0086	0.0079	0.0094	0.0253	0.0089	0.0114	0.0121	0.0211	0.0220	0.0212	0.0068	0.0292	0.0004	0.0083	0.0197	0.0196	0.0114	0.0302	0.0020	0.0275	0.0250	0.0209	0.0133	0.0296	0.0031	0.0148	0.0218	0.0308	0.0173	0.0174	0.0073	0.0171	0.0103	0.0091	0.0182	0.0309	0.0146	0.0166	0.0347	0.0010	0.0294	0.0364	0.0147	0.0008	0.0285	0.0056	0.0263	0.0067	0.0203	0.0291	0.0161	0.0086	0.0057	0.0141	0.0172	0.0163	0.0277	0.0143	0.0200	
0.0212	0.0215	0.0142	0.0042	0.0103	0.0134	0.0238	0.0149	0.0299	0.0201	0.0228	0.0037	0.0219	0.0289	0.0010	0.0302	0.0249	0.0093	0.0129	0.0338	0.0299	0.0213	0.0146	0.0108	0.0205	0.0012	0.0300	0.0125	0.0276	0.0282	0.0005	0.0028	0.0299	0.0044	0.0088	0.0136	0.0185	0.0268	0.0055	0.0224	0.0058	0.0248	0.0041	0.0149	0.0362	0.0253	0.0317	0.0124	0.0061	0.0184	0.0273	0.0076	0.0164	0.0135	0.0222	0.0055	0.0043	0.0045	0.0182	0.0077	
0.0113	0.0115	0.0218	0.0017	0.0256	0.0218	0.0045	0.0161	0.0241	0.0182	0.0150	0.0254	0.0019	0.0252	0.0315	0.0071	0.0173	0.0005	0.0133	0.0321	0.0031	0.0220	0.0063	0.0121	0.0344	0.0264	0.0204	0.0168	0.0165	0.0032	0.0092	0.0116	0.0096	0.0345	0.0111	0.0332	0.0042	0.0022	0.0202	0.0145	0.0203	0.0163	0.0333	0.0182	0.0041	0.0328	0.0072	0.0249	0.0258	0.0165	0.0245	0.0034	0.0283	0.0220	0.0048	0.0298	0.0038	0.0093	0.0044	0.0329	
0.0285	0.0217	0.0002	0.0179	0.0120	0.0018	0.0199	0.0025	0.0187	0.0290	0.0027	0.0141	0.0075	0.0329	0.0105	0.0219	0.0260	0.0236	0.0082	0.0343	0.0179	0.0317	0.0245	0.0334	0.0150	0.0059	0.0182	0.0202	0.0277	0.0178	0.0256	0.0272	0.0289	0.0320	0.0172	0.0340	0.0180	0.0101	0.0066	0.0017	0.0125	0.0049	0.0110	0.0237	0.0165	0.0085	0.0324	0.0285	0.0149	0.0185	0.0032	0.0146	0.0014	0.0047	0.0126	0.0036	0.0308	0.0012	0.0035	0.0054	
0.0138	0.0351	0.0083	0.0317	0.0053	0.0081	0.0173	0.0106	0.0211	0.0079	0.0045	0.0122	0.0164	0.0064	0.0226	0.0140	0.0193	0.0018	0.0208	0.0061	0.0088	0.0264	0.0056	0.0112	0.0133	0.0101	0.0260	0.0256	0.0171	0.0128	0.0064	0.0133	0.0064	0.0021	0.0219	0.0155	0.0307	0.0100	0.0154	0.0065	0.0241	0.0196	0.0118	0.0053	0.0153	0.0234	0.0015	0.0260	0.0202	0.0334	0.0193	0.0225	0.0160	0.0277	0.0291	0.0278	0.0288	0.0309	0.0206	0.0281	
0.0124	0.0262	0.0292	0.0068	0.0025	0.0229	0.0074	0.0115	0.0250	0.0058	0.0186	0.0082	0.0158	0.0134	0.0163	0.0255	0.0134	0.0005	0.0317	0.0252	0.0085	0.0347	0.0069	0.0194	0.0289	0.0147	0.0334	0.0087	0.0061	0.0309	0.0204	0.0308	0.0225	0.0298	0.0295	0.0015	0.0276	0.0040	0.0028	0.0248	0.0150	0.0238	0.0086	0.0129	0.0167	0.0106	0.0111	0.0029	0.0184	0.0064	0.0136	0.0259	0.0019	0.0303	0.0195	0.0156	0.0191	0.0088	0.0132	0.0217	
0.0170	0.0313	0.0051	0.0215	0.0177	0.0192	0.0177	0.0189	0.0220	0.0092	0.0269	0.0065	0.0315	0.0057	0.0078	0.0165	0.0217	0.0277	0.0036	0.0152	0.0036	0.0287	0.0199	0.0339	0.0142	0.0257	0.0238	0.0208	0.0062	0.0108	0.0153	0.0131	0.0187	0.0139	0.0338	0.0166	0.0150	0.0118	0.0162	0.0273	0.0197	0.0197	0.0150	0.0043	0.0097	0.0028	0.0236	0.0215	0.0228	0.0002	0.0228	0.0165	0.0044	0.0232	0.0138	0.0271	0.0070	0.0053	0.0106	0.0181	
0.0218	0.0315	0.0133	0.0098	0.0301	0.0118	0.0201	0.0141	0.0073	0.0256	0.0026	0.0089	0.0364	0.0101	0.0263	0.0153	0.0140	0.0203	0.0224	0.0127	0.0016	0.0000	0.0007	0.0084	0.0213	0.0286	0.0132	0.0256	0.0315	0.0061	0.0094	0.0099	0.0019	0.0082	0.0038	0.0333	0.0097	0.0050	0.0088	0.0330	0.0157	0.0131	0.0219	0.0342	0.0318	0.0170	0.0217	0.0281	0.0072	0.0017	0.0142	0.0210	0.0159	0.0012	0.0203	0.0247	0.0351	0.0064	0.0226	0.0313	
0.0001	0.0297	0.0157	0.0004	0.0160	0.0273	0.0076	0.0248	0.0063	0.0234	0.0049	0.0077	0.0097	0.0259	0.0309	0.0215	0.0104	0.0019	0.0103	0.0034	0.0059	0.0187	0.0164	0.0329	0.0276	0.0219	0.0251	0.0005	0.0218	0.0155	0.0018	0.0026	0.0127	0.0129	0.0355	0.0239	0.0314	0.0219	0.0122	0.0060	0.0078	0.0294	0.0269	0.0108	0.0341	0.0041	0.0122	0.0224	0.0071	0.0302	0.0145	0.0242	0.0309	0.0193	0.0241	0.0169	0.0094	0.0169	0.0075	0.0263	
0.0263	0.0067	0.0035	0.0242	0.0287	0.0017	0.0290	0.0266	0.0312	0.0047	0.0224	0.0184	0.0185	0.0036	0.0287	0.0077	0.0259	0.0068	0.0010	0.0216	0.0091	0.0026	0.0231	0.0246	0.0326	0.0090	0.0048	0.0249	0.0190	0.0149	0.0122	0.0133	0.0129	0.0238	0.0071	0.0014	0.0276	0.0286	0.0137	0.0284	0.0076	0.0163	0.0276	0.0011	0.0086	0.0261	0.0076	0.0229	0.0262	0.0166	0.0226	0.0026	0.0152	0.0164	0.0154	0.0288	0.0139	0.0129	0.0250	0.0158	
0.0248	0.0037	0.0085	0.0140	0.0297	0.0087	0.0069	0.0272	0.0355	0.0231	0.0148	0.0246	0.0260	0.0061	0.0146	0.0266	0.0077	0.0293	0.0169	0.0072	0.0014	0.0130	0.0297	0.0042	0.0268	0.0096	0.0312	0.0273	0.0090	0.0132	0.0210	0.0122	0.0042	0.0009	0.0383	0.0060	0.0090	0.0133	0.0058	0.0007	0.0187	0.0151	0.0358	0.0320	0.0033	0.0292	0.0141	0.0090	0.0074	0.0243	0.0236	0.0186	0.0333	0.0176	0.0152	0.0201	0.0048	0.0044	0.0236	0.0170	
0.0070	0.0130	0.0173	0.0173	0.0054	0.0006	0.0250	0.0212	0.0080	0.0065	0.0176	0.0223	0.0202	0.0144	0.0225	0.0192	0.0141	0.0348	0.0010	0.0314	0.0266	0.0250	0.0199	0.0204	0.0240	0.0014	0.0137	0.0167	0.0187	0.0160	0.0007	0.0038	0.0210	0.0254	0.0291	0.0083	0.0309	0.0111	0.0192	0.0026	0.0031	0.0246	0.0033	0.0311	0.0069	0.0288	0.0025	0.0168	0.0353	0.0292	0.0045	0.0052	0.0035	0.0256	0.0203	0.0195	0.0248	0.0307	0.0277	0.0035	
0.0156	0.0075	0.0026	0.0243	0.0079	0.0147	0.0046	0.0268	0.0266	0.0106	0.0211	0.0019	0.0046	0.0337	0.0294	0.0025	0.0212	0.0253	0.0139	0.0291	0.0298	0.0329	0.0159	0.0252	0.0106	0.0280	0.0007	0.0266	0.0040	0.0082	0.0167	0.0282	0.0132	0.0243	0.0194	0.0326	0.0249	0.0094	0.0171	0.0291	0.0224	0.0099	0.0335	0.0181	0.0104	0.0020	0.0017	0.0042	0.0032	0.0197	0.0335	0.0015	0.0201	0.0025	0.0045	0.0264	0.0247	0.0130	0.0163	0.0115	
0.0103	0.0117	0.0216	0.0141	0.0323	0.0213	0.0217	0.0123	0.0186	0.0270	0.0130	0.0088	0.0340	0.0205	0.0033	0.0227	0.0331	0.0336	0.0138	0.0084	0.0257	0.0305	0.0227	0.0220	0.0088	0.0147	0.0135	0.0117	0.0192	0.0300	0.0074	0.0088	0.0262	0.0145	0.0154	0.0150	0.0218	0.0141	0.0177	0.0230	0.0132	0.0217	0.0235	0.0069	0.0065	0.0237	0.0052	0.0002	0.0000	0.0160	0.0251	0.0228	0.0006	0.0079	0.0182	0.0174	0.0230	0.0028	0.0066	0.0137	
0.0070	0.0109	0.0292	0.0249	0.0257	0.0033	0.0192	0.0171	0.0069	0.0227	0.0008	0.0188	0.0087	0.0291	0.0350	0.0048	0.0073	0.0210	0.0155	0.0223	0.0104	0.0164	0.0117	0.0050	0.0028	0.0185	0.0095	0.0193	0.0322	0.0403	0.0294	0.0190	0.0077	0.0122	0.0183	0.0060	0.0357	0.0000	0.0170	0.0038	0.0064	0.0268	0.0339	0.0109	0.0200	0.0064	0.0196	0.0090	0.0182	0.0161	0.0122	0.0025	0.0265	0.0212	0.0045	0.0321	0.0382	0.0234	0.0220	0.0051	
0.0223	0.0349	0.0195	0.0069	0.0306	0.0156	0.0108	0.0284	0.0137	0.0191	0.0075	0.0053	0.0354	0.0098	0.0144	0.0202	0.0184	0.0012	0.0232	0.0319	0.0300	0.0006	0.0019	0.0162	0.0220	0.0234	0.0268	0.0182	0.0062	0.0224	0.0071	0.0073	0.0119	0.0146	0.0107	0.0077	0.0026	0.0192	0.0107	0.0345	0.0258	0.0202	0.0310	0.0256	0.0073	0.0041	0.0039	0.0124	0.0090	0.0171	0.0089	0.0261	0.0312	0.0203	0.0046	0.0275	0.0340	0.0052	0.0185	0.0040	
0.0187	0.0289	0.0273	0.0261	0.0162	0.0385	0.0303	0.0190	0.0000	0.0055	0.0198	0.0309	0.0243	0.0251	0.0025	0.0138	0.0042	0.0095	0.0099	0.0189	0.0216	0.0182	0.0104	0.0252	0.0138	0.0121	0.0094	0.0237	0.0106	0.0218	0.0109	0.0303	0.0003	0.0123	0.0165	0.0041	0.0359	0.0058	0.0116	0.0086	0.0115	0.0220	0.0172	0.0029	0.0423	0.0122	0.0115	0.0103	0.0246	0.0285	0.0267	0.0225	0.0341	0.0038	0.0176	0.0068	0.0159	0.0009	0.0139	0.0027	
0.0192	0.0043	0.0079	0.0154	0.0317	0.0216	0.0317	0.0087	0.0119	0.0288	0.0150	0.0273	0.0315	0.0006	0.0060	0.0006	0.0008	0.0086	0.0243	0.0006	0.0011	0.0357	0.0011	0.0189	0.0307	0.0209	0.0315	0.0287	0.0264	0.0078	0.0215	0.0271	0.0247	0.0115	0.0194	0.0079	0.0124	0.0284	0.0053	0.0136	0.0125	0.0016	0.0358	0.0226	0.0124	0.0257	0.0269	0.0271	0.0337	0.0166	0.0053	0.0056	0.0111	0.0109	0.0012	0.0258	0.0030	0.0230	0.0213	0.0068	
0.0204	0.0013	0.0165	0.0038	0.0111	0.0207	0.0071	0.0178	0.0211	0.0317	0.0250	0.0041	0.0004	0.0117	0.0254	0.0367	0.0382	0.0136	0.0063	0.0029	0.0300	0.0027	0.0306	0.0129	0.0020	0.0181	0.0196	0.0141	0.0110	0.0348	0.0047	0.0219	0.0074	0.0008	0.0309	0.0140	0.0244	0.0317	0.0129	0.0313	0.0196	0.0131	0.0165	0.0343	0.0345	0.0013	0.0066	0.0012	0.0291	0.0020	0.0280	0.0257	0.0216	0.0200	0.0140	0.0222	0.0039	0.0038	0.0019	0.0288	
0.0259	0.0279	0.0066	0.0216	0.0295	0.0007	0.0308	0.0318	0.0222	0.0068	0.0125	0.0031	0.0349	0.0112	0.0199	0.0159	0.0220	0.0337	0.0186	0.0006	0.0101	0.0197	0.0177	0.0083	0.0027	0.0124	0.0020	0.0183	0.0213	0.0064	0.0083	0.0150	0.0249	0.0220	0.0337	0.0262	0.0053	0.0227	0.0038	0.0283	0.0041	0.0060	0.0173	0.0158	0.0262	0.0205	0.0271	0.0071	0.0033	0.0294	0.0322	0.0046	0.0199	0.0011	0.0140	0.0148	0.0062	0.0310	0.0190	0.0150	
0.0251	0.0107	0.0120	0.0122	0.0325	0.0276	0.0089	0.0084	0.0177	0.0229	0.0106	0.0279	0.0278	0.0219	0.0305	0.0047	0.0021	0.0031	0.0190	0.0153	0.0174	0.0289	0.0144	0.0241	0.0086	0.0035	0.0285	0.0239	0.0060	0.0154	0.0165	0.0065	0.0033	0.0238	0.0301	0.0290	0.0269	0.0015	0.0134	0.0273	0.0102	0.0164	0.0252	0.0104	0.0202	0.0326	0.0115	0.0281	0.0049	0.0096	0.0125	0.0030	0.0112	0.0044	0.0263	0.0038	0.0276	0.0196	0.0048	0.0279	
0.0300	0.0197	0.0029	0.0022	0.0082	0.0041	0.0315	0.0028	0.0351	0.0020	0.0118	0.0005	0.0232	0.0278	0.0048	0.0007	0.0035	0.0070	0.0053	0.0101	0.0265	0.0420	0.0223	0.0343	0.0022	0.0169	0.0299	0.0330	0.0316	0.0322	0.0005	0.0067	0.0311	0.0261	0.0376	0.0354	0.0177	0.0245	0.0032	0.0200	0.0057	0.0103	0.0037	0.0032	0.0001	0.0132	0.0203	0.0223	0.0017	0.0319	0.0010	0.0223	0.0187	0.0304	0.0037	0.0379	0.0308	0.0068	0.0003	0.0285	
0.0072	0.0331	0.0073	0.0026	0.0017	0.0033	0.0043	0.0264	0.0340	0.0080	0.0178	0.0112	0.0020	0.0217	0.0032	0.0152	0.0277	0.0188	0.0281	0.0255	0.0270	0.0066	0.0297	0.0391	0.0254	0.0117	0.0230	0.0301	0.0178	0.0310	0.0005	0.0085	0.0219	0.0128	0.0077	0.0101	0.0015	0.0305	0.0008	0.0318	0.0062	0.0201	0.0233	0.0262	0.0105	0.0205	0.0164	0.0258	0.0290	0.0201	0.0021	0.0086	0.0088	0.0091	0.0267	0.0018	0.0389	0.0080	0.0104	0.0208	
0.0111	0.0058	0.0093	0.0292	0.0081	0.0087	0.0241	0.0218	0.0147	0.0225	0.0133	0.0255	0.0186	0.0315	0.0177	0.0075	0.0149	0.0041	0.0234	0.0033	0.0239	0.0294	0.0043	0.0308	0.0290	0.0225	0.0299	0.0109	0.0177	0.0066	0.0087	0.0226	0.0182	0.0119	0.0180	0.0016	0.0134	0.0238	0.0129	0.0022	0.0267	0.0279	0.0172	0.0300	0.0085	0.0049	0.0245	0.0092	0.0271	0.0189	0.0203	0.0255	0.0195	0.0078	0.0263	0.0202	0.0007	0.0105	0.0042	0.0166	
0.0068	0.0132	0.0043	0.0068	0.0186	0.0219	0.0099	0.0048	0.0193	0.0123	0.0279	0.0195	0.0216	0.0192	0.0082	0.0298	0.0113	0.0051	0.0257	0.0238	0.0303	0.0251	0.0160	0.0328	0.0204	0.0134	0.0050	0.0104	0.0159	0.0343	0.0008	0.0023	0.0198	0.0011	0.0304	0.0174	0.0258	0.0080	0.0111	0.0210	0.0262	0.0191	0.0291	0.0118	0.0282	0.0312	0.0092	0.0009	0.0018	0.0313	0.0090	0.0274	0.0201	0.0127	0.0167	0.0189	0.0270	0.0054	0.0195	0.0033	
0.0143	0.0355	0.0232	0.0217	0.0159	0.0275	0.0014	0.0189	0.0318	0.0230	0.0041	0.0028	0.0266	0.0038	0.0329	0.0123	0.0326	0.0067	0.0068	0.0238	0.0048	0.0049	0.0090	0.0190	0.0233	0.0053	0.0148	0.0065	0.0172	0.0097	0.0229	0.0198	0.0196	0.0134	0.0052	0.0330	0.0356	0.0053	0.0267	0.0014	0.0299	0.0264	0.0095	0.0104	0.0345	0.0062	0.0069	0.0170	0.0226	0.0070	0.0246	0.0210	0.0349	0.0001	0.0328	0.0127	0.0257	0.0049	0.0007	0.0092	
0.0073	0.0292	0.0015	0.0150	0.0022	0.0159	0.0152	0.0093	0.0351	0.0262	0.0121	0.0196	0.0076	0.0046	0.0247	0.0124	0.0273	0.0321	0.0207	0.0146	0.0276	0.0304	0.0162	0.0105	0.0196	0.0006	0.0188	0.0179	0.0120	0.0275	0.0064	0.0227	0.0041	0.0216	0.0251	0.0014	0.0214	0.0204	0.0054	0.0123	0.0193	0.0255	0.0176	0.0206	0.0265	0.0299	0.0125	0.0226	0.0081	0.0175	0.0149	0.0199	0.0147	0.0149	0.0089	0.0120	0.0099	0.0216	0.0272	0.0014	
0.0221	0.0294	0.0285	0.0056	0.0248	0.0195	0.0198	0.0166	0.0143	0.0178	0.0225	0.0043	0.0257	0.0087	0.0269	0.0020	0.0124	0.0307	0.0175	0.0212	0.0171	0.0282	0.0097	0.0281	0.0108	0.0159	0.0091	0.0166	0.0128	0.0144	0.0225	0.0253	0.0205	0.0064	0.0190	0.0266	0.0003	0.0105	0.0208	0.0086	0.0096	0.0276	0.0162	0.0150	0.0307	0.0093	0.0309	0.0062	0.0271	0.0075	0.0320	0.0108	0.0086	0.0089	0.0136	0.0024	0.0164	0.0007	0.0262	0.0065	
0.0073	0.0017	0.0045	0.0006	0.0366	0.0288	0.0160	0.0172	0.0322	0.0306	0.0019	0.0010	0.0362	0.0085	0.0131	0.0242	0.0130	0.0314	0.0005	0.0009	0.0175	0.0038	0.0234	0.0057	0.0147	0.0127	0.0222	0.0145	0.0264	0.0176	0.0093	0.0324	0.0154	0.0275	0.0007	0.0097	0.0299	0.0146	0.0174	0.0029	0.0295	0.0187	0.0168	0.0272	0.0077	0.0347	0.0171	0.0011	0.0003	0.0283	0.0265	0.0231	0.0004	0.0264	0.0245	0.0050	0.0118	0.0336	0.0218	0.0209	
0.0025	0.0006	0.0237	0.0104	0.0224	0.0021	0.0171	0.0047	0.0072	0.0012	0.0279	0.0285	0.0079	0.0282	0.0053	0.0005	0.0199	0.0278	0.0299	0.0133	0.0271	0.0202	0.0101	0.0285	0.0229	0.0154	0.0274	0.0191	0.0017	0.0306	0.0295	0.0231	0.0227	0.0304	0.0327	0.0254	0.0247	0.0033	0.0042	0.0034	0.0117	0.0096	0.0255	0.0266	0.0287	0.0247	0.0149	0.0022	0.0199	0.0206	0.0151	0.0117	0.0001	0.0045	0.0200	0.0140	0.0200	0.0233	0.0185	0.0047	
0.0026	0.0332	0.0039	0.0107	0.0025	0.0033	0.0042	0.0088	0.0371	0.0096	0.0101	0.0167	0.0289	0.0296	0.0014	0.0211	0.0278	0.0155	0.0035	0.0336	0.0025	0.0333	0.0300	0.0138	0.0149	0.0189	0.0270	0.0208	0.0096	0.0211	0.0072	0.0307	0.0165	0.0358	0.0010	0.0186	0.0068	0.0163	0.0233	0.0285	0.0218	0.0067	0.0048	0.0127	0.0148	0.0339	0.0221	0.0050	0.0048	0.0035	0.0232	0.0063	0.0229	0.0220	0.0027	0.0065	0.0338	0.0250	0.0292	0.0174	
0.0075	0.0173	0.0308	0.0120	0.0031	0.0111	0.0013	0.0243	0.0309	0.0144	0.0130	0.0086	0.0201	0.0104	0.0083	0.0272	0.0250	0.0203	0.0342	0.0152	0.0273	0.0226	0.0145	0.0065	0.0315	0.0013	0.0080	0.0242	0.0285	0.0315	0.0165	0.0131	0.0166	0.0127	0.0177	0.0067	0.0072	0.0216	0.0059	0.0028	0.0267	0.0269	0.0115	0.0184	0.0249	0.0101	0.0194	0.0103	0.0161	0.0069	0.0140	0.0107	0.0237	0.0134	0.0180	0.0218	0.0339	0.0245	0.0155	0.0013	
0.0016	0.0090	0.0281	0.0307	0.0357	0.0340	0.0267	0.0047	0.0318	0.0014	0.0211	0.0015	0.0110	0.0298	0.0200	0.0000	0.0112	0.0331	0.0174	0.0201	0.0121	0.0334	0.0088	0.0235	0.0148	0.0056	0.0210	0.0018	0.0272	0.0338	0.0063	0.0121	0.0055	0.0080	0.0008	0.0228	0.0026	0.0103	0.0144	0.0275	0.0165	0.0166	0.0213	0.0119	0.0224	0.0121	0.0027	0.0249	0.0335	0.0197	0.0109	0.0025	0.0115	0.0255	0.0198	0.0061	0.0315	0.0042	0.0183	0.0269	
0.0054	0.0268	0.0101	0.0270	0.0286	0.0063	0.0271	0.0014	0.0335	0.0274	0.0306	0.0276	0.0105	0.0225	0.0022	0.0303	0.0099	0.0298	0.0041	0.0018	0.0028	0.0279	0.0027	0.0090	0.0191	0.0033	0.0029	0.0079	0.0181	0.0288	0.0196	0.0277	0.0255	0.0274	0.0192	0.0300	0.0052	0.0177	0.0121	0.0125	0.0144	0.0009	0.0296	0.0038	0.0211	0.0110	0.0225	0.0205	0.0299	0.0226	0.0286	0.0013	0.0001	0.0158	0.0229	0.0103	0.0248	0.0028	0.0118	0.0232	
0.0039	0.0234	0.0156	0.0012	0.0061	0.0387	0.0087	0.0176	0.0031	0.0077	0.0257	0.0225	0.0144	0.0290	0.0232	0.0021	0.0341	0.0390	0.0228	0.0077	0.0104	0.0162	0.0128	0.0338	0.0003	0.0245	0.0309	0.0083	0.0027	0.0115	0.0058	0.0025	0.0043	0.0297	0.0098	0.0331	0.0219	0.0326	0.0247	0.0261	0.0035	0.0112	0.0237	0.0195	0.0014	0.0033	0.0247	0.0074	0.0382	0.0242	0.0157	0.0208	0.0198	0.0079	0.0155	0.0275	0.0083	0.0206	0.0009	0.0172	
0.0011	0.0310	0.0140	0.0244	0.0032	0.0212	0.0196	0.0162	0.0191	0.0176	0.0150	0.0285	0.0005	0.0277	0.0033	0.0003	0.0263	0.0260	0.0278	0.0285	0.0294	0.0245	0.0067	0.0124	0.0285	0.0146	0.0157	0.0266	0.0115	0.0189	0.0208	0.0000	0.0258	0.0149	0.0227	0.0036	0.0296	0.0233	0.0131	0.0124	0.0142	0.0053	0.0234	0.0092	0.0065	0.0142	0.0211	0.0180	0.0046	0.0133	0.0290	0.0123	0.0238	0.0027	0.0147	0.0107	0.0230	0.0005	0.0287	0.0187	
0.0024	0.0226	0.0047	0.0013	0.0359	0.0165	0.0023	0.0167	0.0099	0.0291	0.0045	0.0005	0.0099	0.0147	0.0162	0.0257	0.0012	0.0323	0.0075	0.0134	0.0294	0.0310	0.0204	0.0326	0.0203	0.0084	0.0070	0.0282	0.0308	0.0115	0.0138	0.0274	0.0251	0.0302	0.0116	0.0232	0.0009	0.0210	0.0113	0.0233	0.0120	0.0041	0.0120	0.0050	0.0108	0.0309	0.0053	0.0102	0.0217	0.0247	0.0098	0.0247	0.0282	0.0156	0.0247	0.0052	0.0359	0.0062	0.0150	0.0232	
0.0074	0.0107	0.0214	0.0328	0.0235	0.0101	0.0063	0.0131	0.0048	0.0239	0.0298	0.0131	0.0238	0.0193	0.0009	0.0288	0.0208	0.0224	0.0257	0.0287	0.0037	0.0352	0.0048	0.0105	0.0003	0.0204	0.0024	0.0106	0.0061	0.0068	0.0265	0.0286	0.0081	0.0250	0.0194	0.0050	0.0201	0.0138	0.0159	0.0006	0.0248	0.0276	0.0088	0.0363	0.0365	0.0348	0.0079	0.0101	0.0203	0.0000	0.0230	0.0144	0.0180	0.0229	0.0217	0.0132	0.0052	0.0110	0.0319	0.0005	
0.0057	0.0305	0.0062	0.0294	0.0317	0.0316	0.0057	0.0294	0.0008	0.0265	0.0067	0.0050	0.0367	0.0220	0.0004	0.0106	0.0220	0.0053	0.0112	0.0035	0.0114	0.0270	0.0229	0.0062	0.0204	0.0115	0.0101	0.0166	0.0010	0.0053	0.0309	0.0068	0.0136	0.0189	0.0296	0.0293	0.0202	0.0088	0.0021	0.0339	0.0224	0.0093	0.0092	0.0195	0.0291	0.0140	0.0132	0.0261	0.0233	0.0096	0.0232	0.0297	0.0317	0.0244	0.0206	0.0147	0.0035	0.0005	0.0113	0.0173	
0.0156	0.0214	0.0258	0.0253	0.0314	0.0331	0.0236	0.0135	0.0312	0.0042	0.0216	0.0097	0.0024	0.0108	0.0127	0.0023	0.0163	0.0052	0.0124	0.0053	0.0271	0.0153	0.0226	0.0253	0.0150	0.0007	0.0065	0.0176	0.0276	0.0133	0.0226	0.0154	0.0242	0.0165	0.0133	0.0027	0.0124	0.0112	0.0153	0.0271	0.0194	0.0302	0.0003	0.0141	0.0209	0.0091	0.0270	0.0168	0.0161	0.0185	0.0290	0.0241	0.0204	0.0053	0.0172	0.0054	0.0277	0.0046	0.0125	0.0261	
0.0209	0.0055	0.0197	0.0155	0.0151	0.0047	0.0168	0.0172	0.0389	0.0081	0.0245	0.0035	0.0171	0.0187	0.0190	0.0349	0.0157	0.0116	0.0063	0.0064	0.0038	0.0227	0.0028	0.0118	0.0165	0.0268	0.0305	0.0224	0.0344	0.0086	0.0086	0.0070	0.0310	0.0298	0.0035	0.0196	0.0155	0.0176	0.0027	0.0163	0.0269	0.0131	0.0268	0.0068	0.0349	0.0281	0.0176	0.0031	0.0261	0.0196	0.0260	0.0162	0.0340	0.0073	0.0249	0.0054	0.0020	0.0066	0.0012	0.0216	
0.0051	0.0269	0.0189	0.0235	0.0002	0.0153	0.0046	0.0191	0.0170	0.0287	0.0187	0.0287	0.0075	0.0236	0.0127	0.0251	0.0291	0.0298	0.0159	0.0216	0.0094	0.0300	0.0290	0.0132	0.0183	0.0239	0.0073	0.0231	0.0021	0.0351	0.0145	0.0079	0.0161	0.0171	0.0094	0.0014	0.0284	0.0291	0.0053	0.0142	0.0209	0.0282	0.0222	0.0259	0.0018	0.0266	0.0095	0.0091	0.0291	0.0013	0.0089	0.0059	0.0228	0.0121	0.0098	0.0109	0.0275	0.0049	0.0077	0.0078	
0.0065	0.0143	0.0170	0.0168	0.0176	0.0106	0.0152	0.0239	0.0182	0.0091	0.0289	0.0276	0.0257	0.0016	0.0369	0.0124	0.0078	0.0070	0.0122	0.0249	0.0149	0.0348	0.0242	0.0010	0.0245	0.0095	0.0154	0.0027	0.0059	0.0373	0.0077	0.0201	0.0192	0.0319	0.0069	0.0095	0.0140	0.0032	0.0077	0.0269	0.0110	0.0201	0.0309	0.0159	0.0067	0.0096	0.0171	0.0193	0.0161	0.0335	0.0040	0.0170	0.0282	0.0143	0.0239	0.0114	0.0205	0.0156	0.0282	0.0057	
0.0211	0.0121	0.0172	0.0159	0.0032	0.0056	0.0105	0.0221	0.0331	0.0198	0.0331	0.0033	0.0316	0.0189	0.0132	0.0296	0.0033	0.0107	0.0294	0.0137	0.0244	0.0289	0.0186	0.0087	0.0286	0.0193	0.0276	0.0039	0.0071	0.0322	0.0224	0.0260	0.0076	0.0048	0.0003	0.0001	0.0018	0.0100	0.0115	0.0000	0.0295	0.0259	0.0277	0.0241	0.0336	0.0001	0.0240	0.0076	0.0059	0.0276	0.0069	0.0071	0.0207	0.0132	0.0122	0.0311	0.0260	0.0088	0.0214	0.0154	
0.0070	0.0060	0.0138	0.0002	0.0311	0.0039	0.0270	0.0208	0.0198	0.0092	0.0252	0.0200	0.0287	0.0264	0.0147	0.0287	0.0008	0.0272	0.0099	0.0257	0.0241	0.0201	0.0253	0.0122	0.0206	0.0144	0.0064	0.0231	0.0223	0.0029	0.0080	0.0204	0.0165	0.0295	0.0248	0.0236	0.0101	0.0231	0.0183	0.0255	0.0038	0.0008	0.0218	0.0220	0.0002	0.0129	0.0113	0.0210	0.0008	0.0121	0.0276	0.0234	0.0295	0.0230	0.0182	0.0201	0.0078	0.0031	0.0098	0.0135	
0.0259	0.0030	0.0356	0.0160	0.0036	0.0029	0.0061	0.0317	0.0059	0.0206	0.0252	0.0069	0.0006	0.0190	0.0264	0.0302	0.0353	0.0055	0.0144	0.0093	0.0036	0.0177	0.0246	0.0145	0.0076	0.0138	0.0274	0.0263	0.0126	0.0032	0.0191	0.0072	0.0162	0.0134	0.0378	0.0024	0.0022	0.0076	0.0185	0.0370	0.0088	0.0181	0.0258	0.0131	0.0293	0.0262	0.0308	0.0149	0.0082	0.0294	0.0268	0.0034	0.0269	0.0031	0.0125	0.0171	0.0123	0.0219	0.0098	0.0252	
0.0072	0.0150	0.0154	0.0019	0.0040	0.0136	0.0239	0.0199	0.0212	0.0186	0.0249	0.0205	0.0144	0.0142	0.0328	0.0188	0.0249	0.0132	0.0194	0.0171	0.0153	0.0107	0.0151	0.0205	0.0131	0.0128	0.0148	0.0110	0.0003	0.0167	0.0218	0.0126	0.0290	0.0011	0.0221	0.0296	0.0008	0.0169	0.0059	0.0102	0.0267	0.0067	0.0287	0.0186	0.0005	0.0322	0.0206	0.0089	0.0042	0.0248	0.0213	0.0266	0.0002	0.0211	0.0052	0.0316	0.0343	0.0265	0.0196	0.0209	
0.0277	0.0138	0.0209	0.0030	0.0300	0.0110	0.0268	0.0118	0.0308	0.0042	0.0181	0.0067	0.0052	0.0102	0.0228	0.0101	0.0142	0.0324	0.0194	0.0136	0.0233	0.0058	0.0071	0.0080	0.0292	0.0266	0.0138	0.0050	0.0284	0.0265	0.0284	0.0031	0.0268	0.0200	0.0131	0.0180	0.0202	0.0256	0.0195	0.0232	0.0060	0.0105	0.0183	0.0301	0.0090	0.0142	0.0255	0.0225	0.0064	0.0286	0.0183	0.0002	0.0118	0.0092	0.0303	0.0272	0.0059	0.0129	0.0080	0.0012	
0.0222	0.0211	0.0165	0.0019	0.0078	0.0149	0.0108	0.0176	0.0344	0.0016	0.0225	0.0159	0.0065	0.0277	0.0068	0.0136	0.0198	0.0084	0.0345	0.0136	0.0015	0.0254	0.0268	0.0329	0.0061	0.0274	0.0213	0.0169	0.0201	0.0204	0.0108	0.0049	0.0155	0.0216	0.0287	0.0188	0.0246	0.0139	0.0159	0.0265	0.0025	0.0062	0.0263	0.0036	0.0058	0.0286	0.0248	0.0133	0.0037	0.0149	0.0054	0.0253	0.0129	0.0224	0.0289	0.0051	0.0207	0.0161	0.0256	0.0099	
0.0201	0.0273	0.0353	0.0138	0.0265	0.0200	0.0026	0.0169	0.0032	0.0188	0.0244	0.0050	0.0194	0.0072	0.0125	0.0298	0.0357	0.0315	0.0324	0.0099	0.0029	0.0104	0.0139	0.0057	0.0146	0.0157	0.0249	0.0238	0.0248	0.0273	0.0309	0.0084	0.0194	0.0156	0.0035	0.0120	0.0108	0.0116	0.0119	0.0236	0.0279	0.0116	0.0161	0.0158	0.0319	0.0005	0.0150	0.0068	0.0185	0.0050	0.0062	0.0275	0.0251	0.0183	0.0077	0.0157	0.0100	0.0275	0.0007	0.0082	
0.0223	0.0137	0.0270	0.0148	0.0275	0.0150	0.0204	0.0017	0.0048	0.0299	0.0191	0.0199	0.0163	0.0064	0.0177	0.0259	0.0314	0.0377	0.0128	0.0134	0.0015	0.0214	0.0056	0.0207	0.0175	0.0032	0.0176	0.0328	0.0072	0.0265	0.0009	0.0167	0.0100	0.0072	0.0363	0.0169	0.0209	0.0317	0.0199	0.0156	0.0149	0.0129	0.0035	0.0166	0.0242	0.0184	0.0137	0.0169	0.0061	0.0175	0.0208	0.0097	0.0150	0.0196	0.0060	0.0075	0.0070	0.0067	0.0327	0.0223	
0.0223	0.0208	0.0279	0.0138	0.0343	0.0005	0.0107	0.0068	0.0109	0.0289	0.0057	0.0264	0.0088	0.0301	0.0309	0.0226	0.0152	0.0224	0.0332	0.0324	0.0219	0.0008	0.0240	0.0255	0.0028	0.0216	0.0035	0.0210	0.0008	0.0253	0.0084	0.0112	0.0317	0.0035	0.0202	0.0314	0.0170	0.0191	0.0130	0.0201	0.0057	0.0054	0.0079	0.0062	0.0108	0.0226	0.0021	0.0150	0.0244	0.0162	0.0249	0.0166	0.0068	0.0006	0.0285	0.0278	0.0270	0.0041	0.0115	0.0082	
0.0226	0.0215	0.0056	0.0175	0.0230	0.0258	0.0289	0.0042	0.0114	0.0015	0.0049	0.0223	0.0035	0.0122	0.0252	0.0158	0.0248	0.0204	0.0128	0.0131	0.0185	0.0197	0.0254	0.0170	0.0313	0.0215	0.0043	0.0279	0.0050	0.0264	0.0027	0.0106	0.0065	0.0091	0.0234	0.0174	0.0311	0.0174	0.0109	0.0171	0.0209	0.0273	0.0064	0.0191	0.0115	0.0276	0.0129	0.0225	0.0083	0.0128	0.0010	0.0041	0.0224	0.0251	0.0174	0.0101	0.0232	0.0191	0.0192	0.0290	
0.0167	0.0319	0.0266	0.0158	0.0296	0.0214	0.0183	0.0218	0.0264	0.0066	0.0153	0.0050	0.0043	0.0267	0.0227	0.0221	0.0116	0.0082	0.0053	0.0019	0.0084	0.0095	0.0201	0.0262	0.0229	0.0265	0.0192	0.0072	0.0194	0.0114	0.0218	0.0093	0.0268	0.0169	0.0281	0.0242	0.0283	0.0173	0.0163	0.0176	0.0074	0.0187	0.0030	0.0011	0.0292	0.0257	0.0005	0.0251	0.0093	0.0260	0.0284	0.0125	0.0131	0.0165	0.0194	0.0097	0.0103	0.0056	0.0226	0.0005	
0.0029	0.0120	0.0028	0.0091	0.0135	0.0052	0.0073	0.0168	0.0340	0.0241	0.0217	0.0180	0.0182	0.0192	0.0241	0.0191	0.0062	0.0208	0.0249	0.0282	0.0241	0.0218	0.0271	0.0293	0.0141	0.0098	0.0244	0.0093	0.0245	0.0179	0.0130	0.0185	0.0208	0.0204	0.0138	0.0294	0.0144	0.0201	0.0112	0.0228	0.0153	0.0114	0.0260	0.0106	0.0043	0.0039	0.0233	0.0210	0.0264	0.0284	0.0030	0.0152	0.0096	0.0248	0.0026	0.0112	0.0148	0.0078	0.0236	0.0019	
0.0080	0.0299	0.0244	0.0121	0.0145	0.0353	0.0008	0.0271	0.0057	0.0225	0.0051	0.0132	0.0014	0.0048	0.0099	0.0161	0.0276	0.0197	0.0242	0.0104	0.0132	0.0003	0.0134	0.0281	0.0159	0.0269	0.0116	0.0232	0.0195	0.0034	0.0152	0.0062	0.0237	0.0173	0.0153	0.0221	0.0236	0.0160	0.0231	0.0046	0.0032	0.0018	0.0263	0.0270	0.0298	0.0201	0.0187	0.0055	0.0227	0.0183	0.0176	0.0243	0.0208	0.0159	0.0186	0.0100	0.0124	0.0256	0.0283	0.0180	
0.0188	0.0091	0.0089	0.0026	0.0149	0.0357	0.0240	0.0170	0.0326	0.0200	0.0292	0.0109	0.0248	0.0197	0.0090	0.0139	0.0116	0.0217	0.0041	0.0314	0.0108	0.0084	0.0023	0.0010	0.0213	0.0234	0.0195	0.0091	0.0321	0.0039	0.0096	0.0310	0.0200	0.0149	0.0227	0.0313	0.0322	0.0221	0.0181	0.0315	0.0000	0.0032	0.0158	0.0037	0.0326	0.0083	0.0078	0.0041	0.0138	0.0097	0.0374	0.0284	0.0254	0.0027	0.0088	0.0142	0.0072	0.0078	0.0185	0.0256	
0.0092	0.0125	0.0189	0.0195	0.0112	0.0299	0.0227	0.0069	0.0349	0.0090	0.0182	0.0181	0.0353	0.0075	0.0296	0.0070	0.0252	0.0321	0.0086	0.0110	0.0135	0.0159	0.0234	0.0208	0.0032	0.0121	0.0065	0.0151	0.0049	0.0068	0.0201	0.0162	0.0034	0.0267	0.0183	0.0201	0.0162	0.0227	0.0175	0.0293	0.0150	0.0297	0.0052	0.0005	0.0245	0.0102	0.0270	0.0127	0.0079	0.0007	0.0188	0.0061	0.0306	0.0046	0.0075	0.0293	0.0154	0.0285	0.0166	0.0295	

Emissions
0.2139	0.0698	0.0103	0.2036	0.1420	0.1451	0.1720	0.0434	
0.2179	0.0806	0.1500	0.0069	0.0431	0.0608	0.2769	0.1639	
0.0475	0.2292	0.2695	0.1049	0.1014	0.1349	0.0700	0.0425	
0.1582	0.1532	0.0928	0.2013	0.1142	0.0793	0.0310	0.1700	
0.0317	0.2429	0.0713	0.0463	0.1909	0.0677	0.0994	0.2499	
0.2240	0.2659	0.1262	0.0056	0.0661	0.0930	0.0089	0.2102	
0.0633	0.1905	0.0972	0.0967	0.1459	0.1000	0.0876	0.2189	
0.2111	0.3049	0.0416	0.0357	0.0829	0.1042	0.1628	0.0569	
0.0266	0.0423	0.2098	0.0676	0.0272	0.0932	0.1829	0.3504	
0.1883	0.1266	0.0005	0.2528	0.0257	0.0474	0.3347	0.0239	
0.0571	0.2233	0.1444	0.0893	0.1586	0.0677	0.1465	0.1132	
0.1773	0.1651	0.0762	0.3198	0.0462	0.0288	0.1231	0.0635	
0.0304	0.1354	0.2058	0.0255	0.1278	0.1028	0.1259	0.2463	
0.0338	0.1726	0.0417	0.0882	0.1472	0.1025	0.2015	0.2125	
0.0291	0.0531	0.2525	0.0950	0.0037	0.1763	0.0767	0.3136	
0.1159	0.1364	0.1579	0.1599	0.0211	0.0821	0.2245	0.1023	
0.1793	0.2117	0.1071	0.0854	0.0559	0.0831	0.0763	0.2012	
0.0838	0.1954	0.1061	0.0487	0.0521	0.1353	0.1461	0.2326	
0.1106	0.2165	0.2308	0.0070	0.0855	0.1544	0.0419	0.1532	
0.0708	0.0737	0.1430	0.0490	0.1550	0.1131	0.1980	0.1973	
0.1841	0.2067	0.0875	0.1604	0.1534	0.0243	0.0745	0.1092	
0.1074	0.2396	0.2375	0.0319	0.0239	0.1368	0.0838	0.1393	
0.1878	0.0165	0.0543	0.0713	0.1742	0.1554	0.3161	0.0246	
0.1093	0.0456	0.0741	0.0118	0.1962	0.0148	0.2850	0.2632	
0.0022	0.3011	0.0683	0.1078	0.0592	0.0944	0.2574	0.1096	
0.0656	0.1250	0.0886	0.0639	0.2141	0.1814	0.0963	0.1650	
0.1508	0.0708	0.1381	0.1127	0.1230	0.0725	0.2771	0.0549	
0.1656	0.1641	0.0432	0.1252	0.1625	0.0327	0.1223	0.1844	
0.0067	0.1377	0.1019	0.0780	0.1885	0.2714	0.0964	0.1194	
0.0279	0.2156	0.2645	0.0403	0.0890	0.0817	0.0240	0.2571	
0.2048	0.2433	0.0319	0.1417	0.1236	0.0314	0.0362	0.1872	
0.3230	0.1043	0.1112	0.1846	0.0932	0.0065	0.1279	0.0494	
0.1731	0.1662	0.0975	0.1256	0.1265	0.0196	0.2812	0.0101	
0.0131	0.0819	0.1752	0.1411	0.0889	0.1353	0.2119	0.1526	
0.0874	0.1311	0.2963	0.0287	0.0126	0.1516	0.0197	0.2726	
0.0339	0.2750	0.0579	0.0554	0.0735	0.1132	0.3292	0.0619	
0.0844	0.2628	0.1081	0.1638	0.0146	0.0633	0.0511	0.2519	
0.2273	0.0601	0.1641	0.0916	0.1675	0.0702	0.0916	0.1276	
0.3093	0.1349	0.0302	0.3967	0.0162	0.0474	0.0412	0.0240	
0.1080	0.1754	0.1043	0.0036	0.1630	0.1018	0.1929	0.1510	
0.1278	0.1805	0.1055	0.1328	0.0733	0.1660	0.1283	0.0857	
0.0700	0.1025	0.1106	0.1845	0.0520	0.1386	0.0498	0.2921	
0.0662	0.3052	0.2089	0.0060	0.0951	0.1850	0.0323	0.1014	
0.1938	0.1277	0.1089	0.0944	0.1640	0.0295	0.2738	0.0079	
0.1200	0.0337	0.2635	0.0594	0.0021	0.1498	0.0216	0.3499	
0.1464	0.1998	0.0889	0.1043	0.1112	0.0176	0.1626	0.1692	
0.0986	0.2606	0.1231	0.1684	0.0360	0.1067	0.0413	0.1653	
0.0871	0.0363	0.2097	0.1873	0.0795	0.1756	0.1746	0.0498	
0.1126	0.1127	0.0863	0.0263	0.1445	0.1324	0.2042	0.1810	
0.1926	0.2411	0.0320	0.0904	0.0457	0.0560	0.1363	0.2059	
0.0612	0.1327	0.2091	0.0826	0.0724	0.1112	0.1663	0.1645	
0.1791	0.1060	0.2031	0.1529	0.1891	0.0244	0.1418	0.0036	
0.1045	0.1912	0.0877	0.0841	0.1553	0.1413	0.0215	0.2144	
0.0696	0.0224	0.0702	0.1461	0.2400	0.2357	0.2133	0.0026	
0.1142	0.0461	0.0877	0.1062	0.1737	0.1116	0.1641	0.1964	
0.1355	0.2675	0.0307	0.0753	0.0072	0.1098	0.1810	0.1930	
0.0682	0.0527	0.0107	0.1732	0.0050	0.0077	0.3596	0.3228	
0.1249	0.1558	0.2351	0.0849	0.1833	0.0924	0.0150	0.1084	
0.2127	0.2224	0.0316	0.1360	0.1209	0.0898	0.0202	0.1664	
0.1218	0.1596	0.2205	0.0901	0.0835	0.1076	0.1147	0.1023	
