DataSet 37
Learner: Baum Welch Learner
Log Likelihood: 71300.0864747101

Number of States: 80
Number of Symbols: 8
Threshold: 0.01

Initial Distribution:
0.0137	0.0185	0.0104	0.0039	0.0218	0.0066	0.0149	0.0238	0.0079	0.0058	0.0163	0.0014	0.0174	0.0085	0.0102	0.0213	0.0304	0.0070	0.0234	0.0035	0.0055	0.0068	0.0010	0.0009	0.0007	0.0186	0.0142	0.0095	0.0076	0.0029	0.0018	0.0049	0.0071	0.0260	0.0239	0.0087	0.0207	0.0057	0.0123	0.0227	0.0168	0.0264	0.0373	0.0148	0.0120	0.0065	0.0164	0.0146	0.0001	0.0133	0.0122	0.0195	0.0007	0.0222	0.0183	0.0083	0.0102	0.0171	0.0067	0.0060	0.0162	0.0150	0.0083	0.0033	0.0024	0.0046	0.0167	0.0334	0.0114	0.0033	0.0269	0.0144	0.0156	0.0253	0.0062	0.0058	0.0069	0.0142	0.0076	0.0145	

Transitions:
0.0193	0.0009	0.0204	0.0251	0.0086	0.0076	0.0036	0.0130	0.0090	0.0113	0.0168	0.0145	0.0013	0.0061	0.0020	0.0059	0.0097	0.0204	0.0117	0.0068	0.0143	0.0008	0.0229	0.0200	0.0151	0.0033	0.0180	0.0042	0.0159	0.0071	0.0215	0.0025	0.0230	0.0112	0.0119	0.0157	0.0226	0.0112	0.0185	0.0177	0.0052	0.0037	0.0082	0.0237	0.0117	0.0084	0.0147	0.0130	0.0219	0.0205	0.0214	0.0132	0.0234	0.0017	0.0033	0.0167	0.0018	0.0211	0.0068	0.0051	0.0096	0.0252	0.0241	0.0023	0.0168	0.0162	0.0136	0.0097	0.0149	0.0091	0.0084	0.0241	0.0020	0.0166	0.0016	0.0115	0.0192	0.0229	0.0085	0.0068	
0.0164	0.0069	0.0095	0.0172	0.0094	0.0105	0.0045	0.0235	0.0091	0.0207	0.0148	0.0236	0.0036	0.0147	0.0121	0.0058	0.0049	0.0070	0.0095	0.0193	0.0205	0.0011	0.0259	0.0118	0.0158	0.0188	0.0098	0.0078	0.0002	0.0202	0.0005	0.0018	0.0151	0.0006	0.0140	0.0029	0.0161	0.0080	0.0189	0.0056	0.0120	0.0164	0.0047	0.0187	0.0214	0.0108	0.0213	0.0124	0.0061	0.0207	0.0060	0.0104	0.0165	0.0136	0.0121	0.0142	0.0078	0.0209	0.0014	0.0123	0.0240	0.0231	0.0242	0.0150	0.0254	0.0143	0.0090	0.0024	0.0211	0.0083	0.0146	0.0237	0.0131	0.0035	0.0064	0.0020	0.0261	0.0058	0.0155	0.0041	
0.0025	0.0231	0.0018	0.0045	0.0122	0.0166	0.0120	0.0257	0.0127	0.0023	0.0206	0.0187	0.0064	0.0058	0.0087	0.0161	0.0193	0.0159	0.0232	0.0049	0.0017	0.0183	0.0171	0.0240	0.0073	0.0074	0.0179	0.0148	0.0087	0.0138	0.0181	0.0016	0.0057	0.0206	0.0089	0.0001	0.0201	0.0196	0.0035	0.0065	0.0032	0.0088	0.0155	0.0199	0.0143	0.0220	0.0159	0.0080	0.0229	0.0178	0.0082	0.0071	0.0085	0.0114	0.0026	0.0101	0.0075	0.0039	0.0213	0.0035	0.0194	0.0243	0.0192	0.0239	0.0121	0.0207	0.0134	0.0072	0.0190	0.0080	0.0206	0.0005	0.0100	0.0170	0.0015	0.0199	0.0018	0.0216	0.0089	0.0101	
0.0201	0.0117	0.0179	0.0170	0.0038	0.0106	0.0181	0.0174	0.0185	0.0003	0.0170	0.0154	0.0197	0.0260	0.0133	0.0043	0.0144	0.0160	0.0092	0.0167	0.0075	0.0056	0.0127	0.0121	0.0214	0.0056	0.0169	0.0189	0.0113	0.0109	0.0079	0.0105	0.0180	0.0101	0.0079	0.0053	0.0056	0.0023	0.0201	0.0001	0.0005	0.0192	0.0138	0.0198	0.0155	0.0042	0.0043	0.0089	0.0030	0.0196	0.0014	0.0096	0.0110	0.0140	0.0028	0.0119	0.0258	0.0042	0.0157	0.0219	0.0136	0.0015	0.0081	0.0090	0.0189	0.0077	0.0196	0.0068	0.0141	0.0070	0.0237	0.0140	0.0187	0.0097	0.0149	0.0140	0.0182	0.0169	0.0210	0.0168	
0.0033	0.0100	0.0157	0.0142	0.0088	0.0239	0.0000	0.0030	0.0090	0.0214	0.0062	0.0006	0.0084	0.0259	0.0126	0.0265	0.0107	0.0064	0.0028	0.0070	0.0082	0.0202	0.0207	0.0216	0.0226	0.0103	0.0129	0.0011	0.0280	0.0163	0.0209	0.0055	0.0068	0.0001	0.0172	0.0031	0.0126	0.0210	0.0002	0.0184	0.0075	0.0188	0.0013	0.0182	0.0007	0.0239	0.0045	0.0207	0.0257	0.0178	0.0012	0.0105	0.0164	0.0146	0.0090	0.0087	0.0150	0.0189	0.0146	0.0201	0.0087	0.0285	0.0044	0.0184	0.0005	0.0011	0.0189	0.0077	0.0044	0.0078	0.0115	0.0180	0.0059	0.0089	0.0215	0.0163	0.0214	0.0030	0.0181	0.0225	
0.0086	0.0173	0.0025	0.0058	0.0128	0.0126	0.0147	0.0153	0.0142	0.0091	0.0134	0.0171	0.0030	0.0040	0.0112	0.0073	0.0137	0.0085	0.0163	0.0229	0.0053	0.0195	0.0172	0.0156	0.0067	0.0070	0.0032	0.0078	0.0180	0.0220	0.0150	0.0107	0.0234	0.0151	0.0112	0.0148	0.0209	0.0231	0.0037	0.0120	0.0112	0.0025	0.0175	0.0185	0.0201	0.0198	0.0146	0.0017	0.0243	0.0149	0.0003	0.0091	0.0108	0.0175	0.0160	0.0121	0.0010	0.0098	0.0214	0.0056	0.0078	0.0068	0.0245	0.0183	0.0228	0.0033	0.0177	0.0074	0.0145	0.0207	0.0114	0.0159	0.0042	0.0040	0.0113	0.0028	0.0013	0.0222	0.0203	0.0119	
0.0238	0.0020	0.0121	0.0008	0.0212	0.0061	0.0006	0.0045	0.0275	0.0007	0.0143	0.0106	0.0004	0.0268	0.0066	0.0049	0.0037	0.0292	0.0260	0.0162	0.0001	0.0042	0.0129	0.0016	0.0050	0.0086	0.0046	0.0080	0.0086	0.0184	0.0123	0.0029	0.0159	0.0106	0.0103	0.0061	0.0228	0.0259	0.0279	0.0159	0.0030	0.0153	0.0112	0.0154	0.0083	0.0019	0.0160	0.0063	0.0274	0.0095	0.0269	0.0013	0.0272	0.0068	0.0117	0.0175	0.0180	0.0086	0.0212	0.0110	0.0002	0.0219	0.0254	0.0088	0.0178	0.0128	0.0218	0.0121	0.0119	0.0263	0.0078	0.0059	0.0011	0.0095	0.0112	0.0124	0.0235	0.0238	0.0185	0.0026	
0.0194	0.0211	0.0080	0.0222	0.0135	0.0102	0.0029	0.0069	0.0202	0.0160	0.0129	0.0118	0.0018	0.0132	0.0140	0.0073	0.0148	0.0020	0.0006	0.0170	0.0062	0.0002	0.0169	0.0220	0.0014	0.0140	0.0001	0.0159	0.0194	0.0022	0.0202	0.0174	0.0124	0.0154	0.0118	0.0013	0.0099	0.0210	0.0159	0.0032	0.0071	0.0109	0.0146	0.0151	0.0088	0.0179	0.0027	0.0097	0.0183	0.0028	0.0159	0.0138	0.0190	0.0191	0.0168	0.0182	0.0044	0.0077	0.0179	0.0201	0.0094	0.0108	0.0121	0.0186	0.0227	0.0195	0.0208	0.0058	0.0198	0.0119	0.0208	0.0168	0.0084	0.0213	0.0095	0.0186	0.0091	0.0017	0.0125	0.0063	
0.0164	0.0105	0.0223	0.0165	0.0083	0.0069	0.0212	0.0133	0.0218	0.0173	0.0189	0.0015	0.0023	0.0198	0.0183	0.0200	0.0190	0.0196	0.0175	0.0109	0.0187	0.0178	0.0126	0.0043	0.0048	0.0176	0.0044	0.0279	0.0129	0.0018	0.0098	0.0023	0.0163	0.0125	0.0047	0.0177	0.0130	0.0214	0.0106	0.0124	0.0219	0.0084	0.0093	0.0023	0.0168	0.0200	0.0143	0.0119	0.0030	0.0132	0.0191	0.0122	0.0068	0.0023	0.0098	0.0195	0.0224	0.0154	0.0086	0.0087	0.0014	0.0246	0.0028	0.0200	0.0097	0.0196	0.0064	0.0096	0.0123	0.0187	0.0074	0.0023	0.0084	0.0043	0.0107	0.0119	0.0093	0.0101	0.0111	0.0077	
0.0101	0.0153	0.0225	0.0252	0.0067	0.0248	0.0204	0.0163	0.0023	0.0084	0.0002	0.0212	0.0104	0.0018	0.0145	0.0231	0.0053	0.0153	0.0172	0.0221	0.0143	0.0017	0.0008	0.0070	0.0069	0.0146	0.0032	0.0029	0.0164	0.0005	0.0127	0.0106	0.0051	0.0021	0.0005	0.0096	0.0031	0.0067	0.0141	0.0102	0.0247	0.0166	0.0112	0.0051	0.0231	0.0142	0.0175	0.0068	0.0184	0.0129	0.0058	0.0195	0.0206	0.0140	0.0183	0.0073	0.0166	0.0133	0.0130	0.0146	0.0205	0.0199	0.0023	0.0020	0.0239	0.0162	0.0141	0.0070	0.0010	0.0032	0.0218	0.0256	0.0011	0.0066	0.0215	0.0271	0.0176	0.0195	0.0110	0.0189	
0.0012	0.0207	0.0123	0.0005	0.0191	0.0202	0.0168	0.0149	0.0080	0.0166	0.0185	0.0148	0.0154	0.0270	0.0185	0.0057	0.0126	0.0100	0.0085	0.0061	0.0240	0.0078	0.0066	0.0138	0.0170	0.0049	0.0159	0.0155	0.0197	0.0220	0.0163	0.0189	0.0030	0.0205	0.0120	0.0216	0.0072	0.0019	0.0073	0.0021	0.0238	0.0250	0.0011	0.0082	0.0088	0.0086	0.0083	0.0015	0.0164	0.0162	0.0104	0.0061	0.0134	0.0046	0.0179	0.0187	0.0153	0.0232	0.0077	0.0138	0.0015	0.0039	0.0239	0.0125	0.0012	0.0014	0.0107	0.0174	0.0109	0.0190	0.0228	0.0122	0.0029	0.0066	0.0067	0.0273	0.0075	0.0233	0.0050	0.0089	
0.0238	0.0138	0.0225	0.0258	0.0097	0.0115	0.0057	0.0208	0.0010	0.0171	0.0083	0.0080	0.0161	0.0177	0.0008	0.0185	0.0017	0.0141	0.0060	0.0059	0.0214	0.0114	0.0136	0.0197	0.0176	0.0166	0.0022	0.0077	0.0247	0.0221	0.0113	0.0144	0.0158	0.0217	0.0132	0.0084	0.0052	0.0230	0.0008	0.0122	0.0191	0.0122	0.0171	0.0154	0.0095	0.0148	0.0178	0.0080	0.0058	0.0110	0.0218	0.0157	0.0168	0.0198	0.0094	0.0095	0.0007	0.0015	0.0044	0.0122	0.0081	0.0243	0.0002	0.0051	0.0083	0.0193	0.0138	0.0131	0.0009	0.0141	0.0140	0.0036	0.0120	0.0159	0.0091	0.0104	0.0195	0.0203	0.0104	0.0031	
0.0050	0.0175	0.0014	0.0109	0.0217	0.0211	0.0249	0.0192	0.0129	0.0057	0.0089	0.0032	0.0174	0.0134	0.0064	0.0194	0.0124	0.0150	0.0084	0.0146	0.0001	0.0237	0.0094	0.0153	0.0231	0.0148	0.0030	0.0255	0.0131	0.0014	0.0177	0.0015	0.0146	0.0016	0.0071	0.0155	0.0218	0.0140	0.0067	0.0122	0.0191	0.0196	0.0052	0.0183	0.0063	0.0118	0.0106	0.0005	0.0117	0.0153	0.0221	0.0028	0.0156	0.0193	0.0029	0.0050	0.0090	0.0099	0.0126	0.0055	0.0160	0.0230	0.0074	0.0110	0.0153	0.0079	0.0131	0.0123	0.0042	0.0150	0.0218	0.0240	0.0070	0.0214	0.0171	0.0044	0.0223	0.0148	0.0080	0.0094	
0.0082	0.0029	0.0144	0.0231	0.0036	0.0154	0.0108	0.0175	0.0228	0.0029	0.0067	0.0113	0.0012	0.0010	0.0224	0.0197	0.0125	0.0189	0.0056	0.0211	0.0233	0.0186	0.0203	0.0201	0.0187	0.0190	0.0159	0.0222	0.0012	0.0262	0.0108	0.0182	0.0022	0.0025	0.0191	0.0120	0.0093	0.0107	0.0080	0.0212	0.0217	0.0193	0.0161	0.0012	0.0089	0.0105	0.0217	0.0059	0.0252	0.0225	0.0156	0.0005	0.0088	0.0099	0.0108	0.0126	0.0076	0.0153	0.0023	0.0043	0.0193	0.0149	0.0176	0.0229	0.0193	0.0135	0.0090	0.0167	0.0027	0.0088	0.0118	0.0027	0.0093	0.0069	0.0004	0.0031	0.0020	0.0184	0.0108	0.0076	
0.0038	0.0143	0.0275	0.0029	0.0093	0.0130	0.0122	0.0179	0.0179	0.0102	0.0063	0.0185	0.0091	0.0047	0.0052	0.0076	0.0030	0.0219	0.0100	0.0218	0.0009	0.0256	0.0046	0.0163	0.0137	0.0117	0.0141	0.0023	0.0142	0.0118	0.0129	0.0143	0.0071	0.0203	0.0013	0.0071	0.0213	0.0173	0.0181	0.0072	0.0034	0.0213	0.0088	0.0207	0.0043	0.0248	0.0227	0.0065	0.0033	0.0201	0.0000	0.0091	0.0128	0.0170	0.0077	0.0056	0.0109	0.0084	0.0159	0.0238	0.0239	0.0102	0.0061	0.0068	0.0307	0.0219	0.0105	0.0120	0.0026	0.0253	0.0160	0.0155	0.0033	0.0021	0.0168	0.0092	0.0206	0.0121	0.0112	0.0171	
0.0199	0.0075	0.0246	0.0169	0.0094	0.0032	0.0017	0.0134	0.0126	0.0204	0.0215	0.0099	0.0205	0.0201	0.0122	0.0219	0.0111	0.0021	0.0190	0.0098	0.0117	0.0051	0.0039	0.0048	0.0045	0.0088	0.0039	0.0114	0.0284	0.0004	0.0133	0.0204	0.0198	0.0236	0.0017	0.0090	0.0093	0.0133	0.0216	0.0185	0.0160	0.0200	0.0022	0.0056	0.0256	0.0038	0.0123	0.0074	0.0153	0.0217	0.0185	0.0132	0.0159	0.0004	0.0036	0.0132	0.0042	0.0171	0.0101	0.0198	0.0233	0.0198	0.0148	0.0106	0.0072	0.0003	0.0114	0.0187	0.0155	0.0224	0.0093	0.0008	0.0051	0.0230	0.0151	0.0177	0.0031	0.0206	0.0044	0.0004	
0.0250	0.0227	0.0217	0.0023	0.0060	0.0019	0.0070	0.0223	0.0199	0.0121	0.0068	0.0150	0.0245	0.0263	0.0231	0.0235	0.0056	0.0163	0.0272	0.0226	0.0187	0.0130	0.0159	0.0165	0.0133	0.0145	0.0062	0.0174	0.0075	0.0133	0.0104	0.0059	0.0142	0.0111	0.0205	0.0016	0.0229	0.0113	0.0049	0.0047	0.0171	0.0138	0.0041	0.0041	0.0188	0.0201	0.0009	0.0060	0.0027	0.0180	0.0104	0.0115	0.0236	0.0052	0.0071	0.0104	0.0066	0.0035	0.0143	0.0134	0.0200	0.0146	0.0157	0.0071	0.0031	0.0019	0.0013	0.0099	0.0001	0.0199	0.0003	0.0188	0.0106	0.0226	0.0044	0.0024	0.0116	0.0117	0.0206	0.0164	
0.0183	0.0006	0.0154	0.0133	0.0018	0.0256	0.0067	0.0075	0.0038	0.0122	0.0189	0.0199	0.0206	0.0167	0.0111	0.0047	0.0217	0.0212	0.0017	0.0139	0.0187	0.0125	0.0063	0.0071	0.0188	0.0135	0.0000	0.0057	0.0008	0.0063	0.0236	0.0197	0.0049	0.0198	0.0179	0.0166	0.0246	0.0032	0.0057	0.0030	0.0198	0.0183	0.0083	0.0108	0.0270	0.0054	0.0211	0.0171	0.0091	0.0000	0.0028	0.0130	0.0093	0.0069	0.0211	0.0036	0.0203	0.0066	0.0152	0.0091	0.0243	0.0017	0.0074	0.0227	0.0160	0.0257	0.0136	0.0002	0.0176	0.0163	0.0058	0.0216	0.0143	0.0232	0.0166	0.0002	0.0052	0.0191	0.0065	0.0130	
0.0229	0.0040	0.0218	0.0006	0.0030	0.0116	0.0114	0.0208	0.0225	0.0166	0.0226	0.0150	0.0095	0.0211	0.0043	0.0185	0.0106	0.0113	0.0206	0.0230	0.0164	0.0198	0.0017	0.0159	0.0196	0.0050	0.0175	0.0112	0.0144	0.0253	0.0237	0.0212	0.0003	0.0033	0.0106	0.0179	0.0044	0.0062	0.0195	0.0026	0.0129	0.0160	0.0018	0.0008	0.0182	0.0135	0.0102	0.0163	0.0193	0.0011	0.0135	0.0165	0.0233	0.0064	0.0192	0.0009	0.0027	0.0045	0.0058	0.0206	0.0131	0.0002	0.0084	0.0207	0.0203	0.0012	0.0155	0.0048	0.0074	0.0087	0.0130	0.0048	0.0135	0.0183	0.0088	0.0234	0.0214	0.0008	0.0194	0.0041	
0.0241	0.0034	0.0188	0.0147	0.0098	0.0064	0.0252	0.0184	0.0060	0.0110	0.0170	0.0264	0.0000	0.0261	0.0155	0.0136	0.0083	0.0030	0.0071	0.0163	0.0241	0.0044	0.0105	0.0099	0.0128	0.0075	0.0018	0.0072	0.0255	0.0000	0.0075	0.0019	0.0067	0.0015	0.0008	0.0097	0.0092	0.0228	0.0151	0.0121	0.0024	0.0253	0.0009	0.0236	0.0200	0.0154	0.0051	0.0164	0.0055	0.0216	0.0152	0.0166	0.0204	0.0066	0.0068	0.0169	0.0202	0.0069	0.0000	0.0008	0.0039	0.0207	0.0241	0.0061	0.0054	0.0173	0.0174	0.0182	0.0222	0.0037	0.0057	0.0142	0.0136	0.0200	0.0126	0.0288	0.0042	0.0133	0.0167	0.0233	
0.0053	0.0088	0.0013	0.0282	0.0108	0.0185	0.0087	0.0259	0.0204	0.0087	0.0174	0.0010	0.0211	0.0153	0.0107	0.0088	0.0016	0.0224	0.0176	0.0019	0.0234	0.0066	0.0233	0.0011	0.0180	0.0008	0.0020	0.0296	0.0217	0.0089	0.0135	0.0041	0.0156	0.0017	0.0195	0.0204	0.0184	0.0249	0.0215	0.0127	0.0079	0.0183	0.0041	0.0136	0.0130	0.0050	0.0189	0.0000	0.0109	0.0049	0.0248	0.0084	0.0238	0.0143	0.0014	0.0241	0.0136	0.0001	0.0068	0.0106	0.0155	0.0090	0.0072	0.0121	0.0257	0.0152	0.0112	0.0153	0.0174	0.0155	0.0173	0.0040	0.0008	0.0045	0.0180	0.0048	0.0027	0.0093	0.0150	0.0126	
0.0088	0.0019	0.0153	0.0135	0.0087	0.0050	0.0069	0.0219	0.0002	0.0184	0.0072	0.0163	0.0135	0.0097	0.0230	0.0209	0.0090	0.0162	0.0146	0.0192	0.0173	0.0201	0.0067	0.0182	0.0118	0.0137	0.0054	0.0191	0.0219	0.0217	0.0186	0.0026	0.0085	0.0169	0.0009	0.0098	0.0171	0.0172	0.0012	0.0131	0.0057	0.0106	0.0169	0.0183	0.0061	0.0233	0.0119	0.0124	0.0055	0.0167	0.0164	0.0088	0.0168	0.0139	0.0153	0.0097	0.0193	0.0173	0.0197	0.0143	0.0216	0.0150	0.0036	0.0027	0.0019	0.0053	0.0061	0.0145	0.0075	0.0105	0.0061	0.0168	0.0145	0.0233	0.0125	0.0077	0.0043	0.0113	0.0118	0.0119	
0.0074	0.0158	0.0130	0.0009	0.0043	0.0125	0.0105	0.0170	0.0010	0.0134	0.0164	0.0214	0.0172	0.0110	0.0196	0.0153	0.0072	0.0167	0.0170	0.0005	0.0188	0.0159	0.0076	0.0188	0.0137	0.0193	0.0142	0.0197	0.0022	0.0120	0.0066	0.0058	0.0064	0.0100	0.0078	0.0062	0.0027	0.0029	0.0239	0.0138	0.0200	0.0142	0.0190	0.0177	0.0215	0.0102	0.0248	0.0051	0.0068	0.0229	0.0249	0.0123	0.0210	0.0115	0.0177	0.0150	0.0093	0.0163	0.0111	0.0048	0.0187	0.0173	0.0159	0.0141	0.0099	0.0116	0.0145	0.0049	0.0009	0.0117	0.0133	0.0049	0.0159	0.0024	0.0042	0.0035	0.0253	0.0143	0.0211	0.0032	
0.0003	0.0115	0.0124	0.0027	0.0105	0.0203	0.0106	0.0178	0.0157	0.0169	0.0220	0.0088	0.0146	0.0192	0.0225	0.0033	0.0229	0.0057	0.0090	0.0072	0.0207	0.0171	0.0050	0.0191	0.0111	0.0156	0.0153	0.0204	0.0093	0.0191	0.0192	0.0183	0.0184	0.0078	0.0038	0.0061	0.0051	0.0128	0.0036	0.0133	0.0013	0.0214	0.0150	0.0067	0.0155	0.0045	0.0143	0.0206	0.0062	0.0015	0.0038	0.0146	0.0052	0.0142	0.0078	0.0074	0.0075	0.0147	0.0146	0.0159	0.0241	0.0166	0.0105	0.0220	0.0285	0.0040	0.0138	0.0046	0.0124	0.0144	0.0233	0.0122	0.0017	0.0197	0.0053	0.0250	0.0019	0.0223	0.0044	0.0058	
0.0075	0.0206	0.0145	0.0080	0.0139	0.0040	0.0154	0.0033	0.0267	0.0207	0.0252	0.0132	0.0215	0.0142	0.0175	0.0095	0.0121	0.0200	0.0069	0.0105	0.0165	0.0080	0.0121	0.0169	0.0035	0.0148	0.0117	0.0124	0.0119	0.0128	0.0064	0.0089	0.0129	0.0095	0.0087	0.0043	0.0041	0.0036	0.0104	0.0211	0.0162	0.0120	0.0066	0.0178	0.0184	0.0120	0.0165	0.0132	0.0047	0.0223	0.0120	0.0088	0.0179	0.0185	0.0157	0.0246	0.0101	0.0205	0.0034	0.0229	0.0160	0.0037	0.0202	0.0141	0.0194	0.0177	0.0000	0.0086	0.0030	0.0120	0.0059	0.0096	0.0082	0.0112	0.0183	0.0040	0.0011	0.0202	0.0000	0.0171	
0.0022	0.0228	0.0067	0.0136	0.0002	0.0238	0.0167	0.0166	0.0167	0.0089	0.0177	0.0064	0.0231	0.0137	0.0065	0.0096	0.0160	0.0165	0.0007	0.0213	0.0102	0.0035	0.0101	0.0169	0.0153	0.0021	0.0001	0.0060	0.0254	0.0133	0.0214	0.0142	0.0204	0.0099	0.0157	0.0146	0.0222	0.0047	0.0128	0.0153	0.0212	0.0069	0.0168	0.0167	0.0163	0.0239	0.0088	0.0164	0.0041	0.0071	0.0093	0.0075	0.0181	0.0005	0.0058	0.0223	0.0132	0.0125	0.0195	0.0217	0.0219	0.0113	0.0174	0.0051	0.0136	0.0059	0.0086	0.0103	0.0179	0.0151	0.0141	0.0123	0.0043	0.0075	0.0007	0.0035	0.0120	0.0173	0.0017	0.0168	
0.0220	0.0048	0.0023	0.0191	0.0033	0.0178	0.0223	0.0228	0.0047	0.0206	0.0024	0.0086	0.0090	0.0183	0.0234	0.0121	0.0140	0.0136	0.0047	0.0094	0.0162	0.0203	0.0017	0.0134	0.0201	0.0191	0.0031	0.0137	0.0291	0.0038	0.0130	0.0211	0.0121	0.0042	0.0034	0.0181	0.0105	0.0019	0.0019	0.0218	0.0112	0.0139	0.0095	0.0243	0.0159	0.0074	0.0051	0.0122	0.0132	0.0140	0.0152	0.0245	0.0159	0.0169	0.0028	0.0256	0.0034	0.0138	0.0223	0.0071	0.0125	0.0097	0.0245	0.0013	0.0109	0.0089	0.0217	0.0036	0.0126	0.0036	0.0030	0.0137	0.0109	0.0071	0.0223	0.0022	0.0137	0.0039	0.0239	0.0124	
0.0219	0.0151	0.0007	0.0141	0.0158	0.0157	0.0052	0.0210	0.0017	0.0053	0.0165	0.0241	0.0044	0.0249	0.0138	0.0022	0.0144	0.0093	0.0147	0.0063	0.0120	0.0002	0.0016	0.0082	0.0120	0.0015	0.0118	0.0125	0.0253	0.0012	0.0140	0.0268	0.0155	0.0116	0.0135	0.0197	0.0104	0.0136	0.0138	0.0210	0.0041	0.0020	0.0032	0.0083	0.0170	0.0086	0.0094	0.0151	0.0254	0.0240	0.0134	0.0037	0.0180	0.0179	0.0015	0.0190	0.0165	0.0181	0.0001	0.0137	0.0004	0.0272	0.0009	0.0005	0.0218	0.0203	0.0051	0.0160	0.0067	0.0159	0.0207	0.0055	0.0227	0.0192	0.0021	0.0116	0.0296	0.0190	0.0195	0.0035	
0.0208	0.0211	0.0141	0.0243	0.0143	0.0101	0.0093	0.0216	0.0094	0.0203	0.0083	0.0155	0.0102	0.0266	0.0218	0.0071	0.0008	0.0027	0.0143	0.0226	0.0030	0.0143	0.0091	0.0052	0.0034	0.0051	0.0061	0.0270	0.0186	0.0192	0.0198	0.0183	0.0230	0.0203	0.0160	0.0026	0.0083	0.0040	0.0109	0.0072	0.0066	0.0077	0.0093	0.0091	0.0069	0.0032	0.0191	0.0180	0.0247	0.0196	0.0084	0.0194	0.0049	0.0178	0.0004	0.0042	0.0142	0.0071	0.0162	0.0082	0.0020	0.0124	0.0065	0.0165	0.0024	0.0161	0.0152	0.0104	0.0057	0.0171	0.0240	0.0233	0.0157	0.0069	0.0143	0.0229	0.0054	0.0003	0.0217	0.0002	
0.0143	0.0115	0.0002	0.0254	0.0090	0.0004	0.0142	0.0041	0.0212	0.0125	0.0152	0.0252	0.0104	0.0026	0.0061	0.0169	0.0014	0.0186	0.0066	0.0157	0.0128	0.0046	0.0149	0.0046	0.0213	0.0093	0.0022	0.0253	0.0040	0.0055	0.0251	0.0131	0.0089	0.0165	0.0176	0.0154	0.0122	0.0104	0.0072	0.0015	0.0008	0.0121	0.0172	0.0177	0.0028	0.0267	0.0129	0.0122	0.0012	0.0208	0.0195	0.0111	0.0196	0.0065	0.0122	0.0078	0.0249	0.0179	0.0227	0.0251	0.0235	0.0162	0.0006	0.0173	0.0173	0.0026	0.0148	0.0122	0.0069	0.0157	0.0087	0.0175	0.0105	0.0054	0.0143	0.0009	0.0143	0.0222	0.0020	0.0219	
0.0265	0.0127	0.0232	0.0079	0.0103	0.0146	0.0190	0.0017	0.0054	0.0103	0.0176	0.0162	0.0101	0.0096	0.0040	0.0077	0.0105	0.0013	0.0014	0.0001	0.0084	0.0190	0.0077	0.0105	0.0133	0.0022	0.0002	0.0141	0.0183	0.0126	0.0205	0.0242	0.0178	0.0027	0.0205	0.0098	0.0204	0.0192	0.0051	0.0014	0.0083	0.0139	0.0108	0.0210	0.0247	0.0193	0.0066	0.0018	0.0016	0.0055	0.0150	0.0106	0.0232	0.0017	0.0125	0.0043	0.0058	0.0101	0.0164	0.0090	0.0136	0.0065	0.0104	0.0199	0.0186	0.0205	0.0210	0.0053	0.0101	0.0197	0.0152	0.0176	0.0208	0.0252	0.0156	0.0225	0.0098	0.0126	0.0134	0.0216	
0.0218	0.0201	0.0109	0.0108	0.0189	0.0099	0.0017	0.0149	0.0132	0.0157	0.0039	0.0070	0.0010	0.0207	0.0126	0.0014	0.0033	0.0169	0.0024	0.0020	0.0188	0.0214	0.0157	0.0067	0.0149	0.0169	0.0111	0.0217	0.0099	0.0187	0.0194	0.0152	0.0205	0.0176	0.0094	0.0134	0.0179	0.0224	0.0196	0.0053	0.0165	0.0050	0.0147	0.0143	0.0147	0.0069	0.0151	0.0190	0.0118	0.0135	0.0150	0.0136	0.0099	0.0091	0.0008	0.0202	0.0058	0.0033	0.0165	0.0232	0.0187	0.0045	0.0064	0.0188	0.0238	0.0118	0.0087	0.0030	0.0084	0.0211	0.0061	0.0042	0.0179	0.0197	0.0073	0.0145	0.0068	0.0012	0.0149	0.0076	
0.0071	0.0141	0.0102	0.0199	0.0023	0.0052	0.0065	0.0111	0.0191	0.0119	0.0084	0.0140	0.0045	0.0215	0.0106	0.0112	0.0219	0.0207	0.0160	0.0019	0.0224	0.0104	0.0140	0.0128	0.0084	0.0086	0.0145	0.0139	0.0018	0.0116	0.0156	0.0042	0.0106	0.0088	0.0140	0.0048	0.0181	0.0112	0.0178	0.0156	0.0054	0.0210	0.0077	0.0186	0.0144	0.0158	0.0235	0.0195	0.0109	0.0193	0.0146	0.0088	0.0085	0.0126	0.0095	0.0188	0.0005	0.0174	0.0093	0.0154	0.0100	0.0162	0.0099	0.0082	0.0247	0.0045	0.0035	0.0129	0.0033	0.0052	0.0171	0.0117	0.0023	0.0235	0.0169	0.0249	0.0032	0.0181	0.0204	0.0149	
0.0133	0.0191	0.0036	0.0060	0.0206	0.0070	0.0213	0.0212	0.0255	0.0219	0.0047	0.0243	0.0014	0.0026	0.0082	0.0137	0.0115	0.0256	0.0231	0.0089	0.0128	0.0053	0.0201	0.0049	0.0034	0.0034	0.0062	0.0118	0.0219	0.0136	0.0177	0.0062	0.0212	0.0183	0.0037	0.0144	0.0154	0.0050	0.0138	0.0153	0.0093	0.0081	0.0199	0.0063	0.0010	0.0203	0.0106	0.0005	0.0187	0.0080	0.0120	0.0034	0.0229	0.0144	0.0050	0.0069	0.0260	0.0220	0.0020	0.0170	0.0254	0.0119	0.0024	0.0125	0.0059	0.0259	0.0010	0.0066	0.0231	0.0165	0.0249	0.0084	0.0110	0.0063	0.0225	0.0050	0.0122	0.0140	0.0038	0.0083	
0.0195	0.0062	0.0191	0.0114	0.0007	0.0149	0.0092	0.0063	0.0127	0.0199	0.0155	0.0156	0.0024	0.0229	0.0173	0.0219	0.0047	0.0077	0.0009	0.0020	0.0188	0.0020	0.0021	0.0240	0.0087	0.0028	0.0142	0.0173	0.0168	0.0008	0.0202	0.0089	0.0180	0.0173	0.0191	0.0160	0.0181	0.0155	0.0109	0.0140	0.0135	0.0191	0.0193	0.0008	0.0258	0.0082	0.0054	0.0121	0.0148	0.0014	0.0231	0.0023	0.0136	0.0015	0.0130	0.0165	0.0044	0.0169	0.0018	0.0213	0.0218	0.0189	0.0160	0.0122	0.0012	0.0080	0.0199	0.0069	0.0223	0.0229	0.0055	0.0138	0.0205	0.0101	0.0108	0.0254	0.0081	0.0013	0.0225	0.0005	
0.0257	0.0028	0.0023	0.0155	0.0015	0.0214	0.0219	0.0181	0.0037	0.0054	0.0124	0.0229	0.0146	0.0150	0.0202	0.0185	0.0037	0.0078	0.0250	0.0157	0.0133	0.0206	0.0169	0.0152	0.0224	0.0084	0.0046	0.0040	0.0152	0.0167	0.0096	0.0030	0.0192	0.0012	0.0208	0.0210	0.0155	0.0018	0.0112	0.0067	0.0124	0.0032	0.0048	0.0170	0.0127	0.0071	0.0264	0.0068	0.0172	0.0154	0.0208	0.0230	0.0017	0.0073	0.0118	0.0017	0.0130	0.0113	0.0180	0.0175	0.0135	0.0152	0.0038	0.0128	0.0257	0.0099	0.0054	0.0094	0.0138	0.0002	0.0052	0.0017	0.0195	0.0195	0.0033	0.0096	0.0199	0.0249	0.0028	0.0135	
0.0117	0.0224	0.0150	0.0260	0.0193	0.0107	0.0014	0.0108	0.0141	0.0223	0.0073	0.0036	0.0086	0.0212	0.0208	0.0229	0.0236	0.0180	0.0211	0.0008	0.0010	0.0126	0.0184	0.0160	0.0119	0.0164	0.0025	0.0111	0.0050	0.0052	0.0108	0.0140	0.0097	0.0038	0.0060	0.0151	0.0023	0.0063	0.0205	0.0119	0.0095	0.0212	0.0242	0.0178	0.0204	0.0018	0.0191	0.0026	0.0276	0.0071	0.0100	0.0001	0.0030	0.0023	0.0127	0.0241	0.0049	0.0218	0.0112	0.0001	0.0072	0.0187	0.0068	0.0091	0.0144	0.0207	0.0192	0.0039	0.0124	0.0032	0.0207	0.0206	0.0218	0.0088	0.0151	0.0067	0.0153	0.0010	0.0214	0.0093	
0.0016	0.0000	0.0114	0.0265	0.0196	0.0111	0.0109	0.0073	0.0163	0.0079	0.0112	0.0040	0.0181	0.0217	0.0061	0.0163	0.0119	0.0164	0.0048	0.0238	0.0080	0.0130	0.0145	0.0207	0.0119	0.0123	0.0025	0.0252	0.0127	0.0083	0.0104	0.0035	0.0012	0.0021	0.0204	0.0059	0.0077	0.0096	0.0137	0.0021	0.0080	0.0123	0.0142	0.0041	0.0189	0.0171	0.0266	0.0026	0.0031	0.0231	0.0181	0.0227	0.0228	0.0203	0.0015	0.0133	0.0108	0.0140	0.0091	0.0050	0.0075	0.0186	0.0234	0.0090	0.0267	0.0092	0.0024	0.0131	0.0209	0.0239	0.0103	0.0052	0.0026	0.0025	0.0149	0.0252	0.0283	0.0106	0.0037	0.0213	
0.0167	0.0234	0.0176	0.0112	0.0142	0.0144	0.0074	0.0031	0.0006	0.0091	0.0201	0.0161	0.0214	0.0088	0.0208	0.0158	0.0134	0.0064	0.0053	0.0079	0.0141	0.0073	0.0072	0.0037	0.0146	0.0090	0.0147	0.0205	0.0070	0.0053	0.0138	0.0217	0.0103	0.0126	0.0117	0.0063	0.0235	0.0104	0.0175	0.0084	0.0009	0.0230	0.0151	0.0096	0.0020	0.0179	0.0063	0.0158	0.0075	0.0002	0.0065	0.0165	0.0060	0.0171	0.0061	0.0076	0.0182	0.0112	0.0183	0.0033	0.0195	0.0137	0.0221	0.0189	0.0230	0.0240	0.0053	0.0066	0.0170	0.0123	0.0162	0.0042	0.0121	0.0212	0.0062	0.0155	0.0189	0.0209	0.0016	0.0188	
0.0054	0.0001	0.0116	0.0058	0.0202	0.0212	0.0165	0.0142	0.0066	0.0054	0.0122	0.0107	0.0122	0.0138	0.0141	0.0115	0.0019	0.0192	0.0138	0.0025	0.0120	0.0194	0.0218	0.0177	0.0076	0.0019	0.0028	0.0106	0.0129	0.0166	0.0142	0.0182	0.0098	0.0216	0.0180	0.0162	0.0018	0.0142	0.0210	0.0200	0.0061	0.0134	0.0020	0.0113	0.0234	0.0050	0.0132	0.0203	0.0063	0.0171	0.0110	0.0191	0.0071	0.0190	0.0070	0.0078	0.0004	0.0155	0.0187	0.0180	0.0173	0.0069	0.0031	0.0129	0.0154	0.0182	0.0001	0.0105	0.0136	0.0175	0.0093	0.0108	0.0208	0.0151	0.0163	0.0226	0.0210	0.0106	0.0166	0.0023	
0.0154	0.0040	0.0043	0.0204	0.0056	0.0247	0.0140	0.0131	0.0181	0.0143	0.0193	0.0107	0.0178	0.0016	0.0067	0.0004	0.0112	0.0142	0.0253	0.0043	0.0061	0.0002	0.0093	0.0129	0.0106	0.0005	0.0198	0.0227	0.0041	0.0125	0.0140	0.0146	0.0232	0.0212	0.0073	0.0142	0.0036	0.0123	0.0100	0.0187	0.0076	0.0142	0.0252	0.0016	0.0008	0.0014	0.0211	0.0218	0.0118	0.0202	0.0125	0.0080	0.0160	0.0154	0.0215	0.0142	0.0231	0.0180	0.0073	0.0051	0.0281	0.0244	0.0103	0.0060	0.0015	0.0068	0.0126	0.0191	0.0193	0.0174	0.0236	0.0005	0.0043	0.0043	0.0208	0.0214	0.0023	0.0077	0.0110	0.0091	
0.0070	0.0233	0.0084	0.0087	0.0227	0.0068	0.0242	0.0062	0.0231	0.0178	0.0177	0.0117	0.0033	0.0045	0.0207	0.0115	0.0035	0.0181	0.0002	0.0191	0.0142	0.0211	0.0039	0.0190	0.0226	0.0092	0.0027	0.0124	0.0216	0.0049	0.0106	0.0127	0.0061	0.0232	0.0207	0.0004	0.0130	0.0012	0.0059	0.0178	0.0067	0.0055	0.0236	0.0246	0.0238	0.0116	0.0230	0.0223	0.0102	0.0085	0.0141	0.0091	0.0075	0.0145	0.0175	0.0099	0.0211	0.0140	0.0090	0.0135	0.0035	0.0148	0.0124	0.0199	0.0098	0.0075	0.0047	0.0037	0.0058	0.0194	0.0002	0.0027	0.0128	0.0058	0.0117	0.0098	0.0253	0.0051	0.0214	0.0123	
0.0165	0.0034	0.0018	0.0108	0.0163	0.0026	0.0062	0.0168	0.0053	0.0140	0.0055	0.0247	0.0173	0.0199	0.0194	0.0209	0.0200	0.0065	0.0169	0.0156	0.0075	0.0191	0.0213	0.0176	0.0107	0.0101	0.0205	0.0021	0.0040	0.0121	0.0134	0.0156	0.0196	0.0234	0.0244	0.0002	0.0127	0.0024	0.0031	0.0071	0.0020	0.0154	0.0260	0.0181	0.0163	0.0028	0.0123	0.0205	0.0164	0.0206	0.0172	0.0183	0.0174	0.0074	0.0054	0.0245	0.0103	0.0118	0.0004	0.0053	0.0065	0.0040	0.0134	0.0203	0.0014	0.0176	0.0055	0.0173	0.0176	0.0178	0.0070	0.0187	0.0031	0.0095	0.0120	0.0194	0.0227	0.0019	0.0015	0.0069	
0.0268	0.0012	0.0139	0.0099	0.0181	0.0222	0.0238	0.0103	0.0169	0.0030	0.0147	0.0004	0.0017	0.0251	0.0010	0.0215	0.0025	0.0051	0.0163	0.0215	0.0225	0.0167	0.0028	0.0228	0.0126	0.0195	0.0120	0.0092	0.0221	0.0150	0.0035	0.0075	0.0095	0.0177	0.0045	0.0043	0.0166	0.0030	0.0250	0.0051	0.0167	0.0197	0.0017	0.0143	0.0002	0.0064	0.0152	0.0045	0.0081	0.0127	0.0143	0.0127	0.0108	0.0034	0.0083	0.0072	0.0250	0.0143	0.0192	0.0207	0.0065	0.0172	0.0165	0.0034	0.0277	0.0092	0.0150	0.0064	0.0173	0.0212	0.0078	0.0250	0.0053	0.0111	0.0049	0.0034	0.0180	0.0131	0.0214	0.0067	
0.0105	0.0085	0.0009	0.0059	0.0231	0.0173	0.0232	0.0060	0.0094	0.0205	0.0059	0.0001	0.0066	0.0043	0.0258	0.0011	0.0034	0.0244	0.0140	0.0154	0.0165	0.0062	0.0126	0.0109	0.0064	0.0109	0.0058	0.0277	0.0262	0.0066	0.0164	0.0091	0.0174	0.0128	0.0094	0.0210	0.0150	0.0104	0.0034	0.0080	0.0113	0.0091	0.0224	0.0189	0.0166	0.0080	0.0182	0.0011	0.0121	0.0041	0.0246	0.0164	0.0254	0.0051	0.0139	0.0031	0.0227	0.0131	0.0217	0.0108	0.0087	0.0228	0.0081	0.0032	0.0074	0.0225	0.0068	0.0127	0.0163	0.0020	0.0110	0.0191	0.0183	0.0054	0.0040	0.0069	0.0092	0.0178	0.0184	0.0216	
0.0266	0.0068	0.0174	0.0250	0.0069	0.0315	0.0110	0.0139	0.0258	0.0080	0.0015	0.0000	0.0128	0.0219	0.0004	0.0143	0.0017	0.0236	0.0146	0.0193	0.0009	0.0004	0.0098	0.0103	0.0213	0.0059	0.0207	0.0245	0.0014	0.0121	0.0234	0.0032	0.0218	0.0007	0.0143	0.0030	0.0098	0.0157	0.0253	0.0070	0.0143	0.0224	0.0213	0.0112	0.0009	0.0137	0.0084	0.0028	0.0063	0.0159	0.0055	0.0137	0.0064	0.0026	0.0235	0.0235	0.0282	0.0052	0.0007	0.0003	0.0033	0.0168	0.0133	0.0160	0.0168	0.0275	0.0062	0.0089	0.0030	0.0262	0.0072	0.0152	0.0257	0.0074	0.0055	0.0076	0.0083	0.0269	0.0089	0.0081	
0.0278	0.0191	0.0166	0.0124	0.0046	0.0092	0.0239	0.0172	0.0030	0.0174	0.0050	0.0032	0.0133	0.0238	0.0044	0.0216	0.0086	0.0060	0.0222	0.0019	0.0058	0.0211	0.0003	0.0075	0.0096	0.0144	0.0118	0.0269	0.0252	0.0189	0.0153	0.0243	0.0223	0.0171	0.0007	0.0092	0.0254	0.0003	0.0092	0.0044	0.0013	0.0139	0.0074	0.0088	0.0201	0.0034	0.0264	0.0019	0.0023	0.0071	0.0233	0.0005	0.0023	0.0057	0.0017	0.0033	0.0207	0.0072	0.0018	0.0135	0.0203	0.0240	0.0210	0.0115	0.0052	0.0069	0.0061	0.0154	0.0203	0.0206	0.0244	0.0091	0.0210	0.0187	0.0006	0.0187	0.0167	0.0169	0.0139	0.0058	
0.0216	0.0125	0.0269	0.0177	0.0209	0.0170	0.0248	0.0174	0.0193	0.0236	0.0163	0.0194	0.0243	0.0255	0.0124	0.0035	0.0189	0.0244	0.0048	0.0117	0.0256	0.0051	0.0069	0.0078	0.0098	0.0123	0.0033	0.0135	0.0071	0.0121	0.0157	0.0021	0.0193	0.0226	0.0194	0.0076	0.0011	0.0056	0.0193	0.0155	0.0113	0.0176	0.0034	0.0257	0.0057	0.0077	0.0113	0.0010	0.0084	0.0239	0.0256	0.0200	0.0142	0.0035	0.0090	0.0147	0.0061	0.0162	0.0060	0.0061	0.0124	0.0140	0.0121	0.0075	0.0103	0.0161	0.0255	0.0023	0.0008	0.0029	0.0023	0.0163	0.0049	0.0164	0.0005	0.0082	0.0021	0.0090	0.0023	0.0021	
0.0049	0.0027	0.0040	0.0108	0.0134	0.0277	0.0162	0.0163	0.0132	0.0071	0.0029	0.0119	0.0270	0.0136	0.0054	0.0234	0.0053	0.0251	0.0154	0.0172	0.0098	0.0081	0.0004	0.0045	0.0234	0.0076	0.0120	0.0297	0.0038	0.0029	0.0131	0.0251	0.0142	0.0041	0.0017	0.0090	0.0094	0.0027	0.0212	0.0112	0.0283	0.0098	0.0168	0.0220	0.0002	0.0204	0.0191	0.0170	0.0121	0.0015	0.0019	0.0054	0.0228	0.0110	0.0196	0.0234	0.0028	0.0230	0.0128	0.0053	0.0104	0.0177	0.0141	0.0112	0.0272	0.0072	0.0239	0.0159	0.0106	0.0245	0.0191	0.0032	0.0029	0.0039	0.0171	0.0001	0.0224	0.0073	0.0043	0.0044	
0.0221	0.0217	0.0175	0.0020	0.0008	0.0077	0.0033	0.0023	0.0125	0.0054	0.0063	0.0104	0.0158	0.0180	0.0026	0.0090	0.0227	0.0071	0.0253	0.0215	0.0220	0.0234	0.0100	0.0150	0.0114	0.0225	0.0022	0.0206	0.0247	0.0216	0.0051	0.0229	0.0221	0.0092	0.0115	0.0151	0.0020	0.0121	0.0105	0.0151	0.0036	0.0235	0.0101	0.0049	0.0197	0.0090	0.0149	0.0134	0.0016	0.0091	0.0038	0.0126	0.0110	0.0097	0.0101	0.0248	0.0130	0.0016	0.0166	0.0019	0.0050	0.0158	0.0095	0.0206	0.0008	0.0129	0.0147	0.0057	0.0033	0.0144	0.0072	0.0136	0.0251	0.0094	0.0163	0.0306	0.0153	0.0052	0.0239	0.0028	
0.0125	0.0138	0.0155	0.0118	0.0145	0.0215	0.0114	0.0105	0.0244	0.0131	0.0038	0.0002	0.0182	0.0080	0.0111	0.0150	0.0112	0.0171	0.0036	0.0047	0.0203	0.0061	0.0098	0.0138	0.0023	0.0134	0.0112	0.0017	0.0216	0.0121	0.0104	0.0061	0.0041	0.0133	0.0133	0.0140	0.0254	0.0233	0.0023	0.0058	0.0248	0.0027	0.0077	0.0141	0.0098	0.0067	0.0190	0.0129	0.0261	0.0003	0.0116	0.0204	0.0013	0.0151	0.0076	0.0050	0.0045	0.0004	0.0072	0.0240	0.0060	0.0103	0.0181	0.0134	0.0048	0.0247	0.0204	0.0036	0.0165	0.0200	0.0179	0.0154	0.0140	0.0233	0.0046	0.0191	0.0283	0.0205	0.0047	0.0207	
0.0283	0.0239	0.0044	0.0203	0.0260	0.0173	0.0053	0.0128	0.0066	0.0112	0.0112	0.0252	0.0144	0.0045	0.0009	0.0180	0.0103	0.0231	0.0104	0.0113	0.0118	0.0143	0.0244	0.0025	0.0089	0.0183	0.0049	0.0055	0.0149	0.0193	0.0066	0.0077	0.0210	0.0126	0.0231	0.0069	0.0062	0.0265	0.0145	0.0140	0.0195	0.0097	0.0246	0.0063	0.0109	0.0203	0.0001	0.0103	0.0248	0.0161	0.0068	0.0038	0.0133	0.0188	0.0099	0.0118	0.0283	0.0016	0.0099	0.0032	0.0109	0.0005	0.0000	0.0149	0.0053	0.0041	0.0026	0.0022	0.0042	0.0189	0.0099	0.0136	0.0073	0.0229	0.0157	0.0017	0.0180	0.0179	0.0169	0.0134	
0.0253	0.0199	0.0088	0.0268	0.0102	0.0031	0.0213	0.0013	0.0016	0.0129	0.0078	0.0044	0.0133	0.0111	0.0042	0.0172	0.0085	0.0105	0.0016	0.0058	0.0180	0.0230	0.0063	0.0030	0.0058	0.0158	0.0182	0.0202	0.0025	0.0105	0.0226	0.0078	0.0086	0.0207	0.0058	0.0145	0.0192	0.0033	0.0042	0.0016	0.0089	0.0013	0.0010	0.0166	0.0125	0.0059	0.0265	0.0197	0.0201	0.0240	0.0190	0.0045	0.0174	0.0111	0.0209	0.0245	0.0161	0.0045	0.0153	0.0177	0.0069	0.0041	0.0268	0.0189	0.0209	0.0002	0.0204	0.0126	0.0033	0.0145	0.0006	0.0065	0.0056	0.0261	0.0205	0.0186	0.0268	0.0155	0.0170	0.0002	
0.0203	0.0229	0.0263	0.0032	0.0146	0.0190	0.0164	0.0204	0.0227	0.0063	0.0009	0.0124	0.0114	0.0137	0.0200	0.0037	0.0018	0.0079	0.0229	0.0092	0.0097	0.0064	0.0177	0.0027	0.0226	0.0094	0.0200	0.0163	0.0153	0.0063	0.0024	0.0241	0.0120	0.0147	0.0177	0.0076	0.0043	0.0195	0.0007	0.0003	0.0078	0.0235	0.0166	0.0206	0.0136	0.0134	0.0203	0.0144	0.0051	0.0154	0.0128	0.0125	0.0180	0.0055	0.0140	0.0124	0.0046	0.0200	0.0039	0.0050	0.0185	0.0008	0.0070	0.0193	0.0055	0.0030	0.0226	0.0153	0.0160	0.0120	0.0005	0.0056	0.0076	0.0239	0.0019	0.0116	0.0171	0.0218	0.0142	0.0106	
0.0179	0.0052	0.0115	0.0228	0.0157	0.0151	0.0047	0.0061	0.0009	0.0076	0.0029	0.0071	0.0156	0.0217	0.0071	0.0068	0.0148	0.0224	0.0150	0.0091	0.0129	0.0222	0.0018	0.0167	0.0166	0.0064	0.0043	0.0225	0.0047	0.0044	0.0207	0.0056	0.0067	0.0172	0.0107	0.0118	0.0148	0.0101	0.0009	0.0134	0.0219	0.0176	0.0182	0.0073	0.0098	0.0184	0.0139	0.0103	0.0166	0.0170	0.0189	0.0169	0.0081	0.0042	0.0193	0.0178	0.0037	0.0176	0.0037	0.0094	0.0096	0.0094	0.0019	0.0219	0.0126	0.0223	0.0235	0.0183	0.0077	0.0185	0.0170	0.0062	0.0216	0.0001	0.0100	0.0211	0.0048	0.0180	0.0071	0.0233	
0.0214	0.0175	0.0056	0.0109	0.0097	0.0048	0.0239	0.0024	0.0223	0.0179	0.0090	0.0201	0.0061	0.0171	0.0062	0.0140	0.0158	0.0245	0.0200	0.0116	0.0197	0.0158	0.0040	0.0220	0.0016	0.0104	0.0166	0.0090	0.0208	0.0021	0.0143	0.0090	0.0113	0.0045	0.0139	0.0160	0.0039	0.0176	0.0121	0.0070	0.0253	0.0225	0.0014	0.0138	0.0111	0.0237	0.0001	0.0055	0.0213	0.0225	0.0041	0.0065	0.0251	0.0190	0.0052	0.0033	0.0154	0.0077	0.0077	0.0229	0.0095	0.0150	0.0097	0.0192	0.0061	0.0000	0.0086	0.0011	0.0002	0.0141	0.0104	0.0263	0.0102	0.0133	0.0104	0.0233	0.0171	0.0148	0.0104	0.0035	
0.0136	0.0130	0.0142	0.0220	0.0211	0.0075	0.0102	0.0150	0.0240	0.0111	0.0025	0.0195	0.0079	0.0149	0.0238	0.0097	0.0122	0.0068	0.0082	0.0094	0.0140	0.0230	0.0059	0.0051	0.0120	0.0036	0.0163	0.0124	0.0098	0.0103	0.0135	0.0225	0.0211	0.0040	0.0080	0.0183	0.0009	0.0132	0.0221	0.0206	0.0145	0.0172	0.0020	0.0121	0.0123	0.0152	0.0152	0.0186	0.0159	0.0016	0.0075	0.0071	0.0064	0.0012	0.0126	0.0134	0.0081	0.0075	0.0076	0.0175	0.0117	0.0246	0.0070	0.0137	0.0257	0.0039	0.0213	0.0030	0.0043	0.0025	0.0088	0.0002	0.0088	0.0106	0.0165	0.0225	0.0248	0.0174	0.0164	0.0198	
0.0145	0.0216	0.0214	0.0074	0.0020	0.0070	0.0168	0.0198	0.0137	0.0177	0.0113	0.0165	0.0042	0.0037	0.0111	0.0140	0.0096	0.0123	0.0135	0.0067	0.0170	0.0102	0.0154	0.0117	0.0166	0.0057	0.0184	0.0221	0.0068	0.0198	0.0166	0.0138	0.0137	0.0105	0.0033	0.0118	0.0028	0.0234	0.0115	0.0140	0.0104	0.0013	0.0133	0.0086	0.0152	0.0167	0.0206	0.0050	0.0262	0.0035	0.0094	0.0081	0.0043	0.0095	0.0037	0.0028	0.0068	0.0077	0.0130	0.0193	0.0089	0.0215	0.0144	0.0203	0.0035	0.0232	0.0021	0.0133	0.0230	0.0217	0.0126	0.0110	0.0007	0.0226	0.0179	0.0167	0.0237	0.0071	0.0203	0.0004	
0.0138	0.0178	0.0249	0.0031	0.0092	0.0106	0.0110	0.0042	0.0077	0.0011	0.0066	0.0197	0.0111	0.0198	0.0084	0.0132	0.0127	0.0207	0.0061	0.0161	0.0168	0.0030	0.0073	0.0014	0.0176	0.0210	0.0071	0.0076	0.0173	0.0150	0.0067	0.0263	0.0122	0.0133	0.0078	0.0202	0.0006	0.0127	0.0124	0.0189	0.0149	0.0247	0.0107	0.0256	0.0202	0.0227	0.0015	0.0078	0.0182	0.0070	0.0051	0.0030	0.0024	0.0061	0.0105	0.0092	0.0116	0.0189	0.0120	0.0127	0.0009	0.0029	0.0158	0.0210	0.0251	0.0081	0.0077	0.0166	0.0089	0.0160	0.0155	0.0281	0.0074	0.0129	0.0021	0.0196	0.0226	0.0089	0.0096	0.0224	
0.0291	0.0283	0.0217	0.0106	0.0090	0.0039	0.0266	0.0059	0.0042	0.0259	0.0090	0.0065	0.0005	0.0003	0.0234	0.0120	0.0106	0.0193	0.0037	0.0105	0.0145	0.0062	0.0002	0.0001	0.0219	0.0051	0.0202	0.0206	0.0056	0.0246	0.0190	0.0018	0.0123	0.0161	0.0144	0.0020	0.0128	0.0075	0.0140	0.0185	0.0131	0.0029	0.0197	0.0106	0.0091	0.0107	0.0299	0.0075	0.0234	0.0179	0.0088	0.0023	0.0061	0.0002	0.0104	0.0196	0.0312	0.0178	0.0163	0.0035	0.0092	0.0070	0.0010	0.0111	0.0121	0.0079	0.0228	0.0091	0.0126	0.0204	0.0005	0.0037	0.0047	0.0137	0.0241	0.0124	0.0181	0.0192	0.0202	0.0109	
0.0071	0.0129	0.0254	0.0144	0.0115	0.0153	0.0231	0.0104	0.0057	0.0211	0.0026	0.0190	0.0158	0.0094	0.0103	0.0052	0.0016	0.0086	0.0254	0.0004	0.0146	0.0138	0.0213	0.0006	0.0165	0.0035	0.0189	0.0220	0.0023	0.0005	0.0039	0.0076	0.0234	0.0050	0.0189	0.0183	0.0077	0.0130	0.0237	0.0187	0.0098	0.0096	0.0047	0.0136	0.0161	0.0069	0.0120	0.0182	0.0018	0.0179	0.0080	0.0048	0.0173	0.0162	0.0189	0.0181	0.0185	0.0205	0.0208	0.0077	0.0168	0.0030	0.0090	0.0050	0.0215	0.0215	0.0199	0.0085	0.0113	0.0149	0.0230	0.0150	0.0099	0.0052	0.0135	0.0045	0.0108	0.0075	0.0102	0.0085	
0.0201	0.0020	0.0183	0.0097	0.0176	0.0258	0.0166	0.0059	0.0100	0.0040	0.0026	0.0102	0.0140	0.0162	0.0041	0.0076	0.0010	0.0265	0.0203	0.0190	0.0123	0.0006	0.0083	0.0117	0.0209	0.0145	0.0158	0.0149	0.0026	0.0192	0.0087	0.0092	0.0108	0.0133	0.0128	0.0119	0.0112	0.0262	0.0128	0.0180	0.0041	0.0146	0.0017	0.0078	0.0136	0.0127	0.0241	0.0182	0.0013	0.0086	0.0031	0.0093	0.0129	0.0153	0.0201	0.0176	0.0201	0.0050	0.0118	0.0237	0.0050	0.0048	0.0041	0.0175	0.0233	0.0207	0.0231	0.0012	0.0001	0.0142	0.0216	0.0017	0.0118	0.0007	0.0130	0.0255	0.0286	0.0009	0.0220	0.0073	
0.0198	0.0205	0.0102	0.0188	0.0121	0.0238	0.0203	0.0174	0.0149	0.0184	0.0178	0.0046	0.0094	0.0130	0.0140	0.0215	0.0084	0.0090	0.0108	0.0165	0.0134	0.0199	0.0182	0.0105	0.0111	0.0009	0.0162	0.0124	0.0017	0.0241	0.0164	0.0156	0.0055	0.0047	0.0033	0.0051	0.0174	0.0095	0.0029	0.0172	0.0195	0.0033	0.0090	0.0022	0.0191	0.0154	0.0145	0.0189	0.0112	0.0132	0.0118	0.0127	0.0129	0.0042	0.0148	0.0201	0.0031	0.0195	0.0053	0.0116	0.0026	0.0098	0.0171	0.0152	0.0044	0.0032	0.0207	0.0036	0.0078	0.0076	0.0054	0.0236	0.0055	0.0149	0.0175	0.0109	0.0127	0.0155	0.0146	0.0178	
0.0122	0.0217	0.0007	0.0141	0.0114	0.0049	0.0036	0.0010	0.0125	0.0062	0.0030	0.0207	0.0037	0.0175	0.0196	0.0101	0.0096	0.0197	0.0224	0.0153	0.0178	0.0102	0.0146	0.0025	0.0094	0.0106	0.0068	0.0277	0.0092	0.0089	0.0110	0.0109	0.0066	0.0105	0.0018	0.0051	0.0109	0.0072	0.0047	0.0000	0.0261	0.0242	0.0177	0.0024	0.0063	0.0128	0.0239	0.0136	0.0279	0.0106	0.0001	0.0183	0.0222	0.0016	0.0029	0.0004	0.0085	0.0208	0.0017	0.0265	0.0229	0.0065	0.0198	0.0053	0.0246	0.0201	0.0126	0.0138	0.0142	0.0135	0.0018	0.0042	0.0147	0.0240	0.0148	0.0233	0.0205	0.0119	0.0227	0.0242	
0.0183	0.0159	0.0260	0.0239	0.0071	0.0184	0.0157	0.0049	0.0079	0.0015	0.0217	0.0112	0.0046	0.0057	0.0037	0.0177	0.0042	0.0141	0.0055	0.0121	0.0245	0.0034	0.0027	0.0100	0.0097	0.0164	0.0032	0.0246	0.0121	0.0087	0.0082	0.0187	0.0011	0.0035	0.0066	0.0044	0.0063	0.0218	0.0227	0.0036	0.0026	0.0075	0.0092	0.0115	0.0169	0.0157	0.0244	0.0075	0.0216	0.0215	0.0159	0.0036	0.0073	0.0082	0.0211	0.0126	0.0152	0.0125	0.0109	0.0114	0.0135	0.0189	0.0201	0.0238	0.0209	0.0035	0.0099	0.0007	0.0207	0.0232	0.0120	0.0086	0.0146	0.0019	0.0084	0.0177	0.0220	0.0153	0.0176	0.0175	
0.0238	0.0179	0.0020	0.0145	0.0164	0.0045	0.0119	0.0155	0.0049	0.0176	0.0149	0.0166	0.0080	0.0112	0.0159	0.0087	0.0110	0.0102	0.0167	0.0112	0.0048	0.0222	0.0101	0.0199	0.0096	0.0055	0.0098	0.0064	0.0275	0.0086	0.0185	0.0216	0.0177	0.0167	0.0117	0.0147	0.0171	0.0062	0.0071	0.0119	0.0158	0.0188	0.0193	0.0027	0.0082	0.0202	0.0234	0.0045	0.0123	0.0009	0.0025	0.0080	0.0229	0.0065	0.0124	0.0225	0.0095	0.0051	0.0025	0.0096	0.0168	0.0076	0.0178	0.0218	0.0004	0.0194	0.0196	0.0116	0.0198	0.0208	0.0166	0.0075	0.0027	0.0041	0.0174	0.0125	0.0023	0.0073	0.0117	0.0133	
0.0104	0.0077	0.0227	0.0282	0.0060	0.0138	0.0002	0.0137	0.0043	0.0156	0.0098	0.0118	0.0031	0.0267	0.0256	0.0094	0.0012	0.0280	0.0026	0.0156	0.0286	0.0084	0.0098	0.0157	0.0097	0.0177	0.0048	0.0228	0.0147	0.0034	0.0242	0.0005	0.0189	0.0139	0.0015	0.0102	0.0151	0.0209	0.0180	0.0141	0.0192	0.0097	0.0132	0.0065	0.0160	0.0078	0.0053	0.0054	0.0091	0.0129	0.0114	0.0027	0.0071	0.0228	0.0150	0.0008	0.0278	0.0049	0.0151	0.0119	0.0069	0.0080	0.0009	0.0012	0.0235	0.0101	0.0192	0.0120	0.0217	0.0132	0.0230	0.0084	0.0090	0.0156	0.0212	0.0192	0.0271	0.0034	0.0008	0.0018	
0.0157	0.0240	0.0118	0.0272	0.0163	0.0219	0.0191	0.0189	0.0226	0.0008	0.0110	0.0087	0.0040	0.0057	0.0080	0.0096	0.0069	0.0104	0.0131	0.0039	0.0138	0.0136	0.0091	0.0195	0.0161	0.0025	0.0171	0.0196	0.0012	0.0255	0.0050	0.0220	0.0039	0.0132	0.0179	0.0063	0.0238	0.0011	0.0082	0.0206	0.0138	0.0244	0.0165	0.0203	0.0007	0.0124	0.0035	0.0030	0.0060	0.0102	0.0076	0.0097	0.0161	0.0193	0.0123	0.0001	0.0155	0.0154	0.0075	0.0150	0.0007	0.0013	0.0186	0.0266	0.0227	0.0169	0.0040	0.0133	0.0103	0.0015	0.0156	0.0065	0.0028	0.0144	0.0139	0.0164	0.0266	0.0140	0.0197	0.0048	
0.0270	0.0145	0.0132	0.0167	0.0153	0.0225	0.0041	0.0074	0.0006	0.0181	0.0161	0.0051	0.0177	0.0203	0.0243	0.0121	0.0047	0.0169	0.0232	0.0084	0.0081	0.0120	0.0180	0.0038	0.0215	0.0008	0.0058	0.0030	0.0076	0.0244	0.0005	0.0247	0.0204	0.0032	0.0128	0.0101	0.0142	0.0035	0.0075	0.0003	0.0125	0.0217	0.0144	0.0147	0.0105	0.0102	0.0143	0.0074	0.0165	0.0012	0.0106	0.0075	0.0170	0.0095	0.0197	0.0120	0.0232	0.0077	0.0169	0.0160	0.0139	0.0014	0.0008	0.0035	0.0220	0.0181	0.0084	0.0113	0.0039	0.0128	0.0250	0.0017	0.0087	0.0242	0.0188	0.0123	0.0259	0.0040	0.0181	0.0114	
0.0141	0.0225	0.0142	0.0063	0.0112	0.0198	0.0083	0.0108	0.0070	0.0025	0.0137	0.0049	0.0099	0.0186	0.0124	0.0104	0.0198	0.0123	0.0194	0.0163	0.0011	0.0233	0.0049	0.0016	0.0017	0.0069	0.0191	0.0202	0.0163	0.0114	0.0151	0.0173	0.0141	0.0059	0.0027	0.0150	0.0136	0.0205	0.0170	0.0018	0.0096	0.0233	0.0075	0.0012	0.0269	0.0211	0.0174	0.0144	0.0136	0.0097	0.0159	0.0104	0.0098	0.0017	0.0097	0.0135	0.0202	0.0101	0.0035	0.0032	0.0196	0.0156	0.0230	0.0219	0.0152	0.0229	0.0147	0.0026	0.0132	0.0207	0.0236	0.0007	0.0185	0.0185	0.0065	0.0036	0.0196	0.0036	0.0024	0.0065	
0.0206	0.0072	0.0071	0.0050	0.0201	0.0048	0.0091	0.0141	0.0226	0.0146	0.0226	0.0019	0.0175	0.0159	0.0094	0.0202	0.0014	0.0127	0.0147	0.0022	0.0052	0.0140	0.0038	0.0184	0.0138	0.0139	0.0148	0.0197	0.0235	0.0090	0.0246	0.0158	0.0099	0.0222	0.0107	0.0138	0.0101	0.0191	0.0022	0.0093	0.0151	0.0027	0.0083	0.0263	0.0289	0.0245	0.0106	0.0067	0.0119	0.0136	0.0021	0.0054	0.0177	0.0006	0.0023	0.0047	0.0036	0.0155	0.0181	0.0055	0.0154	0.0185	0.0209	0.0143	0.0214	0.0090	0.0196	0.0171	0.0026	0.0229	0.0109	0.0102	0.0098	0.0048	0.0126	0.0023	0.0066	0.0048	0.0178	0.0169	
0.0057	0.0082	0.0072	0.0063	0.0051	0.0178	0.0242	0.0078	0.0189	0.0057	0.0082	0.0187	0.0003	0.0227	0.0209	0.0213	0.0083	0.0192	0.0067	0.0142	0.0033	0.0140	0.0042	0.0144	0.0030	0.0137	0.0164	0.0126	0.0137	0.0004	0.0219	0.0222	0.0212	0.0010	0.0199	0.0044	0.0089	0.0116	0.0075	0.0217	0.0086	0.0089	0.0227	0.0195	0.0117	0.0156	0.0082	0.0104	0.0089	0.0130	0.0170	0.0102	0.0217	0.0015	0.0103	0.0149	0.0044	0.0156	0.0027	0.0117	0.0216	0.0125	0.0203	0.0180	0.0084	0.0104	0.0199	0.0175	0.0198	0.0147	0.0125	0.0219	0.0109	0.0072	0.0050	0.0198	0.0172	0.0082	0.0029	0.0108	
0.0105	0.0079	0.0033	0.0250	0.0073	0.0149	0.0015	0.0205	0.0139	0.0085	0.0006	0.0163	0.0087	0.0212	0.0031	0.0218	0.0126	0.0057	0.0129	0.0003	0.0209	0.0091	0.0139	0.0173	0.0013	0.0162	0.0190	0.0176	0.0232	0.0213	0.0002	0.0209	0.0132	0.0151	0.0028	0.0122	0.0093	0.0228	0.0114	0.0172	0.0091	0.0003	0.0100	0.0132	0.0159	0.0223	0.0136	0.0144	0.0046	0.0091	0.0049	0.0093	0.0212	0.0028	0.0161	0.0253	0.0203	0.0087	0.0195	0.0125	0.0151	0.0111	0.0005	0.0199	0.0098	0.0052	0.0024	0.0137	0.0159	0.0137	0.0140	0.0171	0.0171	0.0190	0.0139	0.0208	0.0285	0.0012	0.0027	0.0040	
0.0077	0.0058	0.0115	0.0115	0.0122	0.0161	0.0259	0.0105	0.0218	0.0029	0.0179	0.0206	0.0012	0.0243	0.0041	0.0212	0.0240	0.0157	0.0046	0.0088	0.0205	0.0185	0.0008	0.0141	0.0215	0.0101	0.0120	0.0018	0.0124	0.0247	0.0009	0.0161	0.0070	0.0141	0.0038	0.0086	0.0218	0.0123	0.0059	0.0164	0.0045	0.0146	0.0171	0.0113	0.0205	0.0141	0.0143	0.0156	0.0150	0.0174	0.0184	0.0073	0.0205	0.0155	0.0081	0.0118	0.0053	0.0172	0.0145	0.0005	0.0229	0.0206	0.0238	0.0004	0.0027	0.0024	0.0153	0.0063	0.0167	0.0185	0.0226	0.0113	0.0077	0.0116	0.0039	0.0029	0.0012	0.0125	0.0161	0.0052	
0.0262	0.0207	0.0132	0.0214	0.0033	0.0190	0.0209	0.0143	0.0073	0.0160	0.0035	0.0031	0.0219	0.0059	0.0203	0.0064	0.0159	0.0195	0.0105	0.0167	0.0234	0.0058	0.0243	0.0198	0.0198	0.0071	0.0205	0.0120	0.0147	0.0077	0.0111	0.0177	0.0022	0.0091	0.0017	0.0028	0.0113	0.0055	0.0224	0.0091	0.0070	0.0022	0.0019	0.0019	0.0184	0.0215	0.0138	0.0037	0.0199	0.0216	0.0112	0.0071	0.0021	0.0022	0.0075	0.0176	0.0234	0.0166	0.0223	0.0203	0.0193	0.0111	0.0014	0.0002	0.0076	0.0119	0.0007	0.0104	0.0034	0.0161	0.0211	0.0124	0.0217	0.0007	0.0091	0.0233	0.0046	0.0220	0.0027	0.0241	
0.0222	0.0181	0.0186	0.0159	0.0196	0.0040	0.0154	0.0237	0.0015	0.0082	0.0060	0.0177	0.0056	0.0019	0.0171	0.0208	0.0007	0.0017	0.0191	0.0050	0.0195	0.0241	0.0007	0.0013	0.0020	0.0180	0.0080	0.0016	0.0194	0.0132	0.0132	0.0225	0.0139	0.0223	0.0203	0.0206	0.0176	0.0118	0.0040	0.0026	0.0202	0.0008	0.0108	0.0188	0.0103	0.0033	0.0057	0.0170	0.0100	0.0126	0.0203	0.0022	0.0029	0.0193	0.0043	0.0198	0.0201	0.0143	0.0109	0.0216	0.0188	0.0149	0.0079	0.0139	0.0227	0.0084	0.0025	0.0048	0.0021	0.0169	0.0040	0.0144	0.0209	0.0170	0.0079	0.0205	0.0153	0.0060	0.0150	0.0217	
0.0214	0.0152	0.0194	0.0042	0.0175	0.0130	0.0230	0.0181	0.0211	0.0039	0.0050	0.0009	0.0238	0.0074	0.0103	0.0067	0.0182	0.0252	0.0241	0.0016	0.0007	0.0253	0.0192	0.0179	0.0103	0.0048	0.0038	0.0129	0.0157	0.0127	0.0076	0.0126	0.0251	0.0133	0.0038	0.0037	0.0229	0.0044	0.0238	0.0088	0.0130	0.0106	0.0119	0.0241	0.0150	0.0036	0.0164	0.0146	0.0092	0.0031	0.0007	0.0160	0.0086	0.0140	0.0213	0.0199	0.0253	0.0006	0.0179	0.0121	0.0075	0.0108	0.0049	0.0086	0.0264	0.0195	0.0011	0.0075	0.0023	0.0056	0.0100	0.0159	0.0008	0.0156	0.0128	0.0183	0.0153	0.0203	0.0035	0.0060	
0.0186	0.0150	0.0034	0.0117	0.0106	0.0202	0.0053	0.0104	0.0171	0.0098	0.0069	0.0228	0.0106	0.0121	0.0023	0.0024	0.0063	0.0041	0.0015	0.0208	0.0025	0.0058	0.0154	0.0030	0.0212	0.0103	0.0132	0.0210	0.0011	0.0089	0.0076	0.0023	0.0240	0.0125	0.0196	0.0203	0.0076	0.0205	0.0263	0.0051	0.0137	0.0173	0.0199	0.0182	0.0288	0.0153	0.0046	0.0147	0.0152	0.0123	0.0105	0.0089	0.0205	0.0082	0.0038	0.0112	0.0292	0.0002	0.0171	0.0263	0.0023	0.0124	0.0098	0.0087	0.0041	0.0052	0.0260	0.0179	0.0144	0.0093	0.0220	0.0132	0.0057	0.0256	0.0067	0.0126	0.0152	0.0242	0.0040	0.0052	
0.0087	0.0242	0.0063	0.0164	0.0224	0.0272	0.0091	0.0139	0.0094	0.0104	0.0188	0.0072	0.0028	0.0271	0.0033	0.0019	0.0077	0.0114	0.0142	0.0186	0.0152	0.0073	0.0013	0.0043	0.0178	0.0197	0.0023	0.0263	0.0017	0.0215	0.0251	0.0035	0.0212	0.0111	0.0147	0.0029	0.0059	0.0210	0.0110	0.0043	0.0221	0.0115	0.0130	0.0035	0.0171	0.0146	0.0095	0.0060	0.0219	0.0052	0.0028	0.0012	0.0083	0.0099	0.0153	0.0004	0.0261	0.0015	0.0213	0.0265	0.0223	0.0123	0.0132	0.0165	0.0149	0.0168	0.0109	0.0129	0.0076	0.0001	0.0228	0.0145	0.0001	0.0101	0.0205	0.0036	0.0237	0.0229	0.0139	0.0035	
0.0150	0.0185	0.0037	0.0212	0.0137	0.0224	0.0196	0.0098	0.0189	0.0140	0.0046	0.0034	0.0204	0.0105	0.0083	0.0087	0.0206	0.0217	0.0144	0.0212	0.0025	0.0155	0.0217	0.0168	0.0083	0.0107	0.0008	0.0238	0.0132	0.0135	0.0060	0.0228	0.0109	0.0157	0.0080	0.0218	0.0071	0.0145	0.0231	0.0130	0.0178	0.0000	0.0182	0.0146	0.0199	0.0166	0.0147	0.0113	0.0007	0.0118	0.0040	0.0187	0.0068	0.0126	0.0008	0.0208	0.0216	0.0084	0.0107	0.0013	0.0195	0.0205	0.0221	0.0066	0.0102	0.0050	0.0148	0.0029	0.0005	0.0077	0.0019	0.0078	0.0189	0.0003	0.0038	0.0025	0.0235	0.0070	0.0194	0.0137	

Emissions
0.1810	0.1293	0.1968	0.0008	0.0474	0.0575	0.1666	0.2207	
0.1368	0.1417	0.0278	0.1521	0.0180	0.1348	0.1785	0.2104	
0.0228	0.2145	0.0880	0.1376	0.0087	0.1004	0.1913	0.2367	
0.0721	0.2414	0.2699	0.0426	0.0617	0.1595	0.0068	0.1461	
0.1171	0.2610	0.0203	0.0796	0.1430	0.1315	0.2452	0.0024	
0.0981	0.2461	0.1431	0.0906	0.0370	0.0371	0.0521	0.2960	
0.0885	0.1658	0.0059	0.1074	0.0152	0.1018	0.2780	0.2375	
0.2323	0.0724	0.1199	0.1092	0.0657	0.0646	0.1345	0.2015	
0.1001	0.1930	0.1176	0.0525	0.1447	0.0766	0.2604	0.0551	
0.1689	0.1215	0.0417	0.0749	0.2675	0.0131	0.2022	0.1102	
0.1639	0.3308	0.0104	0.0225	0.1552	0.1263	0.1465	0.0445	
0.0498	0.2231	0.1889	0.1403	0.0699	0.1078	0.1911	0.0290	
0.0664	0.2345	0.0049	0.1433	0.1237	0.1490	0.0421	0.2361	
0.0667	0.2208	0.1773	0.1205	0.0361	0.0485	0.1177	0.2124	
0.1416	0.0926	0.1885	0.0773	0.0531	0.0589	0.1978	0.1902	
0.0376	0.1369	0.0087	0.0852	0.2400	0.0326	0.3953	0.0637	
0.2778	0.0024	0.0049	0.1022	0.0044	0.1656	0.1711	0.2715	
0.1332	0.0495	0.1615	0.0130	0.1301	0.1012	0.1915	0.2200	
0.0268	0.1966	0.0019	0.2200	0.0971	0.0186	0.1964	0.2426	
0.1321	0.0643	0.1510	0.0766	0.1304	0.1544	0.2177	0.0734	
0.1687	0.1785	0.0407	0.0402	0.0489	0.0371	0.2221	0.2640	
0.1761	0.0272	0.1780	0.0331	0.1157	0.1353	0.2210	0.1137	
0.0857	0.0399	0.0595	0.0756	0.0291	0.2467	0.2135	0.2500	
0.0460	0.0427	0.1338	0.1110	0.0440	0.1596	0.2135	0.2494	
0.0482	0.1316	0.0369	0.0620	0.1035	0.1389	0.1819	0.2969	
0.3075	0.0417	0.0414	0.1898	0.1323	0.1501	0.0761	0.0610	
0.1482	0.0732	0.0690	0.2414	0.1883	0.1461	0.0718	0.0620	
0.0202	0.2365	0.3057	0.0362	0.1560	0.0147	0.2262	0.0045	
0.0385	0.1937	0.2105	0.0474	0.0885	0.0627	0.1939	0.1649	
0.1120	0.0914	0.2498	0.0090	0.1764	0.0001	0.0309	0.3305	
0.2166	0.1231	0.1573	0.0253	0.1555	0.0170	0.0354	0.2698	
0.0398	0.2866	0.0921	0.1546	0.1138	0.0897	0.0338	0.1896	
0.0804	0.0267	0.0871	0.1296	0.0984	0.1574	0.1300	0.2904	
0.1130	0.2090	0.0913	0.1879	0.1990	0.0269	0.1483	0.0246	
0.2062	0.0706	0.0467	0.1702	0.1696	0.1293	0.1409	0.0665	
0.1602	0.0827	0.0261	0.1555	0.0260	0.1943	0.0078	0.3474	
0.0267	0.3482	0.1489	0.1790	0.1222	0.0620	0.0666	0.0463	
0.1605	0.1125	0.2431	0.0382	0.1228	0.0953	0.1996	0.0280	
0.1114	0.0671	0.1124	0.0959	0.0501	0.1024	0.2390	0.2217	
0.2081	0.0487	0.0242	0.0930	0.1218	0.1230	0.2534	0.1278	
0.1686	0.1791	0.1506	0.0298	0.1106	0.1630	0.1414	0.0569	
0.2248	0.3115	0.1248	0.0763	0.1025	0.0144	0.1159	0.0298	
0.1321	0.2955	0.0217	0.2002	0.0454	0.0604	0.1485	0.0964	
0.1961	0.2202	0.2056	0.1056	0.0324	0.1325	0.0932	0.0145	
0.1117	0.1153	0.1967	0.0675	0.0020	0.1070	0.1648	0.2350	
0.1866	0.1241	0.2113	0.0690	0.0089	0.1275	0.0535	0.2191	
0.1161	0.2240	0.1505	0.1128	0.0707	0.1155	0.0212	0.1892	
0.1773	0.0295	0.0410	0.1609	0.1393	0.1451	0.2739	0.0330	
0.0991	0.1692	0.3077	0.0515	0.0579	0.0203	0.0288	0.2655	
0.1539	0.1791	0.0101	0.0002	0.2340	0.0783	0.1811	0.1633	
0.1453	0.0770	0.2079	0.0519	0.1524	0.0971	0.1196	0.1488	
0.0568	0.2307	0.1003	0.1933	0.0600	0.1096	0.2364	0.0129	
0.0609	0.1424	0.2230	0.0660	0.1143	0.1448	0.0844	0.1643	
0.3266	0.0011	0.1092	0.1004	0.1936	0.0227	0.0594	0.1869	
0.1832	0.2822	0.0516	0.1355	0.1554	0.1193	0.0520	0.0208	
0.0448	0.1695	0.0501	0.1381	0.1306	0.0481	0.1723	0.2465	
0.0597	0.2570	0.1273	0.0481	0.0715	0.1282	0.1339	0.1742	
0.2488	0.1041	0.1156	0.2371	0.0326	0.0174	0.1957	0.0487	
0.1703	0.0148	0.0852	0.1523	0.1398	0.0974	0.0348	0.3053	
0.0707	0.2225	0.1030	0.0700	0.1267	0.1623	0.0184	0.2264	
0.0879	0.1703	0.1451	0.1321	0.0523	0.0898	0.1721	0.1504	
0.0609	0.1642	0.1978	0.1606	0.0638	0.0469	0.2796	0.0263	
0.1006	0.1845	0.1485	0.0567	0.0931	0.0861	0.1611	0.1693	
0.1471	0.2502	0.2989	0.1327	0.0937	0.0430	0.0131	0.0213	
0.0350	0.2119	0.1304	0.0557	0.0150	0.1226	0.1752	0.2541	
0.0169	0.2113	0.2075	0.0402	0.1891	0.1223	0.1715	0.0412	
0.1460	0.0647	0.1077	0.1284	0.1174	0.0788	0.1730	0.1841	
0.3552	0.0131	0.0345	0.2554	0.2046	0.0213	0.1118	0.0041	
0.1019	0.2306	0.1479	0.1664	0.1567	0.1078	0.0020	0.0867	
0.0807	0.0549	0.1788	0.1156	0.0846	0.1983	0.1126	0.1746	
0.1454	0.3193	0.0380	0.0829	0.1157	0.0570	0.0590	0.1828	
0.1684	0.1497	0.0933	0.0089	0.0538	0.1216	0.1951	0.2090	
0.0343	0.1505	0.1819	0.2602	0.1545	0.1156	0.0570	0.0459	
0.0784	0.1099	0.0843	0.2189	0.0171	0.0256	0.1270	0.3388	
0.1290	0.1951	0.0536	0.1743	0.1586	0.1798	0.0866	0.0229	
0.0727	0.2283	0.2080	0.0459	0.0104	0.1409	0.1872	0.1066	
0.0562	0.1758	0.1604	0.0085	0.0286	0.0780	0.1999	0.2925	
0.2099	0.0134	0.0415	0.1158	0.0043	0.1141	0.2017	0.2992	
0.0541	0.2058	0.1317	0.1837	0.1528	0.1954	0.0123	0.0642	
0.0186	0.2355	0.1253	0.2318	0.1269	0.1580	0.0197	0.0844	
