DataSet 37
Learner: Baum Welch Learner
Log Likelihood: 71328.3911588286

Number of States: 90
Number of Symbols: 8
Threshold: 0.01

Initial Distribution:
0.0140	0.0147	0.0038	0.0009	0.0172	0.0072	0.0155	0.0136	0.0010	0.0163	0.0070	0.0186	0.0072	0.0040	0.0173	0.0187	0.0192	0.0091	0.0121	0.0032	0.0122	0.0225	0.0209	0.0262	0.0122	0.0102	0.0084	0.0071	0.0004	0.0116	0.0158	0.0154	0.0029	0.0023	0.0036	0.0252	0.0070	0.0169	0.0103	0.0121	0.0086	0.0187	0.0098	0.0011	0.0106	0.0061	0.0030	0.0160	0.0022	0.0202	0.0175	0.0194	0.0077	0.0081	0.0123	0.0125	0.0006	0.0100	0.0104	0.0172	0.0107	0.0070	0.0222	0.0067	0.0194	0.0212	0.0115	0.0039	0.0267	0.0251	0.0066	0.0002	0.0260	0.0031	0.0137	0.0010	0.0053	0.0091	0.0046	0.0046	0.0062	0.0142	0.0046	0.0097	0.0113	0.0030	0.0026	0.0265	0.0116	0.0060	

Transitions:
0.0156	0.0206	0.0094	0.0082	0.0048	0.0036	0.0032	0.0191	0.0092	0.0187	0.0190	0.0169	0.0123	0.0050	0.0024	0.0143	0.0168	0.0033	0.0163	0.0126	0.0062	0.0090	0.0030	0.0056	0.0086	0.0106	0.0199	0.0048	0.0209	0.0097	0.0126	0.0157	0.0165	0.0106	0.0012	0.0096	0.0127	0.0130	0.0218	0.0110	0.0201	0.0113	0.0041	0.0075	0.0071	0.0136	0.0041	0.0033	0.0077	0.0168	0.0079	0.0004	0.0191	0.0183	0.0028	0.0090	0.0162	0.0035	0.0197	0.0174	0.0038	0.0181	0.0205	0.0220	0.0056	0.0003	0.0031	0.0020	0.0033	0.0133	0.0040	0.0042	0.0047	0.0061	0.0151	0.0154	0.0047	0.0182	0.0198	0.0170	0.0064	0.0159	0.0184	0.0213	0.0027	0.0117	0.0201	0.0164	0.0079	0.0137	
0.0127	0.0086	0.0142	0.0044	0.0064	0.0230	0.0124	0.0050	0.0015	0.0066	0.0097	0.0019	0.0212	0.0142	0.0163	0.0031	0.0182	0.0149	0.0054	0.0094	0.0046	0.0009	0.0042	0.0015	0.0094	0.0093	0.0006	0.0006	0.0198	0.0153	0.0022	0.0056	0.0159	0.0107	0.0009	0.0179	0.0124	0.0006	0.0223	0.0158	0.0032	0.0217	0.0158	0.0142	0.0105	0.0048	0.0190	0.0043	0.0037	0.0181	0.0176	0.0060	0.0135	0.0220	0.0093	0.0130	0.0041	0.0127	0.0160	0.0193	0.0181	0.0116	0.0091	0.0081	0.0044	0.0025	0.0088	0.0104	0.0125	0.0208	0.0143	0.0165	0.0165	0.0132	0.0065	0.0050	0.0078	0.0123	0.0141	0.0054	0.0142	0.0170	0.0189	0.0203	0.0228	0.0189	0.0146	0.0146	0.0020	0.0103	
0.0124	0.0218	0.0066	0.0019	0.0151	0.0134	0.0129	0.0082	0.0101	0.0068	0.0176	0.0069	0.0117	0.0036	0.0074	0.0198	0.0120	0.0013	0.0160	0.0051	0.0062	0.0144	0.0204	0.0090	0.0055	0.0031	0.0153	0.0120	0.0076	0.0074	0.0112	0.0131	0.0082	0.0035	0.0081	0.0140	0.0108	0.0139	0.0200	0.0161	0.0146	0.0210	0.0014	0.0068	0.0113	0.0061	0.0059	0.0140	0.0116	0.0003	0.0066	0.0141	0.0005	0.0192	0.0039	0.0207	0.0205	0.0180	0.0180	0.0127	0.0181	0.0011	0.0009	0.0025	0.0171	0.0017	0.0209	0.0090	0.0158	0.0146	0.0119	0.0192	0.0048	0.0242	0.0135	0.0075	0.0145	0.0159	0.0209	0.0007	0.0209	0.0002	0.0008	0.0078	0.0019	0.0204	0.0155	0.0100	0.0201	0.0099	
0.0133	0.0136	0.0168	0.0061	0.0165	0.0138	0.0190	0.0195	0.0098	0.0082	0.0051	0.0164	0.0183	0.0150	0.0100	0.0070	0.0081	0.0006	0.0063	0.0186	0.0080	0.0072	0.0180	0.0149	0.0139	0.0190	0.0003	0.0160	0.0004	0.0188	0.0097	0.0096	0.0086	0.0072	0.0012	0.0181	0.0023	0.0205	0.0042	0.0222	0.0097	0.0140	0.0037	0.0123	0.0180	0.0003	0.0028	0.0052	0.0175	0.0124	0.0106	0.0146	0.0043	0.0028	0.0013	0.0065	0.0155	0.0012	0.0122	0.0188	0.0105	0.0039	0.0196	0.0122	0.0197	0.0130	0.0097	0.0114	0.0134	0.0123	0.0059	0.0085	0.0180	0.0066	0.0095	0.0158	0.0043	0.0061	0.0204	0.0137	0.0174	0.0145	0.0194	0.0066	0.0111	0.0167	0.0066	0.0051	0.0063	0.0163	
0.0029	0.0011	0.0092	0.0065	0.0097	0.0063	0.0175	0.0159	0.0146	0.0012	0.0128	0.0134	0.0124	0.0045	0.0107	0.0009	0.0193	0.0217	0.0170	0.0087	0.0035	0.0118	0.0019	0.0195	0.0037	0.0203	0.0069	0.0157	0.0002	0.0049	0.0108	0.0044	0.0044	0.0214	0.0121	0.0050	0.0011	0.0142	0.0214	0.0047	0.0007	0.0118	0.0161	0.0222	0.0039	0.0033	0.0053	0.0161	0.0200	0.0092	0.0244	0.0101	0.0136	0.0224	0.0138	0.0167	0.0221	0.0126	0.0023	0.0157	0.0197	0.0011	0.0150	0.0105	0.0139	0.0067	0.0103	0.0153	0.0148	0.0057	0.0252	0.0054	0.0013	0.0134	0.0079	0.0152	0.0210	0.0039	0.0166	0.0010	0.0152	0.0138	0.0202	0.0138	0.0064	0.0009	0.0155	0.0047	0.0083	0.0210	
0.0048	0.0111	0.0093	0.0055	0.0047	0.0225	0.0190	0.0051	0.0061	0.0169	0.0131	0.0112	0.0001	0.0115	0.0090	0.0139	0.0064	0.0012	0.0141	0.0212	0.0193	0.0163	0.0180	0.0010	0.0184	0.0075	0.0049	0.0021	0.0033	0.0107	0.0163	0.0042	0.0043	0.0161	0.0000	0.0093	0.0172	0.0170	0.0065	0.0075	0.0173	0.0117	0.0180	0.0182	0.0081	0.0236	0.0123	0.0044	0.0018	0.0084	0.0155	0.0134	0.0121	0.0073	0.0195	0.0091	0.0129	0.0086	0.0056	0.0185	0.0138	0.0150	0.0021	0.0164	0.0020	0.0073	0.0086	0.0034	0.0098	0.0188	0.0214	0.0104	0.0162	0.0075	0.0046	0.0065	0.0222	0.0196	0.0130	0.0004	0.0162	0.0184	0.0003	0.0139	0.0191	0.0028	0.0136	0.0152	0.0165	0.0120	
0.0158	0.0069	0.0117	0.0083	0.0124	0.0005	0.0101	0.0028	0.0171	0.0197	0.0117	0.0081	0.0130	0.0023	0.0110	0.0032	0.0155	0.0048	0.0038	0.0158	0.0110	0.0167	0.0155	0.0044	0.0022	0.0170	0.0156	0.0101	0.0186	0.0198	0.0177	0.0112	0.0057	0.0003	0.0041	0.0135	0.0231	0.0087	0.0172	0.0042	0.0200	0.0173	0.0032	0.0171	0.0109	0.0080	0.0075	0.0175	0.0015	0.0124	0.0081	0.0098	0.0138	0.0038	0.0015	0.0007	0.0109	0.0067	0.0060	0.0202	0.0056	0.0195	0.0059	0.0192	0.0021	0.0161	0.0036	0.0154	0.0170	0.0176	0.0042	0.0075	0.0111	0.0238	0.0190	0.0140	0.0141	0.0228	0.0150	0.0154	0.0090	0.0167	0.0092	0.0026	0.0137	0.0079	0.0212	0.0014	0.0183	0.0035	
0.0016	0.0159	0.0028	0.0211	0.0198	0.0220	0.0130	0.0074	0.0153	0.0120	0.0035	0.0140	0.0215	0.0037	0.0116	0.0217	0.0206	0.0149	0.0092	0.0105	0.0104	0.0144	0.0133	0.0105	0.0091	0.0113	0.0117	0.0041	0.0050	0.0158	0.0003	0.0020	0.0167	0.0158	0.0193	0.0121	0.0062	0.0154	0.0020	0.0222	0.0027	0.0067	0.0068	0.0055	0.0159	0.0186	0.0204	0.0057	0.0142	0.0118	0.0112	0.0069	0.0166	0.0115	0.0163	0.0106	0.0018	0.0147	0.0103	0.0104	0.0090	0.0080	0.0028	0.0236	0.0107	0.0010	0.0222	0.0060	0.0070	0.0000	0.0183	0.0059	0.0142	0.0127	0.0078	0.0032	0.0085	0.0084	0.0189	0.0155	0.0153	0.0054	0.0140	0.0151	0.0072	0.0179	0.0094	0.0042	0.0002	0.0094	
0.0082	0.0130	0.0044	0.0134	0.0090	0.0161	0.0035	0.0070	0.0143	0.0115	0.0137	0.0100	0.0170	0.0107	0.0161	0.0036	0.0126	0.0041	0.0041	0.0131	0.0025	0.0147	0.0155	0.0122	0.0144	0.0032	0.0155	0.0107	0.0125	0.0136	0.0141	0.0138	0.0045	0.0171	0.0110	0.0023	0.0007	0.0196	0.0216	0.0118	0.0202	0.0197	0.0123	0.0055	0.0002	0.0010	0.0070	0.0002	0.0148	0.0016	0.0015	0.0038	0.0202	0.0075	0.0049	0.0136	0.0152	0.0103	0.0173	0.0067	0.0181	0.0123	0.0138	0.0221	0.0166	0.0153	0.0069	0.0206	0.0004	0.0137	0.0035	0.0131	0.0043	0.0142	0.0136	0.0030	0.0038	0.0109	0.0126	0.0139	0.0173	0.0137	0.0172	0.0111	0.0143	0.0099	0.0167	0.0151	0.0130	0.0189	
0.0059	0.0117	0.0030	0.0158	0.0126	0.0081	0.0053	0.0137	0.0077	0.0019	0.0155	0.0081	0.0214	0.0207	0.0204	0.0082	0.0217	0.0082	0.0174	0.0026	0.0126	0.0080	0.0190	0.0014	0.0108	0.0051	0.0183	0.0053	0.0070	0.0096	0.0030	0.0107	0.0051	0.0032	0.0109	0.0148	0.0136	0.0131	0.0010	0.0076	0.0217	0.0124	0.0036	0.0134	0.0018	0.0104	0.0187	0.0188	0.0132	0.0060	0.0127	0.0105	0.0022	0.0136	0.0078	0.0220	0.0142	0.0016	0.0033	0.0087	0.0103	0.0001	0.0073	0.0222	0.0206	0.0031	0.0039	0.0206	0.0096	0.0059	0.0195	0.0087	0.0077	0.0105	0.0046	0.0225	0.0047	0.0062	0.0222	0.0022	0.0106	0.0206	0.0152	0.0234	0.0221	0.0158	0.0099	0.0129	0.0172	0.0132	
0.0005	0.0119	0.0090	0.0167	0.0169	0.0216	0.0048	0.0055	0.0136	0.0200	0.0055	0.0193	0.0085	0.0060	0.0108	0.0029	0.0024	0.0152	0.0099	0.0090	0.0178	0.0085	0.0017	0.0009	0.0188	0.0129	0.0079	0.0088	0.0221	0.0054	0.0184	0.0110	0.0009	0.0182	0.0055	0.0069	0.0221	0.0151	0.0143	0.0069	0.0167	0.0218	0.0142	0.0019	0.0207	0.0124	0.0134	0.0076	0.0104	0.0151	0.0141	0.0181	0.0045	0.0095	0.0179	0.0141	0.0096	0.0083	0.0174	0.0050	0.0114	0.0186	0.0070	0.0093	0.0037	0.0135	0.0198	0.0106	0.0010	0.0044	0.0038	0.0098	0.0013	0.0032	0.0149	0.0195	0.0193	0.0238	0.0041	0.0089	0.0001	0.0001	0.0213	0.0041	0.0159	0.0235	0.0083	0.0141	0.0028	0.0155	
0.0173	0.0134	0.0188	0.0085	0.0148	0.0195	0.0133	0.0053	0.0190	0.0040	0.0130	0.0020	0.0062	0.0051	0.0134	0.0030	0.0154	0.0014	0.0164	0.0213	0.0199	0.0094	0.0042	0.0065	0.0046	0.0119	0.0202	0.0030	0.0159	0.0037	0.0073	0.0052	0.0073	0.0086	0.0069	0.0119	0.0118	0.0149	0.0093	0.0181	0.0041	0.0109	0.0015	0.0204	0.0187	0.0210	0.0162	0.0138	0.0111	0.0099	0.0065	0.0070	0.0195	0.0031	0.0153	0.0100	0.0087	0.0131	0.0029	0.0037	0.0175	0.0100	0.0126	0.0167	0.0181	0.0060	0.0162	0.0195	0.0177	0.0019	0.0139	0.0004	0.0150	0.0222	0.0175	0.0084	0.0083	0.0044	0.0104	0.0068	0.0185	0.0060	0.0131	0.0034	0.0199	0.0003	0.0078	0.0040	0.0146	0.0197	
0.0030	0.0218	0.0118	0.0056	0.0186	0.0172	0.0212	0.0073	0.0027	0.0111	0.0030	0.0171	0.0158	0.0090	0.0197	0.0057	0.0141	0.0205	0.0080	0.0083	0.0024	0.0046	0.0026	0.0167	0.0068	0.0139	0.0201	0.0100	0.0199	0.0176	0.0236	0.0118	0.0035	0.0014	0.0211	0.0149	0.0112	0.0099	0.0021	0.0024	0.0106	0.0004	0.0018	0.0218	0.0048	0.0249	0.0133	0.0039	0.0049	0.0118	0.0091	0.0108	0.0193	0.0075	0.0167	0.0212	0.0177	0.0164	0.0209	0.0058	0.0161	0.0109	0.0112	0.0067	0.0114	0.0104	0.0152	0.0162	0.0094	0.0051	0.0190	0.0045	0.0194	0.0061	0.0212	0.0019	0.0033	0.0028	0.0131	0.0073	0.0008	0.0144	0.0048	0.0044	0.0112	0.0117	0.0165	0.0169	0.0066	0.0003	
0.0185	0.0173	0.0119	0.0198	0.0060	0.0234	0.0122	0.0179	0.0102	0.0143	0.0065	0.0182	0.0150	0.0207	0.0180	0.0037	0.0130	0.0129	0.0104	0.0166	0.0202	0.0155	0.0035	0.0113	0.0047	0.0029	0.0066	0.0077	0.0184	0.0003	0.0202	0.0176	0.0078	0.0095	0.0084	0.0015	0.0164	0.0006	0.0234	0.0229	0.0138	0.0074	0.0158	0.0221	0.0012	0.0030	0.0235	0.0048	0.0079	0.0057	0.0221	0.0034	0.0089	0.0139	0.0046	0.0041	0.0119	0.0217	0.0141	0.0038	0.0140	0.0038	0.0003	0.0114	0.0167	0.0081	0.0125	0.0060	0.0124	0.0163	0.0120	0.0123	0.0140	0.0121	0.0023	0.0114	0.0008	0.0049	0.0108	0.0023	0.0031	0.0013	0.0243	0.0118	0.0021	0.0163	0.0119	0.0150	0.0054	0.0049	
0.0104	0.0164	0.0090	0.0192	0.0062	0.0099	0.0071	0.0046	0.0031	0.0139	0.0115	0.0151	0.0133	0.0116	0.0175	0.0079	0.0109	0.0192	0.0124	0.0165	0.0035	0.0080	0.0110	0.0102	0.0007	0.0133	0.0039	0.0120	0.0083	0.0025	0.0225	0.0175	0.0217	0.0084	0.0061	0.0168	0.0033	0.0188	0.0041	0.0163	0.0040	0.0185	0.0012	0.0189	0.0131	0.0092	0.0101	0.0092	0.0146	0.0134	0.0042	0.0143	0.0042	0.0114	0.0011	0.0030	0.0047	0.0207	0.0182	0.0153	0.0049	0.0167	0.0183	0.0004	0.0147	0.0132	0.0170	0.0050	0.0055	0.0005	0.0052	0.0148	0.0165	0.0208	0.0126	0.0079	0.0078	0.0136	0.0196	0.0136	0.0035	0.0149	0.0197	0.0151	0.0216	0.0075	0.0146	0.0096	0.0076	0.0034	
0.0113	0.0048	0.0012	0.0116	0.0096	0.0092	0.0198	0.0007	0.0035	0.0193	0.0140	0.0049	0.0035	0.0133	0.0109	0.0109	0.0197	0.0074	0.0233	0.0157	0.0192	0.0138	0.0002	0.0024	0.0110	0.0113	0.0201	0.0056	0.0017	0.0073	0.0008	0.0064	0.0206	0.0029	0.0101	0.0004	0.0142	0.0064	0.0100	0.0038	0.0091	0.0068	0.0098	0.0015	0.0013	0.0226	0.0139	0.0049	0.0028	0.0087	0.0123	0.0083	0.0110	0.0154	0.0072	0.0207	0.0045	0.0217	0.0216	0.0195	0.0101	0.0147	0.0234	0.0194	0.0183	0.0056	0.0088	0.0003	0.0037	0.0106	0.0211	0.0127	0.0225	0.0199	0.0071	0.0127	0.0044	0.0219	0.0013	0.0130	0.0216	0.0137	0.0025	0.0157	0.0199	0.0161	0.0182	0.0042	0.0178	0.0124	
0.0170	0.0175	0.0080	0.0123	0.0142	0.0172	0.0071	0.0133	0.0053	0.0175	0.0120	0.0123	0.0008	0.0132	0.0130	0.0226	0.0100	0.0152	0.0087	0.0183	0.0196	0.0058	0.0215	0.0062	0.0005	0.0184	0.0136	0.0087	0.0227	0.0026	0.0119	0.0045	0.0050	0.0140	0.0153	0.0045	0.0045	0.0114	0.0041	0.0163	0.0047	0.0136	0.0160	0.0062	0.0029	0.0092	0.0162	0.0110	0.0010	0.0183	0.0074	0.0051	0.0210	0.0004	0.0176	0.0127	0.0193	0.0022	0.0111	0.0174	0.0024	0.0217	0.0178	0.0030	0.0075	0.0065	0.0086	0.0083	0.0202	0.0088	0.0192	0.0222	0.0120	0.0185	0.0138	0.0063	0.0153	0.0141	0.0038	0.0142	0.0037	0.0023	0.0070	0.0003	0.0200	0.0060	0.0081	0.0046	0.0217	0.0028	
0.0073	0.0022	0.0008	0.0069	0.0099	0.0046	0.0151	0.0109	0.0188	0.0166	0.0219	0.0056	0.0100	0.0122	0.0032	0.0071	0.0157	0.0024	0.0091	0.0098	0.0210	0.0041	0.0181	0.0149	0.0130	0.0206	0.0141	0.0159	0.0058	0.0014	0.0217	0.0031	0.0091	0.0157	0.0196	0.0140	0.0182	0.0039	0.0049	0.0086	0.0089	0.0002	0.0129	0.0067	0.0147	0.0192	0.0138	0.0128	0.0178	0.0086	0.0121	0.0056	0.0158	0.0104	0.0024	0.0040	0.0037	0.0056	0.0125	0.0094	0.0096	0.0019	0.0068	0.0208	0.0179	0.0146	0.0180	0.0127	0.0126	0.0102	0.0105	0.0106	0.0197	0.0008	0.0011	0.0214	0.0129	0.0127	0.0022	0.0161	0.0085	0.0011	0.0178	0.0179	0.0113	0.0151	0.0083	0.0193	0.0151	0.0176	
0.0097	0.0138	0.0124	0.0165	0.0176	0.0078	0.0157	0.0153	0.0102	0.0182	0.0201	0.0192	0.0198	0.0067	0.0005	0.0005	0.0079	0.0153	0.0092	0.0032	0.0146	0.0127	0.0037	0.0147	0.0026	0.0104	0.0052	0.0114	0.0082	0.0036	0.0096	0.0188	0.0188	0.0175	0.0007	0.0177	0.0210	0.0035	0.0042	0.0163	0.0058	0.0182	0.0020	0.0054	0.0207	0.0092	0.0023	0.0109	0.0165	0.0090	0.0070	0.0157	0.0113	0.0130	0.0030	0.0192	0.0092	0.0180	0.0131	0.0082	0.0018	0.0043	0.0078	0.0073	0.0089	0.0178	0.0028	0.0013	0.0057	0.0036	0.0023	0.0044	0.0119	0.0163	0.0199	0.0179	0.0120	0.0207	0.0175	0.0151	0.0084	0.0140	0.0167	0.0196	0.0196	0.0161	0.0098	0.0050	0.0153	0.0032	
0.0084	0.0015	0.0127	0.0191	0.0135	0.0012	0.0107	0.0173	0.0181	0.0205	0.0056	0.0009	0.0050	0.0121	0.0083	0.0020	0.0028	0.0177	0.0172	0.0081	0.0093	0.0117	0.0005	0.0167	0.0004	0.0095	0.0103	0.0117	0.0097	0.0144	0.0131	0.0166	0.0070	0.0031	0.0170	0.0008	0.0153	0.0170	0.0016	0.0197	0.0081	0.0165	0.0024	0.0207	0.0122	0.0082	0.0107	0.0036	0.0110	0.0141	0.0141	0.0149	0.0119	0.0092	0.0160	0.0192	0.0008	0.0157	0.0182	0.0052	0.0127	0.0205	0.0077	0.0028	0.0076	0.0069	0.0159	0.0020	0.0161	0.0075	0.0110	0.0079	0.0170	0.0223	0.0239	0.0158	0.0106	0.0026	0.0072	0.0143	0.0228	0.0056	0.0015	0.0161	0.0024	0.0224	0.0083	0.0182	0.0082	0.0216	
0.0202	0.0208	0.0201	0.0196	0.0049	0.0096	0.0083	0.0206	0.0117	0.0029	0.0121	0.0072	0.0078	0.0018	0.0066	0.0046	0.0179	0.0133	0.0095	0.0019	0.0106	0.0201	0.0087	0.0017	0.0058	0.0073	0.0195	0.0152	0.0002	0.0089	0.0005	0.0168	0.0152	0.0179	0.0079	0.0114	0.0098	0.0207	0.0159	0.0139	0.0072	0.0098	0.0123	0.0044	0.0029	0.0140	0.0202	0.0197	0.0075	0.0154	0.0014	0.0169	0.0107	0.0067	0.0095	0.0013	0.0107	0.0187	0.0125	0.0197	0.0104	0.0144	0.0206	0.0024	0.0022	0.0130	0.0148	0.0112	0.0135	0.0159	0.0188	0.0193	0.0000	0.0199	0.0178	0.0004	0.0095	0.0042	0.0199	0.0148	0.0097	0.0178	0.0077	0.0032	0.0090	0.0071	0.0082	0.0074	0.0092	0.0070	
0.0004	0.0121	0.0078	0.0167	0.0015	0.0139	0.0095	0.0088	0.0019	0.0083	0.0179	0.0083	0.0052	0.0111	0.0014	0.0027	0.0149	0.0134	0.0120	0.0093	0.0155	0.0069	0.0198	0.0161	0.0091	0.0132	0.0068	0.0183	0.0157	0.0147	0.0080	0.0061	0.0004	0.0080	0.0162	0.0055	0.0119	0.0057	0.0171	0.0034	0.0122	0.0203	0.0019	0.0114	0.0194	0.0227	0.0145	0.0160	0.0014	0.0047	0.0141	0.0167	0.0183	0.0004	0.0131	0.0146	0.0128	0.0126	0.0055	0.0093	0.0059	0.0119	0.0156	0.0069	0.0010	0.0100	0.0087	0.0187	0.0148	0.0162	0.0132	0.0094	0.0199	0.0091	0.0186	0.0165	0.0057	0.0077	0.0191	0.0097	0.0210	0.0105	0.0169	0.0103	0.0038	0.0133	0.0101	0.0208	0.0158	0.0017	
0.0140	0.0215	0.0004	0.0065	0.0191	0.0240	0.0045	0.0184	0.0118	0.0074	0.0132	0.0167	0.0215	0.0060	0.0148	0.0039	0.0181	0.0100	0.0036	0.0212	0.0104	0.0066	0.0138	0.0163	0.0105	0.0177	0.0185	0.0070	0.0033	0.0095	0.0015	0.0087	0.0011	0.0157	0.0036	0.0143	0.0102	0.0148	0.0126	0.0206	0.0133	0.0099	0.0191	0.0142	0.0222	0.0041	0.0136	0.0112	0.0175	0.0192	0.0200	0.0011	0.0186	0.0197	0.0134	0.0089	0.0070	0.0059	0.0178	0.0025	0.0029	0.0196	0.0145	0.0024	0.0054	0.0028	0.0168	0.0063	0.0022	0.0011	0.0181	0.0036	0.0214	0.0064	0.0085	0.0219	0.0106	0.0005	0.0187	0.0069	0.0044	0.0067	0.0122	0.0032	0.0139	0.0003	0.0134	0.0032	0.0022	0.0175	
0.0059	0.0033	0.0160	0.0095	0.0141	0.0143	0.0167	0.0143	0.0073	0.0157	0.0080	0.0060	0.0082	0.0142	0.0047	0.0140	0.0031	0.0116	0.0112	0.0136	0.0207	0.0060	0.0094	0.0097	0.0170	0.0175	0.0071	0.0109	0.0117	0.0044	0.0128	0.0117	0.0031	0.0062	0.0154	0.0122	0.0072	0.0097	0.0114	0.0154	0.0036	0.0143	0.0132	0.0010	0.0196	0.0191	0.0191	0.0163	0.0177	0.0159	0.0192	0.0225	0.0133	0.0088	0.0171	0.0005	0.0144	0.0072	0.0111	0.0181	0.0054	0.0056	0.0045	0.0028	0.0038	0.0140	0.0034	0.0020	0.0176	0.0125	0.0073	0.0144	0.0012	0.0185	0.0100	0.0052	0.0141	0.0081	0.0115	0.0009	0.0200	0.0105	0.0127	0.0135	0.0077	0.0113	0.0193	0.0141	0.0095	0.0158	
0.0170	0.0211	0.0186	0.0134	0.0079	0.0193	0.0103	0.0105	0.0172	0.0023	0.0143	0.0142	0.0161	0.0056	0.0111	0.0035	0.0187	0.0156	0.0204	0.0131	0.0085	0.0064	0.0161	0.0092	0.0168	0.0161	0.0137	0.0124	0.0170	0.0118	0.0182	0.0084	0.0125	0.0051	0.0152	0.0070	0.0170	0.0088	0.0098	0.0130	0.0167	0.0024	0.0115	0.0093	0.0075	0.0042	0.0152	0.0065	0.0009	0.0032	0.0141	0.0042	0.0157	0.0170	0.0064	0.0126	0.0042	0.0093	0.0154	0.0140	0.0040	0.0169	0.0149	0.0053	0.0054	0.0042	0.0036	0.0129	0.0099	0.0043	0.0092	0.0105	0.0076	0.0084	0.0181	0.0056	0.0170	0.0069	0.0027	0.0139	0.0011	0.0064	0.0118	0.0126	0.0209	0.0132	0.0147	0.0140	0.0181	0.0028	
0.0026	0.0070	0.0151	0.0185	0.0081	0.0218	0.0086	0.0066	0.0038	0.0020	0.0001	0.0028	0.0165	0.0173	0.0161	0.0024	0.0175	0.0082	0.0010	0.0015	0.0203	0.0198	0.0073	0.0203	0.0120	0.0204	0.0066	0.0042	0.0059	0.0129	0.0133	0.0087	0.0139	0.0086	0.0021	0.0027	0.0199	0.0133	0.0242	0.0218	0.0212	0.0104	0.0033	0.0011	0.0175	0.0231	0.0128	0.0154	0.0187	0.0157	0.0195	0.0078	0.0160	0.0189	0.0064	0.0050	0.0200	0.0152	0.0044	0.0115	0.0131	0.0039	0.0010	0.0134	0.0110	0.0105	0.0114	0.0087	0.0143	0.0133	0.0067	0.0050	0.0091	0.0031	0.0038	0.0089	0.0190	0.0066	0.0057	0.0141	0.0076	0.0111	0.0088	0.0095	0.0190	0.0053	0.0171	0.0154	0.0027	0.0212	
0.0030	0.0030	0.0087	0.0106	0.0065	0.0173	0.0094	0.0137	0.0112	0.0037	0.0087	0.0038	0.0004	0.0035	0.0122	0.0122	0.0199	0.0127	0.0162	0.0215	0.0108	0.0166	0.0090	0.0103	0.0038	0.0017	0.0177	0.0148	0.0175	0.0067	0.0194	0.0153	0.0051	0.0174	0.0111	0.0032	0.0201	0.0216	0.0193	0.0100	0.0232	0.0034	0.0174	0.0024	0.0072	0.0032	0.0125	0.0046	0.0187	0.0041	0.0078	0.0040	0.0006	0.0046	0.0085	0.0101	0.0151	0.0193	0.0062	0.0054	0.0175	0.0160	0.0193	0.0048	0.0072	0.0106	0.0207	0.0040	0.0129	0.0091	0.0179	0.0202	0.0175	0.0069	0.0224	0.0068	0.0228	0.0076	0.0043	0.0012	0.0129	0.0123	0.0191	0.0116	0.0232	0.0147	0.0174	0.0002	0.0093	0.0014	
0.0094	0.0238	0.0150	0.0158	0.0117	0.0057	0.0063	0.0128	0.0172	0.0168	0.0038	0.0079	0.0132	0.0081	0.0106	0.0085	0.0100	0.0179	0.0068	0.0027	0.0127	0.0093	0.0169	0.0051	0.0145	0.0084	0.0220	0.0098	0.0053	0.0148	0.0230	0.0204	0.0184	0.0127	0.0001	0.0196	0.0073	0.0040	0.0204	0.0190	0.0007	0.0092	0.0134	0.0112	0.0234	0.0049	0.0005	0.0109	0.0006	0.0120	0.0062	0.0002	0.0182	0.0081	0.0132	0.0009	0.0057	0.0104	0.0231	0.0035	0.0068	0.0202	0.0092	0.0017	0.0199	0.0039	0.0152	0.0241	0.0076	0.0150	0.0021	0.0058	0.0247	0.0143	0.0021	0.0035	0.0225	0.0050	0.0077	0.0110	0.0085	0.0089	0.0086	0.0158	0.0114	0.0208	0.0051	0.0090	0.0009	0.0247	
0.0120	0.0210	0.0053	0.0158	0.0084	0.0034	0.0223	0.0100	0.0137	0.0154	0.0115	0.0012	0.0024	0.0073	0.0112	0.0214	0.0006	0.0040	0.0060	0.0097	0.0050	0.0007	0.0027	0.0085	0.0166	0.0204	0.0122	0.0185	0.0137	0.0001	0.0253	0.0051	0.0215	0.0079	0.0017	0.0049	0.0233	0.0085	0.0039	0.0236	0.0034	0.0086	0.0129	0.0134	0.0237	0.0070	0.0072	0.0209	0.0015	0.0085	0.0196	0.0008	0.0035	0.0141	0.0174	0.0118	0.0160	0.0185	0.0195	0.0101	0.0131	0.0048	0.0197	0.0166	0.0154	0.0055	0.0033	0.0167	0.0058	0.0064	0.0245	0.0141	0.0008	0.0074	0.0064	0.0211	0.0124	0.0117	0.0098	0.0115	0.0142	0.0104	0.0167	0.0035	0.0044	0.0225	0.0025	0.0065	0.0135	0.0135	
0.0088	0.0033	0.0113	0.0134	0.0062	0.0185	0.0092	0.0173	0.0172	0.0135	0.0025	0.0105	0.0128	0.0142	0.0088	0.0030	0.0197	0.0164	0.0070	0.0186	0.0015	0.0047	0.0074	0.0041	0.0160	0.0015	0.0098	0.0148	0.0094	0.0140	0.0036	0.0144	0.0013	0.0135	0.0160	0.0163	0.0015	0.0077	0.0206	0.0075	0.0080	0.0113	0.0121	0.0147	0.0092	0.0213	0.0178	0.0178	0.0138	0.0005	0.0201	0.0056	0.0190	0.0145	0.0085	0.0051	0.0145	0.0072	0.0148	0.0052	0.0076	0.0132	0.0090	0.0026	0.0094	0.0045	0.0103	0.0195	0.0167	0.0119	0.0018	0.0119	0.0181	0.0217	0.0105	0.0104	0.0136	0.0135	0.0151	0.0170	0.0049	0.0101	0.0016	0.0092	0.0169	0.0186	0.0180	0.0061	0.0056	0.0118	
0.0011	0.0170	0.0140	0.0173	0.0201	0.0182	0.0029	0.0105	0.0056	0.0036	0.0091	0.0186	0.0223	0.0005	0.0209	0.0077	0.0082	0.0213	0.0055	0.0226	0.0157	0.0037	0.0137	0.0173	0.0005	0.0195	0.0149	0.0006	0.0075	0.0127	0.0098	0.0048	0.0138	0.0085	0.0137	0.0082	0.0239	0.0044	0.0011	0.0199	0.0094	0.0036	0.0084	0.0144	0.0123	0.0085	0.0132	0.0012	0.0105	0.0089	0.0131	0.0233	0.0021	0.0075	0.0212	0.0211	0.0029	0.0192	0.0164	0.0020	0.0009	0.0022	0.0039	0.0161	0.0167	0.0040	0.0064	0.0154	0.0084	0.0122	0.0093	0.0041	0.0214	0.0104	0.0136	0.0110	0.0208	0.0209	0.0063	0.0151	0.0068	0.0124	0.0128	0.0197	0.0018	0.0103	0.0029	0.0058	0.0104	0.0169	
0.0048	0.0022	0.0104	0.0211	0.0158	0.0064	0.0209	0.0148	0.0178	0.0063	0.0011	0.0186	0.0127	0.0190	0.0020	0.0070	0.0205	0.0140	0.0167	0.0100	0.0019	0.0041	0.0120	0.0198	0.0155	0.0102	0.0117	0.0080	0.0130	0.0059	0.0019	0.0193	0.0024	0.0142	0.0068	0.0060	0.0154	0.0212	0.0147	0.0066	0.0112	0.0019	0.0019	0.0206	0.0145	0.0072	0.0212	0.0125	0.0153	0.0130	0.0113	0.0104	0.0109	0.0004	0.0124	0.0013	0.0108	0.0110	0.0034	0.0066	0.0137	0.0120	0.0030	0.0128	0.0042	0.0009	0.0180	0.0207	0.0112	0.0165	0.0149	0.0207	0.0008	0.0110	0.0212	0.0218	0.0023	0.0127	0.0070	0.0098	0.0113	0.0186	0.0141	0.0189	0.0176	0.0133	0.0104	0.0018	0.0023	0.0057	
0.0160	0.0036	0.0179	0.0083	0.0121	0.0229	0.0210	0.0115	0.0171	0.0131	0.0097	0.0011	0.0004	0.0182	0.0014	0.0109	0.0095	0.0008	0.0015	0.0142	0.0232	0.0212	0.0041	0.0138	0.0164	0.0182	0.0213	0.0076	0.0178	0.0118	0.0140	0.0156	0.0180	0.0069	0.0013	0.0111	0.0041	0.0163	0.0207	0.0010	0.0013	0.0132	0.0180	0.0164	0.0012	0.0117	0.0215	0.0164	0.0173	0.0056	0.0051	0.0108	0.0007	0.0114	0.0067	0.0180	0.0217	0.0034	0.0128	0.0167	0.0193	0.0140	0.0172	0.0054	0.0007	0.0130	0.0058	0.0162	0.0169	0.0117	0.0078	0.0151	0.0030	0.0005	0.0129	0.0091	0.0043	0.0104	0.0138	0.0067	0.0218	0.0034	0.0129	0.0109	0.0086	0.0025	0.0170	0.0061	0.0009	0.0064	
0.0117	0.0005	0.0034	0.0029	0.0011	0.0103	0.0189	0.0128	0.0156	0.0086	0.0044	0.0046	0.0194	0.0045	0.0204	0.0106	0.0069	0.0002	0.0218	0.0218	0.0153	0.0116	0.0120	0.0046	0.0184	0.0193	0.0021	0.0073	0.0197	0.0194	0.0219	0.0193	0.0139	0.0115	0.0001	0.0063	0.0134	0.0001	0.0229	0.0032	0.0141	0.0132	0.0171	0.0052	0.0028	0.0161	0.0055	0.0068	0.0111	0.0157	0.0184	0.0177	0.0080	0.0028	0.0136	0.0007	0.0099	0.0200	0.0052	0.0053	0.0067	0.0104	0.0152	0.0199	0.0095	0.0043	0.0130	0.0087	0.0042	0.0141	0.0226	0.0066	0.0009	0.0200	0.0074	0.0009	0.0195	0.0077	0.0024	0.0055	0.0140	0.0161	0.0200	0.0233	0.0034	0.0043	0.0145	0.0102	0.0194	0.0233	
0.0154	0.0134	0.0153	0.0161	0.0154	0.0026	0.0178	0.0183	0.0149	0.0176	0.0007	0.0158	0.0023	0.0144	0.0170	0.0088	0.0135	0.0108	0.0174	0.0124	0.0053	0.0032	0.0162	0.0175	0.0118	0.0117	0.0129	0.0154	0.0129	0.0050	0.0135	0.0018	0.0083	0.0042	0.0170	0.0060	0.0112	0.0062	0.0213	0.0041	0.0036	0.0174	0.0115	0.0044	0.0049	0.0158	0.0134	0.0010	0.0015	0.0112	0.0103	0.0011	0.0139	0.0070	0.0143	0.0128	0.0155	0.0158	0.0020	0.0048	0.0092	0.0025	0.0060	0.0111	0.0051	0.0161	0.0094	0.0189	0.0166	0.0112	0.0201	0.0074	0.0114	0.0139	0.0088	0.0087	0.0138	0.0128	0.0141	0.0176	0.0199	0.0105	0.0140	0.0208	0.0165	0.0120	0.0087	0.0011	0.0095	0.0047	
0.0116	0.0197	0.0051	0.0208	0.0166	0.0012	0.0135	0.0016	0.0232	0.0075	0.0055	0.0184	0.0033	0.0111	0.0188	0.0027	0.0129	0.0014	0.0248	0.0082	0.0011	0.0059	0.0023	0.0037	0.0077	0.0234	0.0117	0.0094	0.0196	0.0165	0.0144	0.0102	0.0098	0.0166	0.0030	0.0055	0.0049	0.0221	0.0246	0.0107	0.0229	0.0143	0.0165	0.0108	0.0196	0.0041	0.0123	0.0051	0.0055	0.0153	0.0024	0.0103	0.0036	0.0051	0.0046	0.0070	0.0166	0.0015	0.0111	0.0195	0.0134	0.0047	0.0095	0.0066	0.0199	0.0181	0.0101	0.0115	0.0082	0.0132	0.0251	0.0171	0.0035	0.0151	0.0111	0.0134	0.0167	0.0167	0.0109	0.0044	0.0125	0.0064	0.0031	0.0004	0.0164	0.0037	0.0072	0.0047	0.0134	0.0246	
0.0117	0.0028	0.0087	0.0031	0.0161	0.0160	0.0040	0.0083	0.0137	0.0197	0.0156	0.0005	0.0169	0.0139	0.0152	0.0086	0.0047	0.0117	0.0170	0.0154	0.0155	0.0206	0.0134	0.0044	0.0062	0.0071	0.0015	0.0076	0.0135	0.0124	0.0116	0.0039	0.0187	0.0096	0.0198	0.0157	0.0053	0.0215	0.0171	0.0162	0.0071	0.0040	0.0219	0.0104	0.0096	0.0106	0.0091	0.0082	0.0053	0.0032	0.0202	0.0159	0.0089	0.0173	0.0036	0.0130	0.0096	0.0038	0.0179	0.0107	0.0120	0.0170	0.0155	0.0003	0.0081	0.0096	0.0028	0.0081	0.0140	0.0192	0.0046	0.0048	0.0177	0.0007	0.0083	0.0106	0.0232	0.0035	0.0161	0.0173	0.0203	0.0128	0.0025	0.0097	0.0162	0.0177	0.0175	0.0008	0.0064	0.0075	
0.0057	0.0010	0.0036	0.0059	0.0023	0.0114	0.0089	0.0199	0.0013	0.0186	0.0062	0.0013	0.0137	0.0051	0.0201	0.0139	0.0178	0.0079	0.0107	0.0152	0.0144	0.0072	0.0083	0.0187	0.0113	0.0212	0.0152	0.0077	0.0066	0.0118	0.0178	0.0019	0.0004	0.0082	0.0150	0.0033	0.0015	0.0129	0.0216	0.0201	0.0017	0.0220	0.0020	0.0196	0.0134	0.0199	0.0219	0.0174	0.0095	0.0009	0.0221	0.0096	0.0124	0.0132	0.0148	0.0204	0.0136	0.0052	0.0152	0.0030	0.0153	0.0011	0.0144	0.0104	0.0022	0.0036	0.0011	0.0057	0.0103	0.0167	0.0139	0.0054	0.0104	0.0143	0.0137	0.0140	0.0060	0.0097	0.0072	0.0149	0.0219	0.0165	0.0198	0.0056	0.0144	0.0075	0.0114	0.0077	0.0144	0.0171	
0.0099	0.0168	0.0184	0.0159	0.0018	0.0005	0.0068	0.0134	0.0169	0.0076	0.0148	0.0133	0.0059	0.0120	0.0085	0.0136	0.0179	0.0184	0.0004	0.0019	0.0154	0.0047	0.0175	0.0170	0.0030	0.0200	0.0030	0.0094	0.0172	0.0149	0.0142	0.0125	0.0101	0.0152	0.0067	0.0147	0.0074	0.0147	0.0103	0.0119	0.0070	0.0118	0.0128	0.0206	0.0207	0.0056	0.0111	0.0055	0.0162	0.0157	0.0087	0.0122	0.0074	0.0120	0.0010	0.0057	0.0174	0.0190	0.0125	0.0034	0.0152	0.0175	0.0151	0.0015	0.0130	0.0019	0.0040	0.0115	0.0051	0.0122	0.0078	0.0042	0.0088	0.0094	0.0164	0.0018	0.0139	0.0196	0.0182	0.0175	0.0088	0.0174	0.0143	0.0174	0.0073	0.0018	0.0065	0.0155	0.0144	0.0014	
0.0181	0.0079	0.0018	0.0087	0.0151	0.0114	0.0169	0.0115	0.0054	0.0189	0.0010	0.0008	0.0002	0.0029	0.0123	0.0042	0.0029	0.0207	0.0198	0.0217	0.0154	0.0220	0.0012	0.0150	0.0155	0.0006	0.0046	0.0236	0.0173	0.0127	0.0200	0.0061	0.0167	0.0043	0.0173	0.0005	0.0033	0.0020	0.0164	0.0073	0.0076	0.0017	0.0152	0.0018	0.0203	0.0090	0.0194	0.0109	0.0060	0.0026	0.0226	0.0086	0.0012	0.0180	0.0093	0.0193	0.0064	0.0081	0.0141	0.0148	0.0050	0.0168	0.0177	0.0156	0.0010	0.0143	0.0065	0.0190	0.0069	0.0117	0.0013	0.0008	0.0053	0.0131	0.0144	0.0132	0.0081	0.0219	0.0190	0.0081	0.0045	0.0144	0.0166	0.0140	0.0155	0.0102	0.0054	0.0196	0.0170	0.0220	
0.0183	0.0210	0.0122	0.0006	0.0013	0.0162	0.0076	0.0012	0.0009	0.0029	0.0017	0.0010	0.0040	0.0184	0.0022	0.0229	0.0031	0.0123	0.0045	0.0239	0.0158	0.0082	0.0139	0.0054	0.0120	0.0154	0.0015	0.0058	0.0272	0.0144	0.0144	0.0085	0.0001	0.0103	0.0217	0.0070	0.0163	0.0057	0.0145	0.0023	0.0088	0.0073	0.0255	0.0200	0.0089	0.0043	0.0145	0.0240	0.0134	0.0156	0.0091	0.0217	0.0211	0.0231	0.0096	0.0116	0.0061	0.0066	0.0143	0.0136	0.0117	0.0011	0.0019	0.0128	0.0143	0.0150	0.0011	0.0221	0.0204	0.0195	0.0101	0.0229	0.0001	0.0024	0.0150	0.0072	0.0110	0.0212	0.0221	0.0087	0.0008	0.0014	0.0196	0.0061	0.0074	0.0197	0.0156	0.0013	0.0011	0.0107	
0.0008	0.0079	0.0171	0.0003	0.0146	0.0078	0.0052	0.0128	0.0036	0.0157	0.0026	0.0187	0.0023	0.0177	0.0095	0.0102	0.0190	0.0180	0.0105	0.0031	0.0014	0.0130	0.0087	0.0040	0.0111	0.0114	0.0085	0.0231	0.0051	0.0212	0.0038	0.0240	0.0173	0.0124	0.0198	0.0015	0.0063	0.0263	0.0130	0.0072	0.0019	0.0219	0.0162	0.0079	0.0069	0.0065	0.0259	0.0003	0.0208	0.0184	0.0005	0.0241	0.0166	0.0230	0.0084	0.0149	0.0243	0.0131	0.0142	0.0040	0.0198	0.0084	0.0079	0.0083	0.0115	0.0024	0.0028	0.0165	0.0211	0.0080	0.0049	0.0185	0.0055	0.0038	0.0013	0.0044	0.0242	0.0011	0.0233	0.0056	0.0128	0.0079	0.0007	0.0083	0.0223	0.0064	0.0087	0.0175	0.0045	0.0057	
0.0022	0.0163	0.0100	0.0082	0.0075	0.0176	0.0130	0.0077	0.0194	0.0032	0.0029	0.0079	0.0018	0.0113	0.0144	0.0057	0.0154	0.0116	0.0207	0.0041	0.0166	0.0218	0.0134	0.0069	0.0142	0.0152	0.0070	0.0002	0.0114	0.0045	0.0191	0.0069	0.0093	0.0148	0.0050	0.0111	0.0076	0.0201	0.0196	0.0076	0.0149	0.0118	0.0047	0.0175	0.0026	0.0020	0.0057	0.0112	0.0155	0.0106	0.0142	0.0199	0.0198	0.0003	0.0112	0.0045	0.0018	0.0025	0.0154	0.0170	0.0086	0.0120	0.0200	0.0164	0.0076	0.0145	0.0001	0.0091	0.0059	0.0042	0.0235	0.0177	0.0168	0.0141	0.0136	0.0040	0.0177	0.0216	0.0050	0.0127	0.0096	0.0170	0.0086	0.0222	0.0149	0.0229	0.0110	0.0078	0.0039	0.0007	
0.0085	0.0048	0.0043	0.0023	0.0198	0.0016	0.0159	0.0128	0.0094	0.0078	0.0018	0.0169	0.0049	0.0096	0.0125	0.0161	0.0026	0.0073	0.0112	0.0089	0.0118	0.0054	0.0201	0.0016	0.0065	0.0157	0.0042	0.0219	0.0005	0.0086	0.0078	0.0121	0.0044	0.0053	0.0181	0.0169	0.0155	0.0142	0.0170	0.0118	0.0125	0.0035	0.0105	0.0205	0.0130	0.0140	0.0133	0.0195	0.0079	0.0156	0.0201	0.0032	0.0210	0.0185	0.0118	0.0037	0.0064	0.0024	0.0185	0.0060	0.0191	0.0158	0.0122	0.0003	0.0004	0.0085	0.0147	0.0243	0.0132	0.0176	0.0036	0.0108	0.0152	0.0253	0.0210	0.0079	0.0204	0.0002	0.0121	0.0166	0.0020	0.0052	0.0151	0.0044	0.0138	0.0047	0.0173	0.0075	0.0148	0.0154	
0.0094	0.0119	0.0176	0.0097	0.0125	0.0198	0.0142	0.0090	0.0187	0.0015	0.0178	0.0114	0.0059	0.0098	0.0145	0.0069	0.0098	0.0199	0.0224	0.0051	0.0087	0.0065	0.0123	0.0203	0.0034	0.0144	0.0017	0.0082	0.0104	0.0168	0.0179	0.0063	0.0056	0.0002	0.0086	0.0130	0.0162	0.0056	0.0086	0.0010	0.0170	0.0084	0.0032	0.0109	0.0219	0.0124	0.0220	0.0033	0.0106	0.0043	0.0168	0.0181	0.0087	0.0104	0.0059	0.0034	0.0201	0.0177	0.0056	0.0217	0.0143	0.0053	0.0199	0.0009	0.0066	0.0099	0.0071	0.0066	0.0016	0.0014	0.0151	0.0045	0.0128	0.0229	0.0114	0.0223	0.0040	0.0014	0.0014	0.0139	0.0155	0.0189	0.0203	0.0048	0.0025	0.0218	0.0208	0.0153	0.0152	0.0056	
0.0137	0.0194	0.0001	0.0093	0.0066	0.0118	0.0095	0.0022	0.0036	0.0085	0.0035	0.0134	0.0017	0.0087	0.0123	0.0104	0.0034	0.0093	0.0228	0.0068	0.0240	0.0199	0.0169	0.0114	0.0060	0.0188	0.0082	0.0173	0.0216	0.0067	0.0148	0.0111	0.0114	0.0168	0.0090	0.0163	0.0051	0.0042	0.0148	0.0005	0.0139	0.0013	0.0204	0.0152	0.0120	0.0245	0.0189	0.0093	0.0136	0.0106	0.0192	0.0114	0.0174	0.0093	0.0053	0.0169	0.0018	0.0092	0.0023	0.0115	0.0022	0.0136	0.0035	0.0207	0.0153	0.0109	0.0036	0.0059	0.0002	0.0163	0.0068	0.0201	0.0180	0.0242	0.0166	0.0211	0.0004	0.0020	0.0014	0.0068	0.0229	0.0186	0.0038	0.0075	0.0116	0.0031	0.0179	0.0017	0.0120	0.0153	
0.0135	0.0174	0.0017	0.0027	0.0176	0.0214	0.0180	0.0011	0.0177	0.0179	0.0159	0.0111	0.0092	0.0145	0.0061	0.0169	0.0131	0.0158	0.0164	0.0067	0.0164	0.0000	0.0077	0.0145	0.0097	0.0044	0.0098	0.0188	0.0069	0.0112	0.0193	0.0015	0.0139	0.0064	0.0020	0.0101	0.0188	0.0151	0.0014	0.0170	0.0009	0.0216	0.0038	0.0035	0.0119	0.0091	0.0094	0.0071	0.0001	0.0110	0.0109	0.0222	0.0075	0.0058	0.0193	0.0139	0.0083	0.0064	0.0134	0.0130	0.0096	0.0008	0.0148	0.0065	0.0013	0.0131	0.0193	0.0023	0.0129	0.0155	0.0216	0.0180	0.0152	0.0221	0.0058	0.0172	0.0195	0.0042	0.0048	0.0025	0.0172	0.0018	0.0182	0.0158	0.0028	0.0184	0.0151	0.0075	0.0083	0.0092	
0.0019	0.0130	0.0024	0.0085	0.0054	0.0002	0.0049	0.0181	0.0022	0.0175	0.0098	0.0068	0.0139	0.0040	0.0140	0.0121	0.0057	0.0081	0.0226	0.0032	0.0198	0.0046	0.0017	0.0096	0.0180	0.0085	0.0041	0.0006	0.0032	0.0044	0.0234	0.0110	0.0158	0.0059	0.0149	0.0086	0.0174	0.0082	0.0164	0.0063	0.0115	0.0206	0.0019	0.0084	0.0159	0.0099	0.0101	0.0135	0.0002	0.0103	0.0137	0.0085	0.0081	0.0063	0.0108	0.0186	0.0110	0.0142	0.0094	0.0173	0.0159	0.0044	0.0177	0.0207	0.0178	0.0161	0.0140	0.0077	0.0096	0.0062	0.0179	0.0188	0.0150	0.0168	0.0135	0.0221	0.0030	0.0149	0.0171	0.0102	0.0218	0.0107	0.0004	0.0140	0.0141	0.0138	0.0043	0.0087	0.0166	0.0193	
0.0173	0.0033	0.0200	0.0183	0.0091	0.0068	0.0033	0.0044	0.0122	0.0174	0.0164	0.0015	0.0028	0.0137	0.0148	0.0136	0.0147	0.0131	0.0144	0.0122	0.0166	0.0177	0.0170	0.0167	0.0175	0.0058	0.0041	0.0037	0.0049	0.0043	0.0145	0.0045	0.0120	0.0125	0.0082	0.0126	0.0199	0.0171	0.0060	0.0065	0.0176	0.0190	0.0016	0.0196	0.0169	0.0204	0.0091	0.0059	0.0182	0.0158	0.0194	0.0121	0.0149	0.0052	0.0012	0.0011	0.0054	0.0009	0.0193	0.0042	0.0022	0.0198	0.0204	0.0089	0.0034	0.0088	0.0104	0.0102	0.0058	0.0032	0.0179	0.0174	0.0076	0.0081	0.0164	0.0180	0.0175	0.0226	0.0031	0.0009	0.0195	0.0173	0.0080	0.0069	0.0069	0.0021	0.0116	0.0058	0.0118	0.0078	
0.0067	0.0195	0.0187	0.0018	0.0039	0.0177	0.0196	0.0149	0.0161	0.0056	0.0078	0.0189	0.0207	0.0132	0.0026	0.0000	0.0045	0.0086	0.0114	0.0049	0.0065	0.0076	0.0185	0.0182	0.0069	0.0050	0.0129	0.0147	0.0012	0.0017	0.0224	0.0042	0.0195	0.0189	0.0179	0.0207	0.0005	0.0063	0.0037	0.0211	0.0194	0.0011	0.0038	0.0185	0.0161	0.0206	0.0210	0.0157	0.0042	0.0060	0.0208	0.0030	0.0172	0.0087	0.0012	0.0001	0.0213	0.0001	0.0157	0.0207	0.0041	0.0057	0.0152	0.0157	0.0058	0.0023	0.0020	0.0009	0.0162	0.0043	0.0225	0.0200	0.0052	0.0137	0.0072	0.0054	0.0037	0.0232	0.0038	0.0092	0.0074	0.0179	0.0102	0.0174	0.0042	0.0190	0.0090	0.0099	0.0189	0.0191	
0.0180	0.0004	0.0111	0.0046	0.0138	0.0141	0.0081	0.0098	0.0124	0.0119	0.0162	0.0162	0.0188	0.0187	0.0066	0.0201	0.0191	0.0043	0.0015	0.0172	0.0188	0.0203	0.0172	0.0053	0.0120	0.0067	0.0168	0.0202	0.0108	0.0079	0.0164	0.0121	0.0030	0.0184	0.0055	0.0195	0.0076	0.0005	0.0194	0.0158	0.0182	0.0142	0.0077	0.0118	0.0145	0.0110	0.0210	0.0099	0.0084	0.0036	0.0209	0.0046	0.0083	0.0017	0.0203	0.0197	0.0039	0.0059	0.0124	0.0076	0.0148	0.0097	0.0003	0.0045	0.0175	0.0029	0.0146	0.0206	0.0130	0.0073	0.0141	0.0179	0.0069	0.0081	0.0206	0.0040	0.0145	0.0052	0.0127	0.0030	0.0079	0.0060	0.0107	0.0063	0.0104	0.0105	0.0051	0.0012	0.0001	0.0072	
0.0162	0.0014	0.0097	0.0117	0.0190	0.0089	0.0146	0.0037	0.0156	0.0109	0.0167	0.0006	0.0169	0.0009	0.0123	0.0013	0.0196	0.0006	0.0024	0.0182	0.0077	0.0214	0.0145	0.0087	0.0006	0.0112	0.0218	0.0168	0.0174	0.0077	0.0220	0.0133	0.0206	0.0080	0.0132	0.0123	0.0101	0.0187	0.0108	0.0143	0.0126	0.0099	0.0118	0.0027	0.0091	0.0080	0.0124	0.0097	0.0154	0.0078	0.0146	0.0053	0.0213	0.0045	0.0213	0.0191	0.0086	0.0009	0.0106	0.0091	0.0071	0.0197	0.0098	0.0083	0.0122	0.0022	0.0022	0.0094	0.0087	0.0001	0.0148	0.0013	0.0128	0.0117	0.0061	0.0197	0.0100	0.0123	0.0006	0.0147	0.0225	0.0112	0.0006	0.0068	0.0173	0.0150	0.0153	0.0145	0.0085	0.0175	
0.0039	0.0090	0.0077	0.0016	0.0052	0.0155	0.0233	0.0042	0.0122	0.0060	0.0049	0.0029	0.0002	0.0150	0.0169	0.0119	0.0146	0.0102	0.0220	0.0028	0.0102	0.0192	0.0004	0.0162	0.0093	0.0200	0.0207	0.0038	0.0142	0.0190	0.0106	0.0078	0.0225	0.0142	0.0185	0.0053	0.0172	0.0114	0.0061	0.0152	0.0213	0.0051	0.0001	0.0173	0.0116	0.0210	0.0119	0.0069	0.0115	0.0035	0.0006	0.0055	0.0177	0.0062	0.0074	0.0076	0.0081	0.0125	0.0147	0.0088	0.0145	0.0186	0.0129	0.0166	0.0177	0.0160	0.0034	0.0080	0.0176	0.0118	0.0205	0.0036	0.0048	0.0072	0.0057	0.0046	0.0212	0.0060	0.0064	0.0131	0.0084	0.0120	0.0156	0.0098	0.0206	0.0047	0.0139	0.0145	0.0074	0.0116	
0.0194	0.0036	0.0199	0.0236	0.0212	0.0013	0.0149	0.0079	0.0213	0.0154	0.0161	0.0042	0.0110	0.0208	0.0078	0.0205	0.0004	0.0120	0.0009	0.0034	0.0129	0.0028	0.0070	0.0005	0.0009	0.0040	0.0041	0.0046	0.0204	0.0137	0.0066	0.0097	0.0248	0.0081	0.0164	0.0171	0.0077	0.0085	0.0096	0.0051	0.0142	0.0126	0.0080	0.0151	0.0244	0.0042	0.0027	0.0171	0.0019	0.0001	0.0049	0.0029	0.0169	0.0052	0.0000	0.0180	0.0209	0.0203	0.0214	0.0171	0.0192	0.0107	0.0138	0.0081	0.0095	0.0049	0.0050	0.0022	0.0055	0.0146	0.0145	0.0160	0.0031	0.0221	0.0141	0.0000	0.0217	0.0158	0.0019	0.0201	0.0016	0.0096	0.0025	0.0209	0.0112	0.0034	0.0183	0.0183	0.0087	0.0249	
0.0174	0.0105	0.0108	0.0142	0.0067	0.0027	0.0203	0.0006	0.0055	0.0159	0.0214	0.0004	0.0100	0.0095	0.0095	0.0106	0.0220	0.0184	0.0144	0.0000	0.0219	0.0049	0.0162	0.0199	0.0141	0.0099	0.0078	0.0175	0.0204	0.0054	0.0113	0.0087	0.0164	0.0064	0.0168	0.0018	0.0039	0.0115	0.0126	0.0106	0.0015	0.0170	0.0084	0.0078	0.0220	0.0010	0.0226	0.0137	0.0074	0.0172	0.0035	0.0220	0.0028	0.0082	0.0204	0.0142	0.0154	0.0120	0.0203	0.0192	0.0145	0.0035	0.0039	0.0240	0.0051	0.0091	0.0066	0.0036	0.0132	0.0078	0.0080	0.0102	0.0070	0.0044	0.0215	0.0044	0.0199	0.0090	0.0004	0.0135	0.0109	0.0144	0.0095	0.0217	0.0026	0.0120	0.0068	0.0070	0.0071	0.0028	
0.0067	0.0131	0.0113	0.0146	0.0130	0.0189	0.0121	0.0071	0.0025	0.0084	0.0141	0.0144	0.0186	0.0177	0.0112	0.0128	0.0122	0.0176	0.0094	0.0162	0.0178	0.0060	0.0114	0.0047	0.0070	0.0011	0.0145	0.0051	0.0178	0.0120	0.0044	0.0172	0.0169	0.0099	0.0200	0.0141	0.0186	0.0130	0.0113	0.0008	0.0125	0.0095	0.0053	0.0114	0.0202	0.0149	0.0152	0.0089	0.0067	0.0072	0.0196	0.0082	0.0192	0.0108	0.0061	0.0011	0.0013	0.0069	0.0059	0.0122	0.0034	0.0065	0.0101	0.0095	0.0042	0.0130	0.0198	0.0089	0.0166	0.0163	0.0170	0.0195	0.0092	0.0091	0.0039	0.0080	0.0013	0.0203	0.0062	0.0133	0.0067	0.0043	0.0188	0.0098	0.0163	0.0172	0.0012	0.0053	0.0045	0.0210	
0.0127	0.0121	0.0072	0.0204	0.0172	0.0061	0.0185	0.0157	0.0070	0.0033	0.0135	0.0061	0.0109	0.0085	0.0128	0.0187	0.0194	0.0107	0.0079	0.0194	0.0000	0.0024	0.0003	0.0104	0.0060	0.0190	0.0090	0.0017	0.0141	0.0073	0.0170	0.0138	0.0039	0.0004	0.0041	0.0052	0.0134	0.0130	0.0121	0.0213	0.0095	0.0052	0.0125	0.0034	0.0018	0.0002	0.0156	0.0093	0.0161	0.0149	0.0208	0.0128	0.0197	0.0065	0.0200	0.0107	0.0113	0.0171	0.0120	0.0172	0.0158	0.0175	0.0040	0.0230	0.0094	0.0168	0.0029	0.0108	0.0048	0.0080	0.0067	0.0060	0.0210	0.0098	0.0106	0.0173	0.0129	0.0175	0.0095	0.0060	0.0045	0.0172	0.0062	0.0178	0.0103	0.0033	0.0166	0.0180	0.0017	0.0152	
0.0157	0.0191	0.0017	0.0152	0.0016	0.0144	0.0010	0.0136	0.0160	0.0034	0.0198	0.0049	0.0046	0.0080	0.0125	0.0138	0.0136	0.0108	0.0192	0.0038	0.0001	0.0154	0.0088	0.0048	0.0157	0.0212	0.0132	0.0100	0.0115	0.0062	0.0028	0.0054	0.0098	0.0122	0.0151	0.0115	0.0054	0.0086	0.0089	0.0228	0.0173	0.0220	0.0028	0.0068	0.0108	0.0246	0.0178	0.0201	0.0047	0.0168	0.0137	0.0085	0.0020	0.0218	0.0152	0.0010	0.0092	0.0192	0.0208	0.0036	0.0003	0.0143	0.0031	0.0109	0.0008	0.0123	0.0186	0.0148	0.0149	0.0015	0.0097	0.0048	0.0025	0.0215	0.0103	0.0022	0.0145	0.0020	0.0180	0.0167	0.0040	0.0138	0.0050	0.0157	0.0175	0.0184	0.0041	0.0109	0.0203	0.0157	
0.0026	0.0098	0.0127	0.0053	0.0227	0.0026	0.0207	0.0180	0.0068	0.0216	0.0036	0.0029	0.0049	0.0033	0.0113	0.0084	0.0060	0.0054	0.0126	0.0154	0.0131	0.0084	0.0017	0.0021	0.0002	0.0096	0.0113	0.0133	0.0192	0.0067	0.0118	0.0077	0.0177	0.0020	0.0244	0.0003	0.0195	0.0239	0.0256	0.0091	0.0087	0.0219	0.0214	0.0246	0.0172	0.0010	0.0121	0.0018	0.0043	0.0081	0.0141	0.0261	0.0001	0.0087	0.0036	0.0208	0.0077	0.0102	0.0049	0.0147	0.0145	0.0071	0.0001	0.0285	0.0098	0.0171	0.0108	0.0033	0.0039	0.0109	0.0174	0.0080	0.0066	0.0039	0.0071	0.0159	0.0142	0.0031	0.0116	0.0237	0.0249	0.0087	0.0088	0.0083	0.0202	0.0119	0.0086	0.0078	0.0229	0.0045	
0.0135	0.0065	0.0145	0.0091	0.0132	0.0007	0.0200	0.0163	0.0112	0.0169	0.0118	0.0061	0.0176	0.0143	0.0148	0.0038	0.0137	0.0162	0.0020	0.0120	0.0068	0.0038	0.0214	0.0041	0.0119	0.0068	0.0196	0.0139	0.0053	0.0174	0.0111	0.0016	0.0037	0.0191	0.0161	0.0067	0.0142	0.0179	0.0112	0.0051	0.0166	0.0146	0.0126	0.0136	0.0085	0.0135	0.0096	0.0119	0.0124	0.0093	0.0165	0.0108	0.0057	0.0079	0.0178	0.0108	0.0061	0.0104	0.0175	0.0081	0.0019	0.0035	0.0110	0.0137	0.0060	0.0090	0.0033	0.0212	0.0173	0.0078	0.0128	0.0179	0.0083	0.0211	0.0174	0.0137	0.0142	0.0073	0.0157	0.0015	0.0184	0.0061	0.0027	0.0162	0.0043	0.0006	0.0179	0.0150	0.0021	0.0056	
0.0002	0.0028	0.0016	0.0020	0.0034	0.0145	0.0026	0.0257	0.0079	0.0215	0.0106	0.0116	0.0151	0.0039	0.0217	0.0192	0.0012	0.0100	0.0153	0.0070	0.0218	0.0004	0.0139	0.0153	0.0120	0.0202	0.0012	0.0216	0.0102	0.0075	0.0167	0.0081	0.0197	0.0163	0.0093	0.0112	0.0205	0.0081	0.0169	0.0048	0.0131	0.0144	0.0001	0.0244	0.0171	0.0087	0.0169	0.0221	0.0191	0.0068	0.0242	0.0103	0.0031	0.0206	0.0076	0.0249	0.0108	0.0084	0.0129	0.0099	0.0109	0.0055	0.0141	0.0004	0.0042	0.0003	0.0167	0.0243	0.0179	0.0117	0.0015	0.0160	0.0169	0.0110	0.0198	0.0060	0.0004	0.0186	0.0005	0.0042	0.0030	0.0022	0.0037	0.0019	0.0082	0.0064	0.0066	0.0201	0.0087	0.0094	
0.0187	0.0092	0.0152	0.0074	0.0134	0.0060	0.0014	0.0202	0.0162	0.0137	0.0123	0.0127	0.0035	0.0041	0.0050	0.0049	0.0151	0.0142	0.0018	0.0020	0.0210	0.0168	0.0069	0.0073	0.0048	0.0093	0.0017	0.0100	0.0151	0.0182	0.0166	0.0138	0.0116	0.0069	0.0107	0.0124	0.0211	0.0067	0.0166	0.0101	0.0040	0.0005	0.0183	0.0073	0.0128	0.0090	0.0194	0.0178	0.0175	0.0008	0.0105	0.0116	0.0174	0.0057	0.0079	0.0041	0.0018	0.0071	0.0019	0.0052	0.0035	0.0112	0.0058	0.0198	0.0168	0.0132	0.0031	0.0182	0.0121	0.0123	0.0066	0.0084	0.0201	0.0137	0.0198	0.0198	0.0204	0.0222	0.0159	0.0164	0.0114	0.0027	0.0140	0.0140	0.0096	0.0049	0.0193	0.0050	0.0181	0.0069	
0.0113	0.0152	0.0051	0.0134	0.0062	0.0156	0.0166	0.0002	0.0104	0.0180	0.0055	0.0021	0.0064	0.0035	0.0174	0.0012	0.0147	0.0066	0.0094	0.0110	0.0070	0.0025	0.0130	0.0052	0.0153	0.0013	0.0209	0.0168	0.0108	0.0142	0.0236	0.0197	0.0211	0.0072	0.0030	0.0167	0.0050	0.0110	0.0076	0.0076	0.0050	0.0222	0.0123	0.0008	0.0157	0.0109	0.0223	0.0125	0.0205	0.0083	0.0170	0.0164	0.0217	0.0121	0.0014	0.0101	0.0012	0.0243	0.0197	0.0050	0.0149	0.0023	0.0145	0.0208	0.0209	0.0074	0.0056	0.0228	0.0007	0.0011	0.0215	0.0030	0.0238	0.0022	0.0059	0.0091	0.0153	0.0123	0.0147	0.0062	0.0047	0.0084	0.0183	0.0006	0.0001	0.0063	0.0230	0.0090	0.0067	0.0190	
0.0145	0.0054	0.0152	0.0024	0.0134	0.0029	0.0079	0.0167	0.0039	0.0070	0.0049	0.0200	0.0112	0.0193	0.0126	0.0120	0.0166	0.0190	0.0060	0.0174	0.0218	0.0127	0.0097	0.0117	0.0010	0.0086	0.0089	0.0142	0.0204	0.0133	0.0095	0.0182	0.0163	0.0070	0.0094	0.0149	0.0122	0.0211	0.0136	0.0036	0.0011	0.0216	0.0088	0.0072	0.0020	0.0067	0.0227	0.0200	0.0116	0.0091	0.0148	0.0050	0.0033	0.0143	0.0202	0.0031	0.0187	0.0029	0.0012	0.0056	0.0162	0.0175	0.0222	0.0155	0.0212	0.0066	0.0069	0.0042	0.0097	0.0211	0.0015	0.0194	0.0074	0.0025	0.0166	0.0248	0.0046	0.0027	0.0106	0.0178	0.0117	0.0104	0.0026	0.0088	0.0009	0.0041	0.0179	0.0013	0.0103	0.0067	
0.0160	0.0080	0.0169	0.0065	0.0081	0.0065	0.0194	0.0165	0.0078	0.0162	0.0217	0.0149	0.0092	0.0109	0.0088	0.0159	0.0211	0.0010	0.0211	0.0194	0.0219	0.0160	0.0141	0.0052	0.0155	0.0060	0.0138	0.0136	0.0128	0.0156	0.0145	0.0047	0.0164	0.0040	0.0025	0.0161	0.0008	0.0004	0.0159	0.0086	0.0006	0.0083	0.0157	0.0145	0.0197	0.0168	0.0012	0.0126	0.0198	0.0059	0.0065	0.0160	0.0026	0.0127	0.0064	0.0025	0.0156	0.0125	0.0108	0.0024	0.0119	0.0074	0.0062	0.0141	0.0028	0.0132	0.0005	0.0051	0.0081	0.0152	0.0162	0.0195	0.0082	0.0133	0.0192	0.0133	0.0230	0.0215	0.0089	0.0013	0.0051	0.0015	0.0144	0.0052	0.0112	0.0202	0.0026	0.0032	0.0195	0.0000	
0.0006	0.0117	0.0127	0.0146	0.0175	0.0154	0.0026	0.0032	0.0140	0.0037	0.0189	0.0185	0.0037	0.0051	0.0144	0.0092	0.0091	0.0138	0.0172	0.0174	0.0034	0.0186	0.0039	0.0100	0.0196	0.0142	0.0164	0.0011	0.0026	0.0048	0.0150	0.0185	0.0086	0.0093	0.0165	0.0056	0.0086	0.0185	0.0220	0.0054	0.0113	0.0201	0.0091	0.0055	0.0095	0.0103	0.0245	0.0109	0.0154	0.0022	0.0152	0.0148	0.0108	0.0046	0.0192	0.0076	0.0075	0.0025	0.0166	0.0039	0.0210	0.0016	0.0009	0.0099	0.0136	0.0170	0.0117	0.0183	0.0120	0.0097	0.0013	0.0148	0.0186	0.0124	0.0063	0.0076	0.0085	0.0249	0.0015	0.0111	0.0164	0.0057	0.0103	0.0263	0.0156	0.0001	0.0100	0.0034	0.0132	0.0092	
0.0189	0.0057	0.0012	0.0165	0.0052	0.0097	0.0186	0.0212	0.0146	0.0121	0.0190	0.0033	0.0197	0.0042	0.0011	0.0212	0.0193	0.0209	0.0215	0.0128	0.0234	0.0083	0.0010	0.0043	0.0103	0.0159	0.0142	0.0008	0.0179	0.0114	0.0099	0.0074	0.0043	0.0034	0.0111	0.0172	0.0128	0.0227	0.0057	0.0202	0.0117	0.0078	0.0057	0.0112	0.0142	0.0121	0.0077	0.0051	0.0208	0.0117	0.0026	0.0107	0.0048	0.0214	0.0086	0.0120	0.0043	0.0186	0.0044	0.0120	0.0153	0.0167	0.0052	0.0029	0.0029	0.0099	0.0214	0.0184	0.0136	0.0052	0.0105	0.0193	0.0166	0.0019	0.0014	0.0146	0.0031	0.0121	0.0129	0.0005	0.0086	0.0079	0.0021	0.0027	0.0104	0.0214	0.0034	0.0040	0.0163	0.0228	
0.0127	0.0164	0.0179	0.0169	0.0019	0.0177	0.0023	0.0029	0.0084	0.0015	0.0113	0.0115	0.0116	0.0149	0.0041	0.0044	0.0150	0.0028	0.0227	0.0185	0.0101	0.0150	0.0056	0.0034	0.0035	0.0092	0.0157	0.0030	0.0155	0.0034	0.0095	0.0153	0.0226	0.0150	0.0146	0.0164	0.0024	0.0010	0.0253	0.0081	0.0131	0.0233	0.0038	0.0123	0.0127	0.0208	0.0198	0.0082	0.0221	0.0043	0.0066	0.0006	0.0060	0.0003	0.0121	0.0212	0.0091	0.0140	0.0127	0.0164	0.0009	0.0215	0.0100	0.0053	0.0140	0.0136	0.0134	0.0202	0.0010	0.0092	0.0028	0.0139	0.0031	0.0156	0.0055	0.0098	0.0130	0.0179	0.0139	0.0079	0.0131	0.0059	0.0050	0.0107	0.0215	0.0085	0.0123	0.0197	0.0037	0.0174	
0.0064	0.0106	0.0118	0.0067	0.0066	0.0124	0.0115	0.0218	0.0195	0.0185	0.0047	0.0007	0.0076	0.0108	0.0028	0.0139	0.0222	0.0160	0.0187	0.0034	0.0099	0.0182	0.0210	0.0033	0.0034	0.0183	0.0164	0.0007	0.0077	0.0073	0.0052	0.0128	0.0161	0.0072	0.0029	0.0165	0.0032	0.0199	0.0075	0.0162	0.0201	0.0125	0.0195	0.0188	0.0049	0.0125	0.0242	0.0169	0.0074	0.0055	0.0118	0.0207	0.0039	0.0007	0.0060	0.0136	0.0111	0.0087	0.0028	0.0124	0.0169	0.0105	0.0167	0.0129	0.0128	0.0105	0.0088	0.0002	0.0075	0.0106	0.0120	0.0008	0.0091	0.0032	0.0064	0.0209	0.0208	0.0028	0.0228	0.0139	0.0196	0.0004	0.0161	0.0012	0.0204	0.0086	0.0108	0.0139	0.0012	0.0132	
0.0034	0.0162	0.0140	0.0166	0.0159	0.0081	0.0184	0.0064	0.0060	0.0133	0.0022	0.0172	0.0075	0.0160	0.0153	0.0089	0.0103	0.0009	0.0159	0.0084	0.0153	0.0073	0.0086	0.0091	0.0129	0.0160	0.0153	0.0123	0.0144	0.0038	0.0015	0.0149	0.0194	0.0150	0.0058	0.0143	0.0063	0.0119	0.0062	0.0193	0.0197	0.0110	0.0160	0.0054	0.0115	0.0194	0.0136	0.0175	0.0053	0.0072	0.0185	0.0093	0.0174	0.0128	0.0166	0.0169	0.0070	0.0054	0.0014	0.0010	0.0108	0.0062	0.0135	0.0022	0.0116	0.0055	0.0195	0.0123	0.0097	0.0011	0.0029	0.0188	0.0158	0.0190	0.0093	0.0035	0.0124	0.0028	0.0184	0.0154	0.0032	0.0167	0.0065	0.0052	0.0073	0.0127	0.0187	0.0062	0.0190	0.0102	
0.0076	0.0009	0.0109	0.0058	0.0061	0.0155	0.0194	0.0147	0.0147	0.0049	0.0199	0.0013	0.0074	0.0044	0.0059	0.0196	0.0146	0.0208	0.0043	0.0153	0.0061	0.0046	0.0075	0.0051	0.0181	0.0162	0.0001	0.0101	0.0174	0.0190	0.0091	0.0131	0.0137	0.0016	0.0150	0.0021	0.0097	0.0118	0.0142	0.0196	0.0071	0.0203	0.0104	0.0153	0.0217	0.0023	0.0126	0.0022	0.0216	0.0077	0.0232	0.0239	0.0030	0.0068	0.0047	0.0035	0.0152	0.0057	0.0080	0.0123	0.0127	0.0094	0.0208	0.0185	0.0180	0.0048	0.0101	0.0063	0.0103	0.0039	0.0124	0.0031	0.0086	0.0090	0.0085	0.0090	0.0190	0.0148	0.0075	0.0165	0.0041	0.0181	0.0109	0.0079	0.0226	0.0087	0.0118	0.0061	0.0181	0.0127	
0.0078	0.0033	0.0036	0.0002	0.0037	0.0197	0.0188	0.0141	0.0167	0.0130	0.0127	0.0053	0.0118	0.0139	0.0175	0.0164	0.0125	0.0156	0.0206	0.0174	0.0089	0.0014	0.0188	0.0102	0.0079	0.0153	0.0208	0.0140	0.0157	0.0089	0.0169	0.0032	0.0085	0.0000	0.0157	0.0073	0.0204	0.0079	0.0038	0.0110	0.0100	0.0008	0.0169	0.0143	0.0039	0.0207	0.0068	0.0139	0.0087	0.0024	0.0167	0.0168	0.0075	0.0008	0.0026	0.0063	0.0048	0.0127	0.0132	0.0087	0.0174	0.0062	0.0199	0.0087	0.0183	0.0086	0.0179	0.0124	0.0186	0.0106	0.0193	0.0044	0.0121	0.0097	0.0078	0.0080	0.0068	0.0046	0.0074	0.0101	0.0093	0.0046	0.0046	0.0138	0.0153	0.0215	0.0172	0.0071	0.0172	0.0107	
0.0028	0.0084	0.0167	0.0186	0.0124	0.0041	0.0019	0.0089	0.0172	0.0163	0.0002	0.0164	0.0170	0.0184	0.0065	0.0133	0.0042	0.0210	0.0164	0.0177	0.0009	0.0004	0.0068	0.0020	0.0012	0.0151	0.0021	0.0083	0.0168	0.0192	0.0167	0.0117	0.0163	0.0105	0.0098	0.0118	0.0111	0.0210	0.0210	0.0053	0.0068	0.0211	0.0098	0.0142	0.0125	0.0164	0.0126	0.0079	0.0075	0.0032	0.0201	0.0235	0.0173	0.0028	0.0107	0.0027	0.0013	0.0165	0.0167	0.0202	0.0014	0.0167	0.0172	0.0210	0.0018	0.0100	0.0012	0.0059	0.0092	0.0171	0.0021	0.0073	0.0016	0.0117	0.0108	0.0042	0.0157	0.0144	0.0133	0.0088	0.0036	0.0161	0.0241	0.0129	0.0037	0.0167	0.0184	0.0136	0.0012	0.0080	
0.0104	0.0188	0.0048	0.0229	0.0031	0.0136	0.0025	0.0131	0.0130	0.0006	0.0137	0.0056	0.0196	0.0126	0.0016	0.0103	0.0185	0.0050	0.0161	0.0067	0.0129	0.0094	0.0024	0.0054	0.0168	0.0077	0.0180	0.0062	0.0159	0.0071	0.0167	0.0095	0.0043	0.0032	0.0063	0.0068	0.0024	0.0035	0.0081	0.0225	0.0017	0.0006	0.0018	0.0130	0.0202	0.0233	0.0207	0.0085	0.0105	0.0127	0.0219	0.0148	0.0216	0.0181	0.0176	0.0013	0.0144	0.0209	0.0034	0.0192	0.0170	0.0194	0.0198	0.0061	0.0077	0.0025	0.0021	0.0184	0.0064	0.0163	0.0097	0.0146	0.0207	0.0187	0.0050	0.0119	0.0089	0.0144	0.0102	0.0194	0.0114	0.0076	0.0204	0.0004	0.0103	0.0014	0.0134	0.0083	0.0079	0.0055	
0.0155	0.0040	0.0002	0.0133	0.0035	0.0062	0.0038	0.0216	0.0047	0.0174	0.0196	0.0029	0.0022	0.0164	0.0070	0.0057	0.0172	0.0050	0.0155	0.0080	0.0201	0.0030	0.0126	0.0055	0.0089	0.0116	0.0003	0.0225	0.0221	0.0074	0.0159	0.0161	0.0094	0.0021	0.0034	0.0058	0.0188	0.0108	0.0160	0.0263	0.0097	0.0127	0.0098	0.0205	0.0035	0.0094	0.0071	0.0042	0.0193	0.0040	0.0099	0.0096	0.0214	0.0019	0.0124	0.0140	0.0159	0.0195	0.0032	0.0194	0.0050	0.0069	0.0009	0.0250	0.0023	0.0019	0.0190	0.0001	0.0120	0.0013	0.0153	0.0070	0.0162	0.0173	0.0256	0.0059	0.0212	0.0195	0.0026	0.0012	0.0045	0.0204	0.0037	0.0171	0.0256	0.0061	0.0233	0.0068	0.0141	0.0166	
0.0119	0.0202	0.0061	0.0203	0.0162	0.0019	0.0100	0.0105	0.0147	0.0009	0.0122	0.0051	0.0137	0.0133	0.0125	0.0017	0.0154	0.0047	0.0031	0.0063	0.0178	0.0206	0.0138	0.0014	0.0113	0.0085	0.0031	0.0095	0.0205	0.0173	0.0051	0.0088	0.0093	0.0179	0.0100	0.0139	0.0223	0.0169	0.0186	0.0193	0.0175	0.0056	0.0003	0.0014	0.0113	0.0222	0.0042	0.0094	0.0224	0.0154	0.0116	0.0147	0.0033	0.0067	0.0175	0.0130	0.0049	0.0044	0.0069	0.0082	0.0182	0.0010	0.0121	0.0208	0.0169	0.0019	0.0177	0.0166	0.0038	0.0194	0.0021	0.0188	0.0085	0.0065	0.0118	0.0117	0.0232	0.0141	0.0126	0.0132	0.0046	0.0135	0.0095	0.0017	0.0079	0.0131	0.0070	0.0023	0.0019	0.0198	
0.0086	0.0175	0.0093	0.0103	0.0189	0.0169	0.0154	0.0039	0.0051	0.0084	0.0012	0.0087	0.0056	0.0005	0.0155	0.0113	0.0053	0.0181	0.0176	0.0067	0.0155	0.0133	0.0137	0.0132	0.0039	0.0060	0.0140	0.0107	0.0110	0.0050	0.0190	0.0140	0.0139	0.0063	0.0115	0.0065	0.0116	0.0210	0.0088	0.0186	0.0193	0.0170	0.0080	0.0042	0.0138	0.0181	0.0090	0.0078	0.0067	0.0134	0.0071	0.0102	0.0074	0.0168	0.0042	0.0171	0.0030	0.0164	0.0054	0.0137	0.0016	0.0044	0.0147	0.0240	0.0119	0.0057	0.0175	0.0223	0.0090	0.0092	0.0015	0.0061	0.0111	0.0232	0.0106	0.0205	0.0064	0.0098	0.0015	0.0094	0.0198	0.0046	0.0040	0.0165	0.0215	0.0079	0.0085	0.0163	0.0025	0.0166	
0.0030	0.0147	0.0138	0.0152	0.0136	0.0128	0.0011	0.0072	0.0117	0.0051	0.0176	0.0080	0.0169	0.0153	0.0129	0.0001	0.0178	0.0070	0.0068	0.0061	0.0114	0.0137	0.0138	0.0136	0.0139	0.0174	0.0006	0.0202	0.0007	0.0042	0.0199	0.0169	0.0166	0.0131	0.0057	0.0067	0.0122	0.0157	0.0050	0.0176	0.0174	0.0180	0.0170	0.0159	0.0122	0.0089	0.0068	0.0062	0.0208	0.0154	0.0089	0.0005	0.0101	0.0164	0.0038	0.0088	0.0183	0.0181	0.0194	0.0172	0.0111	0.0011	0.0066	0.0082	0.0059	0.0154	0.0122	0.0033	0.0098	0.0065	0.0087	0.0025	0.0026	0.0105	0.0090	0.0135	0.0193	0.0198	0.0037	0.0068	0.0109	0.0124	0.0000	0.0020	0.0165	0.0192	0.0099	0.0183	0.0100	0.0182	
0.0075	0.0161	0.0184	0.0091	0.0055	0.0198	0.0121	0.0098	0.0105	0.0153	0.0174	0.0036	0.0179	0.0131	0.0115	0.0067	0.0211	0.0008	0.0097	0.0126	0.0141	0.0022	0.0175	0.0122	0.0077	0.0207	0.0014	0.0062	0.0136	0.0084	0.0109	0.0135	0.0149	0.0143	0.0000	0.0175	0.0070	0.0184	0.0055	0.0163	0.0026	0.0104	0.0096	0.0114	0.0154	0.0088	0.0219	0.0081	0.0130	0.0096	0.0004	0.0114	0.0142	0.0002	0.0063	0.0058	0.0209	0.0063	0.0240	0.0074	0.0154	0.0066	0.0213	0.0019	0.0057	0.0021	0.0128	0.0020	0.0130	0.0168	0.0001	0.0025	0.0194	0.0188	0.0102	0.0037	0.0180	0.0055	0.0219	0.0007	0.0248	0.0141	0.0163	0.0016	0.0095	0.0233	0.0013	0.0137	0.0096	0.0190	
0.0150	0.0003	0.0149	0.0173	0.0165	0.0158	0.0097	0.0062	0.0049	0.0098	0.0153	0.0136	0.0129	0.0140	0.0086	0.0157	0.0121	0.0159	0.0112	0.0024	0.0112	0.0128	0.0059	0.0162	0.0062	0.0008	0.0115	0.0162	0.0131	0.0050	0.0010	0.0154	0.0128	0.0149	0.0164	0.0187	0.0060	0.0180	0.0171	0.0124	0.0122	0.0067	0.0185	0.0079	0.0051	0.0036	0.0193	0.0158	0.0112	0.0077	0.0066	0.0043	0.0006	0.0059	0.0030	0.0038	0.0125	0.0158	0.0096	0.0160	0.0034	0.0124	0.0129	0.0211	0.0083	0.0128	0.0032	0.0164	0.0152	0.0090	0.0122	0.0124	0.0194	0.0194	0.0099	0.0044	0.0145	0.0186	0.0129	0.0034	0.0014	0.0122	0.0051	0.0036	0.0188	0.0167	0.0179	0.0059	0.0128	0.0136	
0.0060	0.0101	0.0095	0.0237	0.0091	0.0219	0.0151	0.0208	0.0208	0.0096	0.0224	0.0029	0.0211	0.0011	0.0185	0.0132	0.0049	0.0019	0.0190	0.0216	0.0118	0.0177	0.0039	0.0064	0.0158	0.0111	0.0094	0.0111	0.0007	0.0128	0.0221	0.0162	0.0024	0.0042	0.0047	0.0036	0.0059	0.0001	0.0128	0.0135	0.0125	0.0167	0.0211	0.0056	0.0049	0.0233	0.0171	0.0046	0.0065	0.0057	0.0147	0.0203	0.0117	0.0174	0.0040	0.0111	0.0055	0.0028	0.0044	0.0203	0.0103	0.0043	0.0216	0.0084	0.0112	0.0027	0.0010	0.0185	0.0163	0.0153	0.0092	0.0045	0.0131	0.0061	0.0096	0.0182	0.0213	0.0220	0.0024	0.0178	0.0180	0.0040	0.0045	0.0174	0.0004	0.0014	0.0072	0.0067	0.0005	0.0166	
0.0203	0.0034	0.0194	0.0157	0.0011	0.0087	0.0205	0.0137	0.0176	0.0013	0.0210	0.0208	0.0090	0.0130	0.0223	0.0096	0.0065	0.0063	0.0099	0.0107	0.0179	0.0081	0.0006	0.0074	0.0040	0.0081	0.0000	0.0057	0.0080	0.0102	0.0229	0.0163	0.0193	0.0030	0.0212	0.0062	0.0108	0.0251	0.0060	0.0021	0.0000	0.0070	0.0049	0.0013	0.0000	0.0229	0.0213	0.0152	0.0202	0.0127	0.0212	0.0013	0.0255	0.0147	0.0015	0.0140	0.0024	0.0127	0.0110	0.0179	0.0083	0.0130	0.0068	0.0070	0.0051	0.0032	0.0047	0.0068	0.0155	0.0159	0.0267	0.0072	0.0018	0.0083	0.0107	0.0104	0.0042	0.0261	0.0073	0.0085	0.0126	0.0077	0.0114	0.0196	0.0177	0.0200	0.0192	0.0035	0.0016	0.0074	
0.0033	0.0217	0.0132	0.0117	0.0170	0.0109	0.0226	0.0208	0.0188	0.0201	0.0147	0.0115	0.0205	0.0024	0.0131	0.0103	0.0221	0.0151	0.0050	0.0162	0.0100	0.0032	0.0041	0.0005	0.0049	0.0237	0.0023	0.0138	0.0133	0.0094	0.0097	0.0009	0.0045	0.0094	0.0117	0.0023	0.0173	0.0141	0.0142	0.0236	0.0098	0.0053	0.0033	0.0104	0.0192	0.0248	0.0100	0.0072	0.0018	0.0036	0.0198	0.0026	0.0217	0.0091	0.0185	0.0004	0.0156	0.0125	0.0057	0.0171	0.0078	0.0087	0.0087	0.0102	0.0102	0.0109	0.0086	0.0116	0.0121	0.0113	0.0197	0.0080	0.0029	0.0065	0.0069	0.0048	0.0000	0.0184	0.0060	0.0064	0.0141	0.0154	0.0119	0.0096	0.0155	0.0069	0.0026	0.0170	0.0130	0.0120	
0.0077	0.0034	0.0075	0.0183	0.0120	0.0002	0.0185	0.0153	0.0206	0.0039	0.0111	0.0183	0.0157	0.0108	0.0082	0.0090	0.0207	0.0142	0.0025	0.0143	0.0004	0.0001	0.0062	0.0186	0.0039	0.0131	0.0192	0.0223	0.0167	0.0038	0.0109	0.0117	0.0187	0.0018	0.0030	0.0130	0.0001	0.0075	0.0148	0.0061	0.0076	0.0055	0.0157	0.0017	0.0173	0.0150	0.0002	0.0196	0.0206	0.0036	0.0067	0.0098	0.0148	0.0204	0.0103	0.0081	0.0181	0.0090	0.0132	0.0205	0.0024	0.0185	0.0001	0.0191	0.0148	0.0174	0.0015	0.0150	0.0077	0.0155	0.0099	0.0130	0.0005	0.0194	0.0070	0.0170	0.0068	0.0046	0.0036	0.0114	0.0136	0.0182	0.0001	0.0124	0.0200	0.0007	0.0198	0.0182	0.0125	0.0176	
0.0151	0.0126	0.0153	0.0151	0.0029	0.0105	0.0054	0.0186	0.0072	0.0172	0.0113	0.0067	0.0112	0.0042	0.0154	0.0132	0.0082	0.0168	0.0140	0.0158	0.0022	0.0136	0.0057	0.0004	0.0076	0.0047	0.0185	0.0099	0.0202	0.0133	0.0005	0.0029	0.0009	0.0122	0.0210	0.0175	0.0202	0.0076	0.0162	0.0192	0.0116	0.0078	0.0186	0.0074	0.0003	0.0056	0.0078	0.0157	0.0165	0.0041	0.0142	0.0021	0.0062	0.0183	0.0137	0.0027	0.0060	0.0151	0.0061	0.0198	0.0113	0.0161	0.0003	0.0154	0.0155	0.0069	0.0065	0.0213	0.0040	0.0180	0.0173	0.0011	0.0029	0.0183	0.0043	0.0161	0.0186	0.0203	0.0001	0.0032	0.0190	0.0014	0.0150	0.0151	0.0014	0.0198	0.0186	0.0028	0.0191	0.0196	
0.0116	0.0036	0.0016	0.0182	0.0059	0.0173	0.0077	0.0045	0.0123	0.0138	0.0214	0.0085	0.0123	0.0177	0.0097	0.0118	0.0216	0.0115	0.0163	0.0219	0.0077	0.0090	0.0149	0.0023	0.0014	0.0122	0.0022	0.0082	0.0136	0.0183	0.0127	0.0032	0.0223	0.0069	0.0077	0.0136	0.0227	0.0082	0.0116	0.0106	0.0090	0.0132	0.0082	0.0086	0.0059	0.0107	0.0116	0.0175	0.0045	0.0090	0.0227	0.0083	0.0095	0.0007	0.0112	0.0037	0.0094	0.0204	0.0157	0.0169	0.0126	0.0215	0.0140	0.0179	0.0018	0.0139	0.0103	0.0054	0.0102	0.0179	0.0144	0.0123	0.0001	0.0059	0.0131	0.0170	0.0009	0.0084	0.0194	0.0132	0.0006	0.0054	0.0037	0.0025	0.0212	0.0041	0.0171	0.0186	0.0171	0.0044	
0.0038	0.0005	0.0157	0.0190	0.0190	0.0094	0.0239	0.0157	0.0072	0.0121	0.0233	0.0054	0.0074	0.0071	0.0192	0.0082	0.0083	0.0047	0.0121	0.0201	0.0033	0.0024	0.0022	0.0014	0.0157	0.0096	0.0202	0.0121	0.0188	0.0201	0.0005	0.0112	0.0104	0.0066	0.0162	0.0136	0.0235	0.0062	0.0112	0.0042	0.0188	0.0090	0.0008	0.0086	0.0182	0.0209	0.0234	0.0185	0.0057	0.0100	0.0205	0.0134	0.0104	0.0005	0.0013	0.0017	0.0204	0.0136	0.0005	0.0105	0.0124	0.0111	0.0214	0.0108	0.0106	0.0075	0.0192	0.0005	0.0135	0.0069	0.0116	0.0022	0.0188	0.0083	0.0010	0.0192	0.0018	0.0203	0.0084	0.0210	0.0116	0.0212	0.0069	0.0073	0.0025	0.0130	0.0031	0.0086	0.0056	0.0158	
0.0129	0.0077	0.0051	0.0234	0.0133	0.0060	0.0097	0.0137	0.0189	0.0073	0.0223	0.0195	0.0047	0.0187	0.0014	0.0161	0.0189	0.0032	0.0223	0.0063	0.0001	0.0045	0.0047	0.0012	0.0203	0.0124	0.0043	0.0144	0.0070	0.0207	0.0061	0.0091	0.0187	0.0001	0.0145	0.0026	0.0187	0.0179	0.0153	0.0186	0.0060	0.0095	0.0183	0.0008	0.0013	0.0123	0.0192	0.0087	0.0047	0.0076	0.0178	0.0227	0.0089	0.0234	0.0132	0.0102	0.0027	0.0041	0.0216	0.0012	0.0013	0.0183	0.0089	0.0214	0.0017	0.0090	0.0033	0.0045	0.0050	0.0212	0.0204	0.0220	0.0110	0.0047	0.0004	0.0133	0.0081	0.0044	0.0242	0.0097	0.0183	0.0172	0.0084	0.0219	0.0056	0.0060	0.0011	0.0182	0.0088	0.0048	
0.0214	0.0170	0.0178	0.0162	0.0155	0.0096	0.0018	0.0208	0.0216	0.0139	0.0087	0.0122	0.0033	0.0055	0.0117	0.0180	0.0129	0.0046	0.0231	0.0009	0.0029	0.0212	0.0043	0.0116	0.0060	0.0058	0.0119	0.0107	0.0161	0.0169	0.0105	0.0074	0.0195	0.0007	0.0225	0.0040	0.0039	0.0193	0.0127	0.0162	0.0120	0.0095	0.0052	0.0089	0.0020	0.0052	0.0166	0.0030	0.0091	0.0091	0.0179	0.0219	0.0209	0.0083	0.0021	0.0017	0.0116	0.0065	0.0087	0.0103	0.0185	0.0145	0.0071	0.0041	0.0044	0.0007	0.0176	0.0027	0.0059	0.0078	0.0156	0.0172	0.0167	0.0077	0.0129	0.0179	0.0183	0.0188	0.0102	0.0018	0.0140	0.0080	0.0011	0.0047	0.0024	0.0131	0.0112	0.0104	0.0211	0.0227	
0.0137	0.0201	0.0095	0.0011	0.0164	0.0198	0.0018	0.0012	0.0042	0.0009	0.0096	0.0112	0.0181	0.0008	0.0168	0.0193	0.0033	0.0119	0.0187	0.0079	0.0083	0.0150	0.0177	0.0053	0.0179	0.0109	0.0135	0.0028	0.0013	0.0124	0.0134	0.0057	0.0038	0.0077	0.0140	0.0160	0.0065	0.0143	0.0125	0.0159	0.0145	0.0151	0.0130	0.0084	0.0152	0.0246	0.0117	0.0000	0.0077	0.0024	0.0092	0.0214	0.0141	0.0131	0.0112	0.0195	0.0011	0.0038	0.0035	0.0054	0.0052	0.0204	0.0226	0.0139	0.0104	0.0026	0.0086	0.0100	0.0072	0.0020	0.0157	0.0101	0.0006	0.0030	0.0162	0.0167	0.0032	0.0098	0.0135	0.0179	0.0230	0.0114	0.0172	0.0218	0.0053	0.0146	0.0142	0.0120	0.0180	0.0165	

Emissions
0.2349	0.0482	0.1512	0.0809	0.1062	0.1610	0.2095	0.0080	
0.2160	0.1512	0.1223	0.0179	0.1096	0.0399	0.1062	0.2370	
0.1366	0.1234	0.2129	0.1168	0.1314	0.1021	0.1092	0.0676	
0.0554	0.2043	0.0632	0.0117	0.0699	0.1951	0.1177	0.2828	
0.1601	0.2318	0.1034	0.1455	0.0009	0.1529	0.1900	0.0154	
0.0224	0.0430	0.1586	0.0306	0.0690	0.2001	0.2860	0.1903	
0.1493	0.1346	0.1934	0.0411	0.1657	0.0172	0.2737	0.0250	
0.1369	0.0761	0.2273	0.1807	0.0932	0.1040	0.1704	0.0113	
0.0033	0.1891	0.1458	0.1377	0.1431	0.1668	0.1760	0.0381	
0.1616	0.2091	0.1331	0.1329	0.0152	0.0645	0.1855	0.0982	
0.1408	0.2018	0.1820	0.1942	0.0298	0.0702	0.0243	0.1571	
0.1782	0.0994	0.0011	0.1746	0.1385	0.1495	0.1278	0.1307	
0.0891	0.1531	0.0272	0.1068	0.0754	0.1993	0.1745	0.1747	
0.0892	0.1932	0.1174	0.1802	0.0813	0.0434	0.2566	0.0387	
0.0586	0.1464	0.0118	0.1712	0.1547	0.1065	0.1844	0.1664	
0.2095	0.0055	0.0564	0.1459	0.1904	0.0254	0.0925	0.2745	
0.0940	0.0973	0.0907	0.2202	0.0905	0.1055	0.0156	0.2862	
0.2765	0.0211	0.2128	0.1571	0.0017	0.0480	0.0444	0.2384	
0.0739	0.2405	0.1014	0.0529	0.1405	0.1074	0.1079	0.1755	
0.1088	0.1213	0.2674	0.0636	0.1463	0.0391	0.1562	0.0972	
0.0628	0.1469	0.1403	0.0353	0.1566	0.0580	0.1752	0.2249	
0.1342	0.1070	0.1640	0.2402	0.0245	0.0495	0.1592	0.1215	
0.2341	0.2178	0.0306	0.0009	0.1148	0.0090	0.2391	0.1537	
0.1503	0.1472	0.0045	0.1992	0.0765	0.0834	0.1883	0.1505	
0.1193	0.0988	0.0894	0.1508	0.1174	0.2195	0.2002	0.0045	
0.0319	0.1977	0.1866	0.1178	0.1441	0.1111	0.1345	0.0763	
0.2052	0.1532	0.1615	0.0209	0.0113	0.1596	0.2104	0.0780	
0.1268	0.0387	0.1459	0.0761	0.0702	0.1812	0.0793	0.2817	
0.0597	0.0444	0.1837	0.1434	0.0027	0.0316	0.2319	0.3026	
0.2165	0.0404	0.2167	0.1983	0.0502	0.0784	0.1839	0.0156	
0.0027	0.2708	0.0476	0.0465	0.0412	0.1718	0.1897	0.2298	
0.1928	0.0498	0.0116	0.1304	0.1345	0.0970	0.2505	0.1335	
0.0722	0.3091	0.0651	0.1154	0.0202	0.1533	0.0642	0.2006	
0.0731	0.1709	0.0310	0.1590	0.1615	0.1513	0.2294	0.0238	
0.0779	0.1572	0.1148	0.1192	0.1505	0.0279	0.1762	0.1762	
0.1181	0.2403	0.0594	0.2268	0.0187	0.0863	0.0958	0.1546	
0.1028	0.1875	0.1945	0.0630	0.0515	0.0288	0.2579	0.1140	
0.0932	0.1393	0.1171	0.1111	0.1052	0.0966	0.1667	0.1708	
0.0566	0.4523	0.0268	0.0206	0.0201	0.0430	0.2595	0.1211	
0.0920	0.2491	0.0519	0.0721	0.0702	0.0713	0.1252	0.2681	
0.0454	0.1962	0.1599	0.0710	0.0257	0.1545	0.2671	0.0802	
0.1222	0.3072	0.0088	0.0020	0.0632	0.1641	0.1522	0.1804	
0.2026	0.1546	0.1957	0.0358	0.1027	0.0692	0.1464	0.0930	
0.1116	0.0794	0.2504	0.0666	0.1513	0.1085	0.1914	0.0409	
0.0288	0.2748	0.1141	0.0702	0.0578	0.1274	0.1773	0.1496	
0.0259	0.2709	0.1709	0.0206	0.0200	0.1414	0.2239	0.1265	
0.0152	0.1547	0.1546	0.1536	0.1194	0.0676	0.0789	0.2559	
0.2135	0.0547	0.0915	0.1706	0.1275	0.0565	0.0623	0.2233	
0.1596	0.2366	0.2722	0.0695	0.0916	0.0614	0.0752	0.0340	
0.2516	0.0892	0.0093	0.2201	0.1966	0.1109	0.0677	0.0547	
0.1225	0.1910	0.1107	0.1062	0.0323	0.0231	0.1540	0.2601	
0.1587	0.2250	0.0896	0.0358	0.0553	0.0000	0.2085	0.2270	
0.1024	0.2094	0.0320	0.0373	0.1394	0.0794	0.1945	0.2057	
0.0688	0.1825	0.0740	0.1387	0.0910	0.2049	0.0219	0.2182	
0.2013	0.0738	0.0626	0.0405	0.1435	0.1314	0.1379	0.2091	
0.0771	0.0242	0.1757	0.1763	0.1499	0.0321	0.1839	0.1808	
0.0652	0.0717	0.0311	0.1598	0.0649	0.2139	0.0772	0.3162	
0.1140	0.1746	0.0482	0.1367	0.1606	0.0208	0.1062	0.2389	
0.1203	0.2584	0.0345	0.0028	0.1141	0.1026	0.1837	0.1837	
0.0320	0.1079	0.2238	0.2174	0.1342	0.0206	0.2635	0.0007	
0.2567	0.3177	0.0221	0.0248	0.2526	0.0351	0.0828	0.0082	
0.1783	0.0981	0.1502	0.0491	0.1146	0.1572	0.1956	0.0569	
0.1342	0.2820	0.0386	0.2086	0.0080	0.1257	0.0062	0.1968	
0.1105	0.1524	0.2748	0.0128	0.0212	0.1379	0.1063	0.1841	
0.2719	0.0871	0.0638	0.1533	0.0216	0.1033	0.0957	0.2032	
0.3130	0.0655	0.0173	0.1196	0.2614	0.1385	0.0080	0.0768	
0.0667	0.1724	0.0277	0.1106	0.1352	0.1345	0.1814	0.1714	
0.1064	0.0940	0.2557	0.0466	0.0497	0.0276	0.2779	0.1421	
0.3503	0.0454	0.1206	0.1554	0.1505	0.0907	0.0388	0.0483	
0.1436	0.1631	0.0250	0.1757	0.0991	0.0870	0.1449	0.1616	
0.0660	0.1759	0.1603	0.0698	0.0726	0.1213	0.1195	0.2146	
0.0515	0.1718	0.0088	0.1672	0.1971	0.0234	0.0992	0.2811	
0.0604	0.2205	0.0558	0.2319	0.0095	0.0832	0.1193	0.2194	
0.0738	0.2196	0.2131	0.0303	0.1100	0.0063	0.1753	0.1716	
0.0955	0.2350	0.1696	0.1018	0.0650	0.0761	0.1962	0.0608	
0.1037	0.2350	0.0932	0.0426	0.1059	0.0772	0.1064	0.2361	
0.0607	0.1345	0.1744	0.0094	0.0686	0.1604	0.1645	0.2276	
0.0433	0.2791	0.2404	0.1063	0.1684	0.0719	0.0258	0.0649	
0.0936	0.0897	0.1172	0.1754	0.0511	0.1711	0.0676	0.2343	
0.2308	0.0305	0.1733	0.1047	0.0961	0.0915	0.1577	0.1153	
0.1291	0.0950	0.2416	0.0498	0.0657	0.1787	0.0788	0.1614	
0.0466	0.0063	0.1304	0.2353	0.1937	0.1371	0.1822	0.0684	
0.1353	0.0082	0.2373	0.0338	0.2039	0.1048	0.0991	0.1776	
0.0478	0.2912	0.0662	0.0676	0.0970	0.0657	0.1149	0.2497	
0.0745	0.1680	0.1683	0.0949	0.0707	0.1278	0.1727	0.1231	
0.1651	0.2273	0.2311	0.0382	0.0871	0.1342	0.0233	0.0937	
0.1502	0.0850	0.3290	0.0647	0.1392	0.0757	0.0987	0.0574	
0.3219	0.1578	0.0068	0.1186	0.1469	0.0002	0.0029	0.2449	
0.0987	0.1195	0.0424	0.1769	0.0997	0.1444	0.1392	0.1793	
0.0687	0.1374	0.1064	0.0380	0.2572	0.0482	0.0170	0.3273	
