DataSet 37
Learner: Baum Welch Learner
Log Likelihood: 71258.4633840833

Number of States: 90
Number of Symbols: 8
Threshold: 0.01

Initial Distribution:
0.0165	0.0261	0.0109	0.0064	0.0086	0.0054	0.0066	0.0016	0.0103	0.0144	0.0084	0.0009	0.0119	0.0087	0.0129	0.0350	0.0199	0.0012	0.0184	0.0004	0.0178	0.0029	0.0119	0.0249	0.0150	0.0017	0.0018	0.0104	0.0013	0.0061	0.0070	0.0256	0.0072	0.0094	0.0053	0.0140	0.0048	0.0116	0.0020	0.0056	0.0010	0.0012	0.0225	0.0148	0.0103	0.0173	0.0154	0.0291	0.0078	0.0047	0.0047	0.0097	0.0156	0.0003	0.0009	0.0157	0.0019	0.0381	0.0185	0.0070	0.0012	0.0003	0.0119	0.0021	0.0046	0.0174	0.0112	0.0061	0.0212	0.0021	0.0063	0.0029	0.0216	0.0110	0.0158	0.0069	0.0070	0.0237	0.0059	0.0291	0.0054	0.0092	0.0261	0.0143	0.0276	0.0141	0.0074	0.0062	0.0136	0.0202	

Transitions:
0.0099	0.0070	0.0199	0.0140	0.0052	0.0016	0.0022	0.0120	0.0145	0.0134	0.0231	0.0127	0.0155	0.0051	0.0128	0.0034	0.0154	0.0217	0.0022	0.0135	0.0043	0.0113	0.0120	0.0182	0.0053	0.0131	0.0020	0.0029	0.0035	0.0081	0.0074	0.0074	0.0189	0.0043	0.0149	0.0076	0.0044	0.0039	0.0045	0.0175	0.0060	0.0227	0.0010	0.0163	0.0187	0.0125	0.0173	0.0149	0.0062	0.0165	0.0032	0.0101	0.0049	0.0180	0.0115	0.0197	0.0177	0.0009	0.0097	0.0127	0.0214	0.0224	0.0095	0.0080	0.0063	0.0123	0.0151	0.0105	0.0120	0.0061	0.0224	0.0117	0.0162	0.0058	0.0080	0.0072	0.0100	0.0185	0.0201	0.0136	0.0190	0.0082	0.0171	0.0080	0.0041	0.0175	0.0025	0.0014	0.0131	0.0153	
0.0139	0.0034	0.0162	0.0117	0.0203	0.0062	0.0115	0.0164	0.0095	0.0093	0.0242	0.0057	0.0031	0.0002	0.0198	0.0134	0.0158	0.0219	0.0101	0.0045	0.0091	0.0187	0.0033	0.0179	0.0149	0.0123	0.0024	0.0006	0.0037	0.0111	0.0108	0.0141	0.0174	0.0172	0.0146	0.0205	0.0158	0.0043	0.0102	0.0013	0.0174	0.0179	0.0075	0.0086	0.0148	0.0130	0.0058	0.0179	0.0133	0.0120	0.0031	0.0031	0.0126	0.0098	0.0052	0.0148	0.0221	0.0172	0.0198	0.0061	0.0045	0.0107	0.0134	0.0234	0.0198	0.0062	0.0090	0.0078	0.0069	0.0004	0.0189	0.0111	0.0110	0.0088	0.0097	0.0178	0.0108	0.0156	0.0010	0.0022	0.0080	0.0056	0.0099	0.0133	0.0067	0.0062	0.0000	0.0104	0.0118	0.0198	
0.0200	0.0171	0.0072	0.0033	0.0208	0.0052	0.0046	0.0095	0.0109	0.0106	0.0057	0.0214	0.0121	0.0116	0.0184	0.0144	0.0136	0.0061	0.0227	0.0095	0.0032	0.0065	0.0195	0.0171	0.0189	0.0197	0.0008	0.0194	0.0154	0.0156	0.0068	0.0003	0.0161	0.0074	0.0045	0.0002	0.0035	0.0089	0.0132	0.0041	0.0123	0.0027	0.0037	0.0107	0.0179	0.0085	0.0175	0.0185	0.0210	0.0137	0.0141	0.0163	0.0087	0.0022	0.0178	0.0108	0.0209	0.0112	0.0055	0.0218	0.0052	0.0058	0.0182	0.0199	0.0037	0.0044	0.0041	0.0044	0.0069	0.0187	0.0116	0.0050	0.0146	0.0179	0.0204	0.0018	0.0025	0.0073	0.0198	0.0103	0.0049	0.0021	0.0020	0.0009	0.0208	0.0109	0.0132	0.0165	0.0111	0.0138	
0.0025	0.0113	0.0029	0.0123	0.0214	0.0054	0.0082	0.0074	0.0086	0.0158	0.0058	0.0123	0.0136	0.0025	0.0035	0.0103	0.0000	0.0145	0.0031	0.0146	0.0069	0.0123	0.0150	0.0153	0.0134	0.0027	0.0037	0.0135	0.0195	0.0139	0.0140	0.0107	0.0140	0.0139	0.0137	0.0207	0.0016	0.0026	0.0193	0.0137	0.0144	0.0183	0.0179	0.0028	0.0051	0.0127	0.0111	0.0188	0.0200	0.0095	0.0108	0.0205	0.0101	0.0173	0.0061	0.0108	0.0198	0.0080	0.0189	0.0178	0.0021	0.0160	0.0103	0.0168	0.0020	0.0152	0.0194	0.0204	0.0100	0.0058	0.0096	0.0199	0.0166	0.0099	0.0013	0.0147	0.0145	0.0121	0.0102	0.0010	0.0136	0.0039	0.0156	0.0091	0.0018	0.0136	0.0007	0.0183	0.0073	0.0014	
0.0012	0.0142	0.0044	0.0197	0.0143	0.0183	0.0074	0.0030	0.0008	0.0123	0.0194	0.0121	0.0110	0.0137	0.0012	0.0138	0.0022	0.0005	0.0156	0.0129	0.0161	0.0059	0.0199	0.0186	0.0038	0.0199	0.0220	0.0002	0.0170	0.0095	0.0166	0.0009	0.0127	0.0092	0.0045	0.0172	0.0151	0.0189	0.0213	0.0026	0.0066	0.0130	0.0102	0.0181	0.0060	0.0017	0.0165	0.0031	0.0091	0.0091	0.0116	0.0002	0.0024	0.0154	0.0035	0.0166	0.0175	0.0060	0.0185	0.0156	0.0235	0.0078	0.0104	0.0137	0.0197	0.0147	0.0213	0.0014	0.0093	0.0078	0.0243	0.0056	0.0024	0.0133	0.0083	0.0087	0.0157	0.0011	0.0132	0.0022	0.0042	0.0166	0.0132	0.0058	0.0168	0.0147	0.0196	0.0204	0.0054	0.0083	
0.0000	0.0074	0.0010	0.0051	0.0030	0.0204	0.0020	0.0218	0.0223	0.0145	0.0038	0.0153	0.0177	0.0013	0.0111	0.0076	0.0196	0.0120	0.0075	0.0166	0.0012	0.0156	0.0164	0.0157	0.0095	0.0043	0.0159	0.0032	0.0181	0.0060	0.0193	0.0009	0.0185	0.0002	0.0074	0.0163	0.0046	0.0205	0.0126	0.0089	0.0070	0.0202	0.0014	0.0202	0.0192	0.0119	0.0015	0.0120	0.0201	0.0111	0.0166	0.0099	0.0124	0.0116	0.0079	0.0068	0.0149	0.0072	0.0173	0.0213	0.0060	0.0219	0.0033	0.0174	0.0178	0.0024	0.0194	0.0172	0.0161	0.0201	0.0031	0.0004	0.0004	0.0211	0.0104	0.0069	0.0149	0.0178	0.0173	0.0198	0.0034	0.0026	0.0065	0.0069	0.0110	0.0076	0.0107	0.0077	0.0142	0.0000	
0.0011	0.0175	0.0021	0.0110	0.0032	0.0068	0.0141	0.0079	0.0031	0.0188	0.0183	0.0075	0.0188	0.0005	0.0086	0.0156	0.0087	0.0147	0.0004	0.0015	0.0120	0.0169	0.0131	0.0186	0.0156	0.0032	0.0143	0.0162	0.0057	0.0100	0.0149	0.0107	0.0012	0.0159	0.0167	0.0063	0.0194	0.0102	0.0188	0.0024	0.0134	0.0066	0.0121	0.0161	0.0037	0.0158	0.0065	0.0054	0.0217	0.0151	0.0190	0.0169	0.0057	0.0128	0.0063	0.0051	0.0054	0.0043	0.0169	0.0230	0.0164	0.0186	0.0021	0.0154	0.0049	0.0042	0.0063	0.0022	0.0054	0.0026	0.0195	0.0206	0.0171	0.0195	0.0103	0.0096	0.0035	0.0155	0.0153	0.0193	0.0190	0.0070	0.0183	0.0114	0.0098	0.0170	0.0048	0.0112	0.0090	0.0101	
0.0007	0.0128	0.0140	0.0163	0.0088	0.0148	0.0040	0.0204	0.0122	0.0223	0.0135	0.0042	0.0006	0.0183	0.0194	0.0006	0.0195	0.0090	0.0020	0.0173	0.0014	0.0111	0.0112	0.0160	0.0022	0.0078	0.0198	0.0115	0.0051	0.0087	0.0234	0.0158	0.0143	0.0166	0.0017	0.0032	0.0059	0.0015	0.0125	0.0147	0.0050	0.0056	0.0025	0.0140	0.0085	0.0129	0.0069	0.0020	0.0146	0.0091	0.0179	0.0186	0.0075	0.0122	0.0090	0.0106	0.0034	0.0174	0.0142	0.0216	0.0175	0.0143	0.0170	0.0048	0.0003	0.0151	0.0113	0.0056	0.0148	0.0171	0.0188	0.0201	0.0176	0.0076	0.0140	0.0204	0.0079	0.0174	0.0073	0.0089	0.0016	0.0162	0.0190	0.0157	0.0102	0.0031	0.0092	0.0019	0.0067	0.0102	
0.0222	0.0077	0.0083	0.0106	0.0187	0.0127	0.0106	0.0192	0.0153	0.0178	0.0039	0.0009	0.0084	0.0183	0.0164	0.0007	0.0191	0.0222	0.0200	0.0124	0.0037	0.0063	0.0111	0.0054	0.0177	0.0002	0.0147	0.0203	0.0150	0.0204	0.0061	0.0094	0.0215	0.0046	0.0165	0.0096	0.0101	0.0075	0.0116	0.0008	0.0072	0.0108	0.0036	0.0122	0.0051	0.0008	0.0105	0.0009	0.0018	0.0101	0.0041	0.0105	0.0036	0.0170	0.0068	0.0146	0.0207	0.0025	0.0129	0.0178	0.0183	0.0128	0.0041	0.0185	0.0102	0.0167	0.0017	0.0034	0.0028	0.0068	0.0125	0.0139	0.0104	0.0192	0.0047	0.0191	0.0024	0.0219	0.0221	0.0185	0.0130	0.0141	0.0164	0.0056	0.0152	0.0155	0.0058	0.0047	0.0177	0.0008	
0.0127	0.0075	0.0159	0.0117	0.0032	0.0159	0.0058	0.0085	0.0016	0.0123	0.0231	0.0066	0.0201	0.0157	0.0219	0.0122	0.0199	0.0063	0.0119	0.0118	0.0111	0.0180	0.0031	0.0159	0.0064	0.0047	0.0155	0.0188	0.0027	0.0160	0.0108	0.0189	0.0054	0.0019	0.0161	0.0052	0.0186	0.0205	0.0175	0.0095	0.0102	0.0171	0.0170	0.0088	0.0182	0.0056	0.0182	0.0016	0.0075	0.0021	0.0180	0.0214	0.0139	0.0077	0.0093	0.0151	0.0049	0.0188	0.0062	0.0199	0.0014	0.0082	0.0059	0.0088	0.0019	0.0020	0.0011	0.0191	0.0008	0.0164	0.0153	0.0009	0.0110	0.0015	0.0017	0.0210	0.0216	0.0157	0.0186	0.0012	0.0108	0.0136	0.0111	0.0007	0.0179	0.0094	0.0039	0.0220	0.0130	0.0009	
0.0002	0.0182	0.0134	0.0164	0.0089	0.0024	0.0099	0.0118	0.0071	0.0185	0.0051	0.0212	0.0009	0.0131	0.0097	0.0165	0.0091	0.0140	0.0057	0.0111	0.0133	0.0104	0.0037	0.0046	0.0092	0.0090	0.0172	0.0043	0.0119	0.0131	0.0213	0.0030	0.0033	0.0215	0.0157	0.0185	0.0091	0.0162	0.0164	0.0201	0.0092	0.0101	0.0071	0.0196	0.0167	0.0107	0.0135	0.0178	0.0142	0.0001	0.0010	0.0122	0.0123	0.0027	0.0059	0.0109	0.0180	0.0075	0.0077	0.0216	0.0077	0.0059	0.0231	0.0162	0.0200	0.0014	0.0174	0.0010	0.0193	0.0145	0.0093	0.0154	0.0184	0.0063	0.0026	0.0079	0.0024	0.0037	0.0085	0.0179	0.0184	0.0171	0.0116	0.0121	0.0112	0.0072	0.0112	0.0008	0.0143	0.0035	
0.0013	0.0005	0.0083	0.0157	0.0154	0.0035	0.0101	0.0156	0.0016	0.0192	0.0202	0.0133	0.0008	0.0229	0.0153	0.0076	0.0139	0.0084	0.0231	0.0205	0.0077	0.0132	0.0005	0.0097	0.0023	0.0120	0.0157	0.0091	0.0042	0.0133	0.0142	0.0166	0.0077	0.0180	0.0139	0.0097	0.0082	0.0049	0.0179	0.0213	0.0209	0.0123	0.0023	0.0125	0.0040	0.0064	0.0193	0.0120	0.0236	0.0048	0.0162	0.0040	0.0007	0.0183	0.0171	0.0108	0.0001	0.0197	0.0142	0.0017	0.0118	0.0007	0.0119	0.0121	0.0053	0.0234	0.0051	0.0066	0.0094	0.0057	0.0253	0.0100	0.0139	0.0009	0.0011	0.0244	0.0110	0.0095	0.0058	0.0173	0.0181	0.0014	0.0102	0.0226	0.0179	0.0084	0.0169	0.0136	0.0003	0.0016	
0.0084	0.0086	0.0125	0.0121	0.0102	0.0177	0.0002	0.0131	0.0077	0.0046	0.0021	0.0112	0.0039	0.0150	0.0050	0.0071	0.0108	0.0223	0.0157	0.0164	0.0010	0.0127	0.0139	0.0174	0.0058	0.0092	0.0118	0.0103	0.0155	0.0195	0.0063	0.0140	0.0056	0.0074	0.0186	0.0140	0.0177	0.0009	0.0138	0.0038	0.0203	0.0205	0.0012	0.0007	0.0138	0.0054	0.0207	0.0160	0.0168	0.0103	0.0182	0.0160	0.0169	0.0050	0.0004	0.0166	0.0176	0.0143	0.0069	0.0003	0.0069	0.0118	0.0213	0.0119	0.0194	0.0093	0.0054	0.0180	0.0184	0.0150	0.0115	0.0104	0.0085	0.0119	0.0180	0.0049	0.0116	0.0144	0.0021	0.0008	0.0124	0.0164	0.0147	0.0048	0.0207	0.0109	0.0181	0.0008	0.0066	0.0011	
0.0194	0.0015	0.0157	0.0119	0.0197	0.0088	0.0205	0.0119	0.0019	0.0069	0.0004	0.0015	0.0211	0.0023	0.0222	0.0091	0.0068	0.0063	0.0078	0.0169	0.0052	0.0016	0.0137	0.0057	0.0089	0.0112	0.0170	0.0144	0.0135	0.0092	0.0141	0.0044	0.0109	0.0180	0.0183	0.0099	0.0166	0.0184	0.0168	0.0089	0.0057	0.0241	0.0113	0.0170	0.0005	0.0098	0.0200	0.0132	0.0053	0.0113	0.0047	0.0130	0.0139	0.0118	0.0168	0.0159	0.0099	0.0091	0.0024	0.0071	0.0142	0.0064	0.0234	0.0151	0.0150	0.0178	0.0127	0.0020	0.0065	0.0133	0.0166	0.0111	0.0124	0.0205	0.0123	0.0074	0.0118	0.0187	0.0056	0.0210	0.0142	0.0026	0.0093	0.0008	0.0039	0.0004	0.0120	0.0204	0.0008	0.0002	
0.0003	0.0064	0.0167	0.0073	0.0183	0.0208	0.0004	0.0210	0.0018	0.0054	0.0244	0.0185	0.0080	0.0140	0.0225	0.0168	0.0221	0.0167	0.0237	0.0101	0.0051	0.0121	0.0046	0.0034	0.0145	0.0116	0.0193	0.0200	0.0110	0.0174	0.0062	0.0141	0.0014	0.0067	0.0124	0.0106	0.0164	0.0054	0.0051	0.0130	0.0063	0.0163	0.0159	0.0006	0.0011	0.0196	0.0201	0.0166	0.0043	0.0098	0.0009	0.0199	0.0002	0.0135	0.0169	0.0107	0.0020	0.0118	0.0161	0.0053	0.0031	0.0023	0.0091	0.0093	0.0222	0.0075	0.0169	0.0009	0.0026	0.0118	0.0234	0.0176	0.0102	0.0087	0.0039	0.0163	0.0177	0.0042	0.0022	0.0168	0.0187	0.0014	0.0150	0.0019	0.0150	0.0076	0.0140	0.0130	0.0118	0.0016	
0.0070	0.0037	0.0123	0.0211	0.0098	0.0044	0.0061	0.0094	0.0013	0.0174	0.0037	0.0176	0.0151	0.0155	0.0103	0.0066	0.0079	0.0146	0.0089	0.0023	0.0156	0.0204	0.0101	0.0201	0.0097	0.0016	0.0077	0.0064	0.0165	0.0145	0.0174	0.0055	0.0110	0.0010	0.0036	0.0211	0.0049	0.0119	0.0222	0.0222	0.0082	0.0075	0.0026	0.0086	0.0131	0.0223	0.0097	0.0010	0.0142	0.0085	0.0005	0.0227	0.0020	0.0113	0.0076	0.0095	0.0172	0.0126	0.0113	0.0080	0.0183	0.0236	0.0173	0.0114	0.0004	0.0216	0.0063	0.0138	0.0127	0.0140	0.0015	0.0193	0.0167	0.0097	0.0162	0.0110	0.0186	0.0034	0.0058	0.0114	0.0160	0.0070	0.0132	0.0081	0.0140	0.0169	0.0033	0.0002	0.0147	0.0167	
0.0038	0.0125	0.0007	0.0101	0.0034	0.0069	0.0128	0.0149	0.0065	0.0153	0.0173	0.0168	0.0105	0.0010	0.0068	0.0035	0.0049	0.0148	0.0158	0.0172	0.0116	0.0110	0.0080	0.0213	0.0141	0.0112	0.0082	0.0071	0.0203	0.0055	0.0179	0.0056	0.0182	0.0167	0.0091	0.0111	0.0168	0.0045	0.0061	0.0081	0.0182	0.0028	0.0148	0.0098	0.0156	0.0176	0.0186	0.0116	0.0008	0.0082	0.0107	0.0094	0.0053	0.0178	0.0019	0.0135	0.0044	0.0006	0.0185	0.0141	0.0226	0.0053	0.0176	0.0020	0.0203	0.0091	0.0194	0.0154	0.0132	0.0199	0.0081	0.0004	0.0081	0.0074	0.0014	0.0113	0.0151	0.0184	0.0049	0.0161	0.0153	0.0164	0.0066	0.0109	0.0140	0.0062	0.0210	0.0018	0.0142	0.0156	
0.0061	0.0144	0.0078	0.0124	0.0087	0.0109	0.0073	0.0152	0.0102	0.0071	0.0241	0.0028	0.0209	0.0041	0.0007	0.0104	0.0013	0.0202	0.0148	0.0107	0.0147	0.0067	0.0162	0.0191	0.0165	0.0040	0.0190	0.0045	0.0085	0.0140	0.0103	0.0155	0.0197	0.0172	0.0119	0.0128	0.0132	0.0156	0.0217	0.0094	0.0034	0.0002	0.0060	0.0167	0.0150	0.0107	0.0178	0.0024	0.0105	0.0031	0.0044	0.0009	0.0059	0.0031	0.0175	0.0182	0.0221	0.0071	0.0151	0.0039	0.0142	0.0028	0.0073	0.0178	0.0178	0.0035	0.0034	0.0026	0.0126	0.0101	0.0206	0.0067	0.0188	0.0055	0.0083	0.0200	0.0211	0.0182	0.0032	0.0061	0.0076	0.0149	0.0143	0.0048	0.0084	0.0080	0.0101	0.0169	0.0185	0.0111	
0.0141	0.0050	0.0218	0.0149	0.0180	0.0006	0.0147	0.0103	0.0213	0.0150	0.0105	0.0157	0.0107	0.0005	0.0061	0.0195	0.0010	0.0009	0.0168	0.0199	0.0178	0.0005	0.0050	0.0094	0.0161	0.0190	0.0080	0.0017	0.0094	0.0114	0.0162	0.0076	0.0037	0.0012	0.0178	0.0168	0.0066	0.0053	0.0115	0.0079	0.0045	0.0126	0.0177	0.0097	0.0178	0.0142	0.0068	0.0158	0.0224	0.0112	0.0074	0.0099	0.0015	0.0223	0.0133	0.0126	0.0233	0.0102	0.0218	0.0192	0.0143	0.0135	0.0007	0.0120	0.0205	0.0015	0.0115	0.0098	0.0041	0.0143	0.0134	0.0179	0.0113	0.0085	0.0161	0.0109	0.0017	0.0174	0.0120	0.0027	0.0145	0.0138	0.0022	0.0201	0.0025	0.0043	0.0060	0.0044	0.0086	0.0051	
0.0151	0.0138	0.0055	0.0113	0.0152	0.0114	0.0094	0.0093	0.0103	0.0186	0.0036	0.0184	0.0120	0.0075	0.0214	0.0113	0.0176	0.0151	0.0048	0.0030	0.0081	0.0046	0.0010	0.0167	0.0046	0.0004	0.0102	0.0024	0.0079	0.0169	0.0177	0.0069	0.0206	0.0196	0.0193	0.0198	0.0108	0.0199	0.0156	0.0028	0.0194	0.0148	0.0049	0.0122	0.0174	0.0147	0.0022	0.0133	0.0216	0.0112	0.0060	0.0125	0.0186	0.0059	0.0149	0.0085	0.0160	0.0087	0.0070	0.0143	0.0022	0.0076	0.0008	0.0154	0.0009	0.0173	0.0181	0.0129	0.0088	0.0019	0.0003	0.0212	0.0007	0.0017	0.0039	0.0207	0.0213	0.0074	0.0179	0.0094	0.0201	0.0149	0.0027	0.0174	0.0094	0.0039	0.0082	0.0155	0.0043	0.0089	
0.0033	0.0017	0.0123	0.0200	0.0009	0.0120	0.0129	0.0125	0.0136	0.0044	0.0237	0.0114	0.0062	0.0194	0.0132	0.0080	0.0118	0.0197	0.0019	0.0170	0.0091	0.0072	0.0124	0.0198	0.0153	0.0070	0.0049	0.0043	0.0059	0.0195	0.0094	0.0034	0.0081	0.0213	0.0207	0.0227	0.0077	0.0016	0.0011	0.0128	0.0060	0.0097	0.0150	0.0123	0.0113	0.0086	0.0111	0.0054	0.0064	0.0022	0.0139	0.0115	0.0131	0.0084	0.0214	0.0167	0.0103	0.0138	0.0043	0.0157	0.0079	0.0084	0.0070	0.0185	0.0159	0.0167	0.0027	0.0065	0.0195	0.0153	0.0226	0.0109	0.0169	0.0110	0.0124	0.0020	0.0134	0.0215	0.0067	0.0075	0.0197	0.0201	0.0197	0.0035	0.0034	0.0182	0.0117	0.0002	0.0004	0.0027	
0.0111	0.0139	0.0195	0.0071	0.0054	0.0172	0.0028	0.0216	0.0176	0.0187	0.0077	0.0047	0.0071	0.0142	0.0029	0.0044	0.0152	0.0033	0.0170	0.0182	0.0036	0.0108	0.0087	0.0180	0.0166	0.0089	0.0110	0.0025	0.0156	0.0208	0.0053	0.0024	0.0059	0.0180	0.0037	0.0075	0.0132	0.0110	0.0065	0.0159	0.0226	0.0171	0.0022	0.0096	0.0011	0.0130	0.0158	0.0056	0.0008	0.0204	0.0041	0.0086	0.0045	0.0030	0.0203	0.0208	0.0065	0.0006	0.0112	0.0188	0.0089	0.0001	0.0066	0.0216	0.0133	0.0039	0.0215	0.0111	0.0105	0.0201	0.0152	0.0047	0.0183	0.0011	0.0206	0.0125	0.0087	0.0201	0.0184	0.0042	0.0165	0.0040	0.0019	0.0161	0.0150	0.0179	0.0197	0.0032	0.0183	0.0036	
0.0013	0.0130	0.0227	0.0092	0.0084	0.0207	0.0098	0.0036	0.0178	0.0203	0.0198	0.0041	0.0186	0.0050	0.0074	0.0231	0.0123	0.0043	0.0044	0.0086	0.0118	0.0075	0.0050	0.0070	0.0014	0.0046	0.0210	0.0124	0.0066	0.0207	0.0078	0.0179	0.0138	0.0070	0.0174	0.0011	0.0054	0.0102	0.0173	0.0224	0.0024	0.0058	0.0022	0.0210	0.0101	0.0121	0.0099	0.0213	0.0096	0.0163	0.0069	0.0160	0.0209	0.0119	0.0131	0.0168	0.0081	0.0128	0.0095	0.0032	0.0010	0.0218	0.0230	0.0010	0.0127	0.0206	0.0132	0.0106	0.0108	0.0074	0.0192	0.0016	0.0109	0.0052	0.0070	0.0096	0.0046	0.0081	0.0199	0.0115	0.0188	0.0008	0.0033	0.0120	0.0110	0.0135	0.0191	0.0026	0.0160	0.0004	
0.0172	0.0129	0.0014	0.0123	0.0222	0.0049	0.0073	0.0017	0.0072	0.0140	0.0257	0.0216	0.0098	0.0023	0.0236	0.0058	0.0054	0.0169	0.0045	0.0041	0.0111	0.0228	0.0191	0.0201	0.0071	0.0002	0.0171	0.0079	0.0133	0.0002	0.0011	0.0106	0.0170	0.0099	0.0132	0.0049	0.0001	0.0214	0.0071	0.0016	0.0015	0.0032	0.0004	0.0049	0.0106	0.0200	0.0153	0.0011	0.0138	0.0049	0.0077	0.0034	0.0200	0.0134	0.0108	0.0166	0.0179	0.0036	0.0057	0.0215	0.0115	0.0234	0.0126	0.0075	0.0122	0.0126	0.0041	0.0234	0.0123	0.0191	0.0061	0.0078	0.0095	0.0028	0.0027	0.0105	0.0233	0.0153	0.0093	0.0096	0.0094	0.0157	0.0164	0.0085	0.0154	0.0198	0.0126	0.0043	0.0206	0.0189	
0.0110	0.0178	0.0143	0.0069	0.0132	0.0020	0.0133	0.0156	0.0135	0.0203	0.0177	0.0136	0.0110	0.0166	0.0204	0.0001	0.0159	0.0177	0.0094	0.0009	0.0138	0.0011	0.0159	0.0171	0.0102	0.0173	0.0042	0.0029	0.0147	0.0151	0.0239	0.0000	0.0001	0.0143	0.0059	0.0102	0.0144	0.0015	0.0120	0.0004	0.0169	0.0063	0.0180	0.0089	0.0140	0.0150	0.0039	0.0209	0.0090	0.0140	0.0037	0.0152	0.0146	0.0206	0.0018	0.0094	0.0006	0.0155	0.0190	0.0165	0.0205	0.0111	0.0014	0.0005	0.0196	0.0151	0.0137	0.0175	0.0117	0.0123	0.0075	0.0138	0.0056	0.0092	0.0054	0.0109	0.0015	0.0082	0.0019	0.0164	0.0138	0.0047	0.0147	0.0209	0.0098	0.0056	0.0057	0.0018	0.0120	0.0171	
0.0099	0.0159	0.0052	0.0161	0.0027	0.0063	0.0045	0.0225	0.0095	0.0000	0.0032	0.0083	0.0106	0.0204	0.0078	0.0121	0.0104	0.0073	0.0143	0.0119	0.0063	0.0152	0.0162	0.0009	0.0026	0.0140	0.0169	0.0015	0.0134	0.0163	0.0111	0.0115	0.0048	0.0161	0.0028	0.0123	0.0091	0.0112	0.0081	0.0199	0.0066	0.0029	0.0188	0.0016	0.0127	0.0058	0.0183	0.0171	0.0163	0.0192	0.0163	0.0226	0.0085	0.0003	0.0103	0.0151	0.0011	0.0042	0.0137	0.0101	0.0124	0.0031	0.0103	0.0171	0.0119	0.0127	0.0029	0.0162	0.0155	0.0206	0.0035	0.0240	0.0205	0.0162	0.0070	0.0065	0.0173	0.0148	0.0085	0.0182	0.0198	0.0179	0.0088	0.0139	0.0196	0.0103	0.0034	0.0045	0.0051	0.0072	
0.0109	0.0038	0.0186	0.0188	0.0089	0.0030	0.0158	0.0034	0.0107	0.0027	0.0046	0.0015	0.0028	0.0200	0.0181	0.0185	0.0215	0.0159	0.0144	0.0043	0.0004	0.0087	0.0178	0.0171	0.0108	0.0145	0.0164	0.0167	0.0209	0.0017	0.0103	0.0190	0.0114	0.0092	0.0088	0.0225	0.0025	0.0025	0.0096	0.0034	0.0122	0.0152	0.0034	0.0052	0.0129	0.0161	0.0174	0.0113	0.0209	0.0017	0.0106	0.0117	0.0108	0.0006	0.0075	0.0020	0.0088	0.0015	0.0072	0.0154	0.0092	0.0220	0.0073	0.0100	0.0156	0.0053	0.0126	0.0153	0.0098	0.0207	0.0186	0.0215	0.0060	0.0116	0.0153	0.0110	0.0046	0.0126	0.0026	0.0158	0.0204	0.0033	0.0201	0.0167	0.0120	0.0198	0.0093	0.0099	0.0012	0.0054	
0.0137	0.0007	0.0173	0.0145	0.0170	0.0121	0.0064	0.0165	0.0119	0.0101	0.0064	0.0009	0.0022	0.0000	0.0089	0.0138	0.0045	0.0217	0.0082	0.0192	0.0167	0.0164	0.0208	0.0132	0.0150	0.0056	0.0008	0.0101	0.0196	0.0182	0.0189	0.0019	0.0146	0.0045	0.0061	0.0168	0.0017	0.0132	0.0197	0.0017	0.0031	0.0117	0.0009	0.0136	0.0094	0.0190	0.0015	0.0182	0.0097	0.0199	0.0151	0.0105	0.0024	0.0034	0.0079	0.0175	0.0018	0.0033	0.0214	0.0110	0.0126	0.0185	0.0200	0.0172	0.0138	0.0039	0.0085	0.0214	0.0158	0.0163	0.0133	0.0140	0.0032	0.0063	0.0165	0.0101	0.0169	0.0063	0.0034	0.0170	0.0045	0.0026	0.0016	0.0229	0.0019	0.0069	0.0221	0.0129	0.0173	0.0096	
0.0165	0.0191	0.0141	0.0077	0.0144	0.0073	0.0164	0.0079	0.0005	0.0077	0.0163	0.0046	0.0050	0.0199	0.0090	0.0017	0.0076	0.0223	0.0088	0.0207	0.0016	0.0202	0.0005	0.0034	0.0065	0.0101	0.0187	0.0192	0.0178	0.0076	0.0055	0.0192	0.0011	0.0072	0.0018	0.0173	0.0011	0.0211	0.0223	0.0104	0.0204	0.0121	0.0064	0.0183	0.0068	0.0005	0.0233	0.0069	0.0179	0.0004	0.0006	0.0034	0.0033	0.0231	0.0092	0.0183	0.0238	0.0102	0.0007	0.0022	0.0149	0.0210	0.0185	0.0173	0.0022	0.0166	0.0032	0.0226	0.0151	0.0188	0.0008	0.0128	0.0017	0.0224	0.0044	0.0181	0.0132	0.0039	0.0213	0.0061	0.0121	0.0087	0.0045	0.0157	0.0065	0.0017	0.0175	0.0031	0.0224	0.0050	
0.0176	0.0115	0.0171	0.0138	0.0186	0.0179	0.0163	0.0124	0.0159	0.0148	0.0223	0.0007	0.0152	0.0205	0.0241	0.0114	0.0011	0.0047	0.0160	0.0146	0.0056	0.0153	0.0130	0.0159	0.0115	0.0046	0.0143	0.0197	0.0092	0.0004	0.0219	0.0000	0.0002	0.0096	0.0203	0.0102	0.0138	0.0087	0.0027	0.0053	0.0192	0.0225	0.0079	0.0034	0.0070	0.0095	0.0160	0.0039	0.0147	0.0147	0.0003	0.0112	0.0075	0.0038	0.0190	0.0010	0.0233	0.0008	0.0021	0.0133	0.0054	0.0173	0.0029	0.0164	0.0145	0.0197	0.0004	0.0050	0.0013	0.0130	0.0207	0.0148	0.0019	0.0102	0.0178	0.0091	0.0071	0.0090	0.0089	0.0021	0.0114	0.0092	0.0068	0.0157	0.0001	0.0089	0.0136	0.0195	0.0109	0.0170	
0.0113	0.0131	0.0066	0.0107	0.0000	0.0015	0.0185	0.0165	0.0105	0.0110	0.0123	0.0117	0.0035	0.0020	0.0207	0.0076	0.0093	0.0215	0.0075	0.0106	0.0132	0.0120	0.0144	0.0224	0.0016	0.0179	0.0108	0.0083	0.0173	0.0055	0.0069	0.0040	0.0149	0.0048	0.0026	0.0074	0.0083	0.0140	0.0124	0.0174	0.0132	0.0166	0.0187	0.0180	0.0136	0.0004	0.0073	0.0050	0.0223	0.0143	0.0012	0.0160	0.0102	0.0006	0.0025	0.0198	0.0240	0.0057	0.0101	0.0047	0.0148	0.0100	0.0241	0.0061	0.0044	0.0061	0.0192	0.0232	0.0212	0.0139	0.0242	0.0189	0.0086	0.0124	0.0218	0.0023	0.0139	0.0155	0.0082	0.0011	0.0120	0.0042	0.0108	0.0021	0.0037	0.0120	0.0154	0.0170	0.0021	0.0041	
0.0078	0.0019	0.0033	0.0060	0.0036	0.0026	0.0160	0.0165	0.0174	0.0091	0.0052	0.0085	0.0064	0.0073	0.0175	0.0054	0.0068	0.0229	0.0013	0.0004	0.0062	0.0055	0.0208	0.0092	0.0146	0.0098	0.0211	0.0180	0.0019	0.0158	0.0148	0.0040	0.0188	0.0170	0.0048	0.0242	0.0142	0.0031	0.0096	0.0193	0.0085	0.0225	0.0196	0.0196	0.0183	0.0033	0.0229	0.0037	0.0099	0.0213	0.0058	0.0154	0.0126	0.0019	0.0205	0.0015	0.0031	0.0146	0.0147	0.0168	0.0050	0.0204	0.0151	0.0026	0.0170	0.0008	0.0122	0.0128	0.0031	0.0198	0.0129	0.0038	0.0126	0.0050	0.0142	0.0100	0.0064	0.0001	0.0129	0.0113	0.0134	0.0172	0.0086	0.0038	0.0086	0.0189	0.0135	0.0210	0.0184	0.0033	
0.0191	0.0200	0.0118	0.0144	0.0154	0.0105	0.0072	0.0212	0.0040	0.0203	0.0171	0.0100	0.0007	0.0146	0.0093	0.0023	0.0020	0.0097	0.0100	0.0108	0.0148	0.0029	0.0049	0.0020	0.0039	0.0105	0.0110	0.0098	0.0175	0.0213	0.0119	0.0175	0.0143	0.0230	0.0002	0.0170	0.0151	0.0222	0.0150	0.0037	0.0019	0.0105	0.0171	0.0155	0.0186	0.0026	0.0179	0.0169	0.0195	0.0060	0.0186	0.0041	0.0073	0.0100	0.0084	0.0143	0.0183	0.0088	0.0112	0.0037	0.0004	0.0213	0.0036	0.0078	0.0079	0.0205	0.0191	0.0010	0.0141	0.0183	0.0112	0.0040	0.0180	0.0061	0.0092	0.0103	0.0073	0.0119	0.0042	0.0015	0.0185	0.0153	0.0138	0.0113	0.0005	0.0064	0.0103	0.0048	0.0137	0.0078	
0.0241	0.0054	0.0108	0.0093	0.0039	0.0047	0.0063	0.0126	0.0082	0.0017	0.0091	0.0170	0.0040	0.0017	0.0203	0.0164	0.0083	0.0018	0.0002	0.0227	0.0072	0.0047	0.0057	0.0099	0.0086	0.0080	0.0057	0.0160	0.0079	0.0015	0.0113	0.0142	0.0103	0.0067	0.0195	0.0056	0.0180	0.0104	0.0030	0.0048	0.0032	0.0219	0.0034	0.0027	0.0161	0.0021	0.0138	0.0138	0.0167	0.0083	0.0224	0.0093	0.0044	0.0169	0.0000	0.0180	0.0271	0.0005	0.0003	0.0196	0.0241	0.0158	0.0057	0.0074	0.0154	0.0174	0.0063	0.0209	0.0074	0.0161	0.0260	0.0235	0.0230	0.0194	0.0208	0.0152	0.0006	0.0035	0.0171	0.0074	0.0197	0.0152	0.0004	0.0230	0.0025	0.0010	0.0101	0.0180	0.0063	0.0232	
0.0055	0.0138	0.0088	0.0061	0.0054	0.0108	0.0125	0.0199	0.0095	0.0012	0.0230	0.0152	0.0067	0.0008	0.0093	0.0009	0.0090	0.0090	0.0177	0.0088	0.0129	0.0194	0.0075	0.0154	0.0002	0.0066	0.0129	0.0054	0.0045	0.0145	0.0069	0.0106	0.0137	0.0069	0.0088	0.0063	0.0113	0.0149	0.0147	0.0064	0.0220	0.0041	0.0140	0.0122	0.0090	0.0033	0.0087	0.0196	0.0136	0.0013	0.0130	0.0009	0.0198	0.0192	0.0055	0.0079	0.0082	0.0142	0.0062	0.0206	0.0205	0.0073	0.0169	0.0189	0.0165	0.0077	0.0007	0.0218	0.0136	0.0033	0.0131	0.0181	0.0164	0.0114	0.0098	0.0148	0.0034	0.0162	0.0054	0.0181	0.0216	0.0125	0.0145	0.0029	0.0215	0.0050	0.0124	0.0174	0.0012	0.0201	
0.0217	0.0172	0.0082	0.0126	0.0081	0.0130	0.0101	0.0200	0.0187	0.0030	0.0032	0.0087	0.0071	0.0081	0.0135	0.0177	0.0051	0.0092	0.0096	0.0133	0.0043	0.0119	0.0102	0.0096	0.0200	0.0074	0.0142	0.0103	0.0168	0.0119	0.0177	0.0056	0.0192	0.0138	0.0047	0.0186	0.0074	0.0030	0.0041	0.0163	0.0020	0.0067	0.0163	0.0018	0.0145	0.0117	0.0067	0.0050	0.0138	0.0023	0.0001	0.0031	0.0071	0.0086	0.0159	0.0069	0.0078	0.0171	0.0156	0.0231	0.0008	0.0213	0.0003	0.0075	0.0078	0.0195	0.0107	0.0167	0.0043	0.0192	0.0110	0.0023	0.0046	0.0138	0.0117	0.0222	0.0155	0.0079	0.0167	0.0076	0.0018	0.0080	0.0173	0.0171	0.0108	0.0116	0.0198	0.0145	0.0177	0.0186	
0.0099	0.0093	0.0095	0.0037	0.0186	0.0029	0.0062	0.0139	0.0157	0.0198	0.0020	0.0150	0.0015	0.0190	0.0140	0.0207	0.0212	0.0188	0.0180	0.0168	0.0116	0.0233	0.0044	0.0070	0.0184	0.0151	0.0005	0.0061	0.0205	0.0185	0.0002	0.0207	0.0173	0.0071	0.0097	0.0019	0.0165	0.0017	0.0227	0.0098	0.0166	0.0032	0.0130	0.0202	0.0067	0.0095	0.0075	0.0031	0.0036	0.0142	0.0157	0.0025	0.0155	0.0034	0.0064	0.0097	0.0059	0.0021	0.0060	0.0017	0.0028	0.0248	0.0207	0.0001	0.0180	0.0028	0.0207	0.0170	0.0090	0.0135	0.0052	0.0204	0.0201	0.0090	0.0022	0.0129	0.0079	0.0071	0.0238	0.0107	0.0085	0.0192	0.0029	0.0038	0.0003	0.0209	0.0056	0.0136	0.0006	0.0202	
0.0189	0.0117	0.0167	0.0149	0.0070	0.0129	0.0068	0.0137	0.0015	0.0047	0.0143	0.0116	0.0159	0.0123	0.0097	0.0182	0.0043	0.0068	0.0010	0.0146	0.0021	0.0190	0.0026	0.0164	0.0133	0.0047	0.0182	0.0119	0.0206	0.0204	0.0199	0.0057	0.0148	0.0091	0.0139	0.0142	0.0001	0.0021	0.0018	0.0080	0.0034	0.0160	0.0042	0.0137	0.0164	0.0159	0.0030	0.0098	0.0164	0.0023	0.0132	0.0192	0.0105	0.0054	0.0170	0.0183	0.0103	0.0005	0.0020	0.0016	0.0170	0.0153	0.0148	0.0034	0.0069	0.0062	0.0169	0.0065	0.0189	0.0192	0.0195	0.0024	0.0044	0.0136	0.0123	0.0097	0.0145	0.0078	0.0196	0.0170	0.0022	0.0072	0.0167	0.0182	0.0045	0.0177	0.0150	0.0108	0.0119	0.0143	
0.0036	0.0205	0.0000	0.0001	0.0148	0.0098	0.0012	0.0020	0.0097	0.0155	0.0002	0.0218	0.0148	0.0219	0.0060	0.0137	0.0160	0.0234	0.0152	0.0090	0.0045	0.0022	0.0031	0.0050	0.0217	0.0101	0.0203	0.0177	0.0220	0.0099	0.0151	0.0078	0.0168	0.0050	0.0175	0.0244	0.0027	0.0056	0.0017	0.0038	0.0088	0.0166	0.0213	0.0068	0.0183	0.0059	0.0201	0.0201	0.0168	0.0144	0.0055	0.0211	0.0190	0.0053	0.0120	0.0012	0.0229	0.0178	0.0008	0.0031	0.0137	0.0072	0.0039	0.0002	0.0004	0.0166	0.0038	0.0088	0.0047	0.0080	0.0125	0.0123	0.0183	0.0111	0.0005	0.0175	0.0031	0.0189	0.0085	0.0158	0.0162	0.0199	0.0026	0.0071	0.0037	0.0162	0.0125	0.0113	0.0162	0.0146	
0.0017	0.0068	0.0044	0.0212	0.0147	0.0019	0.0106	0.0239	0.0067	0.0053	0.0032	0.0113	0.0199	0.0083	0.0042	0.0183	0.0226	0.0087	0.0046	0.0189	0.0174	0.0008	0.0101	0.0078	0.0101	0.0158	0.0041	0.0194	0.0207	0.0064	0.0039	0.0157	0.0158	0.0140	0.0061	0.0039	0.0067	0.0219	0.0248	0.0211	0.0043	0.0043	0.0114	0.0028	0.0123	0.0046	0.0025	0.0163	0.0034	0.0088	0.0174	0.0043	0.0059	0.0202	0.0166	0.0007	0.0225	0.0188	0.0108	0.0212	0.0210	0.0144	0.0032	0.0009	0.0014	0.0101	0.0187	0.0048	0.0020	0.0003	0.0129	0.0017	0.0095	0.0063	0.0164	0.0208	0.0130	0.0072	0.0181	0.0058	0.0150	0.0087	0.0165	0.0106	0.0111	0.0216	0.0103	0.0201	0.0202	0.0046	
0.0066	0.0077	0.0091	0.0012	0.0004	0.0118	0.0010	0.0111	0.0016	0.0047	0.0125	0.0228	0.0179	0.0029	0.0222	0.0167	0.0158	0.0247	0.0028	0.0194	0.0089	0.0143	0.0028	0.0048	0.0049	0.0105	0.0197	0.0151	0.0130	0.0019	0.0244	0.0199	0.0078	0.0216	0.0182	0.0016	0.0151	0.0086	0.0067	0.0026	0.0161	0.0010	0.0054	0.0109	0.0157	0.0143	0.0159	0.0115	0.0136	0.0156	0.0051	0.0111	0.0161	0.0213	0.0157	0.0135	0.0072	0.0051	0.0168	0.0116	0.0142	0.0084	0.0236	0.0218	0.0047	0.0115	0.0130	0.0178	0.0076	0.0203	0.0022	0.0094	0.0153	0.0001	0.0048	0.0128	0.0081	0.0123	0.0091	0.0116	0.0185	0.0057	0.0029	0.0173	0.0183	0.0112	0.0055	0.0083	0.0042	0.0008	
0.0199	0.0087	0.0131	0.0166	0.0116	0.0073	0.0028	0.0063	0.0075	0.0083	0.0040	0.0223	0.0058	0.0166	0.0176	0.0200	0.0164	0.0173	0.0170	0.0048	0.0068	0.0172	0.0189	0.0068	0.0145	0.0090	0.0061	0.0026	0.0036	0.0161	0.0062	0.0038	0.0147	0.0081	0.0017	0.0176	0.0183	0.0240	0.0154	0.0194	0.0087	0.0021	0.0048	0.0011	0.0080	0.0197	0.0012	0.0085	0.0031	0.0212	0.0183	0.0133	0.0141	0.0228	0.0152	0.0011	0.0152	0.0056	0.0021	0.0009	0.0025	0.0000	0.0028	0.0163	0.0024	0.0227	0.0062	0.0221	0.0139	0.0002	0.0028	0.0177	0.0027	0.0203	0.0205	0.0077	0.0120	0.0171	0.0226	0.0159	0.0085	0.0183	0.0001	0.0046	0.0181	0.0150	0.0118	0.0174	0.0153	0.0004	
0.0018	0.0107	0.0196	0.0114	0.0160	0.0078	0.0211	0.0117	0.0208	0.0096	0.0167	0.0036	0.0180	0.0025	0.0185	0.0030	0.0091	0.0182	0.0016	0.0080	0.0112	0.0191	0.0072	0.0074	0.0129	0.0060	0.0212	0.0208	0.0203	0.0101	0.0112	0.0125	0.0048	0.0134	0.0209	0.0142	0.0182	0.0129	0.0027	0.0113	0.0071	0.0226	0.0168	0.0117	0.0014	0.0042	0.0007	0.0211	0.0076	0.0149	0.0056	0.0162	0.0138	0.0076	0.0102	0.0056	0.0035	0.0110	0.0191	0.0094	0.0075	0.0015	0.0162	0.0120	0.0191	0.0021	0.0206	0.0036	0.0042	0.0056	0.0072	0.0194	0.0156	0.0123	0.0008	0.0152	0.0001	0.0203	0.0061	0.0110	0.0057	0.0022	0.0119	0.0039	0.0040	0.0170	0.0209	0.0180	0.0033	0.0142	
0.0120	0.0061	0.0166	0.0144	0.0041	0.0054	0.0059	0.0073	0.0126	0.0252	0.0076	0.0216	0.0178	0.0023	0.0105	0.0104	0.0236	0.0011	0.0072	0.0176	0.0048	0.0061	0.0059	0.0096	0.0046	0.0054	0.0121	0.0113	0.0088	0.0046	0.0031	0.0014	0.0003	0.0124	0.0189	0.0007	0.0021	0.0011	0.0111	0.0179	0.0090	0.0187	0.0075	0.0054	0.0046	0.0088	0.0098	0.0102	0.0209	0.0165	0.0169	0.0226	0.0134	0.0080	0.0097	0.0041	0.0001	0.0073	0.0101	0.0231	0.0167	0.0163	0.0263	0.0092	0.0185	0.0048	0.0197	0.0046	0.0066	0.0100	0.0082	0.0248	0.0138	0.0129	0.0109	0.0148	0.0227	0.0235	0.0040	0.0186	0.0225	0.0009	0.0160	0.0154	0.0100	0.0042	0.0112	0.0190	0.0029	0.0124	
0.0005	0.0175	0.0148	0.0108	0.0006	0.0135	0.0194	0.0248	0.0096	0.0008	0.0165	0.0055	0.0039	0.0108	0.0103	0.0201	0.0069	0.0024	0.0195	0.0193	0.0051	0.0004	0.0044	0.0151	0.0012	0.0172	0.0012	0.0073	0.0256	0.0175	0.0202	0.0033	0.0012	0.0171	0.0084	0.0153	0.0086	0.0043	0.0127	0.0215	0.0184	0.0265	0.0121	0.0030	0.0055	0.0141	0.0231	0.0064	0.0050	0.0139	0.0209	0.0088	0.0200	0.0067	0.0086	0.0001	0.0146	0.0210	0.0109	0.0077	0.0139	0.0126	0.0005	0.0191	0.0070	0.0101	0.0043	0.0107	0.0025	0.0229	0.0128	0.0025	0.0146	0.0229	0.0030	0.0076	0.0114	0.0016	0.0095	0.0101	0.0202	0.0182	0.0027	0.0090	0.0177	0.0091	0.0066	0.0191	0.0082	0.0075	
0.0005	0.0078	0.0165	0.0035	0.0079	0.0052	0.0201	0.0182	0.0184	0.0193	0.0119	0.0099	0.0037	0.0072	0.0026	0.0182	0.0165	0.0211	0.0033	0.0013	0.0101	0.0106	0.0128	0.0001	0.0097	0.0161	0.0083	0.0135	0.0007	0.0226	0.0033	0.0087	0.0022	0.0165	0.0180	0.0029	0.0073	0.0101	0.0146	0.0188	0.0078	0.0162	0.0046	0.0106	0.0191	0.0085	0.0148	0.0166	0.0063	0.0197	0.0129	0.0077	0.0133	0.0066	0.0174	0.0114	0.0177	0.0141	0.0157	0.0129	0.0193	0.0066	0.0187	0.0213	0.0146	0.0016	0.0073	0.0093	0.0112	0.0244	0.0109	0.0070	0.0068	0.0063	0.0151	0.0215	0.0058	0.0020	0.0011	0.0017	0.0036	0.0130	0.0074	0.0029	0.0070	0.0158	0.0168	0.0204	0.0200	0.0062	
0.0083	0.0125	0.0157	0.0004	0.0222	0.0010	0.0187	0.0075	0.0171	0.0194	0.0017	0.0049	0.0055	0.0054	0.0099	0.0064	0.0004	0.0081	0.0126	0.0177	0.0047	0.0137	0.0136	0.0131	0.0081	0.0056	0.0198	0.0126	0.0125	0.0210	0.0076	0.0108	0.0084	0.0045	0.0131	0.0214	0.0112	0.0068	0.0066	0.0135	0.0204	0.0217	0.0045	0.0030	0.0003	0.0185	0.0079	0.0019	0.0157	0.0205	0.0151	0.0079	0.0046	0.0018	0.0005	0.0146	0.0210	0.0023	0.0130	0.0154	0.0026	0.0061	0.0180	0.0210	0.0112	0.0118	0.0173	0.0008	0.0133	0.0133	0.0167	0.0151	0.0017	0.0202	0.0192	0.0084	0.0087	0.0116	0.0134	0.0098	0.0209	0.0173	0.0179	0.0128	0.0029	0.0182	0.0059	0.0077	0.0037	0.0181	
0.0236	0.0095	0.0160	0.0120	0.0125	0.0140	0.0035	0.0080	0.0139	0.0109	0.0027	0.0072	0.0103	0.0028	0.0067	0.0014	0.0064	0.0072	0.0037	0.0140	0.0059	0.0075	0.0118	0.0022	0.0171	0.0060	0.0081	0.0033	0.0168	0.0144	0.0063	0.0115	0.0181	0.0159	0.0135	0.0081	0.0200	0.0125	0.0099	0.0056	0.0048	0.0018	0.0195	0.0025	0.0084	0.0139	0.0092	0.0160	0.0081	0.0016	0.0141	0.0214	0.0036	0.0123	0.0138	0.0130	0.0210	0.0124	0.0174	0.0062	0.0076	0.0213	0.0136	0.0238	0.0041	0.0144	0.0108	0.0193	0.0111	0.0236	0.0017	0.0173	0.0184	0.0215	0.0098	0.0056	0.0099	0.0088	0.0163	0.0031	0.0223	0.0121	0.0167	0.0178	0.0220	0.0063	0.0076	0.0088	0.0024	0.0004	
0.0096	0.0076	0.0162	0.0028	0.0220	0.0041	0.0120	0.0221	0.0191	0.0174	0.0039	0.0153	0.0064	0.0092	0.0223	0.0187	0.0006	0.0067	0.0013	0.0080	0.0029	0.0117	0.0199	0.0134	0.0071	0.0175	0.0041	0.0172	0.0005	0.0200	0.0075	0.0034	0.0134	0.0114	0.0120	0.0168	0.0012	0.0180	0.0237	0.0059	0.0156	0.0119	0.0088	0.0202	0.0001	0.0046	0.0063	0.0084	0.0171	0.0018	0.0062	0.0006	0.0050	0.0167	0.0187	0.0194	0.0110	0.0017	0.0176	0.0025	0.0004	0.0178	0.0231	0.0017	0.0106	0.0215	0.0015	0.0165	0.0196	0.0069	0.0207	0.0051	0.0065	0.0170	0.0159	0.0162	0.0011	0.0002	0.0147	0.0027	0.0114	0.0164	0.0020	0.0203	0.0121	0.0060	0.0200	0.0190	0.0136	0.0126	
0.0069	0.0204	0.0005	0.0194	0.0063	0.0209	0.0121	0.0093	0.0099	0.0005	0.0049	0.0129	0.0134	0.0105	0.0066	0.0016	0.0168	0.0115	0.0009	0.0038	0.0163	0.0107	0.0101	0.0152	0.0122	0.0055	0.0150	0.0001	0.0124	0.0055	0.0018	0.0045	0.0027	0.0070	0.0005	0.0229	0.0048	0.0105	0.0148	0.0168	0.0040	0.0181	0.0125	0.0131	0.0195	0.0005	0.0061	0.0144	0.0175	0.0114	0.0122	0.0116	0.0190	0.0118	0.0173	0.0181	0.0132	0.0081	0.0068	0.0001	0.0074	0.0124	0.0240	0.0054	0.0215	0.0238	0.0094	0.0055	0.0092	0.0105	0.0229	0.0076	0.0202	0.0071	0.0002	0.0056	0.0216	0.0200	0.0169	0.0129	0.0001	0.0216	0.0073	0.0236	0.0159	0.0134	0.0087	0.0152	0.0129	0.0039	
0.0094	0.0182	0.0033	0.0121	0.0106	0.0146	0.0185	0.0091	0.0164	0.0269	0.0190	0.0005	0.0066	0.0069	0.0179	0.0064	0.0129	0.0137	0.0118	0.0120	0.0188	0.0165	0.0163	0.0182	0.0224	0.0079	0.0047	0.0209	0.0133	0.0091	0.0160	0.0184	0.0167	0.0058	0.0012	0.0011	0.0036	0.0096	0.0252	0.0084	0.0100	0.0137	0.0043	0.0145	0.0197	0.0227	0.0190	0.0009	0.0093	0.0096	0.0014	0.0218	0.0039	0.0009	0.0049	0.0156	0.0035	0.0093	0.0126	0.0016	0.0106	0.0220	0.0225	0.0080	0.0095	0.0227	0.0086	0.0004	0.0054	0.0163	0.0029	0.0045	0.0142	0.0027	0.0027	0.0138	0.0124	0.0004	0.0208	0.0003	0.0164	0.0035	0.0121	0.0035	0.0071	0.0164	0.0148	0.0166	0.0008	0.0081	
0.0189	0.0136	0.0163	0.0147	0.0179	0.0093	0.0129	0.0176	0.0057	0.0011	0.0145	0.0146	0.0166	0.0139	0.0067	0.0173	0.0036	0.0012	0.0185	0.0135	0.0035	0.0022	0.0110	0.0101	0.0078	0.0056	0.0072	0.0124	0.0005	0.0133	0.0059	0.0139	0.0195	0.0171	0.0138	0.0082	0.0062	0.0166	0.0045	0.0114	0.0153	0.0129	0.0128	0.0136	0.0065	0.0171	0.0073	0.0144	0.0171	0.0075	0.0106	0.0110	0.0132	0.0065	0.0027	0.0147	0.0033	0.0057	0.0073	0.0117	0.0026	0.0007	0.0186	0.0133	0.0146	0.0190	0.0144	0.0192	0.0009	0.0198	0.0116	0.0077	0.0153	0.0062	0.0175	0.0140	0.0080	0.0164	0.0030	0.0098	0.0201	0.0109	0.0144	0.0129	0.0014	0.0129	0.0001	0.0140	0.0135	0.0168	
0.0046	0.0001	0.0095	0.0120	0.0098	0.0157	0.0153	0.0019	0.0215	0.0101	0.0043	0.0092	0.0164	0.0185	0.0191	0.0040	0.0138	0.0086	0.0084	0.0110	0.0078	0.0067	0.0036	0.0178	0.0125	0.0118	0.0044	0.0044	0.0122	0.0008	0.0208	0.0014	0.0039	0.0030	0.0159	0.0133	0.0195	0.0056	0.0197	0.0037	0.0193	0.0067	0.0163	0.0150	0.0066	0.0113	0.0190	0.0194	0.0172	0.0190	0.0013	0.0135	0.0056	0.0052	0.0105	0.0189	0.0202	0.0111	0.0203	0.0186	0.0116	0.0120	0.0120	0.0213	0.0109	0.0026	0.0053	0.0133	0.0036	0.0059	0.0056	0.0091	0.0114	0.0046	0.0131	0.0029	0.0107	0.0106	0.0114	0.0022	0.0165	0.0059	0.0078	0.0154	0.0215	0.0062	0.0173	0.0213	0.0128	0.0174	
0.0179	0.0069	0.0066	0.0205	0.0151	0.0073	0.0170	0.0213	0.0033	0.0057	0.0082	0.0056	0.0192	0.0127	0.0162	0.0143	0.0012	0.0015	0.0133	0.0078	0.0076	0.0081	0.0015	0.0187	0.0035	0.0055	0.0027	0.0180	0.0221	0.0053	0.0079	0.0064	0.0220	0.0080	0.0129	0.0224	0.0028	0.0142	0.0155	0.0060	0.0080	0.0144	0.0072	0.0057	0.0158	0.0107	0.0122	0.0166	0.0013	0.0070	0.0055	0.0182	0.0075	0.0067	0.0091	0.0080	0.0073	0.0097	0.0162	0.0086	0.0049	0.0218	0.0239	0.0210	0.0206	0.0001	0.0064	0.0098	0.0003	0.0181	0.0130	0.0111	0.0098	0.0070	0.0004	0.0230	0.0000	0.0170	0.0011	0.0139	0.0173	0.0054	0.0166	0.0149	0.0214	0.0121	0.0219	0.0150	0.0206	0.0028	
0.0150	0.0138	0.0191	0.0048	0.0013	0.0087	0.0143	0.0101	0.0085	0.0202	0.0065	0.0026	0.0219	0.0075	0.0206	0.0187	0.0056	0.0007	0.0061	0.0120	0.0072	0.0124	0.0091	0.0027	0.0132	0.0213	0.0040	0.0063	0.0223	0.0076	0.0014	0.0139	0.0118	0.0212	0.0033	0.0215	0.0144	0.0062	0.0070	0.0137	0.0055	0.0154	0.0087	0.0053	0.0085	0.0137	0.0097	0.0094	0.0207	0.0036	0.0075	0.0232	0.0085	0.0094	0.0172	0.0022	0.0072	0.0158	0.0132	0.0018	0.0052	0.0086	0.0126	0.0014	0.0173	0.0146	0.0146	0.0228	0.0040	0.0242	0.0056	0.0251	0.0165	0.0146	0.0071	0.0217	0.0025	0.0036	0.0170	0.0219	0.0137	0.0157	0.0097	0.0182	0.0222	0.0029	0.0059	0.0022	0.0031	0.0007	
0.0142	0.0187	0.0148	0.0039	0.0096	0.0180	0.0022	0.0084	0.0107	0.0195	0.0007	0.0100	0.0066	0.0191	0.0238	0.0079	0.0036	0.0173	0.0021	0.0189	0.0001	0.0025	0.0005	0.0143	0.0103	0.0110	0.0209	0.0151	0.0018	0.0152	0.0088	0.0116	0.0186	0.0034	0.0090	0.0088	0.0069	0.0136	0.0067	0.0092	0.0165	0.0189	0.0136	0.0169	0.0194	0.0034	0.0103	0.0124	0.0207	0.0137	0.0203	0.0119	0.0001	0.0049	0.0005	0.0099	0.0202	0.0011	0.0160	0.0211	0.0219	0.0088	0.0071	0.0210	0.0100	0.0117	0.0131	0.0031	0.0100	0.0159	0.0006	0.0138	0.0096	0.0159	0.0048	0.0065	0.0101	0.0032	0.0156	0.0072	0.0022	0.0070	0.0189	0.0102	0.0145	0.0172	0.0117	0.0160	0.0028	0.0193	
0.0104	0.0046	0.0163	0.0068	0.0092	0.0054	0.0088	0.0164	0.0080	0.0095	0.0144	0.0062	0.0025	0.0041	0.0136	0.0078	0.0012	0.0069	0.0199	0.0130	0.0003	0.0138	0.0073	0.0070	0.0137	0.0114	0.0102	0.0149	0.0044	0.0132	0.0212	0.0179	0.0191	0.0103	0.0026	0.0173	0.0127	0.0014	0.0053	0.0163	0.0149	0.0143	0.0124	0.0031	0.0124	0.0139	0.0041	0.0110	0.0180	0.0043	0.0133	0.0036	0.0114	0.0072	0.0177	0.0134	0.0179	0.0091	0.0114	0.0160	0.0145	0.0121	0.0127	0.0160	0.0085	0.0128	0.0059	0.0124	0.0015	0.0189	0.0149	0.0209	0.0017	0.0018	0.0184	0.0084	0.0203	0.0038	0.0122	0.0177	0.0095	0.0157	0.0176	0.0197	0.0165	0.0135	0.0061	0.0137	0.0112	0.0063	
0.0167	0.0036	0.0104	0.0096	0.0020	0.0031	0.0020	0.0173	0.0160	0.0027	0.0114	0.0135	0.0120	0.0216	0.0099	0.0180	0.0016	0.0116	0.0068	0.0132	0.0172	0.0160	0.0157	0.0128	0.0054	0.0197	0.0124	0.0142	0.0229	0.0162	0.0078	0.0145	0.0228	0.0144	0.0208	0.0126	0.0114	0.0131	0.0211	0.0186	0.0058	0.0015	0.0087	0.0143	0.0089	0.0177	0.0066	0.0006	0.0089	0.0020	0.0172	0.0180	0.0064	0.0015	0.0132	0.0049	0.0057	0.0148	0.0030	0.0030	0.0096	0.0124	0.0003	0.0026	0.0139	0.0179	0.0127	0.0145	0.0004	0.0206	0.0057	0.0095	0.0143	0.0114	0.0057	0.0175	0.0049	0.0118	0.0025	0.0123	0.0135	0.0133	0.0020	0.0173	0.0230	0.0130	0.0080	0.0153	0.0023	0.0166	
0.0077	0.0149	0.0114	0.0155	0.0093	0.0143	0.0011	0.0081	0.0137	0.0149	0.0055	0.0095	0.0001	0.0098	0.0202	0.0063	0.0046	0.0166	0.0188	0.0171	0.0002	0.0157	0.0156	0.0144	0.0115	0.0181	0.0100	0.0035	0.0047	0.0056	0.0097	0.0152	0.0150	0.0059	0.0141	0.0137	0.0184	0.0176	0.0034	0.0111	0.0148	0.0208	0.0147	0.0076	0.0054	0.0040	0.0148	0.0118	0.0236	0.0125	0.0069	0.0134	0.0022	0.0051	0.0155	0.0118	0.0217	0.0157	0.0056	0.0131	0.0075	0.0191	0.0031	0.0097	0.0059	0.0108	0.0157	0.0178	0.0174	0.0071	0.0091	0.0093	0.0117	0.0064	0.0051	0.0030	0.0210	0.0065	0.0088	0.0069	0.0049	0.0176	0.0039	0.0140	0.0184	0.0152	0.0132	0.0134	0.0112	0.0022	
0.0135	0.0006	0.0108	0.0118	0.0046	0.0149	0.0159	0.0081	0.0028	0.0160	0.0124	0.0196	0.0174	0.0150	0.0039	0.0187	0.0013	0.0188	0.0199	0.0112	0.0096	0.0146	0.0101	0.0182	0.0061	0.0104	0.0148	0.0100	0.0122	0.0115	0.0219	0.0039	0.0036	0.0153	0.0149	0.0084	0.0203	0.0213	0.0020	0.0094	0.0082	0.0150	0.0030	0.0124	0.0166	0.0059	0.0008	0.0095	0.0102	0.0199	0.0132	0.0156	0.0099	0.0206	0.0113	0.0189	0.0123	0.0117	0.0063	0.0154	0.0024	0.0057	0.0194	0.0130	0.0179	0.0060	0.0158	0.0015	0.0003	0.0190	0.0235	0.0014	0.0151	0.0109	0.0044	0.0206	0.0106	0.0176	0.0005	0.0001	0.0095	0.0036	0.0013	0.0111	0.0163	0.0034	0.0141	0.0043	0.0034	0.0145	
0.0193	0.0055	0.0144	0.0080	0.0084	0.0026	0.0165	0.0121	0.0147	0.0127	0.0159	0.0218	0.0112	0.0141	0.0215	0.0133	0.0000	0.0223	0.0151	0.0113	0.0073	0.0153	0.0120	0.0058	0.0041	0.0185	0.0040	0.0057	0.0187	0.0152	0.0146	0.0103	0.0192	0.0061	0.0222	0.0157	0.0078	0.0074	0.0045	0.0013	0.0035	0.0237	0.0016	0.0084	0.0077	0.0092	0.0152	0.0083	0.0134	0.0042	0.0031	0.0156	0.0087	0.0122	0.0060	0.0030	0.0158	0.0081	0.0038	0.0094	0.0202	0.0110	0.0187	0.0021	0.0198	0.0010	0.0012	0.0041	0.0126	0.0073	0.0067	0.0154	0.0157	0.0146	0.0099	0.0116	0.0131	0.0032	0.0189	0.0148	0.0048	0.0143	0.0150	0.0116	0.0107	0.0188	0.0019	0.0072	0.0210	0.0153	
0.0242	0.0178	0.0035	0.0153	0.0026	0.0123	0.0044	0.0232	0.0096	0.0089	0.0129	0.0116	0.0192	0.0058	0.0226	0.0112	0.0203	0.0172	0.0022	0.0150	0.0091	0.0120	0.0116	0.0101	0.0035	0.0043	0.0177	0.0037	0.0134	0.0018	0.0236	0.0145	0.0045	0.0182	0.0071	0.0084	0.0103	0.0006	0.0155	0.0168	0.0066	0.0155	0.0134	0.0084	0.0050	0.0142	0.0216	0.0088	0.0155	0.0004	0.0190	0.0081	0.0050	0.0045	0.0056	0.0090	0.0083	0.0135	0.0125	0.0209	0.0184	0.0006	0.0108	0.0089	0.0089	0.0165	0.0063	0.0223	0.0189	0.0156	0.0005	0.0216	0.0026	0.0066	0.0110	0.0240	0.0194	0.0023	0.0044	0.0093	0.0062	0.0065	0.0115	0.0120	0.0022	0.0120	0.0100	0.0003	0.0119	0.0161	
0.0247	0.0164	0.0100	0.0148	0.0232	0.0054	0.0044	0.0070	0.0009	0.0131	0.0124	0.0230	0.0126	0.0003	0.0262	0.0018	0.0051	0.0230	0.0166	0.0063	0.0109	0.0055	0.0117	0.0031	0.0134	0.0115	0.0111	0.0182	0.0066	0.0201	0.0069	0.0061	0.0098	0.0022	0.0148	0.0065	0.0100	0.0103	0.0095	0.0054	0.0175	0.0145	0.0015	0.0128	0.0205	0.0071	0.0200	0.0108	0.0139	0.0005	0.0078	0.0121	0.0068	0.0061	0.0057	0.0159	0.0064	0.0064	0.0020	0.0098	0.0179	0.0079	0.0258	0.0048	0.0058	0.0043	0.0122	0.0105	0.0083	0.0191	0.0154	0.0193	0.0119	0.0103	0.0121	0.0010	0.0041	0.0193	0.0034	0.0061	0.0177	0.0207	0.0062	0.0064	0.0105	0.0156	0.0224	0.0044	0.0184	0.0190	
0.0217	0.0025	0.0066	0.0177	0.0098	0.0076	0.0111	0.0186	0.0080	0.0175	0.0192	0.0084	0.0034	0.0158	0.0090	0.0110	0.0179	0.0186	0.0150	0.0040	0.0090	0.0079	0.0034	0.0158	0.0129	0.0161	0.0009	0.0134	0.0141	0.0100	0.0051	0.0068	0.0116	0.0101	0.0158	0.0112	0.0092	0.0131	0.0228	0.0023	0.0093	0.0067	0.0084	0.0057	0.0087	0.0062	0.0165	0.0084	0.0191	0.0174	0.0159	0.0015	0.0083	0.0129	0.0063	0.0112	0.0216	0.0099	0.0054	0.0127	0.0074	0.0175	0.0032	0.0190	0.0118	0.0096	0.0169	0.0145	0.0008	0.0197	0.0022	0.0064	0.0157	0.0119	0.0147	0.0061	0.0199	0.0162	0.0067	0.0064	0.0018	0.0107	0.0153	0.0171	0.0124	0.0029	0.0187	0.0210	0.0034	0.0031	
0.0122	0.0197	0.0077	0.0078	0.0180	0.0123	0.0034	0.0125	0.0149	0.0005	0.0134	0.0024	0.0103	0.0216	0.0172	0.0117	0.0042	0.0196	0.0184	0.0009	0.0119	0.0030	0.0044	0.0198	0.0096	0.0182	0.0003	0.0066	0.0066	0.0099	0.0142	0.0181	0.0107	0.0192	0.0083	0.0042	0.0217	0.0110	0.0202	0.0032	0.0026	0.0097	0.0017	0.0066	0.0164	0.0193	0.0024	0.0184	0.0006	0.0024	0.0198	0.0011	0.0011	0.0030	0.0107	0.0085	0.0176	0.0078	0.0207	0.0204	0.0139	0.0207	0.0069	0.0075	0.0098	0.0134	0.0141	0.0121	0.0137	0.0153	0.0146	0.0157	0.0216	0.0160	0.0212	0.0066	0.0009	0.0200	0.0019	0.0114	0.0155	0.0032	0.0059	0.0034	0.0093	0.0114	0.0176	0.0077	0.0080	0.0200	
0.0126	0.0137	0.0159	0.0225	0.0144	0.0069	0.0026	0.0199	0.0227	0.0064	0.0107	0.0146	0.0067	0.0100	0.0151	0.0075	0.0013	0.0086	0.0053	0.0054	0.0080	0.0212	0.0082	0.0094	0.0048	0.0109	0.0143	0.0031	0.0233	0.0275	0.0227	0.0071	0.0050	0.0164	0.0043	0.0014	0.0023	0.0019	0.0055	0.0169	0.0048	0.0084	0.0019	0.0220	0.0041	0.0049	0.0258	0.0234	0.0171	0.0040	0.0118	0.0142	0.0041	0.0049	0.0164	0.0170	0.0059	0.0057	0.0191	0.0029	0.0182	0.0267	0.0249	0.0249	0.0107	0.0024	0.0090	0.0164	0.0061	0.0135	0.0053	0.0267	0.0032	0.0145	0.0006	0.0021	0.0201	0.0133	0.0050	0.0002	0.0150	0.0172	0.0115	0.0203	0.0137	0.0067	0.0029	0.0003	0.0006	0.0127	
0.0206	0.0183	0.0079	0.0016	0.0231	0.0044	0.0099	0.0047	0.0093	0.0022	0.0244	0.0074	0.0161	0.0037	0.0230	0.0112	0.0090	0.0153	0.0034	0.0119	0.0181	0.0176	0.0014	0.0166	0.0118	0.0012	0.0115	0.0026	0.0096	0.0038	0.0257	0.0075	0.0137	0.0172	0.0151	0.0091	0.0148	0.0013	0.0154	0.0185	0.0148	0.0137	0.0013	0.0020	0.0032	0.0049	0.0002	0.0076	0.0194	0.0006	0.0197	0.0118	0.0195	0.0117	0.0126	0.0029	0.0199	0.0126	0.0117	0.0205	0.0161	0.0077	0.0216	0.0065	0.0025	0.0122	0.0165	0.0206	0.0118	0.0158	0.0217	0.0083	0.0006	0.0079	0.0213	0.0116	0.0158	0.0234	0.0137	0.0082	0.0011	0.0038	0.0074	0.0081	0.0060	0.0109	0.0108	0.0024	0.0043	0.0109	
0.0137	0.0002	0.0126	0.0146	0.0027	0.0068	0.0155	0.0185	0.0215	0.0156	0.0139	0.0022	0.0195	0.0037	0.0046	0.0128	0.0103	0.0126	0.0126	0.0022	0.0088	0.0193	0.0016	0.0031	0.0176	0.0115	0.0222	0.0103	0.0004	0.0152	0.0010	0.0135	0.0167	0.0004	0.0010	0.0211	0.0177	0.0076	0.0055	0.0128	0.0160	0.0221	0.0001	0.0193	0.0169	0.0202	0.0089	0.0035	0.0041	0.0150	0.0006	0.0224	0.0119	0.0021	0.0005	0.0163	0.0236	0.0088	0.0194	0.0133	0.0075	0.0055	0.0194	0.0081	0.0137	0.0210	0.0085	0.0180	0.0027	0.0089	0.0196	0.0032	0.0064	0.0217	0.0083	0.0159	0.0191	0.0036	0.0071	0.0193	0.0040	0.0180	0.0063	0.0074	0.0132	0.0017	0.0016	0.0145	0.0216	0.0061	
0.0183	0.0065	0.0090	0.0110	0.0054	0.0087	0.0015	0.0134	0.0056	0.0181	0.0131	0.0112	0.0009	0.0143	0.0183	0.0168	0.0130	0.0111	0.0148	0.0068	0.0154	0.0141	0.0023	0.0191	0.0071	0.0094	0.0184	0.0079	0.0146	0.0109	0.0171	0.0142	0.0144	0.0154	0.0088	0.0101	0.0115	0.0131	0.0149	0.0161	0.0107	0.0028	0.0141	0.0058	0.0054	0.0107	0.0159	0.0091	0.0092	0.0130	0.0075	0.0092	0.0154	0.0120	0.0058	0.0020	0.0042	0.0079	0.0047	0.0152	0.0112	0.0119	0.0197	0.0161	0.0020	0.0160	0.0150	0.0042	0.0060	0.0093	0.0047	0.0189	0.0151	0.0179	0.0156	0.0169	0.0175	0.0150	0.0131	0.0145	0.0150	0.0082	0.0177	0.0009	0.0017	0.0058	0.0163	0.0042	0.0094	0.0064	
0.0059	0.0029	0.0092	0.0207	0.0069	0.0185	0.0050	0.0015	0.0050	0.0112	0.0217	0.0139	0.0042	0.0005	0.0113	0.0093	0.0142	0.0005	0.0163	0.0098	0.0031	0.0105	0.0193	0.0090	0.0003	0.0028	0.0148	0.0182	0.0162	0.0177	0.0246	0.0125	0.0150	0.0224	0.0043	0.0021	0.0133	0.0207	0.0154	0.0200	0.0141	0.0222	0.0110	0.0037	0.0002	0.0033	0.0062	0.0183	0.0144	0.0138	0.0144	0.0194	0.0090	0.0015	0.0043	0.0163	0.0073	0.0001	0.0203	0.0035	0.0062	0.0084	0.0093	0.0101	0.0109	0.0046	0.0209	0.0050	0.0175	0.0092	0.0217	0.0180	0.0086	0.0176	0.0196	0.0076	0.0217	0.0141	0.0095	0.0175	0.0192	0.0140	0.0061	0.0009	0.0022	0.0037	0.0037	0.0137	0.0168	0.0078	
0.0194	0.0116	0.0211	0.0098	0.0165	0.0051	0.0112	0.0018	0.0149	0.0193	0.0070	0.0013	0.0034	0.0049	0.0194	0.0210	0.0092	0.0150	0.0045	0.0183	0.0158	0.0147	0.0129	0.0021	0.0058	0.0133	0.0018	0.0070	0.0084	0.0071	0.0009	0.0067	0.0103	0.0108	0.0139	0.0072	0.0181	0.0223	0.0041	0.0133	0.0191	0.0218	0.0198	0.0121	0.0119	0.0165	0.0123	0.0014	0.0060	0.0036	0.0162	0.0128	0.0082	0.0204	0.0110	0.0035	0.0242	0.0173	0.0039	0.0009	0.0039	0.0041	0.0191	0.0094	0.0171	0.0214	0.0137	0.0156	0.0133	0.0129	0.0038	0.0107	0.0097	0.0134	0.0019	0.0012	0.0157	0.0217	0.0117	0.0102	0.0023	0.0001	0.0018	0.0040	0.0116	0.0107	0.0209	0.0136	0.0214	0.0084	
0.0075	0.0195	0.0184	0.0026	0.0104	0.0140	0.0025	0.0129	0.0184	0.0163	0.0057	0.0209	0.0112	0.0176	0.0005	0.0074	0.0018	0.0194	0.0170	0.0102	0.0097	0.0245	0.0083	0.0151	0.0195	0.0037	0.0022	0.0124	0.0214	0.0066	0.0004	0.0002	0.0170	0.0051	0.0049	0.0053	0.0159	0.0081	0.0042	0.0102	0.0223	0.0030	0.0034	0.0198	0.0053	0.0055	0.0138	0.0074	0.0037	0.0045	0.0094	0.0032	0.0178	0.0127	0.0208	0.0071	0.0155	0.0019	0.0040	0.0061	0.0124	0.0143	0.0171	0.0128	0.0149	0.0048	0.0033	0.0051	0.0123	0.0195	0.0179	0.0180	0.0142	0.0073	0.0119	0.0102	0.0209	0.0122	0.0106	0.0152	0.0137	0.0165	0.0085	0.0158	0.0195	0.0200	0.0049	0.0038	0.0068	0.0194	
0.0163	0.0124	0.0038	0.0196	0.0225	0.0082	0.0101	0.0150	0.0039	0.0015	0.0033	0.0081	0.0196	0.0080	0.0132	0.0159	0.0115	0.0113	0.0006	0.0110	0.0100	0.0004	0.0141	0.0120	0.0142	0.0175	0.0038	0.0220	0.0165	0.0192	0.0247	0.0224	0.0210	0.0155	0.0037	0.0032	0.0125	0.0179	0.0108	0.0028	0.0234	0.0053	0.0080	0.0077	0.0117	0.0059	0.0227	0.0012	0.0041	0.0043	0.0087	0.0175	0.0033	0.0196	0.0084	0.0142	0.0221	0.0136	0.0053	0.0031	0.0051	0.0104	0.0247	0.0100	0.0016	0.0036	0.0097	0.0033	0.0042	0.0103	0.0026	0.0183	0.0013	0.0220	0.0127	0.0077	0.0154	0.0065	0.0228	0.0090	0.0213	0.0024	0.0183	0.0118	0.0089	0.0055	0.0193	0.0031	0.0071	0.0111	
0.0054	0.0196	0.0118	0.0060	0.0222	0.0103	0.0063	0.0238	0.0070	0.0100	0.0227	0.0192	0.0209	0.0172	0.0024	0.0144	0.0154	0.0059	0.0057	0.0013	0.0185	0.0143	0.0166	0.0191	0.0058	0.0026	0.0151	0.0093	0.0008	0.0196	0.0083	0.0067	0.0186	0.0155	0.0042	0.0051	0.0051	0.0189	0.0001	0.0016	0.0003	0.0171	0.0203	0.0105	0.0116	0.0014	0.0060	0.0010	0.0099	0.0161	0.0123	0.0133	0.0185	0.0061	0.0122	0.0129	0.0046	0.0144	0.0004	0.0193	0.0198	0.0198	0.0240	0.0115	0.0017	0.0132	0.0232	0.0048	0.0130	0.0227	0.0101	0.0214	0.0050	0.0038	0.0010	0.0079	0.0159	0.0044	0.0068	0.0042	0.0212	0.0132	0.0008	0.0074	0.0057	0.0159	0.0098	0.0145	0.0030	0.0128	
0.0003	0.0132	0.0189	0.0049	0.0058	0.0037	0.0180	0.0128	0.0105	0.0242	0.0024	0.0013	0.0113	0.0119	0.0078	0.0161	0.0084	0.0183	0.0054	0.0050	0.0191	0.0240	0.0095	0.0203	0.0203	0.0066	0.0208	0.0143	0.0059	0.0082	0.0039	0.0103	0.0013	0.0001	0.0216	0.0242	0.0033	0.0006	0.0251	0.0217	0.0144	0.0046	0.0158	0.0067	0.0026	0.0189	0.0035	0.0127	0.0001	0.0143	0.0100	0.0164	0.0075	0.0235	0.0163	0.0006	0.0033	0.0195	0.0082	0.0242	0.0092	0.0031	0.0073	0.0038	0.0200	0.0159	0.0000	0.0116	0.0154	0.0117	0.0139	0.0074	0.0181	0.0084	0.0160	0.0194	0.0061	0.0029	0.0183	0.0021	0.0035	0.0067	0.0141	0.0158	0.0210	0.0108	0.0022	0.0037	0.0077	0.0196	
0.0177	0.0041	0.0155	0.0001	0.0118	0.0091	0.0186	0.0135	0.0101	0.0109	0.0202	0.0156	0.0209	0.0118	0.0015	0.0029	0.0188	0.0001	0.0061	0.0193	0.0136	0.0001	0.0052	0.0047	0.0167	0.0015	0.0111	0.0127	0.0057	0.0089	0.0131	0.0188	0.0025	0.0166	0.0149	0.0083	0.0126	0.0176	0.0199	0.0043	0.0185	0.0158	0.0129	0.0047	0.0054	0.0098	0.0088	0.0008	0.0133	0.0156	0.0112	0.0020	0.0174	0.0096	0.0017	0.0157	0.0240	0.0096	0.0041	0.0102	0.0202	0.0062	0.0075	0.0012	0.0197	0.0219	0.0127	0.0034	0.0190	0.0170	0.0123	0.0034	0.0039	0.0013	0.0010	0.0030	0.0078	0.0214	0.0217	0.0069	0.0165	0.0100	0.0009	0.0128	0.0184	0.0090	0.0227	0.0171	0.0137	0.0194	
0.0081	0.0020	0.0117	0.0068	0.0056	0.0116	0.0069	0.0132	0.0071	0.0073	0.0228	0.0052	0.0029	0.0178	0.0042	0.0081	0.0177	0.0179	0.0078	0.0193	0.0070	0.0210	0.0104	0.0175	0.0139	0.0093	0.0047	0.0157	0.0040	0.0097	0.0223	0.0181	0.0098	0.0209	0.0077	0.0106	0.0120	0.0181	0.0191	0.0093	0.0160	0.0169	0.0124	0.0125	0.0081	0.0092	0.0075	0.0038	0.0082	0.0097	0.0119	0.0041	0.0063	0.0161	0.0105	0.0079	0.0134	0.0138	0.0122	0.0159	0.0070	0.0126	0.0103	0.0201	0.0071	0.0002	0.0163	0.0028	0.0099	0.0168	0.0183	0.0008	0.0003	0.0192	0.0038	0.0175	0.0068	0.0193	0.0085	0.0059	0.0032	0.0007	0.0074	0.0150	0.0180	0.0147	0.0121	0.0153	0.0098	0.0188	
0.0195	0.0174	0.0052	0.0003	0.0024	0.0034	0.0053	0.0165	0.0057	0.0092	0.0154	0.0041	0.0141	0.0113	0.0163	0.0106	0.0034	0.0079	0.0127	0.0146	0.0018	0.0119	0.0069	0.0065	0.0126	0.0062	0.0043	0.0129	0.0015	0.0123	0.0090	0.0012	0.0122	0.0105	0.0171	0.0223	0.0142	0.0218	0.0180	0.0199	0.0090	0.0119	0.0112	0.0156	0.0115	0.0190	0.0076	0.0136	0.0005	0.0056	0.0114	0.0037	0.0031	0.0147	0.0170	0.0044	0.0109	0.0164	0.0077	0.0175	0.0205	0.0110	0.0150	0.0152	0.0003	0.0131	0.0118	0.0037	0.0147	0.0166	0.0155	0.0033	0.0103	0.0117	0.0067	0.0117	0.0004	0.0080	0.0151	0.0122	0.0218	0.0091	0.0123	0.0175	0.0193	0.0043	0.0189	0.0241	0.0128	0.0124	
0.0115	0.0183	0.0145	0.0002	0.0004	0.0187	0.0205	0.0240	0.0210	0.0238	0.0107	0.0046	0.0000	0.0067	0.0132	0.0101	0.0144	0.0158	0.0088	0.0063	0.0036	0.0025	0.0053	0.0162	0.0179	0.0121	0.0209	0.0189	0.0173	0.0192	0.0196	0.0148	0.0106	0.0025	0.0071	0.0253	0.0127	0.0142	0.0142	0.0108	0.0160	0.0021	0.0100	0.0153	0.0067	0.0173	0.0113	0.0085	0.0077	0.0121	0.0139	0.0059	0.0119	0.0098	0.0108	0.0075	0.0154	0.0194	0.0046	0.0122	0.0007	0.0005	0.0060	0.0038	0.0049	0.0175	0.0178	0.0229	0.0000	0.0149	0.0228	0.0007	0.0022	0.0212	0.0148	0.0030	0.0155	0.0110	0.0092	0.0006	0.0023	0.0101	0.0125	0.0045	0.0030	0.0110	0.0022	0.0013	0.0145	0.0208	
0.0082	0.0138	0.0090	0.0012	0.0099	0.0148	0.0194	0.0075	0.0132	0.0147	0.0015	0.0136	0.0099	0.0173	0.0163	0.0147	0.0032	0.0160	0.0180	0.0082	0.0148	0.0028	0.0120	0.0039	0.0081	0.0131	0.0104	0.0009	0.0005	0.0180	0.0159	0.0163	0.0061	0.0010	0.0051	0.0073	0.0146	0.0012	0.0117	0.0231	0.0064	0.0078	0.0206	0.0187	0.0200	0.0124	0.0008	0.0202	0.0127	0.0121	0.0087	0.0106	0.0065	0.0076	0.0062	0.0051	0.0012	0.0045	0.0154	0.0190	0.0041	0.0192	0.0079	0.0210	0.0201	0.0092	0.0070	0.0086	0.0121	0.0091	0.0237	0.0023	0.0052	0.0188	0.0018	0.0107	0.0046	0.0194	0.0047	0.0202	0.0139	0.0141	0.0108	0.0122	0.0087	0.0049	0.0097	0.0227	0.0172	0.0223	
0.0056	0.0093	0.0089	0.0126	0.0194	0.0097	0.0001	0.0023	0.0196	0.0149	0.0065	0.0163	0.0075	0.0040	0.0148	0.0061	0.0043	0.0122	0.0052	0.0194	0.0008	0.0062	0.0005	0.0185	0.0065	0.0125	0.0076	0.0178	0.0111	0.0175	0.0241	0.0079	0.0136	0.0126	0.0032	0.0138	0.0163	0.0152	0.0250	0.0141	0.0088	0.0023	0.0197	0.0127	0.0125	0.0198	0.0078	0.0064	0.0226	0.0015	0.0005	0.0220	0.0159	0.0218	0.0217	0.0212	0.0108	0.0121	0.0066	0.0056	0.0027	0.0047	0.0151	0.0024	0.0149	0.0217	0.0022	0.0188	0.0010	0.0010	0.0138	0.0136	0.0113	0.0133	0.0108	0.0248	0.0077	0.0098	0.0053	0.0088	0.0062	0.0004	0.0182	0.0104	0.0159	0.0012	0.0147	0.0164	0.0129	0.0038	
0.0029	0.0030	0.0075	0.0146	0.0128	0.0039	0.0108	0.0206	0.0208	0.0164	0.0215	0.0127	0.0062	0.0191	0.0124	0.0101	0.0084	0.0035	0.0107	0.0201	0.0119	0.0216	0.0075	0.0203	0.0205	0.0021	0.0073	0.0033	0.0089	0.0140	0.0069	0.0097	0.0036	0.0194	0.0207	0.0111	0.0050	0.0192	0.0015	0.0062	0.0105	0.0114	0.0094	0.0100	0.0126	0.0150	0.0184	0.0205	0.0231	0.0055	0.0142	0.0104	0.0041	0.0141	0.0114	0.0030	0.0190	0.0088	0.0171	0.0101	0.0203	0.0076	0.0117	0.0089	0.0093	0.0082	0.0088	0.0096	0.0210	0.0018	0.0054	0.0128	0.0018	0.0039	0.0117	0.0050	0.0115	0.0185	0.0063	0.0057	0.0083	0.0070	0.0046	0.0033	0.0196	0.0167	0.0054	0.0143	0.0077	0.0162	
0.0178	0.0203	0.0018	0.0155	0.0112	0.0031	0.0254	0.0029	0.0023	0.0067	0.0094	0.0094	0.0007	0.0219	0.0006	0.0036	0.0103	0.0009	0.0021	0.0073	0.0146	0.0242	0.0047	0.0124	0.0019	0.0145	0.0030	0.0076	0.0131	0.0169	0.0034	0.0213	0.0006	0.0048	0.0112	0.0126	0.0122	0.0121	0.0215	0.0105	0.0057	0.0110	0.0177	0.0002	0.0236	0.0246	0.0081	0.0089	0.0034	0.0193	0.0104	0.0051	0.0115	0.0017	0.0036	0.0176	0.0161	0.0141	0.0151	0.0231	0.0005	0.0180	0.0175	0.0127	0.0034	0.0129	0.0090	0.0233	0.0112	0.0165	0.0178	0.0243	0.0065	0.0181	0.0024	0.0065	0.0057	0.0045	0.0139	0.0022	0.0072	0.0192	0.0048	0.0198	0.0049	0.0235	0.0092	0.0278	0.0012	0.0183	
0.0195	0.0174	0.0182	0.0179	0.0084	0.0103	0.0158	0.0059	0.0188	0.0106	0.0167	0.0102	0.0206	0.0110	0.0022	0.0105	0.0194	0.0179	0.0215	0.0175	0.0078	0.0088	0.0017	0.0103	0.0111	0.0052	0.0102	0.0178	0.0058	0.0048	0.0034	0.0080	0.0167	0.0143	0.0152	0.0192	0.0009	0.0073	0.0070	0.0114	0.0096	0.0223	0.0057	0.0010	0.0082	0.0164	0.0186	0.0128	0.0149	0.0141	0.0195	0.0119	0.0201	0.0034	0.0062	0.0086	0.0181	0.0077	0.0075	0.0025	0.0008	0.0186	0.0237	0.0151	0.0063	0.0062	0.0139	0.0055	0.0164	0.0076	0.0098	0.0136	0.0098	0.0089	0.0087	0.0124	0.0026	0.0007	0.0007	0.0152	0.0103	0.0172	0.0043	0.0128	0.0048	0.0111	0.0082	0.0151	0.0078	0.0057	
0.0213	0.0124	0.0198	0.0035	0.0106	0.0111	0.0190	0.0135	0.0166	0.0037	0.0035	0.0130	0.0179	0.0066	0.0062	0.0081	0.0005	0.0125	0.0161	0.0159	0.0056	0.0153	0.0074	0.0128	0.0130	0.0038	0.0140	0.0080	0.0087	0.0158	0.0192	0.0006	0.0177	0.0109	0.0073	0.0197	0.0120	0.0073	0.0211	0.0175	0.0115	0.0107	0.0056	0.0160	0.0112	0.0177	0.0003	0.0177	0.0070	0.0168	0.0119	0.0176	0.0184	0.0134	0.0206	0.0040	0.0056	0.0070	0.0101	0.0067	0.0167	0.0112	0.0045	0.0008	0.0051	0.0027	0.0152	0.0066	0.0191	0.0100	0.0158	0.0150	0.0133	0.0187	0.0047	0.0203	0.0106	0.0110	0.0213	0.0161	0.0043	0.0162	0.0013	0.0137	0.0029	0.0019	0.0024	0.0056	0.0108	0.0029	
0.0140	0.0053	0.0184	0.0126	0.0252	0.0202	0.0068	0.0061	0.0127	0.0119	0.0036	0.0180	0.0228	0.0221	0.0020	0.0212	0.0020	0.0015	0.0081	0.0029	0.0135	0.0178	0.0081	0.0163	0.0028	0.0018	0.0118	0.0132	0.0234	0.0040	0.0003	0.0109	0.0166	0.0199	0.0213	0.0124	0.0196	0.0034	0.0229	0.0061	0.0132	0.0060	0.0200	0.0102	0.0137	0.0094	0.0205	0.0038	0.0134	0.0051	0.0004	0.0011	0.0193	0.0102	0.0098	0.0172	0.0208	0.0029	0.0097	0.0224	0.0105	0.0160	0.0092	0.0103	0.0103	0.0145	0.0000	0.0017	0.0003	0.0154	0.0009	0.0241	0.0045	0.0023	0.0140	0.0128	0.0196	0.0198	0.0002	0.0156	0.0046	0.0068	0.0013	0.0152	0.0033	0.0221	0.0144	0.0069	0.0097	0.0011	
0.0145	0.0145	0.0155	0.0191	0.0184	0.0168	0.0189	0.0105	0.0006	0.0016	0.0121	0.0187	0.0039	0.0203	0.0048	0.0018	0.0181	0.0178	0.0178	0.0191	0.0174	0.0227	0.0027	0.0162	0.0142	0.0031	0.0143	0.0143	0.0066	0.0120	0.0239	0.0150	0.0147	0.0211	0.0215	0.0078	0.0046	0.0058	0.0074	0.0163	0.0129	0.0091	0.0168	0.0188	0.0041	0.0079	0.0036	0.0024	0.0110	0.0013	0.0025	0.0198	0.0102	0.0110	0.0014	0.0127	0.0142	0.0195	0.0050	0.0143	0.0035	0.0050	0.0040	0.0118	0.0017	0.0173	0.0033	0.0046	0.0205	0.0212	0.0206	0.0137	0.0095	0.0008	0.0071	0.0155	0.0034	0.0041	0.0121	0.0069	0.0228	0.0113	0.0041	0.0053	0.0084	0.0024	0.0047	0.0040	0.0187	0.0071	
0.0178	0.0048	0.0006	0.0131	0.0153	0.0078	0.0044	0.0079	0.0187	0.0108	0.0064	0.0221	0.0033	0.0124	0.0047	0.0117	0.0090	0.0106	0.0037	0.0089	0.0083	0.0092	0.0100	0.0204	0.0139	0.0132	0.0005	0.0195	0.0028	0.0227	0.0135	0.0214	0.0069	0.0143	0.0037	0.0164	0.0124	0.0190	0.0104	0.0200	0.0090	0.0206	0.0065	0.0014	0.0018	0.0010	0.0096	0.0123	0.0013	0.0183	0.0146	0.0172	0.0004	0.0103	0.0191	0.0067	0.0188	0.0024	0.0001	0.0237	0.0082	0.0064	0.0050	0.0209	0.0209	0.0061	0.0145	0.0122	0.0089	0.0136	0.0230	0.0137	0.0005	0.0049	0.0003	0.0161	0.0017	0.0083	0.0193	0.0123	0.0053	0.0087	0.0180	0.0062	0.0051	0.0153	0.0216	0.0212	0.0163	0.0180	
0.0201	0.0097	0.0193	0.0099	0.0138	0.0034	0.0145	0.0100	0.0035	0.0197	0.0111	0.0219	0.0051	0.0125	0.0195	0.0032	0.0173	0.0196	0.0093	0.0050	0.0051	0.0105	0.0065	0.0089	0.0153	0.0224	0.0095	0.0223	0.0174	0.0035	0.0082	0.0174	0.0181	0.0135	0.0172	0.0132	0.0193	0.0137	0.0160	0.0202	0.0010	0.0171	0.0046	0.0264	0.0040	0.0072	0.0047	0.0089	0.0096	0.0025	0.0006	0.0039	0.0096	0.0138	0.0141	0.0102	0.0036	0.0087	0.0160	0.0135	0.0175	0.0180	0.0199	0.0006	0.0112	0.0146	0.0036	0.0134	0.0195	0.0082	0.0097	0.0038	0.0040	0.0131	0.0041	0.0156	0.0048	0.0073	0.0049	0.0105	0.0174	0.0008	0.0119	0.0124	0.0027	0.0038	0.0087	0.0038	0.0219	0.0054	
0.0092	0.0080	0.0199	0.0003	0.0029	0.0069	0.0178	0.0043	0.0102	0.0124	0.0044	0.0118	0.0116	0.0013	0.0172	0.0183	0.0218	0.0179	0.0088	0.0196	0.0048	0.0167	0.0041	0.0053	0.0165	0.0147	0.0037	0.0046	0.0195	0.0084	0.0054	0.0210	0.0137	0.0116	0.0191	0.0245	0.0045	0.0033	0.0102	0.0173	0.0159	0.0232	0.0149	0.0119	0.0048	0.0044	0.0114	0.0096	0.0180	0.0051	0.0032	0.0113	0.0154	0.0218	0.0207	0.0124	0.0036	0.0119	0.0039	0.0094	0.0041	0.0137	0.0066	0.0030	0.0070	0.0046	0.0191	0.0226	0.0030	0.0182	0.0140	0.0176	0.0076	0.0129	0.0052	0.0059	0.0001	0.0129	0.0224	0.0126	0.0050	0.0151	0.0083	0.0149	0.0042	0.0133	0.0036	0.0173	0.0117	0.0071	

Emissions
0.2202	0.1676	0.1407	0.0030	0.1004	0.0173	0.1763	0.1745	
0.1484	0.0193	0.0801	0.2120	0.0957	0.0125	0.2841	0.1480	
0.0471	0.0800	0.1432	0.1509	0.1069	0.1138	0.1940	0.1642	
0.0642	0.2038	0.0640	0.1380	0.2389	0.1907	0.0168	0.0837	
0.0839	0.2405	0.1702	0.0167	0.1464	0.0671	0.2351	0.0401	
0.1326	0.1136	0.0856	0.1707	0.0651	0.1720	0.1208	0.1395	
0.0143	0.2286	0.0913	0.1335	0.1501	0.1477	0.1684	0.0660	
0.1439	0.1183	0.1973	0.0199	0.1527	0.0224	0.1722	0.1735	
0.2552	0.0467	0.0354	0.1086	0.0255	0.1131	0.1359	0.2796	
0.1037	0.2551	0.0409	0.0728	0.0626	0.1809	0.0849	0.1991	
0.0271	0.4077	0.1627	0.0183	0.0496	0.0328	0.0956	0.2063	
0.0000	0.2437	0.0845	0.0746	0.1321	0.2172	0.0755	0.1723	
0.1461	0.2228	0.1478	0.0358	0.0907	0.1444	0.0644	0.1479	
0.1254	0.2749	0.1649	0.0928	0.1629	0.1282	0.0037	0.0472	
0.0695	0.1234	0.0208	0.0265	0.1349	0.1635	0.1427	0.3187	
0.3072	0.2448	0.0700	0.1268	0.0461	0.0033	0.0682	0.1335	
0.0986	0.2474	0.0995	0.1198	0.1246	0.0099	0.2481	0.0521	
0.0796	0.2318	0.1429	0.0544	0.0702	0.1493	0.1490	0.1227	
0.1973	0.0397	0.0384	0.0644	0.1286	0.0274	0.2498	0.2543	
0.0707	0.0417	0.1084	0.1578	0.0878	0.2445	0.1067	0.1824	
0.1582	0.0589	0.0140	0.2812	0.1932	0.1116	0.1303	0.0526	
0.0727	0.2985	0.1581	0.1014	0.0111	0.2206	0.1161	0.0214	
0.2567	0.0180	0.1358	0.0315	0.1351	0.1674	0.2045	0.0508	
0.1879	0.2177	0.0306	0.1109	0.1069	0.0082	0.1792	0.1587	
0.2001	0.0952	0.0103	0.0798	0.1721	0.1678	0.2149	0.0598	
0.1341	0.0255	0.2509	0.1155	0.1091	0.0473	0.2052	0.1123	
0.1291	0.0647	0.2484	0.0407	0.1792	0.0348	0.1555	0.1476	
0.0791	0.3043	0.0256	0.1814	0.0464	0.1655	0.1032	0.0945	
0.0069	0.2538	0.2845	0.1217	0.1701	0.0182	0.0743	0.0706	
0.0946	0.2298	0.1157	0.1274	0.0093	0.0045	0.1790	0.2396	
0.0084	0.2604	0.1886	0.0920	0.0208	0.1063	0.1907	0.1328	
0.1435	0.1494	0.0014	0.1642	0.0790	0.0826	0.1863	0.1935	
0.1325	0.1662	0.1384	0.1071	0.0357	0.1653	0.1018	0.1529	
0.1825	0.1967	0.1486	0.0470	0.1105	0.1473	0.0940	0.0735	
0.0650	0.1471	0.2121	0.0697	0.1484	0.1651	0.0449	0.1477	
0.0123	0.2265	0.0439	0.0894	0.0161	0.0967	0.2209	0.2941	
0.1693	0.1453	0.2463	0.0714	0.0511	0.1801	0.1206	0.0158	
0.1044	0.1070	0.1133	0.0777	0.1227	0.0839	0.1936	0.1975	
0.0274	0.2064	0.1614	0.0257	0.1296	0.1179	0.0503	0.2813	
0.1039	0.0952	0.1761	0.1255	0.1518	0.0344	0.1448	0.1682	
0.0393	0.0671	0.2677	0.0695	0.2896	0.0088	0.0177	0.2403	
0.0017	0.2288	0.2223	0.0532	0.0239	0.1424	0.1678	0.1600	
0.3025	0.2059	0.0352	0.1060	0.1856	0.0984	0.0078	0.0586	
0.0874	0.0248	0.2132	0.3102	0.0181	0.1709	0.0874	0.0880	
0.2086	0.0356	0.0668	0.1135	0.1827	0.1019	0.2483	0.0427	
0.1630	0.0563	0.0264	0.1572	0.0973	0.1258	0.1914	0.1826	
0.1669	0.0661	0.1757	0.0874	0.0006	0.0402	0.2439	0.2192	
0.0546	0.2413	0.0211	0.3248	0.0275	0.0232	0.1646	0.1429	
0.1537	0.2483	0.1537	0.0097	0.0928	0.0460	0.1925	0.1033	
0.1781	0.0174	0.2053	0.1148	0.0603	0.0517	0.1892	0.1833	
0.0630	0.0728	0.1105	0.1565	0.1422	0.1951	0.0638	0.1961	
0.0856	0.2130	0.1012	0.1008	0.0737	0.2132	0.0078	0.2048	
0.2054	0.2833	0.0328	0.1698	0.0182	0.1383	0.0612	0.0910	
0.0700	0.1664	0.1795	0.1071	0.0840	0.0455	0.0994	0.2481	
0.1259	0.1466	0.1303	0.0951	0.0962	0.0836	0.1200	0.2023	
0.1244	0.0241	0.1160	0.1709	0.1195	0.0415	0.2334	0.1703	
0.0049	0.0359	0.2770	0.0833	0.0048	0.2106	0.1328	0.2508	
0.6311	0.0815	0.0899	0.0216	0.0479	0.0752	0.0265	0.0263	
0.0324	0.2022	0.0966	0.1831	0.0696	0.0269	0.2847	0.1045	
0.0777	0.1759	0.1093	0.0052	0.2506	0.0854	0.2009	0.0950	
0.1498	0.0147	0.3021	0.0710	0.1087	0.0177	0.2590	0.0771	
0.0651	0.0166	0.3377	0.0944	0.0133	0.1635	0.2032	0.1061	
0.0081	0.2536	0.1496	0.0531	0.1328	0.0477	0.0927	0.2624	
0.0326	0.1589	0.0526	0.1104	0.0778	0.0940	0.1929	0.2809	
0.1895	0.0991	0.1330	0.0290	0.0950	0.2059	0.2337	0.0148	
0.2187	0.1437	0.0894	0.0843	0.0487	0.0944	0.0938	0.2270	
0.2253	0.0412	0.2027	0.0605	0.0998	0.0642	0.1602	0.1462	
0.1548	0.0198	0.0711	0.0159	0.1651	0.0571	0.2285	0.2876	
0.1390	0.0787	0.1255	0.2013	0.0389	0.0789	0.2327	0.1049	
0.0274	0.2316	0.1594	0.0480	0.1493	0.0006	0.1619	0.2218	
0.0450	0.2413	0.2731	0.0580	0.0950	0.0958	0.0707	0.1211	
0.1577	0.3249	0.1232	0.0432	0.0663	0.1199	0.0333	0.1314	
0.1358	0.1624	0.1267	0.2352	0.0816	0.0721	0.1157	0.0705	
0.0473	0.1974	0.0267	0.1397	0.1412	0.0381	0.1831	0.2264	
0.1283	0.2099	0.1471	0.1066	0.0795	0.1179	0.1682	0.0424	
0.0225	0.2972	0.0571	0.0837	0.0290	0.1843	0.0468	0.2795	
0.1762	0.0920	0.2018	0.0630	0.0304	0.1423	0.0690	0.2253	
0.0136	0.2514	0.0031	0.2247	0.0424	0.1064	0.1867	0.1717	
0.0401	0.1682	0.1464	0.0915	0.0715	0.1074	0.1899	0.1850	
0.2623	0.2299	0.1085	0.1862	0.0367	0.0130	0.0371	0.1261	
0.1112	0.1652	0.0085	0.0889	0.0670	0.0849	0.1767	0.2975	
0.0762	0.0792	0.0715	0.1380	0.1081	0.1464	0.2223	0.1583	
0.0637	0.3568	0.0247	0.1633	0.2035	0.1057	0.0802	0.0022	
0.1099	0.0491	0.0829	0.1074	0.1444	0.0880	0.1301	0.2882	
0.1519	0.1855	0.0482	0.2025	0.0808	0.0182	0.0563	0.2566	
0.1206	0.1391	0.2272	0.1842	0.1985	0.0279	0.0874	0.0151	
0.1329	0.0735	0.1090	0.0701	0.1389	0.1063	0.1412	0.2280	
0.0631	0.0081	0.0250	0.0312	0.1912	0.0292	0.3113	0.3409	
0.3080	0.2201	0.1293	0.0516	0.1446	0.0609	0.0693	0.0161	
0.1616	0.0819	0.0579	0.1844	0.0218	0.1840	0.2148	0.0935	
