DataSet 37
Learner: Baum Welch Learner
Log Likelihood: 71286.5488832972

Number of States: 100
Number of Symbols: 8
Threshold: 0.01

Initial Distribution:
0.0027	0.0073	0.0092	0.0210	0.0025	0.0016	0.0025	0.0172	0.0270	0.0156	0.0004	0.0206	0.0177	0.0156	0.0030	0.0084	0.0008	0.0024	0.0122	0.0159	0.0030	0.0022	0.0006	0.0168	0.0078	0.0042	0.0077	0.0050	0.0017	0.0038	0.0045	0.0194	0.0014	0.0137	0.0006	0.0116	0.0186	0.0027	0.0083	0.0084	0.0077	0.0140	0.0063	0.0049	0.0148	0.0381	0.0228	0.0018	0.0039	0.0019	0.0269	0.0055	0.0193	0.0105	0.0044	0.0010	0.0127	0.0052	0.0147	0.0127	0.0084	0.0188	0.0113	0.0177	0.0117	0.0017	0.0175	0.0007	0.0161	0.0104	0.0126	0.0190	0.0099	0.0038	0.0082	0.0079	0.0203	0.0096	0.0018	0.0099	0.0147	0.0051	0.0041	0.0002	0.0048	0.0082	0.0195	0.0068	0.0060	0.0211	0.0034	0.0036	0.0091	0.0161	0.0188	0.0140	0.0019	0.0107	0.0279	0.0114	

Transitions:
0.0031	0.0132	0.0095	0.0104	0.0115	0.0000	0.0180	0.0154	0.0076	0.0170	0.0048	0.0154	0.0083	0.0056	0.0064	0.0077	0.0107	0.0130	0.0064	0.0139	0.0026	0.0097	0.0122	0.0125	0.0076	0.0056	0.0076	0.0003	0.0102	0.0118	0.0050	0.0016	0.0135	0.0077	0.0042	0.0167	0.0140	0.0132	0.0101	0.0063	0.0167	0.0045	0.0202	0.0143	0.0156	0.0060	0.0155	0.0040	0.0060	0.0065	0.0029	0.0106	0.0077	0.0037	0.0101	0.0133	0.0020	0.0165	0.0022	0.0052	0.0123	0.0173	0.0062	0.0163	0.0111	0.0029	0.0034	0.0011	0.0023	0.0094	0.0134	0.0175	0.0028	0.0205	0.0181	0.0191	0.0094	0.0166	0.0198	0.0012	0.0094	0.0030	0.0130	0.0021	0.0097	0.0150	0.0128	0.0096	0.0186	0.0103	0.0160	0.0183	0.0120	0.0041	0.0140	0.0188	0.0189	0.0038	0.0025	0.0132	
0.0038	0.0158	0.0020	0.0179	0.0145	0.0076	0.0076	0.0095	0.0050	0.0133	0.0043	0.0037	0.0197	0.0009	0.0160	0.0098	0.0043	0.0041	0.0069	0.0157	0.0109	0.0161	0.0041	0.0128	0.0138	0.0179	0.0044	0.0215	0.0061	0.0196	0.0203	0.0064	0.0156	0.0068	0.0222	0.0154	0.0012	0.0193	0.0090	0.0024	0.0075	0.0048	0.0043	0.0045	0.0073	0.0111	0.0209	0.0109	0.0087	0.0052	0.0138	0.0158	0.0162	0.0090	0.0024	0.0098	0.0112	0.0106	0.0033	0.0178	0.0028	0.0094	0.0034	0.0072	0.0158	0.0181	0.0090	0.0124	0.0038	0.0013	0.0087	0.0077	0.0160	0.0044	0.0086	0.0052	0.0104	0.0208	0.0054	0.0020	0.0191	0.0133	0.0103	0.0007	0.0028	0.0043	0.0089	0.0080	0.0051	0.0087	0.0038	0.0117	0.0158	0.0120	0.0208	0.0198	0.0014	0.0187	0.0096	0.0094	
0.0031	0.0077	0.0065	0.0070	0.0165	0.0086	0.0179	0.0124	0.0173	0.0166	0.0194	0.0100	0.0040	0.0012	0.0178	0.0084	0.0187	0.0026	0.0042	0.0085	0.0088	0.0011	0.0061	0.0145	0.0157	0.0154	0.0114	0.0024	0.0044	0.0089	0.0036	0.0119	0.0085	0.0153	0.0201	0.0085	0.0057	0.0023	0.0037	0.0127	0.0040	0.0141	0.0076	0.0071	0.0082	0.0102	0.0066	0.0110	0.0126	0.0102	0.0164	0.0176	0.0112	0.0009	0.0182	0.0018	0.0017	0.0109	0.0091	0.0185	0.0159	0.0154	0.0086	0.0093	0.0131	0.0061	0.0020	0.0076	0.0023	0.0091	0.0025	0.0169	0.0180	0.0107	0.0047	0.0130	0.0121	0.0166	0.0064	0.0049	0.0097	0.0175	0.0078	0.0134	0.0098	0.0048	0.0190	0.0078	0.0168	0.0164	0.0071	0.0140	0.0123	0.0038	0.0156	0.0064	0.0059	0.0164	0.0117	0.0013	
0.0101	0.0175	0.0090	0.0040	0.0079	0.0026	0.0176	0.0017	0.0150	0.0060	0.0086	0.0026	0.0049	0.0039	0.0095	0.0161	0.0082	0.0150	0.0183	0.0071	0.0070	0.0125	0.0110	0.0056	0.0021	0.0074	0.0035	0.0139	0.0142	0.0161	0.0073	0.0145	0.0042	0.0054	0.0163	0.0100	0.0086	0.0043	0.0053	0.0073	0.0050	0.0167	0.0122	0.0100	0.0080	0.0037	0.0088	0.0066	0.0135	0.0001	0.0160	0.0096	0.0171	0.0060	0.0127	0.0148	0.0076	0.0038	0.0017	0.0180	0.0182	0.0045	0.0076	0.0174	0.0171	0.0114	0.0155	0.0201	0.0075	0.0169	0.0065	0.0041	0.0096	0.0119	0.0022	0.0088	0.0016	0.0003	0.0165	0.0159	0.0194	0.0140	0.0174	0.0135	0.0184	0.0149	0.0166	0.0179	0.0118	0.0197	0.0024	0.0053	0.0027	0.0055	0.0079	0.0002	0.0094	0.0122	0.0104	0.0131	
0.0070	0.0100	0.0189	0.0164	0.0145	0.0153	0.0006	0.0074	0.0035	0.0054	0.0159	0.0079	0.0070	0.0038	0.0213	0.0034	0.0063	0.0158	0.0191	0.0009	0.0194	0.0223	0.0089	0.0092	0.0159	0.0022	0.0012	0.0043	0.0036	0.0023	0.0217	0.0071	0.0087	0.0035	0.0147	0.0104	0.0169	0.0042	0.0011	0.0057	0.0169	0.0098	0.0163	0.0075	0.0065	0.0130	0.0188	0.0200	0.0064	0.0057	0.0139	0.0175	0.0165	0.0133	0.0171	0.0066	0.0015	0.0113	0.0205	0.0115	0.0147	0.0175	0.0041	0.0015	0.0059	0.0075	0.0194	0.0040	0.0125	0.0105	0.0072	0.0018	0.0143	0.0135	0.0044	0.0088	0.0052	0.0014	0.0035	0.0018	0.0042	0.0021	0.0176	0.0197	0.0083	0.0044	0.0103	0.0182	0.0079	0.0063	0.0095	0.0065	0.0051	0.0102	0.0131	0.0200	0.0061	0.0147	0.0013	0.0206	
0.0153	0.0143	0.0065	0.0155	0.0186	0.0129	0.0022	0.0047	0.0061	0.0083	0.0011	0.0182	0.0067	0.0160	0.0066	0.0104	0.0203	0.0062	0.0135	0.0011	0.0174	0.0032	0.0164	0.0055	0.0011	0.0014	0.0159	0.0033	0.0206	0.0042	0.0028	0.0109	0.0194	0.0043	0.0079	0.0088	0.0141	0.0010	0.0190	0.0136	0.0015	0.0050	0.0094	0.0189	0.0049	0.0072	0.0175	0.0070	0.0030	0.0014	0.0002	0.0199	0.0171	0.0003	0.0013	0.0114	0.0167	0.0014	0.0145	0.0165	0.0165	0.0185	0.0048	0.0025	0.0059	0.0093	0.0182	0.0026	0.0103	0.0172	0.0152	0.0196	0.0067	0.0191	0.0187	0.0114	0.0127	0.0172	0.0011	0.0114	0.0028	0.0091	0.0186	0.0187	0.0041	0.0034	0.0110	0.0194	0.0034	0.0149	0.0113	0.0134	0.0059	0.0021	0.0177	0.0021	0.0002	0.0071	0.0104	0.0152	
0.0090	0.0151	0.0142	0.0050	0.0052	0.0017	0.0116	0.0004	0.0006	0.0095	0.0176	0.0174	0.0002	0.0024	0.0131	0.0057	0.0192	0.0065	0.0178	0.0020	0.0167	0.0003	0.0185	0.0135	0.0052	0.0027	0.0122	0.0046	0.0010	0.0156	0.0114	0.0060	0.0055	0.0053	0.0041	0.0062	0.0121	0.0131	0.0131	0.0022	0.0098	0.0107	0.0185	0.0137	0.0167	0.0094	0.0119	0.0029	0.0075	0.0108	0.0024	0.0140	0.0074	0.0111	0.0156	0.0079	0.0153	0.0015	0.0177	0.0022	0.0090	0.0070	0.0189	0.0033	0.0176	0.0106	0.0126	0.0135	0.0178	0.0070	0.0116	0.0052	0.0130	0.0158	0.0106	0.0059	0.0012	0.0046	0.0172	0.0125	0.0090	0.0085	0.0146	0.0088	0.0142	0.0184	0.0167	0.0144	0.0084	0.0147	0.0096	0.0117	0.0148	0.0098	0.0122	0.0027	0.0119	0.0150	0.0131	0.0057	
0.0177	0.0179	0.0039	0.0008	0.0190	0.0170	0.0001	0.0112	0.0172	0.0112	0.0067	0.0103	0.0034	0.0045	0.0117	0.0179	0.0110	0.0099	0.0087	0.0178	0.0126	0.0189	0.0058	0.0033	0.0159	0.0011	0.0099	0.0026	0.0028	0.0085	0.0129	0.0056	0.0084	0.0111	0.0165	0.0102	0.0046	0.0145	0.0091	0.0164	0.0172	0.0055	0.0154	0.0156	0.0077	0.0161	0.0073	0.0091	0.0167	0.0124	0.0099	0.0015	0.0059	0.0179	0.0105	0.0173	0.0109	0.0009	0.0032	0.0177	0.0068	0.0146	0.0090	0.0099	0.0168	0.0010	0.0026	0.0105	0.0080	0.0017	0.0132	0.0154	0.0007	0.0121	0.0008	0.0075	0.0023	0.0091	0.0134	0.0170	0.0122	0.0004	0.0042	0.0091	0.0168	0.0116	0.0194	0.0108	0.0001	0.0169	0.0173	0.0042	0.0114	0.0107	0.0085	0.0008	0.0164	0.0053	0.0166	0.0071	
0.0173	0.0157	0.0011	0.0166	0.0209	0.0152	0.0009	0.0135	0.0170	0.0047	0.0163	0.0026	0.0057	0.0045	0.0048	0.0068	0.0126	0.0002	0.0135	0.0052	0.0017	0.0107	0.0123	0.0116	0.0032	0.0092	0.0046	0.0087	0.0031	0.0001	0.0108	0.0173	0.0115	0.0078	0.0032	0.0167	0.0181	0.0076	0.0103	0.0023	0.0114	0.0052	0.0159	0.0157	0.0009	0.0142	0.0187	0.0059	0.0074	0.0025	0.0077	0.0165	0.0130	0.0147	0.0050	0.0045	0.0048	0.0089	0.0130	0.0093	0.0104	0.0106	0.0122	0.0183	0.0130	0.0170	0.0111	0.0182	0.0016	0.0077	0.0073	0.0052	0.0107	0.0117	0.0133	0.0179	0.0155	0.0143	0.0108	0.0072	0.0119	0.0170	0.0013	0.0003	0.0126	0.0145	0.0045	0.0183	0.0024	0.0195	0.0125	0.0105	0.0149	0.0006	0.0110	0.0189	0.0139	0.0168	0.0025	0.0012	
0.0046	0.0002	0.0050	0.0197	0.0167	0.0029	0.0063	0.0019	0.0195	0.0101	0.0089	0.0088	0.0185	0.0051	0.0179	0.0129	0.0110	0.0117	0.0041	0.0176	0.0158	0.0147	0.0168	0.0033	0.0149	0.0180	0.0111	0.0102	0.0215	0.0150	0.0025	0.0171	0.0144	0.0091	0.0039	0.0116	0.0119	0.0017	0.0056	0.0095	0.0093	0.0022	0.0198	0.0140	0.0098	0.0028	0.0098	0.0089	0.0030	0.0173	0.0084	0.0030	0.0153	0.0057	0.0051	0.0104	0.0042	0.0020	0.0040	0.0179	0.0123	0.0150	0.0030	0.0054	0.0069	0.0110	0.0163	0.0100	0.0019	0.0066	0.0011	0.0094	0.0062	0.0158	0.0090	0.0152	0.0145	0.0028	0.0144	0.0121	0.0082	0.0008	0.0066	0.0007	0.0063	0.0202	0.0019	0.0087	0.0039	0.0137	0.0077	0.0110	0.0184	0.0083	0.0165	0.0134	0.0203	0.0137	0.0060	0.0200	
0.0069	0.0168	0.0060	0.0149	0.0157	0.0166	0.0138	0.0005	0.0127	0.0106	0.0148	0.0010	0.0072	0.0094	0.0077	0.0102	0.0089	0.0018	0.0161	0.0056	0.0093	0.0066	0.0060	0.0076	0.0154	0.0097	0.0092	0.0167	0.0164	0.0135	0.0127	0.0009	0.0137	0.0137	0.0052	0.0074	0.0116	0.0087	0.0028	0.0052	0.0022	0.0010	0.0114	0.0109	0.0162	0.0045	0.0016	0.0054	0.0163	0.0046	0.0024	0.0151	0.0117	0.0179	0.0067	0.0177	0.0107	0.0163	0.0160	0.0056	0.0075	0.0168	0.0026	0.0163	0.0163	0.0126	0.0039	0.0118	0.0052	0.0001	0.0155	0.0188	0.0166	0.0114	0.0035	0.0073	0.0125	0.0127	0.0097	0.0104	0.0081	0.0041	0.0149	0.0113	0.0111	0.0138	0.0052	0.0147	0.0076	0.0046	0.0143	0.0137	0.0104	0.0133	0.0155	0.0026	0.0166	0.0112	0.0099	0.0022	
0.0012	0.0101	0.0000	0.0207	0.0077	0.0038	0.0200	0.0023	0.0165	0.0219	0.0057	0.0179	0.0069	0.0055	0.0191	0.0035	0.0018	0.0117	0.0076	0.0017	0.0092	0.0090	0.0046	0.0010	0.0042	0.0036	0.0087	0.0021	0.0174	0.0011	0.0113	0.0020	0.0020	0.0099	0.0135	0.0205	0.0051	0.0189	0.0064	0.0101	0.0185	0.0042	0.0012	0.0101	0.0219	0.0177	0.0086	0.0062	0.0208	0.0154	0.0015	0.0086	0.0062	0.0138	0.0139	0.0135	0.0058	0.0192	0.0163	0.0034	0.0171	0.0165	0.0082	0.0165	0.0090	0.0034	0.0161	0.0191	0.0140	0.0189	0.0188	0.0037	0.0054	0.0200	0.0041	0.0053	0.0077	0.0144	0.0012	0.0059	0.0168	0.0016	0.0024	0.0004	0.0215	0.0033	0.0180	0.0109	0.0180	0.0211	0.0155	0.0070	0.0033	0.0026	0.0142	0.0009	0.0181	0.0066	0.0010	0.0184	
0.0032	0.0121	0.0141	0.0021	0.0197	0.0207	0.0029	0.0086	0.0089	0.0107	0.0067	0.0113	0.0228	0.0106	0.0096	0.0173	0.0174	0.0083	0.0174	0.0059	0.0095	0.0063	0.0029	0.0189	0.0045	0.0133	0.0003	0.0030	0.0049	0.0035	0.0097	0.0010	0.0145	0.0055	0.0044	0.0059	0.0099	0.0009	0.0045	0.0017	0.0003	0.0093	0.0027	0.0069	0.0177	0.0035	0.0100	0.0138	0.0165	0.0256	0.0066	0.0107	0.0128	0.0181	0.0106	0.0201	0.0089	0.0190	0.0209	0.0047	0.0223	0.0003	0.0047	0.0054	0.0014	0.0046	0.0175	0.0186	0.0065	0.0029	0.0059	0.0179	0.0036	0.0167	0.0053	0.0212	0.0041	0.0179	0.0010	0.0006	0.0054	0.0075	0.0087	0.0052	0.0188	0.0193	0.0116	0.0217	0.0200	0.0079	0.0204	0.0140	0.0035	0.0215	0.0040	0.0000	0.0044	0.0181	0.0051	0.0101	
0.0066	0.0146	0.0070	0.0124	0.0159	0.0132	0.0068	0.0187	0.0108	0.0098	0.0141	0.0115	0.0172	0.0162	0.0200	0.0112	0.0131	0.0204	0.0084	0.0027	0.0159	0.0204	0.0184	0.0205	0.0056	0.0140	0.0112	0.0032	0.0110	0.0051	0.0158	0.0061	0.0122	0.0114	0.0162	0.0099	0.0193	0.0160	0.0100	0.0043	0.0120	0.0109	0.0072	0.0065	0.0134	0.0049	0.0146	0.0053	0.0001	0.0123	0.0071	0.0038	0.0094	0.0023	0.0137	0.0069	0.0169	0.0072	0.0064	0.0004	0.0018	0.0034	0.0088	0.0065	0.0139	0.0069	0.0000	0.0056	0.0030	0.0109	0.0117	0.0182	0.0106	0.0041	0.0110	0.0046	0.0122	0.0112	0.0069	0.0004	0.0002	0.0049	0.0029	0.0191	0.0183	0.0121	0.0175	0.0099	0.0186	0.0077	0.0134	0.0128	0.0098	0.0093	0.0023	0.0087	0.0028	0.0010	0.0124	0.0060	
0.0066	0.0095	0.0030	0.0115	0.0011	0.0120	0.0149	0.0065	0.0121	0.0120	0.0177	0.0057	0.0005	0.0065	0.0002	0.0192	0.0008	0.0130	0.0097	0.0007	0.0133	0.0119	0.0098	0.0171	0.0182	0.0220	0.0084	0.0007	0.0019	0.0028	0.0019	0.0123	0.0207	0.0015	0.0195	0.0130	0.0025	0.0143	0.0196	0.0073	0.0206	0.0118	0.0225	0.0092	0.0149	0.0074	0.0132	0.0036	0.0105	0.0063	0.0080	0.0136	0.0132	0.0158	0.0160	0.0173	0.0004	0.0079	0.0151	0.0017	0.0037	0.0146	0.0050	0.0098	0.0098	0.0043	0.0074	0.0233	0.0118	0.0096	0.0161	0.0097	0.0165	0.0024	0.0021	0.0006	0.0130	0.0007	0.0041	0.0103	0.0090	0.0046	0.0119	0.0189	0.0174	0.0108	0.0210	0.0062	0.0085	0.0003	0.0135	0.0187	0.0002	0.0164	0.0039	0.0061	0.0073	0.0114	0.0185	0.0100	
0.0002	0.0114	0.0107	0.0008	0.0104	0.0179	0.0153	0.0092	0.0092	0.0124	0.0032	0.0166	0.0034	0.0026	0.0125	0.0173	0.0018	0.0075	0.0123	0.0162	0.0050	0.0020	0.0111	0.0099	0.0152	0.0175	0.0065	0.0185	0.0177	0.0149	0.0130	0.0014	0.0012	0.0134	0.0099	0.0136	0.0104	0.0098	0.0044	0.0137	0.0105	0.0074	0.0129	0.0120	0.0162	0.0094	0.0106	0.0147	0.0011	0.0041	0.0030	0.0159	0.0137	0.0008	0.0028	0.0160	0.0003	0.0017	0.0032	0.0106	0.0111	0.0163	0.0105	0.0130	0.0185	0.0014	0.0159	0.0082	0.0122	0.0174	0.0065	0.0113	0.0030	0.0174	0.0058	0.0146	0.0069	0.0173	0.0114	0.0050	0.0075	0.0088	0.0157	0.0135	0.0112	0.0136	0.0045	0.0005	0.0114	0.0107	0.0135	0.0091	0.0063	0.0112	0.0026	0.0118	0.0159	0.0174	0.0106	0.0137	
0.0137	0.0032	0.0033	0.0025	0.0184	0.0127	0.0145	0.0189	0.0126	0.0061	0.0116	0.0010	0.0084	0.0166	0.0033	0.0017	0.0012	0.0182	0.0024	0.0034	0.0178	0.0205	0.0161	0.0022	0.0039	0.0184	0.0046	0.0107	0.0164	0.0142	0.0006	0.0078	0.0061	0.0174	0.0149	0.0050	0.0071	0.0161	0.0166	0.0197	0.0014	0.0065	0.0063	0.0066	0.0010	0.0120	0.0015	0.0093	0.0100	0.0011	0.0101	0.0194	0.0157	0.0110	0.0187	0.0151	0.0066	0.0014	0.0182	0.0211	0.0078	0.0052	0.0029	0.0006	0.0059	0.0025	0.0149	0.0105	0.0057	0.0199	0.0148	0.0065	0.0009	0.0025	0.0020	0.0099	0.0114	0.0105	0.0011	0.0102	0.0161	0.0149	0.0193	0.0156	0.0017	0.0020	0.0104	0.0167	0.0205	0.0177	0.0184	0.0058	0.0178	0.0155	0.0123	0.0168	0.0040	0.0061	0.0005	0.0193	
0.0195	0.0110	0.0031	0.0112	0.0066	0.0059	0.0169	0.0147	0.0069	0.0086	0.0036	0.0153	0.0001	0.0072	0.0036	0.0111	0.0061	0.0086	0.0186	0.0031	0.0116	0.0193	0.0101	0.0073	0.0004	0.0088	0.0089	0.0039	0.0107	0.0055	0.0063	0.0055	0.0095	0.0024	0.0126	0.0041	0.0117	0.0069	0.0079	0.0146	0.0041	0.0146	0.0086	0.0115	0.0136	0.0009	0.0052	0.0082	0.0125	0.0004	0.0089	0.0150	0.0059	0.0192	0.0061	0.0002	0.0011	0.0152	0.0110	0.0171	0.0160	0.0127	0.0049	0.0019	0.0018	0.0163	0.0069	0.0167	0.0162	0.0197	0.0183	0.0193	0.0007	0.0035	0.0184	0.0163	0.0091	0.0174	0.0137	0.0176	0.0032	0.0004	0.0097	0.0099	0.0157	0.0113	0.0183	0.0118	0.0163	0.0112	0.0032	0.0169	0.0158	0.0096	0.0178	0.0101	0.0108	0.0067	0.0078	0.0167	
0.0156	0.0086	0.0121	0.0146	0.0009	0.0123	0.0144	0.0033	0.0177	0.0115	0.0118	0.0022	0.0014	0.0122	0.0151	0.0173	0.0037	0.0166	0.0068	0.0100	0.0205	0.0164	0.0017	0.0054	0.0162	0.0030	0.0029	0.0116	0.0054	0.0086	0.0061	0.0032	0.0098	0.0191	0.0068	0.0160	0.0084	0.0180	0.0096	0.0043	0.0176	0.0171	0.0152	0.0059	0.0011	0.0009	0.0164	0.0038	0.0170	0.0025	0.0068	0.0170	0.0005	0.0217	0.0182	0.0200	0.0067	0.0076	0.0183	0.0188	0.0098	0.0043	0.0193	0.0100	0.0056	0.0076	0.0125	0.0035	0.0067	0.0193	0.0084	0.0076	0.0068	0.0025	0.0130	0.0025	0.0011	0.0162	0.0043	0.0153	0.0082	0.0193	0.0137	0.0026	0.0015	0.0107	0.0027	0.0109	0.0010	0.0077	0.0094	0.0010	0.0214	0.0110	0.0161	0.0132	0.0196	0.0047	0.0003	0.0144	
0.0090	0.0128	0.0169	0.0190	0.0157	0.0007	0.0093	0.0187	0.0067	0.0161	0.0193	0.0102	0.0033	0.0021	0.0111	0.0100	0.0115	0.0170	0.0089	0.0149	0.0052	0.0029	0.0024	0.0211	0.0101	0.0073	0.0074	0.0169	0.0078	0.0197	0.0050	0.0178	0.0163	0.0108	0.0085	0.0158	0.0019	0.0164	0.0087	0.0008	0.0009	0.0045	0.0034	0.0061	0.0106	0.0173	0.0193	0.0158	0.0005	0.0063	0.0024	0.0017	0.0161	0.0061	0.0090	0.0055	0.0102	0.0174	0.0081	0.0071	0.0145	0.0133	0.0120	0.0079	0.0111	0.0008	0.0146	0.0142	0.0155	0.0158	0.0078	0.0173	0.0083	0.0083	0.0142	0.0005	0.0203	0.0160	0.0101	0.0119	0.0105	0.0100	0.0149	0.0011	0.0179	0.0033	0.0004	0.0112	0.0018	0.0019	0.0054	0.0045	0.0084	0.0016	0.0075	0.0073	0.0142	0.0158	0.0149	0.0093	
0.0041	0.0053	0.0020	0.0056	0.0199	0.0076	0.0136	0.0089	0.0109	0.0087	0.0066	0.0132	0.0087	0.0157	0.0179	0.0035	0.0210	0.0112	0.0107	0.0069	0.0005	0.0046	0.0118	0.0139	0.0102	0.0037	0.0074	0.0071	0.0002	0.0073	0.0080	0.0037	0.0006	0.0009	0.0097	0.0047	0.0083	0.0104	0.0027	0.0098	0.0096	0.0119	0.0203	0.0147	0.0178	0.0103	0.0166	0.0117	0.0044	0.0042	0.0074	0.0026	0.0054	0.0099	0.0088	0.0204	0.0140	0.0093	0.0159	0.0157	0.0210	0.0078	0.0088	0.0044	0.0010	0.0022	0.0128	0.0083	0.0083	0.0134	0.0158	0.0106	0.0083	0.0008	0.0178	0.0088	0.0052	0.0184	0.0169	0.0190	0.0081	0.0157	0.0018	0.0178	0.0196	0.0049	0.0185	0.0124	0.0135	0.0090	0.0113	0.0210	0.0156	0.0075	0.0100	0.0019	0.0033	0.0153	0.0111	0.0144	
0.0184	0.0082	0.0028	0.0107	0.0087	0.0185	0.0136	0.0049	0.0094	0.0196	0.0146	0.0142	0.0101	0.0141	0.0066	0.0035	0.0059	0.0121	0.0056	0.0137	0.0042	0.0016	0.0144	0.0177	0.0017	0.0153	0.0137	0.0206	0.0116	0.0140	0.0057	0.0094	0.0054	0.0032	0.0009	0.0173	0.0117	0.0093	0.0074	0.0179	0.0091	0.0120	0.0003	0.0125	0.0138	0.0114	0.0072	0.0169	0.0007	0.0053	0.0133	0.0107	0.0076	0.0175	0.0085	0.0156	0.0126	0.0034	0.0089	0.0118	0.0044	0.0136	0.0132	0.0148	0.0140	0.0039	0.0093	0.0076	0.0149	0.0079	0.0099	0.0165	0.0047	0.0060	0.0054	0.0110	0.0011	0.0018	0.0055	0.0066	0.0078	0.0143	0.0170	0.0053	0.0192	0.0151	0.0012	0.0089	0.0147	0.0041	0.0049	0.0090	0.0002	0.0134	0.0141	0.0137	0.0190	0.0044	0.0148	0.0096	
0.0045	0.0000	0.0029	0.0121	0.0154	0.0001	0.0054	0.0028	0.0098	0.0189	0.0154	0.0107	0.0164	0.0020	0.0042	0.0080	0.0164	0.0089	0.0157	0.0169	0.0030	0.0012	0.0138	0.0102	0.0029	0.0019	0.0154	0.0104	0.0118	0.0102	0.0124	0.0159	0.0030	0.0156	0.0037	0.0079	0.0126	0.0062	0.0106	0.0185	0.0094	0.0177	0.0194	0.0173	0.0093	0.0112	0.0106	0.0177	0.0103	0.0064	0.0172	0.0106	0.0077	0.0009	0.0061	0.0029	0.0061	0.0122	0.0093	0.0128	0.0044	0.0147	0.0121	0.0195	0.0057	0.0175	0.0079	0.0017	0.0177	0.0160	0.0145	0.0100	0.0183	0.0170	0.0082	0.0046	0.0023	0.0162	0.0019	0.0088	0.0102	0.0165	0.0179	0.0043	0.0117	0.0019	0.0082	0.0022	0.0100	0.0005	0.0019	0.0008	0.0170	0.0163	0.0145	0.0134	0.0066	0.0185	0.0087	0.0111	
0.0049	0.0095	0.0178	0.0152	0.0118	0.0094	0.0111	0.0112	0.0111	0.0020	0.0005	0.0080	0.0110	0.0185	0.0025	0.0071	0.0177	0.0078	0.0085	0.0034	0.0110	0.0062	0.0130	0.0187	0.0133	0.0140	0.0112	0.0006	0.0018	0.0129	0.0189	0.0037	0.0065	0.0112	0.0061	0.0008	0.0177	0.0046	0.0125	0.0020	0.0088	0.0168	0.0098	0.0074	0.0001	0.0114	0.0113	0.0150	0.0145	0.0090	0.0149	0.0181	0.0091	0.0068	0.0006	0.0187	0.0172	0.0011	0.0006	0.0159	0.0185	0.0118	0.0094	0.0174	0.0041	0.0161	0.0015	0.0229	0.0142	0.0014	0.0084	0.0142	0.0150	0.0066	0.0136	0.0121	0.0170	0.0043	0.0177	0.0010	0.0046	0.0141	0.0050	0.0140	0.0163	0.0178	0.0133	0.0003	0.0119	0.0069	0.0034	0.0182	0.0040	0.0146	0.0051	0.0159	0.0071	0.0115	0.0031	0.0031	
0.0121	0.0118	0.0027	0.0144	0.0211	0.0055	0.0037	0.0041	0.0121	0.0077	0.0018	0.0122	0.0032	0.0188	0.0132	0.0021	0.0070	0.0172	0.0009	0.0044	0.0038	0.0015	0.0088	0.0084	0.0182	0.0116	0.0080	0.0212	0.0013	0.0162	0.0066	0.0047	0.0010	0.0150	0.0117	0.0130	0.0123	0.0125	0.0140	0.0120	0.0153	0.0094	0.0079	0.0034	0.0057	0.0096	0.0150	0.0040	0.0032	0.0034	0.0104	0.0106	0.0105	0.0208	0.0205	0.0102	0.0031	0.0147	0.0156	0.0082	0.0182	0.0047	0.0029	0.0167	0.0013	0.0166	0.0112	0.0094	0.0100	0.0000	0.0098	0.0168	0.0026	0.0100	0.0089	0.0141	0.0141	0.0050	0.0027	0.0079	0.0190	0.0039	0.0157	0.0196	0.0048	0.0153	0.0138	0.0021	0.0165	0.0211	0.0102	0.0187	0.0178	0.0057	0.0148	0.0108	0.0069	0.0112	0.0019	0.0081	
0.0192	0.0057	0.0128	0.0030	0.0140	0.0168	0.0077	0.0020	0.0091	0.0056	0.0162	0.0164	0.0111	0.0065	0.0099	0.0122	0.0089	0.0048	0.0116	0.0050	0.0038	0.0104	0.0128	0.0097	0.0094	0.0119	0.0178	0.0172	0.0155	0.0179	0.0077	0.0024	0.0031	0.0136	0.0102	0.0111	0.0090	0.0122	0.0046	0.0075	0.0075	0.0106	0.0117	0.0095	0.0035	0.0098	0.0049	0.0087	0.0146	0.0013	0.0018	0.0015	0.0177	0.0187	0.0037	0.0082	0.0117	0.0041	0.0120	0.0010	0.0181	0.0102	0.0072	0.0119	0.0178	0.0124	0.0144	0.0165	0.0177	0.0194	0.0032	0.0164	0.0001	0.0041	0.0167	0.0128	0.0166	0.0035	0.0062	0.0172	0.0068	0.0080	0.0010	0.0138	0.0163	0.0064	0.0029	0.0062	0.0109	0.0006	0.0187	0.0054	0.0202	0.0034	0.0083	0.0162	0.0041	0.0192	0.0101	0.0102	
0.0169	0.0071	0.0092	0.0142	0.0175	0.0056	0.0012	0.0146	0.0161	0.0114	0.0098	0.0077	0.0143	0.0120	0.0124	0.0087	0.0098	0.0130	0.0149	0.0091	0.0097	0.0081	0.0063	0.0148	0.0161	0.0162	0.0152	0.0158	0.0153	0.0010	0.0079	0.0160	0.0113	0.0145	0.0019	0.0169	0.0154	0.0039	0.0151	0.0089	0.0045	0.0066	0.0068	0.0179	0.0092	0.0078	0.0068	0.0051	0.0088	0.0159	0.0051	0.0101	0.0033	0.0011	0.0159	0.0075	0.0011	0.0124	0.0147	0.0179	0.0092	0.0042	0.0004	0.0172	0.0027	0.0109	0.0149	0.0008	0.0113	0.0135	0.0106	0.0057	0.0169	0.0055	0.0052	0.0033	0.0011	0.0062	0.0071	0.0082	0.0091	0.0089	0.0056	0.0155	0.0144	0.0179	0.0129	0.0098	0.0177	0.0124	0.0167	0.0037	0.0075	0.0138	0.0002	0.0002	0.0065	0.0085	0.0126	0.0173	
0.0132	0.0066	0.0121	0.0147	0.0065	0.0192	0.0109	0.0172	0.0135	0.0154	0.0073	0.0122	0.0062	0.0061	0.0093	0.0187	0.0188	0.0040	0.0028	0.0039	0.0183	0.0066	0.0031	0.0178	0.0151	0.0083	0.0168	0.0031	0.0059	0.0053	0.0158	0.0114	0.0106	0.0092	0.0186	0.0031	0.0158	0.0111	0.0095	0.0142	0.0063	0.0154	0.0149	0.0019	0.0066	0.0036	0.0166	0.0009	0.0053	0.0005	0.0015	0.0029	0.0055	0.0129	0.0182	0.0062	0.0035	0.0144	0.0177	0.0175	0.0018	0.0082	0.0119	0.0092	0.0197	0.0138	0.0023	0.0168	0.0098	0.0064	0.0029	0.0074	0.0139	0.0077	0.0166	0.0017	0.0104	0.0013	0.0112	0.0113	0.0110	0.0154	0.0160	0.0053	0.0037	0.0123	0.0055	0.0185	0.0108	0.0100	0.0192	0.0017	0.0128	0.0107	0.0127	0.0170	0.0041	0.0054	0.0020	0.0114	
0.0021	0.0008	0.0098	0.0184	0.0183	0.0146	0.0087	0.0184	0.0133	0.0183	0.0159	0.0022	0.0024	0.0058	0.0065	0.0044	0.0119	0.0074	0.0059	0.0057	0.0091	0.0038	0.0060	0.0000	0.0063	0.0013	0.0142	0.0020	0.0153	0.0191	0.0179	0.0052	0.0194	0.0007	0.0114	0.0101	0.0061	0.0176	0.0080	0.0087	0.0042	0.0069	0.0045	0.0140	0.0148	0.0142	0.0178	0.0067	0.0053	0.0081	0.0056	0.0178	0.0184	0.0179	0.0022	0.0181	0.0141	0.0111	0.0119	0.0162	0.0005	0.0066	0.0044	0.0147	0.0203	0.0097	0.0032	0.0019	0.0155	0.0164	0.0173	0.0140	0.0197	0.0172	0.0017	0.0020	0.0180	0.0122	0.0053	0.0089	0.0021	0.0071	0.0156	0.0059	0.0138	0.0010	0.0057	0.0028	0.0194	0.0119	0.0157	0.0163	0.0059	0.0109	0.0083	0.0168	0.0029	0.0094	0.0111	0.0048	
0.0163	0.0188	0.0108	0.0103	0.0121	0.0141	0.0180	0.0031	0.0142	0.0004	0.0227	0.0021	0.0058	0.0025	0.0153	0.0142	0.0126	0.0210	0.0019	0.0189	0.0049	0.0007	0.0041	0.0040	0.0006	0.0029	0.0081	0.0094	0.0100	0.0045	0.0218	0.0107	0.0211	0.0008	0.0210	0.0054	0.0177	0.0076	0.0171	0.0007	0.0036	0.0033	0.0094	0.0200	0.0153	0.0126	0.0113	0.0034	0.0188	0.0178	0.0064	0.0048	0.0075	0.0172	0.0004	0.0146	0.0145	0.0076	0.0095	0.0082	0.0059	0.0101	0.0158	0.0109	0.0014	0.0098	0.0024	0.0056	0.0069	0.0095	0.0170	0.0048	0.0038	0.0012	0.0164	0.0012	0.0132	0.0056	0.0119	0.0073	0.0144	0.0044	0.0103	0.0144	0.0196	0.0163	0.0024	0.0059	0.0005	0.0033	0.0129	0.0111	0.0211	0.0078	0.0170	0.0143	0.0099	0.0200	0.0154	0.0039	
0.0113	0.0055	0.0159	0.0090	0.0207	0.0029	0.0008	0.0068	0.0174	0.0194	0.0010	0.0076	0.0166	0.0016	0.0146	0.0008	0.0214	0.0021	0.0124	0.0060	0.0076	0.0187	0.0043	0.0034	0.0167	0.0069	0.0056	0.0174	0.0060	0.0014	0.0126	0.0135	0.0088	0.0071	0.0188	0.0070	0.0073	0.0011	0.0127	0.0146	0.0138	0.0153	0.0061	0.0012	0.0022	0.0030	0.0134	0.0157	0.0123	0.0147	0.0122	0.0063	0.0056	0.0120	0.0165	0.0135	0.0013	0.0138	0.0115	0.0133	0.0167	0.0050	0.0011	0.0175	0.0072	0.0068	0.0186	0.0094	0.0061	0.0085	0.0136	0.0208	0.0093	0.0181	0.0123	0.0113	0.0110	0.0031	0.0013	0.0140	0.0139	0.0088	0.0032	0.0115	0.0072	0.0059	0.0074	0.0184	0.0113	0.0022	0.0059	0.0137	0.0101	0.0002	0.0181	0.0094	0.0156	0.0087	0.0125	0.0156	
0.0046	0.0044	0.0102	0.0047	0.0014	0.0164	0.0171	0.0092	0.0184	0.0053	0.0032	0.0176	0.0130	0.0171	0.0210	0.0080	0.0018	0.0111	0.0114	0.0004	0.0215	0.0010	0.0200	0.0039	0.0022	0.0197	0.0089	0.0098	0.0222	0.0027	0.0178	0.0027	0.0087	0.0067	0.0122	0.0094	0.0189	0.0198	0.0099	0.0118	0.0087	0.0192	0.0207	0.0063	0.0220	0.0071	0.0016	0.0110	0.0008	0.0114	0.0071	0.0043	0.0173	0.0153	0.0161	0.0032	0.0065	0.0066	0.0023	0.0013	0.0074	0.0084	0.0101	0.0170	0.0087	0.0002	0.0089	0.0068	0.0073	0.0101	0.0087	0.0033	0.0010	0.0211	0.0116	0.0010	0.0015	0.0113	0.0045	0.0146	0.0207	0.0166	0.0079	0.0097	0.0158	0.0125	0.0051	0.0158	0.0127	0.0075	0.0030	0.0135	0.0181	0.0080	0.0048	0.0004	0.0094	0.0037	0.0165	0.0193	
0.0219	0.0172	0.0050	0.0109	0.0021	0.0053	0.0036	0.0215	0.0025	0.0174	0.0018	0.0153	0.0026	0.0077	0.0030	0.0103	0.0004	0.0009	0.0005	0.0156	0.0169	0.0182	0.0165	0.0004	0.0073	0.0186	0.0071	0.0154	0.0175	0.0120	0.0135	0.0186	0.0162	0.0054	0.0203	0.0031	0.0122	0.0186	0.0084	0.0114	0.0101	0.0066	0.0136	0.0187	0.0058	0.0076	0.0096	0.0101	0.0056	0.0148	0.0000	0.0099	0.0035	0.0035	0.0036	0.0035	0.0007	0.0054	0.0033	0.0057	0.0208	0.0105	0.0048	0.0128	0.0029	0.0043	0.0008	0.0183	0.0128	0.0230	0.0192	0.0034	0.0152	0.0111	0.0064	0.0111	0.0029	0.0193	0.0169	0.0195	0.0078	0.0178	0.0081	0.0232	0.0129	0.0050	0.0152	0.0122	0.0020	0.0145	0.0025	0.0079	0.0167	0.0023	0.0130	0.0210	0.0023	0.0008	0.0127	0.0015	
0.0081	0.0115	0.0169	0.0055	0.0174	0.0172	0.0142	0.0132	0.0168	0.0149	0.0005	0.0019	0.0096	0.0037	0.0181	0.0013	0.0027	0.0045	0.0004	0.0176	0.0101	0.0096	0.0164	0.0182	0.0169	0.0110	0.0087	0.0119	0.0194	0.0066	0.0072	0.0022	0.0049	0.0138	0.0129	0.0154	0.0185	0.0023	0.0036	0.0140	0.0096	0.0006	0.0147	0.0077	0.0132	0.0003	0.0176	0.0091	0.0045	0.0108	0.0153	0.0175	0.0003	0.0173	0.0108	0.0175	0.0160	0.0001	0.0077	0.0048	0.0083	0.0028	0.0166	0.0109	0.0068	0.0164	0.0163	0.0164	0.0120	0.0022	0.0021	0.0003	0.0007	0.0069	0.0084	0.0095	0.0151	0.0076	0.0052	0.0167	0.0147	0.0176	0.0066	0.0072	0.0103	0.0092	0.0019	0.0095	0.0025	0.0144	0.0201	0.0206	0.0148	0.0181	0.0053	0.0066	0.0048	0.0038	0.0008	0.0150	
0.0035	0.0015	0.0175	0.0025	0.0094	0.0166	0.0166	0.0143	0.0065	0.0024	0.0031	0.0078	0.0159	0.0102	0.0111	0.0104	0.0181	0.0100	0.0000	0.0165	0.0186	0.0088	0.0145	0.0191	0.0027	0.0033	0.0055	0.0021	0.0010	0.0019	0.0050	0.0114	0.0073	0.0110	0.0174	0.0133	0.0005	0.0050	0.0186	0.0138	0.0130	0.0082	0.0025	0.0001	0.0127	0.0101	0.0043	0.0046	0.0085	0.0164	0.0093	0.0162	0.0038	0.0044	0.0192	0.0163	0.0080	0.0211	0.0209	0.0059	0.0116	0.0161	0.0132	0.0050	0.0195	0.0123	0.0007	0.0049	0.0167	0.0184	0.0098	0.0132	0.0118	0.0066	0.0040	0.0083	0.0057	0.0139	0.0075	0.0113	0.0203	0.0014	0.0135	0.0060	0.0118	0.0091	0.0072	0.0034	0.0141	0.0198	0.0052	0.0014	0.0054	0.0117	0.0035	0.0177	0.0165	0.0187	0.0020	0.0203	
0.0113	0.0196	0.0076	0.0109	0.0062	0.0191	0.0042	0.0173	0.0001	0.0096	0.0102	0.0135	0.0114	0.0077	0.0068	0.0091	0.0019	0.0076	0.0140	0.0082	0.0044	0.0176	0.0118	0.0172	0.0120	0.0079	0.0062	0.0197	0.0030	0.0058	0.0136	0.0083	0.0108	0.0078	0.0008	0.0185	0.0127	0.0024	0.0195	0.0118	0.0043	0.0091	0.0031	0.0034	0.0097	0.0090	0.0098	0.0154	0.0055	0.0144	0.0143	0.0075	0.0031	0.0144	0.0149	0.0130	0.0082	0.0105	0.0179	0.0175	0.0131	0.0055	0.0150	0.0140	0.0163	0.0013	0.0032	0.0038	0.0072	0.0077	0.0153	0.0211	0.0081	0.0021	0.0041	0.0148	0.0141	0.0075	0.0078	0.0024	0.0190	0.0090	0.0122	0.0089	0.0101	0.0059	0.0051	0.0178	0.0136	0.0078	0.0106	0.0023	0.0044	0.0017	0.0186	0.0178	0.0146	0.0086	0.0066	0.0078	
0.0073	0.0062	0.0091	0.0184	0.0200	0.0171	0.0200	0.0013	0.0096	0.0003	0.0188	0.0005	0.0031	0.0147	0.0197	0.0032	0.0130	0.0067	0.0041	0.0099	0.0167	0.0063	0.0112	0.0212	0.0175	0.0132	0.0160	0.0064	0.0030	0.0060	0.0009	0.0058	0.0005	0.0002	0.0172	0.0126	0.0003	0.0150	0.0104	0.0144	0.0068	0.0037	0.0088	0.0127	0.0090	0.0093	0.0192	0.0082	0.0027	0.0157	0.0056	0.0079	0.0052	0.0204	0.0104	0.0007	0.0146	0.0092	0.0004	0.0049	0.0014	0.0118	0.0197	0.0039	0.0195	0.0115	0.0000	0.0029	0.0190	0.0073	0.0029	0.0185	0.0174	0.0114	0.0030	0.0137	0.0171	0.0183	0.0106	0.0073	0.0148	0.0062	0.0035	0.0074	0.0209	0.0130	0.0005	0.0027	0.0094	0.0163	0.0178	0.0118	0.0149	0.0056	0.0117	0.0140	0.0056	0.0044	0.0124	0.0172	
0.0106	0.0163	0.0084	0.0162	0.0136	0.0078	0.0107	0.0142	0.0136	0.0189	0.0035	0.0152	0.0190	0.0123	0.0101	0.0152	0.0106	0.0120	0.0038	0.0058	0.0136	0.0178	0.0146	0.0046	0.0093	0.0121	0.0031	0.0116	0.0198	0.0096	0.0079	0.0127	0.0056	0.0148	0.0207	0.0183	0.0174	0.0079	0.0138	0.0118	0.0019	0.0058	0.0082	0.0109	0.0131	0.0006	0.0124	0.0016	0.0152	0.0180	0.0030	0.0136	0.0009	0.0072	0.0035	0.0128	0.0021	0.0044	0.0062	0.0009	0.0048	0.0009	0.0160	0.0046	0.0116	0.0101	0.0096	0.0044	0.0147	0.0113	0.0170	0.0024	0.0181	0.0124	0.0040	0.0064	0.0094	0.0036	0.0122	0.0086	0.0208	0.0016	0.0141	0.0011	0.0065	0.0134	0.0118	0.0196	0.0121	0.0053	0.0170	0.0140	0.0017	0.0120	0.0075	0.0010	0.0100	0.0031	0.0165	0.0016	
0.0105	0.0078	0.0056	0.0040	0.0204	0.0012	0.0157	0.0089	0.0024	0.0175	0.0029	0.0169	0.0102	0.0154	0.0010	0.0026	0.0061	0.0154	0.0178	0.0154	0.0175	0.0121	0.0124	0.0092	0.0132	0.0042	0.0005	0.0046	0.0047	0.0029	0.0163	0.0058	0.0047	0.0102	0.0197	0.0108	0.0144	0.0095	0.0013	0.0049	0.0169	0.0026	0.0163	0.0148	0.0020	0.0148	0.0011	0.0041	0.0114	0.0040	0.0135	0.0144	0.0046	0.0024	0.0027	0.0170	0.0149	0.0155	0.0087	0.0150	0.0007	0.0102	0.0048	0.0199	0.0193	0.0152	0.0130	0.0007	0.0175	0.0096	0.0069	0.0157	0.0139	0.0130	0.0184	0.0165	0.0141	0.0162	0.0081	0.0153	0.0029	0.0148	0.0114	0.0201	0.0084	0.0033	0.0013	0.0023	0.0082	0.0009	0.0156	0.0195	0.0012	0.0055	0.0042	0.0062	0.0176	0.0162	0.0126	0.0057	
0.0042	0.0005	0.0058	0.0024	0.0173	0.0187	0.0181	0.0119	0.0025	0.0070	0.0030	0.0160	0.0082	0.0108	0.0117	0.0046	0.0200	0.0047	0.0113	0.0146	0.0162	0.0115	0.0126	0.0168	0.0126	0.0081	0.0131	0.0089	0.0089	0.0120	0.0178	0.0179	0.0026	0.0026	0.0152	0.0026	0.0093	0.0103	0.0026	0.0088	0.0031	0.0090	0.0184	0.0007	0.0194	0.0157	0.0113	0.0084	0.0127	0.0202	0.0061	0.0129	0.0046	0.0199	0.0101	0.0126	0.0073	0.0089	0.0085	0.0086	0.0045	0.0115	0.0033	0.0095	0.0102	0.0039	0.0133	0.0058	0.0196	0.0093	0.0145	0.0098	0.0020	0.0020	0.0122	0.0055	0.0116	0.0115	0.0175	0.0147	0.0176	0.0049	0.0137	0.0089	0.0051	0.0040	0.0124	0.0036	0.0133	0.0197	0.0147	0.0004	0.0013	0.0123	0.0047	0.0110	0.0061	0.0093	0.0092	0.0133	
0.0041	0.0063	0.0099	0.0043	0.0055	0.0205	0.0119	0.0038	0.0068	0.0045	0.0013	0.0159	0.0105	0.0137	0.0128	0.0202	0.0192	0.0167	0.0054	0.0053	0.0121	0.0123	0.0140	0.0205	0.0147	0.0154	0.0083	0.0094	0.0206	0.0009	0.0002	0.0026	0.0011	0.0052	0.0145	0.0119	0.0161	0.0112	0.0043	0.0071	0.0136	0.0103	0.0191	0.0099	0.0212	0.0180	0.0111	0.0077	0.0022	0.0063	0.0148	0.0123	0.0046	0.0070	0.0033	0.0133	0.0144	0.0111	0.0100	0.0108	0.0123	0.0032	0.0071	0.0065	0.0042	0.0188	0.0149	0.0059	0.0017	0.0007	0.0036	0.0076	0.0123	0.0208	0.0130	0.0013	0.0148	0.0034	0.0005	0.0158	0.0049	0.0204	0.0062	0.0128	0.0068	0.0100	0.0198	0.0168	0.0020	0.0218	0.0198	0.0055	0.0014	0.0144	0.0165	0.0104	0.0037	0.0118	0.0049	0.0001	
0.0049	0.0053	0.0061	0.0016	0.0028	0.0091	0.0206	0.0068	0.0135	0.0022	0.0215	0.0102	0.0115	0.0137	0.0060	0.0120	0.0194	0.0162	0.0221	0.0149	0.0009	0.0215	0.0039	0.0024	0.0030	0.0196	0.0054	0.0199	0.0031	0.0025	0.0190	0.0031	0.0191	0.0004	0.0139	0.0210	0.0144	0.0051	0.0093	0.0191	0.0096	0.0123	0.0018	0.0208	0.0014	0.0075	0.0164	0.0071	0.0086	0.0048	0.0120	0.0088	0.0113	0.0127	0.0208	0.0053	0.0015	0.0040	0.0195	0.0041	0.0033	0.0027	0.0038	0.0123	0.0048	0.0155	0.0123	0.0115	0.0032	0.0067	0.0186	0.0150	0.0068	0.0022	0.0055	0.0097	0.0192	0.0041	0.0010	0.0162	0.0048	0.0181	0.0095	0.0211	0.0103	0.0096	0.0125	0.0082	0.0012	0.0066	0.0197	0.0109	0.0068	0.0051	0.0156	0.0072	0.0091	0.0110	0.0148	0.0062	
0.0186	0.0049	0.0045	0.0022	0.0083	0.0004	0.0023	0.0109	0.0058	0.0119	0.0083	0.0183	0.0031	0.0034	0.0210	0.0056	0.0156	0.0060	0.0019	0.0153	0.0045	0.0052	0.0100	0.0179	0.0082	0.0082	0.0074	0.0013	0.0088	0.0202	0.0012	0.0077	0.0098	0.0160	0.0240	0.0212	0.0145	0.0077	0.0127	0.0098	0.0081	0.0018	0.0020	0.0124	0.0210	0.0005	0.0075	0.0027	0.0061	0.0098	0.0132	0.0030	0.0091	0.0010	0.0019	0.0120	0.0172	0.0081	0.0152	0.0220	0.0146	0.0010	0.0028	0.0083	0.0105	0.0001	0.0097	0.0085	0.0045	0.0232	0.0127	0.0076	0.0159	0.0146	0.0079	0.0027	0.0028	0.0188	0.0204	0.0080	0.0006	0.0041	0.0162	0.0208	0.0060	0.0200	0.0203	0.0085	0.0155	0.0091	0.0044	0.0068	0.0150	0.0123	0.0166	0.0073	0.0220	0.0161	0.0018	0.0222	
0.0128	0.0182	0.0167	0.0055	0.0191	0.0067	0.0086	0.0162	0.0133	0.0218	0.0086	0.0163	0.0081	0.0058	0.0188	0.0094	0.0056	0.0050	0.0019	0.0097	0.0017	0.0013	0.0152	0.0149	0.0143	0.0056	0.0136	0.0024	0.0194	0.0005	0.0029	0.0076	0.0170	0.0195	0.0176	0.0014	0.0052	0.0090	0.0211	0.0178	0.0095	0.0020	0.0149	0.0144	0.0195	0.0052	0.0162	0.0062	0.0127	0.0052	0.0011	0.0148	0.0123	0.0133	0.0150	0.0098	0.0045	0.0025	0.0098	0.0117	0.0131	0.0058	0.0206	0.0141	0.0171	0.0007	0.0015	0.0089	0.0097	0.0178	0.0042	0.0165	0.0049	0.0036	0.0007	0.0214	0.0068	0.0008	0.0175	0.0089	0.0088	0.0059	0.0086	0.0119	0.0202	0.0084	0.0153	0.0047	0.0034	0.0062	0.0177	0.0029	0.0001	0.0078	0.0047	0.0033	0.0030	0.0009	0.0142	0.0205	
0.0050	0.0074	0.0158	0.0159	0.0013	0.0053	0.0092	0.0086	0.0106	0.0175	0.0030	0.0033	0.0061	0.0187	0.0030	0.0074	0.0171	0.0079	0.0134	0.0077	0.0059	0.0167	0.0063	0.0043	0.0005	0.0017	0.0150	0.0173	0.0197	0.0172	0.0164	0.0063	0.0036	0.0184	0.0056	0.0013	0.0091	0.0140	0.0099	0.0139	0.0185	0.0056	0.0146	0.0062	0.0032	0.0119	0.0165	0.0001	0.0050	0.0176	0.0059	0.0147	0.0071	0.0097	0.0120	0.0076	0.0015	0.0119	0.0150	0.0197	0.0098	0.0118	0.0110	0.0135	0.0005	0.0148	0.0182	0.0084	0.0135	0.0016	0.0174	0.0030	0.0182	0.0209	0.0086	0.0197	0.0027	0.0002	0.0010	0.0067	0.0053	0.0146	0.0110	0.0011	0.0108	0.0013	0.0201	0.0147	0.0057	0.0181	0.0204	0.0183	0.0189	0.0098	0.0039	0.0057	0.0153	0.0007	0.0048	0.0065	
0.0134	0.0091	0.0053	0.0039	0.0217	0.0041	0.0183	0.0079	0.0202	0.0128	0.0057	0.0014	0.0133	0.0075	0.0152	0.0153	0.0015	0.0097	0.0028	0.0200	0.0192	0.0057	0.0026	0.0209	0.0019	0.0011	0.0036	0.0074	0.0168	0.0036	0.0052	0.0022	0.0149	0.0148	0.0164	0.0178	0.0100	0.0089	0.0015	0.0081	0.0038	0.0120	0.0142	0.0119	0.0132	0.0192	0.0061	0.0102	0.0169	0.0107	0.0042	0.0053	0.0186	0.0070	0.0092	0.0079	0.0060	0.0073	0.0017	0.0202	0.0001	0.0102	0.0123	0.0185	0.0083	0.0028	0.0073	0.0187	0.0155	0.0190	0.0044	0.0151	0.0089	0.0170	0.0154	0.0066	0.0118	0.0104	0.0051	0.0036	0.0178	0.0120	0.0112	0.0068	0.0198	0.0000	0.0043	0.0092	0.0065	0.0064	0.0107	0.0028	0.0069	0.0031	0.0071	0.0140	0.0215	0.0172	0.0053	0.0091	
0.0135	0.0088	0.0178	0.0206	0.0061	0.0114	0.0168	0.0030	0.0113	0.0024	0.0193	0.0159	0.0027	0.0187	0.0029	0.0088	0.0001	0.0065	0.0189	0.0078	0.0218	0.0185	0.0122	0.0095	0.0078	0.0014	0.0074	0.0058	0.0090	0.0025	0.0078	0.0145	0.0048	0.0173	0.0136	0.0080	0.0148	0.0133	0.0006	0.0088	0.0033	0.0006	0.0193	0.0039	0.0099	0.0138	0.0003	0.0075	0.0005	0.0218	0.0123	0.0138	0.0002	0.0185	0.0104	0.0151	0.0172	0.0091	0.0118	0.0043	0.0040	0.0115	0.0155	0.0089	0.0160	0.0038	0.0112	0.0077	0.0068	0.0154	0.0139	0.0092	0.0060	0.0108	0.0043	0.0190	0.0002	0.0076	0.0197	0.0135	0.0013	0.0198	0.0049	0.0099	0.0100	0.0137	0.0149	0.0082	0.0069	0.0193	0.0111	0.0063	0.0011	0.0163	0.0046	0.0117	0.0062	0.0090	0.0084	0.0050	
0.0028	0.0148	0.0007	0.0055	0.0066	0.0054	0.0083	0.0122	0.0122	0.0122	0.0157	0.0099	0.0099	0.0167	0.0028	0.0041	0.0080	0.0064	0.0212	0.0012	0.0120	0.0048	0.0004	0.0099	0.0048	0.0085	0.0075	0.0105	0.0060	0.0139	0.0137	0.0111	0.0211	0.0141	0.0134	0.0077	0.0199	0.0208	0.0034	0.0050	0.0062	0.0025	0.0149	0.0158	0.0036	0.0004	0.0169	0.0032	0.0142	0.0005	0.0044	0.0216	0.0098	0.0095	0.0144	0.0187	0.0142	0.0118	0.0005	0.0199	0.0180	0.0192	0.0059	0.0002	0.0212	0.0031	0.0119	0.0155	0.0086	0.0184	0.0054	0.0089	0.0030	0.0157	0.0167	0.0094	0.0098	0.0056	0.0066	0.0047	0.0127	0.0037	0.0158	0.0053	0.0089	0.0144	0.0004	0.0123	0.0006	0.0132	0.0148	0.0082	0.0219	0.0053	0.0074	0.0081	0.0196	0.0160	0.0154	0.0003	
0.0097	0.0009	0.0138	0.0164	0.0153	0.0163	0.0153	0.0151	0.0105	0.0054	0.0088	0.0071	0.0040	0.0139	0.0055	0.0127	0.0034	0.0008	0.0115	0.0036	0.0026	0.0189	0.0136	0.0138	0.0015	0.0159	0.0080	0.0174	0.0071	0.0073	0.0109	0.0140	0.0077	0.0055	0.0154	0.0101	0.0069	0.0160	0.0087	0.0099	0.0154	0.0036	0.0188	0.0147	0.0028	0.0046	0.0030	0.0027	0.0175	0.0116	0.0032	0.0159	0.0018	0.0136	0.0153	0.0097	0.0058	0.0010	0.0147	0.0173	0.0083	0.0166	0.0088	0.0039	0.0135	0.0122	0.0179	0.0173	0.0010	0.0142	0.0057	0.0060	0.0112	0.0014	0.0064	0.0179	0.0173	0.0171	0.0112	0.0139	0.0127	0.0049	0.0162	0.0139	0.0041	0.0147	0.0124	0.0140	0.0086	0.0042	0.0043	0.0066	0.0011	0.0096	0.0018	0.0162	0.0144	0.0143	0.0009	0.0089	
0.0060	0.0050	0.0018	0.0049	0.0069	0.0176	0.0042	0.0006	0.0056	0.0182	0.0127	0.0068	0.0098	0.0002	0.0045	0.0033	0.0014	0.0157	0.0201	0.0186	0.0007	0.0054	0.0101	0.0173	0.0105	0.0209	0.0045	0.0010	0.0208	0.0099	0.0044	0.0041	0.0174	0.0031	0.0123	0.0092	0.0040	0.0149	0.0072	0.0065	0.0109	0.0129	0.0091	0.0108	0.0151	0.0161	0.0186	0.0010	0.0063	0.0204	0.0138	0.0188	0.0137	0.0027	0.0092	0.0009	0.0149	0.0055	0.0150	0.0073	0.0132	0.0038	0.0011	0.0154	0.0157	0.0070	0.0084	0.0068	0.0104	0.0161	0.0201	0.0090	0.0078	0.0143	0.0077	0.0072	0.0165	0.0210	0.0029	0.0132	0.0020	0.0037	0.0145	0.0007	0.0132	0.0042	0.0086	0.0164	0.0150	0.0097	0.0146	0.0192	0.0202	0.0006	0.0145	0.0076	0.0128	0.0130	0.0137	0.0066	
0.0091	0.0128	0.0113	0.0118	0.0230	0.0101	0.0139	0.0022	0.0159	0.0006	0.0055	0.0165	0.0021	0.0012	0.0054	0.0091	0.0099	0.0005	0.0040	0.0108	0.0193	0.0154	0.0121	0.0009	0.0016	0.0008	0.0097	0.0074	0.0228	0.0002	0.0163	0.0039	0.0053	0.0170	0.0054	0.0107	0.0135	0.0036	0.0012	0.0049	0.0134	0.0071	0.0007	0.0145	0.0046	0.0193	0.0186	0.0172	0.0173	0.0051	0.0186	0.0125	0.0098	0.0069	0.0085	0.0150	0.0010	0.0104	0.0097	0.0216	0.0003	0.0053	0.0027	0.0183	0.0047	0.0014	0.0127	0.0054	0.0199	0.0182	0.0172	0.0065	0.0216	0.0220	0.0193	0.0136	0.0135	0.0184	0.0178	0.0029	0.0046	0.0107	0.0119	0.0172	0.0022	0.0056	0.0171	0.0208	0.0092	0.0108	0.0096	0.0034	0.0158	0.0026	0.0043	0.0081	0.0049	0.0062	0.0103	0.0033	
0.0082	0.0106	0.0013	0.0003	0.0094	0.0121	0.0109	0.0104	0.0062	0.0171	0.0025	0.0035	0.0120	0.0060	0.0131	0.0090	0.0148	0.0075	0.0126	0.0164	0.0068	0.0117	0.0165	0.0062	0.0054	0.0124	0.0114	0.0177	0.0156	0.0098	0.0067	0.0060	0.0071	0.0120	0.0158	0.0119	0.0083	0.0101	0.0053	0.0086	0.0122	0.0041	0.0111	0.0108	0.0069	0.0041	0.0090	0.0064	0.0074	0.0128	0.0105	0.0169	0.0110	0.0121	0.0148	0.0159	0.0134	0.0140	0.0129	0.0158	0.0003	0.0140	0.0148	0.0159	0.0107	0.0152	0.0152	0.0189	0.0131	0.0016	0.0012	0.0038	0.0023	0.0032	0.0052	0.0025	0.0181	0.0056	0.0001	0.0012	0.0028	0.0046	0.0081	0.0006	0.0181	0.0102	0.0121	0.0155	0.0179	0.0164	0.0181	0.0137	0.0171	0.0078	0.0088	0.0176	0.0090	0.0155	0.0007	0.0114	
0.0096	0.0094	0.0132	0.0063	0.0140	0.0090	0.0144	0.0098	0.0057	0.0154	0.0174	0.0076	0.0131	0.0123	0.0143	0.0149	0.0059	0.0157	0.0190	0.0182	0.0021	0.0004	0.0024	0.0146	0.0025	0.0066	0.0073	0.0142	0.0163	0.0058	0.0132	0.0045	0.0056	0.0091	0.0141	0.0129	0.0105	0.0024	0.0085	0.0093	0.0155	0.0039	0.0113	0.0043	0.0210	0.0095	0.0001	0.0035	0.0152	0.0138	0.0131	0.0153	0.0166	0.0013	0.0083	0.0081	0.0079	0.0175	0.0037	0.0058	0.0020	0.0005	0.0170	0.0218	0.0001	0.0119	0.0024	0.0054	0.0192	0.0006	0.0041	0.0034	0.0072	0.0095	0.0038	0.0203	0.0097	0.0156	0.0172	0.0110	0.0071	0.0028	0.0173	0.0207	0.0139	0.0195	0.0082	0.0043	0.0231	0.0051	0.0059	0.0131	0.0196	0.0017	0.0073	0.0145	0.0082	0.0107	0.0036	0.0076	
0.0098	0.0149	0.0039	0.0141	0.0108	0.0102	0.0075	0.0078	0.0168	0.0123	0.0186	0.0092	0.0036	0.0116	0.0200	0.0188	0.0017	0.0171	0.0060	0.0011	0.0052	0.0195	0.0056	0.0148	0.0139	0.0127	0.0045	0.0059	0.0016	0.0079	0.0102	0.0187	0.0147	0.0084	0.0039	0.0120	0.0181	0.0045	0.0110	0.0035	0.0114	0.0001	0.0075	0.0099	0.0071	0.0137	0.0075	0.0070	0.0025	0.0082	0.0135	0.0140	0.0054	0.0034	0.0018	0.0102	0.0094	0.0094	0.0195	0.0174	0.0061	0.0019	0.0069	0.0096	0.0012	0.0189	0.0149	0.0161	0.0080	0.0071	0.0004	0.0182	0.0060	0.0025	0.0094	0.0054	0.0112	0.0149	0.0087	0.0175	0.0050	0.0169	0.0027	0.0137	0.0152	0.0187	0.0137	0.0114	0.0073	0.0142	0.0027	0.0106	0.0055	0.0129	0.0175	0.0092	0.0143	0.0177	0.0070	0.0079	
0.0003	0.0123	0.0181	0.0162	0.0084	0.0170	0.0067	0.0030	0.0126	0.0167	0.0199	0.0125	0.0012	0.0003	0.0122	0.0086	0.0205	0.0138	0.0151	0.0039	0.0068	0.0052	0.0093	0.0153	0.0045	0.0114	0.0113	0.0141	0.0047	0.0001	0.0117	0.0142	0.0080	0.0009	0.0217	0.0132	0.0184	0.0078	0.0048	0.0177	0.0103	0.0102	0.0178	0.0100	0.0164	0.0085	0.0082	0.0050	0.0007	0.0097	0.0091	0.0002	0.0026	0.0044	0.0009	0.0154	0.0025	0.0043	0.0110	0.0179	0.0052	0.0136	0.0183	0.0127	0.0058	0.0040	0.0051	0.0002	0.0015	0.0201	0.0101	0.0129	0.0088	0.0186	0.0133	0.0155	0.0072	0.0205	0.0174	0.0151	0.0031	0.0064	0.0122	0.0162	0.0099	0.0106	0.0115	0.0042	0.0000	0.0035	0.0106	0.0148	0.0169	0.0075	0.0121	0.0167	0.0128	0.0043	0.0035	0.0116	
0.0044	0.0085	0.0034	0.0017	0.0217	0.0198	0.0122	0.0057	0.0100	0.0050	0.0093	0.0028	0.0054	0.0154	0.0141	0.0193	0.0023	0.0037	0.0038	0.0149	0.0145	0.0013	0.0002	0.0185	0.0089	0.0175	0.0160	0.0002	0.0063	0.0190	0.0050	0.0031	0.0173	0.0077	0.0138	0.0158	0.0037	0.0114	0.0165	0.0115	0.0200	0.0063	0.0146	0.0173	0.0169	0.0070	0.0095	0.0007	0.0149	0.0141	0.0130	0.0087	0.0007	0.0112	0.0196	0.0031	0.0082	0.0058	0.0136	0.0039	0.0032	0.0123	0.0209	0.0134	0.0001	0.0054	0.0069	0.0192	0.0050	0.0215	0.0159	0.0135	0.0082	0.0137	0.0166	0.0072	0.0077	0.0052	0.0030	0.0014	0.0072	0.0147	0.0060	0.0134	0.0036	0.0170	0.0024	0.0072	0.0098	0.0090	0.0077	0.0194	0.0196	0.0120	0.0088	0.0083	0.0073	0.0009	0.0139	0.0114	
0.0010	0.0121	0.0162	0.0162	0.0210	0.0028	0.0006	0.0083	0.0148	0.0127	0.0161	0.0030	0.0023	0.0111	0.0176	0.0083	0.0061	0.0084	0.0102	0.0038	0.0029	0.0222	0.0088	0.0174	0.0120	0.0170	0.0151	0.0163	0.0046	0.0086	0.0005	0.0070	0.0104	0.0133	0.0005	0.0158	0.0184	0.0105	0.0138	0.0008	0.0170	0.0145	0.0138	0.0189	0.0128	0.0040	0.0159	0.0065	0.0160	0.0196	0.0016	0.0203	0.0119	0.0138	0.0068	0.0010	0.0030	0.0001	0.0039	0.0020	0.0089	0.0048	0.0045	0.0069	0.0115	0.0084	0.0147	0.0092	0.0109	0.0019	0.0097	0.0162	0.0162	0.0099	0.0077	0.0098	0.0070	0.0114	0.0034	0.0075	0.0010	0.0073	0.0205	0.0047	0.0067	0.0020	0.0175	0.0185	0.0061	0.0214	0.0128	0.0206	0.0067	0.0113	0.0117	0.0116	0.0109	0.0064	0.0061	0.0041	
0.0116	0.0066	0.0144	0.0137	0.0115	0.0062	0.0039	0.0024	0.0037	0.0201	0.0146	0.0116	0.0161	0.0152	0.0008	0.0015	0.0061	0.0206	0.0002	0.0089	0.0142	0.0169	0.0039	0.0112	0.0090	0.0110	0.0096	0.0037	0.0193	0.0172	0.0190	0.0006	0.0052	0.0191	0.0196	0.0144	0.0118	0.0059	0.0145	0.0001	0.0178	0.0130	0.0144	0.0074	0.0060	0.0000	0.0019	0.0096	0.0106	0.0101	0.0045	0.0108	0.0059	0.0201	0.0097	0.0150	0.0028	0.0041	0.0042	0.0202	0.0169	0.0004	0.0055	0.0071	0.0216	0.0126	0.0071	0.0172	0.0205	0.0067	0.0095	0.0220	0.0062	0.0000	0.0115	0.0006	0.0016	0.0159	0.0059	0.0094	0.0092	0.0183	0.0124	0.0073	0.0130	0.0090	0.0144	0.0081	0.0106	0.0018	0.0122	0.0082	0.0018	0.0139	0.0035	0.0180	0.0084	0.0074	0.0065	0.0137	
0.0134	0.0046	0.0097	0.0041	0.0007	0.0049	0.0040	0.0057	0.0057	0.0096	0.0128	0.0055	0.0170	0.0129	0.0102	0.0165	0.0072	0.0182	0.0140	0.0102	0.0182	0.0187	0.0071	0.0174	0.0136	0.0017	0.0180	0.0114	0.0170	0.0134	0.0115	0.0142	0.0090	0.0128	0.0171	0.0039	0.0077	0.0080	0.0058	0.0070	0.0045	0.0075	0.0023	0.0002	0.0078	0.0048	0.0089	0.0061	0.0037	0.0055	0.0091	0.0090	0.0123	0.0181	0.0115	0.0126	0.0163	0.0118	0.0092	0.0189	0.0064	0.0103	0.0099	0.0126	0.0159	0.0156	0.0162	0.0048	0.0160	0.0063	0.0085	0.0185	0.0126	0.0075	0.0057	0.0113	0.0155	0.0064	0.0089	0.0082	0.0119	0.0101	0.0073	0.0107	0.0035	0.0030	0.0019	0.0120	0.0200	0.0031	0.0064	0.0160	0.0181	0.0066	0.0001	0.0120	0.0180	0.0087	0.0030	0.0095	
0.0099	0.0043	0.0088	0.0181	0.0186	0.0115	0.0166	0.0056	0.0102	0.0026	0.0183	0.0101	0.0036	0.0006	0.0069	0.0167	0.0049	0.0207	0.0091	0.0127	0.0186	0.0045	0.0059	0.0152	0.0189	0.0137	0.0202	0.0059	0.0084	0.0132	0.0137	0.0070	0.0037	0.0001	0.0005	0.0083	0.0017	0.0106	0.0149	0.0128	0.0063	0.0169	0.0023	0.0185	0.0070	0.0142	0.0125	0.0171	0.0008	0.0044	0.0074	0.0205	0.0015	0.0112	0.0123	0.0044	0.0195	0.0141	0.0184	0.0031	0.0124	0.0114	0.0192	0.0175	0.0104	0.0098	0.0064	0.0040	0.0002	0.0179	0.0141	0.0164	0.0057	0.0176	0.0070	0.0008	0.0024	0.0072	0.0092	0.0037	0.0021	0.0015	0.0044	0.0033	0.0066	0.0142	0.0055	0.0146	0.0094	0.0175	0.0100	0.0082	0.0138	0.0106	0.0014	0.0142	0.0193	0.0056	0.0070	0.0171	
0.0093	0.0083	0.0174	0.0027	0.0105	0.0139	0.0134	0.0058	0.0029	0.0116	0.0019	0.0107	0.0063	0.0130	0.0012	0.0098	0.0077	0.0157	0.0105	0.0153	0.0052	0.0144	0.0161	0.0038	0.0087	0.0073	0.0014	0.0164	0.0163	0.0121	0.0028	0.0167	0.0200	0.0120	0.0178	0.0139	0.0034	0.0021	0.0132	0.0125	0.0000	0.0196	0.0106	0.0174	0.0160	0.0165	0.0012	0.0182	0.0094	0.0122	0.0069	0.0029	0.0141	0.0137	0.0119	0.0157	0.0130	0.0147	0.0140	0.0028	0.0122	0.0195	0.0109	0.0112	0.0095	0.0050	0.0107	0.0151	0.0204	0.0079	0.0064	0.0057	0.0019	0.0185	0.0164	0.0050	0.0029	0.0192	0.0090	0.0109	0.0063	0.0023	0.0052	0.0031	0.0041	0.0188	0.0012	0.0081	0.0008	0.0199	0.0010	0.0091	0.0089	0.0099	0.0006	0.0010	0.0095	0.0202	0.0069	0.0100	
0.0077	0.0079	0.0000	0.0021	0.0063	0.0032	0.0011	0.0178	0.0180	0.0068	0.0137	0.0137	0.0056	0.0028	0.0179	0.0102	0.0143	0.0085	0.0076	0.0097	0.0040	0.0037	0.0135	0.0227	0.0071	0.0173	0.0180	0.0120	0.0182	0.0170	0.0163	0.0037	0.0118	0.0207	0.0042	0.0198	0.0025	0.0036	0.0175	0.0012	0.0204	0.0033	0.0123	0.0153	0.0064	0.0073	0.0039	0.0054	0.0145	0.0114	0.0074	0.0009	0.0132	0.0222	0.0057	0.0037	0.0143	0.0002	0.0158	0.0094	0.0063	0.0090	0.0014	0.0018	0.0106	0.0086	0.0029	0.0058	0.0192	0.0206	0.0076	0.0109	0.0121	0.0069	0.0102	0.0007	0.0122	0.0196	0.0133	0.0201	0.0145	0.0112	0.0185	0.0066	0.0080	0.0150	0.0131	0.0128	0.0147	0.0000	0.0043	0.0025	0.0085	0.0090	0.0148	0.0101	0.0021	0.0093	0.0044	0.0182	
0.0052	0.0172	0.0057	0.0146	0.0039	0.0169	0.0099	0.0061	0.0085	0.0058	0.0113	0.0147	0.0058	0.0150	0.0145	0.0143	0.0122	0.0160	0.0141	0.0134	0.0178	0.0103	0.0123	0.0179	0.0126	0.0047	0.0023	0.0017	0.0125	0.0012	0.0181	0.0020	0.0150	0.0164	0.0153	0.0148	0.0045	0.0017	0.0023	0.0099	0.0051	0.0045	0.0036	0.0088	0.0081	0.0068	0.0147	0.0109	0.0142	0.0178	0.0159	0.0068	0.0152	0.0105	0.0158	0.0139	0.0061	0.0067	0.0012	0.0181	0.0148	0.0073	0.0159	0.0080	0.0064	0.0088	0.0014	0.0093	0.0012	0.0185	0.0096	0.0106	0.0133	0.0041	0.0091	0.0150	0.0064	0.0029	0.0117	0.0054	0.0089	0.0097	0.0065	0.0121	0.0050	0.0126	0.0066	0.0050	0.0205	0.0005	0.0096	0.0193	0.0007	0.0034	0.0145	0.0159	0.0096	0.0149	0.0018	0.0199	
0.0079	0.0057	0.0099	0.0154	0.0097	0.0059	0.0132	0.0110	0.0201	0.0049	0.0071	0.0027	0.0146	0.0149	0.0101	0.0046	0.0012	0.0033	0.0026	0.0131	0.0032	0.0160	0.0120	0.0008	0.0088	0.0121	0.0102	0.0101	0.0095	0.0115	0.0041	0.0110	0.0013	0.0129	0.0204	0.0033	0.0185	0.0107	0.0031	0.0187	0.0185	0.0148	0.0057	0.0153	0.0136	0.0056	0.0014	0.0051	0.0138	0.0105	0.0158	0.0072	0.0136	0.0086	0.0137	0.0105	0.0145	0.0093	0.0062	0.0159	0.0171	0.0032	0.0033	0.0078	0.0003	0.0151	0.0014	0.0037	0.0141	0.0057	0.0048	0.0100	0.0002	0.0040	0.0144	0.0090	0.0107	0.0148	0.0084	0.0027	0.0112	0.0042	0.0147	0.0181	0.0174	0.0182	0.0187	0.0137	0.0199	0.0094	0.0092	0.0111	0.0054	0.0065	0.0025	0.0142	0.0117	0.0166	0.0122	0.0180	
0.0051	0.0180	0.0092	0.0080	0.0059	0.0062	0.0064	0.0093	0.0119	0.0068	0.0202	0.0169	0.0022	0.0029	0.0051	0.0117	0.0080	0.0053	0.0108	0.0029	0.0191	0.0090	0.0062	0.0070	0.0169	0.0155	0.0043	0.0148	0.0012	0.0206	0.0166	0.0135	0.0029	0.0103	0.0204	0.0135	0.0141	0.0082	0.0118	0.0109	0.0107	0.0082	0.0005	0.0108	0.0103	0.0099	0.0074	0.0022	0.0012	0.0106	0.0068	0.0067	0.0068	0.0120	0.0178	0.0162	0.0107	0.0030	0.0103	0.0107	0.0017	0.0118	0.0083	0.0129	0.0106	0.0052	0.0150	0.0117	0.0050	0.0123	0.0171	0.0209	0.0137	0.0208	0.0118	0.0102	0.0076	0.0159	0.0153	0.0062	0.0081	0.0020	0.0125	0.0111	0.0123	0.0098	0.0064	0.0121	0.0128	0.0015	0.0019	0.0119	0.0179	0.0019	0.0088	0.0186	0.0214	0.0073	0.0002	0.0048	
0.0167	0.0159	0.0158	0.0092	0.0142	0.0080	0.0131	0.0075	0.0171	0.0082	0.0089	0.0147	0.0059	0.0039	0.0019	0.0185	0.0002	0.0180	0.0012	0.0002	0.0192	0.0031	0.0183	0.0034	0.0090	0.0056	0.0026	0.0118	0.0113	0.0145	0.0102	0.0004	0.0160	0.0111	0.0112	0.0117	0.0047	0.0029	0.0168	0.0039	0.0165	0.0180	0.0133	0.0045	0.0123	0.0054	0.0050	0.0130	0.0192	0.0087	0.0160	0.0020	0.0057	0.0229	0.0049	0.0126	0.0160	0.0141	0.0190	0.0082	0.0051	0.0020	0.0169	0.0045	0.0182	0.0079	0.0002	0.0137	0.0141	0.0107	0.0141	0.0178	0.0009	0.0176	0.0034	0.0006	0.0088	0.0143	0.0104	0.0034	0.0002	0.0088	0.0108	0.0013	0.0167	0.0085	0.0138	0.0152	0.0065	0.0172	0.0151	0.0111	0.0031	0.0084	0.0181	0.0151	0.0022	0.0088	0.0059	0.0044	
0.0067	0.0116	0.0185	0.0103	0.0164	0.0008	0.0010	0.0098	0.0155	0.0053	0.0042	0.0022	0.0029	0.0164	0.0081	0.0164	0.0122	0.0164	0.0093	0.0087	0.0156	0.0048	0.0087	0.0179	0.0144	0.0037	0.0146	0.0133	0.0213	0.0085	0.0204	0.0008	0.0082	0.0070	0.0215	0.0097	0.0106	0.0012	0.0071	0.0164	0.0074	0.0055	0.0203	0.0017	0.0150	0.0121	0.0090	0.0066	0.0016	0.0032	0.0036	0.0076	0.0003	0.0200	0.0102	0.0016	0.0030	0.0022	0.0153	0.0115	0.0076	0.0094	0.0110	0.0080	0.0071	0.0031	0.0142	0.0181	0.0201	0.0184	0.0051	0.0115	0.0094	0.0141	0.0015	0.0097	0.0055	0.0061	0.0039	0.0019	0.0168	0.0075	0.0103	0.0170	0.0055	0.0130	0.0005	0.0109	0.0203	0.0171	0.0069	0.0094	0.0068	0.0156	0.0093	0.0179	0.0161	0.0123	0.0142	0.0107	
0.0183	0.0115	0.0071	0.0033	0.0174	0.0125	0.0156	0.0065	0.0146	0.0005	0.0168	0.0143	0.0185	0.0118	0.0152	0.0185	0.0194	0.0147	0.0022	0.0133	0.0026	0.0042	0.0182	0.0026	0.0109	0.0161	0.0033	0.0142	0.0040	0.0031	0.0142	0.0126	0.0097	0.0127	0.0036	0.0027	0.0190	0.0068	0.0157	0.0103	0.0130	0.0122	0.0132	0.0171	0.0204	0.0083	0.0094	0.0119	0.0175	0.0096	0.0153	0.0171	0.0078	0.0010	0.0075	0.0136	0.0125	0.0050	0.0115	0.0012	0.0094	0.0039	0.0030	0.0116	0.0058	0.0023	0.0048	0.0055	0.0091	0.0125	0.0185	0.0127	0.0169	0.0109	0.0004	0.0081	0.0100	0.0023	0.0025	0.0017	0.0065	0.0098	0.0132	0.0140	0.0037	0.0128	0.0041	0.0095	0.0054	0.0086	0.0092	0.0141	0.0143	0.0137	0.0012	0.0092	0.0099	0.0005	0.0086	0.0163	
0.0045	0.0049	0.0025	0.0060	0.0107	0.0071	0.0020	0.0171	0.0005	0.0190	0.0038	0.0103	0.0021	0.0093	0.0150	0.0186	0.0097	0.0093	0.0092	0.0104	0.0180	0.0162	0.0196	0.0012	0.0035	0.0051	0.0168	0.0011	0.0101	0.0104	0.0201	0.0102	0.0118	0.0055	0.0191	0.0018	0.0079	0.0082	0.0039	0.0175	0.0127	0.0064	0.0097	0.0076	0.0051	0.0166	0.0116	0.0057	0.0016	0.0024	0.0002	0.0009	0.0110	0.0204	0.0181	0.0084	0.0049	0.0015	0.0023	0.0051	0.0108	0.0009	0.0084	0.0098	0.0189	0.0129	0.0183	0.0171	0.0109	0.0126	0.0099	0.0014	0.0054	0.0126	0.0165	0.0116	0.0062	0.0114	0.0157	0.0049	0.0130	0.0106	0.0191	0.0075	0.0105	0.0193	0.0196	0.0123	0.0066	0.0097	0.0167	0.0074	0.0060	0.0180	0.0065	0.0116	0.0190	0.0185	0.0078	0.0115	
0.0199	0.0143	0.0117	0.0080	0.0119	0.0179	0.0142	0.0176	0.0016	0.0077	0.0016	0.0115	0.0048	0.0151	0.0112	0.0173	0.0016	0.0010	0.0188	0.0003	0.0141	0.0065	0.0102	0.0022	0.0140	0.0032	0.0144	0.0064	0.0056	0.0051	0.0131	0.0067	0.0035	0.0042	0.0063	0.0162	0.0153	0.0096	0.0150	0.0106	0.0026	0.0182	0.0101	0.0176	0.0075	0.0026	0.0013	0.0077	0.0063	0.0070	0.0089	0.0169	0.0171	0.0083	0.0143	0.0117	0.0043	0.0103	0.0112	0.0078	0.0034	0.0079	0.0130	0.0152	0.0136	0.0127	0.0084	0.0009	0.0101	0.0129	0.0015	0.0111	0.0053	0.0082	0.0155	0.0147	0.0146	0.0103	0.0139	0.0113	0.0019	0.0059	0.0172	0.0174	0.0148	0.0162	0.0074	0.0147	0.0085	0.0128	0.0124	0.0060	0.0177	0.0062	0.0071	0.0122	0.0058	0.0131	0.0036	0.0129	
0.0146	0.0005	0.0161	0.0128	0.0061	0.0189	0.0107	0.0104	0.0103	0.0011	0.0163	0.0115	0.0161	0.0179	0.0064	0.0164	0.0098	0.0159	0.0006	0.0160	0.0067	0.0138	0.0129	0.0179	0.0010	0.0148	0.0126	0.0192	0.0005	0.0034	0.0093	0.0020	0.0075	0.0013	0.0213	0.0015	0.0085	0.0064	0.0119	0.0161	0.0053	0.0163	0.0048	0.0071	0.0177	0.0003	0.0091	0.0170	0.0006	0.0111	0.0036	0.0101	0.0130	0.0077	0.0062	0.0192	0.0073	0.0185	0.0115	0.0100	0.0063	0.0114	0.0106	0.0072	0.0116	0.0126	0.0045	0.0159	0.0182	0.0047	0.0072	0.0034	0.0039	0.0045	0.0108	0.0099	0.0089	0.0052	0.0004	0.0006	0.0065	0.0132	0.0170	0.0095	0.0194	0.0184	0.0085	0.0004	0.0156	0.0202	0.0138	0.0099	0.0147	0.0018	0.0094	0.0121	0.0061	0.0160	0.0135	0.0032	
0.0149	0.0127	0.0169	0.0153	0.0034	0.0007	0.0056	0.0080	0.0142	0.0150	0.0102	0.0018	0.0190	0.0096	0.0034	0.0113	0.0138	0.0013	0.0071	0.0113	0.0058	0.0043	0.0008	0.0199	0.0103	0.0162	0.0075	0.0018	0.0138	0.0181	0.0038	0.0114	0.0091	0.0159	0.0054	0.0118	0.0135	0.0022	0.0050	0.0179	0.0119	0.0173	0.0044	0.0171	0.0092	0.0099	0.0093	0.0030	0.0163	0.0171	0.0147	0.0041	0.0086	0.0029	0.0156	0.0099	0.0112	0.0170	0.0042	0.0051	0.0112	0.0037	0.0136	0.0155	0.0115	0.0152	0.0105	0.0023	0.0052	0.0103	0.0155	0.0121	0.0151	0.0087	0.0168	0.0063	0.0180	0.0026	0.0087	0.0175	0.0080	0.0043	0.0033	0.0162	0.0005	0.0163	0.0021	0.0069	0.0190	0.0139	0.0185	0.0158	0.0164	0.0005	0.0059	0.0080	0.0038	0.0066	0.0047	0.0101	
0.0237	0.0081	0.0177	0.0080	0.0011	0.0064	0.0095	0.0010	0.0037	0.0119	0.0129	0.0104	0.0092	0.0053	0.0188	0.0079	0.0009	0.0209	0.0183	0.0132	0.0185	0.0049	0.0029	0.0127	0.0116	0.0007	0.0158	0.0175	0.0027	0.0112	0.0037	0.0131	0.0191	0.0208	0.0246	0.0008	0.0080	0.0177	0.0176	0.0158	0.0110	0.0013	0.0043	0.0108	0.0036	0.0089	0.0085	0.0123	0.0041	0.0213	0.0077	0.0060	0.0117	0.0150	0.0159	0.0169	0.0055	0.0060	0.0175	0.0004	0.0126	0.0146	0.0210	0.0145	0.0079	0.0197	0.0128	0.0110	0.0060	0.0173	0.0209	0.0054	0.0031	0.0019	0.0027	0.0168	0.0007	0.0130	0.0097	0.0021	0.0148	0.0023	0.0115	0.0033	0.0034	0.0192	0.0007	0.0056	0.0050	0.0047	0.0178	0.0020	0.0006	0.0160	0.0038	0.0172	0.0028	0.0116	0.0025	0.0044	
0.0175	0.0174	0.0061	0.0075	0.0200	0.0032	0.0025	0.0093	0.0089	0.0202	0.0151	0.0108	0.0161	0.0126	0.0072	0.0086	0.0028	0.0160	0.0094	0.0080	0.0187	0.0078	0.0053	0.0014	0.0003	0.0174	0.0037	0.0078	0.0192	0.0055	0.0125	0.0092	0.0098	0.0045	0.0061	0.0140	0.0145	0.0033	0.0032	0.0185	0.0140	0.0104	0.0151	0.0043	0.0097	0.0029	0.0043	0.0062	0.0075	0.0141	0.0118	0.0065	0.0011	0.0144	0.0050	0.0085	0.0122	0.0052	0.0072	0.0015	0.0196	0.0142	0.0113	0.0038	0.0075	0.0047	0.0016	0.0129	0.0078	0.0119	0.0127	0.0205	0.0125	0.0100	0.0129	0.0074	0.0120	0.0010	0.0116	0.0151	0.0134	0.0158	0.0177	0.0036	0.0120	0.0058	0.0081	0.0163	0.0205	0.0164	0.0018	0.0102	0.0159	0.0015	0.0003	0.0182	0.0193	0.0106	0.0136	0.0043	
0.0018	0.0122	0.0172	0.0151	0.0010	0.0147	0.0139	0.0110	0.0000	0.0181	0.0162	0.0112	0.0128	0.0098	0.0078	0.0020	0.0160	0.0081	0.0119	0.0014	0.0165	0.0059	0.0127	0.0118	0.0102	0.0037	0.0034	0.0115	0.0099	0.0144	0.0083	0.0017	0.0044	0.0074	0.0163	0.0015	0.0178	0.0039	0.0026	0.0182	0.0120	0.0170	0.0166	0.0018	0.0008	0.0089	0.0157	0.0053	0.0132	0.0173	0.0037	0.0119	0.0186	0.0172	0.0071	0.0157	0.0175	0.0068	0.0046	0.0181	0.0109	0.0026	0.0017	0.0063	0.0094	0.0131	0.0078	0.0054	0.0154	0.0068	0.0031	0.0121	0.0056	0.0145	0.0089	0.0199	0.0084	0.0112	0.0102	0.0006	0.0071	0.0169	0.0172	0.0120	0.0101	0.0175	0.0025	0.0088	0.0000	0.0192	0.0025	0.0126	0.0195	0.0052	0.0065	0.0094	0.0165	0.0100	0.0113	0.0070	
0.0025	0.0099	0.0081	0.0063	0.0150	0.0115	0.0054	0.0052	0.0052	0.0084	0.0067	0.0068	0.0129	0.0036	0.0089	0.0112	0.0053	0.0099	0.0156	0.0102	0.0106	0.0183	0.0053	0.0146	0.0032	0.0100	0.0127	0.0193	0.0071	0.0002	0.0037	0.0168	0.0187	0.0036	0.0182	0.0147	0.0073	0.0087	0.0163	0.0160	0.0103	0.0152	0.0028	0.0114	0.0105	0.0116	0.0142	0.0134	0.0143	0.0117	0.0031	0.0054	0.0122	0.0005	0.0123	0.0034	0.0047	0.0119	0.0030	0.0038	0.0180	0.0049	0.0182	0.0057	0.0041	0.0075	0.0080	0.0103	0.0055	0.0126	0.0041	0.0148	0.0131	0.0180	0.0005	0.0151	0.0136	0.0117	0.0053	0.0076	0.0129	0.0161	0.0036	0.0127	0.0164	0.0189	0.0047	0.0170	0.0093	0.0135	0.0106	0.0152	0.0064	0.0112	0.0164	0.0051	0.0173	0.0159	0.0059	0.0029	
0.0075	0.0051	0.0098	0.0030	0.0111	0.0089	0.0125	0.0158	0.0228	0.0000	0.0096	0.0121	0.0087	0.0156	0.0114	0.0012	0.0020	0.0062	0.0106	0.0061	0.0041	0.0116	0.0032	0.0138	0.0022	0.0099	0.0101	0.0020	0.0004	0.0167	0.0190	0.0222	0.0070	0.0030	0.0038	0.0116	0.0100	0.0019	0.0046	0.0105	0.0084	0.0119	0.0221	0.0106	0.0079	0.0209	0.0094	0.0129	0.0031	0.0210	0.0042	0.0150	0.0089	0.0024	0.0214	0.0181	0.0020	0.0188	0.0006	0.0230	0.0223	0.0101	0.0168	0.0059	0.0041	0.0096	0.0054	0.0061	0.0118	0.0217	0.0132	0.0001	0.0014	0.0002	0.0195	0.0150	0.0133	0.0146	0.0055	0.0023	0.0014	0.0182	0.0210	0.0032	0.0126	0.0036	0.0134	0.0051	0.0039	0.0088	0.0099	0.0146	0.0013	0.0045	0.0112	0.0197	0.0189	0.0141	0.0059	0.0196	
0.0174	0.0033	0.0012	0.0036	0.0066	0.0041	0.0123	0.0081	0.0040	0.0072	0.0045	0.0082	0.0134	0.0188	0.0207	0.0025	0.0120	0.0131	0.0153	0.0002	0.0209	0.0008	0.0020	0.0043	0.0112	0.0001	0.0199	0.0197	0.0120	0.0002	0.0191	0.0198	0.0085	0.0082	0.0090	0.0192	0.0158	0.0166	0.0187	0.0078	0.0116	0.0033	0.0004	0.0184	0.0038	0.0001	0.0208	0.0027	0.0055	0.0087	0.0071	0.0045	0.0196	0.0062	0.0195	0.0154	0.0014	0.0175	0.0131	0.0059	0.0055	0.0150	0.0190	0.0041	0.0101	0.0057	0.0002	0.0060	0.0113	0.0007	0.0071	0.0179	0.0164	0.0077	0.0092	0.0167	0.0004	0.0048	0.0007	0.0111	0.0013	0.0166	0.0120	0.0026	0.0141	0.0141	0.0207	0.0029	0.0107	0.0148	0.0187	0.0212	0.0038	0.0117	0.0025	0.0167	0.0061	0.0170	0.0074	0.0192	
0.0219	0.0143	0.0109	0.0044	0.0009	0.0129	0.0096	0.0136	0.0154	0.0035	0.0140	0.0161	0.0153	0.0012	0.0043	0.0082	0.0032	0.0162	0.0112	0.0154	0.0071	0.0206	0.0162	0.0172	0.0036	0.0093	0.0125	0.0039	0.0048	0.0131	0.0102	0.0037	0.0188	0.0029	0.0122	0.0074	0.0047	0.0072	0.0015	0.0009	0.0042	0.0058	0.0064	0.0061	0.0195	0.0004	0.0015	0.0023	0.0069	0.0126	0.0127	0.0114	0.0057	0.0147	0.0098	0.0022	0.0172	0.0149	0.0007	0.0129	0.0006	0.0054	0.0090	0.0043	0.0142	0.0098	0.0204	0.0127	0.0109	0.0191	0.0039	0.0164	0.0146	0.0104	0.0118	0.0014	0.0110	0.0106	0.0186	0.0033	0.0070	0.0092	0.0167	0.0116	0.0207	0.0220	0.0179	0.0049	0.0133	0.0091	0.0101	0.0114	0.0069	0.0092	0.0003	0.0197	0.0188	0.0022	0.0110	0.0111	
0.0013	0.0083	0.0116	0.0102	0.0106	0.0184	0.0159	0.0158	0.0006	0.0095	0.0118	0.0067	0.0161	0.0166	0.0049	0.0114	0.0097	0.0183	0.0055	0.0132	0.0128	0.0154	0.0011	0.0014	0.0073	0.0130	0.0092	0.0050	0.0102	0.0136	0.0040	0.0099	0.0180	0.0087	0.0026	0.0198	0.0173	0.0072	0.0008	0.0013	0.0038	0.0020	0.0044	0.0034	0.0194	0.0025	0.0163	0.0092	0.0046	0.0098	0.0086	0.0208	0.0160	0.0208	0.0180	0.0070	0.0067	0.0109	0.0025	0.0179	0.0090	0.0112	0.0065	0.0074	0.0058	0.0012	0.0088	0.0073	0.0150	0.0056	0.0136	0.0024	0.0178	0.0044	0.0093	0.0098	0.0102	0.0179	0.0030	0.0045	0.0182	0.0000	0.0202	0.0003	0.0039	0.0040	0.0136	0.0198	0.0117	0.0164	0.0128	0.0074	0.0046	0.0037	0.0128	0.0123	0.0171	0.0168	0.0167	0.0171	
0.0148	0.0091	0.0137	0.0203	0.0166	0.0071	0.0029	0.0119	0.0094	0.0080	0.0182	0.0086	0.0079	0.0171	0.0207	0.0087	0.0122	0.0064	0.0037	0.0015	0.0091	0.0099	0.0166	0.0209	0.0131	0.0064	0.0171	0.0138	0.0120	0.0175	0.0149	0.0137	0.0192	0.0064	0.0123	0.0083	0.0057	0.0008	0.0045	0.0170	0.0009	0.0001	0.0097	0.0030	0.0200	0.0029	0.0201	0.0059	0.0041	0.0046	0.0004	0.0091	0.0126	0.0170	0.0084	0.0040	0.0126	0.0141	0.0061	0.0094	0.0096	0.0096	0.0014	0.0122	0.0136	0.0033	0.0086	0.0014	0.0068	0.0115	0.0026	0.0120	0.0017	0.0075	0.0005	0.0081	0.0004	0.0127	0.0009	0.0097	0.0076	0.0110	0.0086	0.0073	0.0170	0.0049	0.0214	0.0038	0.0191	0.0071	0.0156	0.0122	0.0150	0.0144	0.0072	0.0106	0.0200	0.0162	0.0087	0.0149	
0.0160	0.0191	0.0186	0.0130	0.0020	0.0100	0.0080	0.0065	0.0158	0.0001	0.0039	0.0001	0.0135	0.0160	0.0020	0.0183	0.0015	0.0159	0.0162	0.0081	0.0038	0.0062	0.0037	0.0005	0.0162	0.0119	0.0174	0.0069	0.0227	0.0100	0.0102	0.0033	0.0039	0.0060	0.0187	0.0093	0.0128	0.0166	0.0056	0.0079	0.0181	0.0144	0.0087	0.0195	0.0034	0.0137	0.0180	0.0190	0.0140	0.0097	0.0094	0.0047	0.0020	0.0016	0.0114	0.0087	0.0152	0.0195	0.0168	0.0111	0.0140	0.0015	0.0070	0.0065	0.0115	0.0004	0.0167	0.0082	0.0001	0.0140	0.0054	0.0057	0.0102	0.0085	0.0110	0.0107	0.0179	0.0057	0.0186	0.0016	0.0144	0.0177	0.0128	0.0112	0.0002	0.0058	0.0012	0.0023	0.0161	0.0084	0.0155	0.0155	0.0002	0.0148	0.0149	0.0167	0.0081	0.0020	0.0066	0.0030	
0.0169	0.0087	0.0150	0.0005	0.0039	0.0039	0.0125	0.0128	0.0085	0.0017	0.0101	0.0073	0.0011	0.0118	0.0145	0.0136	0.0084	0.0146	0.0053	0.0042	0.0180	0.0133	0.0121	0.0107	0.0154	0.0102	0.0041	0.0143	0.0128	0.0124	0.0021	0.0137	0.0162	0.0125	0.0034	0.0034	0.0167	0.0108	0.0052	0.0137	0.0088	0.0060	0.0101	0.0112	0.0162	0.0042	0.0112	0.0049	0.0153	0.0169	0.0055	0.0100	0.0125	0.0020	0.0030	0.0035	0.0140	0.0055	0.0017	0.0112	0.0178	0.0002	0.0008	0.0139	0.0186	0.0126	0.0084	0.0062	0.0100	0.0113	0.0140	0.0166	0.0093	0.0093	0.0128	0.0106	0.0025	0.0010	0.0130	0.0112	0.0173	0.0157	0.0141	0.0135	0.0065	0.0097	0.0171	0.0148	0.0106	0.0174	0.0069	0.0117	0.0095	0.0108	0.0144	0.0088	0.0056	0.0137	0.0096	0.0022	
0.0182	0.0066	0.0146	0.0056	0.0029	0.0113	0.0008	0.0064	0.0073	0.0126	0.0012	0.0153	0.0115	0.0090	0.0151	0.0005	0.0040	0.0073	0.0097	0.0083	0.0169	0.0157	0.0171	0.0123	0.0051	0.0038	0.0070	0.0205	0.0165	0.0045	0.0073	0.0081	0.0090	0.0134	0.0227	0.0136	0.0046	0.0125	0.0133	0.0177	0.0108	0.0150	0.0102	0.0003	0.0212	0.0114	0.0019	0.0015	0.0202	0.0170	0.0065	0.0223	0.0063	0.0054	0.0079	0.0016	0.0114	0.0033	0.0001	0.0207	0.0044	0.0038	0.0130	0.0033	0.0053	0.0144	0.0067	0.0214	0.0114	0.0010	0.0168	0.0143	0.0161	0.0135	0.0189	0.0010	0.0049	0.0153	0.0146	0.0127	0.0018	0.0054	0.0183	0.0207	0.0195	0.0078	0.0014	0.0042	0.0063	0.0181	0.0022	0.0016	0.0130	0.0129	0.0140	0.0071	0.0023	0.0066	0.0141	0.0055	
0.0056	0.0030	0.0087	0.0160	0.0189	0.0136	0.0044	0.0132	0.0056	0.0064	0.0156	0.0134	0.0078	0.0063	0.0157	0.0161	0.0056	0.0130	0.0052	0.0146	0.0110	0.0029	0.0122	0.0121	0.0154	0.0133	0.0005	0.0018	0.0190	0.0093	0.0173	0.0164	0.0181	0.0075	0.0071	0.0159	0.0128	0.0167	0.0177	0.0023	0.0018	0.0061	0.0159	0.0177	0.0186	0.0047	0.0104	0.0035	0.0134	0.0125	0.0008	0.0080	0.0002	0.0184	0.0109	0.0023	0.0091	0.0149	0.0174	0.0043	0.0133	0.0026	0.0144	0.0146	0.0073	0.0157	0.0139	0.0007	0.0004	0.0176	0.0034	0.0065	0.0140	0.0028	0.0139	0.0048	0.0052	0.0119	0.0133	0.0107	0.0026	0.0142	0.0056	0.0042	0.0093	0.0100	0.0164	0.0012	0.0157	0.0040	0.0074	0.0173	0.0186	0.0120	0.0074	0.0164	0.0107	0.0011	0.0084	0.0017	
0.0094	0.0105	0.0030	0.0141	0.0107	0.0143	0.0126	0.0181	0.0021	0.0078	0.0162	0.0147	0.0020	0.0058	0.0017	0.0159	0.0167	0.0105	0.0059	0.0150	0.0186	0.0161	0.0046	0.0140	0.0097	0.0058	0.0069	0.0015	0.0153	0.0156	0.0126	0.0044	0.0033	0.0109	0.0033	0.0108	0.0123	0.0101	0.0137	0.0142	0.0161	0.0011	0.0175	0.0078	0.0076	0.0099	0.0146	0.0119	0.0111	0.0091	0.0022	0.0005	0.0131	0.0163	0.0020	0.0132	0.0060	0.0072	0.0041	0.0044	0.0067	0.0106	0.0027	0.0058	0.0149	0.0108	0.0123	0.0087	0.0040	0.0106	0.0045	0.0058	0.0163	0.0101	0.0191	0.0187	0.0149	0.0154	0.0078	0.0178	0.0095	0.0126	0.0088	0.0042	0.0140	0.0129	0.0086	0.0085	0.0103	0.0080	0.0050	0.0052	0.0064	0.0085	0.0078	0.0060	0.0183	0.0132	0.0112	0.0171	
0.0211	0.0056	0.0081	0.0015	0.0059	0.0162	0.0031	0.0047	0.0139	0.0040	0.0188	0.0086	0.0183	0.0049	0.0148	0.0130	0.0019	0.0190	0.0118	0.0009	0.0020	0.0032	0.0209	0.0147	0.0044	0.0175	0.0181	0.0079	0.0022	0.0109	0.0198	0.0033	0.0026	0.0117	0.0223	0.0039	0.0046	0.0076	0.0190	0.0160	0.0086	0.0045	0.0144	0.0065	0.0110	0.0129	0.0064	0.0008	0.0144	0.0154	0.0038	0.0194	0.0009	0.0131	0.0137	0.0159	0.0067	0.0119	0.0164	0.0058	0.0187	0.0147	0.0029	0.0018	0.0039	0.0136	0.0056	0.0083	0.0049	0.0089	0.0076	0.0151	0.0003	0.0153	0.0108	0.0170	0.0092	0.0105	0.0054	0.0083	0.0135	0.0173	0.0110	0.0068	0.0087	0.0000	0.0024	0.0101	0.0198	0.0040	0.0177	0.0122	0.0116	0.0113	0.0184	0.0116	0.0016	0.0111	0.0023	0.0145	
0.0091	0.0175	0.0138	0.0047	0.0069	0.0098	0.0179	0.0056	0.0013	0.0170	0.0063	0.0125	0.0081	0.0064	0.0130	0.0182	0.0031	0.0159	0.0120	0.0034	0.0124	0.0166	0.0100	0.0012	0.0114	0.0161	0.0020	0.0086	0.0161	0.0162	0.0150	0.0160	0.0093	0.0094	0.0006	0.0133	0.0025	0.0073	0.0192	0.0173	0.0004	0.0153	0.0083	0.0003	0.0178	0.0026	0.0022	0.0040	0.0169	0.0001	0.0093	0.0054	0.0175	0.0196	0.0023	0.0112	0.0080	0.0134	0.0117	0.0093	0.0079	0.0101	0.0101	0.0037	0.0015	0.0083	0.0038	0.0188	0.0060	0.0184	0.0153	0.0158	0.0157	0.0140	0.0031	0.0155	0.0080	0.0087	0.0034	0.0087	0.0143	0.0160	0.0092	0.0153	0.0066	0.0093	0.0166	0.0105	0.0076	0.0086	0.0055	0.0085	0.0151	0.0091	0.0098	0.0085	0.0058	0.0042	0.0154	0.0084	
0.0193	0.0034	0.0154	0.0176	0.0035	0.0144	0.0086	0.0053	0.0137	0.0063	0.0031	0.0166	0.0096	0.0022	0.0142	0.0096	0.0010	0.0149	0.0159	0.0100	0.0116	0.0132	0.0111	0.0158	0.0119	0.0079	0.0182	0.0060	0.0038	0.0126	0.0098	0.0037	0.0104	0.0140	0.0116	0.0102	0.0188	0.0105	0.0116	0.0101	0.0005	0.0108	0.0149	0.0011	0.0058	0.0054	0.0163	0.0120	0.0140	0.0183	0.0070	0.0104	0.0065	0.0076	0.0153	0.0049	0.0118	0.0001	0.0049	0.0142	0.0151	0.0033	0.0019	0.0015	0.0159	0.0176	0.0067	0.0155	0.0108	0.0037	0.0096	0.0099	0.0030	0.0056	0.0103	0.0001	0.0168	0.0090	0.0115	0.0062	0.0102	0.0059	0.0095	0.0036	0.0055	0.0182	0.0152	0.0034	0.0187	0.0054	0.0182	0.0199	0.0059	0.0148	0.0146	0.0152	0.0094	0.0131	0.0040	0.0067	
0.0202	0.0020	0.0016	0.0116	0.0101	0.0188	0.0074	0.0017	0.0160	0.0172	0.0074	0.0022	0.0082	0.0171	0.0048	0.0093	0.0131	0.0188	0.0162	0.0158	0.0025	0.0044	0.0181	0.0061	0.0051	0.0102	0.0034	0.0069	0.0110	0.0135	0.0103	0.0047	0.0050	0.0053	0.0094	0.0086	0.0047	0.0198	0.0143	0.0071	0.0114	0.0148	0.0073	0.0018	0.0200	0.0147	0.0122	0.0071	0.0119	0.0067	0.0039	0.0115	0.0171	0.0090	0.0043	0.0144	0.0047	0.0148	0.0059	0.0188	0.0158	0.0010	0.0118	0.0026	0.0065	0.0022	0.0161	0.0031	0.0096	0.0157	0.0042	0.0145	0.0042	0.0094	0.0046	0.0076	0.0173	0.0144	0.0070	0.0086	0.0201	0.0148	0.0138	0.0039	0.0098	0.0179	0.0071	0.0172	0.0010	0.0144	0.0040	0.0098	0.0141	0.0148	0.0115	0.0103	0.0032	0.0043	0.0139	0.0163	
0.0186	0.0080	0.0150	0.0144	0.0020	0.0099	0.0065	0.0083	0.0030	0.0159	0.0161	0.0079	0.0076	0.0142	0.0176	0.0174	0.0063	0.0075	0.0116	0.0064	0.0147	0.0005	0.0018	0.0142	0.0101	0.0137	0.0175	0.0084	0.0166	0.0125	0.0040	0.0112	0.0182	0.0094	0.0101	0.0089	0.0154	0.0164	0.0014	0.0164	0.0100	0.0154	0.0121	0.0038	0.0156	0.0112	0.0003	0.0146	0.0139	0.0105	0.0033	0.0140	0.0099	0.0081	0.0005	0.0165	0.0062	0.0017	0.0036	0.0063	0.0103	0.0161	0.0113	0.0086	0.0117	0.0038	0.0081	0.0167	0.0064	0.0089	0.0021	0.0080	0.0060	0.0132	0.0143	0.0168	0.0065	0.0154	0.0174	0.0151	0.0134	0.0025	0.0110	0.0046	0.0093	0.0083	0.0008	0.0109	0.0097	0.0104	0.0028	0.0147	0.0133	0.0123	0.0065	0.0113	0.0049	0.0032	0.0089	0.0117	
0.0053	0.0021	0.0085	0.0059	0.0100	0.0151	0.0082	0.0174	0.0111	0.0024	0.0111	0.0083	0.0021	0.0057	0.0117	0.0081	0.0061	0.0076	0.0188	0.0027	0.0035	0.0176	0.0080	0.0144	0.0058	0.0067	0.0135	0.0123	0.0074	0.0031	0.0127	0.0037	0.0062	0.0070	0.0139	0.0119	0.0129	0.0062	0.0154	0.0132	0.0006	0.0029	0.0000	0.0083	0.0002	0.0114	0.0126	0.0073	0.0025	0.0176	0.0060	0.0175	0.0037	0.0094	0.0081	0.0071	0.0142	0.0131	0.0195	0.0026	0.0018	0.0158	0.0112	0.0086	0.0093	0.0065	0.0026	0.0150	0.0129	0.0191	0.0142	0.0205	0.0121	0.0053	0.0023	0.0004	0.0165	0.0178	0.0156	0.0115	0.0134	0.0054	0.0083	0.0080	0.0166	0.0146	0.0190	0.0174	0.0195	0.0054	0.0185	0.0204	0.0069	0.0116	0.0119	0.0035	0.0119	0.0110	0.0151	0.0138	
0.0120	0.0194	0.0143	0.0034	0.0041	0.0078	0.0056	0.0200	0.0058	0.0087	0.0114	0.0143	0.0196	0.0067	0.0095	0.0167	0.0086	0.0033	0.0128	0.0138	0.0079	0.0059	0.0173	0.0085	0.0012	0.0168	0.0124	0.0228	0.0142	0.0194	0.0091	0.0063	0.0012	0.0024	0.0021	0.0160	0.0117	0.0066	0.0043	0.0096	0.0098	0.0011	0.0119	0.0111	0.0174	0.0035	0.0012	0.0002	0.0034	0.0174	0.0146	0.0096	0.0185	0.0055	0.0064	0.0060	0.0020	0.0069	0.0021	0.0086	0.0163	0.0060	0.0063	0.0077	0.0000	0.0039	0.0134	0.0180	0.0056	0.0147	0.0049	0.0019	0.0202	0.0028	0.0044	0.0062	0.0144	0.0064	0.0124	0.0177	0.0157	0.0120	0.0169	0.0184	0.0026	0.0201	0.0068	0.0174	0.0182	0.0170	0.0142	0.0052	0.0045	0.0157	0.0149	0.0039	0.0168	0.0041	0.0093	0.0124	
0.0112	0.0052	0.0142	0.0096	0.0126	0.0152	0.0102	0.0173	0.0007	0.0211	0.0122	0.0154	0.0135	0.0043	0.0134	0.0028	0.0097	0.0099	0.0054	0.0006	0.0173	0.0182	0.0200	0.0093	0.0003	0.0196	0.0184	0.0029	0.0090	0.0004	0.0110	0.0102	0.0169	0.0007	0.0076	0.0094	0.0167	0.0067	0.0050	0.0080	0.0094	0.0096	0.0159	0.0168	0.0042	0.0161	0.0110	0.0184	0.0028	0.0111	0.0136	0.0056	0.0183	0.0110	0.0139	0.0131	0.0056	0.0057	0.0091	0.0123	0.0168	0.0067	0.0092	0.0003	0.0091	0.0017	0.0204	0.0130	0.0184	0.0043	0.0056	0.0029	0.0050	0.0184	0.0112	0.0080	0.0014	0.0030	0.0052	0.0027	0.0090	0.0176	0.0196	0.0180	0.0064	0.0061	0.0120	0.0065	0.0064	0.0141	0.0038	0.0120	0.0183	0.0128	0.0107	0.0023	0.0010	0.0152	0.0072	0.0025	
0.0190	0.0190	0.0018	0.0206	0.0066	0.0128	0.0004	0.0014	0.0192	0.0076	0.0135	0.0026	0.0007	0.0063	0.0030	0.0199	0.0079	0.0124	0.0159	0.0029	0.0113	0.0151	0.0076	0.0049	0.0004	0.0145	0.0056	0.0130	0.0069	0.0104	0.0066	0.0068	0.0162	0.0028	0.0058	0.0121	0.0167	0.0013	0.0110	0.0162	0.0060	0.0108	0.0084	0.0196	0.0016	0.0012	0.0118	0.0108	0.0107	0.0130	0.0142	0.0097	0.0011	0.0060	0.0123	0.0046	0.0104	0.0182	0.0187	0.0134	0.0065	0.0082	0.0162	0.0104	0.0008	0.0055	0.0082	0.0192	0.0018	0.0134	0.0025	0.0069	0.0010	0.0227	0.0176	0.0002	0.0055	0.0094	0.0027	0.0205	0.0037	0.0143	0.0016	0.0162	0.0154	0.0171	0.0059	0.0109	0.0115	0.0004	0.0008	0.0204	0.0030	0.0191	0.0082	0.0195	0.0175	0.0187	0.0185	0.0168	
0.0157	0.0136	0.0090	0.0193	0.0111	0.0094	0.0084	0.0013	0.0077	0.0130	0.0215	0.0019	0.0152	0.0190	0.0087	0.0125	0.0078	0.0010	0.0167	0.0033	0.0008	0.0182	0.0078	0.0014	0.0108	0.0033	0.0036	0.0017	0.0134	0.0002	0.0055	0.0070	0.0110	0.0073	0.0063	0.0110	0.0051	0.0031	0.0044	0.0058	0.0092	0.0040	0.0025	0.0197	0.0011	0.0175	0.0046	0.0034	0.0114	0.0172	0.0094	0.0157	0.0033	0.0166	0.0151	0.0179	0.0056	0.0080	0.0077	0.0070	0.0059	0.0066	0.0099	0.0082	0.0076	0.0126	0.0113	0.0085	0.0146	0.0182	0.0070	0.0048	0.0181	0.0109	0.0144	0.0179	0.0150	0.0083	0.0004	0.0121	0.0206	0.0199	0.0105	0.0174	0.0111	0.0116	0.0035	0.0172	0.0142	0.0089	0.0053	0.0190	0.0171	0.0175	0.0002	0.0025	0.0160	0.0150	0.0111	0.0087	
0.0073	0.0160	0.0084	0.0132	0.0090	0.0054	0.0155	0.0132	0.0003	0.0168	0.0026	0.0153	0.0076	0.0137	0.0072	0.0051	0.0173	0.0133	0.0168	0.0143	0.0100	0.0158	0.0149	0.0055	0.0114	0.0097	0.0078	0.0209	0.0100	0.0110	0.0026	0.0186	0.0152	0.0110	0.0054	0.0022	0.0101	0.0170	0.0063	0.0045	0.0123	0.0092	0.0147	0.0142	0.0062	0.0065	0.0093	0.0187	0.0089	0.0147	0.0048	0.0006	0.0142	0.0166	0.0188	0.0117	0.0012	0.0036	0.0009	0.0186	0.0166	0.0177	0.0034	0.0077	0.0161	0.0023	0.0005	0.0166	0.0110	0.0053	0.0141	0.0216	0.0067	0.0123	0.0022	0.0175	0.0189	0.0010	0.0178	0.0045	0.0003	0.0080	0.0089	0.0152	0.0054	0.0018	0.0024	0.0004	0.0135	0.0119	0.0009	0.0066	0.0161	0.0065	0.0079	0.0146	0.0063	0.0071	0.0152	0.0033	
0.0074	0.0142	0.0084	0.0043	0.0001	0.0067	0.0138	0.0050	0.0128	0.0194	0.0130	0.0003	0.0035	0.0147	0.0181	0.0073	0.0087	0.0089	0.0030	0.0130	0.0198	0.0002	0.0020	0.0185	0.0042	0.0079	0.0039	0.0206	0.0045	0.0070	0.0133	0.0125	0.0022	0.0155	0.0194	0.0061	0.0001	0.0052	0.0146	0.0194	0.0082	0.0174	0.0066	0.0146	0.0194	0.0006	0.0031	0.0192	0.0083	0.0005	0.0065	0.0180	0.0039	0.0065	0.0035	0.0067	0.0114	0.0106	0.0188	0.0128	0.0026	0.0130	0.0006	0.0072	0.0055	0.0186	0.0191	0.0069	0.0194	0.0138	0.0074	0.0034	0.0146	0.0039	0.0050	0.0020	0.0129	0.0074	0.0178	0.0037	0.0047	0.0040	0.0107	0.0041	0.0204	0.0166	0.0087	0.0162	0.0130	0.0108	0.0141	0.0096	0.0055	0.0025	0.0160	0.0147	0.0185	0.0197	0.0084	0.0210	
0.0024	0.0151	0.0009	0.0153	0.0132	0.0039	0.0028	0.0004	0.0005	0.0018	0.0141	0.0043	0.0117	0.0146	0.0071	0.0179	0.0034	0.0160	0.0078	0.0079	0.0115	0.0016	0.0147	0.0083	0.0173	0.0162	0.0169	0.0114	0.0076	0.0100	0.0046	0.0139	0.0171	0.0179	0.0014	0.0086	0.0030	0.0149	0.0106	0.0154	0.0123	0.0078	0.0149	0.0098	0.0174	0.0085	0.0189	0.0073	0.0148	0.0185	0.0093	0.0004	0.0109	0.0006	0.0080	0.0008	0.0014	0.0112	0.0157	0.0142	0.0060	0.0105	0.0126	0.0096	0.0174	0.0177	0.0060	0.0132	0.0149	0.0172	0.0143	0.0090	0.0057	0.0121	0.0143	0.0033	0.0057	0.0032	0.0110	0.0088	0.0207	0.0083	0.0147	0.0092	0.0006	0.0041	0.0019	0.0176	0.0115	0.0005	0.0072	0.0105	0.0187	0.0150	0.0091	0.0019	0.0149	0.0060	0.0124	0.0159	
0.0034	0.0053	0.0130	0.0163	0.0033	0.0022	0.0149	0.0001	0.0052	0.0053	0.0149	0.0171	0.0014	0.0072	0.0147	0.0159	0.0157	0.0042	0.0090	0.0121	0.0174	0.0095	0.0018	0.0140	0.0100	0.0045	0.0111	0.0105	0.0024	0.0134	0.0081	0.0188	0.0105	0.0133	0.0065	0.0142	0.0140	0.0180	0.0063	0.0185	0.0099	0.0017	0.0125	0.0060	0.0053	0.0083	0.0086	0.0097	0.0008	0.0116	0.0061	0.0118	0.0175	0.0014	0.0171	0.0138	0.0034	0.0196	0.0059	0.0193	0.0113	0.0039	0.0192	0.0132	0.0170	0.0145	0.0084	0.0069	0.0018	0.0006	0.0021	0.0170	0.0187	0.0107	0.0027	0.0178	0.0155	0.0151	0.0091	0.0012	0.0149	0.0002	0.0089	0.0100	0.0071	0.0183	0.0013	0.0084	0.0157	0.0119	0.0111	0.0157	0.0131	0.0073	0.0065	0.0057	0.0040	0.0197	0.0083	0.0105	

Emissions
0.0217	0.0318	0.1703	0.0046	0.1658	0.1434	0.2704	0.1921	
0.2271	0.0485	0.2291	0.0945	0.1146	0.0483	0.0423	0.1956	
0.1384	0.0962	0.0527	0.1750	0.1169	0.1482	0.1409	0.1317	
0.1369	0.1056	0.0353	0.1464	0.0304	0.1383	0.1705	0.2367	
0.0426	0.1778	0.1861	0.0954	0.0815	0.0592	0.1703	0.1871	
0.0516	0.2125	0.1727	0.1311	0.1669	0.0419	0.0700	0.1533	
0.0419	0.2000	0.1401	0.1492	0.1418	0.1016	0.1960	0.0293	
0.1775	0.3910	0.1426	0.0681	0.0761	0.0282	0.0905	0.0261	
0.1929	0.0256	0.0097	0.1933	0.0557	0.0851	0.3296	0.1080	
0.1621	0.1555	0.1575	0.0194	0.1083	0.0122	0.2765	0.1086	
0.0253	0.2247	0.0946	0.0805	0.0767	0.1797	0.0328	0.2858	
0.0632	0.2559	0.0431	0.1769	0.1608	0.1187	0.1473	0.0341	
0.1461	0.1581	0.0062	0.1975	0.0280	0.1333	0.0451	0.2857	
0.2152	0.0616	0.0574	0.0779	0.1649	0.1235	0.1755	0.1239	
0.0157	0.0662	0.0101	0.0993	0.1785	0.1732	0.2096	0.2475	
0.2405	0.0781	0.0935	0.0880	0.0433	0.0666	0.1284	0.2616	
0.2007	0.2026	0.2412	0.0098	0.0085	0.0613	0.0648	0.2111	
0.1079	0.1141	0.1453	0.0237	0.0967	0.1362	0.2270	0.1490	
0.0706	0.2423	0.1187	0.1555	0.1360	0.0188	0.0794	0.1787	
0.1768	0.0825	0.1068	0.2035	0.0545	0.1155	0.1401	0.1203	
0.1540	0.1576	0.1225	0.0494	0.0149	0.1171	0.0973	0.2873	
0.0137	0.2204	0.3167	0.0962	0.0646	0.1651	0.0625	0.0608	
0.0393	0.1814	0.0138	0.0491	0.1302	0.1313	0.2359	0.2190	
0.0934	0.0007	0.0742	0.2385	0.1377	0.0648	0.0551	0.3357	
0.1746	0.0376	0.0747	0.1951	0.0725	0.1255	0.1164	0.2036	
0.1168	0.2184	0.1751	0.0405	0.0728	0.2046	0.1161	0.0557	
0.0428	0.1646	0.1612	0.1413	0.1648	0.0609	0.2392	0.0251	
0.1196	0.1775	0.2236	0.0148	0.0495	0.1155	0.0712	0.2283	
0.0824	0.2673	0.1367	0.0135	0.0516	0.0371	0.2246	0.1869	
0.0645	0.0954	0.2177	0.2141	0.0206	0.1692	0.1176	0.1010	
0.1555	0.0510	0.1689	0.0154	0.1704	0.1435	0.0532	0.2421	
0.1074	0.0770	0.0631	0.1983	0.1373	0.0607	0.1184	0.2379	
0.0794	0.2192	0.2122	0.0825	0.1092	0.0637	0.2320	0.0018	
0.1788	0.0316	0.0422	0.0927	0.0887	0.1227	0.2408	0.2024	
0.0621	0.2399	0.1969	0.0288	0.0269	0.0619	0.0230	0.3606	
0.1105	0.1462	0.0944	0.1473	0.0940	0.1099	0.1228	0.1749	
0.2176	0.2370	0.0863	0.0510	0.0051	0.1490	0.1819	0.0721	
0.0482	0.1801	0.0883	0.1395	0.0941	0.1845	0.0276	0.2377	
0.0761	0.1971	0.1149	0.0334	0.1967	0.0667	0.2331	0.0821	
0.1851	0.0003	0.1780	0.1739	0.1335	0.0007	0.0706	0.2580	
0.0978	0.0991	0.1296	0.1558	0.0653	0.1450	0.2090	0.0983	
0.2025	0.0465	0.1274	0.1136	0.1398	0.0652	0.0847	0.2203	
0.1587	0.0245	0.1575	0.0202	0.0980	0.1083	0.2663	0.1666	
0.0262	0.1026	0.1492	0.0099	0.0658	0.2798	0.2662	0.1003	
0.1262	0.2148	0.0446	0.0135	0.0704	0.1289	0.1255	0.2760	
0.3416	0.0631	0.0297	0.2488	0.0894	0.0409	0.0877	0.0987	
0.1624	0.2288	0.0095	0.1568	0.0687	0.0284	0.0947	0.2508	
0.1538	0.0083	0.3152	0.0372	0.1572	0.2762	0.0518	0.0001	
0.1281	0.2025	0.0802	0.1156	0.0801	0.0787	0.2160	0.0988	
0.2134	0.0372	0.0695	0.0834	0.1089	0.0638	0.0286	0.3953	
0.3229	0.0206	0.0698	0.1357	0.1716	0.0016	0.2460	0.0317	
0.0315	0.1278	0.2475	0.0736	0.2822	0.0542	0.0717	0.1116	
0.0274	0.0614	0.0222	0.2235	0.1921	0.1294	0.2795	0.0645	
0.0104	0.3429	0.2434	0.1042	0.0006	0.0117	0.2071	0.0798	
0.2031	0.2207	0.0441	0.0712	0.0615	0.1460	0.0333	0.2201	
0.1625	0.0478	0.1392	0.0181	0.1603	0.1204	0.1219	0.2298	
0.2367	0.2833	0.0475	0.0444	0.0195	0.0621	0.2466	0.0599	
0.0620	0.1554	0.2305	0.0712	0.1218	0.2539	0.0715	0.0336	
0.2110	0.1420	0.0547	0.0326	0.0064	0.1532	0.2659	0.1342	
0.0215	0.1466	0.1685	0.2002	0.0571	0.1425	0.1267	0.1368	
0.1326	0.0539	0.1118	0.0186	0.2619	0.0880	0.0311	0.3021	
0.2512	0.2919	0.0380	0.0123	0.0501	0.1684	0.1000	0.0882	
0.0290	0.2058	0.1069	0.1158	0.0988	0.0903	0.3009	0.0525	
0.0021	0.2846	0.0211	0.1850	0.1050	0.0131	0.2977	0.0914	
0.2044	0.2897	0.1855	0.0356	0.0512	0.0109	0.0620	0.1606	
0.1014	0.2371	0.0980	0.0192	0.1846	0.2479	0.0654	0.0464	
0.0564	0.2142	0.1651	0.3064	0.1315	0.0450	0.0642	0.0172	
0.1379	0.0969	0.0201	0.0144	0.0717	0.1573	0.0714	0.4303	
0.0400	0.5136	0.1101	0.1584	0.0734	0.0718	0.0273	0.0054	
0.0516	0.2630	0.2149	0.1722	0.0108	0.1090	0.1427	0.0357	
0.1155	0.2160	0.0669	0.1588	0.0481	0.1327	0.1376	0.1243	
0.2261	0.2394	0.1241	0.0031	0.0026	0.0301	0.0779	0.2968	
0.0847	0.0887	0.1459	0.1207	0.0825	0.1040	0.1750	0.1986	
0.0731	0.1375	0.1346	0.1126	0.0518	0.0759	0.1916	0.2228	
0.2038	0.3174	0.1283	0.0635	0.0181	0.0695	0.1582	0.0412	
0.0657	0.2282	0.1485	0.1160	0.1280	0.0084	0.2943	0.0107	
0.1322	0.2299	0.0234	0.1362	0.0835	0.1030	0.1110	0.1807	
0.0300	0.1936	0.1042	0.2080	0.0742	0.2423	0.0654	0.0823	
0.1602	0.2091	0.0838	0.0171	0.1816	0.0065	0.2758	0.0660	
0.1943	0.2197	0.0855	0.1694	0.0433	0.0712	0.0804	0.1362	
0.1709	0.1808	0.0337	0.0988	0.0690	0.0615	0.1054	0.2799	
0.0779	0.1568	0.0313	0.1112	0.1754	0.1483	0.2020	0.0970	
0.0962	0.0897	0.1613	0.1598	0.1340	0.1496	0.0666	0.1428	
0.0144	0.2190	0.1723	0.1054	0.0658	0.1150	0.1215	0.1866	
0.0245	0.1840	0.1811	0.1023	0.1243	0.1128	0.1799	0.0911	
0.1007	0.1209	0.2389	0.0327	0.3032	0.0751	0.0907	0.0378	
0.0124	0.0225	0.0426	0.2598	0.1396	0.0665	0.2040	0.2524	
0.0721	0.1596	0.0702	0.0784	0.1277	0.1243	0.1509	0.2169	
0.0262	0.1367	0.1088	0.0333	0.2032	0.0482	0.1620	0.2815	
0.1632	0.1060	0.1125	0.1442	0.0493	0.0335	0.1645	0.2269	
0.1199	0.1236	0.1327	0.0487	0.0674	0.1066	0.2069	0.1943	
0.0480	0.0332	0.0911	0.0372	0.1331	0.1271	0.2768	0.2535	
0.1286	0.2170	0.1908	0.0870	0.1362	0.0071	0.0179	0.2153	
0.1842	0.1552	0.0650	0.1126	0.1850	0.0307	0.2011	0.0662	
0.3225	0.1660	0.1282	0.0393	0.0262	0.0618	0.1121	0.1439	
0.1240	0.1906	0.2010	0.2213	0.0076	0.0792	0.1190	0.0573	
0.1524	0.0646	0.2919	0.0928	0.0589	0.0517	0.0160	0.2717	
0.1612	0.3067	0.2138	0.0176	0.1148	0.1433	0.0321	0.0105	
0.1929	0.0196	0.0192	0.3085	0.1638	0.0874	0.1098	0.0988	
0.1729	0.2086	0.2472	0.0393	0.0132	0.0360	0.2715	0.0114	
