DataSet 37
Learner: Baum Welch Learner
Log Likelihood: 71256.4436621514

Number of States: 60
Number of Symbols: 8
Threshold: 0.01

Initial Distribution:
0.0013	0.0272	0.0241	0.0148	0.0123	0.0275	0.0060	0.0338	0.0067	0.0172	0.0285	0.0098	0.0062	0.0061	0.0036	0.0371	0.0139	0.0324	0.0058	0.0289	0.0366	0.0040	0.0497	0.0352	0.0027	0.0000	0.0044	0.0034	0.0270	0.0070	0.0109	0.0085	0.0132	0.0137	0.0047	0.0236	0.0126	0.0162	0.0011	0.0026	0.0371	0.0049	0.0098	0.0192	0.0032	0.0092	0.0012	0.0078	0.0267	0.0323	0.0209	0.0554	0.0102	0.0075	0.0139	0.0268	0.0157	0.0412	0.0260	0.0106	

Transitions:
0.0109	0.0017	0.0013	0.0001	0.0078	0.0130	0.0104	0.0281	0.0232	0.0117	0.0116	0.0299	0.0328	0.0043	0.0036	0.0225	0.0226	0.0099	0.0255	0.0292	0.0294	0.0289	0.0053	0.0022	0.0133	0.0146	0.0298	0.0071	0.0310	0.0191	0.0286	0.0118	0.0286	0.0212	0.0261	0.0248	0.0046	0.0134	0.0133	0.0233	0.0291	0.0039	0.0210	0.0179	0.0144	0.0010	0.0265	0.0117	0.0083	0.0160	0.0016	0.0126	0.0048	0.0254	0.0117	0.0151	0.0285	0.0289	0.0188	0.0259	
0.0206	0.0036	0.0338	0.0022	0.0132	0.0006	0.0308	0.0084	0.0156	0.0109	0.0221	0.0131	0.0340	0.0041	0.0332	0.0256	0.0083	0.0228	0.0221	0.0132	0.0183	0.0196	0.0295	0.0136	0.0213	0.0189	0.0082	0.0046	0.0107	0.0084	0.0300	0.0060	0.0278	0.0192	0.0044	0.0299	0.0059	0.0185	0.0058	0.0139	0.0046	0.0234	0.0358	0.0342	0.0340	0.0275	0.0184	0.0003	0.0280	0.0185	0.0086	0.0078	0.0123	0.0099	0.0086	0.0018	0.0058	0.0193	0.0164	0.0324	
0.0267	0.0242	0.0333	0.0052	0.0127	0.0148	0.0178	0.0087	0.0008	0.0012	0.0228	0.0255	0.0165	0.0088	0.0074	0.0293	0.0177	0.0003	0.0158	0.0298	0.0301	0.0079	0.0077	0.0242	0.0353	0.0235	0.0296	0.0177	0.0118	0.0017	0.0215	0.0208	0.0025	0.0090	0.0225	0.0123	0.0220	0.0267	0.0190	0.0160	0.0065	0.0113	0.0336	0.0293	0.0332	0.0212	0.0232	0.0012	0.0022	0.0096	0.0164	0.0043	0.0027	0.0212	0.0289	0.0190	0.0165	0.0092	0.0051	0.0242	
0.0193	0.0260	0.0303	0.0353	0.0099	0.0016	0.0193	0.0053	0.0230	0.0251	0.0096	0.0245	0.0151	0.0012	0.0219	0.0164	0.0066	0.0143	0.0243	0.0136	0.0264	0.0259	0.0126	0.0008	0.0178	0.0192	0.0184	0.0136	0.0083	0.0005	0.0246	0.0117	0.0193	0.0273	0.0254	0.0067	0.0135	0.0005	0.0155	0.0291	0.0317	0.0221	0.0115	0.0068	0.0006	0.0250	0.0185	0.0013	0.0307	0.0104	0.0106	0.0011	0.0165	0.0245	0.0230	0.0229	0.0155	0.0302	0.0134	0.0242	
0.0163	0.0042	0.0296	0.0245	0.0302	0.0269	0.0020	0.0185	0.0067	0.0139	0.0066	0.0076	0.0325	0.0315	0.0143	0.0061	0.0136	0.0080	0.0003	0.0257	0.0276	0.0164	0.0138	0.0266	0.0226	0.0278	0.0306	0.0288	0.0303	0.0018	0.0200	0.0161	0.0183	0.0252	0.0109	0.0268	0.0243	0.0223	0.0085	0.0025	0.0228	0.0034	0.0269	0.0157	0.0072	0.0042	0.0029	0.0173	0.0108	0.0177	0.0096	0.0074	0.0307	0.0214	0.0242	0.0008	0.0202	0.0015	0.0318	0.0037	
0.0017	0.0044	0.0190	0.0049	0.0227	0.0203	0.0195	0.0052	0.0206	0.0183	0.0157	0.0260	0.0334	0.0282	0.0024	0.0223	0.0196	0.0334	0.0206	0.0171	0.0222	0.0121	0.0153	0.0105	0.0240	0.0135	0.0186	0.0288	0.0280	0.0097	0.0051	0.0217	0.0212	0.0050	0.0007	0.0176	0.0162	0.0213	0.0228	0.0157	0.0161	0.0305	0.0273	0.0241	0.0050	0.0174	0.0081	0.0299	0.0173	0.0023	0.0108	0.0183	0.0129	0.0146	0.0100	0.0209	0.0174	0.0089	0.0123	0.0107	
0.0050	0.0223	0.0111	0.0140	0.0155	0.0274	0.0033	0.0298	0.0381	0.0190	0.0112	0.0426	0.0108	0.0069	0.0013	0.0278	0.0167	0.0336	0.0071	0.0095	0.0047	0.0254	0.0138	0.0309	0.0391	0.0222	0.0122	0.0093	0.0305	0.0127	0.0000	0.0085	0.0109	0.0156	0.0145	0.0329	0.0256	0.0217	0.0124	0.0146	0.0165	0.0204	0.0018	0.0016	0.0342	0.0156	0.0134	0.0084	0.0164	0.0184	0.0081	0.0233	0.0035	0.0065	0.0073	0.0184	0.0096	0.0175	0.0145	0.0340	
0.0182	0.0273	0.0010	0.0231	0.0188	0.0027	0.0249	0.0289	0.0305	0.0060	0.0066	0.0329	0.0200	0.0306	0.0293	0.0214	0.0185	0.0141	0.0011	0.0201	0.0054	0.0032	0.0244	0.0086	0.0046	0.0103	0.0051	0.0045	0.0068	0.0302	0.0198	0.0068	0.0065	0.0173	0.0299	0.0210	0.0168	0.0166	0.0192	0.0272	0.0260	0.0211	0.0134	0.0091	0.0148	0.0117	0.0057	0.0084	0.0130	0.0184	0.0321	0.0294	0.0161	0.0305	0.0217	0.0147	0.0008	0.0287	0.0165	0.0079	
0.0282	0.0167	0.0205	0.0315	0.0159	0.0262	0.0216	0.0019	0.0345	0.0063	0.0054	0.0046	0.0294	0.0086	0.0278	0.0163	0.0215	0.0181	0.0262	0.0261	0.0029	0.0307	0.0202	0.0188	0.0325	0.0248	0.0235	0.0114	0.0241	0.0125	0.0156	0.0204	0.0004	0.0086	0.0312	0.0046	0.0271	0.0118	0.0204	0.0124	0.0173	0.0039	0.0081	0.0050	0.0127	0.0269	0.0012	0.0034	0.0294	0.0031	0.0220	0.0114	0.0335	0.0207	0.0035	0.0015	0.0272	0.0006	0.0014	0.0261	
0.0075	0.0101	0.0109	0.0200	0.0203	0.0152	0.0034	0.0157	0.0196	0.0214	0.0228	0.0104	0.0311	0.0144	0.0065	0.0287	0.0194	0.0209	0.0075	0.0044	0.0222	0.0225	0.0104	0.0204	0.0239	0.0039	0.0239	0.0119	0.0060	0.0221	0.0110	0.0280	0.0112	0.0267	0.0052	0.0087	0.0250	0.0204	0.0166	0.0296	0.0215	0.0179	0.0183	0.0097	0.0142	0.0150	0.0156	0.0146	0.0142	0.0042	0.0126	0.0048	0.0276	0.0301	0.0039	0.0183	0.0318	0.0217	0.0276	0.0165	
0.0279	0.0216	0.0120	0.0337	0.0111	0.0252	0.0325	0.0014	0.0115	0.0301	0.0067	0.0352	0.0037	0.0143	0.0159	0.0053	0.0028	0.0030	0.0076	0.0092	0.0187	0.0087	0.0268	0.0014	0.0109	0.0072	0.0036	0.0144	0.0236	0.0192	0.0097	0.0027	0.0242	0.0349	0.0019	0.0335	0.0065	0.0248	0.0322	0.0204	0.0185	0.0199	0.0049	0.0176	0.0362	0.0140	0.0021	0.0142	0.0167	0.0281	0.0167	0.0255	0.0181	0.0236	0.0290	0.0176	0.0272	0.0108	0.0191	0.0043	
0.0267	0.0166	0.0119	0.0269	0.0192	0.0035	0.0076	0.0034	0.0137	0.0170	0.0002	0.0164	0.0046	0.0206	0.0274	0.0012	0.0040	0.0140	0.0030	0.0348	0.0044	0.0263	0.0291	0.0257	0.0019	0.0170	0.0205	0.0044	0.0010	0.0173	0.0041	0.0291	0.0063	0.0262	0.0368	0.0005	0.0069	0.0117	0.0320	0.0307	0.0062	0.0362	0.0031	0.0369	0.0361	0.0046	0.0224	0.0290	0.0295	0.0285	0.0144	0.0133	0.0087	0.0218	0.0315	0.0020	0.0212	0.0202	0.0235	0.0064	
0.0153	0.0024	0.0025	0.0249	0.0094	0.0033	0.0060	0.0071	0.0280	0.0204	0.0228	0.0250	0.0141	0.0073	0.0219	0.0043	0.0170	0.0280	0.0219	0.0295	0.0178	0.0224	0.0056	0.0026	0.0021	0.0217	0.0203	0.0158	0.0263	0.0209	0.0124	0.0173	0.0180	0.0198	0.0099	0.0027	0.0267	0.0072	0.0177	0.0247	0.0249	0.0154	0.0303	0.0050	0.0025	0.0216	0.0001	0.0279	0.0249	0.0196	0.0123	0.0132	0.0260	0.0232	0.0134	0.0208	0.0270	0.0285	0.0205	0.0201	
0.0138	0.0177	0.0132	0.0039	0.0080	0.0072	0.0032	0.0211	0.0302	0.0180	0.0098	0.0118	0.0106	0.0331	0.0012	0.0050	0.0212	0.0015	0.0006	0.0116	0.0224	0.0238	0.0176	0.0017	0.0102	0.0286	0.0276	0.0272	0.0070	0.0160	0.0064	0.0302	0.0158	0.0342	0.0105	0.0079	0.0027	0.0272	0.0299	0.0298	0.0185	0.0105	0.0306	0.0087	0.0184	0.0033	0.0070	0.0255	0.0254	0.0093	0.0329	0.0234	0.0318	0.0120	0.0261	0.0230	0.0282	0.0109	0.0248	0.0101	
0.0119	0.0067	0.0147	0.0159	0.0127	0.0116	0.0264	0.0103	0.0218	0.0236	0.0026	0.0333	0.0039	0.0055	0.0266	0.0102	0.0215	0.0125	0.0165	0.0065	0.0210	0.0018	0.0031	0.0289	0.0184	0.0136	0.0314	0.0049	0.0314	0.0183	0.0079	0.0233	0.0021	0.0187	0.0153	0.0112	0.0269	0.0163	0.0283	0.0036	0.0086	0.0317	0.0052	0.0304	0.0096	0.0030	0.0202	0.0254	0.0189	0.0179	0.0322	0.0168	0.0291	0.0201	0.0198	0.0103	0.0043	0.0160	0.0282	0.0309	
0.0169	0.0226	0.0121	0.0010	0.0162	0.0108	0.0285	0.0162	0.0264	0.0143	0.0167	0.0078	0.0190	0.0139	0.0311	0.0229	0.0304	0.0051	0.0217	0.0148	0.0218	0.0046	0.0156	0.0114	0.0208	0.0231	0.0306	0.0147	0.0320	0.0039	0.0066	0.0111	0.0204	0.0296	0.0248	0.0206	0.0207	0.0041	0.0145	0.0311	0.0086	0.0070	0.0023	0.0063	0.0048	0.0288	0.0032	0.0132	0.0234	0.0282	0.0140	0.0293	0.0335	0.0173	0.0088	0.0118	0.0041	0.0002	0.0139	0.0309	
0.0136	0.0117	0.0182	0.0185	0.0054	0.0045	0.0184	0.0167	0.0287	0.0091	0.0054	0.0283	0.0239	0.0189	0.0056	0.0138	0.0019	0.0124	0.0062	0.0260	0.0161	0.0179	0.0201	0.0302	0.0228	0.0079	0.0122	0.0033	0.0194	0.0079	0.0136	0.0163	0.0223	0.0165	0.0182	0.0259	0.0182	0.0129	0.0301	0.0312	0.0050	0.0157	0.0184	0.0132	0.0245	0.0229	0.0076	0.0055	0.0093	0.0228	0.0086	0.0205	0.0276	0.0181	0.0087	0.0278	0.0209	0.0177	0.0263	0.0289	
0.0275	0.0164	0.0008	0.0223	0.0281	0.0200	0.0025	0.0039	0.0103	0.0107	0.0319	0.0240	0.0157	0.0088	0.0249	0.0019	0.0321	0.0134	0.0082	0.0003	0.0326	0.0083	0.0242	0.0269	0.0366	0.0287	0.0298	0.0041	0.0099	0.0194	0.0083	0.0001	0.0180	0.0012	0.0087	0.0248	0.0186	0.0009	0.0204	0.0047	0.0219	0.0071	0.0337	0.0008	0.0355	0.0256	0.0119	0.0212	0.0344	0.0078	0.0345	0.0075	0.0153	0.0362	0.0001	0.0182	0.0264	0.0089	0.0210	0.0022	
0.0294	0.0277	0.0296	0.0284	0.0015	0.0265	0.0031	0.0118	0.0005	0.0317	0.0195	0.0348	0.0280	0.0036	0.0151	0.0229	0.0096	0.0264	0.0283	0.0106	0.0136	0.0068	0.0054	0.0008	0.0195	0.0002	0.0231	0.0194	0.0010	0.0228	0.0304	0.0080	0.0145	0.0176	0.0084	0.0217	0.0122	0.0055	0.0328	0.0010	0.0202	0.0369	0.0197	0.0313	0.0255	0.0020	0.0142	0.0098	0.0175	0.0068	0.0072	0.0276	0.0136	0.0099	0.0202	0.0216	0.0266	0.0273	0.0069	0.0014	
0.0090	0.0170	0.0114	0.0113	0.0005	0.0108	0.0161	0.0076	0.0317	0.0260	0.0139	0.0056	0.0302	0.0266	0.0237	0.0129	0.0225	0.0072	0.0122	0.0167	0.0165	0.0118	0.0016	0.0260	0.0172	0.0001	0.0292	0.0056	0.0306	0.0194	0.0247	0.0183	0.0335	0.0309	0.0317	0.0028	0.0236	0.0073	0.0306	0.0106	0.0187	0.0079	0.0146	0.0264	0.0279	0.0027	0.0053	0.0180	0.0202	0.0066	0.0010	0.0159	0.0170	0.0246	0.0151	0.0310	0.0160	0.0192	0.0263	0.0004	
0.0155	0.0090	0.0119	0.0108	0.0291	0.0263	0.0060	0.0264	0.0029	0.0191	0.0259	0.0145	0.0093	0.0020	0.0303	0.0087	0.0270	0.0107	0.0326	0.0134	0.0265	0.0126	0.0159	0.0204	0.0177	0.0100	0.0028	0.0076	0.0133	0.0278	0.0181	0.0040	0.0122	0.0318	0.0285	0.0093	0.0299	0.0042	0.0269	0.0315	0.0299	0.0113	0.0134	0.0326	0.0164	0.0204	0.0087	0.0127	0.0271	0.0062	0.0005	0.0041	0.0188	0.0147	0.0050	0.0033	0.0227	0.0244	0.0253	0.0201	
0.0253	0.0262	0.0140	0.0087	0.0296	0.0170	0.0010	0.0096	0.0082	0.0191	0.0129	0.0290	0.0164	0.0024	0.0178	0.0134	0.0279	0.0195	0.0054	0.0321	0.0303	0.0234	0.0121	0.0062	0.0285	0.0169	0.0201	0.0310	0.0252	0.0222	0.0168	0.0046	0.0111	0.0067	0.0036	0.0305	0.0292	0.0053	0.0001	0.0278	0.0178	0.0346	0.0053	0.0061	0.0282	0.0076	0.0197	0.0152	0.0280	0.0187	0.0047	0.0031	0.0199	0.0286	0.0181	0.0034	0.0177	0.0066	0.0134	0.0160	
0.0025	0.0024	0.0186	0.0191	0.0021	0.0102	0.0152	0.0079	0.0335	0.0178	0.0247	0.0269	0.0218	0.0113	0.0121	0.0008	0.0159	0.0093	0.0148	0.0190	0.0318	0.0043	0.0013	0.0037	0.0216	0.0140	0.0201	0.0184	0.0198	0.0331	0.0149	0.0247	0.0250	0.0205	0.0263	0.0173	0.0126	0.0226	0.0056	0.0195	0.0282	0.0158	0.0157	0.0146	0.0023	0.0136	0.0143	0.0056	0.0173	0.0217	0.0204	0.0116	0.0263	0.0292	0.0194	0.0350	0.0007	0.0144	0.0323	0.0185	
0.0210	0.0264	0.0185	0.0303	0.0029	0.0237	0.0011	0.0023	0.0197	0.0254	0.0174	0.0296	0.0027	0.0259	0.0238	0.0102	0.0185	0.0206	0.0009	0.0061	0.0243	0.0122	0.0004	0.0011	0.0124	0.0051	0.0267	0.0251	0.0259	0.0243	0.0122	0.0281	0.0210	0.0151	0.0297	0.0267	0.0273	0.0146	0.0069	0.0040	0.0100	0.0136	0.0172	0.0200	0.0289	0.0215	0.0057	0.0279	0.0015	0.0071	0.0101	0.0082	0.0147	0.0226	0.0185	0.0077	0.0279	0.0193	0.0167	0.0310	
0.0013	0.0042	0.0089	0.0312	0.0119	0.0198	0.0067	0.0175	0.0034	0.0299	0.0197	0.0042	0.0165	0.0299	0.0325	0.0141	0.0266	0.0130	0.0021	0.0280	0.0326	0.0000	0.0263	0.0189	0.0158	0.0055	0.0184	0.0344	0.0303	0.0185	0.0001	0.0080	0.0311	0.0096	0.0038	0.0069	0.0068	0.0247	0.0108	0.0118	0.0159	0.0254	0.0301	0.0054	0.0278	0.0097	0.0270	0.0188	0.0290	0.0070	0.0147	0.0159	0.0204	0.0299	0.0318	0.0012	0.0105	0.0225	0.0142	0.0071	
0.0060	0.0077	0.0278	0.0214	0.0325	0.0116	0.0066	0.0048	0.0336	0.0239	0.0099	0.0040	0.0019	0.0258	0.0110	0.0099	0.0072	0.0272	0.0311	0.0059	0.0091	0.0401	0.0033	0.0233	0.0055	0.0190	0.0282	0.0040	0.0117	0.0021	0.0324	0.0189	0.0123	0.0036	0.0064	0.0095	0.0335	0.0097	0.0101	0.0142	0.0030	0.0311	0.0308	0.0082	0.0404	0.0139	0.0167	0.0284	0.0203	0.0240	0.0317	0.0189	0.0361	0.0107	0.0336	0.0079	0.0049	0.0034	0.0139	0.0155	
0.0193	0.0021	0.0286	0.0282	0.0249	0.0237	0.0257	0.0298	0.0209	0.0004	0.0114	0.0350	0.0151	0.0170	0.0021	0.0144	0.0060	0.0291	0.0212	0.0266	0.0329	0.0335	0.0159	0.0203	0.0082	0.0115	0.0231	0.0016	0.0045	0.0288	0.0042	0.0288	0.0283	0.0284	0.0243	0.0005	0.0295	0.0002	0.0155	0.0064	0.0181	0.0191	0.0053	0.0175	0.0130	0.0301	0.0047	0.0111	0.0073	0.0139	0.0007	0.0066	0.0159	0.0208	0.0131	0.0210	0.0171	0.0073	0.0162	0.0131	
0.0033	0.0203	0.0261	0.0237	0.0275	0.0142	0.0017	0.0172	0.0272	0.0014	0.0173	0.0070	0.0142	0.0146	0.0069	0.0120	0.0231	0.0001	0.0075	0.0105	0.0057	0.0116	0.0235	0.0207	0.0319	0.0303	0.0134	0.0084	0.0128	0.0017	0.0146	0.0215	0.0150	0.0019	0.0024	0.0270	0.0224	0.0142	0.0216	0.0291	0.0258	0.0198	0.0182	0.0053	0.0338	0.0275	0.0221	0.0297	0.0127	0.0004	0.0269	0.0147	0.0346	0.0065	0.0066	0.0232	0.0292	0.0043	0.0237	0.0296	
0.0033	0.0257	0.0058	0.0233	0.0162	0.0248	0.0222	0.0101	0.0148	0.0108	0.0212	0.0130	0.0121	0.0112	0.0150	0.0178	0.0257	0.0220	0.0224	0.0025	0.0028	0.0154	0.0225	0.0123	0.0070	0.0326	0.0210	0.0092	0.0279	0.0092	0.0269	0.0186	0.0225	0.0209	0.0302	0.0017	0.0124	0.0238	0.0188	0.0022	0.0036	0.0148	0.0178	0.0025	0.0105	0.0180	0.0052	0.0183	0.0226	0.0177	0.0301	0.0062	0.0152	0.0224	0.0246	0.0208	0.0326	0.0251	0.0153	0.0192	
0.0054	0.0116	0.0176	0.0046	0.0121	0.0028	0.0220	0.0198	0.0235	0.0126	0.0070	0.0356	0.0020	0.0221	0.0331	0.0185	0.0263	0.0258	0.0020	0.0240	0.0255	0.0039	0.0161	0.0069	0.0107	0.0257	0.0058	0.0317	0.0266	0.0022	0.0031	0.0197	0.0086	0.0004	0.0294	0.0230	0.0308	0.0133	0.0228	0.0080	0.0268	0.0196	0.0309	0.0102	0.0150	0.0002	0.0047	0.0254	0.0246	0.0067	0.0248	0.0050	0.0263	0.0281	0.0237	0.0017	0.0276	0.0097	0.0262	0.0199	
0.0299	0.0222	0.0281	0.0232	0.0109	0.0199	0.0245	0.0015	0.0267	0.0079	0.0249	0.0185	0.0026	0.0272	0.0313	0.0072	0.0064	0.0087	0.0277	0.0102	0.0209	0.0154	0.0067	0.0209	0.0120	0.0319	0.0305	0.0159	0.0063	0.0274	0.0281	0.0221	0.0204	0.0031	0.0111	0.0049	0.0230	0.0101	0.0004	0.0294	0.0100	0.0043	0.0003	0.0180	0.0209	0.0098	0.0033	0.0296	0.0337	0.0194	0.0298	0.0198	0.0181	0.0186	0.0008	0.0180	0.0163	0.0069	0.0097	0.0125	
0.0268	0.0079	0.0313	0.0364	0.0133	0.0023	0.0313	0.0330	0.0210	0.0242	0.0170	0.0356	0.0087	0.0010	0.0371	0.0147	0.0125	0.0258	0.0016	0.0012	0.0281	0.0347	0.0144	0.0205	0.0367	0.0093	0.0047	0.0028	0.0021	0.0264	0.0214	0.0181	0.0332	0.0217	0.0006	0.0015	0.0098	0.0029	0.0042	0.0176	0.0141	0.0048	0.0129	0.0090	0.0039	0.0343	0.0117	0.0173	0.0184	0.0165	0.0051	0.0226	0.0071	0.0096	0.0179	0.0262	0.0281	0.0091	0.0327	0.0051	
0.0325	0.0255	0.0320	0.0268	0.0015	0.0288	0.0308	0.0186	0.0004	0.0320	0.0069	0.0118	0.0222	0.0182	0.0226	0.0207	0.0207	0.0073	0.0160	0.0024	0.0279	0.0237	0.0167	0.0167	0.0222	0.0336	0.0114	0.0245	0.0019	0.0074	0.0077	0.0003	0.0051	0.0304	0.0209	0.0200	0.0070	0.0179	0.0072	0.0041	0.0003	0.0286	0.0168	0.0200	0.0126	0.0321	0.0048	0.0198	0.0202	0.0268	0.0055	0.0176	0.0293	0.0296	0.0086	0.0098	0.0088	0.0140	0.0056	0.0048	
0.0255	0.0060	0.0223	0.0365	0.0280	0.0071	0.0059	0.0235	0.0029	0.0012	0.0197	0.0022	0.0411	0.0169	0.0024	0.0029	0.0062	0.0401	0.0063	0.0315	0.0291	0.0289	0.0034	0.0064	0.0021	0.0266	0.0112	0.0109	0.0263	0.0082	0.0128	0.0320	0.0141	0.0031	0.0171	0.0328	0.0096	0.0269	0.0335	0.0059	0.0288	0.0242	0.0205	0.0225	0.0176	0.0047	0.0204	0.0148	0.0325	0.0063	0.0047	0.0083	0.0108	0.0170	0.0133	0.0338	0.0031	0.0157	0.0300	0.0019	
0.0279	0.0236	0.0280	0.0247	0.0178	0.0167	0.0187	0.0237	0.0339	0.0069	0.0226	0.0184	0.0040	0.0006	0.0020	0.0046	0.0063	0.0156	0.0208	0.0319	0.0014	0.0291	0.0131	0.0144	0.0028	0.0039	0.0165	0.0295	0.0232	0.0148	0.0208	0.0227	0.0277	0.0195	0.0073	0.0241	0.0190	0.0174	0.0268	0.0211	0.0125	0.0229	0.0151	0.0171	0.0109	0.0207	0.0033	0.0066	0.0090	0.0057	0.0194	0.0142	0.0222	0.0240	0.0288	0.0014	0.0133	0.0109	0.0213	0.0166	
0.0069	0.0230	0.0093	0.0165	0.0197	0.0007	0.0220	0.0112	0.0336	0.0080	0.0217	0.0226	0.0232	0.0035	0.0192	0.0126	0.0153	0.0377	0.0067	0.0189	0.0390	0.0121	0.0210	0.0183	0.0341	0.0060	0.0096	0.0056	0.0309	0.0052	0.0169	0.0097	0.0319	0.0153	0.0194	0.0303	0.0180	0.0025	0.0029	0.0133	0.0023	0.0352	0.0155	0.0050	0.0292	0.0061	0.0007	0.0199	0.0127	0.0222	0.0230	0.0161	0.0092	0.0124	0.0189	0.0327	0.0015	0.0292	0.0211	0.0130	
0.0227	0.0112	0.0146	0.0232	0.0216	0.0081	0.0204	0.0052	0.0184	0.0194	0.0260	0.0133	0.0276	0.0255	0.0126	0.0045	0.0252	0.0149	0.0233	0.0212	0.0038	0.0216	0.0205	0.0055	0.0171	0.0005	0.0007	0.0168	0.0241	0.0182	0.0195	0.0211	0.0156	0.0218	0.0170	0.0188	0.0107	0.0200	0.0109	0.0118	0.0136	0.0261	0.0291	0.0191	0.0238	0.0066	0.0166	0.0113	0.0274	0.0099	0.0296	0.0133	0.0324	0.0257	0.0055	0.0024	0.0176	0.0087	0.0044	0.0223	
0.0092	0.0029	0.0129	0.0381	0.0337	0.0067	0.0299	0.0036	0.0117	0.0243	0.0286	0.0067	0.0045	0.0157	0.0076	0.0089	0.0220	0.0063	0.0149	0.0117	0.0141	0.0234	0.0202	0.0144	0.0225	0.0074	0.0270	0.0229	0.0169	0.0146	0.0017	0.0019	0.0171	0.0229	0.0030	0.0129	0.0163	0.0338	0.0243	0.0196	0.0123	0.0195	0.0011	0.0044	0.0230	0.0274	0.0121	0.0187	0.0220	0.0280	0.0109	0.0128	0.0307	0.0297	0.0101	0.0197	0.0139	0.0312	0.0115	0.0243	
0.0139	0.0046	0.0176	0.0293	0.0206	0.0191	0.0185	0.0131	0.0100	0.0226	0.0234	0.0255	0.0147	0.0267	0.0304	0.0220	0.0159	0.0161	0.0236	0.0249	0.0231	0.0048	0.0009	0.0169	0.0040	0.0192	0.0067	0.0212	0.0089	0.0132	0.0256	0.0153	0.0183	0.0276	0.0004	0.0048	0.0257	0.0040	0.0121	0.0258	0.0048	0.0297	0.0069	0.0229	0.0034	0.0160	0.0246	0.0266	0.0247	0.0113	0.0287	0.0217	0.0037	0.0155	0.0242	0.0096	0.0045	0.0265	0.0215	0.0023	
0.0186	0.0278	0.0061	0.0341	0.0306	0.0092	0.0040	0.0166	0.0342	0.0267	0.0337	0.0194	0.0046	0.0007	0.0245	0.0264	0.0291	0.0079	0.0169	0.0215	0.0239	0.0109	0.0259	0.0299	0.0188	0.0022	0.0154	0.0055	0.0016	0.0223	0.0005	0.0330	0.0127	0.0117	0.0098	0.0087	0.0271	0.0128	0.0322	0.0307	0.0149	0.0171	0.0002	0.0018	0.0186	0.0181	0.0239	0.0034	0.0299	0.0017	0.0148	0.0271	0.0196	0.0068	0.0122	0.0084	0.0022	0.0100	0.0123	0.0289	
0.0305	0.0283	0.0156	0.0101	0.0274	0.0018	0.0038	0.0261	0.0257	0.0129	0.0038	0.0194	0.0106	0.0256	0.0051	0.0076	0.0086	0.0281	0.0141	0.0348	0.0098	0.0106	0.0085	0.0333	0.0081	0.0029	0.0156	0.0063	0.0302	0.0003	0.0057	0.0168	0.0006	0.0038	0.0291	0.0164	0.0363	0.0261	0.0087	0.0148	0.0140	0.0365	0.0112	0.0150	0.0353	0.0294	0.0195	0.0281	0.0015	0.0042	0.0324	0.0077	0.0318	0.0131	0.0153	0.0192	0.0206	0.0165	0.0006	0.0245	
0.0197	0.0263	0.0284	0.0283	0.0070	0.0186	0.0177	0.0059	0.0269	0.0205	0.0081	0.0204	0.0191	0.0000	0.0208	0.0088	0.0288	0.0274	0.0014	0.0124	0.0144	0.0209	0.0043	0.0258	0.0016	0.0319	0.0204	0.0218	0.0184	0.0099	0.0246	0.0179	0.0237	0.0179	0.0264	0.0155	0.0047	0.0189	0.0076	0.0108	0.0106	0.0157	0.0006	0.0119	0.0325	0.0140	0.0225	0.0302	0.0257	0.0063	0.0206	0.0215	0.0152	0.0224	0.0076	0.0009	0.0254	0.0012	0.0221	0.0095	
0.0022	0.0295	0.0214	0.0168	0.0270	0.0223	0.0273	0.0304	0.0090	0.0040	0.0054	0.0154	0.0236	0.0222	0.0009	0.0309	0.0200	0.0278	0.0302	0.0216	0.0068	0.0261	0.0257	0.0119	0.0266	0.0007	0.0036	0.0030	0.0106	0.0245	0.0218	0.0036	0.0312	0.0306	0.0104	0.0151	0.0278	0.0173	0.0182	0.0056	0.0199	0.0263	0.0236	0.0238	0.0023	0.0091	0.0057	0.0230	0.0208	0.0080	0.0145	0.0297	0.0049	0.0030	0.0026	0.0126	0.0001	0.0088	0.0244	0.0281	
0.0224	0.0230	0.0247	0.0181	0.0127	0.0016	0.0169	0.0216	0.0196	0.0199	0.0055	0.0021	0.0092	0.0255	0.0364	0.0138	0.0011	0.0080	0.0096	0.0174	0.0262	0.0150	0.0138	0.0012	0.0109	0.0277	0.0365	0.0269	0.0322	0.0302	0.0139	0.0194	0.0259	0.0223	0.0217	0.0318	0.0018	0.0052	0.0081	0.0003	0.0258	0.0197	0.0067	0.0020	0.0034	0.0143	0.0244	0.0134	0.0032	0.0181	0.0112	0.0214	0.0398	0.0119	0.0319	0.0065	0.0097	0.0241	0.0067	0.0256	
0.0022	0.0185	0.0258	0.0230	0.0037	0.0167	0.0092	0.0156	0.0074	0.0022	0.0130	0.0311	0.0329	0.0087	0.0235	0.0083	0.0066	0.0127	0.0289	0.0300	0.0303	0.0202	0.0189	0.0078	0.0177	0.0220	0.0195	0.0138	0.0216	0.0098	0.0188	0.0128	0.0288	0.0176	0.0302	0.0020	0.0221	0.0166	0.0292	0.0167	0.0027	0.0076	0.0047	0.0007	0.0068	0.0148	0.0223	0.0224	0.0196	0.0186	0.0302	0.0225	0.0242	0.0090	0.0197	0.0137	0.0305	0.0161	0.0036	0.0135	
0.0009	0.0283	0.0295	0.0338	0.0136	0.0008	0.0322	0.0134	0.0133	0.0220	0.0196	0.0292	0.0181	0.0149	0.0311	0.0225	0.0158	0.0246	0.0021	0.0017	0.0290	0.0328	0.0245	0.0008	0.0143	0.0306	0.0255	0.0242	0.0313	0.0161	0.0027	0.0059	0.0151	0.0161	0.0198	0.0081	0.0147	0.0082	0.0206	0.0061	0.0184	0.0144	0.0139	0.0353	0.0040	0.0098	0.0130	0.0089	0.0151	0.0300	0.0000	0.0085	0.0199	0.0027	0.0181	0.0053	0.0017	0.0273	0.0177	0.0222	
0.0092	0.0062	0.0173	0.0272	0.0166	0.0116	0.0080	0.0264	0.0325	0.0167	0.0098	0.0074	0.0024	0.0249	0.0153	0.0137	0.0136	0.0259	0.0249	0.0032	0.0125	0.0146	0.0067	0.0273	0.0156	0.0243	0.0198	0.0108	0.0278	0.0083	0.0054	0.0177	0.0206	0.0292	0.0266	0.0092	0.0218	0.0137	0.0135	0.0226	0.0272	0.0136	0.0080	0.0255	0.0218	0.0247	0.0053	0.0171	0.0168	0.0019	0.0199	0.0062	0.0281	0.0123	0.0057	0.0254	0.0299	0.0179	0.0110	0.0210	
0.0257	0.0295	0.0011	0.0272	0.0149	0.0239	0.0184	0.0029	0.0025	0.0058	0.0248	0.0001	0.0154	0.0080	0.0045	0.0323	0.0062	0.0151	0.0080	0.0256	0.0209	0.0031	0.0240	0.0326	0.0253	0.0364	0.0273	0.0105	0.0280	0.0322	0.0109	0.0042	0.0031	0.0242	0.0360	0.0025	0.0143	0.0191	0.0160	0.0365	0.0095	0.0052	0.0199	0.0150	0.0157	0.0253	0.0238	0.0227	0.0108	0.0077	0.0251	0.0197	0.0183	0.0258	0.0062	0.0228	0.0052	0.0056	0.0015	0.0152	
0.0330	0.0063	0.0103	0.0045	0.0277	0.0170	0.0306	0.0229	0.0100	0.0015	0.0192	0.0218	0.0345	0.0107	0.0141	0.0130	0.0164	0.0129	0.0156	0.0346	0.0049	0.0033	0.0274	0.0178	0.0081	0.0253	0.0229	0.0116	0.0153	0.0096	0.0272	0.0080	0.0161	0.0338	0.0321	0.0020	0.0298	0.0133	0.0185	0.0289	0.0254	0.0032	0.0122	0.0086	0.0247	0.0027	0.0173	0.0049	0.0102	0.0219	0.0037	0.0231	0.0246	0.0019	0.0080	0.0278	0.0071	0.0266	0.0298	0.0037	
0.0298	0.0165	0.0089	0.0353	0.0041	0.0097	0.0034	0.0305	0.0126	0.0111	0.0204	0.0047	0.0276	0.0219	0.0085	0.0019	0.0213	0.0261	0.0285	0.0057	0.0032	0.0182	0.0018	0.0230	0.0060	0.0048	0.0200	0.0155	0.0232	0.0021	0.0271	0.0021	0.0166	0.0148	0.0305	0.0067	0.0265	0.0127	0.0044	0.0121	0.0326	0.0247	0.0261	0.0319	0.0059	0.0328	0.0300	0.0002	0.0260	0.0072	0.0050	0.0150	0.0312	0.0251	0.0005	0.0128	0.0162	0.0179	0.0275	0.0316	
0.0265	0.0199	0.0087	0.0112	0.0172	0.0166	0.0209	0.0111	0.0288	0.0014	0.0085	0.0126	0.0223	0.0177	0.0069	0.0130	0.0227	0.0037	0.0177	0.0069	0.0054	0.0200	0.0190	0.0165	0.0325	0.0125	0.0059	0.0269	0.0150	0.0166	0.0223	0.0084	0.0182	0.0052	0.0209	0.0113	0.0151	0.0159	0.0155	0.0228	0.0130	0.0238	0.0079	0.0270	0.0369	0.0294	0.0253	0.0127	0.0176	0.0182	0.0223	0.0119	0.0015	0.0219	0.0245	0.0072	0.0336	0.0264	0.0134	0.0053	
0.0115	0.0231	0.0271	0.0098	0.0100	0.0282	0.0242	0.0134	0.0281	0.0254	0.0327	0.0078	0.0210	0.0278	0.0256	0.0148	0.0087	0.0288	0.0162	0.0032	0.0143	0.0255	0.0074	0.0257	0.0249	0.0099	0.0066	0.0280	0.0095	0.0111	0.0096	0.0210	0.0025	0.0096	0.0076	0.0180	0.0227	0.0301	0.0137	0.0311	0.0008	0.0142	0.0124	0.0211	0.0191	0.0130	0.0208	0.0038	0.0248	0.0087	0.0269	0.0033	0.0079	0.0092	0.0183	0.0178	0.0149	0.0020	0.0153	0.0298	
0.0307	0.0320	0.0049	0.0240	0.0187	0.0117	0.0066	0.0126	0.0301	0.0092	0.0295	0.0183	0.0191	0.0185	0.0033	0.0014	0.0139	0.0250	0.0094	0.0159	0.0222	0.0032	0.0045	0.0013	0.0200	0.0098	0.0156	0.0315	0.0257	0.0250	0.0024	0.0260	0.0187	0.0168	0.0094	0.0070	0.0125	0.0308	0.0056	0.0106	0.0093	0.0157	0.0196	0.0235	0.0211	0.0226	0.0243	0.0296	0.0078	0.0220	0.0093	0.0291	0.0375	0.0038	0.0136	0.0272	0.0306	0.0034	0.0046	0.0118	
0.0277	0.0096	0.0234	0.0006	0.0052	0.0035	0.0283	0.0280	0.0110	0.0256	0.0217	0.0170	0.0152	0.0312	0.0042	0.0060	0.0166	0.0176	0.0154	0.0307	0.0167	0.0210	0.0162	0.0296	0.0134	0.0056	0.0281	0.0112	0.0024	0.0135	0.0137	0.0069	0.0207	0.0257	0.0093	0.0267	0.0194	0.0131	0.0122	0.0125	0.0178	0.0243	0.0129	0.0090	0.0322	0.0230	0.0112	0.0253	0.0293	0.0043	0.0032	0.0037	0.0188	0.0058	0.0206	0.0082	0.0236	0.0223	0.0183	0.0297	
0.0087	0.0175	0.0293	0.0306	0.0145	0.0159	0.0262	0.0189	0.0241	0.0075	0.0201	0.0062	0.0058	0.0047	0.0121	0.0256	0.0077	0.0104	0.0015	0.0219	0.0266	0.0008	0.0118	0.0333	0.0139	0.0112	0.0220	0.0187	0.0033	0.0006	0.0036	0.0285	0.0275	0.0136	0.0034	0.0013	0.0244	0.0170	0.0316	0.0151	0.0298	0.0286	0.0049	0.0259	0.0218	0.0329	0.0274	0.0123	0.0271	0.0311	0.0010	0.0163	0.0255	0.0318	0.0072	0.0085	0.0054	0.0269	0.0156	0.0025	
0.0277	0.0075	0.0168	0.0228	0.0040	0.0207	0.0107	0.0228	0.0023	0.0096	0.0316	0.0253	0.0140	0.0201	0.0237	0.0278	0.0266	0.0231	0.0109	0.0147	0.0112	0.0089	0.0188	0.0052	0.0329	0.0211	0.0045	0.0275	0.0056	0.0268	0.0255	0.0284	0.0010	0.0255	0.0202	0.0227	0.0098	0.0151	0.0190	0.0289	0.0198	0.0077	0.0111	0.0178	0.0335	0.0105	0.0026	0.0030	0.0075	0.0081	0.0117	0.0141	0.0220	0.0025	0.0204	0.0179	0.0183	0.0118	0.0218	0.0167	
0.0199	0.0149	0.0207	0.0081	0.0140	0.0029	0.0238	0.0183	0.0025	0.0339	0.0224	0.0164	0.0027	0.0148	0.0299	0.0044	0.0315	0.0058	0.0065	0.0251	0.0179	0.0015	0.0198	0.0315	0.0175	0.0145	0.0090	0.0339	0.0031	0.0325	0.0047	0.0311	0.0285	0.0029	0.0113	0.0055	0.0209	0.0034	0.0038	0.0320	0.0193	0.0185	0.0012	0.0089	0.0229	0.0380	0.0126	0.0042	0.0083	0.0188	0.0221	0.0126	0.0061	0.0341	0.0312	0.0184	0.0302	0.0224	0.0249	0.0013	
0.0287	0.0230	0.0170	0.0025	0.0269	0.0225	0.0199	0.0304	0.0084	0.0211	0.0170	0.0296	0.0017	0.0108	0.0028	0.0009	0.0002	0.0142	0.0092	0.0163	0.0304	0.0045	0.0184	0.0166	0.0111	0.0259	0.0263	0.0254	0.0039	0.0244	0.0104	0.0319	0.0104	0.0024	0.0015	0.0282	0.0379	0.0306	0.0122	0.0300	0.0133	0.0154	0.0294	0.0209	0.0025	0.0303	0.0102	0.0282	0.0302	0.0259	0.0172	0.0107	0.0156	0.0106	0.0019	0.0226	0.0011	0.0001	0.0243	0.0039	
0.0343	0.0240	0.0320	0.0220	0.0101	0.0190	0.0182	0.0344	0.0104	0.0073	0.0011	0.0016	0.0010	0.0159	0.0026	0.0171	0.0077	0.0037	0.0156	0.0185	0.0137	0.0343	0.0285	0.0058	0.0061	0.0369	0.0200	0.0002	0.0001	0.0125	0.0270	0.0379	0.0079	0.0104	0.0317	0.0230	0.0220	0.0136	0.0114	0.0190	0.0128	0.0150	0.0196	0.0239	0.0364	0.0181	0.0118	0.0004	0.0093	0.0165	0.0165	0.0286	0.0221	0.0091	0.0227	0.0007	0.0286	0.0261	0.0131	0.0103	
0.0020	0.0131	0.0287	0.0293	0.0106	0.0010	0.0236	0.0201	0.0163	0.0121	0.0269	0.0287	0.0246	0.0259	0.0044	0.0263	0.0111	0.0072	0.0069	0.0199	0.0182	0.0153	0.0189	0.0135	0.0277	0.0277	0.0124	0.0284	0.0162	0.0246	0.0209	0.0253	0.0005	0.0012	0.0137	0.0242	0.0121	0.0164	0.0087	0.0272	0.0190	0.0185	0.0152	0.0239	0.0184	0.0183	0.0039	0.0185	0.0027	0.0184	0.0176	0.0149	0.0147	0.0203	0.0163	0.0159	0.0218	0.0142	0.0015	0.0139	

Emissions
0.0814	0.2046	0.0605	0.0961	0.1100	0.0201	0.1988	0.2286	
0.1199	0.0813	0.1107	0.1953	0.1634	0.0710	0.2469	0.0115	
0.1560	0.1840	0.1145	0.0491	0.0871	0.1028	0.1509	0.1556	
0.0659	0.0729	0.1115	0.0866	0.0851	0.2169	0.0380	0.3231	
0.0969	0.2168	0.0645	0.1732	0.0691	0.1874	0.0409	0.1511	
0.1906	0.1334	0.0264	0.2231	0.0284	0.1824	0.1864	0.0292	
0.0908	0.1209	0.1238	0.1114	0.0843	0.1372	0.1372	0.1943	
0.2362	0.1104	0.0601	0.1146	0.1102	0.0993	0.0811	0.1881	
0.0481	0.3324	0.1377	0.0383	0.0332	0.0453	0.2925	0.0725	
0.1784	0.1209	0.1329	0.0808	0.1282	0.0203	0.1867	0.1518	
0.1439	0.1000	0.1123	0.2217	0.0486	0.0673	0.0745	0.2316	
0.0234	0.1412	0.2353	0.0068	0.1006	0.1831	0.2334	0.0763	
0.0146	0.1112	0.1633	0.0880	0.0926	0.1186	0.2280	0.1837	
0.1990	0.1536	0.0071	0.0583	0.0501	0.1280	0.0537	0.3503	
0.0812	0.1834	0.1952	0.0458	0.1297	0.0917	0.0743	0.1987	
0.1348	0.1883	0.0033	0.2435	0.0382	0.1594	0.2254	0.0071	
0.1600	0.1395	0.0917	0.0680	0.1227	0.0730	0.3398	0.0054	
0.0779	0.2495	0.1237	0.1945	0.0481	0.0088	0.1279	0.1696	
0.0576	0.0321	0.1128	0.1421	0.1996	0.1465	0.0863	0.2231	
0.0201	0.3618	0.0232	0.0411	0.1326	0.0940	0.1794	0.1478	
0.1596	0.2228	0.0890	0.1765	0.0225	0.1423	0.0784	0.1090	
0.0056	0.1921	0.2476	0.1439	0.1017	0.1186	0.1032	0.0873	
0.4590	0.1884	0.1119	0.0374	0.0907	0.0115	0.0686	0.0323	
0.0174	0.2780	0.0375	0.2496	0.0282	0.2054	0.1777	0.0061	
0.0737	0.1291	0.2941	0.0591	0.0656	0.1616	0.1190	0.0978	
0.0914	0.2025	0.1802	0.0039	0.0861	0.0757	0.2083	0.1520	
0.0572	0.2247	0.0751	0.0410	0.1864	0.1132	0.0172	0.2853	
0.1137	0.1416	0.2185	0.0822	0.1260	0.1631	0.0796	0.0752	
0.0945	0.3010	0.0951	0.0431	0.1085	0.0376	0.2625	0.0578	
0.1530	0.0302	0.1301	0.1053	0.1047	0.0313	0.1707	0.2746	
0.1935	0.2732	0.1133	0.1067	0.1444	0.0941	0.0342	0.0407	
0.0682	0.0445	0.1017	0.1275	0.1290	0.1927	0.1068	0.2296	
0.0916	0.0772	0.1509	0.1100	0.1438	0.1645	0.2212	0.0408	
0.1720	0.0093	0.1106	0.1973	0.0048	0.1543	0.0852	0.2665	
0.0170	0.0434	0.3668	0.0434	0.1536	0.0073	0.3131	0.0555	
0.2042	0.1096	0.1239	0.0930	0.1216	0.0372	0.0811	0.2293	
0.1130	0.1441	0.0024	0.0486	0.0908	0.0141	0.2497	0.3373	
0.1790	0.0469	0.1287	0.1349	0.1619	0.0607	0.0163	0.2716	
0.1239	0.1759	0.2164	0.1234	0.0333	0.0957	0.0908	0.1406	
0.0919	0.1577	0.2084	0.0821	0.0067	0.1341	0.1060	0.2130	
0.1721	0.1613	0.0402	0.1496	0.1005	0.0167	0.0742	0.2853	
0.0336	0.2834	0.1250	0.0769	0.1064	0.0620	0.0659	0.2467	
0.0765	0.2796	0.1374	0.0054	0.1018	0.1449	0.1827	0.0717	
0.0161	0.1545	0.1312	0.2190	0.0719	0.0968	0.2283	0.0822	
0.1007	0.2283	0.2226	0.0510	0.0051	0.1131	0.0526	0.2267	
0.0825	0.2187	0.1841	0.0870	0.0120	0.0160	0.2775	0.1224	
0.1091	0.0019	0.0579	0.0580	0.3962	0.2308	0.0509	0.0952	
0.2038	0.0122	0.1521	0.0047	0.0925	0.1090	0.1741	0.2516	
0.1907	0.0087	0.1041	0.1184	0.0600	0.1622	0.1361	0.2198	
0.1667	0.2196	0.1109	0.2330	0.1738	0.0507	0.0401	0.0053	
0.1632	0.1050	0.1294	0.1266	0.0855	0.1843	0.0900	0.1159	
0.2555	0.2195	0.0648	0.2952	0.0094	0.0411	0.1017	0.0127	
0.0248	0.2626	0.1335	0.0054	0.0832	0.1079	0.2434	0.1393	
0.0894	0.0886	0.1754	0.0741	0.1738	0.0863	0.0495	0.2629	
0.2573	0.1869	0.1524	0.0338	0.2075	0.0463	0.0825	0.0333	
0.1742	0.0667	0.1063	0.1776	0.0721	0.1082	0.1803	0.1146	
0.1002	0.2245	0.1974	0.0085	0.1815	0.0346	0.1975	0.0558	
0.1757	0.0708	0.0039	0.0921	0.0881	0.0075	0.2628	0.2990	
0.1121	0.2037	0.0199	0.1421	0.1334	0.0524	0.0607	0.2757	
0.1195	0.1125	0.0724	0.0421	0.1381	0.0607	0.2245	0.2302	
