DataSet 37
Learner: Baum Welch Learner
Log Likelihood: 71392.0272503758

Number of States: 70
Number of Symbols: 8
Threshold: 0.01

Initial Distribution:
0.0188	0.0093	0.0232	0.0026	0.0147	0.0211	0.0007	0.0307	0.0185	0.0221	0.0244	0.0044	0.0219	0.0155	0.0093	0.0216	0.0200	0.0131	0.0124	0.0103	0.0098	0.0240	0.0057	0.0147	0.0299	0.0025	0.0210	0.0013	0.0145	0.0081	0.0048	0.0068	0.0075	0.0288	0.0165	0.0041	0.0016	0.0051	0.0151	0.0136	0.0305	0.0283	0.0158	0.0119	0.0067	0.0023	0.0253	0.0060	0.0206	0.0148	0.0084	0.0110	0.0165	0.0270	0.0022	0.0218	0.0016	0.0074	0.0052	0.0078	0.0328	0.0229	0.0200	0.0115	0.0143	0.0155	0.0264	0.0194	0.0100	0.0058	

Transitions:
0.0202	0.0114	0.0258	0.0285	0.0102	0.0123	0.0103	0.0196	0.0054	0.0226	0.0055	0.0165	0.0129	0.0003	0.0302	0.0238	0.0203	0.0105	0.0239	0.0180	0.0032	0.0208	0.0012	0.0038	0.0148	0.0270	0.0113	0.0019	0.0202	0.0196	0.0042	0.0042	0.0284	0.0129	0.0194	0.0246	0.0135	0.0179	0.0127	0.0211	0.0136	0.0088	0.0024	0.0091	0.0061	0.0116	0.0148	0.0141	0.0127	0.0233	0.0227	0.0185	0.0272	0.0197	0.0014	0.0269	0.0099	0.0226	0.0103	0.0126	0.0279	0.0085	0.0008	0.0137	0.0186	0.0020	0.0194	0.0001	0.0072	0.0025	
0.0126	0.0016	0.0233	0.0025	0.0049	0.0247	0.0202	0.0176	0.0277	0.0043	0.0122	0.0249	0.0168	0.0251	0.0239	0.0150	0.0052	0.0051	0.0120	0.0235	0.0125	0.0167	0.0079	0.0027	0.0191	0.0045	0.0078	0.0149	0.0168	0.0040	0.0180	0.0161	0.0082	0.0115	0.0092	0.0226	0.0231	0.0244	0.0124	0.0071	0.0065	0.0185	0.0240	0.0056	0.0296	0.0028	0.0208	0.0026	0.0194	0.0037	0.0232	0.0167	0.0175	0.0119	0.0153	0.0231	0.0212	0.0211	0.0098	0.0006	0.0142	0.0040	0.0016	0.0201	0.0140	0.0253	0.0167	0.0055	0.0159	0.0259	
0.0226	0.0087	0.0196	0.0049	0.0180	0.0270	0.0230	0.0018	0.0033	0.0183	0.0132	0.0057	0.0250	0.0152	0.0078	0.0035	0.0283	0.0265	0.0259	0.0158	0.0006	0.0010	0.0162	0.0164	0.0205	0.0024	0.0176	0.0025	0.0194	0.0011	0.0131	0.0172	0.0174	0.0244	0.0095	0.0173	0.0285	0.0137	0.0203	0.0227	0.0024	0.0212	0.0182	0.0212	0.0180	0.0102	0.0099	0.0150	0.0154	0.0117	0.0017	0.0256	0.0118	0.0015	0.0261	0.0220	0.0223	0.0046	0.0121	0.0168	0.0061	0.0205	0.0120	0.0019	0.0052	0.0261	0.0188	0.0015	0.0055	0.0186	
0.0064	0.0118	0.0014	0.0012	0.0127	0.0096	0.0121	0.0208	0.0289	0.0118	0.0218	0.0029	0.0159	0.0097	0.0311	0.0186	0.0036	0.0146	0.0263	0.0171	0.0215	0.0208	0.0019	0.0078	0.0151	0.0121	0.0102	0.0159	0.0147	0.0194	0.0189	0.0088	0.0109	0.0272	0.0040	0.0190	0.0231	0.0104	0.0150	0.0194	0.0106	0.0280	0.0062	0.0293	0.0243	0.0035	0.0037	0.0008	0.0026	0.0159	0.0224	0.0064	0.0068	0.0177	0.0234	0.0139	0.0103	0.0241	0.0137	0.0013	0.0271	0.0259	0.0082	0.0083	0.0228	0.0139	0.0210	0.0196	0.0054	0.0091	
0.0263	0.0219	0.0259	0.0060	0.0072	0.0271	0.0162	0.0017	0.0152	0.0126	0.0084	0.0096	0.0143	0.0007	0.0257	0.0131	0.0012	0.0235	0.0019	0.0200	0.0075	0.0262	0.0275	0.0180	0.0197	0.0146	0.0206	0.0254	0.0064	0.0087	0.0096	0.0164	0.0284	0.0235	0.0168	0.0017	0.0104	0.0015	0.0086	0.0002	0.0300	0.0086	0.0093	0.0010	0.0238	0.0191	0.0117	0.0066	0.0139	0.0096	0.0126	0.0007	0.0176	0.0154	0.0012	0.0283	0.0244	0.0095	0.0142	0.0229	0.0031	0.0191	0.0278	0.0054	0.0029	0.0229	0.0135	0.0213	0.0122	0.0213	
0.0032	0.0249	0.0102	0.0015	0.0183	0.0284	0.0167	0.0198	0.0227	0.0023	0.0032	0.0126	0.0111	0.0229	0.0228	0.0083	0.0247	0.0092	0.0201	0.0169	0.0040	0.0003	0.0160	0.0168	0.0223	0.0083	0.0117	0.0029	0.0224	0.0264	0.0029	0.0204	0.0243	0.0201	0.0044	0.0123	0.0176	0.0141	0.0174	0.0014	0.0092	0.0012	0.0131	0.0098	0.0171	0.0169	0.0057	0.0230	0.0096	0.0208	0.0217	0.0046	0.0260	0.0200	0.0137	0.0030	0.0098	0.0210	0.0040	0.0108	0.0134	0.0139	0.0266	0.0205	0.0256	0.0117	0.0166	0.0174	0.0189	0.0083	
0.0199	0.0099	0.0157	0.0219	0.0088	0.0040	0.0146	0.0050	0.0302	0.0083	0.0034	0.0164	0.0213	0.0049	0.0005	0.0270	0.0206	0.0012	0.0055	0.0020	0.0017	0.0228	0.0116	0.0119	0.0142	0.0239	0.0040	0.0178	0.0110	0.0049	0.0268	0.0179	0.0050	0.0019	0.0016	0.0167	0.0190	0.0092	0.0114	0.0134	0.0186	0.0062	0.0232	0.0252	0.0086	0.0296	0.0241	0.0204	0.0230	0.0004	0.0214	0.0201	0.0142	0.0199	0.0074	0.0253	0.0281	0.0045	0.0041	0.0151	0.0280	0.0260	0.0247	0.0217	0.0106	0.0156	0.0111	0.0198	0.0032	0.0124	
0.0095	0.0100	0.0165	0.0226	0.0124	0.0259	0.0283	0.0134	0.0033	0.0154	0.0009	0.0116	0.0233	0.0110	0.0120	0.0078	0.0019	0.0147	0.0239	0.0051	0.0161	0.0128	0.0052	0.0301	0.0129	0.0214	0.0117	0.0004	0.0140	0.0213	0.0154	0.0040	0.0203	0.0123	0.0179	0.0114	0.0020	0.0213	0.0053	0.0121	0.0279	0.0126	0.0011	0.0160	0.0139	0.0173	0.0020	0.0105	0.0114	0.0021	0.0135	0.0285	0.0246	0.0267	0.0220	0.0249	0.0049	0.0177	0.0074	0.0206	0.0116	0.0284	0.0005	0.0104	0.0000	0.0259	0.0218	0.0108	0.0205	0.0268	
0.0066	0.0085	0.0078	0.0121	0.0077	0.0051	0.0129	0.0157	0.0159	0.0250	0.0196	0.0016	0.0178	0.0121	0.0063	0.0181	0.0080	0.0215	0.0176	0.0242	0.0060	0.0119	0.0158	0.0161	0.0004	0.0264	0.0121	0.0178	0.0158	0.0176	0.0210	0.0233	0.0225	0.0136	0.0228	0.0060	0.0209	0.0148	0.0166	0.0205	0.0133	0.0173	0.0035	0.0102	0.0003	0.0109	0.0120	0.0168	0.0055	0.0110	0.0172	0.0037	0.0245	0.0260	0.0200	0.0235	0.0210	0.0221	0.0107	0.0106	0.0209	0.0243	0.0002	0.0251	0.0036	0.0003	0.0108	0.0039	0.0168	0.0277	
0.0266	0.0194	0.0003	0.0265	0.0100	0.0180	0.0087	0.0035	0.0140	0.0165	0.0136	0.0220	0.0118	0.0056	0.0264	0.0166	0.0239	0.0219	0.0202	0.0018	0.0104	0.0216	0.0041	0.0094	0.0239	0.0166	0.0149	0.0044	0.0059	0.0286	0.0242	0.0079	0.0306	0.0058	0.0088	0.0232	0.0031	0.0252	0.0112	0.0032	0.0133	0.0169	0.0068	0.0175	0.0229	0.0251	0.0099	0.0201	0.0010	0.0126	0.0037	0.0189	0.0116	0.0138	0.0138	0.0028	0.0145	0.0182	0.0249	0.0210	0.0011	0.0040	0.0275	0.0122	0.0180	0.0074	0.0216	0.0060	0.0222	0.0002	
0.0161	0.0253	0.0074	0.0189	0.0169	0.0242	0.0183	0.0120	0.0158	0.0020	0.0077	0.0231	0.0040	0.0218	0.0266	0.0089	0.0256	0.0147	0.0197	0.0081	0.0077	0.0114	0.0011	0.0231	0.0021	0.0091	0.0204	0.0208	0.0269	0.0166	0.0009	0.0044	0.0312	0.0010	0.0242	0.0075	0.0122	0.0245	0.0229	0.0239	0.0148	0.0045	0.0051	0.0238	0.0153	0.0074	0.0003	0.0040	0.0180	0.0117	0.0121	0.0121	0.0173	0.0166	0.0195	0.0040	0.0232	0.0152	0.0151	0.0088	0.0011	0.0261	0.0155	0.0263	0.0011	0.0040	0.0240	0.0029	0.0248	0.0161	
0.0260	0.0265	0.0156	0.0273	0.0214	0.0039	0.0071	0.0048	0.0071	0.0218	0.0082	0.0161	0.0029	0.0157	0.0026	0.0174	0.0156	0.0112	0.0094	0.0216	0.0101	0.0221	0.0100	0.0189	0.0200	0.0170	0.0185	0.0054	0.0205	0.0109	0.0099	0.0300	0.0089	0.0022	0.0115	0.0129	0.0250	0.0215	0.0178	0.0172	0.0266	0.0183	0.0077	0.0185	0.0297	0.0133	0.0221	0.0241	0.0231	0.0115	0.0149	0.0154	0.0230	0.0024	0.0047	0.0021	0.0165	0.0264	0.0017	0.0055	0.0122	0.0012	0.0122	0.0225	0.0129	0.0107	0.0081	0.0006	0.0036	0.0159	
0.0233	0.0209	0.0163	0.0217	0.0238	0.0220	0.0161	0.0169	0.0192	0.0086	0.0229	0.0217	0.0089	0.0110	0.0229	0.0239	0.0035	0.0058	0.0265	0.0107	0.0212	0.0229	0.0207	0.0173	0.0041	0.0232	0.0076	0.0107	0.0056	0.0176	0.0036	0.0237	0.0243	0.0080	0.0144	0.0228	0.0273	0.0023	0.0048	0.0129	0.0148	0.0271	0.0081	0.0200	0.0101	0.0194	0.0215	0.0267	0.0031	0.0164	0.0070	0.0036	0.0035	0.0206	0.0202	0.0269	0.0018	0.0006	0.0160	0.0011	0.0121	0.0050	0.0141	0.0013	0.0051	0.0029	0.0009	0.0008	0.0231	0.0249	
0.0315	0.0011	0.0314	0.0162	0.0262	0.0286	0.0193	0.0270	0.0077	0.0148	0.0036	0.0096	0.0090	0.0197	0.0110	0.0006	0.0202	0.0004	0.0169	0.0200	0.0225	0.0257	0.0173	0.0056	0.0003	0.0103	0.0160	0.0074	0.0167	0.0082	0.0193	0.0257	0.0044	0.0061	0.0166	0.0074	0.0043	0.0216	0.0227	0.0307	0.0119	0.0033	0.0244	0.0018	0.0313	0.0046	0.0292	0.0246	0.0214	0.0054	0.0139	0.0008	0.0175	0.0073	0.0053	0.0037	0.0148	0.0266	0.0136	0.0183	0.0100	0.0114	0.0146	0.0290	0.0264	0.0131	0.0057	0.0031	0.0015	0.0021	
0.0242	0.0242	0.0041	0.0172	0.0071	0.0188	0.0024	0.0113	0.0069	0.0224	0.0112	0.0190	0.0139	0.0103	0.0223	0.0154	0.0045	0.0259	0.0293	0.0128	0.0183	0.0073	0.0073	0.0085	0.0158	0.0001	0.0182	0.0207	0.0046	0.0146	0.0246	0.0249	0.0235	0.0182	0.0065	0.0150	0.0254	0.0269	0.0216	0.0150	0.0007	0.0011	0.0156	0.0147	0.0039	0.0172	0.0232	0.0005	0.0060	0.0077	0.0061	0.0088	0.0027	0.0155	0.0085	0.0168	0.0169	0.0234	0.0248	0.0076	0.0252	0.0084	0.0085	0.0184	0.0250	0.0169	0.0241	0.0235	0.0033	0.0049	
0.0193	0.0045	0.0252	0.0143	0.0119	0.0205	0.0197	0.0170	0.0047	0.0007	0.0045	0.0176	0.0154	0.0226	0.0074	0.0173	0.0202	0.0056	0.0094	0.0179	0.0212	0.0003	0.0020	0.0202	0.0148	0.0191	0.0196	0.0217	0.0151	0.0147	0.0157	0.0310	0.0278	0.0013	0.0135	0.0020	0.0103	0.0171	0.0027	0.0174	0.0262	0.0258	0.0184	0.0236	0.0029	0.0079	0.0209	0.0099	0.0122	0.0078	0.0224	0.0223	0.0146	0.0124	0.0075	0.0195	0.0025	0.0071	0.0243	0.0199	0.0244	0.0237	0.0024	0.0159	0.0103	0.0048	0.0192	0.0139	0.0096	0.0046	
0.0081	0.0016	0.0020	0.0209	0.0201	0.0272	0.0089	0.0043	0.0170	0.0077	0.0258	0.0100	0.0104	0.0088	0.0163	0.0238	0.0130	0.0129	0.0216	0.0221	0.0235	0.0022	0.0225	0.0117	0.0183	0.0016	0.0236	0.0010	0.0124	0.0272	0.0121	0.0075	0.0004	0.0083	0.0241	0.0233	0.0200	0.0235	0.0159	0.0107	0.0117	0.0249	0.0182	0.0152	0.0211	0.0158	0.0133	0.0195	0.0024	0.0138	0.0174	0.0100	0.0215	0.0145	0.0050	0.0058	0.0073	0.0183	0.0268	0.0194	0.0005	0.0078	0.0202	0.0164	0.0225	0.0198	0.0091	0.0019	0.0099	0.0176	
0.0067	0.0184	0.0234	0.0125	0.0129	0.0015	0.0135	0.0054	0.0227	0.0049	0.0183	0.0053	0.0310	0.0009	0.0061	0.0051	0.0155	0.0161	0.0034	0.0244	0.0166	0.0000	0.0304	0.0002	0.0114	0.0041	0.0086	0.0004	0.0227	0.0337	0.0057	0.0150	0.0127	0.0134	0.0082	0.0045	0.0209	0.0139	0.0034	0.0053	0.0273	0.0037	0.0006	0.0253	0.0037	0.0289	0.0112	0.0196	0.0147	0.0214	0.0086	0.0315	0.0317	0.0198	0.0035	0.0069	0.0209	0.0236	0.0312	0.0096	0.0242	0.0133	0.0151	0.0199	0.0318	0.0057	0.0246	0.0175	0.0238	0.0011	
0.0146	0.0008	0.0093	0.0290	0.0249	0.0133	0.0271	0.0025	0.0257	0.0134	0.0206	0.0171	0.0142	0.0033	0.0200	0.0075	0.0122	0.0209	0.0084	0.0017	0.0107	0.0219	0.0131	0.0240	0.0099	0.0107	0.0180	0.0087	0.0199	0.0265	0.0008	0.0246	0.0262	0.0127	0.0019	0.0069	0.0156	0.0009	0.0147	0.0180	0.0065	0.0154	0.0216	0.0119	0.0142	0.0033	0.0245	0.0076	0.0247	0.0193	0.0183	0.0025	0.0068	0.0187	0.0145	0.0183	0.0145	0.0140	0.0143	0.0155	0.0198	0.0179	0.0084	0.0237	0.0134	0.0251	0.0193	0.0017	0.0013	0.0108	
0.0211	0.0112	0.0024	0.0205	0.0232	0.0269	0.0013	0.0005	0.0105	0.0077	0.0147	0.0115	0.0102	0.0038	0.0056	0.0265	0.0166	0.0056	0.0271	0.0112	0.0183	0.0010	0.0151	0.0028	0.0246	0.0168	0.0085	0.0238	0.0252	0.0154	0.0092	0.0270	0.0079	0.0165	0.0249	0.0099	0.0000	0.0181	0.0209	0.0214	0.0196	0.0155	0.0048	0.0074	0.0010	0.0107	0.0087	0.0042	0.0213	0.0163	0.0116	0.0188	0.0056	0.0190	0.0196	0.0205	0.0245	0.0289	0.0207	0.0073	0.0156	0.0056	0.0020	0.0224	0.0275	0.0199	0.0043	0.0233	0.0053	0.0227	
0.0263	0.0249	0.0091	0.0046	0.0196	0.0043	0.0247	0.0058	0.0017	0.0147	0.0080	0.0043	0.0019	0.0113	0.0016	0.0192	0.0176	0.0174	0.0249	0.0069	0.0114	0.0002	0.0260	0.0180	0.0045	0.0130	0.0131	0.0087	0.0083	0.0094	0.0053	0.0159	0.0300	0.0272	0.0149	0.0142	0.0082	0.0014	0.0214	0.0170	0.0246	0.0183	0.0252	0.0043	0.0282	0.0117	0.0034	0.0173	0.0204	0.0059	0.0022	0.0176	0.0274	0.0266	0.0103	0.0268	0.0004	0.0202	0.0265	0.0082	0.0183	0.0156	0.0281	0.0192	0.0098	0.0219	0.0052	0.0032	0.0225	0.0138	
0.0137	0.0163	0.0199	0.0081	0.0115	0.0240	0.0023	0.0197	0.0205	0.0215	0.0097	0.0241	0.0160	0.0031	0.0076	0.0174	0.0169	0.0006	0.0176	0.0197	0.0138	0.0153	0.0025	0.0199	0.0256	0.0087	0.0213	0.0054	0.0218	0.0048	0.0057	0.0002	0.0281	0.0078	0.0196	0.0147	0.0287	0.0209	0.0131	0.0191	0.0273	0.0076	0.0015	0.0055	0.0297	0.0259	0.0001	0.0229	0.0138	0.0227	0.0066	0.0057	0.0167	0.0045	0.0009	0.0274	0.0132	0.0019	0.0094	0.0036	0.0001	0.0269	0.0318	0.0139	0.0162	0.0097	0.0281	0.0084	0.0108	0.0199	
0.0191	0.0214	0.0131	0.0283	0.0210	0.0071	0.0142	0.0215	0.0195	0.0026	0.0077	0.0249	0.0192	0.0011	0.0260	0.0006	0.0125	0.0195	0.0064	0.0222	0.0005	0.0207	0.0115	0.0118	0.0161	0.0259	0.0078	0.0140	0.0150	0.0177	0.0204	0.0226	0.0134	0.0214	0.0005	0.0114	0.0196	0.0176	0.0080	0.0217	0.0114	0.0160	0.0104	0.0058	0.0239	0.0016	0.0053	0.0242	0.0152	0.0155	0.0219	0.0093	0.0018	0.0143	0.0172	0.0240	0.0106	0.0022	0.0074	0.0227	0.0247	0.0271	0.0081	0.0013	0.0077	0.0148	0.0125	0.0251	0.0005	0.0122	
0.0100	0.0229	0.0096	0.0141	0.0126	0.0133	0.0132	0.0051	0.0185	0.0163	0.0226	0.0110	0.0282	0.0020	0.0229	0.0147	0.0201	0.0287	0.0025	0.0036	0.0002	0.0164	0.0117	0.0165	0.0239	0.0127	0.0098	0.0098	0.0251	0.0080	0.0151	0.0094	0.0299	0.0040	0.0057	0.0027	0.0312	0.0192	0.0024	0.0087	0.0143	0.0067	0.0145	0.0204	0.0010	0.0174	0.0009	0.0058	0.0092	0.0235	0.0246	0.0193	0.0252	0.0265	0.0129	0.0221	0.0117	0.0239	0.0170	0.0306	0.0022	0.0030	0.0081	0.0092	0.0010	0.0148	0.0131	0.0243	0.0247	0.0177	
0.0168	0.0003	0.0257	0.0280	0.0203	0.0269	0.0034	0.0194	0.0169	0.0091	0.0127	0.0044	0.0003	0.0055	0.0114	0.0293	0.0153	0.0002	0.0226	0.0154	0.0197	0.0055	0.0026	0.0034	0.0066	0.0115	0.0299	0.0049	0.0203	0.0177	0.0026	0.0084	0.0125	0.0235	0.0071	0.0288	0.0279	0.0013	0.0065	0.0225	0.0219	0.0242	0.0099	0.0084	0.0200	0.0320	0.0030	0.0021	0.0002	0.0028	0.0021	0.0164	0.0044	0.0124	0.0286	0.0111	0.0276	0.0228	0.0190	0.0099	0.0250	0.0311	0.0003	0.0285	0.0066	0.0057	0.0246	0.0099	0.0298	0.0128	
0.0041	0.0107	0.0217	0.0317	0.0221	0.0272	0.0248	0.0194	0.0148	0.0074	0.0074	0.0252	0.0043	0.0158	0.0137	0.0162	0.0027	0.0278	0.0221	0.0247	0.0246	0.0021	0.0132	0.0280	0.0229	0.0195	0.0199	0.0089	0.0016	0.0121	0.0037	0.0244	0.0040	0.0172	0.0232	0.0184	0.0206	0.0045	0.0128	0.0019	0.0138	0.0034	0.0054	0.0083	0.0006	0.0257	0.0226	0.0112	0.0135	0.0174	0.0022	0.0260	0.0166	0.0011	0.0112	0.0021	0.0254	0.0240	0.0018	0.0041	0.0042	0.0155	0.0227	0.0024	0.0039	0.0129	0.0205	0.0162	0.0178	0.0201	
0.0235	0.0234	0.0105	0.0196	0.0108	0.0245	0.0235	0.0037	0.0256	0.0008	0.0234	0.0083	0.0220	0.0118	0.0094	0.0071	0.0053	0.0026	0.0045	0.0230	0.0173	0.0215	0.0027	0.0118	0.0227	0.0247	0.0095	0.0027	0.0040	0.0145	0.0022	0.0065	0.0235	0.0209	0.0168	0.0041	0.0130	0.0240	0.0137	0.0153	0.0057	0.0203	0.0236	0.0009	0.0066	0.0233	0.0201	0.0070	0.0188	0.0236	0.0076	0.0198	0.0107	0.0209	0.0013	0.0012	0.0206	0.0264	0.0195	0.0133	0.0124	0.0207	0.0296	0.0094	0.0244	0.0175	0.0134	0.0018	0.0204	0.0043	
0.0258	0.0079	0.0155	0.0213	0.0198	0.0326	0.0307	0.0019	0.0059	0.0023	0.0068	0.0032	0.0111	0.0092	0.0073	0.0118	0.0266	0.0336	0.0238	0.0202	0.0097	0.0141	0.0061	0.0040	0.0030	0.0140	0.0240	0.0157	0.0027	0.0182	0.0092	0.0238	0.0181	0.0197	0.0012	0.0016	0.0071	0.0261	0.0035	0.0035	0.0036	0.0235	0.0250	0.0211	0.0092	0.0125	0.0139	0.0215	0.0055	0.0181	0.0259	0.0191	0.0122	0.0045	0.0243	0.0112	0.0022	0.0119	0.0151	0.0073	0.0052	0.0138	0.0347	0.0184	0.0246	0.0178	0.0179	0.0242	0.0080	0.0047	
0.0050	0.0246	0.0218	0.0167	0.0128	0.0157	0.0169	0.0119	0.0226	0.0179	0.0004	0.0020	0.0087	0.0139	0.0189	0.0181	0.0071	0.0099	0.0210	0.0178	0.0244	0.0201	0.0089	0.0246	0.0229	0.0179	0.0194	0.0043	0.0220	0.0188	0.0199	0.0195	0.0129	0.0008	0.0081	0.0225	0.0192	0.0203	0.0133	0.0068	0.0188	0.0140	0.0130	0.0186	0.0055	0.0023	0.0020	0.0106	0.0230	0.0007	0.0070	0.0068	0.0255	0.0145	0.0042	0.0095	0.0156	0.0245	0.0165	0.0225	0.0202	0.0129	0.0177	0.0037	0.0232	0.0091	0.0159	0.0079	0.0047	0.0186	
0.0019	0.0126	0.0204	0.0160	0.0001	0.0127	0.0090	0.0145	0.0208	0.0226	0.0163	0.0095	0.0059	0.0226	0.0117	0.0142	0.0198	0.0257	0.0253	0.0002	0.0055	0.0186	0.0045	0.0223	0.0119	0.0055	0.0247	0.0097	0.0199	0.0253	0.0116	0.0244	0.0076	0.0052	0.0244	0.0226	0.0143	0.0130	0.0131	0.0211	0.0009	0.0019	0.0067	0.0214	0.0068	0.0128	0.0079	0.0206	0.0193	0.0122	0.0164	0.0225	0.0127	0.0048	0.0141	0.0094	0.0084	0.0274	0.0015	0.0228	0.0133	0.0273	0.0242	0.0210	0.0116	0.0224	0.0027	0.0006	0.0243	0.0149	
0.0014	0.0067	0.0101	0.0038	0.0285	0.0052	0.0157	0.0100	0.0171	0.0004	0.0275	0.0049	0.0187	0.0112	0.0074	0.0202	0.0100	0.0023	0.0218	0.0190	0.0146	0.0142	0.0136	0.0257	0.0072	0.0026	0.0084	0.0121	0.0106	0.0131	0.0101	0.0092	0.0304	0.0059	0.0102	0.0129	0.0146	0.0109	0.0050	0.0128	0.0288	0.0287	0.0138	0.0012	0.0294	0.0112	0.0109	0.0123	0.0180	0.0234	0.0143	0.0014	0.0128	0.0093	0.0020	0.0177	0.0230	0.0179	0.0258	0.0284	0.0268	0.0024	0.0348	0.0041	0.0202	0.0202	0.0088	0.0137	0.0307	0.0221	
0.0070	0.0247	0.0229	0.0070	0.0193	0.0160	0.0011	0.0090	0.0255	0.0239	0.0192	0.0228	0.0213	0.0170	0.0250	0.0076	0.0239	0.0161	0.0032	0.0220	0.0147	0.0217	0.0143	0.0086	0.0133	0.0208	0.0247	0.0081	0.0088	0.0057	0.0009	0.0283	0.0130	0.0230	0.0112	0.0151	0.0049	0.0044	0.0124	0.0143	0.0142	0.0114	0.0179	0.0246	0.0045	0.0004	0.0083	0.0089	0.0068	0.0106	0.0201	0.0212	0.0084	0.0042	0.0044	0.0106	0.0115	0.0153	0.0188	0.0268	0.0156	0.0202	0.0005	0.0166	0.0244	0.0215	0.0108	0.0254	0.0053	0.0076	
0.0040	0.0212	0.0008	0.0209	0.0099	0.0061	0.0059	0.0168	0.0049	0.0153	0.0149	0.0189	0.0013	0.0296	0.0132	0.0092	0.0197	0.0091	0.0224	0.0018	0.0033	0.0175	0.0152	0.0192	0.0278	0.0243	0.0129	0.0306	0.0011	0.0114	0.0172	0.0132	0.0049	0.0309	0.0074	0.0037	0.0241	0.0232	0.0223	0.0324	0.0069	0.0267	0.0131	0.0061	0.0157	0.0328	0.0222	0.0013	0.0086	0.0187	0.0060	0.0058	0.0087	0.0046	0.0054	0.0170	0.0070	0.0140	0.0210	0.0178	0.0234	0.0062	0.0192	0.0234	0.0299	0.0042	0.0139	0.0021	0.0220	0.0080	
0.0174	0.0248	0.0124	0.0220	0.0237	0.0078	0.0054	0.0068	0.0033	0.0256	0.0028	0.0107	0.0207	0.0127	0.0040	0.0116	0.0027	0.0310	0.0247	0.0212	0.0235	0.0068	0.0020	0.0090	0.0064	0.0006	0.0088	0.0171	0.0070	0.0106	0.0138	0.0207	0.0107	0.0008	0.0254	0.0094	0.0231	0.0174	0.0073	0.0274	0.0106	0.0281	0.0097	0.0200	0.0136	0.0118	0.0145	0.0025	0.0185	0.0156	0.0011	0.0153	0.0081	0.0285	0.0105	0.0102	0.0214	0.0043	0.0130	0.0247	0.0262	0.0171	0.0322	0.0207	0.0124	0.0137	0.0014	0.0199	0.0137	0.0217	
0.0172	0.0121	0.0177	0.0240	0.0096	0.0249	0.0234	0.0080	0.0231	0.0214	0.0135	0.0058	0.0247	0.0185	0.0083	0.0007	0.0095	0.0093	0.0172	0.0166	0.0119	0.0142	0.0044	0.0131	0.0246	0.0197	0.0241	0.0135	0.0068	0.0261	0.0083	0.0232	0.0176	0.0239	0.0199	0.0141	0.0221	0.0106	0.0132	0.0130	0.0116	0.0120	0.0076	0.0146	0.0077	0.0193	0.0173	0.0062	0.0114	0.0107	0.0033	0.0196	0.0012	0.0218	0.0069	0.0024	0.0078	0.0057	0.0223	0.0166	0.0228	0.0092	0.0019	0.0207	0.0129	0.0184	0.0153	0.0014	0.0227	0.0184	
0.0068	0.0258	0.0216	0.0043	0.0059	0.0011	0.0084	0.0148	0.0057	0.0079	0.0041	0.0209	0.0029	0.0242	0.0262	0.0172	0.0229	0.0238	0.0187	0.0217	0.0060	0.0153	0.0173	0.0308	0.0162	0.0021	0.0113	0.0117	0.0019	0.0174	0.0023	0.0197	0.0117	0.0218	0.0044	0.0062	0.0304	0.0268	0.0151	0.0077	0.0254	0.0212	0.0010	0.0161	0.0147	0.0052	0.0076	0.0054	0.0015	0.0273	0.0254	0.0279	0.0139	0.0044	0.0135	0.0197	0.0095	0.0225	0.0153	0.0042	0.0180	0.0259	0.0168	0.0166	0.0059	0.0160	0.0104	0.0109	0.0202	0.0165	
0.0199	0.0249	0.0040	0.0119	0.0276	0.0162	0.0172	0.0000	0.0168	0.0125	0.0244	0.0064	0.0116	0.0052	0.0193	0.0066	0.0035	0.0065	0.0072	0.0152	0.0238	0.0056	0.0128	0.0159	0.0180	0.0295	0.0071	0.0120	0.0100	0.0297	0.0225	0.0317	0.0169	0.0138	0.0067	0.0041	0.0240	0.0042	0.0056	0.0009	0.0041	0.0106	0.0077	0.0031	0.0105	0.0135	0.0151	0.0099	0.0014	0.0316	0.0127	0.0065	0.0048	0.0063	0.0212	0.0143	0.0129	0.0199	0.0214	0.0306	0.0075	0.0044	0.0220	0.0172	0.0205	0.0279	0.0206	0.0294	0.0282	0.0128	
0.0133	0.0256	0.0264	0.0058	0.0097	0.0149	0.0259	0.0071	0.0049	0.0056	0.0128	0.0242	0.0098	0.0100	0.0131	0.0152	0.0206	0.0082	0.0204	0.0211	0.0170	0.0023	0.0121	0.0072	0.0201	0.0270	0.0186	0.0164	0.0114	0.0110	0.0182	0.0173	0.0122	0.0169	0.0122	0.0129	0.0062	0.0262	0.0191	0.0068	0.0149	0.0042	0.0125	0.0131	0.0141	0.0099	0.0222	0.0069	0.0043	0.0017	0.0051	0.0132	0.0062	0.0043	0.0190	0.0110	0.0140	0.0200	0.0110	0.0108	0.0213	0.0085	0.0256	0.0196	0.0141	0.0250	0.0130	0.0206	0.0236	0.0247	
0.0109	0.0214	0.0131	0.0150	0.0072	0.0164	0.0181	0.0242	0.0231	0.0119	0.0058	0.0127	0.0137	0.0108	0.0056	0.0068	0.0100	0.0073	0.0261	0.0027	0.0252	0.0129	0.0166	0.0138	0.0122	0.0062	0.0086	0.0184	0.0264	0.0170	0.0233	0.0011	0.0125	0.0063	0.0177	0.0123	0.0312	0.0218	0.0218	0.0067	0.0242	0.0173	0.0272	0.0269	0.0053	0.0106	0.0250	0.0127	0.0165	0.0081	0.0156	0.0087	0.0264	0.0230	0.0009	0.0266	0.0056	0.0004	0.0003	0.0015	0.0062	0.0280	0.0314	0.0056	0.0165	0.0051	0.0020	0.0075	0.0200	0.0201	
0.0071	0.0150	0.0095	0.0196	0.0082	0.0097	0.0146	0.0142	0.0078	0.0028	0.0103	0.0236	0.0019	0.0189	0.0292	0.0148	0.0036	0.0171	0.0053	0.0221	0.0056	0.0256	0.0213	0.0254	0.0003	0.0235	0.0167	0.0195	0.0097	0.0292	0.0075	0.0181	0.0237	0.0255	0.0003	0.0009	0.0278	0.0080	0.0113	0.0201	0.0112	0.0171	0.0201	0.0247	0.0200	0.0106	0.0254	0.0072	0.0065	0.0012	0.0013	0.0148	0.0023	0.0256	0.0133	0.0081	0.0217	0.0141	0.0164	0.0136	0.0189	0.0219	0.0066	0.0068	0.0226	0.0214	0.0027	0.0056	0.0189	0.0242	
0.0181	0.0231	0.0029	0.0147	0.0114	0.0184	0.0065	0.0221	0.0054	0.0180	0.0270	0.0103	0.0148	0.0091	0.0293	0.0219	0.0150	0.0259	0.0107	0.0207	0.0058	0.0116	0.0208	0.0003	0.0008	0.0175	0.0115	0.0131	0.0020	0.0264	0.0070	0.0220	0.0191	0.0098	0.0108	0.0063	0.0120	0.0178	0.0123	0.0270	0.0021	0.0275	0.0091	0.0266	0.0152	0.0097	0.0078	0.0249	0.0087	0.0014	0.0082	0.0081	0.0245	0.0276	0.0188	0.0057	0.0038	0.0027	0.0128	0.0238	0.0051	0.0222	0.0246	0.0083	0.0113	0.0086	0.0212	0.0049	0.0258	0.0199	
0.0127	0.0267	0.0107	0.0150	0.0198	0.0085	0.0035	0.0210	0.0170	0.0213	0.0110	0.0164	0.0051	0.0009	0.0188	0.0304	0.0277	0.0210	0.0211	0.0070	0.0022	0.0086	0.0060	0.0241	0.0225	0.0101	0.0060	0.0003	0.0165	0.0069	0.0162	0.0031	0.0351	0.0195	0.0186	0.0137	0.0317	0.0133	0.0085	0.0146	0.0028	0.0127	0.0182	0.0222	0.0145	0.0218	0.0195	0.0229	0.0225	0.0130	0.0136	0.0054	0.0174	0.0220	0.0188	0.0035	0.0199	0.0202	0.0220	0.0107	0.0016	0.0033	0.0064	0.0088	0.0051	0.0086	0.0168	0.0177	0.0119	0.0033	
0.0024	0.0116	0.0090	0.0056	0.0038	0.0214	0.0211	0.0123	0.0085	0.0027	0.0212	0.0134	0.0076	0.0045	0.0237	0.0109	0.0168	0.0086	0.0299	0.0162	0.0209	0.0076	0.0230	0.0311	0.0115	0.0293	0.0066	0.0080	0.0159	0.0051	0.0026	0.0010	0.0122	0.0199	0.0088	0.0022	0.0278	0.0113	0.0145	0.0303	0.0127	0.0071	0.0110	0.0170	0.0187	0.0189	0.0265	0.0007	0.0159	0.0237	0.0201	0.0095	0.0185	0.0250	0.0101	0.0248	0.0181	0.0095	0.0232	0.0046	0.0130	0.0131	0.0295	0.0029	0.0001	0.0215	0.0027	0.0178	0.0243	0.0185	
0.0150	0.0045	0.0201	0.0311	0.0038	0.0158	0.0260	0.0040	0.0119	0.0224	0.0037	0.0057	0.0208	0.0217	0.0135	0.0219	0.0125	0.0158	0.0089	0.0149	0.0108	0.0143	0.0180	0.0129	0.0147	0.0279	0.0096	0.0071	0.0156	0.0270	0.0140	0.0083	0.0063	0.0277	0.0065	0.0161	0.0183	0.0185	0.0171	0.0250	0.0278	0.0141	0.0259	0.0269	0.0005	0.0072	0.0216	0.0030	0.0180	0.0061	0.0077	0.0181	0.0089	0.0091	0.0063	0.0000	0.0150	0.0084	0.0119	0.0048	0.0044	0.0188	0.0184	0.0131	0.0086	0.0244	0.0003	0.0228	0.0150	0.0234	
0.0055	0.0193	0.0212	0.0127	0.0154	0.0260	0.0159	0.0153	0.0111	0.0078	0.0067	0.0064	0.0157	0.0098	0.0172	0.0232	0.0257	0.0247	0.0193	0.0065	0.0004	0.0075	0.0065	0.0150	0.0175	0.0072	0.0236	0.0108	0.0162	0.0038	0.0059	0.0276	0.0172	0.0222	0.0237	0.0141	0.0218	0.0233	0.0158	0.0088	0.0112	0.0234	0.0228	0.0029	0.0251	0.0255	0.0011	0.0051	0.0221	0.0104	0.0228	0.0038	0.0029	0.0075	0.0208	0.0244	0.0131	0.0073	0.0190	0.0093	0.0256	0.0047	0.0287	0.0064	0.0021	0.0089	0.0166	0.0207	0.0098	0.0016	
0.0047	0.0018	0.0053	0.0128	0.0246	0.0036	0.0130	0.0034	0.0207	0.0226	0.0068	0.0215	0.0161	0.0080	0.0066	0.0027	0.0253	0.0096	0.0323	0.0027	0.0003	0.0137	0.0051	0.0119	0.0094	0.0069	0.0271	0.0185	0.0009	0.0182	0.0070	0.0095	0.0283	0.0257	0.0062	0.0263	0.0312	0.0230	0.0110	0.0228	0.0159	0.0117	0.0187	0.0280	0.0034	0.0084	0.0202	0.0210	0.0018	0.0313	0.0144	0.0124	0.0252	0.0088	0.0015	0.0207	0.0254	0.0248	0.0007	0.0193	0.0057	0.0251	0.0032	0.0024	0.0169	0.0284	0.0255	0.0215	0.0015	0.0091	
0.0038	0.0017	0.0234	0.0075	0.0159	0.0186	0.0243	0.0057	0.0078	0.0018	0.0156	0.0055	0.0161	0.0012	0.0007	0.0237	0.0139	0.0159	0.0235	0.0156	0.0247	0.0038	0.0215	0.0247	0.0142	0.0192	0.0080	0.0143	0.0097	0.0041	0.0092	0.0310	0.0213	0.0211	0.0213	0.0128	0.0155	0.0155	0.0163	0.0122	0.0241	0.0185	0.0150	0.0256	0.0011	0.0292	0.0064	0.0013	0.0016	0.0193	0.0123	0.0114	0.0253	0.0136	0.0088	0.0280	0.0084	0.0012	0.0200	0.0254	0.0085	0.0091	0.0265	0.0032	0.0197	0.0169	0.0139	0.0230	0.0054	0.0146	
0.0111	0.0271	0.0258	0.0123	0.0224	0.0102	0.0192	0.0213	0.0260	0.0163	0.0148	0.0077	0.0153	0.0210	0.0214	0.0293	0.0021	0.0057	0.0131	0.0266	0.0036	0.0134	0.0277	0.0271	0.0036	0.0152	0.0246	0.0123	0.0068	0.0138	0.0133	0.0142	0.0299	0.0163	0.0088	0.0181	0.0180	0.0171	0.0194	0.0016	0.0127	0.0171	0.0080	0.0048	0.0130	0.0020	0.0272	0.0041	0.0140	0.0238	0.0159	0.0123	0.0137	0.0105	0.0119	0.0279	0.0015	0.0007	0.0069	0.0081	0.0144	0.0057	0.0186	0.0100	0.0029	0.0028	0.0116	0.0307	0.0124	0.0014	
0.0119	0.0138	0.0122	0.0110	0.0130	0.0176	0.0058	0.0175	0.0126	0.0017	0.0182	0.0191	0.0271	0.0134	0.0261	0.0025	0.0290	0.0152	0.0026	0.0114	0.0134	0.0137	0.0097	0.0152	0.0152	0.0058	0.0008	0.0237	0.0016	0.0090	0.0172	0.0277	0.0231	0.0131	0.0077	0.0012	0.0280	0.0026	0.0206	0.0237	0.0213	0.0097	0.0164	0.0044	0.0177	0.0230	0.0072	0.0007	0.0132	0.0297	0.0035	0.0274	0.0254	0.0002	0.0130	0.0254	0.0049	0.0270	0.0215	0.0076	0.0149	0.0085	0.0202	0.0031	0.0116	0.0209	0.0252	0.0142	0.0058	0.0221	
0.0040	0.0214	0.0165	0.0068	0.0173	0.0053	0.0240	0.0038	0.0248	0.0199	0.0242	0.0001	0.0107	0.0016	0.0045	0.0190	0.0264	0.0196	0.0259	0.0097	0.0196	0.0240	0.0090	0.0166	0.0075	0.0105	0.0175	0.0115	0.0176	0.0215	0.0200	0.0219	0.0236	0.0183	0.0200	0.0069	0.0070	0.0167	0.0068	0.0082	0.0272	0.0005	0.0010	0.0244	0.0081	0.0146	0.0240	0.0143	0.0231	0.0176	0.0198	0.0067	0.0146	0.0216	0.0228	0.0042	0.0130	0.0011	0.0237	0.0075	0.0120	0.0118	0.0119	0.0026	0.0256	0.0053	0.0044	0.0190	0.0056	0.0219	
0.0150	0.0092	0.0125	0.0216	0.0110	0.0278	0.0295	0.0100	0.0097	0.0224	0.0154	0.0041	0.0158	0.0028	0.0321	0.0167	0.0060	0.0322	0.0240	0.0208	0.0207	0.0060	0.0233	0.0010	0.0238	0.0170	0.0175	0.0263	0.0276	0.0026	0.0105	0.0056	0.0123	0.0023	0.0042	0.0155	0.0277	0.0284	0.0115	0.0036	0.0070	0.0047	0.0219	0.0045	0.0246	0.0112	0.0297	0.0093	0.0044	0.0130	0.0010	0.0067	0.0001	0.0169	0.0042	0.0090	0.0164	0.0118	0.0237	0.0261	0.0071	0.0008	0.0136	0.0062	0.0123	0.0107	0.0226	0.0137	0.0283	0.0125	
0.0202	0.0062	0.0145	0.0187	0.0121	0.0173	0.0130	0.0143	0.0080	0.0133	0.0168	0.0077	0.0214	0.0153	0.0013	0.0040	0.0045	0.0234	0.0271	0.0236	0.0236	0.0117	0.0049	0.0182	0.0227	0.0052	0.0201	0.0136	0.0189	0.0113	0.0151	0.0150	0.0117	0.0204	0.0168	0.0219	0.0196	0.0109	0.0020	0.0159	0.0237	0.0000	0.0028	0.0075	0.0056	0.0278	0.0072	0.0221	0.0046	0.0074	0.0053	0.0291	0.0145	0.0020	0.0129	0.0081	0.0017	0.0252	0.0198	0.0078	0.0224	0.0272	0.0254	0.0224	0.0257	0.0039	0.0235	0.0015	0.0242	0.0064	
0.0126	0.0192	0.0189	0.0104	0.0012	0.0265	0.0091	0.0210	0.0121	0.0237	0.0239	0.0241	0.0090	0.0122	0.0052	0.0146	0.0264	0.0085	0.0060	0.0100	0.0176	0.0190	0.0180	0.0227	0.0184	0.0229	0.0039	0.0055	0.0084	0.0013	0.0013	0.0059	0.0275	0.0257	0.0188	0.0116	0.0072	0.0043	0.0006	0.0152	0.0263	0.0043	0.0119	0.0209	0.0093	0.0250	0.0169	0.0094	0.0171	0.0097	0.0045	0.0169	0.0220	0.0137	0.0125	0.0191	0.0024	0.0242	0.0160	0.0048	0.0202	0.0033	0.0161	0.0094	0.0226	0.0188	0.0247	0.0107	0.0180	0.0185	
0.0078	0.0194	0.0072	0.0190	0.0107	0.0157	0.0077	0.0191	0.0129	0.0203	0.0064	0.0195	0.0135	0.0235	0.0237	0.0113	0.0099	0.0112	0.0117	0.0012	0.0079	0.0083	0.0145	0.0239	0.0185	0.0205	0.0146	0.0019	0.0215	0.0162	0.0218	0.0060	0.0192	0.0258	0.0008	0.0095	0.0085	0.0047	0.0018	0.0235	0.0118	0.0057	0.0105	0.0193	0.0249	0.0265	0.0160	0.0139	0.0124	0.0111	0.0087	0.0157	0.0251	0.0168	0.0089	0.0241	0.0060	0.0112	0.0216	0.0159	0.0236	0.0056	0.0263	0.0200	0.0235	0.0012	0.0026	0.0145	0.0238	0.0117	
0.0044	0.0052	0.0105	0.0178	0.0182	0.0041	0.0301	0.0213	0.0309	0.0232	0.0067	0.0011	0.0177	0.0157	0.0077	0.0100	0.0073	0.0008	0.0198	0.0019	0.0039	0.0254	0.0110	0.0159	0.0288	0.0070	0.0092	0.0164	0.0244	0.0294	0.0262	0.0014	0.0227	0.0013	0.0077	0.0062	0.0081	0.0157	0.0009	0.0086	0.0019	0.0146	0.0153	0.0020	0.0132	0.0306	0.0212	0.0122	0.0189	0.0194	0.0230	0.0031	0.0321	0.0280	0.0098	0.0083	0.0240	0.0274	0.0154	0.0126	0.0253	0.0122	0.0328	0.0018	0.0281	0.0056	0.0119	0.0167	0.0077	0.0007	
0.0030	0.0208	0.0290	0.0103	0.0002	0.0209	0.0115	0.0072	0.0025	0.0020	0.0164	0.0263	0.0270	0.0075	0.0014	0.0223	0.0016	0.0236	0.0219	0.0005	0.0100	0.0103	0.0003	0.0203	0.0127	0.0205	0.0160	0.0123	0.0044	0.0065	0.0149	0.0046	0.0053	0.0194	0.0133	0.0029	0.0032	0.0202	0.0225	0.0212	0.0277	0.0168	0.0231	0.0122	0.0261	0.0291	0.0147	0.0190	0.0006	0.0035	0.0037	0.0216	0.0248	0.0069	0.0182	0.0225	0.0200	0.0102	0.0257	0.0098	0.0029	0.0292	0.0038	0.0239	0.0162	0.0131	0.0210	0.0077	0.0226	0.0265	
0.0196	0.0102	0.0245	0.0001	0.0038	0.0241	0.0169	0.0145	0.0244	0.0138	0.0057	0.0249	0.0118	0.0011	0.0023	0.0227	0.0091	0.0284	0.0302	0.0214	0.0100	0.0196	0.0243	0.0172	0.0153	0.0263	0.0125	0.0244	0.0223	0.0120	0.0049	0.0071	0.0290	0.0022	0.0103	0.0211	0.0247	0.0231	0.0020	0.0255	0.0046	0.0036	0.0143	0.0092	0.0034	0.0061	0.0156	0.0020	0.0208	0.0209	0.0030	0.0259	0.0084	0.0003	0.0144	0.0275	0.0144	0.0088	0.0117	0.0064	0.0091	0.0198	0.0231	0.0111	0.0094	0.0273	0.0001	0.0099	0.0173	0.0081	
0.0016	0.0148	0.0265	0.0035	0.0184	0.0087	0.0076	0.0132	0.0150	0.0116	0.0120	0.0118	0.0037	0.0046	0.0093	0.0111	0.0304	0.0297	0.0178	0.0149	0.0056	0.0143	0.0136	0.0297	0.0159	0.0153	0.0123	0.0030	0.0282	0.0039	0.0059	0.0070	0.0161	0.0157	0.0188	0.0197	0.0329	0.0061	0.0106	0.0099	0.0237	0.0026	0.0263	0.0008	0.0279	0.0315	0.0180	0.0173	0.0045	0.0326	0.0020	0.0042	0.0267	0.0047	0.0033	0.0179	0.0023	0.0312	0.0171	0.0039	0.0260	0.0044	0.0169	0.0095	0.0061	0.0060	0.0271	0.0206	0.0154	0.0188	
0.0120	0.0223	0.0151	0.0075	0.0237	0.0040	0.0207	0.0110	0.0015	0.0180	0.0290	0.0257	0.0308	0.0004	0.0016	0.0023	0.0121	0.0104	0.0127	0.0028	0.0154	0.0003	0.0219	0.0096	0.0138	0.0180	0.0186	0.0162	0.0237	0.0213	0.0005	0.0339	0.0026	0.0167	0.0177	0.0107	0.0216	0.0199	0.0101	0.0321	0.0313	0.0216	0.0287	0.0302	0.0061	0.0005	0.0062	0.0146	0.0084	0.0039	0.0242	0.0214	0.0086	0.0129	0.0023	0.0119	0.0023	0.0063	0.0235	0.0062	0.0158	0.0032	0.0197	0.0120	0.0193	0.0008	0.0220	0.0139	0.0129	0.0213	
0.0128	0.0213	0.0273	0.0130	0.0043	0.0280	0.0026	0.0184	0.0032	0.0122	0.0111	0.0039	0.0074	0.0199	0.0254	0.0113	0.0201	0.0214	0.0143	0.0064	0.0070	0.0119	0.0280	0.0061	0.0134	0.0247	0.0041	0.0143	0.0098	0.0050	0.0069	0.0269	0.0018	0.0174	0.0182	0.0026	0.0223	0.0267	0.0063	0.0065	0.0093	0.0110	0.0028	0.0085	0.0257	0.0118	0.0260	0.0240	0.0173	0.0057	0.0097	0.0031	0.0304	0.0059	0.0118	0.0301	0.0230	0.0220	0.0264	0.0092	0.0208	0.0181	0.0113	0.0252	0.0058	0.0181	0.0023	0.0203	0.0011	0.0191	
0.0201	0.0205	0.0113	0.0068	0.0247	0.0264	0.0097	0.0149	0.0114	0.0031	0.0272	0.0087	0.0248	0.0052	0.0240	0.0043	0.0230	0.0254	0.0040	0.0198	0.0060	0.0255	0.0003	0.0285	0.0134	0.0200	0.0013	0.0039	0.0027	0.0051	0.0083	0.0057	0.0253	0.0278	0.0122	0.0172	0.0211	0.0212	0.0067	0.0162	0.0193	0.0077	0.0098	0.0209	0.0092	0.0123	0.0212	0.0040	0.0044	0.0010	0.0225	0.0070	0.0148	0.0097	0.0123	0.0218	0.0199	0.0128	0.0207	0.0064	0.0234	0.0058	0.0151	0.0056	0.0219	0.0231	0.0140	0.0258	0.0197	0.0044	
0.0134	0.0004	0.0163	0.0183	0.0013	0.0291	0.0171	0.0061	0.0194	0.0022	0.0274	0.0252	0.0286	0.0017	0.0100	0.0017	0.0194	0.0137	0.0143	0.0206	0.0228	0.0062	0.0010	0.0016	0.0196	0.0124	0.0215	0.0038	0.0254	0.0152	0.0245	0.0257	0.0143	0.0001	0.0146	0.0235	0.0201	0.0273	0.0072	0.0151	0.0050	0.0142	0.0227	0.0179	0.0067	0.0282	0.0065	0.0118	0.0235	0.0221	0.0042	0.0019	0.0131	0.0280	0.0076	0.0069	0.0257	0.0150	0.0243	0.0179	0.0045	0.0134	0.0092	0.0036	0.0051	0.0059	0.0124	0.0279	0.0139	0.0130	
0.0114	0.0184	0.0043	0.0291	0.0150	0.0111	0.0117	0.0098	0.0250	0.0215	0.0060	0.0100	0.0071	0.0053	0.0101	0.0228	0.0097	0.0132	0.0210	0.0090	0.0214	0.0031	0.0034	0.0203	0.0096	0.0193	0.0059	0.0178	0.0119	0.0003	0.0125	0.0076	0.0292	0.0117	0.0088	0.0132	0.0270	0.0141	0.0104	0.0260	0.0240	0.0163	0.0189	0.0015	0.0113	0.0233	0.0060	0.0025	0.0208	0.0098	0.0227	0.0004	0.0075	0.0047	0.0162	0.0082	0.0151	0.0131	0.0165	0.0246	0.0040	0.0214	0.0284	0.0209	0.0091	0.0266	0.0113	0.0236	0.0232	0.0231	
0.0250	0.0219	0.0004	0.0260	0.0135	0.0081	0.0124	0.0015	0.0088	0.0149	0.0136	0.0035	0.0246	0.0032	0.0040	0.0122	0.0282	0.0223	0.0239	0.0013	0.0223	0.0114	0.0265	0.0180	0.0199	0.0021	0.0177	0.0226	0.0187	0.0120	0.0097	0.0116	0.0074	0.0273	0.0104	0.0015	0.0295	0.0132	0.0154	0.0101	0.0260	0.0139	0.0045	0.0006	0.0103	0.0005	0.0252	0.0212	0.0178	0.0254	0.0003	0.0207	0.0018	0.0230	0.0242	0.0137	0.0237	0.0122	0.0001	0.0122	0.0165	0.0159	0.0102	0.0224	0.0056	0.0037	0.0231	0.0269	0.0198	0.0019	
0.0136	0.0136	0.0027	0.0133	0.0048	0.0121	0.0077	0.0234	0.0077	0.0210	0.0058	0.0244	0.0055	0.0241	0.0124	0.0188	0.0092	0.0133	0.0296	0.0265	0.0041	0.0151	0.0144	0.0071	0.0212	0.0091	0.0052	0.0073	0.0222	0.0061	0.0034	0.0311	0.0030	0.0182	0.0104	0.0149	0.0186	0.0186	0.0155	0.0171	0.0071	0.0001	0.0051	0.0068	0.0068	0.0224	0.0111	0.0128	0.0134	0.0150	0.0220	0.0147	0.0279	0.0227	0.0240	0.0267	0.0003	0.0244	0.0196	0.0256	0.0058	0.0297	0.0026	0.0013	0.0180	0.0082	0.0211	0.0161	0.0134	0.0238	
0.0030	0.0171	0.0210	0.0117	0.0171	0.0044	0.0104	0.0057	0.0003	0.0008	0.0250	0.0197	0.0211	0.0082	0.0106	0.0164	0.0267	0.0082	0.0198	0.0138	0.0133	0.0183	0.0268	0.0221	0.0097	0.0063	0.0239	0.0034	0.0161	0.0267	0.0259	0.0244	0.0303	0.0177	0.0099	0.0049	0.0201	0.0156	0.0028	0.0217	0.0146	0.0207	0.0227	0.0165	0.0257	0.0135	0.0064	0.0203	0.0172	0.0265	0.0079	0.0146	0.0235	0.0260	0.0090	0.0110	0.0171	0.0003	0.0006	0.0126	0.0063	0.0072	0.0188	0.0016	0.0019	0.0044	0.0200	0.0036	0.0239	0.0043	
0.0257	0.0098	0.0043	0.0281	0.0000	0.0206	0.0234	0.0082	0.0241	0.0223	0.0001	0.0037	0.0115	0.0158	0.0180	0.0115	0.0254	0.0280	0.0078	0.0005	0.0124	0.0160	0.0150	0.0191	0.0131	0.0065	0.0037	0.0195	0.0136	0.0208	0.0177	0.0027	0.0262	0.0142	0.0234	0.0236	0.0093	0.0243	0.0215	0.0165	0.0146	0.0084	0.0033	0.0030	0.0125	0.0024	0.0222	0.0000	0.0105	0.0166	0.0053	0.0221	0.0230	0.0230	0.0158	0.0087	0.0201	0.0130	0.0104	0.0201	0.0152	0.0021	0.0233	0.0033	0.0051	0.0234	0.0066	0.0242	0.0164	0.0172	
0.0036	0.0266	0.0007	0.0210	0.0135	0.0055	0.0152	0.0106	0.0067	0.0121	0.0117	0.0040	0.0102	0.0252	0.0158	0.0255	0.0069	0.0001	0.0260	0.0189	0.0022	0.0220	0.0157	0.0068	0.0009	0.0123	0.0141	0.0257	0.0235	0.0159	0.0219	0.0289	0.0117	0.0215	0.0123	0.0064	0.0222	0.0056	0.0089	0.0136	0.0238	0.0112	0.0073	0.0260	0.0097	0.0130	0.0213	0.0228	0.0161	0.0078	0.0176	0.0079	0.0015	0.0272	0.0157	0.0083	0.0119	0.0229	0.0174	0.0016	0.0179	0.0155	0.0162	0.0174	0.0176	0.0137	0.0203	0.0178	0.0129	0.0077	
0.0053	0.0006	0.0170	0.0116	0.0227	0.0198	0.0156	0.0145	0.0257	0.0154	0.0189	0.0182	0.0102	0.0173	0.0252	0.0145	0.0239	0.0119	0.0033	0.0048	0.0198	0.0238	0.0166	0.0092	0.0212	0.0070	0.0236	0.0150	0.0080	0.0231	0.0176	0.0029	0.0117	0.0092	0.0017	0.0178	0.0186	0.0185	0.0020	0.0263	0.0211	0.0227	0.0240	0.0008	0.0097	0.0280	0.0046	0.0228	0.0213	0.0020	0.0166	0.0109	0.0143	0.0080	0.0127	0.0072	0.0112	0.0085	0.0147	0.0175	0.0210	0.0282	0.0084	0.0025	0.0248	0.0168	0.0076	0.0012	0.0156	0.0049	
0.0291	0.0053	0.0103	0.0063	0.0137	0.0326	0.0011	0.0157	0.0339	0.0262	0.0029	0.0009	0.0241	0.0074	0.0045	0.0093	0.0194	0.0032	0.0286	0.0257	0.0061	0.0095	0.0047	0.0161	0.0045	0.0233	0.0177	0.0244	0.0030	0.0242	0.0202	0.0044	0.0102	0.0214	0.0043	0.0158	0.0015	0.0109	0.0227	0.0186	0.0076	0.0279	0.0101	0.0214	0.0178	0.0256	0.0086	0.0011	0.0287	0.0209	0.0016	0.0070	0.0070	0.0249	0.0285	0.0193	0.0009	0.0276	0.0008	0.0233	0.0111	0.0076	0.0160	0.0080	0.0060	0.0299	0.0221	0.0028	0.0031	0.0191	

Emissions
0.0839	0.1152	0.0682	0.0674	0.1248	0.0747	0.2777	0.1880	
0.1918	0.1313	0.1074	0.0886	0.1277	0.0825	0.1282	0.1424	
0.2510	0.2151	0.1611	0.1229	0.0849	0.0369	0.0772	0.0510	
0.0583	0.4616	0.1482	0.0108	0.1080	0.1366	0.0024	0.0741	
0.1882	0.1066	0.0723	0.1342	0.1350	0.1505	0.0346	0.1786	
0.1196	0.1712	0.1548	0.1023	0.0279	0.1140	0.0656	0.2446	
0.1878	0.3740	0.0281	0.0610	0.1024	0.1601	0.0514	0.0351	
0.2333	0.0383	0.0068	0.1222	0.1358	0.1511	0.1985	0.1140	
0.0945	0.1184	0.1262	0.0997	0.0170	0.1451	0.1083	0.2909	
0.0864	0.0102	0.1956	0.1994	0.0463	0.1243	0.2082	0.1298	
0.1443	0.1677	0.0803	0.1511	0.0721	0.1241	0.1508	0.1096	
0.0317	0.0926	0.1934	0.1276	0.1316	0.0979	0.1389	0.1864	
0.1241	0.1613	0.0440	0.1521	0.0294	0.1301	0.1504	0.2085	
0.0658	0.0657	0.2492	0.1066	0.1326	0.0615	0.2258	0.0928	
0.0361	0.2144	0.2091	0.0695	0.0788	0.0304	0.1783	0.1834	
0.1448	0.0877	0.0733	0.1723	0.1584	0.1235	0.0043	0.2358	
0.0872	0.1429	0.0868	0.2068	0.0989	0.0070	0.0522	0.3182	
0.1149	0.1863	0.1109	0.0541	0.1119	0.0554	0.1290	0.2374	
0.1245	0.2746	0.1742	0.0573	0.1138	0.0716	0.0313	0.1526	
0.1231	0.2111	0.0752	0.1672	0.0845	0.0101	0.1701	0.1588	
0.0417	0.1386	0.0508	0.1109	0.2773	0.0146	0.2843	0.0818	
0.1208	0.1019	0.1629	0.1915	0.0960	0.0990	0.1714	0.0566	
0.1022	0.1566	0.0749	0.0419	0.1659	0.1403	0.0178	0.3004	
0.0362	0.3551	0.0391	0.1705	0.1264	0.0367	0.0375	0.1987	
0.2285	0.0294	0.0580	0.1507	0.0479	0.0841	0.2347	0.1668	
0.1900	0.1911	0.2206	0.0639	0.0957	0.0459	0.1807	0.0121	
0.2405	0.0700	0.1275	0.0311	0.1396	0.1287	0.1294	0.1331	
0.0403	0.1111	0.0764	0.0280	0.2101	0.2660	0.1339	0.1342	
0.0440	0.1662	0.0648	0.1808	0.0976	0.0587	0.3571	0.0310	
0.0893	0.2482	0.0658	0.0662	0.1223	0.1086	0.0586	0.2409	
0.0082	0.0605	0.3426	0.1365	0.1559	0.0062	0.2428	0.0473	
0.0998	0.2715	0.0992	0.0036	0.0289	0.1332	0.1014	0.2625	
0.0187	0.2535	0.0830	0.0723	0.0166	0.0755	0.1959	0.2846	
0.0691	0.2163	0.1497	0.2257	0.0578	0.0159	0.1145	0.1510	
0.2520	0.1343	0.0251	0.1819	0.0036	0.2057	0.1656	0.0319	
0.0848	0.0181	0.2167	0.0709	0.1036	0.1485	0.1572	0.2002	
0.0668	0.1711	0.1186	0.0720	0.0886	0.0073	0.2002	0.2754	
0.1028	0.1275	0.0859	0.0324	0.0777	0.1968	0.2003	0.1765	
0.1193	0.0221	0.0392	0.2170	0.1446	0.1727	0.2360	0.0491	
0.2383	0.0746	0.2233	0.0039	0.0588	0.0514	0.2319	0.1178	
0.1144	0.2517	0.0876	0.1319	0.0772	0.0104	0.1425	0.1843	
0.1234	0.1454	0.0728	0.1511	0.1039	0.0820	0.1460	0.1753	
0.0596	0.1900	0.0115	0.1196	0.1170	0.1585	0.1943	0.1494	
0.1745	0.1409	0.1572	0.0769	0.0415	0.2137	0.1219	0.0732	
0.0672	0.3162	0.1157	0.0732	0.0385	0.1513	0.1439	0.0940	
0.0288	0.1646	0.1777	0.0902	0.1064	0.0535	0.1573	0.2215	
0.1313	0.1141	0.1581	0.1683	0.0324	0.0525	0.1216	0.2218	
0.2077	0.0416	0.0885	0.0743	0.1019	0.1274	0.1421	0.2165	
0.2589	0.0888	0.0888	0.1493	0.1698	0.0457	0.0731	0.1257	
0.1844	0.2694	0.1270	0.0875	0.0827	0.1163	0.0221	0.1107	
0.1970	0.0245	0.2094	0.1796	0.0117	0.1338	0.2258	0.0181	
0.0966	0.3140	0.1202	0.0276	0.0907	0.0644	0.1526	0.1339	
0.1469	0.2886	0.0790	0.0350	0.1310	0.1419	0.0976	0.0800	
0.2634	0.1545	0.2072	0.1010	0.1232	0.0149	0.0392	0.0966	
0.0017	0.0041	0.2006	0.1206	0.1864	0.1887	0.1562	0.1417	
0.0866	0.1708	0.0758	0.0323	0.1625	0.0415	0.2400	0.1905	
0.0075	0.0769	0.2939	0.1651	0.0659	0.2344	0.1542	0.0021	
0.1236	0.1853	0.2137	0.1135	0.1050	0.0905	0.0654	0.1030	
0.1585	0.0852	0.0383	0.1046	0.1364	0.0342	0.1248	0.3180	
0.0499	0.0095	0.2462	0.0997	0.0996	0.0722	0.1260	0.2969	
0.1642	0.2250	0.0931	0.1300	0.0412	0.0838	0.2348	0.0280	
0.0929	0.1842	0.1483	0.0553	0.1076	0.1220	0.1109	0.1788	
0.1856	0.2739	0.0790	0.0781	0.0047	0.0406	0.1204	0.2177	
0.2144	0.0037	0.1801	0.0760	0.2370	0.0207	0.1468	0.1212	
0.0166	0.1348	0.0732	0.0802	0.0381	0.3921	0.0618	0.2033	
0.1074	0.0415	0.0362	0.0458	0.0739	0.0739	0.4327	0.1887	
0.1181	0.0940	0.1241	0.1599	0.1853	0.0015	0.2078	0.1093	
0.1920	0.2001	0.1800	0.0431	0.1366	0.1192	0.0183	0.1108	
0.0328	0.2696	0.0796	0.1448	0.1402	0.1032	0.1517	0.0781	
0.1888	0.0842	0.0799	0.1846	0.0372	0.1229	0.1470	0.1553	
