DataSet 37
Learner: Baum Welch Learner
Log Likelihood: 71264.8449672017

Number of States: 100
Number of Symbols: 8
Threshold: 0.01

Initial Distribution:
0.0013	0.0032	0.0091	0.0262	0.0054	0.0011	0.0059	0.0157	0.0114	0.0016	0.0152	0.0083	0.0275	0.0161	0.0125	0.0132	0.0103	0.0028	0.0065	0.0022	0.0108	0.0065	0.0009	0.0059	0.0029	0.0120	0.0130	0.0136	0.0115	0.0125	0.0055	0.0120	0.0021	0.0023	0.0198	0.0063	0.0054	0.0141	0.0291	0.0034	0.0021	0.0061	0.0010	0.0122	0.0200	0.0274	0.0133	0.0110	0.0008	0.0079	0.0123	0.0007	0.0051	0.0062	0.0074	0.0122	0.0028	0.0084	0.0219	0.0164	0.0080	0.0018	0.0068	0.0262	0.0309	0.0171	0.0012	0.0170	0.0043	0.0039	0.0024	0.0146	0.0086	0.0019	0.0170	0.0242	0.0052	0.0055	0.0078	0.0056	0.0142	0.0011	0.0043	0.0266	0.0016	0.0081	0.0168	0.0051	0.0081	0.0212	0.0017	0.0039	0.0210	0.0142	0.0105	0.0007	0.0066	0.0015	0.0229	0.0194	

Transitions:
0.0147	0.0155	0.0040	0.0173	0.0089	0.0196	0.0122	0.0016	0.0102	0.0103	0.0061	0.0149	0.0155	0.0089	0.0141	0.0088	0.0125	0.0098	0.0148	0.0088	0.0006	0.0104	0.0027	0.0029	0.0005	0.0163	0.0123	0.0077	0.0145	0.0171	0.0136	0.0038	0.0083	0.0090	0.0112	0.0033	0.0160	0.0089	0.0091	0.0023	0.0152	0.0093	0.0032	0.0029	0.0107	0.0062	0.0051	0.0090	0.0027	0.0169	0.0060	0.0140	0.0087	0.0080	0.0216	0.0043	0.0099	0.0184	0.0132	0.0092	0.0049	0.0036	0.0068	0.0109	0.0123	0.0028	0.0088	0.0063	0.0146	0.0131	0.0135	0.0036	0.0180	0.0150	0.0166	0.0084	0.0066	0.0213	0.0102	0.0127	0.0127	0.0041	0.0066	0.0143	0.0106	0.0163	0.0146	0.0002	0.0114	0.0074	0.0109	0.0168	0.0131	0.0021	0.0185	0.0107	0.0032	0.0095	0.0061	0.0076	
0.0201	0.0194	0.0121	0.0095	0.0037	0.0025	0.0172	0.0149	0.0111	0.0089	0.0165	0.0120	0.0078	0.0030	0.0143	0.0008	0.0161	0.0104	0.0033	0.0151	0.0069	0.0086	0.0168	0.0075	0.0023	0.0155	0.0093	0.0152	0.0159	0.0059	0.0066	0.0188	0.0132	0.0027	0.0144	0.0150	0.0117	0.0157	0.0110	0.0079	0.0029	0.0001	0.0088	0.0013	0.0095	0.0173	0.0084	0.0101	0.0065	0.0158	0.0128	0.0129	0.0065	0.0099	0.0017	0.0107	0.0019	0.0030	0.0057	0.0060	0.0113	0.0206	0.0197	0.0051	0.0017	0.0005	0.0221	0.0051	0.0078	0.0011	0.0086	0.0002	0.0172	0.0176	0.0143	0.0068	0.0200	0.0178	0.0170	0.0038	0.0084	0.0188	0.0106	0.0179	0.0128	0.0128	0.0110	0.0030	0.0012	0.0041	0.0127	0.0087	0.0108	0.0075	0.0175	0.0030	0.0008	0.0028	0.0178	0.0086	
0.0201	0.0040	0.0026	0.0057	0.0075	0.0151	0.0166	0.0117	0.0155	0.0149	0.0114	0.0065	0.0040	0.0027	0.0163	0.0118	0.0095	0.0210	0.0133	0.0080	0.0085	0.0197	0.0043	0.0034	0.0086	0.0003	0.0090	0.0093	0.0202	0.0114	0.0067	0.0191	0.0177	0.0104	0.0049	0.0047	0.0169	0.0046	0.0117	0.0196	0.0187	0.0005	0.0076	0.0072	0.0137	0.0053	0.0052	0.0079	0.0095	0.0041	0.0129	0.0015	0.0106	0.0105	0.0004	0.0025	0.0181	0.0191	0.0154	0.0066	0.0035	0.0061	0.0124	0.0041	0.0066	0.0135	0.0124	0.0146	0.0170	0.0144	0.0147	0.0046	0.0069	0.0152	0.0116	0.0084	0.0108	0.0210	0.0098	0.0033	0.0160	0.0016	0.0009	0.0139	0.0189	0.0050	0.0088	0.0056	0.0107	0.0024	0.0053	0.0200	0.0088	0.0068	0.0178	0.0120	0.0081	0.0026	0.0000	0.0174	
0.0156	0.0098	0.0087	0.0147	0.0081	0.0081	0.0128	0.0130	0.0196	0.0122	0.0109	0.0023	0.0062	0.0134	0.0095	0.0018	0.0043	0.0158	0.0055	0.0018	0.0057	0.0058	0.0045	0.0108	0.0075	0.0165	0.0156	0.0005	0.0206	0.0191	0.0190	0.0075	0.0173	0.0117	0.0067	0.0043	0.0120	0.0040	0.0060	0.0089	0.0109	0.0113	0.0050	0.0173	0.0089	0.0020	0.0107	0.0135	0.0151	0.0124	0.0054	0.0105	0.0152	0.0187	0.0137	0.0094	0.0053	0.0134	0.0064	0.0114	0.0106	0.0136	0.0147	0.0002	0.0097	0.0038	0.0054	0.0150	0.0042	0.0062	0.0087	0.0005	0.0089	0.0154	0.0122	0.0123	0.0001	0.0064	0.0051	0.0051	0.0054	0.0022	0.0058	0.0039	0.0120	0.0062	0.0132	0.0169	0.0212	0.0164	0.0169	0.0164	0.0145	0.0114	0.0189	0.0164	0.0158	0.0044	0.0052	0.0048	
0.0181	0.0144	0.0086	0.0077	0.0031	0.0059	0.0020	0.0001	0.0062	0.0198	0.0083	0.0171	0.0081	0.0020	0.0055	0.0074	0.0074	0.0124	0.0065	0.0034	0.0115	0.0068	0.0167	0.0048	0.0071	0.0124	0.0034	0.0136	0.0167	0.0156	0.0168	0.0156	0.0014	0.0002	0.0081	0.0111	0.0131	0.0162	0.0010	0.0071	0.0061	0.0108	0.0121	0.0182	0.0082	0.0004	0.0071	0.0134	0.0083	0.0101	0.0072	0.0029	0.0186	0.0022	0.0135	0.0100	0.0156	0.0029	0.0167	0.0090	0.0017	0.0063	0.0036	0.0092	0.0016	0.0131	0.0181	0.0082	0.0117	0.0144	0.0141	0.0090	0.0109	0.0213	0.0184	0.0010	0.0140	0.0194	0.0154	0.0070	0.0059	0.0086	0.0076	0.0049	0.0074	0.0130	0.0164	0.0196	0.0085	0.0175	0.0137	0.0094	0.0176	0.0115	0.0061	0.0204	0.0072	0.0014	0.0148	0.0133	
0.0037	0.0195	0.0016	0.0147	0.0163	0.0199	0.0118	0.0206	0.0036	0.0115	0.0161	0.0176	0.0062	0.0122	0.0028	0.0115	0.0173	0.0195	0.0034	0.0069	0.0146	0.0208	0.0011	0.0114	0.0010	0.0056	0.0101	0.0179	0.0137	0.0186	0.0124	0.0149	0.0023	0.0024	0.0043	0.0075	0.0072	0.0134	0.0091	0.0101	0.0031	0.0146	0.0169	0.0159	0.0031	0.0143	0.0038	0.0061	0.0086	0.0134	0.0007	0.0095	0.0214	0.0085	0.0197	0.0062	0.0153	0.0080	0.0108	0.0089	0.0057	0.0123	0.0063	0.0044	0.0154	0.0029	0.0191	0.0036	0.0075	0.0174	0.0048	0.0037	0.0077	0.0148	0.0048	0.0000	0.0026	0.0061	0.0091	0.0056	0.0020	0.0049	0.0117	0.0180	0.0182	0.0034	0.0164	0.0137	0.0059	0.0185	0.0096	0.0217	0.0024	0.0017	0.0041	0.0110	0.0100	0.0117	0.0171	0.0000	
0.0222	0.0005	0.0192	0.0146	0.0094	0.0190	0.0021	0.0047	0.0048	0.0190	0.0037	0.0136	0.0179	0.0071	0.0067	0.0012	0.0016	0.0067	0.0077	0.0143	0.0075	0.0043	0.0200	0.0081	0.0068	0.0051	0.0021	0.0061	0.0114	0.0153	0.0087	0.0149	0.0072	0.0121	0.0068	0.0018	0.0069	0.0178	0.0112	0.0017	0.0020	0.0104	0.0095	0.0084	0.0151	0.0160	0.0035	0.0160	0.0156	0.0024	0.0094	0.0060	0.0032	0.0041	0.0148	0.0179	0.0018	0.0091	0.0056	0.0033	0.0146	0.0178	0.0156	0.0097	0.0081	0.0111	0.0085	0.0058	0.0003	0.0060	0.0152	0.0035	0.0154	0.0070	0.0144	0.0166	0.0174	0.0133	0.0146	0.0117	0.0018	0.0069	0.0139	0.0077	0.0055	0.0025	0.0112	0.0026	0.0235	0.0113	0.0217	0.0205	0.0132	0.0101	0.0087	0.0068	0.0166	0.0205	0.0190	0.0033	
0.0090	0.0183	0.0159	0.0098	0.0080	0.0061	0.0116	0.0183	0.0105	0.0153	0.0005	0.0110	0.0141	0.0163	0.0012	0.0077	0.0038	0.0066	0.0055	0.0060	0.0010	0.0055	0.0067	0.0088	0.0055	0.0163	0.0108	0.0052	0.0196	0.0067	0.0006	0.0196	0.0125	0.0128	0.0022	0.0039	0.0107	0.0026	0.0003	0.0201	0.0113	0.0112	0.0123	0.0041	0.0107	0.0080	0.0052	0.0162	0.0073	0.0204	0.0021	0.0104	0.0141	0.0116	0.0027	0.0041	0.0101	0.0058	0.0031	0.0103	0.0124	0.0059	0.0193	0.0037	0.0131	0.0027	0.0226	0.0013	0.0125	0.0198	0.0156	0.0010	0.0061	0.0062	0.0160	0.0078	0.0143	0.0032	0.0170	0.0177	0.0121	0.0150	0.0195	0.0171	0.0046	0.0098	0.0063	0.0195	0.0107	0.0193	0.0132	0.0064	0.0210	0.0108	0.0070	0.0051	0.0131	0.0079	0.0093	0.0064	
0.0091	0.0039	0.0033	0.0105	0.0034	0.0011	0.0045	0.0062	0.0170	0.0148	0.0106	0.0081	0.0057	0.0059	0.0163	0.0153	0.0069	0.0205	0.0196	0.0037	0.0149	0.0011	0.0118	0.0105	0.0048	0.0099	0.0014	0.0148	0.0211	0.0104	0.0130	0.0073	0.0133	0.0124	0.0087	0.0080	0.0112	0.0074	0.0145	0.0035	0.0063	0.0170	0.0014	0.0150	0.0069	0.0035	0.0181	0.0128	0.0101	0.0075	0.0162	0.0142	0.0080	0.0060	0.0115	0.0083	0.0100	0.0082	0.0041	0.0131	0.0184	0.0089	0.0063	0.0061	0.0006	0.0037	0.0171	0.0125	0.0146	0.0113	0.0064	0.0174	0.0034	0.0175	0.0194	0.0153	0.0208	0.0188	0.0069	0.0012	0.0103	0.0079	0.0070	0.0111	0.0133	0.0160	0.0208	0.0065	0.0027	0.0010	0.0157	0.0035	0.0032	0.0038	0.0046	0.0178	0.0130	0.0146	0.0133	0.0028	
0.0077	0.0067	0.0150	0.0202	0.0010	0.0179	0.0110	0.0109	0.0069	0.0123	0.0078	0.0140	0.0005	0.0036	0.0014	0.0094	0.0016	0.0144	0.0138	0.0021	0.0037	0.0111	0.0108	0.0115	0.0140	0.0032	0.0143	0.0174	0.0128	0.0009	0.0039	0.0063	0.0026	0.0045	0.0136	0.0041	0.0113	0.0066	0.0098	0.0153	0.0074	0.0067	0.0200	0.0096	0.0121	0.0008	0.0025	0.0178	0.0019	0.0118	0.0144	0.0177	0.0220	0.0114	0.0212	0.0183	0.0129	0.0001	0.0028	0.0177	0.0008	0.0121	0.0186	0.0054	0.0066	0.0022	0.0135	0.0151	0.0086	0.0174	0.0176	0.0121	0.0027	0.0199	0.0160	0.0137	0.0111	0.0012	0.0027	0.0139	0.0007	0.0160	0.0191	0.0176	0.0051	0.0044	0.0065	0.0103	0.0066	0.0153	0.0079	0.0124	0.0042	0.0145	0.0168	0.0153	0.0085	0.0128	0.0016	0.0086	
0.0083	0.0067	0.0095	0.0044	0.0129	0.0014	0.0162	0.0009	0.0153	0.0025	0.0065	0.0139	0.0168	0.0091	0.0151	0.0037	0.0132	0.0194	0.0014	0.0029	0.0145	0.0023	0.0099	0.0120	0.0084	0.0075	0.0091	0.0082	0.0040	0.0006	0.0064	0.0195	0.0196	0.0132	0.0062	0.0137	0.0071	0.0125	0.0057	0.0038	0.0085	0.0046	0.0144	0.0032	0.0093	0.0124	0.0151	0.0145	0.0166	0.0109	0.0012	0.0098	0.0115	0.0170	0.0152	0.0059	0.0150	0.0157	0.0138	0.0046	0.0103	0.0069	0.0169	0.0135	0.0139	0.0075	0.0170	0.0041	0.0024	0.0028	0.0151	0.0002	0.0128	0.0181	0.0148	0.0104	0.0081	0.0080	0.0039	0.0152	0.0130	0.0141	0.0122	0.0115	0.0187	0.0155	0.0084	0.0007	0.0202	0.0002	0.0178	0.0119	0.0187	0.0015	0.0135	0.0013	0.0073	0.0196	0.0068	0.0012	
0.0200	0.0109	0.0121	0.0141	0.0142	0.0011	0.0176	0.0124	0.0039	0.0032	0.0166	0.0091	0.0106	0.0196	0.0109	0.0143	0.0144	0.0038	0.0153	0.0169	0.0183	0.0157	0.0054	0.0018	0.0046	0.0043	0.0016	0.0097	0.0050	0.0134	0.0029	0.0100	0.0195	0.0031	0.0161	0.0021	0.0019	0.0157	0.0158	0.0169	0.0203	0.0144	0.0166	0.0150	0.0020	0.0070	0.0003	0.0180	0.0095	0.0159	0.0057	0.0042	0.0021	0.0086	0.0015	0.0032	0.0047	0.0099	0.0080	0.0090	0.0186	0.0062	0.0080	0.0091	0.0001	0.0076	0.0114	0.0078	0.0016	0.0100	0.0136	0.0158	0.0052	0.0206	0.0207	0.0046	0.0184	0.0108	0.0002	0.0167	0.0045	0.0026	0.0021	0.0075	0.0072	0.0166	0.0076	0.0111	0.0019	0.0140	0.0175	0.0112	0.0080	0.0088	0.0195	0.0140	0.0063	0.0061	0.0135	0.0125	
0.0173	0.0118	0.0175	0.0187	0.0016	0.0094	0.0190	0.0043	0.0084	0.0170	0.0052	0.0137	0.0104	0.0125	0.0047	0.0165	0.0039	0.0199	0.0033	0.0014	0.0008	0.0215	0.0064	0.0066	0.0122	0.0031	0.0089	0.0141	0.0194	0.0062	0.0179	0.0123	0.0158	0.0068	0.0003	0.0119	0.0051	0.0026	0.0062	0.0180	0.0187	0.0032	0.0021	0.0052	0.0095	0.0021	0.0012	0.0158	0.0039	0.0026	0.0088	0.0071	0.0028	0.0125	0.0137	0.0171	0.0050	0.0098	0.0059	0.0162	0.0175	0.0030	0.0052	0.0019	0.0169	0.0121	0.0217	0.0039	0.0107	0.0136	0.0104	0.0011	0.0130	0.0046	0.0023	0.0170	0.0181	0.0014	0.0164	0.0106	0.0021	0.0130	0.0123	0.0143	0.0167	0.0103	0.0103	0.0016	0.0149	0.0028	0.0076	0.0159	0.0170	0.0088	0.0003	0.0160	0.0164	0.0214	0.0066	0.0148	
0.0029	0.0188	0.0050	0.0127	0.0133	0.0092	0.0145	0.0209	0.0116	0.0179	0.0224	0.0039	0.0127	0.0171	0.0144	0.0052	0.0103	0.0102	0.0052	0.0069	0.0035	0.0238	0.0112	0.0066	0.0059	0.0167	0.0047	0.0039	0.0051	0.0065	0.0194	0.0212	0.0165	0.0022	0.0086	0.0052	0.0084	0.0006	0.0051	0.0097	0.0195	0.0102	0.0123	0.0191	0.0029	0.0029	0.0036	0.0007	0.0128	0.0156	0.0048	0.0094	0.0183	0.0004	0.0150	0.0056	0.0060	0.0173	0.0053	0.0171	0.0032	0.0113	0.0148	0.0046	0.0156	0.0021	0.0115	0.0104	0.0069	0.0126	0.0169	0.0099	0.0038	0.0165	0.0117	0.0118	0.0090	0.0156	0.0056	0.0025	0.0127	0.0045	0.0147	0.0093	0.0015	0.0088	0.0036	0.0140	0.0121	0.0034	0.0191	0.0144	0.0157	0.0108	0.0075	0.0067	0.0183	0.0057	0.0014	0.0004	
0.0151	0.0151	0.0135	0.0005	0.0194	0.0162	0.0061	0.0206	0.0110	0.0001	0.0180	0.0144	0.0107	0.0040	0.0032	0.0183	0.0186	0.0046	0.0040	0.0068	0.0189	0.0200	0.0004	0.0039	0.0133	0.0054	0.0162	0.0136	0.0111	0.0043	0.0156	0.0033	0.0124	0.0062	0.0099	0.0199	0.0119	0.0116	0.0116	0.0076	0.0045	0.0036	0.0038	0.0101	0.0065	0.0041	0.0021	0.0116	0.0066	0.0075	0.0084	0.0141	0.0012	0.0156	0.0014	0.0180	0.0128	0.0086	0.0067	0.0126	0.0183	0.0127	0.0101	0.0058	0.0052	0.0139	0.0035	0.0045	0.0136	0.0052	0.0080	0.0061	0.0136	0.0197	0.0032	0.0157	0.0149	0.0128	0.0179	0.0098	0.0036	0.0052	0.0094	0.0025	0.0171	0.0012	0.0022	0.0178	0.0056	0.0144	0.0059	0.0034	0.0050	0.0213	0.0109	0.0142	0.0146	0.0187	0.0039	0.0118	
0.0011	0.0202	0.0188	0.0016	0.0234	0.0023	0.0013	0.0055	0.0128	0.0066	0.0036	0.0024	0.0114	0.0210	0.0084	0.0135	0.0032	0.0083	0.0114	0.0046	0.0120	0.0091	0.0223	0.0008	0.0219	0.0054	0.0018	0.0121	0.0088	0.0111	0.0017	0.0199	0.0087	0.0074	0.0098	0.0064	0.0086	0.0072	0.0037	0.0155	0.0238	0.0165	0.0058	0.0214	0.0120	0.0031	0.0150	0.0074	0.0124	0.0188	0.0101	0.0078	0.0087	0.0209	0.0001	0.0174	0.0171	0.0184	0.0020	0.0161	0.0001	0.0100	0.0197	0.0016	0.0041	0.0072	0.0186	0.0041	0.0091	0.0036	0.0051	0.0159	0.0038	0.0184	0.0053	0.0154	0.0024	0.0010	0.0104	0.0187	0.0130	0.0169	0.0015	0.0108	0.0008	0.0141	0.0126	0.0080	0.0081	0.0160	0.0091	0.0151	0.0056	0.0108	0.0177	0.0123	0.0001	0.0036	0.0159	0.0031	
0.0078	0.0102	0.0181	0.0083	0.0124	0.0151	0.0041	0.0114	0.0148	0.0057	0.0131	0.0162	0.0059	0.0059	0.0027	0.0049	0.0077	0.0073	0.0010	0.0089	0.0161	0.0095	0.0180	0.0133	0.0147	0.0124	0.0108	0.0137	0.0029	0.0132	0.0146	0.0212	0.0060	0.0079	0.0095	0.0021	0.0167	0.0129	0.0169	0.0077	0.0109	0.0184	0.0135	0.0007	0.0015	0.0104	0.0066	0.0188	0.0060	0.0092	0.0033	0.0139	0.0022	0.0052	0.0063	0.0203	0.0109	0.0018	0.0122	0.0177	0.0015	0.0094	0.0078	0.0017	0.0100	0.0128	0.0134	0.0183	0.0161	0.0009	0.0076	0.0132	0.0083	0.0148	0.0198	0.0175	0.0175	0.0210	0.0127	0.0043	0.0069	0.0125	0.0094	0.0128	0.0107	0.0012	0.0183	0.0000	0.0021	0.0102	0.0112	0.0167	0.0001	0.0003	0.0066	0.0012	0.0108	0.0121	0.0094	0.0073	
0.0213	0.0085	0.0024	0.0056	0.0010	0.0094	0.0056	0.0084	0.0061	0.0074	0.0032	0.0149	0.0076	0.0091	0.0110	0.0082	0.0008	0.0134	0.0116	0.0089	0.0143	0.0128	0.0164	0.0056	0.0099	0.0111	0.0132	0.0067	0.0080	0.0185	0.0062	0.0065	0.0074	0.0062	0.0044	0.0191	0.0101	0.0030	0.0118	0.0014	0.0175	0.0077	0.0143	0.0146	0.0059	0.0137	0.0077	0.0105	0.0084	0.0163	0.0003	0.0184	0.0206	0.0003	0.0137	0.0085	0.0110	0.0159	0.0128	0.0093	0.0136	0.0188	0.0011	0.0072	0.0007	0.0168	0.0094	0.0018	0.0042	0.0144	0.0179	0.0158	0.0193	0.0116	0.0147	0.0068	0.0184	0.0019	0.0008	0.0157	0.0039	0.0034	0.0206	0.0100	0.0178	0.0068	0.0080	0.0069	0.0162	0.0159	0.0061	0.0151	0.0091	0.0044	0.0082	0.0189	0.0070	0.0055	0.0128	0.0077	
0.0070	0.0061	0.0060	0.0142	0.0174	0.0028	0.0189	0.0075	0.0062	0.0045	0.0095	0.0098	0.0132	0.0182	0.0046	0.0090	0.0166	0.0103	0.0102	0.0122	0.0090	0.0019	0.0075	0.0059	0.0072	0.0045	0.0079	0.0131	0.0032	0.0166	0.0000	0.0133	0.0081	0.0123	0.0087	0.0178	0.0172	0.0046	0.0118	0.0138	0.0085	0.0175	0.0002	0.0094	0.0054	0.0140	0.0000	0.0096	0.0192	0.0156	0.0173	0.0160	0.0149	0.0002	0.0206	0.0047	0.0163	0.0177	0.0052	0.0122	0.0134	0.0042	0.0049	0.0083	0.0036	0.0160	0.0027	0.0020	0.0079	0.0073	0.0125	0.0120	0.0162	0.0176	0.0060	0.0095	0.0015	0.0189	0.0020	0.0116	0.0047	0.0175	0.0171	0.0058	0.0172	0.0025	0.0189	0.0077	0.0155	0.0045	0.0189	0.0186	0.0182	0.0011	0.0010	0.0039	0.0135	0.0101	0.0046	0.0072	
0.0143	0.0182	0.0013	0.0113	0.0028	0.0056	0.0003	0.0176	0.0141	0.0080	0.0029	0.0189	0.0152	0.0137	0.0067	0.0134	0.0070	0.0187	0.0118	0.0014	0.0176	0.0158	0.0083	0.0032	0.0072	0.0137	0.0133	0.0137	0.0153	0.0021	0.0162	0.0120	0.0135	0.0143	0.0181	0.0071	0.0174	0.0047	0.0031	0.0116	0.0027	0.0190	0.0133	0.0056	0.0016	0.0178	0.0024	0.0049	0.0141	0.0053	0.0154	0.0151	0.0187	0.0036	0.0097	0.0182	0.0086	0.0166	0.0029	0.0073	0.0102	0.0047	0.0034	0.0106	0.0094	0.0110	0.0075	0.0019	0.0133	0.0003	0.0171	0.0021	0.0151	0.0231	0.0197	0.0176	0.0016	0.0030	0.0022	0.0082	0.0126	0.0090	0.0020	0.0084	0.0059	0.0008	0.0133	0.0101	0.0060	0.0013	0.0182	0.0194	0.0018	0.0160	0.0019	0.0192	0.0150	0.0010	0.0130	0.0090	
0.0144	0.0006	0.0108	0.0154	0.0084	0.0147	0.0006	0.0191	0.0047	0.0097	0.0176	0.0065	0.0157	0.0156	0.0131	0.0010	0.0025	0.0152	0.0067	0.0105	0.0163	0.0214	0.0173	0.0095	0.0027	0.0179	0.0005	0.0179	0.0208	0.0013	0.0031	0.0008	0.0093	0.0130	0.0167	0.0129	0.0184	0.0079	0.0023	0.0126	0.0004	0.0132	0.0058	0.0169	0.0050	0.0109	0.0049	0.0071	0.0011	0.0007	0.0148	0.0025	0.0172	0.0040	0.0140	0.0177	0.0034	0.0190	0.0095	0.0097	0.0128	0.0018	0.0206	0.0029	0.0054	0.0153	0.0196	0.0023	0.0168	0.0030	0.0026	0.0130	0.0120	0.0163	0.0116	0.0028	0.0135	0.0005	0.0071	0.0120	0.0134	0.0135	0.0208	0.0166	0.0064	0.0006	0.0073	0.0045	0.0014	0.0000	0.0081	0.0006	0.0184	0.0147	0.0230	0.0199	0.0162	0.0018	0.0099	0.0079	
0.0129	0.0026	0.0072	0.0188	0.0181	0.0010	0.0103	0.0190	0.0123	0.0082	0.0032	0.0033	0.0094	0.0185	0.0133	0.0173	0.0031	0.0025	0.0163	0.0048	0.0080	0.0147	0.0012	0.0145	0.0130	0.0020	0.0141	0.0155	0.0162	0.0110	0.0068	0.0111	0.0104	0.0191	0.0178	0.0105	0.0055	0.0173	0.0163	0.0047	0.0101	0.0052	0.0108	0.0121	0.0152	0.0040	0.0096	0.0166	0.0174	0.0175	0.0137	0.0119	0.0047	0.0045	0.0210	0.0186	0.0013	0.0086	0.0030	0.0152	0.0040	0.0124	0.0039	0.0018	0.0007	0.0119	0.0143	0.0107	0.0002	0.0049	0.0122	0.0033	0.0030	0.0127	0.0156	0.0029	0.0030	0.0096	0.0022	0.0094	0.0111	0.0168	0.0000	0.0152	0.0153	0.0127	0.0063	0.0054	0.0212	0.0186	0.0086	0.0170	0.0157	0.0034	0.0006	0.0169	0.0019	0.0088	0.0105	0.0029	
0.0127	0.0200	0.0182	0.0139	0.0047	0.0126	0.0104	0.0118	0.0090	0.0168	0.0151	0.0132	0.0059	0.0138	0.0040	0.0059	0.0124	0.0071	0.0060	0.0059	0.0064	0.0087	0.0121	0.0002	0.0145	0.0160	0.0071	0.0181	0.0125	0.0198	0.0012	0.0163	0.0174	0.0204	0.0185	0.0132	0.0205	0.0065	0.0110	0.0049	0.0051	0.0134	0.0169	0.0031	0.0037	0.0150	0.0109	0.0028	0.0201	0.0141	0.0040	0.0153	0.0026	0.0057	0.0190	0.0034	0.0070	0.0186	0.0155	0.0072	0.0035	0.0105	0.0003	0.0090	0.0127	0.0014	0.0196	0.0067	0.0140	0.0123	0.0067	0.0054	0.0148	0.0013	0.0020	0.0119	0.0121	0.0103	0.0151	0.0002	0.0064	0.0047	0.0008	0.0163	0.0153	0.0056	0.0126	0.0119	0.0033	0.0156	0.0054	0.0014	0.0104	0.0057	0.0016	0.0162	0.0127	0.0066	0.0075	0.0023	
0.0209	0.0046	0.0093	0.0075	0.0072	0.0232	0.0012	0.0015	0.0038	0.0039	0.0124	0.0186	0.0019	0.0191	0.0010	0.0196	0.0101	0.0029	0.0152	0.0087	0.0090	0.0069	0.0040	0.0182	0.0065	0.0057	0.0158	0.0081	0.0207	0.0074	0.0204	0.0061	0.0009	0.0159	0.0012	0.0020	0.0167	0.0137	0.0096	0.0168	0.0049	0.0112	0.0078	0.0197	0.0044	0.0063	0.0229	0.0133	0.0047	0.0031	0.0054	0.0122	0.0121	0.0183	0.0153	0.0137	0.0005	0.0101	0.0007	0.0013	0.0022	0.0120	0.0019	0.0156	0.0042	0.0061	0.0226	0.0085	0.0164	0.0223	0.0024	0.0149	0.0137	0.0218	0.0047	0.0190	0.0208	0.0057	0.0141	0.0002	0.0066	0.0031	0.0047	0.0152	0.0022	0.0082	0.0168	0.0022	0.0007	0.0087	0.0018	0.0070	0.0150	0.0103	0.0153	0.0138	0.0082	0.0129	0.0145	0.0176	
0.0094	0.0118	0.0166	0.0058	0.0005	0.0100	0.0188	0.0111	0.0136	0.0150	0.0136	0.0158	0.0148	0.0005	0.0144	0.0172	0.0076	0.0050	0.0138	0.0150	0.0097	0.0171	0.0072	0.0065	0.0156	0.0145	0.0030	0.0027	0.0048	0.0121	0.0087	0.0088	0.0099	0.0175	0.0111	0.0145	0.0059	0.0173	0.0143	0.0126	0.0098	0.0029	0.0075	0.0053	0.0130	0.0051	0.0112	0.0114	0.0135	0.0147	0.0041	0.0040	0.0179	0.0183	0.0074	0.0129	0.0043	0.0097	0.0070	0.0046	0.0055	0.0161	0.0070	0.0021	0.0051	0.0061	0.0072	0.0180	0.0087	0.0017	0.0123	0.0082	0.0086	0.0016	0.0073	0.0072	0.0085	0.0021	0.0125	0.0117	0.0042	0.0107	0.0097	0.0086	0.0075	0.0046	0.0122	0.0110	0.0116	0.0180	0.0092	0.0169	0.0114	0.0119	0.0076	0.0140	0.0146	0.0051	0.0178	0.0065	
0.0188	0.0127	0.0027	0.0117	0.0018	0.0151	0.0137	0.0143	0.0108	0.0186	0.0042	0.0025	0.0138	0.0154	0.0005	0.0123	0.0054	0.0175	0.0136	0.0011	0.0121	0.0178	0.0073	0.0073	0.0114	0.0157	0.0158	0.0140	0.0154	0.0133	0.0106	0.0037	0.0025	0.0070	0.0122	0.0103	0.0077	0.0152	0.0067	0.0116	0.0097	0.0132	0.0192	0.0110	0.0132	0.0055	0.0014	0.0137	0.0104	0.0114	0.0058	0.0162	0.0107	0.0170	0.0136	0.0031	0.0044	0.0119	0.0156	0.0047	0.0149	0.0179	0.0005	0.0138	0.0058	0.0007	0.0005	0.0072	0.0023	0.0094	0.0054	0.0071	0.0092	0.0023	0.0121	0.0154	0.0168	0.0173	0.0134	0.0056	0.0142	0.0028	0.0064	0.0018	0.0068	0.0108	0.0148	0.0038	0.0163	0.0092	0.0049	0.0167	0.0173	0.0025	0.0169	0.0106	0.0150	0.0011	0.0039	0.0108	
0.0071	0.0155	0.0135	0.0014	0.0070	0.0212	0.0093	0.0083	0.0071	0.0163	0.0065	0.0098	0.0178	0.0152	0.0096	0.0139	0.0131	0.0205	0.0111	0.0142	0.0073	0.0194	0.0143	0.0118	0.0043	0.0106	0.0103	0.0076	0.0078	0.0008	0.0019	0.0185	0.0132	0.0033	0.0002	0.0020	0.0115	0.0050	0.0153	0.0099	0.0056	0.0058	0.0201	0.0215	0.0040	0.0171	0.0218	0.0057	0.0145	0.0019	0.0198	0.0190	0.0127	0.0115	0.0075	0.0106	0.0004	0.0212	0.0168	0.0166	0.0082	0.0008	0.0011	0.0054	0.0125	0.0106	0.0208	0.0140	0.0133	0.0089	0.0033	0.0071	0.0030	0.0014	0.0106	0.0016	0.0210	0.0167	0.0091	0.0087	0.0119	0.0050	0.0166	0.0049	0.0020	0.0043	0.0059	0.0012	0.0211	0.0120	0.0016	0.0130	0.0090	0.0003	0.0016	0.0048	0.0050	0.0136	0.0070	0.0136	
0.0197	0.0064	0.0114	0.0052	0.0176	0.0124	0.0144	0.0088	0.0016	0.0044	0.0102	0.0064	0.0093	0.0086	0.0045	0.0028	0.0058	0.0153	0.0035	0.0078	0.0045	0.0167	0.0150	0.0019	0.0056	0.0108	0.0171	0.0020	0.0200	0.0047	0.0161	0.0063	0.0064	0.0154	0.0083	0.0038	0.0122	0.0079	0.0056	0.0089	0.0093	0.0146	0.0187	0.0120	0.0176	0.0128	0.0010	0.0181	0.0150	0.0172	0.0163	0.0083	0.0082	0.0176	0.0090	0.0025	0.0095	0.0092	0.0164	0.0061	0.0123	0.0123	0.0091	0.0143	0.0064	0.0043	0.0005	0.0137	0.0172	0.0010	0.0097	0.0153	0.0091	0.0149	0.0199	0.0084	0.0165	0.0037	0.0028	0.0110	0.0104	0.0182	0.0071	0.0014	0.0068	0.0069	0.0180	0.0083	0.0076	0.0063	0.0133	0.0024	0.0093	0.0183	0.0165	0.0168	0.0054	0.0025	0.0043	0.0131	
0.0153	0.0066	0.0001	0.0148	0.0080	0.0003	0.0183	0.0139	0.0185	0.0210	0.0056	0.0062	0.0063	0.0074	0.0133	0.0115	0.0046	0.0085	0.0096	0.0186	0.0062	0.0144	0.0075	0.0083	0.0073	0.0080	0.0072	0.0081	0.0198	0.0034	0.0033	0.0158	0.0205	0.0089	0.0168	0.0045	0.0201	0.0117	0.0135	0.0064	0.0099	0.0033	0.0107	0.0079	0.0009	0.0061	0.0147	0.0022	0.0041	0.0032	0.0102	0.0162	0.0141	0.0055	0.0089	0.0020	0.0164	0.0074	0.0054	0.0206	0.0123	0.0106	0.0167	0.0123	0.0133	0.0103	0.0084	0.0175	0.0077	0.0111	0.0128	0.0110	0.0129	0.0033	0.0124	0.0027	0.0023	0.0209	0.0105	0.0008	0.0120	0.0054	0.0064	0.0129	0.0121	0.0047	0.0016	0.0132	0.0011	0.0153	0.0054	0.0129	0.0062	0.0147	0.0162	0.0197	0.0068	0.0148	0.0108	0.0081	
0.0205	0.0172	0.0114	0.0126	0.0094	0.0185	0.0037	0.0089	0.0139	0.0047	0.0182	0.0171	0.0139	0.0056	0.0055	0.0057	0.0034	0.0033	0.0028	0.0095	0.0090	0.0161	0.0164	0.0086	0.0053	0.0022	0.0053	0.0154	0.0099	0.0128	0.0157	0.0078	0.0084	0.0022	0.0019	0.0152	0.0128	0.0114	0.0043	0.0126	0.0018	0.0101	0.0198	0.0163	0.0146	0.0062	0.0147	0.0007	0.0087	0.0065	0.0132	0.0029	0.0122	0.0016	0.0218	0.0045	0.0172	0.0189	0.0053	0.0069	0.0122	0.0057	0.0008	0.0012	0.0066	0.0106	0.0106	0.0124	0.0030	0.0106	0.0129	0.0094	0.0172	0.0100	0.0094	0.0160	0.0149	0.0010	0.0149	0.0173	0.0058	0.0048	0.0107	0.0016	0.0172	0.0109	0.0170	0.0062	0.0034	0.0163	0.0140	0.0133	0.0060	0.0163	0.0009	0.0169	0.0109	0.0168	0.0073	0.0037	
0.0171	0.0027	0.0163	0.0178	0.0132	0.0041	0.0047	0.0024	0.0120	0.0008	0.0091	0.0178	0.0030	0.0076	0.0003	0.0065	0.0138	0.0194	0.0036	0.0135	0.0139	0.0044	0.0103	0.0045	0.0145	0.0016	0.0036	0.0004	0.0085	0.0124	0.0073	0.0180	0.0131	0.0123	0.0026	0.0036	0.0075	0.0118	0.0078	0.0134	0.0089	0.0115	0.0144	0.0020	0.0077	0.0150	0.0090	0.0176	0.0172	0.0127	0.0011	0.0110	0.0158	0.0126	0.0087	0.0124	0.0103	0.0110	0.0007	0.0105	0.0181	0.0044	0.0140	0.0002	0.0108	0.0119	0.0066	0.0099	0.0046	0.0171	0.0186	0.0017	0.0100	0.0110	0.0067	0.0029	0.0104	0.0098	0.0150	0.0193	0.0118	0.0049	0.0030	0.0134	0.0114	0.0146	0.0023	0.0200	0.0052	0.0103	0.0114	0.0172	0.0125	0.0195	0.0153	0.0043	0.0172	0.0143	0.0081	0.0130	
0.0117	0.0196	0.0133	0.0010	0.0142	0.0214	0.0015	0.0044	0.0069	0.0049	0.0020	0.0036	0.0129	0.0011	0.0170	0.0134	0.0013	0.0196	0.0088	0.0164	0.0099	0.0075	0.0059	0.0111	0.0051	0.0030	0.0091	0.0100	0.0189	0.0025	0.0040	0.0185	0.0214	0.0024	0.0092	0.0135	0.0124	0.0017	0.0018	0.0118	0.0168	0.0161	0.0136	0.0002	0.0082	0.0073	0.0033	0.0111	0.0212	0.0192	0.0027	0.0007	0.0052	0.0129	0.0058	0.0041	0.0125	0.0199	0.0137	0.0108	0.0096	0.0106	0.0085	0.0037	0.0004	0.0051	0.0048	0.0115	0.0102	0.0061	0.0029	0.0179	0.0166	0.0188	0.0026	0.0121	0.0142	0.0062	0.0058	0.0171	0.0199	0.0184	0.0129	0.0157	0.0195	0.0030	0.0140	0.0074	0.0214	0.0057	0.0195	0.0134	0.0063	0.0112	0.0028	0.0051	0.0094	0.0088	0.0183	0.0027	
0.0038	0.0122	0.0196	0.0151	0.0170	0.0037	0.0041	0.0077	0.0095	0.0125	0.0099	0.0076	0.0130	0.0185	0.0100	0.0102	0.0173	0.0124	0.0047	0.0160	0.0119	0.0188	0.0143	0.0046	0.0058	0.0101	0.0120	0.0048	0.0153	0.0184	0.0035	0.0055	0.0064	0.0036	0.0142	0.0084	0.0189	0.0168	0.0004	0.0162	0.0214	0.0037	0.0184	0.0051	0.0150	0.0112	0.0190	0.0081	0.0008	0.0112	0.0063	0.0170	0.0043	0.0026	0.0108	0.0066	0.0162	0.0149	0.0066	0.0052	0.0097	0.0195	0.0139	0.0104	0.0072	0.0053	0.0019	0.0095	0.0036	0.0030	0.0120	0.0000	0.0117	0.0099	0.0189	0.0086	0.0203	0.0108	0.0090	0.0144	0.0118	0.0046	0.0048	0.0029	0.0114	0.0061	0.0012	0.0036	0.0164	0.0078	0.0106	0.0044	0.0113	0.0166	0.0069	0.0007	0.0097	0.0059	0.0154	0.0091	
0.0112	0.0106	0.0047	0.0201	0.0206	0.0074	0.0058	0.0164	0.0047	0.0217	0.0072	0.0085	0.0042	0.0135	0.0122	0.0049	0.0131	0.0114	0.0010	0.0022	0.0038	0.0226	0.0162	0.0122	0.0124	0.0085	0.0087	0.0147	0.0028	0.0181	0.0186	0.0166	0.0142	0.0001	0.0046	0.0017	0.0206	0.0062	0.0046	0.0048	0.0006	0.0051	0.0211	0.0146	0.0008	0.0014	0.0001	0.0177	0.0017	0.0007	0.0063	0.0004	0.0053	0.0146	0.0070	0.0132	0.0129	0.0093	0.0048	0.0103	0.0169	0.0104	0.0136	0.0064	0.0011	0.0125	0.0189	0.0041	0.0076	0.0130	0.0052	0.0069	0.0055	0.0183	0.0019	0.0171	0.0216	0.0017	0.0135	0.0115	0.0087	0.0115	0.0166	0.0017	0.0113	0.0170	0.0113	0.0192	0.0177	0.0128	0.0074	0.0128	0.0013	0.0170	0.0088	0.0119	0.0125	0.0125	0.0123	0.0069	
0.0057	0.0172	0.0104	0.0102	0.0162	0.0230	0.0159	0.0089	0.0132	0.0083	0.0130	0.0134	0.0145	0.0164	0.0012	0.0065	0.0159	0.0123	0.0171	0.0028	0.0033	0.0216	0.0103	0.0151	0.0050	0.0152	0.0065	0.0098	0.0102	0.0113	0.0059	0.0098	0.0097	0.0085	0.0064	0.0131	0.0017	0.0051	0.0063	0.0124	0.0037	0.0015	0.0061	0.0074	0.0004	0.0140	0.0204	0.0072	0.0152	0.0014	0.0163	0.0019	0.0166	0.0103	0.0053	0.0073	0.0065	0.0149	0.0046	0.0011	0.0127	0.0048	0.0207	0.0017	0.0018	0.0035	0.0055	0.0067	0.0083	0.0101	0.0045	0.0099	0.0051	0.0052	0.0217	0.0019	0.0141	0.0034	0.0153	0.0116	0.0182	0.0209	0.0181	0.0074	0.0157	0.0038	0.0170	0.0205	0.0034	0.0212	0.0069	0.0087	0.0004	0.0060	0.0223	0.0208	0.0023	0.0042	0.0051	0.0169	
0.0113	0.0121	0.0180	0.0055	0.0176	0.0062	0.0177	0.0090	0.0112	0.0030	0.0133	0.0035	0.0174	0.0144	0.0043	0.0113	0.0080	0.0118	0.0067	0.0170	0.0085	0.0067	0.0033	0.0068	0.0025	0.0158	0.0093	0.0170	0.0056	0.0006	0.0198	0.0099	0.0186	0.0196	0.0013	0.0051	0.0008	0.0101	0.0096	0.0089	0.0075	0.0046	0.0079	0.0206	0.0047	0.0024	0.0094	0.0065	0.0008	0.0069	0.0099	0.0106	0.0181	0.0077	0.0091	0.0036	0.0078	0.0098	0.0022	0.0001	0.0158	0.0196	0.0046	0.0088	0.0029	0.0048	0.0066	0.0192	0.0114	0.0203	0.0114	0.0161	0.0007	0.0211	0.0128	0.0040	0.0192	0.0036	0.0038	0.0002	0.0074	0.0031	0.0198	0.0166	0.0105	0.0079	0.0131	0.0109	0.0132	0.0178	0.0170	0.0115	0.0084	0.0103	0.0148	0.0097	0.0002	0.0176	0.0153	0.0187	
0.0205	0.0109	0.0139	0.0010	0.0175	0.0142	0.0105	0.0193	0.0171	0.0037	0.0052	0.0050	0.0057	0.0025	0.0116	0.0109	0.0182	0.0073	0.0208	0.0150	0.0119	0.0192	0.0090	0.0100	0.0032	0.0010	0.0087	0.0091	0.0050	0.0032	0.0044	0.0008	0.0077	0.0043	0.0036	0.0193	0.0097	0.0163	0.0029	0.0177	0.0229	0.0119	0.0166	0.0082	0.0124	0.0116	0.0053	0.0064	0.0198	0.0008	0.0091	0.0132	0.0207	0.0019	0.0091	0.0014	0.0010	0.0210	0.0153	0.0160	0.0041	0.0002	0.0156	0.0110	0.0167	0.0043	0.0202	0.0016	0.0166	0.0161	0.0037	0.0016	0.0039	0.0034	0.0198	0.0184	0.0006	0.0013	0.0015	0.0118	0.0161	0.0028	0.0143	0.0032	0.0147	0.0097	0.0036	0.0052	0.0221	0.0024	0.0166	0.0106	0.0001	0.0092	0.0161	0.0210	0.0194	0.0021	0.0081	0.0077	
0.0151	0.0039	0.0077	0.0026	0.0183	0.0085	0.0102	0.0154	0.0053	0.0076	0.0007	0.0202	0.0195	0.0065	0.0174	0.0013	0.0082	0.0125	0.0192	0.0084	0.0013	0.0150	0.0048	0.0145	0.0180	0.0144	0.0015	0.0139	0.0107	0.0190	0.0021	0.0204	0.0137	0.0141	0.0191	0.0124	0.0153	0.0094	0.0058	0.0062	0.0009	0.0075	0.0214	0.0099	0.0018	0.0164	0.0114	0.0145	0.0110	0.0123	0.0101	0.0060	0.0033	0.0196	0.0082	0.0004	0.0176	0.0115	0.0031	0.0023	0.0056	0.0160	0.0053	0.0062	0.0048	0.0021	0.0081	0.0053	0.0074	0.0071	0.0059	0.0168	0.0062	0.0148	0.0086	0.0130	0.0141	0.0181	0.0135	0.0027	0.0042	0.0073	0.0043	0.0165	0.0083	0.0157	0.0175	0.0135	0.0072	0.0193	0.0138	0.0049	0.0070	0.0042	0.0002	0.0060	0.0029	0.0139	0.0043	0.0182	
0.0104	0.0055	0.0063	0.0045	0.0058	0.0127	0.0003	0.0091	0.0129	0.0144	0.0070	0.0039	0.0154	0.0007	0.0169	0.0175	0.0109	0.0071	0.0182	0.0088	0.0062	0.0154	0.0181	0.0082	0.0123	0.0016	0.0111	0.0015	0.0149	0.0022	0.0103	0.0001	0.0105	0.0157	0.0127	0.0182	0.0009	0.0177	0.0116	0.0151	0.0167	0.0053	0.0009	0.0125	0.0102	0.0088	0.0087	0.0059	0.0059	0.0016	0.0133	0.0148	0.0150	0.0160	0.0148	0.0150	0.0060	0.0167	0.0100	0.0041	0.0006	0.0195	0.0160	0.0087	0.0032	0.0066	0.0138	0.0010	0.0064	0.0206	0.0163	0.0108	0.0155	0.0031	0.0148	0.0006	0.0135	0.0069	0.0183	0.0040	0.0134	0.0054	0.0164	0.0102	0.0074	0.0132	0.0066	0.0138	0.0024	0.0189	0.0117	0.0047	0.0081	0.0074	0.0169	0.0179	0.0095	0.0100	0.0080	0.0032	
0.0173	0.0073	0.0183	0.0059	0.0040	0.0033	0.0009	0.0109	0.0026	0.0131	0.0017	0.0194	0.0165	0.0068	0.0103	0.0138	0.0026	0.0058	0.0022	0.0082	0.0012	0.0200	0.0189	0.0074	0.0071	0.0125	0.0026	0.0061	0.0079	0.0163	0.0118	0.0025	0.0186	0.0170	0.0084	0.0063	0.0073	0.0096	0.0062	0.0046	0.0146	0.0145	0.0122	0.0095	0.0156	0.0114	0.0072	0.0020	0.0181	0.0004	0.0142	0.0032	0.0092	0.0201	0.0023	0.0166	0.0079	0.0098	0.0163	0.0102	0.0001	0.0144	0.0037	0.0060	0.0007	0.0186	0.0021	0.0010	0.0173	0.0048	0.0075	0.0115	0.0190	0.0206	0.0162	0.0063	0.0069	0.0106	0.0117	0.0153	0.0064	0.0007	0.0098	0.0066	0.0013	0.0081	0.0137	0.0199	0.0160	0.0123	0.0191	0.0169	0.0126	0.0170	0.0049	0.0215	0.0100	0.0057	0.0080	0.0162	
0.0135	0.0070	0.0044	0.0147	0.0142	0.0023	0.0054	0.0111	0.0048	0.0171	0.0097	0.0201	0.0177	0.0025	0.0043	0.0172	0.0047	0.0179	0.0059	0.0124	0.0057	0.0043	0.0075	0.0040	0.0064	0.0104	0.0002	0.0017	0.0150	0.0189	0.0171	0.0017	0.0009	0.0169	0.0052	0.0000	0.0186	0.0161	0.0138	0.0199	0.0046	0.0024	0.0152	0.0205	0.0025	0.0197	0.0198	0.0104	0.0140	0.0056	0.0151	0.0150	0.0230	0.0190	0.0143	0.0076	0.0187	0.0206	0.0055	0.0017	0.0020	0.0038	0.0198	0.0076	0.0169	0.0085	0.0213	0.0020	0.0167	0.0047	0.0031	0.0078	0.0016	0.0086	0.0104	0.0033	0.0110	0.0096	0.0026	0.0077	0.0118	0.0104	0.0110	0.0073	0.0014	0.0012	0.0017	0.0050	0.0056	0.0192	0.0009	0.0191	0.0114	0.0141	0.0209	0.0007	0.0042	0.0060	0.0188	0.0140	
0.0015	0.0199	0.0131	0.0092	0.0028	0.0073	0.0138	0.0144	0.0076	0.0077	0.0180	0.0110	0.0184	0.0189	0.0094	0.0101	0.0132	0.0120	0.0074	0.0180	0.0057	0.0162	0.0185	0.0145	0.0034	0.0053	0.0159	0.0079	0.0098	0.0087	0.0195	0.0049	0.0101	0.0084	0.0068	0.0143	0.0164	0.0016	0.0045	0.0153	0.0094	0.0070	0.0192	0.0169	0.0015	0.0101	0.0006	0.0125	0.0029	0.0056	0.0070	0.0129	0.0222	0.0007	0.0092	0.0087	0.0002	0.0150	0.0039	0.0178	0.0092	0.0058	0.0047	0.0169	0.0071	0.0127	0.0018	0.0081	0.0114	0.0187	0.0150	0.0107	0.0067	0.0153	0.0112	0.0166	0.0184	0.0011	0.0148	0.0141	0.0053	0.0044	0.0059	0.0033	0.0013	0.0065	0.0062	0.0089	0.0009	0.0196	0.0134	0.0035	0.0190	0.0097	0.0053	0.0034	0.0037	0.0190	0.0085	0.0075	
0.0095	0.0130	0.0002	0.0064	0.0118	0.0174	0.0071	0.0058	0.0103	0.0094	0.0110	0.0200	0.0175	0.0113	0.0111	0.0052	0.0195	0.0009	0.0188	0.0011	0.0065	0.0146	0.0079	0.0121	0.0040	0.0111	0.0137	0.0169	0.0092	0.0075	0.0150	0.0224	0.0134	0.0093	0.0052	0.0142	0.0047	0.0190	0.0114	0.0062	0.0003	0.0000	0.0194	0.0123	0.0071	0.0132	0.0060	0.0064	0.0182	0.0193	0.0033	0.0031	0.0221	0.0078	0.0021	0.0163	0.0048	0.0068	0.0014	0.0201	0.0006	0.0094	0.0184	0.0031	0.0122	0.0123	0.0087	0.0090	0.0058	0.0200	0.0010	0.0004	0.0085	0.0146	0.0010	0.0066	0.0159	0.0192	0.0064	0.0108	0.0058	0.0081	0.0006	0.0094	0.0040	0.0119	0.0000	0.0052	0.0078	0.0098	0.0085	0.0190	0.0195	0.0147	0.0062	0.0129	0.0026	0.0167	0.0174	0.0143	
0.0076	0.0189	0.0008	0.0210	0.0203	0.0032	0.0151	0.0071	0.0071	0.0165	0.0004	0.0095	0.0198	0.0119	0.0129	0.0115	0.0079	0.0083	0.0205	0.0022	0.0113	0.0032	0.0021	0.0122	0.0106	0.0030	0.0024	0.0142	0.0081	0.0105	0.0043	0.0005	0.0199	0.0127	0.0042	0.0089	0.0077	0.0019	0.0116	0.0009	0.0205	0.0121	0.0200	0.0126	0.0093	0.0184	0.0189	0.0072	0.0208	0.0132	0.0030	0.0151	0.0173	0.0173	0.0038	0.0043	0.0142	0.0051	0.0072	0.0164	0.0004	0.0224	0.0002	0.0151	0.0098	0.0000	0.0131	0.0079	0.0063	0.0062	0.0053	0.0060	0.0164	0.0219	0.0058	0.0180	0.0053	0.0118	0.0065	0.0124	0.0045	0.0159	0.0186	0.0137	0.0069	0.0083	0.0065	0.0019	0.0108	0.0002	0.0132	0.0027	0.0144	0.0177	0.0005	0.0197	0.0138	0.0008	0.0010	0.0086	
0.0070	0.0111	0.0001	0.0136	0.0076	0.0192	0.0195	0.0173	0.0107	0.0045	0.0199	0.0048	0.0188	0.0176	0.0097	0.0051	0.0033	0.0066	0.0103	0.0018	0.0135	0.0114	0.0191	0.0060	0.0126	0.0031	0.0117	0.0171	0.0200	0.0073	0.0059	0.0043	0.0100	0.0192	0.0056	0.0132	0.0148	0.0029	0.0061	0.0097	0.0094	0.0086	0.0119	0.0043	0.0012	0.0075	0.0048	0.0180	0.0066	0.0164	0.0138	0.0067	0.0115	0.0180	0.0164	0.0170	0.0109	0.0138	0.0002	0.0040	0.0041	0.0007	0.0181	0.0030	0.0175	0.0143	0.0176	0.0004	0.0098	0.0192	0.0092	0.0003	0.0207	0.0008	0.0134	0.0050	0.0200	0.0178	0.0050	0.0051	0.0196	0.0143	0.0131	0.0026	0.0130	0.0182	0.0159	0.0104	0.0033	0.0093	0.0017	0.0020	0.0029	0.0024	0.0061	0.0088	0.0111	0.0085	0.0056	0.0056	
0.0131	0.0041	0.0075	0.0095	0.0058	0.0150	0.0069	0.0094	0.0069	0.0104	0.0181	0.0162	0.0078	0.0161	0.0052	0.0095	0.0081	0.0152	0.0099	0.0183	0.0012	0.0061	0.0172	0.0015	0.0150	0.0080	0.0170	0.0156	0.0168	0.0038	0.0134	0.0116	0.0092	0.0203	0.0124	0.0145	0.0066	0.0026	0.0165	0.0185	0.0129	0.0043	0.0037	0.0133	0.0105	0.0043	0.0143	0.0075	0.0171	0.0156	0.0002	0.0165	0.0186	0.0072	0.0054	0.0071	0.0060	0.0058	0.0127	0.0174	0.0161	0.0097	0.0139	0.0026	0.0153	0.0064	0.0088	0.0085	0.0021	0.0113	0.0034	0.0053	0.0177	0.0115	0.0074	0.0163	0.0019	0.0047	0.0108	0.0107	0.0144	0.0101	0.0011	0.0183	0.0035	0.0148	0.0151	0.0016	0.0168	0.0061	0.0083	0.0007	0.0087	0.0190	0.0031	0.0028	0.0105	0.0007	0.0155	0.0033	
0.0166	0.0055	0.0054	0.0059	0.0132	0.0166	0.0198	0.0075	0.0003	0.0088	0.0054	0.0018	0.0158	0.0034	0.0031	0.0060	0.0082	0.0158	0.0195	0.0002	0.0121	0.0084	0.0146	0.0135	0.0029	0.0029	0.0159	0.0167	0.0087	0.0040	0.0063	0.0013	0.0089	0.0085	0.0162	0.0093	0.0047	0.0150	0.0074	0.0093	0.0178	0.0062	0.0016	0.0065	0.0011	0.0059	0.0064	0.0055	0.0161	0.0178	0.0140	0.0162	0.0016	0.0155	0.0116	0.0101	0.0097	0.0091	0.0024	0.0089	0.0166	0.0016	0.0198	0.0139	0.0016	0.0036	0.0161	0.0069	0.0076	0.0162	0.0013	0.0116	0.0067	0.0108	0.0037	0.0062	0.0060	0.0098	0.0136	0.0174	0.0175	0.0117	0.0022	0.0103	0.0102	0.0095	0.0232	0.0121	0.0210	0.0058	0.0194	0.0184	0.0141	0.0221	0.0136	0.0155	0.0079	0.0061	0.0045	0.0149	
0.0139	0.0213	0.0180	0.0018	0.0169	0.0014	0.0105	0.0118	0.0134	0.0039	0.0041	0.0034	0.0141	0.0066	0.0119	0.0059	0.0199	0.0078	0.0066	0.0112	0.0038	0.0029	0.0095	0.0025	0.0160	0.0051	0.0001	0.0073	0.0206	0.0088	0.0188	0.0003	0.0032	0.0199	0.0046	0.0184	0.0147	0.0002	0.0148	0.0089	0.0006	0.0088	0.0207	0.0147	0.0014	0.0145	0.0029	0.0070	0.0069	0.0058	0.0159	0.0014	0.0218	0.0137	0.0156	0.0105	0.0100	0.0150	0.0050	0.0104	0.0011	0.0023	0.0131	0.0043	0.0051	0.0038	0.0005	0.0156	0.0016	0.0167	0.0121	0.0186	0.0121	0.0210	0.0121	0.0147	0.0042	0.0181	0.0016	0.0018	0.0026	0.0137	0.0012	0.0127	0.0136	0.0164	0.0016	0.0108	0.0060	0.0157	0.0075	0.0216	0.0161	0.0065	0.0086	0.0204	0.0165	0.0158	0.0084	0.0167	
0.0161	0.0082	0.0050	0.0124	0.0147	0.0172	0.0106	0.0010	0.0022	0.0187	0.0058	0.0152	0.0127	0.0036	0.0069	0.0066	0.0010	0.0196	0.0120	0.0082	0.0020	0.0122	0.0102	0.0051	0.0076	0.0110	0.0041	0.0048	0.0110	0.0132	0.0180	0.0111	0.0067	0.0041	0.0074	0.0155	0.0081	0.0087	0.0000	0.0164	0.0073	0.0004	0.0080	0.0068	0.0080	0.0106	0.0066	0.0109	0.0185	0.0192	0.0166	0.0174	0.0022	0.0201	0.0181	0.0038	0.0153	0.0183	0.0027	0.0012	0.0112	0.0056	0.0109	0.0082	0.0164	0.0153	0.0103	0.0082	0.0145	0.0134	0.0191	0.0102	0.0192	0.0186	0.0027	0.0017	0.0034	0.0038	0.0162	0.0169	0.0051	0.0126	0.0080	0.0097	0.0159	0.0003	0.0083	0.0069	0.0104	0.0039	0.0173	0.0106	0.0067	0.0199	0.0055	0.0015	0.0092	0.0187	0.0063	0.0108	
0.0020	0.0193	0.0151	0.0053	0.0216	0.0065	0.0191	0.0069	0.0162	0.0141	0.0003	0.0134	0.0206	0.0061	0.0141	0.0170	0.0162	0.0000	0.0146	0.0185	0.0072	0.0032	0.0204	0.0095	0.0159	0.0096	0.0045	0.0182	0.0115	0.0011	0.0117	0.0063	0.0182	0.0063	0.0160	0.0068	0.0174	0.0022	0.0101	0.0095	0.0012	0.0014	0.0106	0.0154	0.0037	0.0025	0.0100	0.0005	0.0027	0.0063	0.0035	0.0095	0.0036	0.0069	0.0049	0.0207	0.0163	0.0032	0.0079	0.0099	0.0008	0.0198	0.0163	0.0137	0.0010	0.0141	0.0201	0.0138	0.0098	0.0101	0.0006	0.0137	0.0089	0.0056	0.0194	0.0060	0.0143	0.0054	0.0074	0.0137	0.0199	0.0045	0.0192	0.0043	0.0178	0.0023	0.0027	0.0097	0.0019	0.0163	0.0081	0.0164	0.0144	0.0013	0.0097	0.0018	0.0056	0.0152	0.0135	0.0075	
0.0053	0.0167	0.0096	0.0136	0.0057	0.0087	0.0006	0.0173	0.0084	0.0177	0.0057	0.0139	0.0145	0.0161	0.0092	0.0150	0.0020	0.0108	0.0179	0.0173	0.0110	0.0092	0.0117	0.0123	0.0015	0.0053	0.0019	0.0071	0.0177	0.0168	0.0005	0.0001	0.0103	0.0201	0.0083	0.0031	0.0142	0.0036	0.0165	0.0090	0.0020	0.0041	0.0008	0.0039	0.0097	0.0128	0.0004	0.0173	0.0109	0.0119	0.0185	0.0148	0.0157	0.0149	0.0183	0.0161	0.0040	0.0148	0.0104	0.0187	0.0056	0.0128	0.0009	0.0101	0.0150	0.0055	0.0046	0.0144	0.0065	0.0074	0.0017	0.0161	0.0124	0.0104	0.0177	0.0072	0.0080	0.0092	0.0043	0.0079	0.0054	0.0038	0.0174	0.0043	0.0169	0.0048	0.0059	0.0146	0.0038	0.0124	0.0190	0.0207	0.0125	0.0193	0.0035	0.0096	0.0035	0.0091	0.0061	0.0037	
0.0096	0.0055	0.0106	0.0041	0.0101	0.0017	0.0035	0.0050	0.0170	0.0083	0.0079	0.0156	0.0099	0.0033	0.0132	0.0018	0.0150	0.0158	0.0139	0.0104	0.0002	0.0102	0.0113	0.0122	0.0071	0.0017	0.0050	0.0114	0.0059	0.0073	0.0038	0.0202	0.0013	0.0008	0.0184	0.0199	0.0125	0.0117	0.0119	0.0149	0.0018	0.0004	0.0158	0.0138	0.0034	0.0021	0.0093	0.0082	0.0044	0.0012	0.0128	0.0076	0.0154	0.0136	0.0042	0.0190	0.0124	0.0158	0.0139	0.0075	0.0145	0.0104	0.0192	0.0095	0.0036	0.0091	0.0174	0.0088	0.0044	0.0152	0.0082	0.0025	0.0012	0.0217	0.0100	0.0173	0.0141	0.0200	0.0095	0.0058	0.0120	0.0156	0.0083	0.0042	0.0140	0.0153	0.0044	0.0070	0.0183	0.0188	0.0060	0.0166	0.0180	0.0071	0.0206	0.0115	0.0012	0.0047	0.0092	0.0121	
0.0075	0.0008	0.0041	0.0100	0.0126	0.0114	0.0063	0.0147	0.0043	0.0043	0.0052	0.0159	0.0045	0.0097	0.0141	0.0169	0.0022	0.0146	0.0165	0.0074	0.0045	0.0097	0.0119	0.0039	0.0083	0.0112	0.0051	0.0125	0.0209	0.0191	0.0173	0.0106	0.0069	0.0181	0.0177	0.0114	0.0126	0.0167	0.0111	0.0033	0.0106	0.0084	0.0020	0.0126	0.0129	0.0075	0.0117	0.0068	0.0104	0.0006	0.0080	0.0069	0.0077	0.0021	0.0097	0.0190	0.0077	0.0190	0.0008	0.0007	0.0046	0.0119	0.0153	0.0044	0.0049	0.0143	0.0119	0.0073	0.0097	0.0050	0.0059	0.0036	0.0015	0.0145	0.0190	0.0139	0.0068	0.0214	0.0102	0.0004	0.0188	0.0181	0.0046	0.0174	0.0102	0.0095	0.0029	0.0044	0.0097	0.0002	0.0026	0.0136	0.0171	0.0120	0.0202	0.0185	0.0129	0.0176	0.0062	0.0157	
0.0228	0.0056	0.0166	0.0062	0.0167	0.0050	0.0064	0.0136	0.0042	0.0150	0.0122	0.0099	0.0078	0.0005	0.0012	0.0057	0.0074	0.0184	0.0162	0.0156	0.0126	0.0081	0.0206	0.0079	0.0024	0.0132	0.0068	0.0096	0.0185	0.0007	0.0017	0.0123	0.0143	0.0148	0.0029	0.0169	0.0022	0.0185	0.0050	0.0065	0.0065	0.0092	0.0007	0.0169	0.0083	0.0141	0.0059	0.0181	0.0121	0.0128	0.0106	0.0181	0.0020	0.0139	0.0065	0.0130	0.0055	0.0062	0.0026	0.0006	0.0187	0.0202	0.0196	0.0029	0.0105	0.0016	0.0193	0.0142	0.0168	0.0072	0.0047	0.0082	0.0126	0.0116	0.0123	0.0036	0.0069	0.0046	0.0022	0.0094	0.0080	0.0102	0.0230	0.0028	0.0116	0.0038	0.0098	0.0008	0.0114	0.0125	0.0094	0.0190	0.0172	0.0048	0.0105	0.0110	0.0124	0.0184	0.0033	0.0066	
0.0177	0.0119	0.0175	0.0039	0.0079	0.0021	0.0060	0.0123	0.0017	0.0012	0.0047	0.0016	0.0032	0.0134	0.0111	0.0066	0.0145	0.0156	0.0122	0.0070	0.0114	0.0174	0.0050	0.0041	0.0160	0.0074	0.0104	0.0058	0.0004	0.0009	0.0120	0.0091	0.0007	0.0154	0.0113	0.0155	0.0104	0.0135	0.0129	0.0077	0.0192	0.0138	0.0193	0.0072	0.0060	0.0063	0.0116	0.0024	0.0115	0.0004	0.0114	0.0143	0.0048	0.0153	0.0152	0.0008	0.0058	0.0129	0.0050	0.0192	0.0095	0.0200	0.0121	0.0007	0.0068	0.0148	0.0011	0.0075	0.0013	0.0169	0.0155	0.0011	0.0004	0.0051	0.0104	0.0151	0.0171	0.0190	0.0167	0.0099	0.0148	0.0088	0.0159	0.0177	0.0083	0.0149	0.0041	0.0052	0.0018	0.0108	0.0086	0.0172	0.0088	0.0154	0.0194	0.0188	0.0028	0.0184	0.0168	0.0086	
0.0067	0.0046	0.0011	0.0145	0.0030	0.0115	0.0147	0.0178	0.0052	0.0160	0.0034	0.0087	0.0132	0.0157	0.0036	0.0007	0.0040	0.0121	0.0116	0.0103	0.0110	0.0164	0.0061	0.0078	0.0074	0.0002	0.0107	0.0042	0.0069	0.0120	0.0137	0.0195	0.0186	0.0092	0.0041	0.0107	0.0081	0.0009	0.0144	0.0161	0.0022	0.0036	0.0192	0.0052	0.0071	0.0183	0.0030	0.0129	0.0116	0.0164	0.0127	0.0097	0.0060	0.0074	0.0194	0.0099	0.0163	0.0111	0.0048	0.0026	0.0175	0.0104	0.0127	0.0112	0.0015	0.0044	0.0107	0.0047	0.0099	0.0133	0.0114	0.0028	0.0156	0.0167	0.0098	0.0076	0.0157	0.0011	0.0019	0.0080	0.0167	0.0167	0.0132	0.0081	0.0170	0.0035	0.0134	0.0110	0.0130	0.0137	0.0121	0.0171	0.0146	0.0135	0.0195	0.0123	0.0101	0.0060	0.0031	0.0027	
0.0095	0.0167	0.0024	0.0171	0.0043	0.0103	0.0132	0.0094	0.0160	0.0082	0.0125	0.0146	0.0080	0.0150	0.0043	0.0008	0.0141	0.0037	0.0134	0.0147	0.0088	0.0192	0.0117	0.0110	0.0006	0.0127	0.0062	0.0011	0.0161	0.0157	0.0154	0.0094	0.0164	0.0171	0.0167	0.0173	0.0132	0.0118	0.0036	0.0060	0.0087	0.0019	0.0121	0.0021	0.0168	0.0126	0.0067	0.0162	0.0077	0.0149	0.0124	0.0056	0.0103	0.0049	0.0117	0.0101	0.0035	0.0052	0.0133	0.0076	0.0027	0.0128	0.0121	0.0006	0.0084	0.0038	0.0191	0.0084	0.0138	0.0059	0.0047	0.0016	0.0177	0.0090	0.0086	0.0072	0.0055	0.0112	0.0130	0.0048	0.0071	0.0073	0.0121	0.0155	0.0024	0.0089	0.0183	0.0106	0.0082	0.0073	0.0129	0.0090	0.0159	0.0145	0.0036	0.0144	0.0072	0.0110	0.0089	0.0116	
0.0187	0.0195	0.0013	0.0023	0.0126	0.0150	0.0075	0.0017	0.0182	0.0024	0.0050	0.0138	0.0089	0.0135	0.0006	0.0139	0.0008	0.0155	0.0187	0.0002	0.0055	0.0095	0.0021	0.0074	0.0121	0.0169	0.0049	0.0031	0.0063	0.0152	0.0006	0.0160	0.0229	0.0020	0.0099	0.0111	0.0085	0.0104	0.0081	0.0100	0.0049	0.0178	0.0169	0.0063	0.0034	0.0009	0.0005	0.0054	0.0176	0.0097	0.0147	0.0150	0.0159	0.0124	0.0121	0.0087	0.0159	0.0125	0.0094	0.0165	0.0084	0.0042	0.0172	0.0027	0.0014	0.0108	0.0161	0.0076	0.0020	0.0112	0.0069	0.0100	0.0060	0.0098	0.0189	0.0079	0.0140	0.0182	0.0061	0.0114	0.0168	0.0209	0.0092	0.0158	0.0205	0.0056	0.0237	0.0098	0.0153	0.0024	0.0155	0.0174	0.0005	0.0132	0.0025	0.0004	0.0012	0.0133	0.0041	0.0121	
0.0073	0.0135	0.0031	0.0049	0.0022	0.0046	0.0087	0.0060	0.0148	0.0020	0.0157	0.0181	0.0059	0.0202	0.0174	0.0077	0.0150	0.0004	0.0037	0.0149	0.0103	0.0055	0.0149	0.0163	0.0158	0.0114	0.0093	0.0113	0.0065	0.0153	0.0067	0.0003	0.0127	0.0143	0.0040	0.0024	0.0157	0.0029	0.0131	0.0145	0.0172	0.0128	0.0150	0.0098	0.0073	0.0138	0.0102	0.0014	0.0132	0.0143	0.0044	0.0007	0.0091	0.0082	0.0011	0.0025	0.0160	0.0033	0.0080	0.0102	0.0136	0.0162	0.0194	0.0167	0.0143	0.0136	0.0079	0.0118	0.0134	0.0181	0.0111	0.0113	0.0066	0.0090	0.0201	0.0164	0.0112	0.0060	0.0114	0.0014	0.0016	0.0083	0.0208	0.0108	0.0110	0.0055	0.0135	0.0033	0.0145	0.0016	0.0046	0.0143	0.0145	0.0032	0.0005	0.0006	0.0142	0.0154	0.0136	0.0110	
0.0092	0.0192	0.0060	0.0179	0.0027	0.0132	0.0144	0.0179	0.0113	0.0047	0.0115	0.0132	0.0100	0.0082	0.0088	0.0056	0.0159	0.0082	0.0084	0.0095	0.0031	0.0049	0.0198	0.0102	0.0126	0.0195	0.0191	0.0030	0.0110	0.0215	0.0026	0.0178	0.0120	0.0004	0.0133	0.0043	0.0026	0.0033	0.0099	0.0191	0.0152	0.0123	0.0144	0.0099	0.0094	0.0122	0.0025	0.0072	0.0166	0.0144	0.0039	0.0068	0.0077	0.0071	0.0116	0.0034	0.0189	0.0136	0.0030	0.0046	0.0148	0.0130	0.0110	0.0107	0.0015	0.0157	0.0021	0.0106	0.0120	0.0054	0.0038	0.0133	0.0186	0.0109	0.0211	0.0106	0.0114	0.0105	0.0040	0.0007	0.0165	0.0121	0.0105	0.0145	0.0150	0.0144	0.0105	0.0050	0.0146	0.0112	0.0052	0.0107	0.0002	0.0051	0.0065	0.0014	0.0016	0.0019	0.0069	0.0140	
0.0118	0.0129	0.0136	0.0098	0.0117	0.0114	0.0092	0.0178	0.0089	0.0192	0.0125	0.0082	0.0091	0.0027	0.0072	0.0018	0.0014	0.0178	0.0177	0.0062	0.0064	0.0197	0.0196	0.0014	0.0001	0.0136	0.0122	0.0115	0.0039	0.0172	0.0093	0.0096	0.0038	0.0104	0.0108	0.0043	0.0181	0.0006	0.0032	0.0036	0.0073	0.0094	0.0174	0.0127	0.0183	0.0171	0.0006	0.0178	0.0185	0.0035	0.0189	0.0042	0.0052	0.0007	0.0079	0.0140	0.0113	0.0125	0.0077	0.0169	0.0167	0.0188	0.0148	0.0109	0.0082	0.0038	0.0049	0.0184	0.0111	0.0041	0.0041	0.0007	0.0145	0.0164	0.0226	0.0153	0.0008	0.0080	0.0027	0.0029	0.0141	0.0147	0.0160	0.0000	0.0170	0.0047	0.0044	0.0028	0.0044	0.0181	0.0114	0.0067	0.0125	0.0078	0.0070	0.0106	0.0162	0.0037	0.0029	0.0133	
0.0163	0.0022	0.0057	0.0159	0.0224	0.0215	0.0126	0.0109	0.0009	0.0112	0.0123	0.0063	0.0091	0.0061	0.0022	0.0022	0.0021	0.0164	0.0179	0.0043	0.0201	0.0020	0.0164	0.0112	0.0124	0.0175	0.0086	0.0060	0.0092	0.0121	0.0006	0.0206	0.0042	0.0089	0.0102	0.0138	0.0112	0.0007	0.0007	0.0180	0.0181	0.0146	0.0022	0.0153	0.0049	0.0055	0.0168	0.0068	0.0062	0.0036	0.0080	0.0016	0.0083	0.0222	0.0190	0.0127	0.0069	0.0117	0.0012	0.0013	0.0115	0.0059	0.0029	0.0100	0.0082	0.0156	0.0026	0.0008	0.0156	0.0109	0.0135	0.0015	0.0154	0.0261	0.0118	0.0063	0.0224	0.0015	0.0098	0.0076	0.0011	0.0022	0.0009	0.0047	0.0031	0.0192	0.0105	0.0060	0.0165	0.0200	0.0057	0.0202	0.0205	0.0214	0.0081	0.0116	0.0116	0.0127	0.0045	0.0100	
0.0034	0.0161	0.0103	0.0153	0.0107	0.0065	0.0074	0.0078	0.0080	0.0085	0.0107	0.0051	0.0014	0.0139	0.0000	0.0073	0.0036	0.0179	0.0075	0.0092	0.0045	0.0185	0.0074	0.0127	0.0047	0.0128	0.0018	0.0123	0.0127	0.0005	0.0149	0.0088	0.0174	0.0198	0.0038	0.0047	0.0108	0.0051	0.0121	0.0157	0.0120	0.0016	0.0167	0.0044	0.0072	0.0176	0.0164	0.0050	0.0192	0.0177	0.0052	0.0120	0.0037	0.0136	0.0052	0.0062	0.0076	0.0143	0.0084	0.0158	0.0038	0.0132	0.0154	0.0067	0.0105	0.0029	0.0094	0.0019	0.0090	0.0154	0.0156	0.0158	0.0038	0.0122	0.0192	0.0029	0.0006	0.0034	0.0075	0.0054	0.0163	0.0157	0.0151	0.0122	0.0145	0.0027	0.0050	0.0026	0.0165	0.0170	0.0158	0.0167	0.0158	0.0176	0.0133	0.0186	0.0054	0.0086	0.0106	0.0039	
0.0122	0.0161	0.0162	0.0044	0.0012	0.0079	0.0094	0.0123	0.0164	0.0015	0.0057	0.0057	0.0061	0.0047	0.0192	0.0073	0.0202	0.0020	0.0130	0.0095	0.0174	0.0065	0.0072	0.0115	0.0178	0.0008	0.0024	0.0064	0.0202	0.0007	0.0178	0.0126	0.0112	0.0044	0.0153	0.0016	0.0013	0.0100	0.0115	0.0077	0.0141	0.0123	0.0074	0.0132	0.0125	0.0106	0.0117	0.0121	0.0177	0.0053	0.0190	0.0042	0.0166	0.0022	0.0071	0.0048	0.0074	0.0030	0.0048	0.0004	0.0045	0.0024	0.0132	0.0137	0.0042	0.0129	0.0157	0.0015	0.0092	0.0203	0.0063	0.0077	0.0108	0.0061	0.0173	0.0055	0.0199	0.0161	0.0001	0.0090	0.0107	0.0104	0.0094	0.0124	0.0013	0.0129	0.0179	0.0089	0.0202	0.0110	0.0146	0.0199	0.0058	0.0125	0.0031	0.0122	0.0198	0.0125	0.0084	0.0182	
0.0171	0.0101	0.0023	0.0211	0.0210	0.0130	0.0154	0.0112	0.0071	0.0008	0.0068	0.0138	0.0032	0.0183	0.0099	0.0146	0.0140	0.0209	0.0139	0.0113	0.0159	0.0069	0.0037	0.0182	0.0046	0.0082	0.0025	0.0169	0.0029	0.0038	0.0060	0.0069	0.0057	0.0013	0.0146	0.0007	0.0085	0.0095	0.0151	0.0104	0.0193	0.0068	0.0024	0.0179	0.0041	0.0202	0.0172	0.0102	0.0019	0.0098	0.0186	0.0008	0.0226	0.0175	0.0031	0.0109	0.0054	0.0026	0.0148	0.0110	0.0086	0.0186	0.0078	0.0028	0.0154	0.0196	0.0098	0.0018	0.0027	0.0112	0.0056	0.0037	0.0042	0.0037	0.0145	0.0094	0.0040	0.0079	0.0153	0.0050	0.0135	0.0134	0.0173	0.0129	0.0056	0.0049	0.0085	0.0076	0.0220	0.0033	0.0164	0.0072	0.0157	0.0047	0.0013	0.0009	0.0206	0.0213	0.0022	0.0036	
0.0121	0.0137	0.0066	0.0120	0.0034	0.0159	0.0166	0.0148	0.0052	0.0142	0.0064	0.0185	0.0061	0.0109	0.0171	0.0149	0.0023	0.0135	0.0167	0.0094	0.0120	0.0015	0.0031	0.0164	0.0135	0.0188	0.0088	0.0169	0.0026	0.0119	0.0092	0.0045	0.0043	0.0127	0.0127	0.0183	0.0061	0.0028	0.0094	0.0100	0.0084	0.0109	0.0023	0.0050	0.0157	0.0146	0.0207	0.0043	0.0057	0.0051	0.0174	0.0062	0.0015	0.0123	0.0123	0.0097	0.0099	0.0067	0.0157	0.0039	0.0052	0.0174	0.0126	0.0116	0.0040	0.0021	0.0163	0.0140	0.0151	0.0001	0.0093	0.0176	0.0033	0.0076	0.0021	0.0011	0.0195	0.0189	0.0035	0.0183	0.0197	0.0048	0.0144	0.0155	0.0131	0.0025	0.0033	0.0119	0.0012	0.0039	0.0082	0.0196	0.0054	0.0058	0.0056	0.0113	0.0180	0.0088	0.0005	0.0132	
0.0004	0.0056	0.0076	0.0059	0.0162	0.0211	0.0032	0.0149	0.0095	0.0102	0.0103	0.0117	0.0033	0.0186	0.0041	0.0003	0.0030	0.0166	0.0195	0.0015	0.0162	0.0037	0.0133	0.0098	0.0109	0.0099	0.0122	0.0154	0.0017	0.0112	0.0025	0.0115	0.0189	0.0102	0.0191	0.0146	0.0166	0.0080	0.0018	0.0142	0.0212	0.0073	0.0018	0.0107	0.0131	0.0145	0.0151	0.0065	0.0015	0.0050	0.0072	0.0025	0.0107	0.0178	0.0168	0.0176	0.0106	0.0155	0.0118	0.0042	0.0048	0.0062	0.0132	0.0157	0.0061	0.0004	0.0169	0.0132	0.0182	0.0113	0.0029	0.0126	0.0137	0.0063	0.0022	0.0094	0.0017	0.0027	0.0162	0.0161	0.0151	0.0066	0.0169	0.0148	0.0037	0.0001	0.0009	0.0200	0.0174	0.0016	0.0018	0.0023	0.0161	0.0202	0.0103	0.0141	0.0139	0.0029	0.0034	0.0109	
0.0012	0.0023	0.0067	0.0106	0.0018	0.0134	0.0079	0.0034	0.0159	0.0040	0.0147	0.0090	0.0146	0.0175	0.0076	0.0162	0.0093	0.0157	0.0139	0.0066	0.0168	0.0173	0.0168	0.0135	0.0079	0.0009	0.0170	0.0129	0.0178	0.0082	0.0137	0.0191	0.0186	0.0063	0.0139	0.0118	0.0184	0.0040	0.0131	0.0097	0.0112	0.0142	0.0021	0.0105	0.0058	0.0102	0.0063	0.0166	0.0084	0.0100	0.0026	0.0177	0.0075	0.0153	0.0143	0.0053	0.0035	0.0086	0.0017	0.0008	0.0122	0.0124	0.0063	0.0065	0.0079	0.0142	0.0118	0.0088	0.0019	0.0165	0.0162	0.0050	0.0012	0.0046	0.0167	0.0020	0.0134	0.0077	0.0102	0.0158	0.0137	0.0012	0.0072	0.0052	0.0052	0.0126	0.0130	0.0018	0.0146	0.0091	0.0079	0.0110	0.0024	0.0130	0.0179	0.0177	0.0098	0.0132	0.0016	0.0081	
0.0210	0.0167	0.0148	0.0116	0.0113	0.0183	0.0184	0.0023	0.0004	0.0108	0.0108	0.0156	0.0162	0.0048	0.0056	0.0108	0.0056	0.0008	0.0022	0.0122	0.0040	0.0101	0.0154	0.0102	0.0069	0.0072	0.0030	0.0062	0.0076	0.0170	0.0112	0.0200	0.0054	0.0025	0.0161	0.0169	0.0054	0.0133	0.0115	0.0079	0.0164	0.0084	0.0015	0.0017	0.0163	0.0104	0.0132	0.0163	0.0074	0.0044	0.0113	0.0092	0.0118	0.0070	0.0052	0.0096	0.0005	0.0025	0.0034	0.0031	0.0124	0.0108	0.0141	0.0022	0.0158	0.0109	0.0125	0.0135	0.0068	0.0088	0.0061	0.0092	0.0067	0.0153	0.0177	0.0137	0.0081	0.0160	0.0131	0.0156	0.0145	0.0052	0.0194	0.0027	0.0053	0.0019	0.0080	0.0182	0.0192	0.0071	0.0174	0.0030	0.0112	0.0106	0.0151	0.0055	0.0125	0.0191	0.0022	0.0048	
0.0003	0.0191	0.0098	0.0194	0.0184	0.0016	0.0030	0.0190	0.0090	0.0100	0.0019	0.0053	0.0073	0.0074	0.0075	0.0072	0.0102	0.0121	0.0164	0.0153	0.0034	0.0155	0.0168	0.0001	0.0112	0.0034	0.0174	0.0137	0.0191	0.0119	0.0007	0.0102	0.0131	0.0103	0.0162	0.0157	0.0149	0.0005	0.0048	0.0039	0.0201	0.0091	0.0087	0.0079	0.0053	0.0097	0.0150	0.0034	0.0019	0.0071	0.0130	0.0031	0.0021	0.0050	0.0018	0.0072	0.0019	0.0100	0.0064	0.0136	0.0017	0.0071	0.0196	0.0144	0.0075	0.0116	0.0156	0.0175	0.0100	0.0135	0.0112	0.0095	0.0056	0.0134	0.0181	0.0120	0.0057	0.0105	0.0127	0.0005	0.0079	0.0159	0.0150	0.0104	0.0184	0.0156	0.0080	0.0071	0.0092	0.0090	0.0138	0.0056	0.0137	0.0126	0.0025	0.0117	0.0099	0.0120	0.0177	0.0107	
0.0189	0.0187	0.0126	0.0092	0.0148	0.0029	0.0190	0.0087	0.0068	0.0081	0.0014	0.0136	0.0156	0.0069	0.0061	0.0053	0.0138	0.0076	0.0185	0.0100	0.0048	0.0073	0.0096	0.0018	0.0172	0.0061	0.0162	0.0140	0.0103	0.0066	0.0021	0.0163	0.0095	0.0022	0.0032	0.0103	0.0034	0.0047	0.0136	0.0157	0.0003	0.0184	0.0198	0.0193	0.0073	0.0189	0.0099	0.0059	0.0051	0.0167	0.0179	0.0039	0.0125	0.0078	0.0081	0.0100	0.0081	0.0105	0.0085	0.0073	0.0046	0.0026	0.0188	0.0007	0.0050	0.0064	0.0049	0.0129	0.0038	0.0173	0.0024	0.0079	0.0115	0.0035	0.0109	0.0062	0.0077	0.0114	0.0130	0.0197	0.0174	0.0111	0.0098	0.0128	0.0087	0.0183	0.0032	0.0015	0.0160	0.0132	0.0015	0.0124	0.0170	0.0100	0.0118	0.0192	0.0006	0.0211	0.0129	0.0011	
0.0173	0.0176	0.0024	0.0092	0.0151	0.0097	0.0124	0.0085	0.0175	0.0006	0.0026	0.0179	0.0154	0.0095	0.0095	0.0112	0.0116	0.0037	0.0121	0.0074	0.0028	0.0032	0.0179	0.0076	0.0144	0.0092	0.0120	0.0016	0.0130	0.0136	0.0060	0.0094	0.0165	0.0132	0.0038	0.0198	0.0091	0.0007	0.0003	0.0182	0.0060	0.0130	0.0044	0.0144	0.0099	0.0022	0.0160	0.0064	0.0184	0.0175	0.0044	0.0159	0.0069	0.0066	0.0208	0.0140	0.0164	0.0118	0.0117	0.0048	0.0162	0.0122	0.0166	0.0034	0.0127	0.0126	0.0035	0.0029	0.0046	0.0113	0.0038	0.0111	0.0031	0.0145	0.0026	0.0075	0.0195	0.0043	0.0002	0.0122	0.0124	0.0060	0.0042	0.0124	0.0085	0.0078	0.0027	0.0088	0.0177	0.0106	0.0007	0.0186	0.0066	0.0151	0.0022	0.0146	0.0182	0.0001	0.0182	0.0145	
0.0197	0.0148	0.0011	0.0068	0.0155	0.0141	0.0150	0.0145	0.0038	0.0105	0.0151	0.0140	0.0126	0.0012	0.0107	0.0099	0.0071	0.0042	0.0158	0.0051	0.0105	0.0168	0.0085	0.0120	0.0107	0.0066	0.0051	0.0071	0.0117	0.0084	0.0108	0.0212	0.0049	0.0039	0.0148	0.0200	0.0050	0.0172	0.0172	0.0165	0.0163	0.0092	0.0060	0.0052	0.0168	0.0058	0.0053	0.0056	0.0042	0.0120	0.0068	0.0143	0.0054	0.0138	0.0058	0.0049	0.0051	0.0065	0.0144	0.0071	0.0069	0.0068	0.0013	0.0140	0.0173	0.0154	0.0121	0.0081	0.0070	0.0136	0.0055	0.0091	0.0049	0.0218	0.0109	0.0018	0.0099	0.0036	0.0166	0.0049	0.0017	0.0203	0.0037	0.0002	0.0016	0.0162	0.0147	0.0116	0.0214	0.0099	0.0152	0.0199	0.0020	0.0143	0.0103	0.0090	0.0076	0.0116	0.0059	0.0005	
0.0178	0.0183	0.0172	0.0121	0.0062	0.0174	0.0097	0.0051	0.0036	0.0031	0.0142	0.0026	0.0080	0.0106	0.0049	0.0058	0.0030	0.0010	0.0138	0.0019	0.0017	0.0212	0.0092	0.0124	0.0162	0.0057	0.0071	0.0114	0.0100	0.0019	0.0132	0.0211	0.0167	0.0171	0.0083	0.0044	0.0012	0.0102	0.0114	0.0045	0.0086	0.0080	0.0069	0.0150	0.0120	0.0101	0.0091	0.0100	0.0065	0.0019	0.0050	0.0071	0.0166	0.0039	0.0212	0.0162	0.0068	0.0005	0.0109	0.0191	0.0081	0.0181	0.0152	0.0015	0.0074	0.0149	0.0066	0.0097	0.0020	0.0012	0.0058	0.0103	0.0069	0.0116	0.0148	0.0113	0.0136	0.0155	0.0036	0.0074	0.0161	0.0160	0.0066	0.0071	0.0172	0.0056	0.0037	0.0136	0.0213	0.0125	0.0167	0.0007	0.0182	0.0159	0.0174	0.0120	0.0122	0.0051	0.0054	0.0151	
0.0061	0.0231	0.0090	0.0063	0.0199	0.0163	0.0007	0.0069	0.0108	0.0064	0.0032	0.0146	0.0178	0.0060	0.0026	0.0111	0.0100	0.0083	0.0059	0.0035	0.0125	0.0181	0.0133	0.0072	0.0056	0.0059	0.0139	0.0113	0.0174	0.0036	0.0221	0.0106	0.0099	0.0075	0.0030	0.0196	0.0101	0.0009	0.0135	0.0032	0.0073	0.0179	0.0041	0.0162	0.0108	0.0024	0.0045	0.0144	0.0147	0.0050	0.0010	0.0070	0.0250	0.0033	0.0073	0.0150	0.0078	0.0219	0.0003	0.0131	0.0005	0.0113	0.0140	0.0061	0.0051	0.0149	0.0074	0.0111	0.0024	0.0068	0.0028	0.0097	0.0153	0.0028	0.0219	0.0143	0.0120	0.0220	0.0198	0.0029	0.0011	0.0228	0.0244	0.0096	0.0024	0.0129	0.0114	0.0057	0.0012	0.0119	0.0097	0.0118	0.0005	0.0020	0.0033	0.0193	0.0065	0.0198	0.0092	0.0151	
0.0175	0.0156	0.0113	0.0071	0.0021	0.0128	0.0124	0.0196	0.0054	0.0127	0.0022	0.0099	0.0217	0.0199	0.0087	0.0005	0.0100	0.0039	0.0046	0.0120	0.0055	0.0014	0.0096	0.0097	0.0180	0.0138	0.0090	0.0122	0.0229	0.0014	0.0087	0.0150	0.0104	0.0042	0.0072	0.0071	0.0090	0.0124	0.0071	0.0114	0.0013	0.0104	0.0000	0.0099	0.0096	0.0187	0.0102	0.0028	0.0127	0.0022	0.0062	0.0022	0.0148	0.0170	0.0116	0.0167	0.0045	0.0203	0.0085	0.0090	0.0022	0.0213	0.0185	0.0034	0.0029	0.0086	0.0009	0.0165	0.0102	0.0030	0.0115	0.0164	0.0176	0.0145	0.0123	0.0143	0.0013	0.0242	0.0026	0.0197	0.0038	0.0066	0.0006	0.0169	0.0160	0.0059	0.0010	0.0126	0.0174	0.0129	0.0020	0.0119	0.0038	0.0206	0.0104	0.0018	0.0146	0.0180	0.0064	0.0000	
0.0196	0.0144	0.0116	0.0105	0.0116	0.0097	0.0061	0.0196	0.0060	0.0161	0.0139	0.0052	0.0169	0.0109	0.0047	0.0146	0.0181	0.0211	0.0088	0.0158	0.0072	0.0098	0.0018	0.0160	0.0008	0.0014	0.0130	0.0169	0.0054	0.0095	0.0004	0.0056	0.0145	0.0030	0.0008	0.0107	0.0153	0.0106	0.0066	0.0067	0.0005	0.0019	0.0069	0.0193	0.0177	0.0159	0.0134	0.0127	0.0140	0.0129	0.0028	0.0145	0.0089	0.0099	0.0140	0.0100	0.0110	0.0126	0.0079	0.0095	0.0144	0.0084	0.0145	0.0150	0.0130	0.0089	0.0139	0.0137	0.0093	0.0161	0.0010	0.0073	0.0127	0.0024	0.0173	0.0055	0.0023	0.0034	0.0017	0.0043	0.0080	0.0009	0.0049	0.0118	0.0065	0.0058	0.0186	0.0038	0.0127	0.0117	0.0191	0.0032	0.0026	0.0204	0.0137	0.0137	0.0079	0.0104	0.0040	0.0079	
0.0045	0.0002	0.0032	0.0176	0.0110	0.0164	0.0019	0.0055	0.0119	0.0062	0.0066	0.0079	0.0092	0.0044	0.0012	0.0125	0.0030	0.0013	0.0098	0.0075	0.0102	0.0091	0.0026	0.0141	0.0153	0.0168	0.0046	0.0116	0.0103	0.0033	0.0158	0.0135	0.0193	0.0136	0.0179	0.0072	0.0168	0.0053	0.0006	0.0102	0.0039	0.0099	0.0099	0.0043	0.0040	0.0075	0.0124	0.0157	0.0160	0.0170	0.0082	0.0066	0.0192	0.0139	0.0174	0.0155	0.0154	0.0050	0.0013	0.0120	0.0087	0.0069	0.0148	0.0079	0.0072	0.0124	0.0115	0.0164	0.0044	0.0138	0.0138	0.0146	0.0005	0.0191	0.0047	0.0002	0.0182	0.0202	0.0118	0.0074	0.0050	0.0072	0.0177	0.0106	0.0134	0.0089	0.0155	0.0034	0.0177	0.0031	0.0100	0.0118	0.0044	0.0073	0.0018	0.0159	0.0134	0.0215	0.0137	0.0085	
0.0190	0.0156	0.0115	0.0028	0.0015	0.0111	0.0062	0.0173	0.0096	0.0156	0.0162	0.0174	0.0105	0.0127	0.0068	0.0016	0.0087	0.0029	0.0142	0.0162	0.0155	0.0076	0.0007	0.0012	0.0032	0.0035	0.0112	0.0113	0.0177	0.0083	0.0037	0.0192	0.0021	0.0037	0.0088	0.0089	0.0131	0.0125	0.0090	0.0028	0.0037	0.0129	0.0128	0.0180	0.0051	0.0096	0.0009	0.0098	0.0175	0.0180	0.0053	0.0118	0.0047	0.0162	0.0114	0.0112	0.0119	0.0105	0.0152	0.0167	0.0159	0.0136	0.0008	0.0014	0.0100	0.0164	0.0170	0.0063	0.0034	0.0181	0.0067	0.0125	0.0116	0.0131	0.0148	0.0029	0.0139	0.0014	0.0128	0.0119	0.0029	0.0020	0.0147	0.0151	0.0025	0.0091	0.0141	0.0043	0.0146	0.0168	0.0130	0.0034	0.0150	0.0130	0.0049	0.0100	0.0136	0.0105	0.0059	0.0056	
0.0151	0.0146	0.0070	0.0215	0.0130	0.0126	0.0011	0.0125	0.0027	0.0073	0.0171	0.0143	0.0163	0.0063	0.0139	0.0157	0.0195	0.0030	0.0192	0.0017	0.0041	0.0139	0.0142	0.0056	0.0046	0.0039	0.0181	0.0179	0.0082	0.0047	0.0084	0.0034	0.0154	0.0095	0.0203	0.0098	0.0159	0.0144	0.0050	0.0120	0.0105	0.0021	0.0021	0.0065	0.0008	0.0003	0.0083	0.0100	0.0200	0.0089	0.0114	0.0128	0.0138	0.0050	0.0031	0.0011	0.0002	0.0006	0.0142	0.0080	0.0114	0.0024	0.0045	0.0165	0.0167	0.0143	0.0234	0.0069	0.0066	0.0055	0.0005	0.0038	0.0187	0.0087	0.0128	0.0022	0.0112	0.0090	0.0049	0.0048	0.0172	0.0091	0.0207	0.0179	0.0138	0.0163	0.0117	0.0103	0.0071	0.0196	0.0098	0.0159	0.0000	0.0195	0.0001	0.0082	0.0163	0.0043	0.0074	0.0063	
0.0009	0.0015	0.0038	0.0161	0.0091	0.0085	0.0156	0.0052	0.0135	0.0005	0.0115	0.0129	0.0165	0.0111	0.0112	0.0024	0.0029	0.0055	0.0052	0.0026	0.0029	0.0130	0.0005	0.0065	0.0166	0.0057	0.0040	0.0189	0.0085	0.0048	0.0044	0.0080	0.0224	0.0207	0.0043	0.0158	0.0057	0.0049	0.0113	0.0062	0.0012	0.0059	0.0189	0.0060	0.0086	0.0157	0.0207	0.0102	0.0054	0.0188	0.0045	0.0134	0.0229	0.0054	0.0043	0.0120	0.0008	0.0168	0.0171	0.0025	0.0032	0.0166	0.0187	0.0077	0.0153	0.0036	0.0159	0.0174	0.0057	0.0196	0.0170	0.0168	0.0141	0.0212	0.0017	0.0162	0.0161	0.0187	0.0000	0.0001	0.0061	0.0149	0.0175	0.0094	0.0000	0.0107	0.0097	0.0150	0.0188	0.0145	0.0149	0.0116	0.0073	0.0105	0.0032	0.0064	0.0093	0.0086	0.0094	0.0039	
0.0024	0.0033	0.0038	0.0083	0.0006	0.0072	0.0199	0.0198	0.0036	0.0072	0.0162	0.0060	0.0159	0.0188	0.0152	0.0082	0.0003	0.0079	0.0086	0.0046	0.0138	0.0226	0.0015	0.0102	0.0035	0.0067	0.0105	0.0039	0.0181	0.0163	0.0073	0.0077	0.0058	0.0166	0.0181	0.0027	0.0105	0.0069	0.0083	0.0137	0.0132	0.0074	0.0111	0.0082	0.0166	0.0074	0.0140	0.0080	0.0129	0.0133	0.0055	0.0017	0.0215	0.0047	0.0101	0.0027	0.0016	0.0116	0.0033	0.0138	0.0146	0.0163	0.0032	0.0070	0.0166	0.0095	0.0008	0.0201	0.0004	0.0148	0.0179	0.0116	0.0184	0.0174	0.0143	0.0067	0.0098	0.0160	0.0141	0.0160	0.0130	0.0031	0.0127	0.0029	0.0102	0.0054	0.0086	0.0007	0.0085	0.0153	0.0008	0.0207	0.0039	0.0169	0.0211	0.0178	0.0048	0.0024	0.0082	0.0064	
0.0083	0.0161	0.0082	0.0221	0.0171	0.0149	0.0038	0.0041	0.0119	0.0014	0.0140	0.0089	0.0163	0.0086	0.0006	0.0116	0.0036	0.0000	0.0200	0.0141	0.0018	0.0001	0.0143	0.0042	0.0137	0.0204	0.0092	0.0025	0.0197	0.0194	0.0023	0.0088	0.0055	0.0101	0.0096	0.0216	0.0172	0.0135	0.0085	0.0188	0.0028	0.0040	0.0109	0.0065	0.0022	0.0126	0.0042	0.0164	0.0169	0.0069	0.0132	0.0054	0.0050	0.0166	0.0066	0.0081	0.0014	0.0032	0.0049	0.0169	0.0036	0.0011	0.0080	0.0131	0.0176	0.0064	0.0046	0.0069	0.0189	0.0023	0.0169	0.0102	0.0121	0.0012	0.0133	0.0174	0.0124	0.0089	0.0028	0.0010	0.0170	0.0146	0.0089	0.0106	0.0050	0.0171	0.0037	0.0111	0.0045	0.0020	0.0188	0.0145	0.0091	0.0163	0.0174	0.0015	0.0176	0.0178	0.0069	0.0153	
0.0110	0.0192	0.0173	0.0146	0.0107	0.0026	0.0142	0.0029	0.0040	0.0085	0.0164	0.0156	0.0196	0.0050	0.0190	0.0099	0.0140	0.0180	0.0101	0.0023	0.0032	0.0164	0.0030	0.0145	0.0049	0.0046	0.0022	0.0165	0.0093	0.0119	0.0008	0.0176	0.0003	0.0078	0.0120	0.0196	0.0193	0.0138	0.0005	0.0023	0.0039	0.0000	0.0067	0.0180	0.0059	0.0028	0.0143	0.0044	0.0172	0.0041	0.0077	0.0002	0.0059	0.0055	0.0162	0.0160	0.0153	0.0217	0.0078	0.0061	0.0002	0.0188	0.0159	0.0125	0.0065	0.0002	0.0155	0.0136	0.0114	0.0012	0.0133	0.0195	0.0182	0.0089	0.0237	0.0032	0.0084	0.0072	0.0117	0.0023	0.0125	0.0187	0.0030	0.0033	0.0027	0.0006	0.0130	0.0157	0.0181	0.0190	0.0033	0.0195	0.0063	0.0139	0.0024	0.0083	0.0049	0.0125	0.0091	0.0059	
0.0087	0.0188	0.0109	0.0135	0.0100	0.0086	0.0038	0.0160	0.0052	0.0092	0.0059	0.0073	0.0080	0.0053	0.0121	0.0018	0.0121	0.0118	0.0096	0.0051	0.0078	0.0181	0.0177	0.0107	0.0145	0.0136	0.0106	0.0012	0.0050	0.0112	0.0171	0.0147	0.0166	0.0053	0.0124	0.0116	0.0056	0.0077	0.0098	0.0126	0.0168	0.0112	0.0092	0.0036	0.0092	0.0133	0.0069	0.0005	0.0010	0.0182	0.0123	0.0106	0.0026	0.0029	0.0167	0.0091	0.0005	0.0165	0.0132	0.0124	0.0140	0.0024	0.0118	0.0113	0.0084	0.0111	0.0110	0.0028	0.0109	0.0019	0.0143	0.0037	0.0191	0.0186	0.0088	0.0139	0.0084	0.0163	0.0030	0.0024	0.0083	0.0108	0.0003	0.0046	0.0173	0.0066	0.0106	0.0147	0.0099	0.0036	0.0111	0.0076	0.0126	0.0189	0.0181	0.0144	0.0003	0.0157	0.0110	0.0154	
0.0059	0.0053	0.0091	0.0206	0.0041	0.0112	0.0129	0.0064	0.0151	0.0218	0.0010	0.0057	0.0150	0.0149	0.0049	0.0035	0.0023	0.0076	0.0165	0.0037	0.0005	0.0189	0.0144	0.0070	0.0106	0.0080	0.0115	0.0008	0.0211	0.0163	0.0179	0.0151	0.0024	0.0059	0.0185	0.0044	0.0040	0.0012	0.0017	0.0091	0.0180	0.0062	0.0007	0.0112	0.0031	0.0059	0.0156	0.0210	0.0157	0.0160	0.0127	0.0145	0.0228	0.0099	0.0217	0.0100	0.0113	0.0005	0.0082	0.0163	0.0189	0.0119	0.0081	0.0180	0.0027	0.0078	0.0042	0.0095	0.0156	0.0010	0.0205	0.0009	0.0058	0.0088	0.0092	0.0148	0.0172	0.0038	0.0051	0.0051	0.0152	0.0120	0.0076	0.0037	0.0030	0.0029	0.0154	0.0146	0.0092	0.0094	0.0146	0.0036	0.0142	0.0064	0.0124	0.0057	0.0187	0.0018	0.0075	0.0152	
0.0028	0.0055	0.0046	0.0149	0.0165	0.0133	0.0084	0.0132	0.0013	0.0039	0.0146	0.0081	0.0158	0.0043	0.0020	0.0065	0.0040	0.0041	0.0168	0.0202	0.0140	0.0131	0.0017	0.0056	0.0082	0.0180	0.0081	0.0177	0.0201	0.0034	0.0166	0.0158	0.0181	0.0114	0.0024	0.0091	0.0076	0.0129	0.0090	0.0117	0.0169	0.0009	0.0132	0.0043	0.0157	0.0046	0.0085	0.0092	0.0041	0.0047	0.0007	0.0147	0.0064	0.0082	0.0011	0.0132	0.0035	0.0194	0.0049	0.0194	0.0031	0.0097	0.0169	0.0159	0.0069	0.0002	0.0143	0.0059	0.0013	0.0152	0.0184	0.0103	0.0151	0.0053	0.0062	0.0134	0.0208	0.0211	0.0114	0.0034	0.0093	0.0205	0.0178	0.0117	0.0025	0.0011	0.0104	0.0082	0.0115	0.0111	0.0051	0.0108	0.0084	0.0115	0.0102	0.0062	0.0051	0.0149	0.0161	0.0139	
0.0163	0.0028	0.0090	0.0132	0.0062	0.0131	0.0003	0.0007	0.0029	0.0094	0.0157	0.0071	0.0071	0.0025	0.0102	0.0040	0.0154	0.0054	0.0186	0.0070	0.0124	0.0063	0.0202	0.0104	0.0097	0.0116	0.0030	0.0041	0.0215	0.0243	0.0099	0.0070	0.0013	0.0217	0.0135	0.0083	0.0139	0.0061	0.0076	0.0151	0.0013	0.0080	0.0071	0.0016	0.0205	0.0217	0.0042	0.0072	0.0017	0.0056	0.0141	0.0006	0.0248	0.0124	0.0038	0.0097	0.0059	0.0206	0.0013	0.0174	0.0081	0.0210	0.0051	0.0029	0.0199	0.0092	0.0068	0.0100	0.0121	0.0037	0.0138	0.0083	0.0215	0.0044	0.0068	0.0047	0.0243	0.0222	0.0143	0.0119	0.0083	0.0193	0.0031	0.0128	0.0092	0.0089	0.0096	0.0130	0.0208	0.0040	0.0011	0.0201	0.0055	0.0163	0.0074	0.0058	0.0040	0.0034	0.0024	0.0098	
0.0144	0.0149	0.0136	0.0192	0.0132	0.0045	0.0031	0.0141	0.0049	0.0189	0.0082	0.0093	0.0026	0.0110	0.0062	0.0088	0.0116	0.0126	0.0146	0.0101	0.0006	0.0166	0.0132	0.0051	0.0018	0.0154	0.0030	0.0038	0.0194	0.0007	0.0007	0.0179	0.0137	0.0044	0.0150	0.0117	0.0014	0.0033	0.0169	0.0029	0.0051	0.0103	0.0054	0.0157	0.0133	0.0092	0.0112	0.0118	0.0050	0.0136	0.0093	0.0100	0.0080	0.0107	0.0097	0.0201	0.0011	0.0073	0.0133	0.0160	0.0008	0.0193	0.0161	0.0035	0.0142	0.0108	0.0180	0.0171	0.0124	0.0154	0.0080	0.0086	0.0119	0.0128	0.0069	0.0068	0.0094	0.0193	0.0109	0.0106	0.0041	0.0099	0.0209	0.0029	0.0098	0.0079	0.0100	0.0020	0.0183	0.0156	0.0098	0.0147	0.0068	0.0035	0.0025	0.0059	0.0149	0.0006	0.0163	0.0019	
0.0124	0.0139	0.0168	0.0091	0.0056	0.0002	0.0168	0.0163	0.0040	0.0006	0.0104	0.0031	0.0142	0.0052	0.0093	0.0094	0.0165	0.0142	0.0136	0.0074	0.0027	0.0181	0.0026	0.0138	0.0054	0.0148	0.0027	0.0082	0.0104	0.0007	0.0114	0.0093	0.0206	0.0110	0.0184	0.0100	0.0116	0.0095	0.0165	0.0097	0.0116	0.0119	0.0195	0.0146	0.0066	0.0060	0.0187	0.0018	0.0116	0.0116	0.0062	0.0022	0.0070	0.0095	0.0205	0.0187	0.0095	0.0185	0.0032	0.0097	0.0159	0.0082	0.0048	0.0029	0.0074	0.0012	0.0047	0.0035	0.0059	0.0009	0.0161	0.0075	0.0144	0.0040	0.0169	0.0081	0.0182	0.0086	0.0102	0.0184	0.0151	0.0010	0.0189	0.0163	0.0136	0.0084	0.0027	0.0086	0.0129	0.0003	0.0188	0.0144	0.0067	0.0083	0.0140	0.0027	0.0084	0.0155	0.0062	0.0043	
0.0024	0.0167	0.0151	0.0125	0.0154	0.0200	0.0070	0.0022	0.0125	0.0105	0.0004	0.0038	0.0077	0.0053	0.0131	0.0147	0.0104	0.0070	0.0096	0.0171	0.0162	0.0183	0.0126	0.0055	0.0018	0.0039	0.0021	0.0074	0.0117	0.0140	0.0189	0.0039	0.0007	0.0072	0.0173	0.0210	0.0059	0.0059	0.0038	0.0169	0.0034	0.0003	0.0171	0.0013	0.0201	0.0143	0.0062	0.0013	0.0132	0.0169	0.0117	0.0029	0.0055	0.0080	0.0072	0.0071	0.0034	0.0087	0.0085	0.0099	0.0146	0.0195	0.0114	0.0167	0.0091	0.0168	0.0038	0.0004	0.0086	0.0160	0.0097	0.0042	0.0022	0.0148	0.0158	0.0168	0.0003	0.0140	0.0058	0.0069	0.0182	0.0009	0.0160	0.0135	0.0021	0.0161	0.0202	0.0133	0.0006	0.0098	0.0166	0.0193	0.0187	0.0170	0.0009	0.0044	0.0085	0.0186	0.0102	0.0024	
0.0116	0.0056	0.0107	0.0174	0.0062	0.0070	0.0006	0.0104	0.0114	0.0074	0.0056	0.0113	0.0012	0.0024	0.0100	0.0119	0.0036	0.0152	0.0156	0.0113	0.0153	0.0111	0.0181	0.0135	0.0162	0.0104	0.0065	0.0063	0.0118	0.0103	0.0079	0.0045	0.0193	0.0039	0.0128	0.0110	0.0080	0.0135	0.0065	0.0131	0.0161	0.0063	0.0182	0.0117	0.0026	0.0021	0.0144	0.0121	0.0021	0.0055	0.0172	0.0120	0.0181	0.0156	0.0045	0.0009	0.0052	0.0117	0.0157	0.0132	0.0173	0.0119	0.0175	0.0015	0.0143	0.0017	0.0137	0.0155	0.0066	0.0004	0.0050	0.0070	0.0069	0.0025	0.0165	0.0090	0.0111	0.0071	0.0136	0.0145	0.0141	0.0124	0.0055	0.0053	0.0104	0.0127	0.0059	0.0028	0.0203	0.0121	0.0052	0.0143	0.0148	0.0130	0.0155	0.0033	0.0070	0.0172	0.0119	0.0009	
0.0093	0.0181	0.0065	0.0016	0.0001	0.0125	0.0058	0.0150	0.0181	0.0128	0.0084	0.0180	0.0165	0.0036	0.0175	0.0054	0.0075	0.0117	0.0092	0.0030	0.0137	0.0101	0.0161	0.0136	0.0121	0.0093	0.0107	0.0125	0.0063	0.0129	0.0024	0.0139	0.0119	0.0154	0.0068	0.0146	0.0065	0.0035	0.0047	0.0002	0.0082	0.0094	0.0032	0.0053	0.0046	0.0057	0.0206	0.0119	0.0136	0.0105	0.0146	0.0154	0.0068	0.0088	0.0054	0.0159	0.0014	0.0115	0.0063	0.0074	0.0161	0.0099	0.0087	0.0044	0.0097	0.0130	0.0071	0.0012	0.0156	0.0028	0.0164	0.0027	0.0072	0.0108	0.0139	0.0051	0.0066	0.0137	0.0081	0.0080	0.0115	0.0173	0.0183	0.0126	0.0166	0.0065	0.0077	0.0022	0.0103	0.0088	0.0156	0.0145	0.0172	0.0162	0.0012	0.0175	0.0010	0.0184	0.0125	0.0092	
0.0201	0.0173	0.0158	0.0122	0.0120	0.0145	0.0084	0.0163	0.0155	0.0000	0.0116	0.0090	0.0026	0.0187	0.0162	0.0183	0.0107	0.0131	0.0067	0.0038	0.0057	0.0047	0.0110	0.0066	0.0072	0.0031	0.0055	0.0087	0.0099	0.0153	0.0039	0.0091	0.0180	0.0205	0.0085	0.0131	0.0030	0.0068	0.0038	0.0046	0.0184	0.0100	0.0058	0.0096	0.0165	0.0045	0.0127	0.0179	0.0176	0.0017	0.0059	0.0080	0.0121	0.0102	0.0041	0.0158	0.0059	0.0085	0.0039	0.0084	0.0066	0.0176	0.0069	0.0005	0.0142	0.0029	0.0141	0.0034	0.0084	0.0054	0.0145	0.0038	0.0083	0.0024	0.0065	0.0137	0.0187	0.0016	0.0100	0.0026	0.0105	0.0069	0.0129	0.0066	0.0091	0.0139	0.0200	0.0058	0.0178	0.0127	0.0067	0.0153	0.0030	0.0153	0.0190	0.0194	0.0042	0.0052	0.0125	0.0116	
0.0143	0.0097	0.0095	0.0138	0.0060	0.0023	0.0200	0.0091	0.0050	0.0112	0.0180	0.0051	0.0162	0.0020	0.0171	0.0000	0.0056	0.0227	0.0116	0.0003	0.0059	0.0090	0.0084	0.0121	0.0199	0.0020	0.0015	0.0121	0.0058	0.0081	0.0107	0.0161	0.0091	0.0213	0.0104	0.0019	0.0207	0.0198	0.0022	0.0079	0.0200	0.0088	0.0015	0.0072	0.0160	0.0015	0.0188	0.0011	0.0197	0.0184	0.0131	0.0049	0.0163	0.0161	0.0093	0.0059	0.0011	0.0144	0.0127	0.0040	0.0005	0.0071	0.0043	0.0157	0.0179	0.0036	0.0202	0.0199	0.0103	0.0172	0.0026	0.0061	0.0173	0.0037	0.0053	0.0169	0.0065	0.0018	0.0007	0.0175	0.0043	0.0004	0.0197	0.0071	0.0151	0.0046	0.0249	0.0150	0.0143	0.0055	0.0007	0.0046	0.0060	0.0190	0.0086	0.0112	0.0053	0.0043	0.0071	0.0117	
0.0047	0.0212	0.0098	0.0002	0.0168	0.0075	0.0080	0.0109	0.0093	0.0112	0.0188	0.0196	0.0130	0.0178	0.0181	0.0001	0.0093	0.0184	0.0032	0.0132	0.0038	0.0042	0.0080	0.0043	0.0145	0.0168	0.0003	0.0180	0.0170	0.0161	0.0124	0.0022	0.0155	0.0091	0.0131	0.0053	0.0108	0.0154	0.0100	0.0076	0.0205	0.0083	0.0052	0.0001	0.0060	0.0012	0.0110	0.0086	0.0201	0.0073	0.0001	0.0075	0.0008	0.0134	0.0093	0.0003	0.0103	0.0042	0.0038	0.0171	0.0063	0.0092	0.0156	0.0124	0.0154	0.0169	0.0057	0.0037	0.0040	0.0156	0.0096	0.0120	0.0062	0.0198	0.0181	0.0140	0.0206	0.0093	0.0177	0.0148	0.0075	0.0113	0.0000	0.0080	0.0161	0.0046	0.0012	0.0019	0.0014	0.0132	0.0144	0.0069	0.0129	0.0168	0.0013	0.0108	0.0133	0.0116	0.0015	0.0081	
0.0187	0.0082	0.0042	0.0049	0.0197	0.0073	0.0017	0.0051	0.0171	0.0130	0.0014	0.0036	0.0044	0.0097	0.0081	0.0123	0.0071	0.0063	0.0198	0.0132	0.0149	0.0038	0.0027	0.0078	0.0011	0.0029	0.0008	0.0094	0.0163	0.0073	0.0016	0.0094	0.0067	0.0106	0.0176	0.0208	0.0075	0.0142	0.0107	0.0076	0.0038	0.0150	0.0056	0.0094	0.0104	0.0091	0.0017	0.0025	0.0064	0.0061	0.0015	0.0076	0.0121	0.0086	0.0154	0.0148	0.0045	0.0130	0.0029	0.0163	0.0063	0.0130	0.0107	0.0084	0.0090	0.0121	0.0187	0.0136	0.0099	0.0095	0.0074	0.0117	0.0143	0.0136	0.0117	0.0178	0.0194	0.0143	0.0002	0.0113	0.0012	0.0183	0.0050	0.0080	0.0054	0.0119	0.0190	0.0186	0.0211	0.0049	0.0143	0.0153	0.0117	0.0167	0.0017	0.0130	0.0058	0.0157	0.0176	0.0163	
0.0118	0.0071	0.0104	0.0166	0.0180	0.0094	0.0124	0.0181	0.0148	0.0123	0.0137	0.0105	0.0122	0.0115	0.0114	0.0070	0.0059	0.0023	0.0042	0.0148	0.0126	0.0203	0.0159	0.0050	0.0130	0.0120	0.0006	0.0151	0.0103	0.0174	0.0128	0.0028	0.0155	0.0019	0.0184	0.0134	0.0067	0.0072	0.0079	0.0153	0.0002	0.0144	0.0010	0.0042	0.0093	0.0027	0.0013	0.0176	0.0033	0.0125	0.0046	0.0029	0.0116	0.0012	0.0028	0.0120	0.0093	0.0048	0.0008	0.0046	0.0071	0.0141	0.0086	0.0147	0.0147	0.0115	0.0176	0.0105	0.0114	0.0197	0.0008	0.0153	0.0117	0.0084	0.0163	0.0150	0.0176	0.0143	0.0131	0.0113	0.0115	0.0007	0.0142	0.0145	0.0125	0.0101	0.0121	0.0137	0.0209	0.0063	0.0025	0.0022	0.0073	0.0047	0.0087	0.0048	0.0074	0.0025	0.0053	0.0143	
0.0077	0.0106	0.0073	0.0039	0.0129	0.0071	0.0103	0.0024	0.0047	0.0053	0.0139	0.0185	0.0081	0.0095	0.0121	0.0069	0.0009	0.0122	0.0049	0.0069	0.0007	0.0026	0.0113	0.0049	0.0157	0.0184	0.0108	0.0074	0.0001	0.0125	0.0085	0.0165	0.0063	0.0200	0.0051	0.0017	0.0137	0.0098	0.0038	0.0066	0.0010	0.0086	0.0094	0.0143	0.0123	0.0038	0.0146	0.0186	0.0120	0.0009	0.0037	0.0164	0.0184	0.0193	0.0187	0.0046	0.0176	0.0016	0.0062	0.0136	0.0147	0.0023	0.0024	0.0110	0.0153	0.0172	0.0133	0.0090	0.0032	0.0118	0.0131	0.0095	0.0085	0.0200	0.0068	0.0112	0.0134	0.0186	0.0124	0.0126	0.0048	0.0123	0.0171	0.0174	0.0081	0.0106	0.0205	0.0069	0.0031	0.0008	0.0028	0.0127	0.0038	0.0096	0.0126	0.0198	0.0070	0.0162	0.0160	0.0134	
0.0136	0.0055	0.0163	0.0004	0.0085	0.0157	0.0096	0.0215	0.0147	0.0058	0.0132	0.0014	0.0094	0.0158	0.0089	0.0026	0.0059	0.0038	0.0046	0.0057	0.0195	0.0072	0.0071	0.0023	0.0090	0.0022	0.0066	0.0181	0.0082	0.0084	0.0051	0.0192	0.0001	0.0213	0.0021	0.0000	0.0188	0.0164	0.0127	0.0160	0.0031	0.0189	0.0170	0.0196	0.0100	0.0016	0.0038	0.0113	0.0010	0.0098	0.0137	0.0038	0.0157	0.0135	0.0186	0.0067	0.0173	0.0137	0.0115	0.0057	0.0076	0.0132	0.0137	0.0052	0.0004	0.0159	0.0015	0.0098	0.0113	0.0106	0.0055	0.0094	0.0127	0.0116	0.0033	0.0002	0.0134	0.0110	0.0134	0.0076	0.0204	0.0172	0.0208	0.0179	0.0162	0.0011	0.0042	0.0084	0.0060	0.0185	0.0020	0.0065	0.0048	0.0081	0.0092	0.0132	0.0080	0.0096	0.0178	0.0133	

Emissions
0.0024	0.2392	0.3117	0.0974	0.0432	0.0444	0.2029	0.0587	
0.0836	0.1973	0.1789	0.0680	0.1665	0.0456	0.0843	0.1757	
0.1295	0.1871	0.0967	0.1461	0.0879	0.0986	0.0548	0.1994	
0.1310	0.3791	0.0414	0.0544	0.0236	0.0957	0.2332	0.0417	
0.1055	0.2655	0.0737	0.0298	0.1472	0.0467	0.1776	0.1540	
0.0782	0.0056	0.2619	0.0781	0.0172	0.1298	0.0896	0.3396	
0.0093	0.2425	0.1853	0.1194	0.1547	0.1584	0.0236	0.1066	
0.1802	0.0596	0.0440	0.0608	0.2038	0.0876	0.0094	0.3547	
0.0131	0.1786	0.1468	0.1893	0.1473	0.0166	0.1904	0.1180	
0.0058	0.0078	0.1485	0.0888	0.1435	0.1473	0.1997	0.2586	
0.2317	0.1177	0.0365	0.0924	0.1502	0.0083	0.0959	0.2673	
0.1769	0.2818	0.1633	0.1230	0.0106	0.0878	0.1554	0.0012	
0.2334	0.2610	0.0524	0.0996	0.0947	0.0416	0.0143	0.2030	
0.0319	0.1501	0.0920	0.2006	0.0601	0.0754	0.1687	0.2213	
0.1520	0.2005	0.1302	0.1890	0.0652	0.1538	0.1039	0.0054	
0.1013	0.0742	0.0104	0.2315	0.0766	0.1875	0.1269	0.1915	
0.1444	0.2359	0.1645	0.2089	0.0616	0.0469	0.0006	0.1371	
0.0701	0.1103	0.0982	0.0490	0.1463	0.1360	0.1581	0.2320	
0.0687	0.2427	0.0600	0.0825	0.1501	0.1460	0.1706	0.0795	
0.1841	0.1934	0.0680	0.1105	0.0862	0.0419	0.2281	0.0878	
0.0366	0.0237	0.0914	0.2205	0.1888	0.1651	0.1819	0.0919	
0.1190	0.0745	0.1175	0.0130	0.1024	0.0177	0.1927	0.3631	
0.1329	0.1634	0.1307	0.0489	0.1058	0.1396	0.1327	0.1461	
0.3171	0.1761	0.0125	0.2489	0.0089	0.1832	0.0021	0.0513	
0.1476	0.0113	0.0225	0.0758	0.2187	0.1167	0.1727	0.2347	
0.1167	0.0170	0.0280	0.1640	0.0929	0.1204	0.2555	0.2055	
0.2360	0.0753	0.1242	0.1511	0.1088	0.0281	0.1642	0.1122	
0.1364	0.3364	0.0102	0.1327	0.1610	0.1446	0.0749	0.0038	
0.0602	0.1456	0.1099	0.1103	0.0020	0.0401	0.3647	0.1673	
0.0298	0.2578	0.1403	0.1088	0.0877	0.1052	0.2373	0.0331	
0.0961	0.1076	0.1984	0.1325	0.1362	0.0577	0.1213	0.1501	
0.1099	0.1970	0.1299	0.0053	0.0619	0.1238	0.1884	0.1839	
0.1609	0.0398	0.1738	0.0244	0.0525	0.0835	0.1987	0.2665	
0.0448	0.0730	0.1372	0.0994	0.0378	0.1795	0.1946	0.2338	
0.2198	0.2425	0.0197	0.0808	0.1130	0.0577	0.0557	0.2107	
0.1461	0.2094	0.1681	0.0387	0.0406	0.1311	0.2092	0.0568	
0.0503	0.0774	0.2067	0.1018	0.0411	0.1825	0.3025	0.0379	
0.2147	0.0657	0.0944	0.1206	0.1401	0.1274	0.0848	0.1522	
0.2986	0.0410	0.0077	0.1312	0.1182	0.0436	0.2574	0.1023	
0.1925	0.2419	0.0741	0.0595	0.0883	0.0820	0.1356	0.1261	
0.0924	0.1583	0.2258	0.0019	0.0719	0.0856	0.2776	0.0866	
0.0121	0.0218	0.2162	0.1983	0.2532	0.1856	0.0427	0.0702	
0.1037	0.1266	0.0879	0.0226	0.1570	0.0909	0.1255	0.2859	
0.0835	0.1290	0.1186	0.1106	0.1146	0.0938	0.2285	0.1214	
0.2727	0.0835	0.0437	0.1354	0.0560	0.0497	0.1035	0.2554	
0.1671	0.2925	0.0611	0.1717	0.0898	0.0397	0.1325	0.0456	
0.1696	0.0299	0.1358	0.2168	0.0052	0.0430	0.1356	0.2642	
0.1695	0.1681	0.1316	0.1444	0.0998	0.0125	0.1393	0.1348	
0.0544	0.0861	0.2271	0.0908	0.0846	0.1171	0.2247	0.1153	
0.0345	0.1484	0.1015	0.1486	0.1404	0.1120	0.0628	0.2518	
0.2007	0.1162	0.1333	0.0974	0.1232	0.1066	0.0875	0.1351	
0.1405	0.1274	0.2075	0.1005	0.1165	0.0981	0.0268	0.1827	
0.0578	0.2367	0.0687	0.0361	0.0649	0.1197	0.1588	0.2573	
0.0554	0.1170	0.1961	0.0969	0.1325	0.1026	0.2826	0.0169	
0.0790	0.2299	0.2123	0.0439	0.0392	0.0092	0.1984	0.1881	
0.2118	0.0854	0.1367	0.0146	0.1390	0.0286	0.1969	0.1869	
0.1037	0.0390	0.1745	0.1686	0.0880	0.2149	0.1770	0.0343	
0.1349	0.2456	0.0607	0.0796	0.0001	0.1528	0.2408	0.0855	
0.1787	0.2006	0.0440	0.2127	0.0760	0.1237	0.0818	0.0826	
0.0985	0.2598	0.0509	0.0279	0.1540	0.1002	0.3057	0.0030	
0.1254	0.0051	0.1811	0.1079	0.1523	0.1449	0.1806	0.1026	
0.0337	0.3050	0.1663	0.0562	0.1740	0.0359	0.2024	0.0264	
0.0842	0.1787	0.1042	0.0647	0.1445	0.1644	0.0722	0.1871	
0.3137	0.1091	0.0882	0.1963	0.1192	0.0659	0.0740	0.0336	
0.2482	0.0802	0.0006	0.2221	0.1344	0.0464	0.1058	0.1624	
0.2183	0.2544	0.0881	0.1074	0.0493	0.1174	0.1226	0.0425	
0.0480	0.1026	0.2766	0.0484	0.0250	0.1822	0.0524	0.2649	
0.1930	0.0877	0.0892	0.1205	0.0316	0.1280	0.1724	0.1775	
0.2041	0.1864	0.1796	0.1297	0.0429	0.1887	0.0431	0.0254	
0.0393	0.2249	0.0951	0.1287	0.0519	0.1192	0.0691	0.2717	
0.1868	0.1872	0.1840	0.0977	0.1943	0.0026	0.0099	0.1375	
0.0524	0.2008	0.0511	0.1873	0.1554	0.1650	0.1843	0.0038	
0.0708	0.2798	0.1964	0.1738	0.0889	0.0090	0.0124	0.1690	
0.0369	0.2760	0.3944	0.0579	0.0509	0.0658	0.0842	0.0340	
0.0084	0.2183	0.1222	0.1462	0.0713	0.0257	0.2493	0.1586	
0.1580	0.0675	0.0680	0.2352	0.0858	0.0883	0.1429	0.1543	
0.0802	0.1351	0.1494	0.0670	0.1437	0.0603	0.1142	0.2500	
0.0932	0.2968	0.0807	0.0178	0.0024	0.1547	0.0311	0.3233	
0.0701	0.0581	0.1397	0.1875	0.1909	0.1407	0.1626	0.0503	
0.2060	0.0981	0.1451	0.0641	0.1289	0.0717	0.0585	0.2276	
0.0739	0.1647	0.1258	0.1579	0.0927	0.1130	0.0854	0.1866	
0.0683	0.0389	0.0955	0.0844	0.1592	0.1813	0.1699	0.2024	
0.0114	0.1587	0.1098	0.0413	0.1825	0.0963	0.1422	0.2577	
0.2496	0.1246	0.0468	0.0905	0.0963	0.1302	0.2553	0.0067	
0.1200	0.1733	0.2165	0.0597	0.1542	0.0640	0.0709	0.1413	
0.1666	0.2516	0.1063	0.1425	0.0646	0.1635	0.0771	0.0278	
0.2139	0.0119	0.0673	0.0779	0.0023	0.0032	0.3084	0.3150	
0.0677	0.1182	0.2272	0.0638	0.1096	0.2149	0.0345	0.1642	
0.0429	0.1130	0.2061	0.0589	0.0190	0.0430	0.2556	0.2617	
0.0384	0.2619	0.0466	0.1915	0.1199	0.0656	0.0588	0.2172	
0.0277	0.0928	0.2107	0.1063	0.1424	0.1568	0.0047	0.2586	
0.1097	0.2238	0.0459	0.0722	0.0674	0.0043	0.2267	0.2501	
0.4403	0.0676	0.1857	0.0327	0.0148	0.0101	0.0009	0.2478	
0.1023	0.2561	0.0289	0.0167	0.1406	0.2017	0.0010	0.2527	
0.0138	0.3518	0.0242	0.0468	0.0559	0.0932	0.2491	0.1653	
0.1075	0.1310	0.3345	0.0597	0.0047	0.0847	0.1816	0.0963	
0.0032	0.1990	0.0408	0.1656	0.1917	0.0399	0.3201	0.0397	
0.0668	0.0739	0.1199	0.0118	0.1380	0.2514	0.0131	0.3250	
0.2394	0.1504	0.0608	0.1016	0.1272	0.0941	0.1496	0.0770	
0.1269	0.0937	0.1261	0.2424	0.0917	0.1311	0.1597	0.0284	
