DataSet 37
Learner: Baum Welch Learner
Log Likelihood: 71277.6368423474

Number of States: 70
Number of Symbols: 8
Threshold: 0.01

Initial Distribution:
0.0005	0.0047	0.0425	0.0256	0.0098	0.0327	0.0062	0.0008	0.0060	0.0160	0.0075	0.0153	0.0393	0.0282	0.0082	0.0092	0.0151	0.0223	0.0296	0.0125	0.0298	0.0084	0.0102	0.0098	0.0150	0.0044	0.0307	0.0176	0.0204	0.0218	0.0017	0.0070	0.0398	0.0135	0.0089	0.0143	0.0269	0.0093	0.0072	0.0079	0.0085	0.0049	0.0100	0.0217	0.0033	0.0047	0.0093	0.0139	0.0189	0.0272	0.0005	0.0082	0.0105	0.0041	0.0212	0.0067	0.0178	0.0016	0.0059	0.0095	0.0019	0.0168	0.0070	0.0236	0.0251	0.0020	0.0274	0.0088	0.0248	0.0178	

Transitions:
0.0185	0.0190	0.0186	0.0168	0.0054	0.0130	0.0238	0.0114	0.0170	0.0106	0.0226	0.0188	0.0185	0.0216	0.0184	0.0145	0.0157	0.0183	0.0224	0.0110	0.0197	0.0162	0.0007	0.0127	0.0036	0.0167	0.0199	0.0184	0.0038	0.0015	0.0121	0.0000	0.0064	0.0052	0.0025	0.0093	0.0131	0.0216	0.0258	0.0201	0.0205	0.0054	0.0108	0.0217	0.0119	0.0065	0.0220	0.0112	0.0214	0.0058	0.0143	0.0240	0.0121	0.0054	0.0180	0.0277	0.0160	0.0114	0.0148	0.0140	0.0162	0.0025	0.0096	0.0128	0.0202	0.0231	0.0124	0.0146	0.0189	0.0093	
0.0271	0.0195	0.0186	0.0236	0.0159	0.0159	0.0090	0.0035	0.0272	0.0243	0.0195	0.0141	0.0240	0.0236	0.0133	0.0189	0.0160	0.0010	0.0106	0.0048	0.0167	0.0029	0.0089	0.0108	0.0092	0.0206	0.0185	0.0209	0.0235	0.0152	0.0188	0.0085	0.0161	0.0111	0.0057	0.0239	0.0227	0.0120	0.0193	0.0027	0.0152	0.0130	0.0129	0.0182	0.0231	0.0009	0.0042	0.0124	0.0023	0.0049	0.0088	0.0146	0.0043	0.0137	0.0163	0.0258	0.0084	0.0117	0.0167	0.0209	0.0237	0.0118	0.0046	0.0094	0.0027	0.0115	0.0233	0.0139	0.0171	0.0152	
0.0260	0.0035	0.0108	0.0100	0.0184	0.0075	0.0213	0.0184	0.0181	0.0108	0.0209	0.0123	0.0267	0.0272	0.0079	0.0089	0.0069	0.0020	0.0239	0.0153	0.0177	0.0148	0.0268	0.0348	0.0094	0.0051	0.0081	0.0036	0.0184	0.0139	0.0037	0.0208	0.0261	0.0145	0.0128	0.0083	0.0043	0.0281	0.0011	0.0130	0.0067	0.0235	0.0319	0.0099	0.0048	0.0138	0.0250	0.0114	0.0052	0.0300	0.0073	0.0325	0.0284	0.0072	0.0013	0.0070	0.0079	0.0139	0.0003	0.0140	0.0321	0.0149	0.0008	0.0037	0.0062	0.0344	0.0222	0.0094	0.0117	0.0007	
0.0034	0.0109	0.0007	0.0087	0.0062	0.0226	0.0161	0.0134	0.0217	0.0244	0.0121	0.0245	0.0272	0.0211	0.0056	0.0074	0.0257	0.0141	0.0113	0.0078	0.0254	0.0174	0.0214	0.0205	0.0137	0.0204	0.0149	0.0217	0.0023	0.0042	0.0214	0.0121	0.0002	0.0032	0.0168	0.0257	0.0203	0.0125	0.0002	0.0038	0.0160	0.0190	0.0182	0.0044	0.0262	0.0252	0.0143	0.0075	0.0261	0.0281	0.0037	0.0031	0.0260	0.0018	0.0006	0.0119	0.0140	0.0102	0.0228	0.0145	0.0064	0.0189	0.0126	0.0154	0.0013	0.0280	0.0269	0.0240	0.0006	0.0088	
0.0132	0.0135	0.0129	0.0072	0.0199	0.0085	0.0013	0.0162	0.0206	0.0168	0.0054	0.0109	0.0253	0.0037	0.0008	0.0206	0.0194	0.0262	0.0026	0.0096	0.0095	0.0120	0.0188	0.0173	0.0260	0.0245	0.0042	0.0014	0.0027	0.0283	0.0002	0.0187	0.0067	0.0159	0.0114	0.0216	0.0136	0.0165	0.0133	0.0168	0.0093	0.0250	0.0202	0.0073	0.0096	0.0210	0.0275	0.0103	0.0191	0.0101	0.0117	0.0006	0.0253	0.0177	0.0246	0.0333	0.0221	0.0005	0.0101	0.0224	0.0045	0.0262	0.0193	0.0174	0.0153	0.0169	0.0043	0.0093	0.0165	0.0084	
0.0045	0.0303	0.0131	0.0111	0.0284	0.0147	0.0236	0.0092	0.0061	0.0027	0.0009	0.0234	0.0131	0.0201	0.0162	0.0280	0.0295	0.0152	0.0150	0.0158	0.0242	0.0144	0.0072	0.0207	0.0158	0.0095	0.0049	0.0003	0.0183	0.0216	0.0194	0.0145	0.0213	0.0075	0.0042	0.0114	0.0129	0.0091	0.0189	0.0095	0.0052	0.0112	0.0200	0.0064	0.0216	0.0071	0.0165	0.0236	0.0034	0.0154	0.0158	0.0170	0.0230	0.0006	0.0083	0.0191	0.0208	0.0204	0.0233	0.0173	0.0108	0.0178	0.0212	0.0108	0.0118	0.0168	0.0035	0.0049	0.0151	0.0045	
0.0143	0.0189	0.0182	0.0055	0.0111	0.0143	0.0240	0.0002	0.0282	0.0082	0.0228	0.0104	0.0240	0.0045	0.0066	0.0019	0.0253	0.0192	0.0229	0.0156	0.0158	0.0175	0.0134	0.0045	0.0008	0.0123	0.0142	0.0103	0.0194	0.0055	0.0042	0.0085	0.0065	0.0251	0.0015	0.0263	0.0185	0.0128	0.0202	0.0164	0.0213	0.0207	0.0235	0.0148	0.0223	0.0224	0.0261	0.0139	0.0049	0.0098	0.0195	0.0114	0.0079	0.0236	0.0123	0.0261	0.0037	0.0161	0.0054	0.0244	0.0284	0.0082	0.0062	0.0181	0.0031	0.0167	0.0037	0.0252	0.0027	0.0078	
0.0104	0.0104	0.0013	0.0062	0.0257	0.0267	0.0303	0.0242	0.0145	0.0025	0.0202	0.0070	0.0074	0.0146	0.0161	0.0261	0.0032	0.0085	0.0131	0.0095	0.0239	0.0029	0.0096	0.0290	0.0283	0.0173	0.0146	0.0020	0.0140	0.0063	0.0249	0.0263	0.0114	0.0267	0.0018	0.0134	0.0109	0.0013	0.0094	0.0145	0.0273	0.0077	0.0078	0.0037	0.0082	0.0191	0.0025	0.0257	0.0091	0.0115	0.0141	0.0294	0.0184	0.0229	0.0144	0.0073	0.0331	0.0075	0.0114	0.0049	0.0148	0.0234	0.0148	0.0067	0.0079	0.0261	0.0262	0.0129	0.0128	0.0018	
0.0134	0.0017	0.0000	0.0255	0.0127	0.0155	0.0296	0.0047	0.0180	0.0060	0.0145	0.0232	0.0234	0.0032	0.0224	0.0292	0.0122	0.0168	0.0100	0.0271	0.0114	0.0029	0.0208	0.0040	0.0034	0.0037	0.0188	0.0010	0.0228	0.0142	0.0241	0.0201	0.0094	0.0068	0.0213	0.0124	0.0218	0.0183	0.0132	0.0233	0.0092	0.0260	0.0212	0.0050	0.0224	0.0164	0.0005	0.0102	0.0158	0.0100	0.0130	0.0092	0.0012	0.0139	0.0171	0.0105	0.0109	0.0241	0.0252	0.0084	0.0255	0.0226	0.0112	0.0025	0.0109	0.0277	0.0148	0.0165	0.0045	0.0108	
0.0026	0.0248	0.0041	0.0120	0.0177	0.0171	0.0140	0.0128	0.0138	0.0161	0.0032	0.0144	0.0167	0.0154	0.0014	0.0170	0.0222	0.0234	0.0161	0.0197	0.0009	0.0275	0.0248	0.0053	0.0053	0.0150	0.0110	0.0171	0.0217	0.0264	0.0033	0.0136	0.0047	0.0026	0.0053	0.0202	0.0030	0.0175	0.0298	0.0249	0.0233	0.0269	0.0125	0.0080	0.0050	0.0069	0.0077	0.0249	0.0015	0.0244	0.0040	0.0216	0.0326	0.0127	0.0090	0.0035	0.0280	0.0000	0.0075	0.0310	0.0058	0.0213	0.0247	0.0146	0.0119	0.0225	0.0101	0.0141	0.0090	0.0103	
0.0128	0.0014	0.0186	0.0155	0.0226	0.0047	0.0153	0.0120	0.0002	0.0258	0.0081	0.0175	0.0142	0.0000	0.0206	0.0114	0.0152	0.0172	0.0185	0.0036	0.0180	0.0028	0.0093	0.0291	0.0217	0.0022	0.0028	0.0235	0.0213	0.0133	0.0237	0.0192	0.0118	0.0175	0.0079	0.0022	0.0210	0.0083	0.0193	0.0032	0.0137	0.0103	0.0243	0.0086	0.0196	0.0115	0.0068	0.0204	0.0206	0.0267	0.0033	0.0189	0.0217	0.0042	0.0146	0.0102	0.0186	0.0199	0.0217	0.0188	0.0022	0.0143	0.0189	0.0123	0.0259	0.0165	0.0060	0.0236	0.0161	0.0167	
0.0195	0.0074	0.0273	0.0191	0.0202	0.0112	0.0044	0.0006	0.0105	0.0114	0.0270	0.0131	0.0056	0.0283	0.0125	0.0089	0.0004	0.0090	0.0018	0.0016	0.0117	0.0017	0.0167	0.0007	0.0022	0.0308	0.0182	0.0152	0.0101	0.0040	0.0081	0.0114	0.0026	0.0023	0.0116	0.0311	0.0206	0.0040	0.0213	0.0064	0.0061	0.0226	0.0170	0.0153	0.0303	0.0193	0.0148	0.0262	0.0041	0.0245	0.0184	0.0330	0.0308	0.0171	0.0086	0.0181	0.0230	0.0280	0.0180	0.0193	0.0243	0.0187	0.0248	0.0054	0.0022	0.0172	0.0109	0.0031	0.0142	0.0141	
0.0161	0.0268	0.0173	0.0222	0.0233	0.0188	0.0165	0.0008	0.0049	0.0113	0.0150	0.0258	0.0096	0.0155	0.0154	0.0083	0.0166	0.0131	0.0185	0.0272	0.0059	0.0208	0.0164	0.0014	0.0154	0.0149	0.0229	0.0092	0.0105	0.0098	0.0095	0.0088	0.0090	0.0171	0.0038	0.0182	0.0066	0.0270	0.0186	0.0144	0.0217	0.0203	0.0179	0.0036	0.0003	0.0176	0.0079	0.0019	0.0185	0.0208	0.0257	0.0229	0.0098	0.0106	0.0052	0.0249	0.0082	0.0156	0.0071	0.0077	0.0217	0.0048	0.0189	0.0208	0.0022	0.0080	0.0179	0.0189	0.0112	0.0240	
0.0005	0.0181	0.0200	0.0064	0.0018	0.0155	0.0290	0.0112	0.0010	0.0252	0.0093	0.0247	0.0203	0.0183	0.0126	0.0150	0.0004	0.0235	0.0114	0.0104	0.0099	0.0177	0.0193	0.0154	0.0233	0.0208	0.0005	0.0273	0.0014	0.0213	0.0015	0.0148	0.0177	0.0192	0.0179	0.0108	0.0017	0.0025	0.0104	0.0160	0.0214	0.0250	0.0151	0.0117	0.0269	0.0220	0.0134	0.0293	0.0099	0.0172	0.0068	0.0248	0.0093	0.0024	0.0132	0.0105	0.0247	0.0078	0.0115	0.0098	0.0168	0.0252	0.0114	0.0070	0.0213	0.0244	0.0088	0.0003	0.0255	0.0022	
0.0143	0.0318	0.0123	0.0226	0.0167	0.0141	0.0033	0.0076	0.0169	0.0316	0.0078	0.0013	0.0191	0.0134	0.0158	0.0087	0.0076	0.0151	0.0052	0.0123	0.0139	0.0207	0.0195	0.0019	0.0017	0.0247	0.0099	0.0088	0.0157	0.0040	0.0148	0.0131	0.0022	0.0073	0.0036	0.0094	0.0073	0.0143	0.0176	0.0243	0.0063	0.0162	0.0217	0.0119	0.0020	0.0139	0.0104	0.0296	0.0229	0.0163	0.0176	0.0255	0.0279	0.0129	0.0147	0.0225	0.0072	0.0118	0.0224	0.0204	0.0035	0.0211	0.0229	0.0106	0.0134	0.0262	0.0285	0.0117	0.0091	0.0065	
0.0282	0.0229	0.0211	0.0051	0.0047	0.0001	0.0010	0.0060	0.0271	0.0150	0.0142	0.0119	0.0152	0.0017	0.0140	0.0200	0.0185	0.0143	0.0175	0.0140	0.0016	0.0210	0.0192	0.0282	0.0216	0.0124	0.0171	0.0087	0.0219	0.0069	0.0140	0.0241	0.0162	0.0123	0.0109	0.0240	0.0171	0.0163	0.0084	0.0125	0.0141	0.0275	0.0117	0.0054	0.0039	0.0147	0.0053	0.0181	0.0245	0.0207	0.0045	0.0120	0.0209	0.0189	0.0039	0.0043	0.0253	0.0011	0.0091	0.0204	0.0054	0.0172	0.0090	0.0167	0.0248	0.0170	0.0221	0.0029	0.0139	0.0182	
0.0334	0.0010	0.0074	0.0044	0.0320	0.0032	0.0154	0.0152	0.0263	0.0096	0.0086	0.0050	0.0163	0.0065	0.0031	0.0056	0.0093	0.0264	0.0096	0.0129	0.0254	0.0239	0.0095	0.0229	0.0113	0.0296	0.0156	0.0227	0.0065	0.0191	0.0235	0.0027	0.0036	0.0043	0.0194	0.0048	0.0031	0.0178	0.0313	0.0017	0.0216	0.0140	0.0095	0.0019	0.0162	0.0010	0.0075	0.0044	0.0239	0.0282	0.0111	0.0016	0.0307	0.0044	0.0245	0.0058	0.0243	0.0199	0.0273	0.0345	0.0177	0.0211	0.0126	0.0055	0.0176	0.0066	0.0016	0.0116	0.0131	0.0309	
0.0016	0.0212	0.0222	0.0065	0.0185	0.0122	0.0155	0.0052	0.0039	0.0093	0.0188	0.0130	0.0023	0.0104	0.0064	0.0188	0.0091	0.0253	0.0075	0.0174	0.0096	0.0111	0.0208	0.0282	0.0155	0.0016	0.0012	0.0023	0.0129	0.0076	0.0265	0.0216	0.0190	0.0173	0.0157	0.0173	0.0026	0.0139	0.0141	0.0074	0.0156	0.0148	0.0138	0.0119	0.0078	0.0236	0.0179	0.0263	0.0284	0.0228	0.0238	0.0024	0.0014	0.0183	0.0134	0.0194	0.0258	0.0004	0.0182	0.0161	0.0134	0.0101	0.0215	0.0207	0.0092	0.0274	0.0207	0.0110	0.0169	0.0158	
0.0193	0.0261	0.0135	0.0001	0.0314	0.0257	0.0312	0.0081	0.0213	0.0188	0.0140	0.0040	0.0041	0.0201	0.0127	0.0280	0.0270	0.0283	0.0027	0.0043	0.0194	0.0029	0.0267	0.0316	0.0272	0.0070	0.0211	0.0208	0.0033	0.0114	0.0066	0.0053	0.0086	0.0099	0.0066	0.0036	0.0166	0.0013	0.0212	0.0191	0.0185	0.0219	0.0094	0.0022	0.0035	0.0090	0.0094	0.0004	0.0146	0.0139	0.0026	0.0258	0.0113	0.0139	0.0240	0.0168	0.0286	0.0148	0.0040	0.0248	0.0028	0.0061	0.0066	0.0078	0.0124	0.0111	0.0278	0.0240	0.0126	0.0086	
0.0085	0.0254	0.0050	0.0121	0.0135	0.0017	0.0235	0.0196	0.0255	0.0172	0.0289	0.0221	0.0069	0.0188	0.0089	0.0115	0.0272	0.0209	0.0114	0.0230	0.0058	0.0031	0.0258	0.0004	0.0169	0.0141	0.0106	0.0031	0.0179	0.0237	0.0129	0.0134	0.0167	0.0043	0.0043	0.0100	0.0159	0.0259	0.0026	0.0216	0.0199	0.0032	0.0196	0.0169	0.0240	0.0078	0.0303	0.0165	0.0296	0.0006	0.0138	0.0040	0.0130	0.0174	0.0019	0.0051	0.0253	0.0050	0.0256	0.0294	0.0197	0.0167	0.0037	0.0004	0.0029	0.0166	0.0064	0.0027	0.0139	0.0272	
0.0251	0.0319	0.0179	0.0168	0.0004	0.0032	0.0125	0.0083	0.0070	0.0089	0.0146	0.0252	0.0049	0.0196	0.0103	0.0105	0.0024	0.0261	0.0022	0.0010	0.0134	0.0113	0.0013	0.0047	0.0068	0.0042	0.0234	0.0193	0.0133	0.0079	0.0020	0.0258	0.0013	0.0269	0.0066	0.0154	0.0129	0.0239	0.0189	0.0248	0.0204	0.0156	0.0278	0.0165	0.0135	0.0202	0.0130	0.0141	0.0197	0.0238	0.0134	0.0101	0.0004	0.0125	0.0135	0.0098	0.0279	0.0148	0.0096	0.0264	0.0042	0.0191	0.0243	0.0261	0.0058	0.0177	0.0264	0.0057	0.0119	0.0232	
0.0264	0.0070	0.0061	0.0032	0.0088	0.0226	0.0156	0.0109	0.0198	0.0146	0.0176	0.0137	0.0008	0.0179	0.0229	0.0212	0.0272	0.0160	0.0113	0.0251	0.0140	0.0236	0.0139	0.0233	0.0226	0.0004	0.0145	0.0250	0.0078	0.0229	0.0228	0.0070	0.0021	0.0210	0.0182	0.0054	0.0010	0.0226	0.0044	0.0121	0.0193	0.0117	0.0208	0.0205	0.0055	0.0145	0.0210	0.0037	0.0036	0.0124	0.0193	0.0072	0.0224	0.0100	0.0064	0.0303	0.0199	0.0111	0.0084	0.0076	0.0080	0.0120	0.0053	0.0205	0.0179	0.0131	0.0120	0.0061	0.0207	0.0156	
0.0232	0.0000	0.0105	0.0242	0.0045	0.0046	0.0037	0.0163	0.0185	0.0061	0.0090	0.0157	0.0249	0.0230	0.0040	0.0168	0.0186	0.0186	0.0134	0.0279	0.0119	0.0153	0.0171	0.0296	0.0080	0.0084	0.0053	0.0003	0.0043	0.0223	0.0051	0.0126	0.0091	0.0138	0.0151	0.0212	0.0202	0.0220	0.0089	0.0022	0.0206	0.0008	0.0257	0.0032	0.0309	0.0174	0.0219	0.0088	0.0230	0.0017	0.0250	0.0231	0.0245	0.0208	0.0041	0.0056	0.0125	0.0136	0.0191	0.0249	0.0313	0.0025	0.0184	0.0212	0.0004	0.0299	0.0067	0.0104	0.0039	0.0120	
0.0256	0.0261	0.0089	0.0126	0.0055	0.0122	0.0221	0.0114	0.0292	0.0189	0.0208	0.0265	0.0100	0.0034	0.0261	0.0125	0.0247	0.0146	0.0099	0.0175	0.0076	0.0075	0.0044	0.0158	0.0048	0.0221	0.0122	0.0009	0.0029	0.0027	0.0128	0.0075	0.0042	0.0073	0.0069	0.0036	0.0116	0.0076	0.0208	0.0171	0.0131	0.0291	0.0189	0.0016	0.0047	0.0266	0.0224	0.0128	0.0294	0.0199	0.0031	0.0258	0.0015	0.0157	0.0042	0.0163	0.0180	0.0250	0.0087	0.0137	0.0303	0.0183	0.0105	0.0224	0.0033	0.0128	0.0239	0.0025	0.0252	0.0214	
0.0279	0.0153	0.0195	0.0161	0.0028	0.0072	0.0195	0.0023	0.0085	0.0053	0.0254	0.0024	0.0021	0.0124	0.0250	0.0200	0.0062	0.0145	0.0024	0.0221	0.0122	0.0127	0.0249	0.0064	0.0192	0.0213	0.0130	0.0192	0.0220	0.0191	0.0041	0.0174	0.0152	0.0044	0.0135	0.0167	0.0196	0.0107	0.0124	0.0192	0.0187	0.0136	0.0152	0.0022	0.0131	0.0205	0.0158	0.0237	0.0246	0.0106	0.0056	0.0069	0.0294	0.0238	0.0061	0.0127	0.0136	0.0158	0.0238	0.0080	0.0189	0.0219	0.0047	0.0135	0.0008	0.0079	0.0133	0.0239	0.0215	0.0096	
0.0279	0.0254	0.0028	0.0070	0.0006	0.0007	0.0294	0.0220	0.0224	0.0278	0.0068	0.0214	0.0254	0.0155	0.0157	0.0290	0.0220	0.0166	0.0255	0.0067	0.0026	0.0060	0.0147	0.0056	0.0052	0.0252	0.0079	0.0002	0.0013	0.0061	0.0094	0.0188	0.0010	0.0134	0.0124	0.0118	0.0032	0.0199	0.0297	0.0055	0.0129	0.0173	0.0250	0.0276	0.0017	0.0235	0.0004	0.0197	0.0015	0.0030	0.0170	0.0293	0.0310	0.0152	0.0076	0.0217	0.0078	0.0247	0.0023	0.0038	0.0220	0.0248	0.0262	0.0138	0.0154	0.0171	0.0211	0.0128	0.0006	0.0031	
0.0263	0.0289	0.0163	0.0198	0.0224	0.0120	0.0088	0.0132	0.0036	0.0076	0.0226	0.0187	0.0278	0.0267	0.0183	0.0132	0.0207	0.0123	0.0047	0.0248	0.0039	0.0043	0.0166	0.0255	0.0158	0.0134	0.0166	0.0104	0.0112	0.0129	0.0044	0.0162	0.0169	0.0240	0.0067	0.0160	0.0090	0.0079	0.0215	0.0190	0.0082	0.0194	0.0197	0.0215	0.0076	0.0005	0.0265	0.0258	0.0231	0.0035	0.0253	0.0084	0.0071	0.0031	0.0240	0.0193	0.0097	0.0193	0.0042	0.0058	0.0218	0.0205	0.0033	0.0172	0.0028	0.0080	0.0027	0.0007	0.0186	0.0013	
0.0034	0.0118	0.0149	0.0105	0.0173	0.0109	0.0117	0.0196	0.0175	0.0147	0.0154	0.0225	0.0150	0.0082	0.0167	0.0251	0.0108	0.0132	0.0246	0.0186	0.0063	0.0145	0.0040	0.0196	0.0012	0.0109	0.0132	0.0046	0.0172	0.0267	0.0258	0.0263	0.0070	0.0221	0.0004	0.0145	0.0172	0.0231	0.0150	0.0128	0.0062	0.0145	0.0041	0.0176	0.0193	0.0230	0.0112	0.0236	0.0010	0.0071	0.0270	0.0181	0.0020	0.0245	0.0200	0.0177	0.0065	0.0244	0.0098	0.0046	0.0253	0.0049	0.0048	0.0161	0.0158	0.0192	0.0170	0.0196	0.0079	0.0024	
0.0063	0.0175	0.0257	0.0131	0.0137	0.0211	0.0131	0.0129	0.0316	0.0042	0.0015	0.0230	0.0045	0.0138	0.0010	0.0109	0.0304	0.0078	0.0005	0.0148	0.0081	0.0193	0.0144	0.0138	0.0222	0.0017	0.0084	0.0156	0.0025	0.0010	0.0095	0.0197	0.0158	0.0277	0.0018	0.0142	0.0197	0.0191	0.0181	0.0010	0.0043	0.0228	0.0303	0.0067	0.0034	0.0013	0.0017	0.0228	0.0186	0.0081	0.0231	0.0116	0.0237	0.0237	0.0233	0.0157	0.0319	0.0157	0.0224	0.0114	0.0139	0.0240	0.0125	0.0271	0.0228	0.0124	0.0086	0.0064	0.0119	0.0166	
0.0194	0.0072	0.0165	0.0254	0.0093	0.0127	0.0219	0.0064	0.0081	0.0183	0.0253	0.0164	0.0246	0.0214	0.0087	0.0280	0.0285	0.0184	0.0031	0.0160	0.0109	0.0031	0.0245	0.0065	0.0171	0.0070	0.0075	0.0004	0.0100	0.0184	0.0206	0.0221	0.0089	0.0255	0.0128	0.0122	0.0166	0.0182	0.0135	0.0063	0.0173	0.0198	0.0062	0.0013	0.0106	0.0192	0.0259	0.0159	0.0176	0.0215	0.0119	0.0154	0.0021	0.0179	0.0035	0.0165	0.0089	0.0111	0.0094	0.0008	0.0056	0.0169	0.0261	0.0145	0.0229	0.0041	0.0078	0.0249	0.0063	0.0205	
0.0105	0.0077	0.0044	0.0223	0.0274	0.0187	0.0285	0.0204	0.0257	0.0251	0.0105	0.0209	0.0104	0.0156	0.0074	0.0057	0.0249	0.0158	0.0223	0.0021	0.0035	0.0052	0.0100	0.0156	0.0023	0.0279	0.0187	0.0187	0.0040	0.0064	0.0139	0.0262	0.0087	0.0221	0.0102	0.0062	0.0088	0.0060	0.0256	0.0098	0.0162	0.0133	0.0171	0.0152	0.0199	0.0101	0.0109	0.0086	0.0096	0.0208	0.0102	0.0221	0.0033	0.0043	0.0183	0.0047	0.0249	0.0179	0.0230	0.0269	0.0277	0.0049	0.0225	0.0158	0.0087	0.0129	0.0129	0.0163	0.0029	0.0017	
0.0225	0.0170	0.0158	0.0102	0.0114	0.0165	0.0177	0.0170	0.0224	0.0187	0.0165	0.0135	0.0093	0.0113	0.0216	0.0206	0.0249	0.0035	0.0019	0.0088	0.0074	0.0168	0.0116	0.0282	0.0132	0.0117	0.0150	0.0240	0.0057	0.0067	0.0239	0.0193	0.0046	0.0061	0.0170	0.0208	0.0203	0.0172	0.0192	0.0002	0.0119	0.0018	0.0213	0.0022	0.0070	0.0076	0.0232	0.0066	0.0222	0.0132	0.0140	0.0091	0.0149	0.0170	0.0161	0.0045	0.0031	0.0175	0.0236	0.0263	0.0271	0.0152	0.0161	0.0128	0.0198	0.0268	0.0094	0.0035	0.0146	0.0020	
0.0239	0.0059	0.0102	0.0019	0.0221	0.0069	0.0233	0.0083	0.0200	0.0054	0.0172	0.0127	0.0050	0.0192	0.0194	0.0166	0.0084	0.0109	0.0124	0.0195	0.0162	0.0061	0.0210	0.0232	0.0011	0.0220	0.0108	0.0090	0.0082	0.0100	0.0272	0.0183	0.0181	0.0179	0.0144	0.0091	0.0219	0.0115	0.0235	0.0110	0.0086	0.0230	0.0012	0.0180	0.0083	0.0120	0.0142	0.0223	0.0245	0.0040	0.0165	0.0270	0.0192	0.0210	0.0095	0.0174	0.0115	0.0150	0.0009	0.0266	0.0223	0.0100	0.0008	0.0081	0.0065	0.0322	0.0248	0.0125	0.0020	0.0103	
0.0219	0.0276	0.0115	0.0018	0.0111	0.0236	0.0062	0.0019	0.0157	0.0171	0.0124	0.0198	0.0148	0.0051	0.0236	0.0297	0.0015	0.0214	0.0074	0.0025	0.0237	0.0089	0.0115	0.0022	0.0202	0.0253	0.0167	0.0203	0.0119	0.0083	0.0183	0.0272	0.0208	0.0119	0.0105	0.0213	0.0133	0.0153	0.0162	0.0123	0.0103	0.0105	0.0026	0.0131	0.0148	0.0020	0.0295	0.0262	0.0160	0.0072	0.0281	0.0032	0.0067	0.0251	0.0124	0.0123	0.0139	0.0099	0.0112	0.0119	0.0061	0.0116	0.0213	0.0057	0.0271	0.0160	0.0281	0.0029	0.0197	0.0019	
0.0161	0.0155	0.0052	0.0230	0.0215	0.0144	0.0067	0.0225	0.0184	0.0180	0.0011	0.0243	0.0064	0.0060	0.0099	0.0167	0.0236	0.0206	0.0259	0.0036	0.0073	0.0031	0.0043	0.0046	0.0094	0.0268	0.0175	0.0237	0.0147	0.0279	0.0030	0.0221	0.0034	0.0121	0.0185	0.0134	0.0255	0.0110	0.0087	0.0217	0.0032	0.0150	0.0207	0.0225	0.0107	0.0078	0.0058	0.0129	0.0232	0.0120	0.0208	0.0072	0.0051	0.0154	0.0210	0.0117	0.0097	0.0016	0.0137	0.0206	0.0255	0.0087	0.0103	0.0170	0.0126	0.0065	0.0224	0.0237	0.0132	0.0215	
0.0221	0.0134	0.0125	0.0009	0.0002	0.0215	0.0130	0.0105	0.0274	0.0005	0.0239	0.0093	0.0002	0.0045	0.0091	0.0298	0.0230	0.0169	0.0195	0.0133	0.0042	0.0265	0.0302	0.0210	0.0015	0.0248	0.0051	0.0044	0.0088	0.0041	0.0172	0.0142	0.0317	0.0002	0.0205	0.0114	0.0224	0.0045	0.0194	0.0024	0.0002	0.0332	0.0085	0.0148	0.0351	0.0169	0.0119	0.0077	0.0124	0.0205	0.0202	0.0083	0.0052	0.0011	0.0214	0.0295	0.0144	0.0260	0.0329	0.0079	0.0188	0.0065	0.0030	0.0199	0.0160	0.0109	0.0103	0.0001	0.0114	0.0292	
0.0031	0.0176	0.0255	0.0165	0.0120	0.0055	0.0188	0.0120	0.0174	0.0148	0.0134	0.0270	0.0231	0.0199	0.0148	0.0089	0.0101	0.0265	0.0075	0.0004	0.0247	0.0256	0.0045	0.0130	0.0157	0.0241	0.0201	0.0182	0.0270	0.0210	0.0074	0.0095	0.0256	0.0118	0.0123	0.0033	0.0070	0.0172	0.0192	0.0145	0.0054	0.0312	0.0089	0.0157	0.0234	0.0155	0.0137	0.0123	0.0044	0.0059	0.0302	0.0124	0.0250	0.0097	0.0008	0.0056	0.0106	0.0167	0.0001	0.0190	0.0108	0.0268	0.0148	0.0228	0.0063	0.0035	0.0032	0.0109	0.0054	0.0125	
0.0003	0.0239	0.0078	0.0206	0.0257	0.0253	0.0215	0.0158	0.0180	0.0312	0.0105	0.0132	0.0138	0.0217	0.0210	0.0260	0.0200	0.0145	0.0103	0.0098	0.0196	0.0200	0.0173	0.0010	0.0056	0.0071	0.0115	0.0120	0.0074	0.0199	0.0132	0.0018	0.0062	0.0203	0.0041	0.0081	0.0018	0.0283	0.0159	0.0021	0.0138	0.0223	0.0005	0.0002	0.0079	0.0229	0.0152	0.0221	0.0049	0.0106	0.0150	0.0187	0.0333	0.0216	0.0173	0.0108	0.0040	0.0072	0.0166	0.0173	0.0151	0.0057	0.0123	0.0240	0.0166	0.0104	0.0074	0.0227	0.0171	0.0123	
0.0241	0.0188	0.0212	0.0074	0.0241	0.0015	0.0214	0.0125	0.0220	0.0091	0.0204	0.0200	0.0071	0.0231	0.0049	0.0229	0.0025	0.0097	0.0009	0.0226	0.0033	0.0189	0.0113	0.0304	0.0163	0.0083	0.0065	0.0034	0.0107	0.0257	0.0156	0.0166	0.0020	0.0185	0.0107	0.0236	0.0149	0.0167	0.0014	0.0130	0.0152	0.0152	0.0135	0.0061	0.0228	0.0156	0.0275	0.0124	0.0203	0.0190	0.0057	0.0241	0.0231	0.0177	0.0074	0.0002	0.0056	0.0229	0.0189	0.0124	0.0227	0.0135	0.0036	0.0191	0.0183	0.0033	0.0177	0.0145	0.0099	0.0078	
0.0070	0.0132	0.0078	0.0120	0.0074	0.0149	0.0096	0.0044	0.0065	0.0287	0.0111	0.0241	0.0127	0.0212	0.0206	0.0219	0.0290	0.0094	0.0112	0.0156	0.0172	0.0165	0.0269	0.0187	0.0246	0.0024	0.0104	0.0177	0.0141	0.0190	0.0262	0.0105	0.0015	0.0106	0.0110	0.0240	0.0146	0.0086	0.0149	0.0171	0.0182	0.0008	0.0223	0.0211	0.0025	0.0220	0.0030	0.0109	0.0031	0.0292	0.0053	0.0116	0.0048	0.0218	0.0175	0.0189	0.0121	0.0192	0.0170	0.0045	0.0042	0.0174	0.0190	0.0146	0.0264	0.0002	0.0238	0.0018	0.0079	0.0242	
0.0058	0.0218	0.0226	0.0207	0.0291	0.0176	0.0300	0.0064	0.0163	0.0006	0.0303	0.0025	0.0166	0.0178	0.0147	0.0203	0.0081	0.0065	0.0208	0.0283	0.0114	0.0232	0.0225	0.0128	0.0185	0.0013	0.0101	0.0061	0.0228	0.0024	0.0002	0.0013	0.0026	0.0057	0.0200	0.0180	0.0152	0.0138	0.0333	0.0006	0.0207	0.0055	0.0076	0.0172	0.0059	0.0015	0.0035	0.0015	0.0031	0.0109	0.0246	0.0209	0.0119	0.0105	0.0148	0.0126	0.0285	0.0139	0.0031	0.0251	0.0082	0.0191	0.0152	0.0118	0.0003	0.0313	0.0301	0.0113	0.0247	0.0260	
0.0030	0.0307	0.0060	0.0212	0.0068	0.0071	0.0235	0.0050	0.0062	0.0198	0.0318	0.0111	0.0037	0.0139	0.0098	0.0125	0.0269	0.0234	0.0207	0.0154	0.0193	0.0017	0.0127	0.0073	0.0248	0.0019	0.0187	0.0272	0.0158	0.0084	0.0020	0.0247	0.0085	0.0065	0.0063	0.0004	0.0108	0.0216	0.0064	0.0081	0.0218	0.0258	0.0105	0.0181	0.0317	0.0263	0.0218	0.0000	0.0045	0.0228	0.0079	0.0102	0.0280	0.0099	0.0067	0.0012	0.0132	0.0008	0.0331	0.0047	0.0192	0.0239	0.0252	0.0274	0.0171	0.0075	0.0033	0.0301	0.0062	0.0097	
0.0277	0.0018	0.0121	0.0091	0.0207	0.0221	0.0213	0.0180	0.0088	0.0242	0.0124	0.0186	0.0169	0.0225	0.0004	0.0216	0.0018	0.0235	0.0225	0.0057	0.0150	0.0087	0.0188	0.0016	0.0215	0.0003	0.0012	0.0090	0.0022	0.0176	0.0196	0.0149	0.0188	0.0206	0.0142	0.0040	0.0193	0.0073	0.0190	0.0051	0.0071	0.0150	0.0171	0.0007	0.0181	0.0179	0.0008	0.0205	0.0229	0.0166	0.0030	0.0046	0.0264	0.0225	0.0158	0.0194	0.0093	0.0114	0.0148	0.0164	0.0272	0.0088	0.0207	0.0151	0.0025	0.0236	0.0219	0.0231	0.0067	0.0195	
0.0015	0.0243	0.0070	0.0218	0.0286	0.0008	0.0199	0.0172	0.0131	0.0298	0.0283	0.0091	0.0138	0.0119	0.0162	0.0191	0.0213	0.0236	0.0041	0.0017	0.0219	0.0066	0.0193	0.0311	0.0085	0.0260	0.0205	0.0021	0.0244	0.0210	0.0243	0.0039	0.0128	0.0017	0.0152	0.0113	0.0250	0.0057	0.0005	0.0159	0.0245	0.0188	0.0011	0.0168	0.0207	0.0162	0.0251	0.0092	0.0017	0.0151	0.0059	0.0020	0.0232	0.0057	0.0011	0.0245	0.0004	0.0085	0.0131	0.0007	0.0046	0.0151	0.0219	0.0186	0.0031	0.0245	0.0271	0.0119	0.0228	0.0051	
0.0221	0.0168	0.0196	0.0134	0.0042	0.0042	0.0079	0.0034	0.0079	0.0222	0.0003	0.0155	0.0005	0.0114	0.0152	0.0236	0.0134	0.0066	0.0005	0.0251	0.0090	0.0164	0.0222	0.0350	0.0136	0.0094	0.0187	0.0094	0.0117	0.0255	0.0199	0.0139	0.0152	0.0245	0.0168	0.0219	0.0055	0.0069	0.0027	0.0214	0.0143	0.0275	0.0016	0.0214	0.0005	0.0149	0.0194	0.0107	0.0051	0.0092	0.0134	0.0207	0.0134	0.0235	0.0218	0.0028	0.0217	0.0215	0.0003	0.0244	0.0093	0.0243	0.0232	0.0097	0.0290	0.0173	0.0005	0.0043	0.0170	0.0238	
0.0184	0.0046	0.0037	0.0038	0.0092	0.0129	0.0174	0.0238	0.0299	0.0276	0.0218	0.0148	0.0052	0.0044	0.0117	0.0013	0.0042	0.0175	0.0009	0.0212	0.0252	0.0107	0.0065	0.0092	0.0174	0.0193	0.0045	0.0181	0.0202	0.0148	0.0158	0.0116	0.0204	0.0086	0.0167	0.0091	0.0128	0.0066	0.0179	0.0082	0.0135	0.0223	0.0229	0.0031	0.0013	0.0191	0.0202	0.0163	0.0291	0.0280	0.0107	0.0119	0.0038	0.0222	0.0222	0.0063	0.0267	0.0229	0.0156	0.0183	0.0096	0.0239	0.0066	0.0122	0.0093	0.0106	0.0225	0.0259	0.0125	0.0025	
0.0154	0.0276	0.0007	0.0164	0.0064	0.0056	0.0188	0.0027	0.0069	0.0256	0.0252	0.0174	0.0173	0.0193	0.0040	0.0049	0.0096	0.0230	0.0100	0.0137	0.0090	0.0171	0.0206	0.0302	0.0005	0.0152	0.0102	0.0101	0.0179	0.0192	0.0251	0.0204	0.0020	0.0240	0.0076	0.0128	0.0074	0.0109	0.0191	0.0143	0.0147	0.0237	0.0168	0.0162	0.0198	0.0147	0.0082	0.0111	0.0102	0.0037	0.0010	0.0245	0.0149	0.0212	0.0165	0.0296	0.0052	0.0011	0.0189	0.0167	0.0227	0.0038	0.0122	0.0124	0.0281	0.0060	0.0150	0.0188	0.0101	0.0183	
0.0293	0.0307	0.0051	0.0232	0.0290	0.0167	0.0007	0.0010	0.0110	0.0119	0.0117	0.0038	0.0026	0.0188	0.0199	0.0312	0.0124	0.0047	0.0059	0.0160	0.0072	0.0080	0.0214	0.0024	0.0281	0.0143	0.0101	0.0026	0.0189	0.0141	0.0019	0.0137	0.0290	0.0180	0.0064	0.0050	0.0199	0.0187	0.0010	0.0016	0.0231	0.0048	0.0206	0.0090	0.0065	0.0155	0.0020	0.0222	0.0278	0.0308	0.0254	0.0144	0.0193	0.0238	0.0114	0.0194	0.0041	0.0036	0.0270	0.0123	0.0062	0.0249	0.0108	0.0237	0.0088	0.0306	0.0048	0.0141	0.0108	0.0142	
0.0069	0.0231	0.0030	0.0035	0.0202	0.0031	0.0211	0.0099	0.0261	0.0110	0.0117	0.0200	0.0062	0.0183	0.0180	0.0168	0.0294	0.0025	0.0049	0.0198	0.0006	0.0175	0.0233	0.0199	0.0236	0.0239	0.0175	0.0221	0.0002	0.0078	0.0118	0.0162	0.0097	0.0099	0.0145	0.0023	0.0066	0.0116	0.0066	0.0070	0.0225	0.0224	0.0070	0.0129	0.0306	0.0109	0.0251	0.0171	0.0075	0.0189	0.0004	0.0019	0.0090	0.0150	0.0122	0.0212	0.0264	0.0114	0.0076	0.0217	0.0097	0.0203	0.0154	0.0147	0.0298	0.0305	0.0106	0.0227	0.0004	0.0162	
0.0120	0.0167	0.0254	0.0282	0.0264	0.0093	0.0122	0.0071	0.0236	0.0137	0.0073	0.0076	0.0180	0.0105	0.0086	0.0117	0.0116	0.0221	0.0245	0.0035	0.0036	0.0244	0.0048	0.0173	0.0001	0.0051	0.0073	0.0202	0.0164	0.0037	0.0022	0.0259	0.0179	0.0194	0.0083	0.0162	0.0061	0.0109	0.0255	0.0046	0.0075	0.0235	0.0206	0.0254	0.0165	0.0015	0.0061	0.0028	0.0105	0.0187	0.0163	0.0218	0.0006	0.0247	0.0124	0.0197	0.0109	0.0103	0.0274	0.0197	0.0018	0.0187	0.0246	0.0176	0.0110	0.0152	0.0224	0.0300	0.0009	0.0211	
0.0042	0.0326	0.0205	0.0184	0.0256	0.0113	0.0007	0.0074	0.0010	0.0293	0.0289	0.0050	0.0092	0.0254	0.0172	0.0114	0.0252	0.0177	0.0048	0.0226	0.0047	0.0235	0.0128	0.0082	0.0030	0.0168	0.0229	0.0063	0.0122	0.0015	0.0102	0.0062	0.0015	0.0166	0.0101	0.0155	0.0183	0.0090	0.0017	0.0006	0.0126	0.0006	0.0088	0.0266	0.0181	0.0220	0.0107	0.0231	0.0297	0.0287	0.0183	0.0007	0.0256	0.0061	0.0138	0.0094	0.0150	0.0160	0.0176	0.0080	0.0138	0.0214	0.0257	0.0247	0.0168	0.0256	0.0036	0.0212	0.0134	0.0028	
0.0193	0.0174	0.0160	0.0046	0.0088	0.0050	0.0183	0.0127	0.0215	0.0080	0.0075	0.0068	0.0082	0.0152	0.0130	0.0108	0.0147	0.0231	0.0014	0.0056	0.0265	0.0057	0.0220	0.0271	0.0171	0.0222	0.0050	0.0103	0.0102	0.0251	0.0227	0.0187	0.0080	0.0256	0.0088	0.0044	0.0102	0.0196	0.0285	0.0099	0.0195	0.0008	0.0261	0.0105	0.0008	0.0060	0.0171	0.0102	0.0183	0.0076	0.0106	0.0116	0.0243	0.0084	0.0028	0.0145	0.0234	0.0231	0.0185	0.0191	0.0316	0.0057	0.0043	0.0233	0.0162	0.0234	0.0299	0.0137	0.0049	0.0088	
0.0315	0.0298	0.0216	0.0192	0.0147	0.0274	0.0079	0.0097	0.0255	0.0123	0.0062	0.0261	0.0241	0.0039	0.0155	0.0126	0.0322	0.0285	0.0209	0.0292	0.0101	0.0182	0.0011	0.0143	0.0116	0.0163	0.0213	0.0047	0.0225	0.0122	0.0071	0.0022	0.0041	0.0079	0.0069	0.0159	0.0125	0.0005	0.0291	0.0034	0.0055	0.0127	0.0011	0.0065	0.0124	0.0028	0.0148	0.0328	0.0107	0.0034	0.0231	0.0013	0.0259	0.0061	0.0256	0.0118	0.0246	0.0120	0.0095	0.0292	0.0029	0.0015	0.0200	0.0104	0.0042	0.0047	0.0226	0.0160	0.0245	0.0005	
0.0279	0.0267	0.0013	0.0158	0.0226	0.0001	0.0174	0.0189	0.0013	0.0082	0.0037	0.0237	0.0221	0.0192	0.0184	0.0055	0.0111	0.0242	0.0088	0.0267	0.0176	0.0011	0.0193	0.0001	0.0014	0.0040	0.0193	0.0169	0.0023	0.0065	0.0093	0.0226	0.0042	0.0076	0.0041	0.0229	0.0249	0.0025	0.0143	0.0212	0.0187	0.0269	0.0104	0.0003	0.0220	0.0046	0.0053	0.0245	0.0197	0.0256	0.0208	0.0239	0.0055	0.0207	0.0078	0.0288	0.0047	0.0013	0.0154	0.0159	0.0052	0.0237	0.0211	0.0201	0.0244	0.0073	0.0188	0.0160	0.0147	0.0205	
0.0063	0.0080	0.0111	0.0118	0.0077	0.0178	0.0202	0.0169	0.0075	0.0246	0.0249	0.0004	0.0245	0.0041	0.0136	0.0151	0.0218	0.0089	0.0234	0.0082	0.0172	0.0240	0.0151	0.0271	0.0212	0.0206	0.0059	0.0154	0.0022	0.0132	0.0128	0.0164	0.0072	0.0238	0.0166	0.0130	0.0104	0.0193	0.0163	0.0146	0.0056	0.0132	0.0195	0.0184	0.0197	0.0040	0.0293	0.0169	0.0093	0.0107	0.0152	0.0108	0.0186	0.0061	0.0037	0.0090	0.0210	0.0139	0.0188	0.0123	0.0142	0.0016	0.0196	0.0200	0.0109	0.0103	0.0206	0.0011	0.0112	0.0251	
0.0042	0.0346	0.0180	0.0103	0.0026	0.0059	0.0051	0.0203	0.0076	0.0191	0.0247	0.0194	0.0079	0.0191	0.0270	0.0017	0.0006	0.0006	0.0203	0.0139	0.0191	0.0236	0.0012	0.0050	0.0037	0.0046	0.0177	0.0010	0.0075	0.0096	0.0120	0.0272	0.0042	0.0097	0.0057	0.0192	0.0161	0.0067	0.0055	0.0227	0.0035	0.0289	0.0098	0.0037	0.0209	0.0203	0.0284	0.0298	0.0293	0.0111	0.0097	0.0241	0.0109	0.0257	0.0067	0.0100	0.0276	0.0159	0.0080	0.0296	0.0136	0.0029	0.0198	0.0235	0.0050	0.0313	0.0160	0.0272	0.0119	0.0101	
0.0119	0.0241	0.0195	0.0211	0.0093	0.0207	0.0152	0.0204	0.0141	0.0098	0.0094	0.0219	0.0058	0.0249	0.0260	0.0195	0.0191	0.0045	0.0022	0.0000	0.0164	0.0013	0.0243	0.0077	0.0143	0.0008	0.0069	0.0096	0.0231	0.0201	0.0058	0.0226	0.0137	0.0120	0.0199	0.0145	0.0210	0.0125	0.0174	0.0084	0.0179	0.0001	0.0024	0.0237	0.0155	0.0123	0.0234	0.0170	0.0254	0.0133	0.0059	0.0113	0.0248	0.0099	0.0161	0.0103	0.0220	0.0148	0.0072	0.0082	0.0153	0.0037	0.0255	0.0179	0.0029	0.0131	0.0095	0.0202	0.0270	0.0116	
0.0259	0.0057	0.0132	0.0197	0.0083	0.0182	0.0313	0.0020	0.0214	0.0012	0.0042	0.0198	0.0130	0.0138	0.0159	0.0260	0.0011	0.0035	0.0228	0.0179	0.0185	0.0079	0.0063	0.0115	0.0238	0.0174	0.0015	0.0097	0.0206	0.0027	0.0042	0.0043	0.0176	0.0132	0.0157	0.0013	0.0206	0.0039	0.0043	0.0243	0.0100	0.0226	0.0260	0.0066	0.0048	0.0220	0.0212	0.0145	0.0064	0.0081	0.0134	0.0077	0.0309	0.0104	0.0204	0.0179	0.0282	0.0051	0.0272	0.0211	0.0194	0.0174	0.0094	0.0158	0.0262	0.0323	0.0031	0.0001	0.0238	0.0141	
0.0009	0.0294	0.0247	0.0227	0.0073	0.0257	0.0126	0.0244	0.0060	0.0002	0.0254	0.0174	0.0037	0.0145	0.0196	0.0283	0.0073	0.0062	0.0185	0.0042	0.0026	0.0177	0.0076	0.0154	0.0110	0.0214	0.0103	0.0088	0.0090	0.0049	0.0208	0.0196	0.0178	0.0203	0.0053	0.0160	0.0067	0.0030	0.0057	0.0194	0.0042	0.0296	0.0001	0.0246	0.0265	0.0004	0.0156	0.0252	0.0294	0.0285	0.0232	0.0274	0.0107	0.0175	0.0108	0.0140	0.0195	0.0138	0.0137	0.0138	0.0185	0.0015	0.0224	0.0005	0.0085	0.0064	0.0278	0.0127	0.0083	0.0029	
0.0202	0.0036	0.0009	0.0237	0.0299	0.0040	0.0216	0.0089	0.0204	0.0108	0.0076	0.0178	0.0101	0.0096	0.0110	0.0229	0.0121	0.0262	0.0075	0.0242	0.0217	0.0211	0.0192	0.0230	0.0062	0.0028	0.0067	0.0277	0.0148	0.0172	0.0013	0.0016	0.0139	0.0237	0.0065	0.0195	0.0194	0.0117	0.0196	0.0064	0.0180	0.0087	0.0226	0.0029	0.0060	0.0229	0.0230	0.0089	0.0205	0.0137	0.0237	0.0003	0.0047	0.0110	0.0053	0.0314	0.0131	0.0081	0.0201	0.0276	0.0271	0.0174	0.0262	0.0014	0.0093	0.0075	0.0047	0.0147	0.0018	0.0207	
0.0312	0.0325	0.0064	0.0009	0.0034	0.0161	0.0303	0.0130	0.0161	0.0103	0.0121	0.0000	0.0102	0.0034	0.0225	0.0011	0.0312	0.0011	0.0165	0.0105	0.0052	0.0142	0.0214	0.0278	0.0113	0.0025	0.0103	0.0220	0.0205	0.0293	0.0203	0.0040	0.0059	0.0254	0.0106	0.0255	0.0184	0.0029	0.0114	0.0140	0.0016	0.0278	0.0246	0.0102	0.0150	0.0216	0.0094	0.0208	0.0084	0.0080	0.0085	0.0040	0.0312	0.0186	0.0141	0.0152	0.0072	0.0123	0.0194	0.0005	0.0052	0.0021	0.0250	0.0133	0.0169	0.0089	0.0212	0.0134	0.0177	0.0264	
0.0114	0.0284	0.0203	0.0013	0.0112	0.0082	0.0272	0.0100	0.0116	0.0186	0.0245	0.0262	0.0178	0.0169	0.0237	0.0214	0.0089	0.0169	0.0109	0.0023	0.0181	0.0076	0.0151	0.0117	0.0150	0.0293	0.0045	0.0076	0.0232	0.0064	0.0024	0.0259	0.0012	0.0094	0.0251	0.0151	0.0142	0.0261	0.0138	0.0065	0.0204	0.0287	0.0042	0.0028	0.0081	0.0101	0.0178	0.0074	0.0274	0.0315	0.0009	0.0089	0.0037	0.0161	0.0108	0.0016	0.0117	0.0107	0.0197	0.0101	0.0044	0.0142	0.0218	0.0042	0.0147	0.0338	0.0258	0.0081	0.0183	0.0063	
0.0063	0.0146	0.0028	0.0038	0.0149	0.0210	0.0051	0.0101	0.0038	0.0029	0.0147	0.0309	0.0132	0.0236	0.0055	0.0259	0.0292	0.0160	0.0264	0.0301	0.0037	0.0021	0.0089	0.0037	0.0037	0.0056	0.0069	0.0002	0.0178	0.0084	0.0191	0.0085	0.0204	0.0204	0.0184	0.0224	0.0046	0.0307	0.0059	0.0180	0.0265	0.0356	0.0090	0.0166	0.0328	0.0046	0.0036	0.0279	0.0391	0.0223	0.0082	0.0094	0.0131	0.0188	0.0026	0.0044	0.0042	0.0002	0.0004	0.0074	0.0168	0.0036	0.0320	0.0241	0.0176	0.0075	0.0099	0.0242	0.0305	0.0169	
0.0198	0.0238	0.0082	0.0078	0.0001	0.0042	0.0247	0.0168	0.0070	0.0276	0.0026	0.0134	0.0012	0.0259	0.0272	0.0085	0.0299	0.0268	0.0137	0.0199	0.0132	0.0041	0.0259	0.0298	0.0064	0.0214	0.0045	0.0107	0.0008	0.0184	0.0235	0.0083	0.0224	0.0117	0.0006	0.0145	0.0234	0.0008	0.0173	0.0223	0.0073	0.0120	0.0201	0.0016	0.0035	0.0232	0.0022	0.0233	0.0257	0.0060	0.0062	0.0096	0.0078	0.0072	0.0246	0.0149	0.0224	0.0098	0.0015	0.0059	0.0286	0.0100	0.0204	0.0145	0.0028	0.0245	0.0204	0.0166	0.0256	0.0129	
0.0097	0.0255	0.0085	0.0147	0.0118	0.0027	0.0125	0.0191	0.0231	0.0086	0.0169	0.0108	0.0137	0.0190	0.0122	0.0138	0.0018	0.0135	0.0094	0.0134	0.0163	0.0144	0.0270	0.0119	0.0264	0.0188	0.0141	0.0049	0.0218	0.0082	0.0054	0.0120	0.0228	0.0092	0.0164	0.0069	0.0230	0.0154	0.0220	0.0193	0.0019	0.0252	0.0121	0.0166	0.0147	0.0122	0.0281	0.0234	0.0031	0.0140	0.0186	0.0047	0.0049	0.0082	0.0171	0.0247	0.0252	0.0199	0.0160	0.0138	0.0121	0.0041	0.0329	0.0122	0.0034	0.0084	0.0148	0.0041	0.0220	0.0042	
0.0171	0.0138	0.0135	0.0135	0.0140	0.0208	0.0004	0.0052	0.0279	0.0123	0.0009	0.0220	0.0026	0.0094	0.0155	0.0260	0.0098	0.0129	0.0146	0.0029	0.0072	0.0010	0.0273	0.0116	0.0124	0.0233	0.0184	0.0018	0.0140	0.0060	0.0003	0.0177	0.0240	0.0251	0.0186	0.0086	0.0124	0.0159	0.0266	0.0201	0.0174	0.0213	0.0266	0.0061	0.0143	0.0125	0.0030	0.0162	0.0287	0.0037	0.0258	0.0015	0.0192	0.0199	0.0211	0.0176	0.0121	0.0059	0.0023	0.0165	0.0290	0.0241	0.0206	0.0174	0.0115	0.0115	0.0247	0.0042	0.0100	0.0080	
0.0125	0.0239	0.0148	0.0182	0.0104	0.0163	0.0029	0.0176	0.0270	0.0281	0.0231	0.0096	0.0049	0.0128	0.0074	0.0269	0.0034	0.0018	0.0019	0.0133	0.0212	0.0092	0.0150	0.0113	0.0272	0.0225	0.0021	0.0055	0.0217	0.0036	0.0176	0.0264	0.0052	0.0163	0.0159	0.0068	0.0106	0.0267	0.0130	0.0067	0.0107	0.0236	0.0093	0.0038	0.0225	0.0149	0.0252	0.0044	0.0160	0.0130	0.0071	0.0274	0.0029	0.0234	0.0109	0.0031	0.0056	0.0060	0.0194	0.0176	0.0155	0.0235	0.0281	0.0200	0.0103	0.0310	0.0050	0.0162	0.0206	0.0012	
0.0158	0.0064	0.0150	0.0236	0.0003	0.0037	0.0303	0.0095	0.0183	0.0133	0.0012	0.0264	0.0203	0.0116	0.0264	0.0225	0.0271	0.0069	0.0040	0.0182	0.0010	0.0068	0.0068	0.0309	0.0223	0.0161	0.0200	0.0168	0.0211	0.0258	0.0111	0.0050	0.0105	0.0126	0.0229	0.0014	0.0079	0.0076	0.0277	0.0076	0.0037	0.0244	0.0176	0.0071	0.0160	0.0151	0.0055	0.0158	0.0257	0.0195	0.0010	0.0309	0.0145	0.0043	0.0001	0.0077	0.0288	0.0182	0.0021	0.0138	0.0103	0.0096	0.0183	0.0189	0.0009	0.0271	0.0169	0.0080	0.0130	0.0226	
0.0125	0.0170	0.0081	0.0231	0.0135	0.0055	0.0171	0.0235	0.0116	0.0052	0.0097	0.0083	0.0191	0.0038	0.0236	0.0137	0.0212	0.0053	0.0112	0.0201	0.0025	0.0153	0.0050	0.0142	0.0276	0.0207	0.0048	0.0243	0.0054	0.0170	0.0261	0.0244	0.0014	0.0007	0.0054	0.0124	0.0160	0.0158	0.0185	0.0188	0.0154	0.0262	0.0061	0.0240	0.0027	0.0003	0.0163	0.0134	0.0220	0.0155	0.0039	0.0110	0.0238	0.0175	0.0179	0.0237	0.0107	0.0223	0.0227	0.0189	0.0006	0.0162	0.0212	0.0197	0.0050	0.0121	0.0073	0.0196	0.0247	0.0096	
0.0279	0.0038	0.0135	0.0186	0.0040	0.0040	0.0136	0.0079	0.0119	0.0307	0.0041	0.0219	0.0029	0.0177	0.0153	0.0183	0.0034	0.0102	0.0074	0.0132	0.0021	0.0221	0.0232	0.0000	0.0229	0.0255	0.0039	0.0141	0.0180	0.0196	0.0226	0.0275	0.0166	0.0132	0.0165	0.0007	0.0228	0.0048	0.0176	0.0153	0.0103	0.0020	0.0134	0.0250	0.0185	0.0074	0.0202	0.0047	0.0083	0.0182	0.0102	0.0279	0.0148	0.0120	0.0085	0.0029	0.0110	0.0133	0.0274	0.0058	0.0332	0.0240	0.0231	0.0198	0.0069	0.0076	0.0059	0.0187	0.0258	0.0138	

Emissions
0.1054	0.2167	0.2651	0.0974	0.0096	0.0030	0.0725	0.2301	
0.1141	0.1703	0.1728	0.0036	0.0637	0.0175	0.1306	0.3274	
0.1932	0.0342	0.0296	0.2856	0.1535	0.0573	0.1141	0.1325	
0.1535	0.1369	0.0854	0.2112	0.1149	0.0438	0.0282	0.2260	
0.0564	0.2192	0.2443	0.1038	0.0340	0.1155	0.1421	0.0846	
0.2018	0.1268	0.0098	0.1204	0.1259	0.1050	0.1935	0.1169	
0.0812	0.1134	0.2416	0.0229	0.1056	0.0448	0.2697	0.1207	
0.1859	0.1468	0.0354	0.1559	0.1894	0.1473	0.0839	0.0555	
0.0664	0.1045	0.2139	0.0823	0.0381	0.1282	0.1755	0.1910	
0.1402	0.1977	0.1691	0.0355	0.0453	0.0980	0.1658	0.1484	
0.1331	0.1846	0.0976	0.0459	0.0979	0.1225	0.0992	0.2192	
0.1597	0.0991	0.1571	0.1509	0.1011	0.0976	0.1710	0.0635	
0.1227	0.3496	0.0110	0.1620	0.0437	0.0257	0.1405	0.1447	
0.1648	0.2300	0.0756	0.1743	0.0644	0.0749	0.0287	0.1874	
0.1384	0.1021	0.2052	0.1486	0.0219	0.1347	0.1385	0.1105	
0.0083	0.2174	0.1679	0.1743	0.0386	0.1305	0.0219	0.2412	
0.0323	0.1595	0.1983	0.0957	0.1446	0.0294	0.1562	0.1841	
0.1094	0.2205	0.1097	0.1601	0.0896	0.0857	0.1648	0.0603	
0.1408	0.3217	0.0174	0.1250	0.0353	0.1529	0.0755	0.1314	
0.1017	0.1781	0.0934	0.0940	0.1160	0.0802	0.0888	0.2478	
0.2054	0.1384	0.0882	0.2240	0.1250	0.0794	0.0261	0.1137	
0.2171	0.0023	0.0773	0.0513	0.0836	0.1423	0.3121	0.1139	
0.0554	0.0899	0.1446	0.0937	0.1670	0.1367	0.2587	0.0540	
0.0971	0.1221	0.2417	0.0355	0.1781	0.0085	0.0264	0.2905	
0.1263	0.1379	0.1771	0.2085	0.0211	0.0828	0.1107	0.1356	
0.1457	0.1452	0.1273	0.0297	0.1508	0.1625	0.0209	0.2179	
0.3787	0.0022	0.0619	0.1691	0.0455	0.1969	0.1031	0.0424	
0.1781	0.0847	0.0824	0.0930	0.1206	0.1010	0.1635	0.1768	
0.2045	0.0603	0.1159	0.1805	0.1538	0.1027	0.0600	0.1223	
0.2167	0.2214	0.1252	0.0603	0.0733	0.0683	0.1320	0.1027	
0.0488	0.0360	0.1054	0.1303	0.1514	0.1120	0.2192	0.1969	
0.0703	0.1770	0.0278	0.1322	0.0365	0.1428	0.2042	0.2092	
0.2187	0.1115	0.0266	0.1520	0.0551	0.0283	0.2217	0.1861	
0.1629	0.1651	0.1201	0.0728	0.0544	0.1299	0.2040	0.0908	
0.2727	0.0257	0.0531	0.2074	0.1791	0.1769	0.0053	0.0798	
0.0952	0.2321	0.0831	0.0537	0.1371	0.0640	0.1023	0.2325	
0.0296	0.2931	0.0994	0.3384	0.0721	0.1491	0.0103	0.0080	
0.1224	0.1454	0.0284	0.0741	0.0807	0.1200	0.2141	0.2149	
0.0131	0.2430	0.2563	0.0431	0.1952	0.1851	0.0523	0.0118	
0.1308	0.0049	0.0514	0.1721	0.2747	0.1243	0.0976	0.1442	
0.0994	0.2315	0.1162	0.1551	0.1644	0.1679	0.0181	0.0473	
0.0075	0.0233	0.1126	0.0594	0.1405	0.1219	0.2753	0.2594	
0.1428	0.4075	0.0875	0.0103	0.2369	0.0470	0.0185	0.0496	
0.2182	0.1107	0.1055	0.1098	0.1497	0.0635	0.0199	0.2226	
0.0171	0.1587	0.2568	0.1031	0.0376	0.1217	0.2277	0.0773	
0.1206	0.1670	0.0353	0.1367	0.1258	0.1321	0.0837	0.1987	
0.0313	0.1006	0.1033	0.0474	0.1522	0.0593	0.4108	0.0950	
0.1580	0.0489	0.2410	0.0787	0.0492	0.1172	0.1266	0.1805	
0.0123	0.1880	0.0614	0.0150	0.2101	0.0462	0.2980	0.1689	
0.2487	0.2337	0.0743	0.0270	0.0131	0.0356	0.1469	0.2206	
0.0092	0.2038	0.0888	0.0949	0.0539	0.1538	0.1272	0.2683	
0.0282	0.2922	0.0568	0.0292	0.0180	0.1417	0.0429	0.3910	
0.0634	0.1361	0.1891	0.0304	0.1083	0.0329	0.2265	0.2133	
0.1105	0.2297	0.0581	0.1259	0.2177	0.1151	0.0360	0.1070	
0.1807	0.3038	0.0501	0.1157	0.0988	0.1144	0.1098	0.0267	
0.0185	0.1041	0.3389	0.0627	0.0301	0.1225	0.1912	0.1319	
0.1719	0.1003	0.1820	0.1323	0.0924	0.0416	0.0783	0.2011	
0.0158	0.1395	0.0525	0.1414	0.2044	0.1995	0.0302	0.2167	
0.1195	0.2276	0.1299	0.0175	0.0826	0.1157	0.1445	0.1627	
0.0459	0.1867	0.0272	0.0705	0.0590	0.0984	0.2454	0.2669	
0.0323	0.1708	0.2490	0.0666	0.1188	0.0756	0.1930	0.0939	
0.2352	0.1423	0.1131	0.0285	0.1637	0.1365	0.1194	0.0612	
0.0487	0.1346	0.2331	0.0712	0.0529	0.0709	0.3670	0.0216	
0.1984	0.0661	0.0809	0.2081	0.0409	0.1209	0.1653	0.1193	
0.2604	0.0858	0.1022	0.0245	0.0257	0.1013	0.3669	0.0332	
0.0271	0.0064	0.1817	0.0199	0.0968	0.0869	0.3606	0.2205	
0.0807	0.2289	0.0262	0.2120	0.0048	0.0532	0.1880	0.2063	
0.1642	0.1876	0.1550	0.0943	0.0321	0.1204	0.0415	0.2049	
0.2325	0.2683	0.0938	0.1295	0.0563	0.0302	0.0175	0.1720	
0.1385	0.1241	0.0364	0.0519	0.1798	0.1132	0.2189	0.1372	
