DataSet 37
Learner: Baum Welch Learner
Log Likelihood: 71232.2854625499

Number of States: 50
Number of Symbols: 8
Threshold: 0.01

Initial Distribution:
0.0013	0.0342	0.0148	0.0356	0.0016	0.0103	0.0204	0.0725	0.0108	0.0067	0.0465	0.0179	0.0281	0.0190	0.0007	0.0029	0.0095	0.0197	0.0374	0.0266	0.0041	0.0011	0.0086	0.0089	0.0110	0.0454	0.0261	0.0008	0.0062	0.0159	0.0352	0.0026	0.0066	0.0185	0.0484	0.0227	0.0347	0.0115	0.0227	0.0279	0.0015	0.0580	0.0121	0.0430	0.0028	0.0030	0.0136	0.0327	0.0255	0.0328	

Transitions:
0.0421	0.0192	0.0082	0.0400	0.0398	0.0009	0.0284	0.0031	0.0252	0.0167	0.0215	0.0330	0.0317	0.0405	0.0186	0.0319	0.0185	0.0066	0.0270	0.0083	0.0118	0.0361	0.0030	0.0088	0.0286	0.0086	0.0110	0.0103	0.0113	0.0113	0.0014	0.0323	0.0059	0.0404	0.0181	0.0085	0.0333	0.0119	0.0364	0.0321	0.0020	0.0311	0.0383	0.0068	0.0090	0.0118	0.0082	0.0384	0.0163	0.0159	
0.0266	0.0162	0.0075	0.0283	0.0013	0.0053	0.0132	0.0008	0.0076	0.0228	0.0248	0.0189	0.0339	0.0096	0.0141	0.0314	0.0259	0.0323	0.0191	0.0101	0.0323	0.0055	0.0078	0.0337	0.0063	0.0204	0.0312	0.0292	0.0401	0.0176	0.0021	0.0179	0.0343	0.0327	0.0260	0.0267	0.0205	0.0188	0.0332	0.0111	0.0310	0.0324	0.0033	0.0061	0.0024	0.0215	0.0367	0.0260	0.0280	0.0155	
0.0294	0.0141	0.0113	0.0048	0.0265	0.0261	0.0060	0.0134	0.0265	0.0186	0.0080	0.0216	0.0015	0.0323	0.0283	0.0114	0.0253	0.0010	0.0285	0.0323	0.0093	0.0087	0.0377	0.0111	0.0215	0.0397	0.0025	0.0043	0.0404	0.0272	0.0299	0.0134	0.0063	0.0271	0.0334	0.0341	0.0087	0.0370	0.0113	0.0033	0.0228	0.0093	0.0409	0.0164	0.0049	0.0137	0.0421	0.0163	0.0248	0.0348	
0.0414	0.0326	0.0337	0.0397	0.0079	0.0197	0.0127	0.0016	0.0264	0.0201	0.0155	0.0014	0.0219	0.0354	0.0269	0.0366	0.0131	0.0176	0.0364	0.0347	0.0009	0.0283	0.0233	0.0226	0.0113	0.0008	0.0094	0.0193	0.0053	0.0073	0.0056	0.0266	0.0222	0.0391	0.0238	0.0396	0.0116	0.0058	0.0139	0.0112	0.0150	0.0061	0.0077	0.0232	0.0249	0.0162	0.0286	0.0419	0.0258	0.0073	
0.0371	0.0124	0.0125	0.0237	0.0308	0.0095	0.0028	0.0119	0.0294	0.0064	0.0070	0.0303	0.0354	0.0156	0.0168	0.0302	0.0177	0.0212	0.0120	0.0306	0.0200	0.0082	0.0031	0.0293	0.0207	0.0284	0.0198	0.0044	0.0404	0.0328	0.0121	0.0110	0.0348	0.0388	0.0074	0.0317	0.0122	0.0378	0.0076	0.0134	0.0318	0.0342	0.0178	0.0063	0.0036	0.0215	0.0102	0.0312	0.0072	0.0294	
0.0369	0.0043	0.0211	0.0284	0.0219	0.0323	0.0084	0.0183	0.0015	0.0300	0.0207	0.0330	0.0161	0.0278	0.0277	0.0344	0.0289	0.0004	0.0071	0.0224	0.0120	0.0169	0.0109	0.0351	0.0023	0.0202	0.0233	0.0278	0.0236	0.0322	0.0210	0.0267	0.0337	0.0034	0.0271	0.0094	0.0197	0.0039	0.0089	0.0152	0.0214	0.0248	0.0343	0.0087	0.0255	0.0265	0.0197	0.0247	0.0142	0.0055	
0.0306	0.0091	0.0212	0.0253	0.0210	0.0241	0.0281	0.0221	0.0355	0.0371	0.0010	0.0141	0.0026	0.0020	0.0118	0.0409	0.0008	0.0137	0.0383	0.0240	0.0110	0.0322	0.0233	0.0348	0.0040	0.0250	0.0204	0.0025	0.0133	0.0103	0.0059	0.0058	0.0252	0.0196	0.0121	0.0212	0.0080	0.0177	0.0260	0.0168	0.0194	0.0427	0.0165	0.0106	0.0184	0.0083	0.0327	0.0413	0.0409	0.0311	
0.0253	0.0052	0.0200	0.0274	0.0291	0.0360	0.0166	0.0249	0.0149	0.0245	0.0283	0.0227	0.0137	0.0143	0.0262	0.0299	0.0235	0.0230	0.0242	0.0265	0.0219	0.0197	0.0225	0.0197	0.0052	0.0099	0.0110	0.0143	0.0135	0.0291	0.0020	0.0218	0.0037	0.0153	0.0127	0.0328	0.0151	0.0258	0.0175	0.0127	0.0300	0.0153	0.0290	0.0223	0.0159	0.0225	0.0202	0.0277	0.0177	0.0168	
0.0201	0.0002	0.0053	0.0031	0.0051	0.0099	0.0195	0.0035	0.0307	0.0238	0.0231	0.0026	0.0194	0.0245	0.0325	0.0136	0.0283	0.0447	0.0034	0.0367	0.0174	0.0460	0.0038	0.0203	0.0430	0.0110	0.0279	0.0377	0.0055	0.0206	0.0333	0.0215	0.0451	0.0423	0.0208	0.0030	0.0224	0.0020	0.0161	0.0098	0.0262	0.0175	0.0096	0.0399	0.0383	0.0381	0.0006	0.0197	0.0035	0.0073	
0.0042	0.0224	0.0313	0.0251	0.0046	0.0188	0.0387	0.0252	0.0038	0.0300	0.0191	0.0232	0.0420	0.0056	0.0328	0.0042	0.0032	0.0241	0.0032	0.0261	0.0290	0.0247	0.0207	0.0385	0.0134	0.0008	0.0303	0.0062	0.0276	0.0051	0.0097	0.0118	0.0333	0.0407	0.0141	0.0088	0.0251	0.0157	0.0314	0.0011	0.0070	0.0319	0.0407	0.0205	0.0312	0.0410	0.0177	0.0026	0.0072	0.0248	
0.0283	0.0166	0.0103	0.0149	0.0161	0.0201	0.0375	0.0319	0.0112	0.0027	0.0219	0.0287	0.0033	0.0326	0.0208	0.0087	0.0246	0.0023	0.0278	0.0188	0.0161	0.0248	0.0242	0.0020	0.0191	0.0316	0.0205	0.0024	0.0059	0.0123	0.0215	0.0255	0.0345	0.0341	0.0129	0.0284	0.0341	0.0168	0.0179	0.0311	0.0086	0.0251	0.0028	0.0232	0.0139	0.0144	0.0286	0.0363	0.0361	0.0164	
0.0127	0.0132	0.0095	0.0256	0.0099	0.0030	0.0257	0.0082	0.0402	0.0180	0.0324	0.0385	0.0333	0.0381	0.0175	0.0413	0.0325	0.0061	0.0238	0.0296	0.0104	0.0098	0.0171	0.0406	0.0137	0.0265	0.0224	0.0036	0.0302	0.0052	0.0067	0.0241	0.0050	0.0295	0.0010	0.0131	0.0167	0.0167	0.0287	0.0107	0.0035	0.0277	0.0226	0.0348	0.0395	0.0120	0.0409	0.0053	0.0084	0.0149	
0.0285	0.0248	0.0137	0.0066	0.0089	0.0029	0.0287	0.0100	0.0127	0.0177	0.0162	0.0259	0.0264	0.0315	0.0132	0.0137	0.0348	0.0050	0.0377	0.0067	0.0213	0.0153	0.0145	0.0148	0.0289	0.0212	0.0243	0.0210	0.0023	0.0018	0.0338	0.0205	0.0383	0.0119	0.0223	0.0313	0.0093	0.0449	0.0195	0.0416	0.0241	0.0057	0.0050	0.0079	0.0373	0.0193	0.0062	0.0388	0.0273	0.0241	
0.0209	0.0308	0.0068	0.0021	0.0374	0.0094	0.0056	0.0010	0.0197	0.0224	0.0141	0.0069	0.0110	0.0087	0.0252	0.0409	0.0307	0.0131	0.0101	0.0275	0.0027	0.0334	0.0201	0.0417	0.0271	0.0142	0.0101	0.0092	0.0220	0.0101	0.0157	0.0344	0.0381	0.0188	0.0244	0.0039	0.0123	0.0374	0.0158	0.0103	0.0199	0.0078	0.0216	0.0319	0.0251	0.0154	0.0383	0.0380	0.0223	0.0332	
0.0277	0.0273	0.0184	0.0338	0.0203	0.0275	0.0041	0.0063	0.0168	0.0176	0.0320	0.0330	0.0188	0.0071	0.0079	0.0206	0.0063	0.0317	0.0235	0.0179	0.0205	0.0348	0.0282	0.0408	0.0095	0.0269	0.0092	0.0278	0.0160	0.0098	0.0167	0.0133	0.0246	0.0253	0.0155	0.0231	0.0098	0.0036	0.0322	0.0306	0.0377	0.0034	0.0162	0.0274	0.0117	0.0199	0.0295	0.0133	0.0222	0.0018	
0.0087	0.0016	0.0088	0.0019	0.0117	0.0417	0.0346	0.0181	0.0300	0.0268	0.0157	0.0127	0.0368	0.0061	0.0005	0.0281	0.0105	0.0381	0.0304	0.0253	0.0088	0.0034	0.0323	0.0378	0.0231	0.0196	0.0175	0.0026	0.0336	0.0310	0.0065	0.0394	0.0103	0.0159	0.0032	0.0230	0.0052	0.0281	0.0151	0.0238	0.0321	0.0317	0.0219	0.0077	0.0209	0.0284	0.0134	0.0135	0.0356	0.0264	
0.0134	0.0315	0.0210	0.0396	0.0338	0.0046	0.0036	0.0128	0.0214	0.0243	0.0153	0.0351	0.0343	0.0357	0.0199	0.0202	0.0024	0.0203	0.0025	0.0199	0.0188	0.0249	0.0150	0.0068	0.0379	0.0164	0.0213	0.0272	0.0152	0.0375	0.0089	0.0065	0.0088	0.0004	0.0167	0.0153	0.0122	0.0113	0.0207	0.0359	0.0155	0.0261	0.0055	0.0225	0.0057	0.0350	0.0387	0.0240	0.0241	0.0337	
0.0291	0.0334	0.0089	0.0140	0.0102	0.0355	0.0104	0.0151	0.0030	0.0145	0.0212	0.0154	0.0024	0.0267	0.0202	0.0129	0.0272	0.0374	0.0219	0.0066	0.0066	0.0371	0.0343	0.0052	0.0072	0.0281	0.0191	0.0357	0.0015	0.0026	0.0237	0.0438	0.0032	0.0189	0.0109	0.0256	0.0388	0.0442	0.0354	0.0300	0.0046	0.0399	0.0092	0.0053	0.0205	0.0010	0.0357	0.0261	0.0060	0.0343	
0.0109	0.0014	0.0028	0.0227	0.0334	0.0363	0.0304	0.0037	0.0058	0.0167	0.0086	0.0147	0.0175	0.0000	0.0299	0.0230	0.0116	0.0283	0.0136	0.0378	0.0129	0.0259	0.0021	0.0350	0.0023	0.0104	0.0218	0.0310	0.0300	0.0062	0.0030	0.0371	0.0319	0.0067	0.0342	0.0250	0.0358	0.0235	0.0233	0.0180	0.0297	0.0348	0.0314	0.0115	0.0189	0.0295	0.0213	0.0084	0.0152	0.0341	
0.0304	0.0001	0.0069	0.0060	0.0227	0.0278	0.0386	0.0083	0.0216	0.0202	0.0082	0.0397	0.0183	0.0388	0.0157	0.0131	0.0235	0.0111	0.0081	0.0082	0.0243	0.0300	0.0035	0.0405	0.0123	0.0184	0.0314	0.0281	0.0179	0.0132	0.0316	0.0166	0.0204	0.0337	0.0171	0.0034	0.0288	0.0277	0.0251	0.0086	0.0255	0.0296	0.0029	0.0010	0.0094	0.0301	0.0195	0.0360	0.0404	0.0056	
0.0071	0.0080	0.0341	0.0061	0.0110	0.0407	0.0305	0.0081	0.0366	0.0024	0.0258	0.0084	0.0329	0.0062	0.0268	0.0338	0.0185	0.0243	0.0213	0.0117	0.0203	0.0372	0.0186	0.0411	0.0239	0.0310	0.0235	0.0024	0.0303	0.0226	0.0022	0.0010	0.0331	0.0113	0.0053	0.0263	0.0148	0.0140	0.0204	0.0151	0.0070	0.0181	0.0328	0.0190	0.0193	0.0142	0.0379	0.0384	0.0108	0.0138	
0.0140	0.0343	0.0114	0.0299	0.0298	0.0130	0.0276	0.0394	0.0276	0.0157	0.0149	0.0422	0.0273	0.0126	0.0002	0.0374	0.0182	0.0309	0.0011	0.0056	0.0178	0.0066	0.0047	0.0095	0.0071	0.0030	0.0044	0.0047	0.0282	0.0127	0.0036	0.0375	0.0372	0.0171	0.0121	0.0130	0.0340	0.0124	0.0335	0.0404	0.0013	0.0196	0.0425	0.0074	0.0041	0.0168	0.0503	0.0271	0.0258	0.0321	
0.0002	0.0111	0.0348	0.0076	0.0001	0.0088	0.0286	0.0031	0.0222	0.0193	0.0062	0.0212	0.0214	0.0105	0.0113	0.0270	0.0025	0.0122	0.0001	0.0298	0.0381	0.0051	0.0333	0.0067	0.0042	0.0381	0.0118	0.0381	0.0043	0.0348	0.0069	0.0229	0.0240	0.0339	0.0104	0.0392	0.0344	0.0269	0.0127	0.0039	0.0297	0.0302	0.0345	0.0060	0.0332	0.0223	0.0472	0.0264	0.0432	0.0195	
0.0108	0.0228	0.0191	0.0319	0.0315	0.0355	0.0128	0.0218	0.0029	0.0009	0.0297	0.0279	0.0385	0.0240	0.0129	0.0255	0.0354	0.0263	0.0003	0.0162	0.0254	0.0185	0.0293	0.0376	0.0042	0.0080	0.0112	0.0263	0.0183	0.0212	0.0005	0.0280	0.0017	0.0247	0.0194	0.0220	0.0340	0.0295	0.0366	0.0135	0.0180	0.0044	0.0212	0.0093	0.0086	0.0330	0.0301	0.0063	0.0298	0.0028	
0.0244	0.0104	0.0189	0.0185	0.0312	0.0331	0.0231	0.0193	0.0306	0.0198	0.0199	0.0240	0.0118	0.0200	0.0005	0.0054	0.0277	0.0163	0.0041	0.0294	0.0240	0.0073	0.0211	0.0269	0.0003	0.0199	0.0328	0.0241	0.0302	0.0092	0.0190	0.0063	0.0377	0.0153	0.0368	0.0307	0.0071	0.0248	0.0324	0.0267	0.0347	0.0132	0.0017	0.0135	0.0338	0.0325	0.0367	0.0008	0.0094	0.0028	
0.0084	0.0111	0.0016	0.0399	0.0172	0.0186	0.0223	0.0311	0.0190	0.0062	0.0307	0.0397	0.0384	0.0175	0.0005	0.0165	0.0251	0.0402	0.0221	0.0102	0.0375	0.0030	0.0191	0.0157	0.0377	0.0109	0.0047	0.0120	0.0341	0.0070	0.0286	0.0345	0.0166	0.0240	0.0007	0.0112	0.0045	0.0411	0.0357	0.0196	0.0070	0.0112	0.0056	0.0224	0.0340	0.0344	0.0175	0.0226	0.0155	0.0149	
0.0070	0.0306	0.0153	0.0407	0.0057	0.0053	0.0270	0.0222	0.0010	0.0052	0.0113	0.0094	0.0030	0.0099	0.0157	0.0408	0.0207	0.0135	0.0173	0.0261	0.0105	0.0268	0.0016	0.0046	0.0043	0.0231	0.0335	0.0376	0.0240	0.0024	0.0321	0.0223	0.0371	0.0177	0.0379	0.0353	0.0172	0.0182	0.0191	0.0355	0.0235	0.0187	0.0365	0.0267	0.0069	0.0364	0.0093	0.0341	0.0084	0.0309	
0.0140	0.0036	0.0040	0.0272	0.0052	0.0243	0.0288	0.0103	0.0396	0.0194	0.0072	0.0276	0.0030	0.0383	0.0100	0.0325	0.0116	0.0268	0.0110	0.0183	0.0181	0.0037	0.0283	0.0259	0.0063	0.0277	0.0264	0.0103	0.0440	0.0071	0.0160	0.0019	0.0335	0.0341	0.0254	0.0348	0.0163	0.0129	0.0122	0.0182	0.0048	0.0062	0.0254	0.0343	0.0310	0.0340	0.0193	0.0432	0.0207	0.0152	
0.0235	0.0185	0.0200	0.0267	0.0118	0.0111	0.0091	0.0155	0.0184	0.0108	0.0269	0.0190	0.0142	0.0244	0.0021	0.0057	0.0327	0.0121	0.0090	0.0161	0.0091	0.0375	0.0114	0.0326	0.0124	0.0117	0.0163	0.0274	0.0341	0.0100	0.0139	0.0257	0.0288	0.0205	0.0174	0.0340	0.0142	0.0023	0.0143	0.0151	0.0200	0.0334	0.0328	0.0329	0.0248	0.0201	0.0311	0.0354	0.0350	0.0180	
0.0373	0.0022	0.0251	0.0015	0.0052	0.0266	0.0075	0.0235	0.0147	0.0324	0.0267	0.0166	0.0260	0.0065	0.0330	0.0041	0.0293	0.0338	0.0057	0.0064	0.0257	0.0338	0.0276	0.0338	0.0359	0.0121	0.0039	0.0126	0.0071	0.0308	0.0203	0.0224	0.0349	0.0129	0.0124	0.0144	0.0346	0.0299	0.0152	0.0317	0.0266	0.0246	0.0277	0.0156	0.0265	0.0036	0.0104	0.0270	0.0034	0.0186	
0.0395	0.0396	0.0298	0.0354	0.0380	0.0058	0.0061	0.0346	0.0044	0.0301	0.0224	0.0384	0.0291	0.0238	0.0154	0.0089	0.0217	0.0171	0.0368	0.0230	0.0054	0.0002	0.0178	0.0136	0.0220	0.0013	0.0054	0.0189	0.0086	0.0387	0.0053	0.0187	0.0124	0.0276	0.0422	0.0359	0.0362	0.0084	0.0200	0.0100	0.0105	0.0032	0.0283	0.0256	0.0141	0.0348	0.0032	0.0073	0.0048	0.0196	
0.0231	0.0313	0.0288	0.0219	0.0164	0.0344	0.0154	0.0131	0.0099	0.0285	0.0336	0.0261	0.0286	0.0087	0.0238	0.0056	0.0224	0.0377	0.0226	0.0240	0.0117	0.0130	0.0283	0.0265	0.0118	0.0018	0.0123	0.0285	0.0001	0.0265	0.0331	0.0372	0.0143	0.0299	0.0096	0.0105	0.0204	0.0284	0.0076	0.0040	0.0100	0.0153	0.0379	0.0218	0.0096	0.0200	0.0146	0.0174	0.0368	0.0053	
0.0090	0.0028	0.0175	0.0156	0.0048	0.0105	0.0323	0.0055	0.0091	0.0120	0.0155	0.0222	0.0165	0.0190	0.0298	0.0379	0.0109	0.0008	0.0333	0.0137	0.0180	0.0320	0.0241	0.0193	0.0142	0.0294	0.0122	0.0091	0.0156	0.0275	0.0236	0.0328	0.0307	0.0321	0.0153	0.0346	0.0148	0.0342	0.0199	0.0343	0.0113	0.0139	0.0183	0.0280	0.0237	0.0220	0.0380	0.0161	0.0285	0.0078	
0.0101	0.0126	0.0173	0.0255	0.0267	0.0164	0.0123	0.0008	0.0007	0.0079	0.0350	0.0303	0.0340	0.0189	0.0270	0.0252	0.0332	0.0270	0.0036	0.0379	0.0221	0.0164	0.0150	0.0450	0.0045	0.0056	0.0147	0.0378	0.0400	0.0346	0.0363	0.0404	0.0208	0.0074	0.0242	0.0179	0.0190	0.0128	0.0102	0.0029	0.0261	0.0175	0.0398	0.0146	0.0040	0.0266	0.0287	0.0019	0.0075	0.0029	
0.0391	0.0160	0.0112	0.0343	0.0294	0.0330	0.0331	0.0159	0.0219	0.0151	0.0004	0.0158	0.0060	0.0100	0.0096	0.0407	0.0080	0.0268	0.0355	0.0089	0.0035	0.0174	0.0102	0.0007	0.0170	0.0039	0.0161	0.0029	0.0369	0.0225	0.0195	0.0127	0.0292	0.0336	0.0455	0.0266	0.0265	0.0328	0.0191	0.0270	0.0234	0.0377	0.0302	0.0307	0.0026	0.0097	0.0124	0.0292	0.0043	0.0055	
0.0172	0.0351	0.0046	0.0366	0.0357	0.0182	0.0001	0.0085	0.0181	0.0196	0.0136	0.0289	0.0235	0.0357	0.0311	0.0268	0.0218	0.0117	0.0123	0.0229	0.0106	0.0165	0.0057	0.0081	0.0228	0.0027	0.0203	0.0171	0.0379	0.0056	0.0279	0.0263	0.0359	0.0270	0.0019	0.0252	0.0061	0.0310	0.0275	0.0164	0.0234	0.0124	0.0091	0.0285	0.0095	0.0259	0.0168	0.0347	0.0325	0.0129	
0.0208	0.0298	0.0093	0.0158	0.0268	0.0325	0.0227	0.0240	0.0097	0.0258	0.0223	0.0132	0.0115	0.0087	0.0240	0.0228	0.0271	0.0276	0.0288	0.0108	0.0158	0.0243	0.0132	0.0299	0.0020	0.0281	0.0066	0.0098	0.0335	0.0305	0.0196	0.0261	0.0244	0.0194	0.0174	0.0306	0.0128	0.0171	0.0296	0.0032	0.0256	0.0084	0.0168	0.0256	0.0230	0.0057	0.0355	0.0329	0.0012	0.0174	
0.0362	0.0204	0.0288	0.0186	0.0331	0.0337	0.0139	0.0122	0.0168	0.0284	0.0240	0.0165	0.0361	0.0135	0.0087	0.0372	0.0256	0.0289	0.0271	0.0327	0.0090	0.0124	0.0266	0.0331	0.0214	0.0078	0.0078	0.0206	0.0092	0.0340	0.0002	0.0091	0.0118	0.0160	0.0368	0.0043	0.0331	0.0110	0.0263	0.0231	0.0169	0.0361	0.0038	0.0018	0.0152	0.0125	0.0128	0.0073	0.0225	0.0249	
0.0236	0.0085	0.0091	0.0047	0.0150	0.0300	0.0269	0.0016	0.0439	0.0264	0.0262	0.0360	0.0091	0.0228	0.0374	0.0225	0.0055	0.0269	0.0173	0.0060	0.0415	0.0181	0.0028	0.0055	0.0223	0.0103	0.0093	0.0373	0.0222	0.0114	0.0383	0.0023	0.0454	0.0238	0.0157	0.0376	0.0012	0.0100	0.0029	0.0148	0.0222	0.0412	0.0179	0.0025	0.0008	0.0292	0.0407	0.0270	0.0090	0.0376	
0.0094	0.0286	0.0285	0.0217	0.0312	0.0073	0.0045	0.0034	0.0275	0.0026	0.0144	0.0292	0.0254	0.0250	0.0261	0.0253	0.0309	0.0280	0.0062	0.0019	0.0164	0.0355	0.0170	0.0026	0.0246	0.0017	0.0345	0.0005	0.0044	0.0339	0.0178	0.0252	0.0294	0.0223	0.0010	0.0104	0.0097	0.0208	0.0274	0.0086	0.0295	0.0400	0.0253	0.0350	0.0401	0.0267	0.0161	0.0342	0.0160	0.0162	
0.0365	0.0028	0.0157	0.0068	0.0199	0.0153	0.0088	0.0231	0.0395	0.0284	0.0061	0.0047	0.0006	0.0303	0.0240	0.0346	0.0028	0.0021	0.0244	0.0194	0.0118	0.0125	0.0006	0.0439	0.0142	0.0190	0.0106	0.0182	0.0062	0.0386	0.0274	0.0098	0.0281	0.0297	0.0383	0.0184	0.0080	0.0222	0.0025	0.0291	0.0436	0.0232	0.0291	0.0367	0.0018	0.0222	0.0441	0.0407	0.0171	0.0063	
0.0261	0.0102	0.0047	0.0334	0.0043	0.0247	0.0021	0.0148	0.0322	0.0306	0.0010	0.0270	0.0238	0.0303	0.0005	0.0364	0.0161	0.0133	0.0269	0.0075	0.0196	0.0184	0.0323	0.0332	0.0184	0.0265	0.0201	0.0014	0.0370	0.0294	0.0220	0.0148	0.0044	0.0342	0.0103	0.0188	0.0035	0.0296	0.0192	0.0164	0.0139	0.0291	0.0269	0.0037	0.0266	0.0084	0.0393	0.0320	0.0408	0.0040	
0.0042	0.0214	0.0046	0.0080	0.0261	0.0054	0.0113	0.0079	0.0163	0.0129	0.0365	0.0007	0.0234	0.0400	0.0136	0.0279	0.0259	0.0269	0.0236	0.0222	0.0320	0.0293	0.0277	0.0153	0.0347	0.0294	0.0298	0.0320	0.0099	0.0119	0.0313	0.0338	0.0033	0.0359	0.0294	0.0028	0.0107	0.0405	0.0144	0.0070	0.0059	0.0363	0.0181	0.0076	0.0201	0.0131	0.0099	0.0344	0.0321	0.0023	
0.0266	0.0135	0.0070	0.0169	0.0120	0.0183	0.0321	0.0292	0.0143	0.0287	0.0119	0.0187	0.0009	0.0025	0.0210	0.0061	0.0399	0.0355	0.0109	0.0103	0.0149	0.0257	0.0092	0.0182	0.0194	0.0386	0.0091	0.0244	0.0379	0.0246	0.0227	0.0011	0.0045	0.0066	0.0306	0.0210	0.0260	0.0317	0.0219	0.0125	0.0141	0.0208	0.0234	0.0203	0.0379	0.0304	0.0383	0.0154	0.0298	0.0126	
0.0155	0.0169	0.0180	0.0199	0.0287	0.0417	0.0019	0.0233	0.0412	0.0118	0.0062	0.0050	0.0362	0.0299	0.0092	0.0125	0.0122	0.0337	0.0158	0.0007	0.0182	0.0101	0.0077	0.0423	0.0353	0.0284	0.0017	0.0263	0.0251	0.0284	0.0045	0.0342	0.0376	0.0251	0.0060	0.0055	0.0185	0.0252	0.0170	0.0258	0.0185	0.0334	0.0321	0.0067	0.0048	0.0075	0.0271	0.0368	0.0109	0.0192	
0.0174	0.0390	0.0358	0.0291	0.0344	0.0063	0.0084	0.0166	0.0250	0.0325	0.0346	0.0129	0.0085	0.0085	0.0079	0.0136	0.0086	0.0141	0.0240	0.0046	0.0307	0.0308	0.0132	0.0338	0.0241	0.0231	0.0182	0.0018	0.0403	0.0330	0.0090	0.0078	0.0200	0.0008	0.0135	0.0066	0.0355	0.0120	0.0335	0.0007	0.0394	0.0004	0.0041	0.0208	0.0346	0.0059	0.0317	0.0246	0.0388	0.0296	
0.0001	0.0105	0.0097	0.0067	0.0324	0.0334	0.0201	0.0067	0.0040	0.0056	0.0248	0.0072	0.0278	0.0318	0.0244	0.0322	0.0340	0.0073	0.0345	0.0020	0.0141	0.0396	0.0191	0.0253	0.0082	0.0270	0.0216	0.0300	0.0446	0.0174	0.0002	0.0364	0.0023	0.0025	0.0289	0.0469	0.0340	0.0133	0.0090	0.0235	0.0260	0.0291	0.0078	0.0235	0.0148	0.0279	0.0168	0.0147	0.0391	0.0011	
0.0137	0.0185	0.0242	0.0405	0.0175	0.0033	0.0295	0.0227	0.0436	0.0010	0.0050	0.0303	0.0105	0.0251	0.0056	0.0341	0.0050	0.0259	0.0008	0.0244	0.0327	0.0190	0.0330	0.0121	0.0184	0.0258	0.0265	0.0340	0.0104	0.0206	0.0154	0.0108	0.0372	0.0379	0.0052	0.0243	0.0086	0.0048	0.0246	0.0290	0.0118	0.0105	0.0146	0.0078	0.0196	0.0352	0.0213	0.0235	0.0219	0.0221	
0.0242	0.0272	0.0095	0.0112	0.0081	0.0373	0.0152	0.0105	0.0206	0.0243	0.0100	0.0274	0.0176	0.0156	0.0205	0.0344	0.0270	0.0096	0.0181	0.0218	0.0180	0.0003	0.0287	0.0122	0.0122	0.0171	0.0038	0.0211	0.0358	0.0200	0.0070	0.0075	0.0173	0.0237	0.0298	0.0320	0.0315	0.0239	0.0242	0.0118	0.0013	0.0328	0.0230	0.0272	0.0138	0.0149	0.0360	0.0407	0.0234	0.0189	
0.0050	0.0072	0.0001	0.0367	0.0013	0.0255	0.0339	0.0347	0.0404	0.0236	0.0249	0.0321	0.0243	0.0351	0.0227	0.0046	0.0140	0.0336	0.0222	0.0391	0.0371	0.0054	0.0200	0.0092	0.0234	0.0273	0.0144	0.0043	0.0423	0.0382	0.0281	0.0079	0.0073	0.0106	0.0190	0.0010	0.0085	0.0240	0.0258	0.0127	0.0372	0.0006	0.0297	0.0016	0.0271	0.0114	0.0117	0.0306	0.0134	0.0094	

Emissions
0.0230	0.0126	0.1111	0.0731	0.1251	0.1868	0.1933	0.2751	
0.0863	0.0915	0.0292	0.1348	0.1474	0.1271	0.2570	0.1268	
0.1683	0.1080	0.1148	0.1094	0.1877	0.1610	0.0505	0.1003	
0.0469	0.2825	0.0696	0.1155	0.1015	0.0432	0.1370	0.2039	
0.1168	0.1505	0.1856	0.0678	0.1152	0.0917	0.1424	0.1299	
0.1469	0.1954	0.0984	0.0741	0.0254	0.0405	0.0170	0.4024	
0.0343	0.0534	0.1774	0.2555	0.0587	0.1539	0.1365	0.1301	
0.4025	0.0526	0.0603	0.2793	0.1163	0.0129	0.0667	0.0095	
0.1660	0.1335	0.1787	0.0312	0.0287	0.0375	0.1716	0.2528	
0.1810	0.3230	0.0403	0.0759	0.1246	0.1812	0.0642	0.0098	
0.2760	0.2320	0.0728	0.1065	0.1020	0.0774	0.1251	0.0080	
0.0858	0.1307	0.1579	0.1170	0.0325	0.1239	0.2530	0.0991	
0.0792	0.0767	0.0849	0.1170	0.0459	0.1341	0.1903	0.2720	
0.1178	0.2311	0.0560	0.0500	0.1170	0.1605	0.2391	0.0286	
0.1510	0.0837	0.2343	0.0968	0.0970	0.1165	0.1139	0.1068	
0.0217	0.1604	0.1758	0.0654	0.0606	0.1292	0.1593	0.2276	
0.0208	0.2829	0.0697	0.0633	0.0825	0.1484	0.3035	0.0289	
0.0268	0.2096	0.2316	0.1714	0.0491	0.0197	0.1287	0.1632	
0.1580	0.1648	0.0826	0.1289	0.1055	0.1001	0.1492	0.1109	
0.2311	0.0317	0.0765	0.0826	0.1644	0.1397	0.1143	0.1597	
0.0003	0.1103	0.0783	0.1566	0.1516	0.1035	0.2678	0.1316	
0.1278	0.2497	0.2788	0.0063	0.1414	0.1387	0.0417	0.0157	
0.1754	0.1865	0.0113	0.1844	0.0605	0.2906	0.0316	0.0598	
0.0326	0.3038	0.2275	0.0586	0.0682	0.1089	0.0769	0.1235	
0.0523	0.1294	0.1691	0.1342	0.1401	0.0782	0.2225	0.0741	
0.2679	0.1395	0.0322	0.1895	0.0207	0.0929	0.2268	0.0305	
0.2805	0.1146	0.1609	0.1010	0.1417	0.0906	0.0931	0.0175	
0.0653	0.0382	0.3010	0.1597	0.1966	0.1164	0.0219	0.1008	
0.1305	0.1427	0.1929	0.0287	0.1340	0.0339	0.0403	0.2969	
0.1186	0.1781	0.1465	0.0977	0.1044	0.0106	0.2288	0.1153	
0.2185	0.1318	0.0428	0.1633	0.0718	0.0871	0.1161	0.1686	
0.0372	0.1813	0.1693	0.0892	0.1180	0.1397	0.1047	0.1604	
0.0748	0.2439	0.0717	0.0677	0.1363	0.0981	0.0751	0.2324	
0.0593	0.3105	0.2011	0.0092	0.1454	0.1011	0.1074	0.0660	
0.0813	0.2055	0.0265	0.1694	0.0482	0.0421	0.4087	0.0183	
0.0720	0.0626	0.0060	0.0285	0.1635	0.0996	0.1364	0.4314	
0.1213	0.1066	0.0667	0.1740	0.1520	0.0733	0.2016	0.1045	
0.0393	0.1318	0.1414	0.0831	0.1204	0.0573	0.2441	0.1825	
0.1476	0.1813	0.1680	0.0962	0.1610	0.0001	0.1442	0.1016	
0.0956	0.1003	0.0852	0.1811	0.1203	0.0360	0.0763	0.3052	
0.1332	0.0201	0.2187	0.0655	0.0399	0.1175	0.1323	0.2727	
0.2125	0.2481	0.0296	0.1303	0.0737	0.0143	0.0677	0.2237	
0.0657	0.1507	0.1903	0.0230	0.1734	0.2002	0.0380	0.1586	
0.3309	0.0386	0.0831	0.1345	0.0091	0.1439	0.2563	0.0036	
0.0510	0.1701	0.2082	0.0742	0.0959	0.0670	0.1031	0.2305	
0.0122	0.2111	0.1703	0.1089	0.1212	0.1232	0.2037	0.0495	
0.0041	0.2486	0.1721	0.0442	0.1307	0.0240	0.0421	0.3343	
0.2583	0.0855	0.0868	0.0174	0.0095	0.1222	0.1822	0.2381	
0.0094	0.1048	0.0855	0.2004	0.0341	0.1467	0.0197	0.3993	
0.2587	0.2605	0.0052	0.1566	0.0347	0.0279	0.1947	0.0618	
