DataSet 37
Learner: Baum Welch Learner
Log Likelihood: 71265.7747467157

Number of States: 50
Number of Symbols: 8
Threshold: 0.01

Initial Distribution:
0.0088	0.0180	0.0183	0.0176	0.0109	0.0171	0.0145	0.0052	0.0175	0.0086	0.0514	0.0166	0.0344	0.0073	0.0318	0.0083	0.0161	0.0549	0.0236	0.0210	0.0104	0.0044	0.0020	0.0185	0.0231	0.0714	0.0098	0.0152	0.0023	0.0113	0.0059	0.0229	0.0116	0.0208	0.0187	0.0287	0.0097	0.0103	0.0148	0.0151	0.0420	0.0007	0.0227	0.0373	0.0186	0.0284	0.0375	0.0281	0.0339	0.0220	

Transitions:
0.0227	0.0122	0.0106	0.0362	0.0284	0.0025	0.0110	0.0013	0.0391	0.0176	0.0096	0.0270	0.0063	0.0197	0.0268	0.0354	0.0256	0.0244	0.0243	0.0037	0.0418	0.0020	0.0122	0.0189	0.0375	0.0162	0.0191	0.0080	0.0319	0.0403	0.0042	0.0315	0.0407	0.0105	0.0344	0.0118	0.0250	0.0288	0.0263	0.0349	0.0178	0.0118	0.0153	0.0004	0.0083	0.0017	0.0296	0.0120	0.0099	0.0326	
0.0342	0.0045	0.0404	0.0258	0.0289	0.0154	0.0341	0.0253	0.0017	0.0067	0.0197	0.0033	0.0091	0.0302	0.0153	0.0165	0.0237	0.0313	0.0231	0.0136	0.0132	0.0326	0.0284	0.0300	0.0223	0.0195	0.0243	0.0128	0.0093	0.0313	0.0237	0.0046	0.0365	0.0298	0.0037	0.0408	0.0268	0.0014	0.0134	0.0141	0.0085	0.0300	0.0225	0.0146	0.0046	0.0131	0.0273	0.0168	0.0203	0.0212	
0.0105	0.0375	0.0289	0.0327	0.0197	0.0368	0.0069	0.0060	0.0095	0.0084	0.0290	0.0262	0.0187	0.0074	0.0261	0.0178	0.0063	0.0142	0.0311	0.0188	0.0330	0.0314	0.0166	0.0141	0.0049	0.0192	0.0093	0.0246	0.0291	0.0097	0.0303	0.0049	0.0330	0.0215	0.0259	0.0283	0.0196	0.0021	0.0174	0.0078	0.0291	0.0263	0.0313	0.0063	0.0215	0.0241	0.0110	0.0203	0.0303	0.0246	
0.0079	0.0203	0.0299	0.0052	0.0405	0.0169	0.0211	0.0125	0.0334	0.0300	0.0237	0.0238	0.0154	0.0402	0.0223	0.0230	0.0289	0.0314	0.0231	0.0004	0.0407	0.0048	0.0320	0.0224	0.0246	0.0032	0.0367	0.0125	0.0313	0.0198	0.0094	0.0257	0.0339	0.0021	0.0015	0.0397	0.0124	0.0205	0.0246	0.0057	0.0033	0.0067	0.0113	0.0165	0.0185	0.0054	0.0064	0.0291	0.0196	0.0298	
0.0267	0.0123	0.0387	0.0287	0.0247	0.0028	0.0295	0.0077	0.0197	0.0257	0.0178	0.0076	0.0161	0.0094	0.0266	0.0012	0.0265	0.0127	0.0373	0.0221	0.0143	0.0126	0.0079	0.0157	0.0318	0.0226	0.0315	0.0167	0.0049	0.0208	0.0403	0.0028	0.0342	0.0008	0.0339	0.0331	0.0257	0.0318	0.0155	0.0398	0.0080	0.0051	0.0058	0.0277	0.0244	0.0331	0.0209	0.0024	0.0278	0.0145	
0.0095	0.0250	0.0375	0.0348	0.0177	0.0152	0.0071	0.0236	0.0431	0.0271	0.0098	0.0118	0.0025	0.0366	0.0327	0.0171	0.0138	0.0169	0.0172	0.0356	0.0138	0.0409	0.0314	0.0374	0.0141	0.0070	0.0059	0.0190	0.0351	0.0006	0.0044	0.0292	0.0290	0.0245	0.0128	0.0041	0.0064	0.0266	0.0242	0.0231	0.0217	0.0048	0.0028	0.0219	0.0306	0.0380	0.0019	0.0102	0.0392	0.0047	
0.0163	0.0094	0.0248	0.0332	0.0034	0.0117	0.0337	0.0422	0.0255	0.0075	0.0066	0.0284	0.0264	0.0356	0.0263	0.0179	0.0218	0.0125	0.0245	0.0298	0.0132	0.0268	0.0306	0.0344	0.0121	0.0074	0.0327	0.0149	0.0110	0.0161	0.0070	0.0342	0.0217	0.0216	0.0230	0.0306	0.0023	0.0270	0.0241	0.0379	0.0076	0.0078	0.0082	0.0111	0.0107	0.0318	0.0130	0.0076	0.0301	0.0061	
0.0099	0.0220	0.0278	0.0034	0.0375	0.0301	0.0182	0.0331	0.0254	0.0270	0.0156	0.0200	0.0238	0.0071	0.0031	0.0110	0.0086	0.0021	0.0129	0.0349	0.0202	0.0377	0.0257	0.0243	0.0233	0.0032	0.0183	0.0241	0.0275	0.0198	0.0400	0.0264	0.0242	0.0045	0.0085	0.0198	0.0079	0.0140	0.0363	0.0363	0.0136	0.0127	0.0123	0.0267	0.0244	0.0295	0.0174	0.0019	0.0099	0.0362	
0.0212	0.0096	0.0357	0.0352	0.0271	0.0149	0.0392	0.0037	0.0216	0.0233	0.0114	0.0318	0.0026	0.0005	0.0002	0.0278	0.0008	0.0185	0.0411	0.0237	0.0051	0.0372	0.0057	0.0178	0.0194	0.0045	0.0206	0.0425	0.0021	0.0340	0.0254	0.0153	0.0122	0.0244	0.0385	0.0221	0.0299	0.0178	0.0182	0.0356	0.0153	0.0042	0.0366	0.0066	0.0198	0.0199	0.0076	0.0109	0.0310	0.0297	
0.0368	0.0019	0.0045	0.0315	0.0445	0.0361	0.0081	0.0248	0.0274	0.0228	0.0399	0.0026	0.0017	0.0303	0.0084	0.0442	0.0265	0.0183	0.0051	0.0236	0.0025	0.0265	0.0032	0.0081	0.0103	0.0007	0.0495	0.0592	0.0007	0.0001	0.0549	0.0127	0.0100	0.0138	0.0134	0.0305	0.0170	0.0310	0.0479	0.0142	0.0187	0.0153	0.0055	0.0438	0.0002	0.0218	0.0031	0.0189	0.0012	0.0261	
0.0342	0.0321	0.0084	0.0116	0.0299	0.0074	0.0352	0.0367	0.0171	0.0269	0.0269	0.0060	0.0150	0.0169	0.0235	0.0200	0.0281	0.0278	0.0122	0.0249	0.0252	0.0367	0.0153	0.0322	0.0030	0.0273	0.0139	0.0064	0.0055	0.0307	0.0385	0.0204	0.0402	0.0156	0.0038	0.0393	0.0008	0.0296	0.0211	0.0016	0.0187	0.0144	0.0090	0.0038	0.0179	0.0084	0.0290	0.0255	0.0095	0.0159	
0.0211	0.0113	0.0030	0.0137	0.0372	0.0351	0.0187	0.0148	0.0101	0.0313	0.0283	0.0312	0.0280	0.0247	0.0337	0.0086	0.0068	0.0352	0.0135	0.0246	0.0235	0.0011	0.0065	0.0110	0.0056	0.0084	0.0283	0.0142	0.0159	0.0335	0.0405	0.0269	0.0399	0.0247	0.0119	0.0263	0.0174	0.0213	0.0226	0.0061	0.0185	0.0256	0.0230	0.0210	0.0088	0.0275	0.0203	0.0226	0.0089	0.0074	
0.0008	0.0350	0.0154	0.0269	0.0420	0.0212	0.0059	0.0368	0.0105	0.0230	0.0102	0.0055	0.0374	0.0169	0.0031	0.0052	0.0320	0.0025	0.0145	0.0102	0.0361	0.0273	0.0127	0.0079	0.0054	0.0353	0.0170	0.0283	0.0029	0.0190	0.0308	0.0026	0.0041	0.0078	0.0372	0.0462	0.0144	0.0103	0.0372	0.0401	0.0194	0.0284	0.0164	0.0384	0.0411	0.0176	0.0251	0.0107	0.0218	0.0034	
0.0350	0.0176	0.0136	0.0001	0.0181	0.0150	0.0273	0.0070	0.0247	0.0307	0.0030	0.0221	0.0268	0.0319	0.0398	0.0066	0.0016	0.0283	0.0245	0.0041	0.0344	0.0263	0.0074	0.0211	0.0285	0.0042	0.0091	0.0160	0.0122	0.0297	0.0082	0.0057	0.0034	0.0365	0.0291	0.0048	0.0303	0.0029	0.0312	0.0186	0.0130	0.0069	0.0288	0.0300	0.0309	0.0391	0.0308	0.0212	0.0368	0.0250	
0.0142	0.0365	0.0301	0.0148	0.0113	0.0054	0.0123	0.0311	0.0098	0.0087	0.0072	0.0085	0.0303	0.0301	0.0317	0.0329	0.0154	0.0286	0.0047	0.0340	0.0192	0.0371	0.0308	0.0050	0.0291	0.0223	0.0343	0.0143	0.0290	0.0329	0.0087	0.0229	0.0161	0.0201	0.0146	0.0087	0.0162	0.0237	0.0255	0.0225	0.0277	0.0365	0.0297	0.0201	0.0084	0.0058	0.0100	0.0004	0.0023	0.0287	
0.0205	0.0070	0.0233	0.0044	0.0106	0.0168	0.0025	0.0271	0.0363	0.0239	0.0111	0.0420	0.0015	0.0180	0.0027	0.0244	0.0309	0.0111	0.0185	0.0256	0.0232	0.0380	0.0017	0.0273	0.0052	0.0193	0.0053	0.0192	0.0425	0.0250	0.0159	0.0376	0.0140	0.0394	0.0183	0.0005	0.0041	0.0105	0.0167	0.0520	0.0057	0.0379	0.0408	0.0012	0.0108	0.0352	0.0301	0.0181	0.0215	0.0247	
0.0122	0.0020	0.0260	0.0187	0.0135	0.0258	0.0057	0.0394	0.0441	0.0239	0.0095	0.0264	0.0244	0.0050	0.0141	0.0154	0.0238	0.0020	0.0005	0.0021	0.0235	0.0246	0.0319	0.0153	0.0192	0.0243	0.0340	0.0006	0.0158	0.0142	0.0306	0.0278	0.0412	0.0110	0.0110	0.0108	0.0091	0.0298	0.0275	0.0332	0.0335	0.0086	0.0114	0.0251	0.0317	0.0188	0.0073	0.0345	0.0255	0.0331	
0.0022	0.0337	0.0194	0.0160	0.0022	0.0310	0.0064	0.0098	0.0435	0.0253	0.0296	0.0053	0.0184	0.0272	0.0022	0.0238	0.0270	0.0133	0.0336	0.0043	0.0082	0.0386	0.0133	0.0104	0.0086	0.0128	0.0117	0.0091	0.0267	0.0413	0.0199	0.0427	0.0154	0.0208	0.0119	0.0360	0.0090	0.0183	0.0115	0.0260	0.0032	0.0423	0.0324	0.0011	0.0425	0.0287	0.0258	0.0269	0.0253	0.0057	
0.0312	0.0346	0.0004	0.0269	0.0320	0.0076	0.0221	0.0096	0.0128	0.0294	0.0180	0.0429	0.0255	0.0002	0.0102	0.0338	0.0297	0.0392	0.0174	0.0109	0.0184	0.0160	0.0020	0.0136	0.0010	0.0077	0.0035	0.0180	0.0142	0.0217	0.0324	0.0306	0.0315	0.0201	0.0152	0.0270	0.0465	0.0312	0.0478	0.0071	0.0145	0.0022	0.0112	0.0230	0.0058	0.0052	0.0159	0.0371	0.0368	0.0084	
0.0397	0.0301	0.0143	0.0141	0.0300	0.0158	0.0341	0.0292	0.0264	0.0149	0.0030	0.0054	0.0347	0.0322	0.0064	0.0306	0.0133	0.0029	0.0297	0.0278	0.0351	0.0009	0.0314	0.0083	0.0381	0.0111	0.0030	0.0240	0.0080	0.0376	0.0369	0.0109	0.0254	0.0045	0.0232	0.0353	0.0137	0.0074	0.0312	0.0476	0.0270	0.0116	0.0087	0.0221	0.0027	0.0083	0.0048	0.0179	0.0166	0.0123	
0.0318	0.0121	0.0055	0.0040	0.0153	0.0359	0.0405	0.0046	0.0228	0.0149	0.0110	0.0131	0.0198	0.0266	0.0267	0.0297	0.0200	0.0310	0.0100	0.0175	0.0213	0.0081	0.0113	0.0317	0.0394	0.0179	0.0341	0.0163	0.0060	0.0293	0.0078	0.0245	0.0057	0.0319	0.0086	0.0211	0.0059	0.0161	0.0299	0.0304	0.0279	0.0089	0.0274	0.0112	0.0275	0.0162	0.0240	0.0215	0.0360	0.0092	
0.0271	0.0128	0.0108	0.0415	0.0394	0.0230	0.0009	0.0170	0.0077	0.0291	0.0046	0.0252	0.0396	0.0353	0.0117	0.0271	0.0071	0.0274	0.0217	0.0089	0.0311	0.0072	0.0007	0.0268	0.0281	0.0088	0.0206	0.0015	0.0065	0.0251	0.0405	0.0090	0.0231	0.0351	0.0049	0.0393	0.0165	0.0063	0.0014	0.0349	0.0157	0.0341	0.0128	0.0356	0.0246	0.0074	0.0079	0.0378	0.0004	0.0385	
0.0086	0.0036	0.0070	0.0317	0.0279	0.0189	0.0179	0.0306	0.0148	0.0203	0.0022	0.0433	0.0089	0.0263	0.0022	0.0345	0.0060	0.0027	0.0326	0.0215	0.0167	0.0016	0.0245	0.0342	0.0332	0.0313	0.0393	0.0049	0.0048	0.0227	0.0010	0.0220	0.0011	0.0086	0.0189	0.0336	0.0025	0.0292	0.0144	0.0310	0.0157	0.0316	0.0376	0.0175	0.0293	0.0195	0.0210	0.0291	0.0364	0.0250	
0.0499	0.0076	0.0151	0.0229	0.0285	0.0067	0.0233	0.0194	0.0482	0.0272	0.0256	0.0126	0.0230	0.0376	0.0265	0.0236	0.0394	0.0000	0.0084	0.0169	0.0438	0.0202	0.0308	0.0010	0.0050	0.0247	0.0070	0.0088	0.0069	0.0175	0.0178	0.0050	0.0124	0.0217	0.0255	0.0436	0.0095	0.0225	0.0295	0.0127	0.0089	0.0315	0.0381	0.0286	0.0015	0.0063	0.0085	0.0053	0.0401	0.0028	
0.0201	0.0203	0.0269	0.0186	0.0286	0.0248	0.0187	0.0114	0.0192	0.0343	0.0002	0.0122	0.0096	0.0225	0.0147	0.0199	0.0014	0.0003	0.0110	0.0300	0.0156	0.0196	0.0125	0.0389	0.0067	0.0065	0.0238	0.0034	0.0436	0.0409	0.0194	0.0008	0.0129	0.0032	0.0403	0.0383	0.0230	0.0275	0.0329	0.0496	0.0146	0.0403	0.0052	0.0281	0.0109	0.0380	0.0127	0.0123	0.0133	0.0204	
0.0044	0.0089	0.0442	0.0073	0.0307	0.0006	0.0088	0.0262	0.0173	0.0229	0.0008	0.0168	0.0121	0.0196	0.0252	0.0431	0.0013	0.0076	0.0262	0.0285	0.0452	0.0142	0.0093	0.0152	0.0164	0.0189	0.0144	0.0319	0.0300	0.0123	0.0350	0.0112	0.0394	0.0184	0.0396	0.0109	0.0062	0.0042	0.0169	0.0507	0.0231	0.0428	0.0154	0.0103	0.0451	0.0003	0.0222	0.0317	0.0059	0.0104	
0.0361	0.0091	0.0291	0.0266	0.0228	0.0285	0.0392	0.0226	0.0369	0.0090	0.0236	0.0207	0.0345	0.0037	0.0309	0.0268	0.0207	0.0303	0.0220	0.0133	0.0358	0.0375	0.0272	0.0279	0.0024	0.0028	0.0379	0.0005	0.0160	0.0127	0.0372	0.0232	0.0239	0.0151	0.0159	0.0213	0.0209	0.0025	0.0339	0.0043	0.0081	0.0234	0.0092	0.0035	0.0079	0.0000	0.0319	0.0100	0.0157	0.0051	
0.0154	0.0265	0.0074	0.0288	0.0166	0.0401	0.0186	0.0425	0.0306	0.0158	0.0302	0.0350	0.0050	0.0216	0.0176	0.0039	0.0313	0.0202	0.0302	0.0108	0.0102	0.0240	0.0307	0.0168	0.0050	0.0077	0.0265	0.0328	0.0228	0.0024	0.0072	0.0267	0.0261	0.0094	0.0395	0.0450	0.0175	0.0258	0.0010	0.0229	0.0010	0.0222	0.0171	0.0168	0.0117	0.0112	0.0136	0.0280	0.0265	0.0036	
0.0000	0.0147	0.0266	0.0071	0.0435	0.0422	0.0421	0.0390	0.0376	0.0071	0.0094	0.0336	0.0202	0.0287	0.0131	0.0079	0.0135	0.0369	0.0301	0.0212	0.0331	0.0125	0.0198	0.0105	0.0115	0.0252	0.0045	0.0254	0.0086	0.0379	0.0429	0.0451	0.0034	0.0168	0.0031	0.0363	0.0032	0.0160	0.0188	0.0041	0.0036	0.0306	0.0048	0.0348	0.0121	0.0109	0.0029	0.0373	0.0063	0.0034	
0.0420	0.0228	0.0068	0.0057	0.0183	0.0306	0.0433	0.0156	0.0453	0.0073	0.0286	0.0189	0.0230	0.0361	0.0187	0.0104	0.0277	0.0013	0.0236	0.0247	0.0057	0.0426	0.0186	0.0223	0.0166	0.0004	0.0061	0.0311	0.0003	0.0010	0.0312	0.0103	0.0167	0.0040	0.0445	0.0070	0.0357	0.0364	0.0012	0.0142	0.0307	0.0313	0.0209	0.0069	0.0148	0.0283	0.0040	0.0110	0.0169	0.0387	
0.0218	0.0017	0.0154	0.0226	0.0439	0.0369	0.0058	0.0285	0.0379	0.0123	0.0228	0.0108	0.0125	0.0373	0.0236	0.0179	0.0034	0.0190	0.0396	0.0110	0.0205	0.0346	0.0001	0.0089	0.0311	0.0131	0.0191	0.0146	0.0078	0.0311	0.0432	0.0344	0.0114	0.0016	0.0237	0.0275	0.0373	0.0272	0.0061	0.0011	0.0005	0.0071	0.0075	0.0229	0.0297	0.0233	0.0120	0.0236	0.0232	0.0311	
0.0252	0.0237	0.0211	0.0057	0.0221	0.0312	0.0023	0.0062	0.0415	0.0205	0.0199	0.0350	0.0191	0.0451	0.0212	0.0320	0.0013	0.0131	0.0167	0.0014	0.0293	0.0147	0.0119	0.0375	0.0120	0.0106	0.0275	0.0187	0.0255	0.0107	0.0006	0.0364	0.0369	0.0149	0.0097	0.0141	0.0187	0.0039	0.0247	0.0463	0.0203	0.0342	0.0008	0.0253	0.0266	0.0087	0.0230	0.0087	0.0068	0.0367	
0.0223	0.0031	0.0122	0.0224	0.0081	0.0088	0.0148	0.0253	0.0434	0.0070	0.0031	0.0278	0.0225	0.0222	0.0221	0.0235	0.0036	0.0035	0.0350	0.0090	0.0166	0.0391	0.0266	0.0220	0.0202	0.0275	0.0128	0.0329	0.0124	0.0031	0.0272	0.0158	0.0104	0.0251	0.0334	0.0441	0.0225	0.0060	0.0072	0.0453	0.0328	0.0332	0.0086	0.0119	0.0323	0.0346	0.0050	0.0170	0.0023	0.0323	
0.0030	0.0211	0.0150	0.0349	0.0218	0.0206	0.0118	0.0321	0.0011	0.0097	0.0292	0.0209	0.0099	0.0306	0.0219	0.0223	0.0143	0.0315	0.0303	0.0211	0.0052	0.0360	0.0305	0.0278	0.0105	0.0196	0.0248	0.0166	0.0278	0.0249	0.0309	0.0302	0.0264	0.0121	0.0356	0.0326	0.0333	0.0094	0.0056	0.0062	0.0201	0.0270	0.0051	0.0279	0.0012	0.0117	0.0179	0.0158	0.0223	0.0022	
0.0128	0.0069	0.0257	0.0161	0.0293	0.0056	0.0268	0.0257	0.0273	0.0295	0.0279	0.0320	0.0336	0.0126	0.0203	0.0043	0.0284	0.0309	0.0322	0.0245	0.0286	0.0068	0.0253	0.0222	0.0015	0.0109	0.0288	0.0013	0.0300	0.0347	0.0021	0.0104	0.0310	0.0228	0.0137	0.0198	0.0044	0.0069	0.0260	0.0349	0.0076	0.0122	0.0245	0.0071	0.0129	0.0246	0.0241	0.0286	0.0105	0.0334	
0.0160	0.0242	0.0277	0.0364	0.0129	0.0080	0.0173	0.0031	0.0180	0.0147	0.0127	0.0268	0.0337	0.0284	0.0363	0.0231	0.0066	0.0098	0.0406	0.0036	0.0005	0.0328	0.0072	0.0380	0.0201	0.0145	0.0200	0.0272	0.0131	0.0154	0.0274	0.0421	0.0337	0.0318	0.0242	0.0184	0.0279	0.0279	0.0167	0.0080	0.0021	0.0020	0.0333	0.0119	0.0219	0.0212	0.0167	0.0001	0.0132	0.0311	
0.0148	0.0152	0.0271	0.0065	0.0326	0.0226	0.0140	0.0253	0.0203	0.0253	0.0195	0.0267	0.0233	0.0006	0.0253	0.0108	0.0243	0.0302	0.0033	0.0148	0.0323	0.0160	0.0245	0.0249	0.0011	0.0272	0.0285	0.0345	0.0161	0.0296	0.0358	0.0166	0.0093	0.0147	0.0312	0.0333	0.0044	0.0149	0.0336	0.0335	0.0295	0.0313	0.0072	0.0134	0.0173	0.0056	0.0073	0.0255	0.0142	0.0042	
0.0288	0.0203	0.0432	0.0369	0.0395	0.0012	0.0335	0.0021	0.0081	0.0326	0.0286	0.0236	0.0079	0.0261	0.0012	0.0071	0.0247	0.0093	0.0050	0.0371	0.0114	0.0170	0.0386	0.0076	0.0213	0.0354	0.0106	0.0186	0.0136	0.0384	0.0350	0.0050	0.0231	0.0138	0.0158	0.0197	0.0257	0.0168	0.0295	0.0417	0.0106	0.0039	0.0154	0.0022	0.0083	0.0199	0.0310	0.0244	0.0170	0.0119	
0.0213	0.0018	0.0285	0.0225	0.0374	0.0084	0.0219	0.0327	0.0165	0.0297	0.0300	0.0119	0.0280	0.0128	0.0088	0.0230	0.0021	0.0334	0.0113	0.0243	0.0252	0.0096	0.0170	0.0090	0.0241	0.0047	0.0005	0.0447	0.0435	0.0023	0.0073	0.0243	0.0450	0.0008	0.0146	0.0290	0.0182	0.0308	0.0196	0.0069	0.0318	0.0342	0.0038	0.0316	0.0033	0.0404	0.0108	0.0031	0.0355	0.0224	
0.0155	0.0313	0.0163	0.0280	0.0252	0.0138	0.0224	0.0191	0.0444	0.0264	0.0065	0.0215	0.0292	0.0108	0.0278	0.0081	0.0122	0.0269	0.0405	0.0238	0.0084	0.0073	0.0137	0.0041	0.0303	0.0243	0.0046	0.0304	0.0068	0.0250	0.0384	0.0378	0.0052	0.0154	0.0286	0.0101	0.0093	0.0052	0.0136	0.0001	0.0022	0.0395	0.0365	0.0277	0.0419	0.0118	0.0028	0.0300	0.0054	0.0335	
0.0257	0.0264	0.0050	0.0088	0.0164	0.0095	0.0212	0.0118	0.0030	0.0358	0.0081	0.0387	0.0122	0.0139	0.0402	0.0102	0.0161	0.0144	0.0253	0.0217	0.0450	0.0094	0.0145	0.0416	0.0247	0.0097	0.0098	0.0327	0.0062	0.0197	0.0307	0.0129	0.0244	0.0106	0.0026	0.0060	0.0333	0.0356	0.0024	0.0230	0.0282	0.0415	0.0035	0.0157	0.0370	0.0051	0.0228	0.0266	0.0310	0.0294	
0.0348	0.0248	0.0100	0.0232	0.0339	0.0148	0.0116	0.0058	0.0313	0.0042	0.0344	0.0316	0.0048	0.0249	0.0113	0.0324	0.0147	0.0006	0.0106	0.0321	0.0186	0.0235	0.0094	0.0053	0.0310	0.0016	0.0050	0.0001	0.0072	0.0165	0.0282	0.0237	0.0432	0.0160	0.0262	0.0402	0.0024	0.0307	0.0169	0.0309	0.0295	0.0269	0.0087	0.0338	0.0199	0.0343	0.0256	0.0163	0.0036	0.0331	
0.0258	0.0200	0.0147	0.0353	0.0116	0.0107	0.0189	0.0042	0.0383	0.0255	0.0091	0.0100	0.0340	0.0099	0.0193	0.0131	0.0261	0.0262	0.0001	0.0145	0.0341	0.0229	0.0197	0.0218	0.0381	0.0250	0.0126	0.0151	0.0265	0.0367	0.0101	0.0253	0.0405	0.0094	0.0305	0.0411	0.0086	0.0017	0.0068	0.0153	0.0144	0.0363	0.0026	0.0213	0.0178	0.0231	0.0208	0.0366	0.0149	0.0031	
0.0402	0.0045	0.0204	0.0253	0.0012	0.0052	0.0019	0.0315	0.0423	0.0175	0.0354	0.0051	0.0161	0.0347	0.0223	0.0226	0.0117	0.0279	0.0203	0.0237	0.0066	0.0341	0.0173	0.0264	0.0413	0.0322	0.0193	0.0441	0.0063	0.0168	0.0019	0.0139	0.0425	0.0206	0.0395	0.0051	0.0074	0.0077	0.0105	0.0313	0.0335	0.0174	0.0051	0.0255	0.0173	0.0112	0.0153	0.0079	0.0016	0.0306	
0.0081	0.0010	0.0193	0.0293	0.0367	0.0061	0.0243	0.0320	0.0326	0.0040	0.0217	0.0029	0.0230	0.0194	0.0171	0.0201	0.0054	0.0314	0.0370	0.0172	0.0168	0.0059	0.0139	0.0334	0.0258	0.0227	0.0264	0.0369	0.0105	0.0267	0.0166	0.0106	0.0406	0.0113	0.0086	0.0004	0.0331	0.0056	0.0251	0.0350	0.0166	0.0144	0.0179	0.0044	0.0401	0.0318	0.0225	0.0220	0.0070	0.0286	
0.0044	0.0260	0.0132	0.0248	0.0188	0.0026	0.0261	0.0294	0.0045	0.0072	0.0186	0.0314	0.0222	0.0004	0.0311	0.0144	0.0054	0.0132	0.0131	0.0195	0.0346	0.0002	0.0079	0.0046	0.0428	0.0016	0.0278	0.0143	0.0401	0.0383	0.0503	0.0020	0.0336	0.0170	0.0272	0.0320	0.0424	0.0141	0.0419	0.0071	0.0163	0.0109	0.0034	0.0191	0.0149	0.0321	0.0321	0.0209	0.0161	0.0280	
0.0324	0.0191	0.0174	0.0341	0.0032	0.0040	0.0212	0.0087	0.0306	0.0133	0.0174	0.0145	0.0284	0.0101	0.0099	0.0172	0.0028	0.0035	0.0185	0.0015	0.0181	0.0345	0.0155	0.0065	0.0028	0.0210	0.0446	0.0334	0.0328	0.0111	0.0093	0.0072	0.0487	0.0105	0.0098	0.0272	0.0281	0.0409	0.0171	0.0258	0.0103	0.0360	0.0311	0.0242	0.0356	0.0038	0.0213	0.0378	0.0105	0.0369	
0.0289	0.0270	0.0038	0.0138	0.0105	0.0365	0.0028	0.0093	0.0331	0.0204	0.0067	0.0300	0.0157	0.0162	0.0064	0.0096	0.0136	0.0177	0.0436	0.0285	0.0326	0.0056	0.0246	0.0381	0.0331	0.0204	0.0010	0.0373	0.0169	0.0419	0.0442	0.0024	0.0229	0.0340	0.0250	0.0212	0.0031	0.0216	0.0010	0.0166	0.0171	0.0201	0.0111	0.0327	0.0153	0.0214	0.0123	0.0152	0.0181	0.0193	
0.0271	0.0042	0.0355	0.0238	0.0064	0.0243	0.0037	0.0087	0.0275	0.0238	0.0328	0.0104	0.0319	0.0297	0.0240	0.0045	0.0093	0.0203	0.0364	0.0292	0.0076	0.0381	0.0150	0.0268	0.0099	0.0106	0.0335	0.0405	0.0253	0.0117	0.0093	0.0269	0.0171	0.0314	0.0131	0.0369	0.0079	0.0315	0.0342	0.0009	0.0135	0.0366	0.0004	0.0138	0.0213	0.0082	0.0216	0.0252	0.0082	0.0091	
0.0096	0.0300	0.0253	0.0292	0.0143	0.0340	0.0306	0.0087	0.0172	0.0284	0.0262	0.0097	0.0231	0.0117	0.0182	0.0084	0.0288	0.0377	0.0172	0.0322	0.0401	0.0161	0.0256	0.0329	0.0156	0.0098	0.0346	0.0020	0.0083	0.0017	0.0288	0.0101	0.0314	0.0125	0.0026	0.0146	0.0015	0.0237	0.0244	0.0224	0.0040	0.0405	0.0216	0.0333	0.0146	0.0041	0.0084	0.0282	0.0363	0.0092	

Emissions
0.0636	0.2398	0.0705	0.0630	0.0636	0.1813	0.0498	0.2683	
0.1513	0.0184	0.0116	0.2636	0.0025	0.1207	0.1379	0.2940	
0.1827	0.1143	0.0725	0.0405	0.0538	0.0559	0.1245	0.3557	
0.1513	0.2963	0.2312	0.1421	0.0943	0.0545	0.0051	0.0253	
0.0346	0.3475	0.2815	0.1703	0.0085	0.0607	0.0213	0.0758	
0.0355	0.0952	0.1099	0.1299	0.1083	0.0963	0.3326	0.0924	
0.1757	0.3268	0.1683	0.0010	0.1297	0.1646	0.0132	0.0208	
0.1168	0.1431	0.3607	0.0855	0.0133	0.1131	0.1531	0.0143	
0.0023	0.3606	0.1650	0.0107	0.1370	0.0696	0.1394	0.1153	
0.0496	0.0022	0.0164	0.1919	0.2495	0.2020	0.1822	0.1062	
0.2755	0.1806	0.0239	0.1366	0.1439	0.0021	0.1366	0.1007	
0.1635	0.1784	0.1242	0.1078	0.0971	0.1117	0.0369	0.1804	
0.2047	0.0914	0.0923	0.0951	0.1479	0.1284	0.1622	0.0779	
0.1060	0.0604	0.2798	0.0941	0.1661	0.0185	0.0564	0.2188	
0.2066	0.1372	0.0717	0.1053	0.0416	0.1205	0.0603	0.2568	
0.0775	0.0349	0.0444	0.1380	0.1775	0.1430	0.2232	0.1615	
0.2472	0.1237	0.0251	0.1364	0.0634	0.2621	0.1301	0.0121	
0.2075	0.2383	0.0203	0.1363	0.0353	0.0053	0.1757	0.1813	
0.1238	0.2883	0.2021	0.0300	0.0665	0.1119	0.1375	0.0398	
0.0182	0.1675	0.0297	0.1455	0.1488	0.1407	0.1435	0.2060	
0.0930	0.1133	0.2083	0.0789	0.0044	0.1252	0.1098	0.2669	
0.0171	0.1083	0.2238	0.0714	0.1275	0.1274	0.2163	0.1082	
0.0887	0.1163	0.1634	0.1580	0.1956	0.1642	0.0449	0.0689	
0.1255	0.2219	0.0962	0.0932	0.1330	0.0706	0.0470	0.2126	
0.0502	0.1118	0.0507	0.1717	0.0738	0.0547	0.2244	0.2626	
0.2266	0.0623	0.0118	0.3562	0.0017	0.0141	0.1811	0.1461	
0.1364	0.2186	0.1201	0.0738	0.0961	0.1163	0.0179	0.2208	
0.0509	0.1712	0.1656	0.0219	0.0314	0.1246	0.2733	0.1610	
0.0231	0.2233	0.0957	0.0436	0.0931	0.1992	0.2918	0.0301	
0.1170	0.1696	0.1266	0.1145	0.1364	0.0313	0.0527	0.2517	
0.1009	0.0034	0.3425	0.0109	0.0245	0.1780	0.1503	0.1895	
0.0540	0.1064	0.1262	0.1506	0.1022	0.1012	0.1737	0.1857	
0.0373	0.1604	0.2450	0.0573	0.1754	0.0467	0.0163	0.2615	
0.3156	0.1881	0.0092	0.0242	0.1306	0.1599	0.1343	0.0381	
0.0765	0.2707	0.1477	0.0238	0.1427	0.1364	0.1078	0.0943	
0.0910	0.3314	0.0097	0.0051	0.0683	0.0341	0.1664	0.2941	
0.1593	0.1721	0.1333	0.0069	0.0564	0.1846	0.2425	0.0449	
0.2157	0.0138	0.0847	0.1373	0.1661	0.0771	0.0416	0.2635	
0.0209	0.1685	0.1193	0.1020	0.1773	0.1008	0.2456	0.0655	
0.0085	0.2561	0.0091	0.0233	0.0763	0.0121	0.2774	0.3371	
0.2546	0.0836	0.0656	0.2005	0.0148	0.0388	0.2094	0.1326	
0.0219	0.1497	0.0593	0.0900	0.1229	0.1276	0.1633	0.2652	
0.1507	0.0798	0.1691	0.1338	0.1180	0.1319	0.1896	0.0271	
0.1225	0.0495	0.0025	0.1529	0.1451	0.1057	0.2153	0.2066	
0.0852	0.1451	0.1613	0.0748	0.1610	0.0384	0.1469	0.1874	
0.1848	0.3048	0.1046	0.0703	0.0791	0.0358	0.1428	0.0778	
0.2796	0.0418	0.1251	0.2919	0.0329	0.2083	0.0011	0.0194	
0.1308	0.1093	0.1030	0.2301	0.0576	0.0070	0.2243	0.1380	
0.2038	0.1024	0.0758	0.0321	0.1816	0.0405	0.2717	0.0922	
0.1607	0.0171	0.2172	0.1533	0.0758	0.0826	0.2001	0.0933	
