DataSet 37
Learner: Baum Welch Learner
Log Likelihood: 71333.4841350699

Number of States: 70
Number of Symbols: 8
Threshold: 0.01

Initial Distribution:
0.0136	0.0345	0.0180	0.0083	0.0273	0.0237	0.0117	0.0078	0.0158	0.0166	0.0040	0.0079	0.0032	0.0106	0.0340	0.0106	0.0260	0.0238	0.0115	0.0155	0.0005	0.0183	0.0055	0.0055	0.0319	0.0199	0.0134	0.0158	0.0112	0.0173	0.0372	0.0009	0.0014	0.0002	0.0031	0.0103	0.0076	0.0271	0.0285	0.0034	0.0094	0.0028	0.0367	0.0272	0.0249	0.0178	0.0217	0.0041	0.0160	0.0181	0.0082	0.0121	0.0166	0.0027	0.0150	0.0255	0.0185	0.0090	0.0151	0.0074	0.0095	0.0279	0.0004	0.0029	0.0258	0.0048	0.0133	0.0020	0.0071	0.0142	

Transitions:
0.0002	0.0018	0.0173	0.0037	0.0053	0.0260	0.0193	0.0147	0.0053	0.0058	0.0009	0.0047	0.0019	0.0116	0.0041	0.0146	0.0136	0.0238	0.0131	0.0087	0.0255	0.0260	0.0110	0.0202	0.0222	0.0130	0.0018	0.0214	0.0042	0.0222	0.0094	0.0128	0.0272	0.0314	0.0250	0.0073	0.0225	0.0119	0.0275	0.0163	0.0047	0.0006	0.0048	0.0064	0.0068	0.0052	0.0229	0.0174	0.0291	0.0028	0.0201	0.0122	0.0164	0.0278	0.0203	0.0026	0.0198	0.0270	0.0090	0.0204	0.0262	0.0278	0.0103	0.0115	0.0238	0.0171	0.0065	0.0029	0.0164	0.0266	
0.0173	0.0015	0.0241	0.0241	0.0036	0.0199	0.0186	0.0034	0.0120	0.0148	0.0169	0.0125	0.0188	0.0012	0.0025	0.0234	0.0222	0.0232	0.0062	0.0199	0.0149	0.0230	0.0028	0.0064	0.0166	0.0049	0.0157	0.0205	0.0096	0.0160	0.0246	0.0179	0.0010	0.0017	0.0095	0.0164	0.0125	0.0161	0.0202	0.0210	0.0093	0.0135	0.0106	0.0158	0.0004	0.0109	0.0046	0.0077	0.0075	0.0239	0.0174	0.0065	0.0212	0.0200	0.0087	0.0213	0.0239	0.0186	0.0058	0.0237	0.0047	0.0244	0.0189	0.0226	0.0171	0.0250	0.0105	0.0188	0.0180	0.0118	
0.0098	0.0057	0.0041	0.0107	0.0116	0.0003	0.0118	0.0127	0.0064	0.0076	0.0009	0.0103	0.0138	0.0100	0.0246	0.0191	0.0244	0.0059	0.0179	0.0136	0.0195	0.0220	0.0120	0.0247	0.0179	0.0101	0.0206	0.0170	0.0274	0.0011	0.0273	0.0126	0.0181	0.0269	0.0162	0.0139	0.0029	0.0115	0.0109	0.0079	0.0123	0.0135	0.0112	0.0239	0.0246	0.0244	0.0111	0.0104	0.0268	0.0002	0.0024	0.0052	0.0267	0.0053	0.0207	0.0159	0.0222	0.0072	0.0195	0.0277	0.0065	0.0222	0.0128	0.0057	0.0082	0.0161	0.0205	0.0197	0.0227	0.0124	
0.0154	0.0128	0.0245	0.0122	0.0011	0.0060	0.0113	0.0148	0.0000	0.0241	0.0001	0.0123	0.0200	0.0272	0.0267	0.0236	0.0138	0.0108	0.0016	0.0296	0.0223	0.0247	0.0218	0.0121	0.0023	0.0169	0.0001	0.0066	0.0186	0.0090	0.0029	0.0207	0.0178	0.0161	0.0130	0.0193	0.0103	0.0167	0.0051	0.0146	0.0066	0.0079	0.0071	0.0225	0.0287	0.0270	0.0026	0.0152	0.0083	0.0151	0.0029	0.0095	0.0190	0.0247	0.0212	0.0209	0.0213	0.0131	0.0098	0.0120	0.0067	0.0048	0.0251	0.0216	0.0217	0.0087	0.0244	0.0077	0.0162	0.0091	
0.0127	0.0273	0.0074	0.0169	0.0232	0.0139	0.0185	0.0292	0.0131	0.0073	0.0167	0.0156	0.0286	0.0035	0.0065	0.0234	0.0020	0.0207	0.0219	0.0224	0.0304	0.0291	0.0079	0.0235	0.0098	0.0016	0.0114	0.0182	0.0016	0.0207	0.0011	0.0257	0.0316	0.0343	0.0020	0.0065	0.0027	0.0038	0.0031	0.0077	0.0043	0.0246	0.0000	0.0025	0.0265	0.0234	0.0059	0.0237	0.0154	0.0309	0.0072	0.0030	0.0155	0.0251	0.0105	0.0149	0.0201	0.0153	0.0063	0.0227	0.0025	0.0007	0.0265	0.0234	0.0062	0.0226	0.0147	0.0001	0.0017	0.0004	
0.0191	0.0276	0.0176	0.0159	0.0164	0.0038	0.0266	0.0052	0.0264	0.0169	0.0251	0.0186	0.0029	0.0016	0.0130	0.0269	0.0097	0.0039	0.0166	0.0167	0.0175	0.0184	0.0271	0.0118	0.0044	0.0032	0.0265	0.0081	0.0249	0.0036	0.0071	0.0056	0.0211	0.0150	0.0090	0.0084	0.0146	0.0280	0.0084	0.0065	0.0182	0.0135	0.0148	0.0168	0.0244	0.0140	0.0265	0.0235	0.0084	0.0079	0.0114	0.0097	0.0115	0.0146	0.0128	0.0019	0.0005	0.0061	0.0110	0.0133	0.0055	0.0197	0.0083	0.0239	0.0099	0.0197	0.0267	0.0186	0.0221	0.0053	
0.0123	0.0110	0.0260	0.0120	0.0306	0.0032	0.0025	0.0102	0.0167	0.0216	0.0062	0.0050	0.0292	0.0186	0.0223	0.0274	0.0247	0.0056	0.0004	0.0076	0.0086	0.0086	0.0190	0.0272	0.0011	0.0263	0.0052	0.0237	0.0079	0.0048	0.0172	0.0080	0.0016	0.0034	0.0264	0.0007	0.0153	0.0002	0.0175	0.0098	0.0315	0.0224	0.0185	0.0195	0.0074	0.0012	0.0197	0.0206	0.0018	0.0146	0.0261	0.0214	0.0197	0.0150	0.0279	0.0046	0.0247	0.0001	0.0110	0.0003	0.0287	0.0104	0.0017	0.0129	0.0044	0.0295	0.0032	0.0277	0.0246	0.0236	
0.0107	0.0227	0.0183	0.0204	0.0076	0.0165	0.0195	0.0283	0.0173	0.0001	0.0087	0.0159	0.0190	0.0240	0.0082	0.0250	0.0182	0.0143	0.0051	0.0209	0.0081	0.0143	0.0208	0.0172	0.0110	0.0177	0.0185	0.0066	0.0150	0.0084	0.0268	0.0223	0.0275	0.0118	0.0021	0.0026	0.0021	0.0284	0.0083	0.0093	0.0158	0.0259	0.0107	0.0097	0.0218	0.0141	0.0182	0.0077	0.0042	0.0094	0.0094	0.0166	0.0212	0.0036	0.0140	0.0262	0.0039	0.0025	0.0084	0.0179	0.0281	0.0131	0.0118	0.0098	0.0019	0.0161	0.0196	0.0105	0.0222	0.0062	
0.0212	0.0199	0.0076	0.0262	0.0051	0.0121	0.0032	0.0090	0.0239	0.0268	0.0007	0.0119	0.0024	0.0063	0.0272	0.0109	0.0007	0.0205	0.0239	0.0055	0.0301	0.0295	0.0198	0.0200	0.0110	0.0017	0.0118	0.0021	0.0083	0.0053	0.0245	0.0080	0.0160	0.0318	0.0159	0.0195	0.0092	0.0253	0.0277	0.0009	0.0242	0.0243	0.0072	0.0086	0.0161	0.0170	0.0107	0.0053	0.0113	0.0203	0.0149	0.0243	0.0144	0.0159	0.0070	0.0220	0.0290	0.0176	0.0139	0.0032	0.0002	0.0012	0.0008	0.0204	0.0041	0.0221	0.0260	0.0045	0.0209	0.0092	
0.0015	0.0040	0.0212	0.0234	0.0107	0.0037	0.0194	0.0103	0.0033	0.0235	0.0195	0.0067	0.0177	0.0156	0.0174	0.0253	0.0213	0.0241	0.0175	0.0208	0.0198	0.0197	0.0118	0.0233	0.0007	0.0187	0.0204	0.0174	0.0044	0.0206	0.0181	0.0053	0.0132	0.0013	0.0175	0.0098	0.0013	0.0172	0.0044	0.0026	0.0018	0.0167	0.0110	0.0151	0.0107	0.0216	0.0082	0.0123	0.0282	0.0050	0.0262	0.0227	0.0122	0.0255	0.0162	0.0082	0.0198	0.0261	0.0222	0.0184	0.0094	0.0030	0.0051	0.0086	0.0046	0.0141	0.0208	0.0176	0.0255	0.0088	
0.0238	0.0040	0.0215	0.0176	0.0188	0.0022	0.0080	0.0238	0.0123	0.0074	0.0121	0.0100	0.0164	0.0274	0.0228	0.0207	0.0199	0.0128	0.0113	0.0093	0.0190	0.0023	0.0237	0.0147	0.0195	0.0248	0.0111	0.0036	0.0106	0.0230	0.0003	0.0177	0.0142	0.0212	0.0072	0.0227	0.0030	0.0237	0.0083	0.0153	0.0009	0.0254	0.0129	0.0146	0.0064	0.0003	0.0125	0.0055	0.0144	0.0115	0.0226	0.0062	0.0070	0.0172	0.0183	0.0217	0.0091	0.0081	0.0243	0.0209	0.0187	0.0049	0.0117	0.0170	0.0066	0.0219	0.0239	0.0262	0.0207	0.0008	
0.0175	0.0249	0.0063	0.0267	0.0084	0.0209	0.0167	0.0079	0.0078	0.0212	0.0143	0.0068	0.0175	0.0003	0.0024	0.0217	0.0110	0.0225	0.0263	0.0130	0.0150	0.0230	0.0289	0.0171	0.0236	0.0228	0.0130	0.0268	0.0086	0.0122	0.0049	0.0131	0.0138	0.0153	0.0215	0.0260	0.0005	0.0101	0.0100	0.0261	0.0074	0.0017	0.0002	0.0035	0.0063	0.0136	0.0147	0.0118	0.0161	0.0140	0.0116	0.0268	0.0005	0.0085	0.0150	0.0230	0.0266	0.0189	0.0010	0.0128	0.0083	0.0201	0.0271	0.0251	0.0159	0.0011	0.0227	0.0057	0.0081	0.0057	
0.0240	0.0012	0.0185	0.0023	0.0064	0.0150	0.0289	0.0311	0.0125	0.0150	0.0124	0.0021	0.0135	0.0286	0.0014	0.0069	0.0156	0.0046	0.0296	0.0326	0.0000	0.0130	0.0114	0.0328	0.0214	0.0188	0.0034	0.0060	0.0195	0.0061	0.0240	0.0110	0.0048	0.0132	0.0261	0.0131	0.0155	0.0332	0.0046	0.0032	0.0014	0.0013	0.0093	0.0204	0.0029	0.0086	0.0092	0.0043	0.0305	0.0131	0.0211	0.0215	0.0103	0.0137	0.0065	0.0127	0.0260	0.0224	0.0154	0.0223	0.0122	0.0236	0.0104	0.0066	0.0254	0.0012	0.0322	0.0031	0.0041	0.0250	
0.0235	0.0156	0.0004	0.0283	0.0271	0.0307	0.0031	0.0237	0.0269	0.0134	0.0102	0.0328	0.0107	0.0065	0.0183	0.0017	0.0007	0.0217	0.0040	0.0117	0.0225	0.0264	0.0176	0.0174	0.0234	0.0121	0.0228	0.0032	0.0254	0.0015	0.0099	0.0058	0.0002	0.0045	0.0195	0.0035	0.0203	0.0150	0.0179	0.0078	0.0097	0.0002	0.0230	0.0009	0.0099	0.0121	0.0089	0.0032	0.0209	0.0234	0.0003	0.0056	0.0312	0.0253	0.0010	0.0281	0.0314	0.0161	0.0025	0.0155	0.0073	0.0000	0.0278	0.0266	0.0029	0.0041	0.0315	0.0075	0.0195	0.0158	
0.0141	0.0188	0.0066	0.0318	0.0020	0.0220	0.0025	0.0186	0.0076	0.0142	0.0036	0.0238	0.0168	0.0055	0.0013	0.0042	0.0080	0.0078	0.0029	0.0244	0.0050	0.0043	0.0131	0.0034	0.0346	0.0093	0.0054	0.0350	0.0324	0.0059	0.0142	0.0013	0.0179	0.0052	0.0090	0.0160	0.0001	0.0018	0.0246	0.0142	0.0298	0.0163	0.0088	0.0233	0.0125	0.0207	0.0169	0.0238	0.0280	0.0342	0.0310	0.0245	0.0053	0.0298	0.0109	0.0105	0.0064	0.0031	0.0318	0.0286	0.0160	0.0035	0.0197	0.0017	0.0000	0.0025	0.0050	0.0128	0.0319	0.0214	
0.0031	0.0045	0.0142	0.0203	0.0228	0.0176	0.0236	0.0190	0.0207	0.0112	0.0219	0.0139	0.0055	0.0257	0.0072	0.0174	0.0237	0.0143	0.0205	0.0267	0.0079	0.0247	0.0040	0.0258	0.0238	0.0195	0.0239	0.0059	0.0184	0.0073	0.0118	0.0038	0.0220	0.0053	0.0238	0.0205	0.0062	0.0123	0.0027	0.0182	0.0132	0.0131	0.0087	0.0127	0.0000	0.0002	0.0246	0.0164	0.0230	0.0099	0.0052	0.0155	0.0159	0.0273	0.0087	0.0054	0.0008	0.0167	0.0225	0.0018	0.0219	0.0185	0.0003	0.0142	0.0260	0.0176	0.0191	0.0012	0.0034	0.0150	
0.0108	0.0120	0.0129	0.0037	0.0132	0.0210	0.0158	0.0180	0.0245	0.0236	0.0234	0.0092	0.0110	0.0088	0.0024	0.0238	0.0154	0.0197	0.0217	0.0185	0.0204	0.0178	0.0181	0.0010	0.0229	0.0203	0.0124	0.0239	0.0137	0.0096	0.0083	0.0230	0.0137	0.0080	0.0264	0.0204	0.0025	0.0118	0.0144	0.0133	0.0178	0.0107	0.0165	0.0227	0.0052	0.0128	0.0060	0.0184	0.0118	0.0035	0.0018	0.0246	0.0053	0.0124	0.0228	0.0204	0.0218	0.0123	0.0065	0.0183	0.0092	0.0204	0.0038	0.0165	0.0161	0.0008	0.0245	0.0049	0.0111	0.0097	
0.0230	0.0042	0.0080	0.0107	0.0007	0.0101	0.0003	0.0239	0.0260	0.0140	0.0189	0.0260	0.0137	0.0117	0.0091	0.0121	0.0202	0.0294	0.0126	0.0052	0.0324	0.0208	0.0067	0.0276	0.0057	0.0260	0.0070	0.0022	0.0093	0.0050	0.0185	0.0012	0.0092	0.0018	0.0116	0.0294	0.0215	0.0269	0.0144	0.0146	0.0255	0.0005	0.0178	0.0225	0.0016	0.0181	0.0085	0.0241	0.0094	0.0070	0.0118	0.0264	0.0237	0.0076	0.0119	0.0037	0.0294	0.0124	0.0045	0.0041	0.0033	0.0305	0.0142	0.0229	0.0270	0.0178	0.0167	0.0130	0.0008	0.0119	
0.0180	0.0207	0.0147	0.0267	0.0107	0.0258	0.0014	0.0129	0.0226	0.0183	0.0176	0.0136	0.0203	0.0020	0.0206	0.0197	0.0079	0.0009	0.0174	0.0067	0.0004	0.0079	0.0204	0.0090	0.0104	0.0216	0.0143	0.0263	0.0232	0.0129	0.0008	0.0237	0.0207	0.0287	0.0144	0.0169	0.0088	0.0223	0.0233	0.0120	0.0019	0.0129	0.0144	0.0128	0.0143	0.0181	0.0039	0.0110	0.0262	0.0040	0.0078	0.0125	0.0202	0.0217	0.0094	0.0109	0.0015	0.0060	0.0151	0.0162	0.0113	0.0038	0.0158	0.0093	0.0165	0.0218	0.0192	0.0239	0.0157	0.0051	
0.0112	0.0132	0.0052	0.0082	0.0050	0.0149	0.0214	0.0071	0.0236	0.0210	0.0200	0.0050	0.0006	0.0208	0.0059	0.0160	0.0035	0.0252	0.0149	0.0029	0.0167	0.0030	0.0079	0.0085	0.0273	0.0248	0.0251	0.0067	0.0250	0.0204	0.0265	0.0076	0.0254	0.0244	0.0217	0.0238	0.0087	0.0130	0.0181	0.0226	0.0207	0.0236	0.0105	0.0216	0.0258	0.0078	0.0032	0.0240	0.0038	0.0021	0.0186	0.0221	0.0095	0.0134	0.0186	0.0089	0.0059	0.0270	0.0082	0.0069	0.0192	0.0149	0.0109	0.0030	0.0233	0.0123	0.0096	0.0089	0.0006	0.0122	
0.0064	0.0178	0.0090	0.0215	0.0115	0.0192	0.0198	0.0127	0.0110	0.0194	0.0237	0.0023	0.0027	0.0214	0.0020	0.0041	0.0247	0.0088	0.0022	0.0115	0.0178	0.0109	0.0051	0.0108	0.0045	0.0047	0.0111	0.0079	0.0254	0.0125	0.0244	0.0219	0.0234	0.0230	0.0231	0.0272	0.0119	0.0156	0.0017	0.0231	0.0172	0.0202	0.0123	0.0134	0.0111	0.0164	0.0109	0.0164	0.0007	0.0196	0.0132	0.0267	0.0059	0.0175	0.0224	0.0226	0.0134	0.0269	0.0161	0.0062	0.0093	0.0123	0.0139	0.0282	0.0211	0.0004	0.0076	0.0105	0.0275	0.0026	
0.0163	0.0090	0.0075	0.0050	0.0212	0.0207	0.0231	0.0154	0.0238	0.0138	0.0196	0.0224	0.0062	0.0065	0.0237	0.0247	0.0145	0.0042	0.0212	0.0252	0.0129	0.0121	0.0002	0.0207	0.0130	0.0035	0.0049	0.0135	0.0183	0.0096	0.0069	0.0003	0.0166	0.0269	0.0254	0.0029	0.0163	0.0004	0.0204	0.0193	0.0235	0.0211	0.0229	0.0216	0.0104	0.0130	0.0045	0.0060	0.0257	0.0214	0.0098	0.0023	0.0113	0.0245	0.0157	0.0058	0.0088	0.0121	0.0164	0.0161	0.0186	0.0098	0.0222	0.0161	0.0082	0.0195	0.0056	0.0085	0.0078	0.0226	
0.0080	0.0160	0.0105	0.0010	0.0021	0.0189	0.0152	0.0020	0.0114	0.0029	0.0298	0.0298	0.0162	0.0247	0.0280	0.0054	0.0162	0.0163	0.0094	0.0226	0.0236	0.0054	0.0122	0.0053	0.0060	0.0141	0.0253	0.0115	0.0162	0.0182	0.0076	0.0248	0.0281	0.0022	0.0168	0.0250	0.0213	0.0123	0.0276	0.0281	0.0218	0.0087	0.0016	0.0147	0.0199	0.0225	0.0217	0.0032	0.0194	0.0047	0.0066	0.0167	0.0289	0.0164	0.0032	0.0029	0.0054	0.0057	0.0238	0.0171	0.0219	0.0042	0.0137	0.0221	0.0234	0.0042	0.0005	0.0150	0.0080	0.0040	
0.0116	0.0034	0.0177	0.0111	0.0005	0.0124	0.0036	0.0240	0.0132	0.0135	0.0202	0.0218	0.0183	0.0119	0.0111	0.0165	0.0222	0.0088	0.0234	0.0128	0.0186	0.0132	0.0166	0.0101	0.0043	0.0142	0.0205	0.0083	0.0166	0.0128	0.0180	0.0065	0.0220	0.0147	0.0179	0.0021	0.0244	0.0153	0.0146	0.0179	0.0266	0.0083	0.0165	0.0082	0.0223	0.0268	0.0091	0.0003	0.0089	0.0046	0.0080	0.0160	0.0154	0.0214	0.0117	0.0235	0.0143	0.0084	0.0062	0.0124	0.0169	0.0225	0.0045	0.0262	0.0196	0.0129	0.0247	0.0072	0.0205	0.0098	
0.0235	0.0090	0.0273	0.0110	0.0170	0.0115	0.0279	0.0094	0.0178	0.0063	0.0065	0.0279	0.0310	0.0170	0.0073	0.0019	0.0223	0.0010	0.0006	0.0254	0.0188	0.0204	0.0113	0.0034	0.0309	0.0040	0.0047	0.0238	0.0178	0.0107	0.0010	0.0028	0.0082	0.0369	0.0140	0.0007	0.0279	0.0087	0.0100	0.0036	0.0037	0.0090	0.0239	0.0015	0.0083	0.0293	0.0279	0.0210	0.0278	0.0243	0.0269	0.0287	0.0088	0.0014	0.0264	0.0050	0.0316	0.0246	0.0121	0.0129	0.0068	0.0052	0.0237	0.0073	0.0053	0.0040	0.0192	0.0008	0.0041	0.0072	
0.0063	0.0118	0.0211	0.0281	0.0186	0.0078	0.0241	0.0088	0.0249	0.0035	0.0082	0.0157	0.0251	0.0232	0.0142	0.0033	0.0239	0.0053	0.0040	0.0078	0.0030	0.0035	0.0268	0.0272	0.0251	0.0264	0.0151	0.0166	0.0256	0.0036	0.0083	0.0245	0.0153	0.0186	0.0151	0.0128	0.0058	0.0103	0.0123	0.0162	0.0102	0.0185	0.0237	0.0064	0.0027	0.0212	0.0068	0.0270	0.0228	0.0014	0.0090	0.0105	0.0258	0.0253	0.0033	0.0031	0.0143	0.0243	0.0003	0.0203	0.0224	0.0088	0.0117	0.0224	0.0243	0.0135	0.0002	0.0106	0.0093	0.0021	
0.0207	0.0108	0.0188	0.0151	0.0227	0.0112	0.0063	0.0174	0.0202	0.0053	0.0180	0.0163	0.0191	0.0202	0.0195	0.0214	0.0234	0.0144	0.0101	0.0099	0.0242	0.0095	0.0086	0.0187	0.0192	0.0009	0.0052	0.0034	0.0090	0.0148	0.0168	0.0213	0.0150	0.0182	0.0031	0.0210	0.0149	0.0066	0.0232	0.0162	0.0216	0.0195	0.0219	0.0187	0.0236	0.0027	0.0107	0.0139	0.0235	0.0239	0.0125	0.0087	0.0225	0.0221	0.0028	0.0122	0.0029	0.0003	0.0194	0.0225	0.0060	0.0030	0.0073	0.0051	0.0125	0.0215	0.0006	0.0046	0.0178	0.0251	
0.0076	0.0190	0.0187	0.0233	0.0154	0.0042	0.0123	0.0153	0.0222	0.0188	0.0167	0.0195	0.0060	0.0121	0.0034	0.0089	0.0260	0.0173	0.0138	0.0177	0.0216	0.0165	0.0138	0.0021	0.0102	0.0189	0.0135	0.0213	0.0074	0.0021	0.0023	0.0074	0.0248	0.0299	0.0189	0.0232	0.0195	0.0031	0.0111	0.0253	0.0025	0.0163	0.0051	0.0024	0.0082	0.0177	0.0251	0.0241	0.0025	0.0061	0.0253	0.0096	0.0185	0.0033	0.0073	0.0190	0.0057	0.0174	0.0119	0.0227	0.0193	0.0200	0.0076	0.0221	0.0167	0.0090	0.0239	0.0086	0.0224	0.0086	
0.0161	0.0230	0.0080	0.0166	0.0146	0.0043	0.0112	0.0107	0.0216	0.0218	0.0237	0.0190	0.0177	0.0015	0.0044	0.0201	0.0165	0.0183	0.0173	0.0280	0.0184	0.0021	0.0194	0.0166	0.0082	0.0101	0.0076	0.0128	0.0130	0.0265	0.0220	0.0159	0.0021	0.0253	0.0167	0.0023	0.0017	0.0027	0.0166	0.0026	0.0084	0.0226	0.0223	0.0158	0.0259	0.0004	0.0010	0.0061	0.0173	0.0246	0.0204	0.0025	0.0182	0.0226	0.0183	0.0145	0.0036	0.0203	0.0076	0.0038	0.0255	0.0275	0.0253	0.0241	0.0009	0.0077	0.0155	0.0244	0.0135	0.0023	
0.0194	0.0156	0.0039	0.0187	0.0210	0.0249	0.0077	0.0032	0.0206	0.0091	0.0110	0.0022	0.0263	0.0176	0.0077	0.0210	0.0297	0.0071	0.0037	0.0010	0.0313	0.0121	0.0260	0.0147	0.0066	0.0103	0.0271	0.0009	0.0177	0.0202	0.0143	0.0050	0.0242	0.0180	0.0068	0.0068	0.0306	0.0021	0.0051	0.0272	0.0099	0.0009	0.0005	0.0290	0.0248	0.0264	0.0021	0.0103	0.0186	0.0111	0.0107	0.0098	0.0237	0.0135	0.0039	0.0086	0.0215	0.0215	0.0115	0.0103	0.0291	0.0070	0.0165	0.0322	0.0262	0.0062	0.0099	0.0120	0.0119	0.0014	
0.0180	0.0244	0.0022	0.0079	0.0206	0.0246	0.0102	0.0243	0.0189	0.0107	0.0075	0.0168	0.0129	0.0057	0.0086	0.0034	0.0117	0.0079	0.0092	0.0265	0.0156	0.0094	0.0189	0.0227	0.0244	0.0024	0.0134	0.0006	0.0036	0.0157	0.0140	0.0191	0.0280	0.0163	0.0187	0.0132	0.0068	0.0127	0.0195	0.0054	0.0262	0.0219	0.0253	0.0247	0.0009	0.0100	0.0208	0.0083	0.0203	0.0197	0.0205	0.0006	0.0005	0.0119	0.0137	0.0102	0.0045	0.0067	0.0101	0.0180	0.0121	0.0098	0.0198	0.0031	0.0256	0.0168	0.0169	0.0279	0.0164	0.0244	
0.0216	0.0244	0.0150	0.0046	0.0270	0.0188	0.0096	0.0199	0.0214	0.0151	0.0101	0.0056	0.0085	0.0106	0.0208	0.0121	0.0170	0.0117	0.0002	0.0070	0.0088	0.0005	0.0034	0.0026	0.0194	0.0143	0.0016	0.0228	0.0006	0.0112	0.0186	0.0201	0.0200	0.0251	0.0231	0.0224	0.0120	0.0225	0.0124	0.0196	0.0007	0.0110	0.0102	0.0189	0.0071	0.0064	0.0265	0.0092	0.0088	0.0128	0.0254	0.0031	0.0258	0.0091	0.0149	0.0221	0.0219	0.0132	0.0104	0.0113	0.0190	0.0142	0.0192	0.0110	0.0214	0.0161	0.0130	0.0137	0.0149	0.0266	
0.0005	0.0220	0.0012	0.0074	0.0067	0.0251	0.0181	0.0107	0.0230	0.0161	0.0173	0.0232	0.0149	0.0159	0.0143	0.0173	0.0231	0.0100	0.0072	0.0299	0.0006	0.0266	0.0142	0.0014	0.0023	0.0134	0.0187	0.0008	0.0258	0.0188	0.0215	0.0134	0.0243	0.0120	0.0133	0.0034	0.0022	0.0204	0.0033	0.0176	0.0072	0.0136	0.0182	0.0226	0.0245	0.0297	0.0269	0.0049	0.0274	0.0075	0.0228	0.0025	0.0075	0.0155	0.0273	0.0016	0.0103	0.0298	0.0049	0.0214	0.0070	0.0171	0.0132	0.0045	0.0224	0.0035	0.0271	0.0057	0.0036	0.0120	
0.0139	0.0023	0.0078	0.0189	0.0224	0.0153	0.0087	0.0188	0.0060	0.0037	0.0161	0.0155	0.0039	0.0186	0.0245	0.0186	0.0058	0.0062	0.0108	0.0117	0.0233	0.0023	0.0166	0.0120	0.0105	0.0170	0.0002	0.0149	0.0005	0.0196	0.0007	0.0221	0.0015	0.0168	0.0213	0.0208	0.0233	0.0177	0.0234	0.0104	0.0228	0.0209	0.0208	0.0010	0.0050	0.0232	0.0122	0.0234	0.0089	0.0044	0.0261	0.0195	0.0227	0.0211	0.0181	0.0126	0.0158	0.0256	0.0071	0.0029	0.0162	0.0231	0.0177	0.0155	0.0029	0.0221	0.0135	0.0185	0.0275	0.0046	
0.0222	0.0164	0.0130	0.0006	0.0190	0.0021	0.0090	0.0147	0.0063	0.0185	0.0066	0.0064	0.0063	0.0248	0.0229	0.0098	0.0280	0.0080	0.0235	0.0080	0.0054	0.0258	0.0113	0.0208	0.0227	0.0254	0.0019	0.0078	0.0267	0.0116	0.0084	0.0223	0.0267	0.0046	0.0088	0.0094	0.0065	0.0223	0.0031	0.0146	0.0043	0.0011	0.0181	0.0161	0.0255	0.0110	0.0161	0.0218	0.0224	0.0230	0.0223	0.0041	0.0230	0.0192	0.0287	0.0261	0.0064	0.0226	0.0055	0.0199	0.0003	0.0012	0.0163	0.0250	0.0100	0.0131	0.0102	0.0028	0.0172	0.0148	
0.0033	0.0066	0.0066	0.0110	0.0041	0.0044	0.0091	0.0259	0.0254	0.0155	0.0131	0.0108	0.0170	0.0053	0.0199	0.0049	0.0318	0.0055	0.0048	0.0126	0.0036	0.0150	0.0194	0.0146	0.0161	0.0030	0.0146	0.0277	0.0075	0.0135	0.0003	0.0151	0.0059	0.0086	0.0218	0.0186	0.0301	0.0146	0.0180	0.0258	0.0215	0.0143	0.0288	0.0212	0.0085	0.0241	0.0153	0.0130	0.0065	0.0068	0.0145	0.0048	0.0303	0.0065	0.0122	0.0199	0.0207	0.0253	0.0266	0.0007	0.0222	0.0147	0.0174	0.0129	0.0150	0.0307	0.0046	0.0108	0.0169	0.0021	
0.0057	0.0148	0.0174	0.0097	0.0212	0.0181	0.0147	0.0244	0.0050	0.0222	0.0180	0.0019	0.0171	0.0008	0.0265	0.0241	0.0144	0.0243	0.0222	0.0003	0.0283	0.0046	0.0190	0.0152	0.0040	0.0051	0.0236	0.0158	0.0062	0.0088	0.0153	0.0040	0.0261	0.0039	0.0285	0.0259	0.0147	0.0167	0.0135	0.0186	0.0034	0.0209	0.0154	0.0253	0.0112	0.0184	0.0223	0.0146	0.0125	0.0178	0.0115	0.0049	0.0138	0.0144	0.0033	0.0014	0.0249	0.0029	0.0051	0.0153	0.0238	0.0280	0.0181	0.0262	0.0074	0.0136	0.0051	0.0150	0.0013	0.0015	
0.0087	0.0253	0.0138	0.0041	0.0259	0.0060	0.0167	0.0200	0.0036	0.0152	0.0114	0.0109	0.0040	0.0164	0.0248	0.0107	0.0187	0.0100	0.0002	0.0272	0.0012	0.0118	0.0120	0.0265	0.0245	0.0037	0.0018	0.0209	0.0195	0.0250	0.0124	0.0070	0.0139	0.0117	0.0081	0.0138	0.0191	0.0096	0.0171	0.0246	0.0133	0.0056	0.0259	0.0169	0.0036	0.0127	0.0225	0.0016	0.0287	0.0255	0.0225	0.0217	0.0149	0.0030	0.0003	0.0248	0.0145	0.0159	0.0068	0.0220	0.0043	0.0246	0.0275	0.0058	0.0031	0.0046	0.0251	0.0225	0.0093	0.0127	
0.0181	0.0084	0.0223	0.0033	0.0136	0.0236	0.0130	0.0242	0.0225	0.0142	0.0090	0.0003	0.0215	0.0219	0.0027	0.0178	0.0210	0.0097	0.0091	0.0105	0.0289	0.0040	0.0031	0.0247	0.0207	0.0162	0.0058	0.0225	0.0146	0.0265	0.0159	0.0008	0.0216	0.0172	0.0058	0.0153	0.0007	0.0118	0.0183	0.0049	0.0137	0.0202	0.0200	0.0208	0.0127	0.0043	0.0023	0.0055	0.0034	0.0138	0.0125	0.0145	0.0129	0.0261	0.0121	0.0150	0.0058	0.0270	0.0108	0.0260	0.0175	0.0200	0.0079	0.0241	0.0270	0.0085	0.0080	0.0075	0.0172	0.0172	
0.0175	0.0095	0.0207	0.0055	0.0280	0.0083	0.0120	0.0102	0.0123	0.0164	0.0162	0.0005	0.0176	0.0015	0.0149	0.0003	0.0167	0.0205	0.0020	0.0207	0.0108	0.0033	0.0013	0.0240	0.0144	0.0214	0.0121	0.0270	0.0243	0.0041	0.0251	0.0248	0.0190	0.0189	0.0268	0.0041	0.0253	0.0082	0.0029	0.0043	0.0048	0.0265	0.0136	0.0214	0.0101	0.0204	0.0010	0.0068	0.0114	0.0287	0.0211	0.0155	0.0058	0.0292	0.0079	0.0151	0.0080	0.0287	0.0204	0.0027	0.0288	0.0167	0.0152	0.0095	0.0208	0.0213	0.0138	0.0034	0.0059	0.0121	
0.0051	0.0080	0.0177	0.0261	0.0136	0.0126	0.0166	0.0070	0.0117	0.0241	0.0213	0.0057	0.0136	0.0235	0.0111	0.0091	0.0164	0.0156	0.0075	0.0101	0.0253	0.0231	0.0179	0.0002	0.0075	0.0155	0.0079	0.0058	0.0012	0.0168	0.0052	0.0247	0.0010	0.0296	0.0203	0.0113	0.0237	0.0075	0.0125	0.0202	0.0254	0.0001	0.0128	0.0181	0.0088	0.0191	0.0271	0.0179	0.0252	0.0109	0.0022	0.0208	0.0224	0.0231	0.0139	0.0086	0.0179	0.0185	0.0174	0.0246	0.0052	0.0114	0.0058	0.0233	0.0186	0.0231	0.0044	0.0157	0.0042	0.0001	
0.0114	0.0083	0.0045	0.0144	0.0120	0.0220	0.0096	0.0251	0.0173	0.0168	0.0171	0.0183	0.0083	0.0170	0.0141	0.0102	0.0024	0.0046	0.0108	0.0108	0.0206	0.0050	0.0183	0.0154	0.0143	0.0117	0.0194	0.0191	0.0237	0.0119	0.0127	0.0105	0.0131	0.0258	0.0242	0.0195	0.0158	0.0073	0.0098	0.0173	0.0261	0.0192	0.0234	0.0246	0.0071	0.0145	0.0014	0.0152	0.0064	0.0086	0.0202	0.0242	0.0037	0.0200	0.0064	0.0069	0.0179	0.0160	0.0246	0.0267	0.0022	0.0173	0.0247	0.0051	0.0030	0.0058	0.0039	0.0124	0.0195	0.0225	
0.0223	0.0240	0.0257	0.0250	0.0133	0.0006	0.0070	0.0214	0.0094	0.0013	0.0121	0.0072	0.0141	0.0192	0.0213	0.0161	0.0081	0.0218	0.0167	0.0199	0.0017	0.0001	0.0092	0.0115	0.0162	0.0088	0.0235	0.0245	0.0266	0.0012	0.0121	0.0173	0.0257	0.0144	0.0156	0.0291	0.0042	0.0098	0.0093	0.0072	0.0014	0.0005	0.0082	0.0269	0.0174	0.0267	0.0052	0.0076	0.0148	0.0174	0.0283	0.0116	0.0270	0.0029	0.0220	0.0227	0.0154	0.0139	0.0083	0.0040	0.0064	0.0137	0.0240	0.0082	0.0204	0.0263	0.0117	0.0021	0.0056	0.0247	
0.0124	0.0308	0.0139	0.0128	0.0190	0.0012	0.0227	0.0131	0.0262	0.0219	0.0042	0.0179	0.0096	0.0090	0.0025	0.0309	0.0217	0.0219	0.0195	0.0235	0.0155	0.0236	0.0018	0.0060	0.0004	0.0186	0.0068	0.0003	0.0080	0.0218	0.0151	0.0036	0.0022	0.0242	0.0059	0.0010	0.0321	0.0164	0.0162	0.0247	0.0030	0.0031	0.0182	0.0178	0.0318	0.0220	0.0039	0.0165	0.0068	0.0221	0.0058	0.0202	0.0137	0.0155	0.0107	0.0205	0.0283	0.0081	0.0122	0.0332	0.0267	0.0240	0.0043	0.0040	0.0072	0.0008	0.0155	0.0204	0.0034	0.0016	
0.0002	0.0054	0.0064	0.0297	0.0191	0.0109	0.0032	0.0152	0.0059	0.0107	0.0148	0.0227	0.0234	0.0173	0.0160	0.0241	0.0212	0.0167	0.0097	0.0164	0.0052	0.0231	0.0045	0.0166	0.0268	0.0109	0.0290	0.0157	0.0108	0.0289	0.0059	0.0147	0.0130	0.0052	0.0216	0.0002	0.0152	0.0160	0.0278	0.0310	0.0192	0.0130	0.0014	0.0006	0.0155	0.0035	0.0282	0.0177	0.0204	0.0141	0.0106	0.0263	0.0101	0.0182	0.0275	0.0083	0.0008	0.0216	0.0000	0.0074	0.0125	0.0202	0.0033	0.0075	0.0049	0.0006	0.0101	0.0201	0.0279	0.0169	
0.0074	0.0044	0.0184	0.0095	0.0247	0.0194	0.0184	0.0035	0.0007	0.0218	0.0127	0.0114	0.0228	0.0235	0.0164	0.0072	0.0038	0.0192	0.0062	0.0110	0.0273	0.0208	0.0138	0.0180	0.0152	0.0239	0.0076	0.0223	0.0225	0.0124	0.0217	0.0062	0.0187	0.0021	0.0039	0.0045	0.0061	0.0261	0.0187	0.0038	0.0165	0.0242	0.0168	0.0050	0.0203	0.0000	0.0190	0.0052	0.0173	0.0241	0.0236	0.0136	0.0112	0.0128	0.0140	0.0129	0.0182	0.0002	0.0206	0.0267	0.0122	0.0237	0.0070	0.0149	0.0002	0.0067	0.0192	0.0220	0.0210	0.0129	
0.0014	0.0053	0.0029	0.0039	0.0262	0.0026	0.0045	0.0102	0.0308	0.0180	0.0075	0.0036	0.0069	0.0298	0.0188	0.0090	0.0269	0.0052	0.0156	0.0214	0.0174	0.0075	0.0069	0.0232	0.0214	0.0228	0.0197	0.0037	0.0065	0.0162	0.0093	0.0294	0.0145	0.0051	0.0285	0.0239	0.0143	0.0097	0.0226	0.0148	0.0126	0.0107	0.0028	0.0053	0.0233	0.0121	0.0221	0.0089	0.0329	0.0233	0.0140	0.0180	0.0101	0.0047	0.0314	0.0255	0.0310	0.0122	0.0149	0.0014	0.0158	0.0008	0.0041	0.0148	0.0100	0.0111	0.0211	0.0027	0.0052	0.0294	
0.0246	0.0159	0.0142	0.0023	0.0083	0.0050	0.0042	0.0016	0.0010	0.0102	0.0033	0.0123	0.0050	0.0145	0.0023	0.0226	0.0187	0.0078	0.0053	0.0001	0.0261	0.0031	0.0292	0.0221	0.0003	0.0103	0.0066	0.0220	0.0262	0.0118	0.0209	0.0180	0.0041	0.0020	0.0291	0.0293	0.0031	0.0073	0.0289	0.0244	0.0234	0.0294	0.0090	0.0031	0.0301	0.0029	0.0266	0.0215	0.0119	0.0198	0.0233	0.0128	0.0286	0.0047	0.0036	0.0228	0.0207	0.0254	0.0020	0.0295	0.0311	0.0149	0.0059	0.0215	0.0197	0.0173	0.0079	0.0037	0.0182	0.0052	
0.0167	0.0106	0.0114	0.0118	0.0094	0.0251	0.0242	0.0231	0.0215	0.0267	0.0152	0.0177	0.0094	0.0075	0.0189	0.0078	0.0197	0.0263	0.0257	0.0049	0.0087	0.0089	0.0051	0.0296	0.0239	0.0065	0.0199	0.0198	0.0134	0.0116	0.0252	0.0218	0.0033	0.0065	0.0303	0.0110	0.0009	0.0152	0.0250	0.0065	0.0287	0.0258	0.0017	0.0038	0.0119	0.0128	0.0036	0.0277	0.0316	0.0118	0.0259	0.0078	0.0053	0.0121	0.0261	0.0091	0.0061	0.0121	0.0164	0.0022	0.0057	0.0043	0.0094	0.0103	0.0022	0.0233	0.0129	0.0044	0.0088	0.0090	
0.0060	0.0039	0.0038	0.0202	0.0065	0.0116	0.0071	0.0010	0.0159	0.0132	0.0033	0.0239	0.0181	0.0019	0.0149	0.0165	0.0163	0.0184	0.0084	0.0196	0.0048	0.0178	0.0291	0.0233	0.0011	0.0208	0.0156	0.0216	0.0017	0.0173	0.0276	0.0281	0.0190	0.0241	0.0045	0.0212	0.0036	0.0131	0.0055	0.0127	0.0021	0.0050	0.0213	0.0027	0.0283	0.0126	0.0126	0.0072	0.0251	0.0148	0.0057	0.0206	0.0235	0.0169	0.0036	0.0162	0.0050	0.0103	0.0192	0.0126	0.0234	0.0148	0.0276	0.0268	0.0135	0.0040	0.0042	0.0270	0.0262	0.0246	
0.0122	0.0029	0.0147	0.0259	0.0178	0.0282	0.0253	0.0263	0.0233	0.0181	0.0096	0.0095	0.0252	0.0164	0.0119	0.0066	0.0042	0.0001	0.0153	0.0176	0.0176	0.0224	0.0234	0.0227	0.0164	0.0150	0.0054	0.0247	0.0179	0.0229	0.0079	0.0150	0.0103	0.0002	0.0011	0.0031	0.0068	0.0283	0.0013	0.0038	0.0223	0.0085	0.0149	0.0012	0.0029	0.0176	0.0169	0.0119	0.0175	0.0075	0.0288	0.0038	0.0116	0.0100	0.0068	0.0195	0.0096	0.0226	0.0077	0.0009	0.0244	0.0015	0.0074	0.0306	0.0101	0.0244	0.0289	0.0269	0.0160	0.0099	
0.0269	0.0048	0.0287	0.0134	0.0250	0.0081	0.0064	0.0229	0.0193	0.0012	0.0285	0.0247	0.0077	0.0105	0.0237	0.0039	0.0033	0.0269	0.0214	0.0107	0.0242	0.0141	0.0211	0.0005	0.0097	0.0188	0.0008	0.0168	0.0194	0.0080	0.0183	0.0194	0.0263	0.0078	0.0075	0.0249	0.0051	0.0283	0.0145	0.0298	0.0142	0.0174	0.0022	0.0061	0.0016	0.0002	0.0224	0.0263	0.0055	0.0066	0.0214	0.0271	0.0045	0.0053	0.0149	0.0140	0.0136	0.0291	0.0032	0.0056	0.0073	0.0205	0.0015	0.0115	0.0129	0.0096	0.0267	0.0014	0.0036	0.0304	
0.0256	0.0044	0.0145	0.0248	0.0261	0.0055	0.0119	0.0150	0.0274	0.0092	0.0258	0.0045	0.0105	0.0129	0.0162	0.0182	0.0147	0.0182	0.0184	0.0226	0.0116	0.0067	0.0248	0.0093	0.0192	0.0217	0.0150	0.0206	0.0227	0.0206	0.0025	0.0213	0.0235	0.0060	0.0077	0.0163	0.0140	0.0093	0.0092	0.0096	0.0033	0.0275	0.0272	0.0214	0.0084	0.0034	0.0084	0.0170	0.0258	0.0240	0.0234	0.0070	0.0105	0.0107	0.0179	0.0205	0.0091	0.0053	0.0039	0.0019	0.0199	0.0215	0.0209	0.0070	0.0069	0.0049	0.0111	0.0059	0.0061	0.0008	
0.0038	0.0050	0.0099	0.0105	0.0182	0.0121	0.0068	0.0020	0.0009	0.0165	0.0151	0.0284	0.0230	0.0267	0.0252	0.0233	0.0101	0.0096	0.0150	0.0156	0.0075	0.0084	0.0056	0.0074	0.0180	0.0103	0.0056	0.0217	0.0147	0.0033	0.0207	0.0024	0.0112	0.0260	0.0192	0.0181	0.0254	0.0001	0.0215	0.0049	0.0148	0.0068	0.0038	0.0144	0.0153	0.0216	0.0239	0.0219	0.0099	0.0117	0.0231	0.0273	0.0183	0.0191	0.0221	0.0226	0.0285	0.0030	0.0198	0.0070	0.0070	0.0146	0.0147	0.0275	0.0231	0.0124	0.0166	0.0026	0.0083	0.0082	
0.0248	0.0101	0.0178	0.0115	0.0007	0.0004	0.0046	0.0185	0.0199	0.0270	0.0157	0.0129	0.0116	0.0037	0.0088	0.0201	0.0122	0.0177	0.0002	0.0245	0.0193	0.0218	0.0091	0.0144	0.0255	0.0267	0.0189	0.0066	0.0187	0.0029	0.0042	0.0207	0.0139	0.0013	0.0129	0.0123	0.0103	0.0071	0.0184	0.0224	0.0196	0.0094	0.0105	0.0190	0.0191	0.0232	0.0016	0.0110	0.0176	0.0033	0.0290	0.0235	0.0026	0.0127	0.0170	0.0044	0.0011	0.0033	0.0130	0.0008	0.0088	0.0274	0.0269	0.0179	0.0223	0.0231	0.0261	0.0110	0.0195	0.0255	
0.0096	0.0051	0.0008	0.0069	0.0041	0.0086	0.0105	0.0175	0.0223	0.0039	0.0252	0.0089	0.0166	0.0151	0.0030	0.0072	0.0178	0.0006	0.0108	0.0083	0.0113	0.0070	0.0217	0.0174	0.0123	0.0195	0.0100	0.0223	0.0234	0.0226	0.0238	0.0180	0.0196	0.0216	0.0203	0.0223	0.0233	0.0233	0.0083	0.0090	0.0218	0.0118	0.0071	0.0082	0.0023	0.0276	0.0078	0.0106	0.0145	0.0149	0.0047	0.0235	0.0270	0.0102	0.0129	0.0030	0.0107	0.0111	0.0219	0.0118	0.0251	0.0172	0.0193	0.0268	0.0080	0.0078	0.0165	0.0250	0.0227	0.0085	
0.0112	0.0221	0.0203	0.0032	0.0145	0.0264	0.0278	0.0143	0.0153	0.0133	0.0129	0.0296	0.0078	0.0098	0.0190	0.0251	0.0190	0.0081	0.0051	0.0185	0.0126	0.0127	0.0018	0.0253	0.0099	0.0046	0.0195	0.0087	0.0006	0.0216	0.0108	0.0096	0.0160	0.0062	0.0033	0.0105	0.0061	0.0245	0.0248	0.0155	0.0040	0.0253	0.0224	0.0084	0.0272	0.0278	0.0086	0.0099	0.0085	0.0109	0.0175	0.0081	0.0214	0.0058	0.0242	0.0259	0.0212	0.0242	0.0214	0.0100	0.0069	0.0199	0.0132	0.0220	0.0025	0.0033	0.0124	0.0029	0.0071	0.0096	
0.0182	0.0234	0.0124	0.0198	0.0150	0.0146	0.0177	0.0214	0.0265	0.0114	0.0249	0.0120	0.0005	0.0179	0.0053	0.0024	0.0168	0.0089	0.0082	0.0041	0.0190	0.0115	0.0038	0.0161	0.0078	0.0118	0.0119	0.0025	0.0068	0.0239	0.0148	0.0059	0.0031	0.0334	0.0208	0.0237	0.0251	0.0026	0.0212	0.0090	0.0111	0.0296	0.0245	0.0087	0.0135	0.0276	0.0200	0.0233	0.0186	0.0003	0.0147	0.0031	0.0233	0.0032	0.0212	0.0086	0.0203	0.0268	0.0115	0.0009	0.0033	0.0157	0.0145	0.0033	0.0260	0.0195	0.0086	0.0020	0.0289	0.0116	
0.0050	0.0129	0.0167	0.0262	0.0215	0.0162	0.0142	0.0215	0.0020	0.0107	0.0213	0.0178	0.0135	0.0055	0.0081	0.0108	0.0111	0.0241	0.0061	0.0104	0.0038	0.0266	0.0193	0.0185	0.0061	0.0205	0.0121	0.0209	0.0113	0.0214	0.0159	0.0159	0.0247	0.0060	0.0227	0.0010	0.0129	0.0219	0.0093	0.0016	0.0214	0.0232	0.0208	0.0239	0.0064	0.0146	0.0001	0.0080	0.0231	0.0141	0.0063	0.0082	0.0221	0.0155	0.0066	0.0056	0.0214	0.0263	0.0200	0.0253	0.0047	0.0204	0.0105	0.0075	0.0218	0.0054	0.0200	0.0092	0.0115	0.0077	
0.0229	0.0156	0.0173	0.0052	0.0171	0.0072	0.0053	0.0216	0.0123	0.0198	0.0239	0.0050	0.0254	0.0242	0.0152	0.0079	0.0215	0.0067	0.0242	0.0171	0.0075	0.0155	0.0033	0.0121	0.0233	0.0009	0.0124	0.0154	0.0030	0.0011	0.0207	0.0188	0.0260	0.0170	0.0177	0.0187	0.0185	0.0173	0.0000	0.0254	0.0006	0.0002	0.0120	0.0255	0.0023	0.0300	0.0209	0.0144	0.0211	0.0160	0.0113	0.0132	0.0105	0.0226	0.0004	0.0091	0.0132	0.0059	0.0081	0.0159	0.0231	0.0183	0.0179	0.0121	0.0259	0.0046	0.0079	0.0128	0.0077	0.0264	
0.0169	0.0043	0.0079	0.0311	0.0169	0.0071	0.0032	0.0038	0.0102	0.0254	0.0080	0.0298	0.0239	0.0155	0.0178	0.0082	0.0085	0.0017	0.0138	0.0087	0.0064	0.0135	0.0101	0.0128	0.0046	0.0104	0.0097	0.0013	0.0002	0.0267	0.0219	0.0089	0.0076	0.0270	0.0283	0.0081	0.0064	0.0117	0.0075	0.0226	0.0069	0.0096	0.0246	0.0106	0.0083	0.0266	0.0248	0.0031	0.0254	0.0202	0.0264	0.0062	0.0291	0.0292	0.0206	0.0045	0.0237	0.0263	0.0255	0.0059	0.0291	0.0020	0.0037	0.0138	0.0050	0.0288	0.0201	0.0016	0.0189	0.0106	
0.0016	0.0238	0.0214	0.0202	0.0014	0.0221	0.0155	0.0255	0.0041	0.0076	0.0148	0.0067	0.0063	0.0077	0.0014	0.0135	0.0092	0.0062	0.0024	0.0212	0.0130	0.0108	0.0149	0.0016	0.0213	0.0039	0.0051	0.0120	0.0055	0.0081	0.0042	0.0196	0.0133	0.0132	0.0171	0.0256	0.0108	0.0056	0.0241	0.0213	0.0156	0.0215	0.0164	0.0127	0.0162	0.0183	0.0218	0.0212	0.0104	0.0172	0.0159	0.0114	0.0252	0.0216	0.0231	0.0167	0.0084	0.0208	0.0244	0.0243	0.0185	0.0039	0.0194	0.0232	0.0039	0.0221	0.0196	0.0218	0.0183	0.0024	
0.0030	0.0039	0.0095	0.0092	0.0063	0.0195	0.0227	0.0022	0.0136	0.0059	0.0113	0.0129	0.0023	0.0169	0.0212	0.0217	0.0243	0.0178	0.0163	0.0319	0.0219	0.0204	0.0109	0.0014	0.0043	0.0125	0.0023	0.0267	0.0108	0.0236	0.0279	0.0314	0.0042	0.0103	0.0180	0.0155	0.0044	0.0209	0.0207	0.0076	0.0315	0.0080	0.0085	0.0204	0.0173	0.0095	0.0019	0.0068	0.0048	0.0145	0.0013	0.0037	0.0082	0.0229	0.0138	0.0131	0.0254	0.0086	0.0043	0.0251	0.0183	0.0297	0.0218	0.0217	0.0085	0.0112	0.0084	0.0244	0.0313	0.0068	
0.0129	0.0029	0.0257	0.0084	0.0004	0.0098	0.0098	0.0163	0.0127	0.0214	0.0097	0.0246	0.0170	0.0224	0.0187	0.0199	0.0187	0.0091	0.0197	0.0034	0.0185	0.0216	0.0139	0.0226	0.0166	0.0006	0.0132	0.0164	0.0107	0.0049	0.0007	0.0065	0.0065	0.0285	0.0236	0.0242	0.0036	0.0240	0.0184	0.0007	0.0016	0.0041	0.0192	0.0065	0.0102	0.0194	0.0058	0.0200	0.0253	0.0131	0.0157	0.0225	0.0252	0.0216	0.0132	0.0174	0.0153	0.0027	0.0169	0.0263	0.0235	0.0194	0.0057	0.0083	0.0206	0.0030	0.0158	0.0198	0.0011	0.0221	
0.0165	0.0218	0.0197	0.0232	0.0020	0.0148	0.0027	0.0078	0.0135	0.0270	0.0227	0.0235	0.0202	0.0251	0.0160	0.0048	0.0086	0.0103	0.0109	0.0051	0.0098	0.0013	0.0089	0.0209	0.0044	0.0085	0.0260	0.0138	0.0127	0.0078	0.0022	0.0136	0.0226	0.0028	0.0259	0.0241	0.0050	0.0042	0.0225	0.0259	0.0177	0.0091	0.0166	0.0180	0.0055	0.0034	0.0002	0.0089	0.0223	0.0196	0.0221	0.0070	0.0095	0.0239	0.0141	0.0168	0.0142	0.0284	0.0189	0.0217	0.0174	0.0177	0.0233	0.0061	0.0253	0.0096	0.0004	0.0190	0.0016	0.0226	
0.0255	0.0039	0.0165	0.0132	0.0160	0.0006	0.0121	0.0182	0.0148	0.0014	0.0091	0.0185	0.0194	0.0209	0.0125	0.0229	0.0038	0.0218	0.0156	0.0077	0.0104	0.0062	0.0143	0.0012	0.0097	0.0258	0.0129	0.0114	0.0205	0.0232	0.0027	0.0102	0.0076	0.0319	0.0195	0.0191	0.0182	0.0246	0.0087	0.0129	0.0047	0.0239	0.0108	0.0156	0.0118	0.0292	0.0243	0.0020	0.0230	0.0019	0.0054	0.0038	0.0014	0.0219	0.0112	0.0202	0.0183	0.0160	0.0023	0.0165	0.0157	0.0012	0.0243	0.0203	0.0256	0.0268	0.0104	0.0211	0.0023	0.0228	
0.0045	0.0061	0.0146	0.0035	0.0026	0.0131	0.0217	0.0244	0.0160	0.0105	0.0035	0.0114	0.0158	0.0179	0.0170	0.0234	0.0082	0.0110	0.0139	0.0246	0.0009	0.0022	0.0218	0.0195	0.0236	0.0029	0.0234	0.0194	0.0155	0.0117	0.0157	0.0023	0.0260	0.0285	0.0231	0.0248	0.0150	0.0238	0.0180	0.0244	0.0249	0.0191	0.0228	0.0172	0.0117	0.0035	0.0094	0.0049	0.0003	0.0273	0.0172	0.0226	0.0052	0.0041	0.0187	0.0025	0.0118	0.0221	0.0052	0.0266	0.0146	0.0024	0.0068	0.0038	0.0190	0.0010	0.0103	0.0173	0.0216	0.0199	
0.0100	0.0112	0.0223	0.0210	0.0294	0.0080	0.0044	0.0032	0.0087	0.0224	0.0215	0.0240	0.0197	0.0181	0.0237	0.0207	0.0251	0.0215	0.0059	0.0237	0.0145	0.0212	0.0211	0.0210	0.0084	0.0227	0.0135	0.0230	0.0264	0.0113	0.0207	0.0202	0.0110	0.0092	0.0183	0.0071	0.0036	0.0143	0.0050	0.0126	0.0284	0.0101	0.0143	0.0111	0.0073	0.0250	0.0109	0.0175	0.0099	0.0014	0.0043	0.0169	0.0137	0.0013	0.0077	0.0173	0.0202	0.0018	0.0118	0.0040	0.0245	0.0109	0.0055	0.0282	0.0023	0.0007	0.0119	0.0129	0.0009	0.0178	
0.0161	0.0113	0.0193	0.0233	0.0247	0.0039	0.0071	0.0090	0.0132	0.0144	0.0142	0.0273	0.0130	0.0248	0.0071	0.0037	0.0068	0.0083	0.0003	0.0307	0.0174	0.0018	0.0030	0.0012	0.0180	0.0159	0.0042	0.0181	0.0093	0.0064	0.0117	0.0270	0.0177	0.0246	0.0134	0.0222	0.0270	0.0205	0.0063	0.0036	0.0116	0.0110	0.0166	0.0245	0.0191	0.0288	0.0260	0.0094	0.0209	0.0284	0.0234	0.0026	0.0129	0.0010	0.0008	0.0149	0.0086	0.0190	0.0033	0.0075	0.0300	0.0193	0.0284	0.0072	0.0028	0.0163	0.0088	0.0217	0.0126	0.0151	
0.0056	0.0147	0.0028	0.0260	0.0177	0.0053	0.0131	0.0061	0.0105	0.0208	0.0199	0.0248	0.0252	0.0104	0.0122	0.0086	0.0137	0.0141	0.0185	0.0273	0.0138	0.0082	0.0172	0.0281	0.0037	0.0197	0.0107	0.0108	0.0215	0.0028	0.0179	0.0038	0.0264	0.0052	0.0214	0.0073	0.0283	0.0156	0.0120	0.0240	0.0021	0.0024	0.0064	0.0104	0.0157	0.0047	0.0189	0.0174	0.0244	0.0232	0.0019	0.0205	0.0017	0.0140	0.0009	0.0247	0.0272	0.0038	0.0217	0.0260	0.0226	0.0027	0.0117	0.0082	0.0025	0.0161	0.0269	0.0219	0.0181	0.0055	

Emissions
0.0823	0.3072	0.0350	0.1957	0.1941	0.0943	0.0173	0.0740	
0.1195	0.2965	0.0107	0.1960	0.1113	0.0007	0.0109	0.2544	
0.0175	0.1158	0.0289	0.1808	0.0647	0.1864	0.2342	0.1718	
0.0057	0.2196	0.1379	0.1458	0.0480	0.1695	0.0509	0.2226	
0.2310	0.1635	0.0854	0.0274	0.1112	0.0367	0.1709	0.1738	
0.1833	0.1789	0.1253	0.1494	0.1353	0.0033	0.1215	0.1029	
0.0540	0.0591	0.1122	0.1074	0.1305	0.1662	0.2333	0.1374	
0.0256	0.1419	0.1930	0.1444	0.1285	0.0184	0.2256	0.1227	
0.1383	0.0385	0.1521	0.1631	0.0858	0.1530	0.0554	0.2138	
0.1905	0.1523	0.2481	0.1342	0.0342	0.0057	0.2301	0.0049	
0.1249	0.0973	0.2646	0.0202	0.1364	0.2053	0.0820	0.0693	
0.1374	0.0029	0.2147	0.0092	0.0647	0.1451	0.2242	0.2018	
0.1797	0.0855	0.0087	0.1263	0.0504	0.1402	0.2861	0.1231	
0.2125	0.1781	0.2092	0.0389	0.1755	0.0622	0.0873	0.0362	
0.1974	0.2061	0.0649	0.0932	0.0617	0.1359	0.2257	0.0151	
0.1686	0.1521	0.0500	0.0823	0.1552	0.0345	0.1139	0.2434	
0.1085	0.0436	0.1225	0.1608	0.1559	0.0132	0.1811	0.2144	
0.1164	0.1365	0.0313	0.2326	0.2098	0.0051	0.1032	0.1652	
0.1778	0.2877	0.0620	0.1273	0.0916	0.1243	0.1277	0.0016	
0.0683	0.2468	0.1451	0.1037	0.0558	0.0664	0.1037	0.2102	
0.0225	0.2267	0.1887	0.1023	0.1021	0.0915	0.0299	0.2363	
0.0020	0.1655	0.0186	0.2439	0.1620	0.0175	0.0616	0.3289	
0.0668	0.2019	0.2025	0.0083	0.1843	0.1851	0.1400	0.0111	
0.1899	0.2483	0.1834	0.0073	0.0949	0.0643	0.2024	0.0096	
0.1985	0.0791	0.1129	0.1873	0.0524	0.0978	0.2074	0.0647	
0.1900	0.1382	0.1324	0.1976	0.0863	0.0852	0.0888	0.0815	
0.1676	0.2134	0.0522	0.1046	0.1069	0.0757	0.2186	0.0610	
0.0705	0.1573	0.1736	0.1414	0.1499	0.0146	0.0928	0.1998	
0.2437	0.0166	0.0100	0.0886	0.0869	0.0546	0.2100	0.2897	
0.1926	0.1485	0.0653	0.1089	0.0695	0.1295	0.1665	0.1191	
0.1683	0.1192	0.0649	0.2054	0.0064	0.0166	0.1866	0.2328	
0.0948	0.1351	0.1790	0.1056	0.1441	0.0324	0.1040	0.2048	
0.0123	0.2071	0.0026	0.0604	0.0731	0.2084	0.2529	0.1832	
0.0387	0.1486	0.2277	0.0012	0.0164	0.0653	0.2493	0.2529	
0.0025	0.1146	0.0807	0.0835	0.1497	0.1541	0.1784	0.2366	
0.0899	0.0868	0.1466	0.1097	0.0791	0.1352	0.1955	0.1572	
0.0350	0.2242	0.1525	0.1372	0.1642	0.0679	0.0149	0.2040	
0.1052	0.2217	0.0947	0.1338	0.0802	0.1061	0.1668	0.0916	
0.1431	0.2139	0.1004	0.0515	0.1201	0.1231	0.1823	0.0655	
0.0161	0.0807	0.3678	0.2606	0.0422	0.0477	0.0149	0.1700	
0.1004	0.2373	0.1854	0.0749	0.1356	0.0483	0.0158	0.2022	
0.1244	0.3354	0.0890	0.0352	0.1089	0.0744	0.1902	0.0425	
0.2241	0.1478	0.0173	0.1344	0.0297	0.1290	0.2359	0.0817	
0.2668	0.0652	0.1436	0.1389	0.1144	0.0286	0.1467	0.0957	
0.2006	0.0309	0.2140	0.1082	0.1295	0.0173	0.1583	0.1411	
0.1448	0.1840	0.1290	0.0024	0.0846	0.0998	0.1830	0.1724	
0.1867	0.2289	0.0116	0.1402	0.0078	0.0981	0.0514	0.2753	
0.0254	0.1659	0.1938	0.1142	0.1568	0.1400	0.0957	0.1082	
0.0987	0.2768	0.1186	0.0532	0.0464	0.0150	0.1415	0.2498	
0.0096	0.2058	0.1537	0.0566	0.1714	0.1826	0.2020	0.0183	
0.0524	0.2214	0.2195	0.1538	0.0135	0.1971	0.0656	0.0768	
0.2420	0.0475	0.0771	0.0033	0.0924	0.2134	0.2273	0.0970	
0.1246	0.1339	0.1227	0.1210	0.0382	0.1293	0.1512	0.1791	
0.0573	0.0818	0.2057	0.0811	0.1909	0.2685	0.0030	0.1116	
0.1978	0.1668	0.0881	0.0109	0.1633	0.1215	0.0701	0.1815	
0.2475	0.1077	0.0856	0.0259	0.1971	0.1199	0.1504	0.0661	
0.2228	0.1247	0.1432	0.0652	0.0512	0.0038	0.2323	0.1569	
0.0185	0.0189	0.1231	0.1581	0.0447	0.1846	0.1358	0.3164	
0.0275	0.2525	0.0217	0.1429	0.0787	0.1180	0.0962	0.2625	
0.0380	0.1894	0.1705	0.1241	0.0534	0.0810	0.1731	0.1704	
0.1867	0.1182	0.1090	0.0581	0.0655	0.1597	0.0021	0.3007	
0.1538	0.1940	0.1370	0.1432	0.0216	0.0640	0.0876	0.1988	
0.1232	0.0781	0.2367	0.1097	0.0638	0.1253	0.1691	0.0943	
0.0168	0.2526	0.0272	0.0733	0.0360	0.2836	0.0608	0.2497	
0.0620	0.2342	0.0025	0.2008	0.0958	0.0433	0.2144	0.1471	
0.1466	0.0437	0.1917	0.0714	0.0984	0.0905	0.1646	0.1932	
0.1621	0.3959	0.0419	0.0027	0.1635	0.0087	0.1598	0.0656	
0.1137	0.0120	0.0606	0.0991	0.1185	0.1413	0.1961	0.2587	
0.1431	0.1074	0.1529	0.0755	0.0836	0.1227	0.1320	0.1828	
0.1511	0.1389	0.1760	0.0325	0.1306	0.0363	0.1876	0.1471	
