DataSet 37
Learner: Baum Welch Learner
Log Likelihood: 71302.0569122932

Number of States: 80
Number of Symbols: 8
Threshold: 0.01

Initial Distribution:
0.0068	0.0241	0.0103	0.0110	0.0206	0.0346	0.0065	0.0008	0.0136	0.0095	0.0223	0.0105	0.0245	0.0043	0.0150	0.0035	0.0132	0.0169	0.0094	0.0139	0.0161	0.0032	0.0150	0.0202	0.0222	0.0047	0.0092	0.0079	0.0009	0.0363	0.0213	0.0097	0.0076	0.0046	0.0073	0.0039	0.0161	0.0081	0.0214	0.0243	0.0172	0.0297	0.0363	0.0017	0.0198	0.0130	0.0022	0.0084	0.0032	0.0032	0.0192	0.0034	0.0190	0.0088	0.0054	0.0056	0.0190	0.0034	0.0119	0.0077	0.0081	0.0126	0.0004	0.0177	0.0052	0.0162	0.0077	0.0118	0.0196	0.0071	0.0116	0.0023	0.0275	0.0175	0.0032	0.0212	0.0046	0.0214	0.0031	0.0119	

Transitions:
0.0028	0.0016	0.0121	0.0211	0.0239	0.0185	0.0162	0.0149	0.0003	0.0021	0.0079	0.0002	0.0202	0.0118	0.0125	0.0215	0.0236	0.0054	0.0183	0.0044	0.0071	0.0115	0.0138	0.0228	0.0139	0.0216	0.0080	0.0055	0.0158	0.0117	0.0044	0.0018	0.0088	0.0077	0.0076	0.0068	0.0033	0.0035	0.0212	0.0142	0.0209	0.0165	0.0175	0.0192	0.0245	0.0156	0.0075	0.0092	0.0224	0.0102	0.0166	0.0243	0.0022	0.0003	0.0009	0.0158	0.0123	0.0170	0.0087	0.0030	0.0124	0.0119	0.0219	0.0112	0.0224	0.0059	0.0159	0.0127	0.0049	0.0076	0.0171	0.0201	0.0103	0.0034	0.0067	0.0126	0.0191	0.0210	0.0239	0.0237	
0.0144	0.0232	0.0060	0.0050	0.0199	0.0050	0.0222	0.0085	0.0063	0.0163	0.0189	0.0127	0.0188	0.0158	0.0015	0.0109	0.0184	0.0056	0.0200	0.0169	0.0207	0.0184	0.0040	0.0140	0.0163	0.0201	0.0125	0.0236	0.0168	0.0115	0.0196	0.0156	0.0167	0.0087	0.0121	0.0142	0.0040	0.0187	0.0181	0.0157	0.0053	0.0072	0.0068	0.0135	0.0142	0.0035	0.0018	0.0181	0.0018	0.0209	0.0164	0.0128	0.0005	0.0067	0.0008	0.0216	0.0196	0.0164	0.0115	0.0242	0.0171	0.0013	0.0131	0.0172	0.0202	0.0027	0.0201	0.0098	0.0028	0.0126	0.0066	0.0024	0.0140	0.0029	0.0114	0.0138	0.0098	0.0158	0.0008	0.0143	
0.0180	0.0163	0.0177	0.0191	0.0175	0.0061	0.0138	0.0092	0.0072	0.0154	0.0170	0.0110	0.0051	0.0141	0.0187	0.0043	0.0153	0.0121	0.0155	0.0094	0.0055	0.0141	0.0128	0.0127	0.0115	0.0128	0.0220	0.0219	0.0175	0.0086	0.0082	0.0029	0.0139	0.0199	0.0037	0.0233	0.0042	0.0161	0.0209	0.0108	0.0099	0.0085	0.0014	0.0095	0.0168	0.0170	0.0195	0.0197	0.0038	0.0056	0.0170	0.0203	0.0191	0.0135	0.0068	0.0029	0.0022	0.0065	0.0084	0.0053	0.0069	0.0165	0.0121	0.0183	0.0069	0.0141	0.0185	0.0071	0.0103	0.0199	0.0221	0.0015	0.0130	0.0035	0.0207	0.0171	0.0122	0.0047	0.0180	0.0168	
0.0205	0.0022	0.0174	0.0131	0.0155	0.0110	0.0054	0.0014	0.0144	0.0011	0.0239	0.0240	0.0073	0.0166	0.0044	0.0203	0.0211	0.0045	0.0023	0.0022	0.0217	0.0129	0.0099	0.0055	0.0068	0.0191	0.0083	0.0228	0.0158	0.0116	0.0138	0.0222	0.0119	0.0157	0.0126	0.0070	0.0006	0.0017	0.0085	0.0228	0.0101	0.0175	0.0208	0.0125	0.0022	0.0019	0.0225	0.0245	0.0233	0.0060	0.0221	0.0113	0.0030	0.0219	0.0214	0.0058	0.0180	0.0134	0.0073	0.0228	0.0037	0.0123	0.0102	0.0013	0.0126	0.0001	0.0116	0.0169	0.0046	0.0240	0.0190	0.0198	0.0224	0.0043	0.0169	0.0016	0.0181	0.0242	0.0033	0.0053	
0.0233	0.0083	0.0159	0.0088	0.0128	0.0025	0.0162	0.0167	0.0168	0.0064	0.0130	0.0117	0.0178	0.0102	0.0146	0.0213	0.0084	0.0170	0.0226	0.0017	0.0126	0.0024	0.0180	0.0007	0.0104	0.0036	0.0129	0.0227	0.0019	0.0178	0.0107	0.0175	0.0089	0.0018	0.0182	0.0191	0.0151	0.0006	0.0132	0.0083	0.0051	0.0162	0.0228	0.0219	0.0099	0.0050	0.0005	0.0096	0.0093	0.0176	0.0151	0.0004	0.0213	0.0013	0.0137	0.0216	0.0138	0.0168	0.0204	0.0095	0.0130	0.0186	0.0126	0.0194	0.0186	0.0179	0.0032	0.0158	0.0127	0.0220	0.0049	0.0085	0.0053	0.0123	0.0202	0.0177	0.0026	0.0205	0.0135	0.0066	
0.0040	0.0030	0.0128	0.0093	0.0043	0.0119	0.0213	0.0088	0.0121	0.0266	0.0059	0.0004	0.0028	0.0025	0.0200	0.0118	0.0052	0.0026	0.0030	0.0171	0.0016	0.0087	0.0220	0.0134	0.0133	0.0074	0.0222	0.0104	0.0061	0.0200	0.0195	0.0199	0.0027	0.0168	0.0069	0.0138	0.0091	0.0067	0.0200	0.0088	0.0243	0.0197	0.0063	0.0174	0.0204	0.0059	0.0078	0.0037	0.0204	0.0114	0.0140	0.0010	0.0189	0.0303	0.0057	0.0224	0.0076	0.0258	0.0235	0.0238	0.0175	0.0119	0.0025	0.0168	0.0056	0.0139	0.0245	0.0122	0.0222	0.0092	0.0018	0.0261	0.0099	0.0194	0.0182	0.0064	0.0024	0.0054	0.0211	0.0079	
0.0009	0.0172	0.0151	0.0201	0.0061	0.0165	0.0256	0.0031	0.0104	0.0115	0.0046	0.0098	0.0089	0.0214	0.0152	0.0136	0.0177	0.0162	0.0109	0.0059	0.0070	0.0207	0.0071	0.0115	0.0087	0.0161	0.0177	0.0273	0.0081	0.0226	0.0190	0.0021	0.0054	0.0153	0.0214	0.0006	0.0211	0.0084	0.0108	0.0123	0.0128	0.0183	0.0017	0.0109	0.0045	0.0188	0.0175	0.0142	0.0037	0.0043	0.0126	0.0131	0.0195	0.0153	0.0003	0.0065	0.0100	0.0047	0.0120	0.0171	0.0014	0.0275	0.0193	0.0106	0.0184	0.0024	0.0043	0.0193	0.0002	0.0156	0.0178	0.0109	0.0047	0.0210	0.0183	0.0119	0.0173	0.0234	0.0069	0.0165	
0.0275	0.0035	0.0204	0.0034	0.0124	0.0048	0.0079	0.0182	0.0143	0.0153	0.0174	0.0176	0.0207	0.0191	0.0096	0.0146	0.0001	0.0166	0.0170	0.0018	0.0130	0.0213	0.0134	0.0138	0.0129	0.0018	0.0085	0.0269	0.0219	0.0119	0.0137	0.0112	0.0240	0.0217	0.0166	0.0261	0.0041	0.0190	0.0278	0.0132	0.0181	0.0108	0.0054	0.0111	0.0265	0.0269	0.0174	0.0105	0.0112	0.0042	0.0118	0.0022	0.0056	0.0056	0.0029	0.0035	0.0161	0.0086	0.0166	0.0113	0.0227	0.0119	0.0190	0.0009	0.0021	0.0045	0.0186	0.0006	0.0032	0.0128	0.0095	0.0083	0.0174	0.0032	0.0073	0.0008	0.0160	0.0028	0.0138	0.0134	
0.0127	0.0239	0.0093	0.0164	0.0014	0.0103	0.0059	0.0189	0.0178	0.0134	0.0086	0.0222	0.0008	0.0132	0.0131	0.0090	0.0165	0.0045	0.0085	0.0204	0.0048	0.0146	0.0078	0.0244	0.0197	0.0034	0.0105	0.0025	0.0222	0.0020	0.0123	0.0124	0.0206	0.0028	0.0234	0.0000	0.0013	0.0036	0.0301	0.0163	0.0214	0.0017	0.0088	0.0164	0.0055	0.0136	0.0089	0.0040	0.0115	0.0270	0.0085	0.0120	0.0187	0.0214	0.0079	0.0236	0.0154	0.0113	0.0229	0.0248	0.0012	0.0041	0.0185	0.0145	0.0006	0.0211	0.0028	0.0231	0.0150	0.0159	0.0073	0.0137	0.0050	0.0152	0.0224	0.0029	0.0059	0.0178	0.0186	0.0078	
0.0220	0.0056	0.0137	0.0217	0.0179	0.0005	0.0177	0.0001	0.0184	0.0015	0.0101	0.0159	0.0053	0.0016	0.0127	0.0201	0.0066	0.0184	0.0143	0.0093	0.0086	0.0091	0.0139	0.0221	0.0161	0.0194	0.0071	0.0026	0.0225	0.0046	0.0158	0.0215	0.0172	0.0152	0.0021	0.0223	0.0136	0.0230	0.0235	0.0246	0.0020	0.0024	0.0035	0.0134	0.0057	0.0175	0.0089	0.0031	0.0019	0.0025	0.0189	0.0129	0.0020	0.0107	0.0217	0.0113	0.0162	0.0175	0.0075	0.0240	0.0177	0.0161	0.0027	0.0132	0.0102	0.0118	0.0220	0.0146	0.0241	0.0187	0.0041	0.0105	0.0203	0.0126	0.0070	0.0060	0.0057	0.0010	0.0163	0.0239	
0.0121	0.0037	0.0002	0.0180	0.0092	0.0028	0.0192	0.0074	0.0164	0.0158	0.0041	0.0222	0.0129	0.0219	0.0053	0.0112	0.0227	0.0144	0.0026	0.0177	0.0161	0.0169	0.0034	0.0072	0.0215	0.0091	0.0164	0.0131	0.0020	0.0148	0.0048	0.0144	0.0002	0.0072	0.0104	0.0155	0.0139	0.0089	0.0049	0.0069	0.0145	0.0139	0.0236	0.0087	0.0158	0.0062	0.0241	0.0224	0.0077	0.0214	0.0060	0.0159	0.0216	0.0241	0.0068	0.0196	0.0001	0.0177	0.0203	0.0250	0.0114	0.0082	0.0047	0.0000	0.0105	0.0136	0.0214	0.0054	0.0110	0.0156	0.0202	0.0155	0.0096	0.0176	0.0023	0.0010	0.0165	0.0198	0.0161	0.0167	
0.0135	0.0196	0.0038	0.0060	0.0107	0.0133	0.0187	0.0022	0.0003	0.0176	0.0159	0.0239	0.0122	0.0045	0.0186	0.0089	0.0114	0.0256	0.0236	0.0015	0.0080	0.0171	0.0106	0.0189	0.0001	0.0157	0.0073	0.0039	0.0233	0.0056	0.0011	0.0050	0.0007	0.0046	0.0138	0.0224	0.0049	0.0291	0.0171	0.0237	0.0214	0.0179	0.0059	0.0218	0.0017	0.0257	0.0048	0.0056	0.0256	0.0213	0.0137	0.0219	0.0221	0.0182	0.0092	0.0206	0.0073	0.0125	0.0067	0.0223	0.0072	0.0155	0.0060	0.0186	0.0153	0.0104	0.0218	0.0076	0.0174	0.0015	0.0029	0.0119	0.0090	0.0002	0.0044	0.0124	0.0122	0.0164	0.0163	0.0023	
0.0115	0.0013	0.0031	0.0009	0.0170	0.0052	0.0073	0.0104	0.0192	0.0178	0.0126	0.0187	0.0167	0.0187	0.0126	0.0085	0.0133	0.0115	0.0046	0.0169	0.0006	0.0210	0.0139	0.0225	0.0160	0.0022	0.0112	0.0233	0.0113	0.0197	0.0079	0.0163	0.0219	0.0039	0.0087	0.0061	0.0094	0.0057	0.0029	0.0097	0.0017	0.0104	0.0131	0.0240	0.0149	0.0101	0.0225	0.0135	0.0084	0.0227	0.0210	0.0002	0.0104	0.0272	0.0014	0.0157	0.0129	0.0047	0.0087	0.0148	0.0192	0.0106	0.0210	0.0219	0.0097	0.0204	0.0207	0.0128	0.0105	0.0101	0.0214	0.0092	0.0090	0.0176	0.0145	0.0128	0.0074	0.0152	0.0082	0.0077	
0.0076	0.0203	0.0106	0.0127	0.0218	0.0071	0.0047	0.0204	0.0023	0.0180	0.0168	0.0052	0.0189	0.0114	0.0114	0.0155	0.0119	0.0142	0.0126	0.0166	0.0099	0.0051	0.0030	0.0233	0.0220	0.0117	0.0157	0.0182	0.0080	0.0102	0.0061	0.0190	0.0198	0.0012	0.0059	0.0237	0.0193	0.0093	0.0230	0.0015	0.0129	0.0007	0.0103	0.0153	0.0165	0.0159	0.0130	0.0188	0.0046	0.0228	0.0203	0.0166	0.0009	0.0149	0.0181	0.0016	0.0165	0.0124	0.0147	0.0112	0.0152	0.0130	0.0107	0.0122	0.0113	0.0189	0.0080	0.0173	0.0060	0.0138	0.0171	0.0038	0.0152	0.0093	0.0031	0.0092	0.0175	0.0110	0.0073	0.0066	
0.0282	0.0218	0.0112	0.0102	0.0135	0.0144	0.0242	0.0068	0.0047	0.0051	0.0053	0.0115	0.0191	0.0110	0.0096	0.0013	0.0136	0.0246	0.0038	0.0217	0.0071	0.0190	0.0133	0.0156	0.0057	0.0207	0.0001	0.0166	0.0128	0.0101	0.0076	0.0065	0.0048	0.0094	0.0128	0.0263	0.0038	0.0030	0.0015	0.0253	0.0242	0.0029	0.0169	0.0021	0.0129	0.0087	0.0124	0.0071	0.0028	0.0025	0.0198	0.0261	0.0084	0.0140	0.0001	0.0068	0.0066	0.0230	0.0056	0.0195	0.0143	0.0088	0.0199	0.0188	0.0215	0.0265	0.0064	0.0094	0.0249	0.0132	0.0248	0.0106	0.0201	0.0043	0.0229	0.0041	0.0033	0.0130	0.0031	0.0241	
0.0101	0.0194	0.0115	0.0089	0.0139	0.0079	0.0234	0.0194	0.0085	0.0054	0.0156	0.0075	0.0221	0.0087	0.0090	0.0166	0.0081	0.0224	0.0043	0.0125	0.0017	0.0013	0.0068	0.0150	0.0050	0.0122	0.0032	0.0045	0.0145	0.0193	0.0035	0.0180	0.0192	0.0082	0.0086	0.0218	0.0207	0.0122	0.0052	0.0138	0.0011	0.0121	0.0014	0.0205	0.0237	0.0163	0.0151	0.0119	0.0200	0.0073	0.0207	0.0070	0.0078	0.0173	0.0210	0.0085	0.0127	0.0258	0.0042	0.0026	0.0057	0.0202	0.0036	0.0120	0.0021	0.0212	0.0136	0.0146	0.0003	0.0145	0.0201	0.0219	0.0161	0.0138	0.0118	0.0130	0.0244	0.0130	0.0170	0.0142	
0.0255	0.0173	0.0090	0.0067	0.0007	0.0211	0.0114	0.0034	0.0119	0.0003	0.0084	0.0260	0.0070	0.0024	0.0075	0.0082	0.0095	0.0151	0.0174	0.0017	0.0017	0.0238	0.0113	0.0054	0.0134	0.0233	0.0166	0.0211	0.0042	0.0066	0.0084	0.0242	0.0060	0.0154	0.0045	0.0164	0.0094	0.0255	0.0128	0.0057	0.0096	0.0091	0.0028	0.0000	0.0075	0.0215	0.0174	0.0149	0.0070	0.0042	0.0037	0.0115	0.0201	0.0171	0.0125	0.0251	0.0054	0.0042	0.0201	0.0027	0.0065	0.0195	0.0232	0.0045	0.0173	0.0092	0.0186	0.0173	0.0238	0.0189	0.0239	0.0125	0.0027	0.0102	0.0169	0.0166	0.0211	0.0116	0.0241	0.0189	
0.0092	0.0011	0.0115	0.0001	0.0037	0.0204	0.0038	0.0184	0.0017	0.0055	0.0101	0.0065	0.0028	0.0090	0.0217	0.0196	0.0110	0.0261	0.0083	0.0247	0.0006	0.0246	0.0166	0.0143	0.0064	0.0171	0.0089	0.0110	0.0273	0.0201	0.0033	0.0202	0.0063	0.0009	0.0212	0.0066	0.0081	0.0296	0.0016	0.0219	0.0051	0.0028	0.0171	0.0198	0.0111	0.0203	0.0121	0.0202	0.0126	0.0004	0.0051	0.0250	0.0035	0.0002	0.0186	0.0114	0.0111	0.0240	0.0203	0.0137	0.0148	0.0221	0.0170	0.0055	0.0023	0.0161	0.0003	0.0019	0.0150	0.0203	0.0088	0.0125	0.0229	0.0121	0.0183	0.0229	0.0073	0.0255	0.0032	0.0153	
0.0067	0.0140	0.0209	0.0197	0.0159	0.0041	0.0149	0.0055	0.0075	0.0092	0.0205	0.0106	0.0047	0.0131	0.0045	0.0117	0.0092	0.0104	0.0149	0.0191	0.0148	0.0074	0.0042	0.0181	0.0160	0.0169	0.0014	0.0166	0.0072	0.0169	0.0027	0.0107	0.0193	0.0045	0.0052	0.0001	0.0191	0.0216	0.0150	0.0214	0.0206	0.0162	0.0180	0.0046	0.0227	0.0235	0.0076	0.0071	0.0065	0.0064	0.0110	0.0207	0.0069	0.0088	0.0209	0.0238	0.0097	0.0033	0.0053	0.0238	0.0032	0.0001	0.0198	0.0119	0.0065	0.0087	0.0148	0.0005	0.0083	0.0052	0.0140	0.0139	0.0203	0.0152	0.0197	0.0198	0.0126	0.0240	0.0196	0.0185	
0.0123	0.0207	0.0082	0.0009	0.0084	0.0063	0.0041	0.0123	0.0072	0.0075	0.0167	0.0194	0.0153	0.0154	0.0171	0.0267	0.0221	0.0065	0.0242	0.0143	0.0061	0.0066	0.0244	0.0020	0.0176	0.0228	0.0278	0.0178	0.0126	0.0010	0.0102	0.0100	0.0081	0.0118	0.0129	0.0111	0.0164	0.0262	0.0058	0.0006	0.0050	0.0046	0.0203	0.0021	0.0172	0.0237	0.0005	0.0068	0.0241	0.0246	0.0241	0.0086	0.0020	0.0081	0.0135	0.0049	0.0214	0.0070	0.0096	0.0121	0.0069	0.0156	0.0235	0.0057	0.0231	0.0058	0.0110	0.0037	0.0029	0.0095	0.0077	0.0247	0.0013	0.0204	0.0092	0.0009	0.0129	0.0233	0.0121	0.0221	
0.0224	0.0182	0.0136	0.0141	0.0012	0.0015	0.0074	0.0003	0.0217	0.0079	0.0143	0.0103	0.0128	0.0177	0.0162	0.0154	0.0057	0.0128	0.0045	0.0094	0.0093	0.0208	0.0035	0.0148	0.0139	0.0003	0.0069	0.0053	0.0220	0.0111	0.0161	0.0224	0.0198	0.0130	0.0133	0.0141	0.0224	0.0094	0.0049	0.0197	0.0203	0.0091	0.0063	0.0201	0.0208	0.0223	0.0121	0.0071	0.0029	0.0191	0.0176	0.0246	0.0157	0.0021	0.0098	0.0000	0.0142	0.0246	0.0008	0.0010	0.0191	0.0030	0.0018	0.0089	0.0154	0.0157	0.0148	0.0234	0.0046	0.0055	0.0152	0.0212	0.0080	0.0077	0.0121	0.0234	0.0141	0.0086	0.0192	0.0176	
0.0155	0.0258	0.0016	0.0047	0.0185	0.0155	0.0066	0.0191	0.0027	0.0143	0.0250	0.0002	0.0077	0.0035	0.0006	0.0210	0.0086	0.0227	0.0040	0.0043	0.0055	0.0117	0.0024	0.0236	0.0029	0.0230	0.0179	0.0098	0.0156	0.0103	0.0100	0.0057	0.0048	0.0085	0.0124	0.0233	0.0015	0.0255	0.0192	0.0245	0.0086	0.0202	0.0226	0.0170	0.0076	0.0169	0.0167	0.0048	0.0079	0.0194	0.0146	0.0197	0.0047	0.0186	0.0120	0.0025	0.0233	0.0046	0.0021	0.0225	0.0004	0.0250	0.0027	0.0158	0.0045	0.0182	0.0199	0.0241	0.0167	0.0053	0.0184	0.0117	0.0047	0.0043	0.0200	0.0071	0.0143	0.0120	0.0155	0.0128	
0.0079	0.0121	0.0001	0.0198	0.0204	0.0153	0.0010	0.0133	0.0204	0.0098	0.0234	0.0205	0.0196	0.0194	0.0189	0.0110	0.0193	0.0056	0.0110	0.0135	0.0185	0.0135	0.0127	0.0028	0.0005	0.0031	0.0148	0.0305	0.0185	0.0042	0.0122	0.0093	0.0140	0.0139	0.0118	0.0141	0.0197	0.0068	0.0224	0.0128	0.0150	0.0056	0.0040	0.0067	0.0073	0.0204	0.0174	0.0080	0.0054	0.0094	0.0103	0.0086	0.0002	0.0009	0.0158	0.0171	0.0221	0.0226	0.0201	0.0183	0.0014	0.0012	0.0157	0.0138	0.0212	0.0127	0.0073	0.0052	0.0080	0.0092	0.0128	0.0128	0.0110	0.0186	0.0222	0.0125	0.0100	0.0061	0.0194	0.0052	
0.0120	0.0056	0.0177	0.0116	0.0178	0.0037	0.0101	0.0136	0.0211	0.0199	0.0149	0.0009	0.0103	0.0015	0.0110	0.0157	0.0135	0.0138	0.0100	0.0185	0.0109	0.0115	0.0003	0.0213	0.0195	0.0219	0.0233	0.0030	0.0031	0.0045	0.0074	0.0172	0.0012	0.0156	0.0065	0.0229	0.0073	0.0057	0.0247	0.0172	0.0024	0.0175	0.0091	0.0144	0.0217	0.0130	0.0039	0.0100	0.0097	0.0077	0.0214	0.0225	0.0202	0.0023	0.0177	0.0000	0.0054	0.0228	0.0168	0.0213	0.0064	0.0077	0.0090	0.0158	0.0116	0.0227	0.0243	0.0187	0.0182	0.0162	0.0077	0.0090	0.0148	0.0149	0.0165	0.0157	0.0022	0.0118	0.0007	0.0081	
0.0192	0.0122	0.0162	0.0186	0.0063	0.0090	0.0198	0.0236	0.0206	0.0066	0.0150	0.0100	0.0125	0.0021	0.0098	0.0200	0.0100	0.0174	0.0016	0.0216	0.0114	0.0083	0.0135	0.0180	0.0235	0.0128	0.0074	0.0049	0.0102	0.0020	0.0214	0.0176	0.0211	0.0085	0.0013	0.0201	0.0137	0.0152	0.0096	0.0022	0.0011	0.0006	0.0222	0.0128	0.0009	0.0222	0.0214	0.0128	0.0053	0.0208	0.0045	0.0099	0.0088	0.0025	0.0186	0.0098	0.0217	0.0236	0.0200	0.0176	0.0023	0.0158	0.0120	0.0180	0.0084	0.0216	0.0128	0.0040	0.0009	0.0158	0.0051	0.0199	0.0071	0.0205	0.0209	0.0113	0.0102	0.0019	0.0168	0.0026	
0.0177	0.0185	0.0203	0.0130	0.0197	0.0111	0.0079	0.0186	0.0123	0.0154	0.0201	0.0145	0.0171	0.0150	0.0200	0.0091	0.0110	0.0024	0.0036	0.0036	0.0076	0.0152	0.0108	0.0128	0.0147	0.0079	0.0023	0.0120	0.0047	0.0070	0.0222	0.0179	0.0062	0.0169	0.0225	0.0082	0.0149	0.0249	0.0234	0.0191	0.0112	0.0149	0.0154	0.0096	0.0211	0.0139	0.0034	0.0148	0.0212	0.0122	0.0209	0.0083	0.0200	0.0137	0.0166	0.0011	0.0069	0.0106	0.0219	0.0133	0.0093	0.0214	0.0119	0.0038	0.0157	0.0006	0.0082	0.0003	0.0148	0.0147	0.0166	0.0119	0.0042	0.0055	0.0151	0.0129	0.0005	0.0020	0.0161	0.0016	
0.0055	0.0115	0.0109	0.0164	0.0091	0.0132	0.0221	0.0188	0.0229	0.0233	0.0005	0.0072	0.0006	0.0088	0.0098	0.0156	0.0052	0.0117	0.0172	0.0198	0.0048	0.0029	0.0240	0.0075	0.0197	0.0110	0.0042	0.0184	0.0231	0.0043	0.0006	0.0050	0.0185	0.0220	0.0083	0.0259	0.0109	0.0231	0.0227	0.0020	0.0028	0.0138	0.0014	0.0185	0.0168	0.0109	0.0144	0.0200	0.0186	0.0013	0.0080	0.0140	0.0089	0.0255	0.0204	0.0022	0.0123	0.0039	0.0230	0.0241	0.0107	0.0065	0.0180	0.0180	0.0230	0.0199	0.0132	0.0038	0.0009	0.0125	0.0027	0.0092	0.0157	0.0134	0.0166	0.0130	0.0015	0.0062	0.0158	0.0096	
0.0211	0.0073	0.0166	0.0178	0.0173	0.0090	0.0164	0.0181	0.0000	0.0052	0.0099	0.0073	0.0191	0.0185	0.0115	0.0185	0.0174	0.0064	0.0165	0.0177	0.0170	0.0071	0.0169	0.0064	0.0196	0.0203	0.0202	0.0191	0.0043	0.0057	0.0005	0.0046	0.0110	0.0111	0.0208	0.0023	0.0081	0.0221	0.0206	0.0093	0.0185	0.0137	0.0033	0.0176	0.0010	0.0171	0.0111	0.0161	0.0192	0.0184	0.0140	0.0164	0.0090	0.0190	0.0112	0.0125	0.0119	0.0128	0.0196	0.0198	0.0117	0.0016	0.0117	0.0136	0.0049	0.0048	0.0166	0.0085	0.0188	0.0107	0.0097	0.0184	0.0081	0.0060	0.0189	0.0017	0.0038	0.0207	0.0054	0.0034	
0.0122	0.0033	0.0178	0.0096	0.0140	0.0056	0.0192	0.0177	0.0221	0.0094	0.0124	0.0212	0.0009	0.0001	0.0196	0.0218	0.0035	0.0116	0.0134	0.0185	0.0213	0.0016	0.0189	0.0113	0.0084	0.0202	0.0088	0.0034	0.0224	0.0101	0.0098	0.0122	0.0064	0.0188	0.0097	0.0108	0.0071	0.0050	0.0017	0.0214	0.0100	0.0027	0.0101	0.0125	0.0242	0.0133	0.0211	0.0095	0.0107	0.0224	0.0215	0.0171	0.0097	0.0109	0.0053	0.0100	0.0068	0.0085	0.0012	0.0199	0.0209	0.0166	0.0171	0.0108	0.0003	0.0225	0.0146	0.0066	0.0132	0.0102	0.0147	0.0214	0.0089	0.0127	0.0086	0.0183	0.0143	0.0084	0.0110	0.0181	
0.0217	0.0224	0.0138	0.0204	0.0123	0.0150	0.0031	0.0192	0.0121	0.0232	0.0035	0.0217	0.0033	0.0058	0.0011	0.0177	0.0075	0.0223	0.0112	0.0008	0.0200	0.0131	0.0179	0.0212	0.0077	0.0197	0.0075	0.0192	0.0015	0.0086	0.0166	0.0213	0.0200	0.0052	0.0175	0.0222	0.0199	0.0192	0.0239	0.0073	0.0173	0.0153	0.0182	0.0142	0.0076	0.0141	0.0197	0.0030	0.0113	0.0136	0.0095	0.0148	0.0187	0.0098	0.0180	0.0089	0.0038	0.0148	0.0129	0.0135	0.0080	0.0071	0.0161	0.0026	0.0043	0.0053	0.0032	0.0195	0.0086	0.0027	0.0185	0.0124	0.0008	0.0030	0.0054	0.0038	0.0160	0.0043	0.0142	0.0179	
0.0040	0.0050	0.0065	0.0127	0.0251	0.0027	0.0011	0.0123	0.0108	0.0124	0.0210	0.0071	0.0051	0.0087	0.0225	0.0122	0.0004	0.0177	0.0114	0.0022	0.0109	0.0260	0.0192	0.0112	0.0176	0.0235	0.0174	0.0198	0.0049	0.0169	0.0146	0.0264	0.0009	0.0210	0.0110	0.0049	0.0019	0.0070	0.0055	0.0020	0.0044	0.0169	0.0133	0.0269	0.0098	0.0160	0.0106	0.0183	0.0038	0.0211	0.0040	0.0042	0.0197	0.0170	0.0084	0.0062	0.0133	0.0220	0.0202	0.0008	0.0121	0.0082	0.0057	0.0185	0.0237	0.0209	0.0061	0.0094	0.0212	0.0221	0.0102	0.0204	0.0122	0.0083	0.0250	0.0186	0.0101	0.0210	0.0019	0.0042	
0.0154	0.0248	0.0151	0.0101	0.0140	0.0094	0.0059	0.0121	0.0124	0.0059	0.0187	0.0066	0.0113	0.0036	0.0135	0.0248	0.0118	0.0204	0.0017	0.0144	0.0082	0.0247	0.0201	0.0092	0.0098	0.0099	0.0190	0.0125	0.0191	0.0134	0.0208	0.0171	0.0201	0.0171	0.0126	0.0152	0.0177	0.0234	0.0050	0.0125	0.0131	0.0172	0.0217	0.0172	0.0027	0.0038	0.0086	0.0080	0.0184	0.0005	0.0059	0.0176	0.0171	0.0147	0.0205	0.0147	0.0033	0.0063	0.0014	0.0041	0.0175	0.0220	0.0178	0.0227	0.0113	0.0001	0.0120	0.0198	0.0174	0.0016	0.0038	0.0163	0.0148	0.0132	0.0003	0.0136	0.0038	0.0042	0.0062	0.0061	
0.0021	0.0103	0.0165	0.0156	0.0088	0.0025	0.0002	0.0066	0.0199	0.0227	0.0107	0.0126	0.0182	0.0006	0.0162	0.0198	0.0006	0.0232	0.0047	0.0025	0.0153	0.0114	0.0163	0.0169	0.0214	0.0144	0.0017	0.0030	0.0123	0.0061	0.0103	0.0225	0.0258	0.0207	0.0018	0.0080	0.0025	0.0025	0.0164	0.0085	0.0220	0.0053	0.0008	0.0196	0.0169	0.0173	0.0259	0.0138	0.0182	0.0066	0.0128	0.0054	0.0233	0.0040	0.0143	0.0160	0.0195	0.0003	0.0200	0.0205	0.0012	0.0231	0.0170	0.0126	0.0131	0.0111	0.0118	0.0230	0.0237	0.0118	0.0162	0.0226	0.0089	0.0185	0.0027	0.0096	0.0104	0.0221	0.0005	0.0055	
0.0170	0.0120	0.0068	0.0059	0.0175	0.0043	0.0239	0.0215	0.0052	0.0113	0.0129	0.0024	0.0071	0.0187	0.0065	0.0022	0.0115	0.0127	0.0059	0.0047	0.0031	0.0230	0.0144	0.0084	0.0143	0.0145	0.0219	0.0036	0.0009	0.0042	0.0044	0.0198	0.0245	0.0144	0.0028	0.0148	0.0141	0.0138	0.0198	0.0074	0.0104	0.0139	0.0176	0.0126	0.0243	0.0139	0.0168	0.0142	0.0131	0.0005	0.0206	0.0232	0.0146	0.0217	0.0021	0.0167	0.0214	0.0262	0.0164	0.0041	0.0080	0.0215	0.0182	0.0005	0.0068	0.0160	0.0025	0.0171	0.0156	0.0169	0.0120	0.0226	0.0167	0.0193	0.0181	0.0110	0.0058	0.0031	0.0095	0.0009	
0.0258	0.0073	0.0143	0.0004	0.0071	0.0060	0.0062	0.0047	0.0120	0.0112	0.0175	0.0169	0.0214	0.0151	0.0227	0.0161	0.0214	0.0184	0.0053	0.0073	0.0110	0.0227	0.0216	0.0213	0.0140	0.0239	0.0054	0.0217	0.0021	0.0139	0.0114	0.0176	0.0148	0.0165	0.0054	0.0015	0.0069	0.0227	0.0197	0.0010	0.0098	0.0203	0.0062	0.0064	0.0016	0.0216	0.0035	0.0029	0.0237	0.0035	0.0141	0.0145	0.0222	0.0025	0.0144	0.0008	0.0100	0.0217	0.0123	0.0095	0.0012	0.0138	0.0023	0.0206	0.0000	0.0245	0.0022	0.0057	0.0101	0.0224	0.0084	0.0018	0.0235	0.0037	0.0224	0.0129	0.0168	0.0167	0.0192	0.0185	
0.0221	0.0023	0.0204	0.0224	0.0006	0.0197	0.0220	0.0130	0.0008	0.0044	0.0170	0.0135	0.0077	0.0092	0.0222	0.0248	0.0204	0.0099	0.0060	0.0028	0.0177	0.0217	0.0171	0.0002	0.0212	0.0138	0.0154	0.0224	0.0056	0.0015	0.0095	0.0172	0.0007	0.0203	0.0147	0.0270	0.0179	0.0044	0.0228	0.0030	0.0028	0.0132	0.0049	0.0061	0.0070	0.0220	0.0213	0.0152	0.0044	0.0000	0.0163	0.0080	0.0101	0.0184	0.0000	0.0234	0.0101	0.0220	0.0034	0.0133	0.0075	0.0018	0.0064	0.0235	0.0205	0.0234	0.0117	0.0138	0.0211	0.0008	0.0037	0.0164	0.0130	0.0027	0.0243	0.0029	0.0177	0.0118	0.0192	0.0002	
0.0213	0.0257	0.0150	0.0047	0.0098	0.0012	0.0087	0.0105	0.0174	0.0169	0.0146	0.0258	0.0006	0.0081	0.0191	0.0017	0.0081	0.0066	0.0105	0.0083	0.0078	0.0043	0.0175	0.0037	0.0221	0.0243	0.0204	0.0082	0.0178	0.0194	0.0054	0.0234	0.0009	0.0032	0.0186	0.0091	0.0122	0.0022	0.0151	0.0200	0.0149	0.0019	0.0226	0.0046	0.0127	0.0046	0.0180	0.0055	0.0083	0.0234	0.0174	0.0124	0.0015	0.0116	0.0167	0.0155	0.0060	0.0113	0.0089	0.0104	0.0073	0.0008	0.0180	0.0210	0.0103	0.0174	0.0240	0.0208	0.0153	0.0124	0.0152	0.0062	0.0162	0.0140	0.0177	0.0060	0.0081	0.0153	0.0175	0.0178	
0.0090	0.0140	0.0249	0.0159	0.0023	0.0156	0.0224	0.0168	0.0101	0.0027	0.0020	0.0011	0.0170	0.0042	0.0102	0.0158	0.0077	0.0253	0.0177	0.0197	0.0053	0.0181	0.0136	0.0206	0.0087	0.0133	0.0202	0.0120	0.0183	0.0094	0.0072	0.0150	0.0196	0.0170	0.0014	0.0202	0.0012	0.0012	0.0207	0.0174	0.0174	0.0064	0.0112	0.0131	0.0105	0.0143	0.0146	0.0120	0.0036	0.0036	0.0212	0.0086	0.0203	0.0246	0.0112	0.0149	0.0251	0.0045	0.0090	0.0146	0.0225	0.0114	0.0212	0.0238	0.0200	0.0106	0.0065	0.0019	0.0031	0.0179	0.0132	0.0067	0.0052	0.0007	0.0005	0.0215	0.0071	0.0016	0.0097	0.0195	
0.0002	0.0073	0.0057	0.0113	0.0125	0.0180	0.0154	0.0223	0.0046	0.0107	0.0183	0.0193	0.0152	0.0048	0.0132	0.0078	0.0069	0.0103	0.0153	0.0231	0.0054	0.0104	0.0092	0.0088	0.0124	0.0140	0.0028	0.0198	0.0166	0.0115	0.0060	0.0201	0.0186	0.0112	0.0112	0.0144	0.0026	0.0097	0.0134	0.0189	0.0123	0.0076	0.0197	0.0158	0.0227	0.0157	0.0161	0.0002	0.0050	0.0167	0.0144	0.0169	0.0087	0.0098	0.0124	0.0144	0.0230	0.0207	0.0194	0.0218	0.0182	0.0208	0.0013	0.0144	0.0049	0.0183	0.0022	0.0034	0.0139	0.0026	0.0051	0.0212	0.0003	0.0162	0.0085	0.0190	0.0106	0.0165	0.0089	0.0215	
0.0003	0.0026	0.0126	0.0044	0.0224	0.0106	0.0127	0.0092	0.0230	0.0242	0.0167	0.0064	0.0126	0.0124	0.0019	0.0172	0.0072	0.0060	0.0112	0.0032	0.0123	0.0110	0.0080	0.0042	0.0098	0.0157	0.0206	0.0165	0.0016	0.0146	0.0004	0.0058	0.0109	0.0230	0.0215	0.0187	0.0098	0.0236	0.0182	0.0173	0.0073	0.0154	0.0040	0.0169	0.0109	0.0245	0.0099	0.0118	0.0165	0.0163	0.0125	0.0077	0.0057	0.0077	0.0100	0.0134	0.0183	0.0091	0.0189	0.0068	0.0153	0.0224	0.0069	0.0070	0.0221	0.0110	0.0195	0.0132	0.0145	0.0088	0.0063	0.0101	0.0124	0.0156	0.0196	0.0192	0.0068	0.0166	0.0180	0.0107	
0.0075	0.0083	0.0223	0.0090	0.0024	0.0155	0.0241	0.0037	0.0119	0.0086	0.0234	0.0014	0.0022	0.0101	0.0019	0.0104	0.0100	0.0218	0.0172	0.0235	0.0034	0.0193	0.0197	0.0075	0.0097	0.0032	0.0198	0.0136	0.0120	0.0134	0.0060	0.0019	0.0155	0.0083	0.0238	0.0082	0.0226	0.0246	0.0053	0.0062	0.0098	0.0142	0.0016	0.0070	0.0106	0.0052	0.0092	0.0023	0.0150	0.0101	0.0080	0.0109	0.0219	0.0213	0.0068	0.0121	0.0124	0.0154	0.0242	0.0242	0.0214	0.0119	0.0149	0.0207	0.0024	0.0215	0.0104	0.0173	0.0106	0.0187	0.0104	0.0125	0.0151	0.0097	0.0129	0.0111	0.0167	0.0138	0.0215	0.0050	
0.0197	0.0174	0.0193	0.0015	0.0064	0.0202	0.0025	0.0206	0.0011	0.0129	0.0200	0.0083	0.0226	0.0054	0.0070	0.0240	0.0003	0.0046	0.0043	0.0129	0.0175	0.0143	0.0147	0.0205	0.0232	0.0182	0.0205	0.0140	0.0052	0.0182	0.0173	0.0229	0.0186	0.0181	0.0038	0.0061	0.0133	0.0161	0.0171	0.0070	0.0180	0.0119	0.0186	0.0232	0.0263	0.0016	0.0157	0.0100	0.0027	0.0151	0.0096	0.0137	0.0088	0.0084	0.0100	0.0048	0.0012	0.0005	0.0018	0.0107	0.0004	0.0137	0.0142	0.0050	0.0173	0.0220	0.0142	0.0029	0.0017	0.0024	0.0088	0.0096	0.0141	0.0190	0.0190	0.0044	0.0199	0.0173	0.0202	0.0236	
0.0061	0.0105	0.0106	0.0156	0.0099	0.0044	0.0148	0.0115	0.0087	0.0262	0.0050	0.0162	0.0136	0.0047	0.0066	0.0047	0.0241	0.0138	0.0051	0.0032	0.0109	0.0135	0.0089	0.0004	0.0055	0.0012	0.0275	0.0139	0.0155	0.0066	0.0083	0.0101	0.0040	0.0040	0.0057	0.0187	0.0052	0.0293	0.0257	0.0157	0.0076	0.0052	0.0218	0.0030	0.0256	0.0233	0.0270	0.0106	0.0154	0.0170	0.0052	0.0109	0.0129	0.0235	0.0127	0.0208	0.0014	0.0099	0.0115	0.0088	0.0050	0.0012	0.0210	0.0017	0.0169	0.0225	0.0115	0.0093	0.0248	0.0180	0.0256	0.0264	0.0164	0.0149	0.0217	0.0057	0.0171	0.0064	0.0025	0.0114	
0.0041	0.0151	0.0214	0.0205	0.0015	0.0195	0.0207	0.0097	0.0154	0.0118	0.0145	0.0200	0.0124	0.0124	0.0077	0.0069	0.0084	0.0177	0.0107	0.0023	0.0080	0.0119	0.0098	0.0234	0.0159	0.0054	0.0199	0.0260	0.0235	0.0055	0.0006	0.0181	0.0071	0.0002	0.0038	0.0157	0.0028	0.0251	0.0000	0.0178	0.0205	0.0010	0.0168	0.0118	0.0018	0.0036	0.0120	0.0017	0.0050	0.0139	0.0190	0.0238	0.0176	0.0272	0.0017	0.0158	0.0046	0.0252	0.0066	0.0215	0.0028	0.0242	0.0093	0.0090	0.0111	0.0183	0.0118	0.0121	0.0093	0.0184	0.0033	0.0101	0.0168	0.0143	0.0032	0.0069	0.0191	0.0226	0.0206	0.0124	
0.0214	0.0187	0.0170	0.0095	0.0109	0.0013	0.0011	0.0080	0.0234	0.0133	0.0106	0.0044	0.0162	0.0040	0.0137	0.0270	0.0148	0.0081	0.0001	0.0079	0.0144	0.0234	0.0178	0.0110	0.0101	0.0101	0.0064	0.0019	0.0227	0.0175	0.0209	0.0063	0.0024	0.0191	0.0016	0.0115	0.0070	0.0009	0.0284	0.0105	0.0166	0.0055	0.0155	0.0234	0.0105	0.0273	0.0233	0.0146	0.0020	0.0038	0.0167	0.0132	0.0229	0.0170	0.0228	0.0237	0.0008	0.0063	0.0255	0.0005	0.0203	0.0258	0.0100	0.0041	0.0178	0.0039	0.0019	0.0224	0.0025	0.0056	0.0179	0.0149	0.0081	0.0136	0.0151	0.0087	0.0073	0.0214	0.0008	0.0109	
0.0160	0.0171	0.0236	0.0164	0.0021	0.0067	0.0076	0.0136	0.0200	0.0048	0.0096	0.0014	0.0008	0.0229	0.0122	0.0192	0.0188	0.0110	0.0043	0.0060	0.0209	0.0214	0.0115	0.0216	0.0105	0.0025	0.0048	0.0095	0.0245	0.0125	0.0140	0.0049	0.0053	0.0142	0.0099	0.0039	0.0221	0.0191	0.0022	0.0093	0.0184	0.0118	0.0021	0.0232	0.0215	0.0170	0.0153	0.0086	0.0002	0.0219	0.0129	0.0212	0.0153	0.0214	0.0128	0.0189	0.0052	0.0030	0.0069	0.0257	0.0029	0.0249	0.0118	0.0061	0.0159	0.0040	0.0196	0.0110	0.0133	0.0107	0.0186	0.0025	0.0088	0.0171	0.0101	0.0080	0.0185	0.0141	0.0006	0.0194	
0.0150	0.0220	0.0081	0.0035	0.0008	0.0162	0.0145	0.0113	0.0008	0.0170	0.0248	0.0220	0.0107	0.0023	0.0056	0.0233	0.0006	0.0207	0.0065	0.0168	0.0195	0.0021	0.0204	0.0150	0.0022	0.0113	0.0135	0.0271	0.0096	0.0043	0.0250	0.0145	0.0023	0.0129	0.0112	0.0080	0.0146	0.0109	0.0066	0.0238	0.0136	0.0092	0.0110	0.0232	0.0133	0.0237	0.0188	0.0066	0.0123	0.0149	0.0078	0.0252	0.0075	0.0097	0.0001	0.0119	0.0007	0.0218	0.0016	0.0164	0.0048	0.0189	0.0011	0.0199	0.0190	0.0076	0.0181	0.0234	0.0169	0.0236	0.0059	0.0152	0.0149	0.0067	0.0020	0.0089	0.0165	0.0233	0.0018	0.0051	
0.0191	0.0054	0.0078	0.0168	0.0207	0.0192	0.0082	0.0181	0.0100	0.0219	0.0063	0.0210	0.0070	0.0133	0.0151	0.0228	0.0082	0.0144	0.0033	0.0044	0.0020	0.0161	0.0133	0.0131	0.0072	0.0155	0.0086	0.0255	0.0070	0.0126	0.0195	0.0023	0.0165	0.0210	0.0200	0.0249	0.0085	0.0056	0.0245	0.0182	0.0200	0.0009	0.0109	0.0160	0.0167	0.0089	0.0080	0.0228	0.0123	0.0048	0.0207	0.0012	0.0171	0.0237	0.0025	0.0009	0.0146	0.0182	0.0123	0.0048	0.0133	0.0085	0.0096	0.0187	0.0036	0.0037	0.0041	0.0096	0.0179	0.0183	0.0111	0.0037	0.0140	0.0074	0.0048	0.0009	0.0055	0.0217	0.0193	0.0218	
0.0093	0.0090	0.0105	0.0013	0.0152	0.0149	0.0079	0.0201	0.0161	0.0181	0.0081	0.0149	0.0148	0.0168	0.0032	0.0158	0.0123	0.0156	0.0118	0.0123	0.0034	0.0194	0.0043	0.0178	0.0163	0.0187	0.0098	0.0100	0.0164	0.0013	0.0188	0.0149	0.0218	0.0135	0.0192	0.0057	0.0195	0.0107	0.0044	0.0093	0.0173	0.0074	0.0166	0.0236	0.0107	0.0214	0.0125	0.0205	0.0049	0.0134	0.0101	0.0140	0.0094	0.0081	0.0181	0.0129	0.0046	0.0170	0.0080	0.0207	0.0075	0.0233	0.0033	0.0153	0.0003	0.0155	0.0158	0.0026	0.0206	0.0213	0.0175	0.0038	0.0101	0.0022	0.0158	0.0169	0.0025	0.0051	0.0068	0.0193	
0.0102	0.0163	0.0051	0.0018	0.0175	0.0051	0.0067	0.0192	0.0229	0.0087	0.0010	0.0056	0.0020	0.0095	0.0014	0.0272	0.0063	0.0013	0.0278	0.0231	0.0047	0.0101	0.0295	0.0083	0.0247	0.0087	0.0044	0.0115	0.0166	0.0004	0.0120	0.0265	0.0126	0.0143	0.0155	0.0256	0.0192	0.0030	0.0026	0.0237	0.0111	0.0019	0.0103	0.0199	0.0277	0.0175	0.0035	0.0038	0.0013	0.0261	0.0160	0.0022	0.0070	0.0172	0.0192	0.0290	0.0179	0.0300	0.0066	0.0096	0.0014	0.0267	0.0007	0.0207	0.0277	0.0018	0.0209	0.0177	0.0241	0.0073	0.0051	0.0036	0.0279	0.0036	0.0107	0.0025	0.0001	0.0084	0.0111	0.0081	
0.0050	0.0002	0.0058	0.0198	0.0113	0.0086	0.0160	0.0236	0.0213	0.0155	0.0051	0.0199	0.0232	0.0193	0.0164	0.0119	0.0012	0.0159	0.0203	0.0212	0.0187	0.0136	0.0087	0.0198	0.0146	0.0107	0.0028	0.0033	0.0035	0.0146	0.0230	0.0080	0.0139	0.0221	0.0026	0.0011	0.0148	0.0061	0.0092	0.0126	0.0083	0.0194	0.0221	0.0062	0.0018	0.0089	0.0071	0.0049	0.0081	0.0248	0.0009	0.0095	0.0128	0.0139	0.0122	0.0181	0.0175	0.0123	0.0043	0.0003	0.0061	0.0142	0.0171	0.0041	0.0162	0.0230	0.0076	0.0241	0.0149	0.0185	0.0215	0.0209	0.0086	0.0051	0.0136	0.0229	0.0156	0.0028	0.0171	0.0077	
0.0052	0.0240	0.0195	0.0077	0.0148	0.0133	0.0212	0.0275	0.0111	0.0113	0.0098	0.0051	0.0012	0.0073	0.0071	0.0207	0.0044	0.0170	0.0158	0.0050	0.0004	0.0082	0.0143	0.0171	0.0005	0.0057	0.0018	0.0093	0.0013	0.0142	0.0265	0.0139	0.0203	0.0247	0.0223	0.0097	0.0212	0.0123	0.0169	0.0014	0.0017	0.0076	0.0127	0.0060	0.0099	0.0181	0.0228	0.0009	0.0233	0.0204	0.0177	0.0019	0.0123	0.0160	0.0069	0.0231	0.0094	0.0033	0.0078	0.0100	0.0128	0.0137	0.0226	0.0205	0.0121	0.0209	0.0110	0.0040	0.0120	0.0244	0.0237	0.0190	0.0009	0.0127	0.0032	0.0172	0.0213	0.0086	0.0071	0.0094	
0.0105	0.0007	0.0082	0.0066	0.0212	0.0195	0.0016	0.0052	0.0147	0.0230	0.0236	0.0171	0.0030	0.0054	0.0108	0.0131	0.0086	0.0162	0.0180	0.0131	0.0047	0.0148	0.0136	0.0215	0.0187	0.0213	0.0008	0.0235	0.0088	0.0125	0.0006	0.0005	0.0204	0.0202	0.0199	0.0115	0.0023	0.0156	0.0242	0.0121	0.0153	0.0045	0.0128	0.0120	0.0245	0.0032	0.0160	0.0180	0.0002	0.0136	0.0064	0.0033	0.0127	0.0173	0.0034	0.0200	0.0109	0.0103	0.0098	0.0231	0.0199	0.0031	0.0170	0.0008	0.0222	0.0225	0.0200	0.0049	0.0067	0.0019	0.0108	0.0176	0.0185	0.0044	0.0205	0.0226	0.0017	0.0021	0.0210	0.0173	
0.0090	0.0062	0.0234	0.0199	0.0076	0.0202	0.0121	0.0038	0.0178	0.0028	0.0004	0.0168	0.0048	0.0216	0.0147	0.0164	0.0102	0.0128	0.0135	0.0007	0.0053	0.0097	0.0111	0.0245	0.0020	0.0132	0.0096	0.0112	0.0233	0.0035	0.0198	0.0084	0.0125	0.0190	0.0163	0.0179	0.0050	0.0270	0.0204	0.0017	0.0118	0.0157	0.0114	0.0051	0.0017	0.0214	0.0152	0.0213	0.0132	0.0066	0.0129	0.0154	0.0129	0.0258	0.0125	0.0229	0.0190	0.0000	0.0204	0.0208	0.0128	0.0023	0.0066	0.0140	0.0090	0.0164	0.0043	0.0114	0.0077	0.0009	0.0096	0.0112	0.0183	0.0101	0.0121	0.0111	0.0246	0.0071	0.0214	0.0070	
0.0244	0.0125	0.0186	0.0134	0.0142	0.0032	0.0191	0.0140	0.0042	0.0169	0.0217	0.0050	0.0034	0.0223	0.0111	0.0103	0.0105	0.0207	0.0195	0.0098	0.0137	0.0014	0.0129	0.0119	0.0202	0.0017	0.0203	0.0015	0.0095	0.0012	0.0227	0.0106	0.0034	0.0121	0.0187	0.0001	0.0055	0.0180	0.0271	0.0054	0.0175	0.0127	0.0078	0.0152	0.0040	0.0041	0.0092	0.0187	0.0201	0.0024	0.0226	0.0026	0.0106	0.0117	0.0152	0.0225	0.0239	0.0085	0.0170	0.0133	0.0077	0.0187	0.0032	0.0027	0.0177	0.0099	0.0017	0.0148	0.0033	0.0128	0.0041	0.0180	0.0199	0.0120	0.0145	0.0225	0.0161	0.0227	0.0077	0.0172	
0.0188	0.0003	0.0029	0.0070	0.0017	0.0189	0.0000	0.0176	0.0199	0.0221	0.0009	0.0218	0.0229	0.0109	0.0183	0.0011	0.0110	0.0050	0.0207	0.0175	0.0020	0.0167	0.0156	0.0094	0.0219	0.0050	0.0066	0.0256	0.0203	0.0146	0.0041	0.0006	0.0000	0.0246	0.0190	0.0083	0.0141	0.0222	0.0014	0.0209	0.0090	0.0077	0.0195	0.0058	0.0132	0.0065	0.0213	0.0088	0.0149	0.0143	0.0115	0.0129	0.0018	0.0157	0.0146	0.0005	0.0088	0.0193	0.0094	0.0221	0.0142	0.0028	0.0184	0.0035	0.0180	0.0001	0.0203	0.0227	0.0158	0.0137	0.0096	0.0149	0.0037	0.0203	0.0079	0.0165	0.0210	0.0103	0.0202	0.0162	
0.0107	0.0230	0.0050	0.0067	0.0047	0.0147	0.0234	0.0108	0.0088	0.0201	0.0248	0.0222	0.0111	0.0044	0.0062	0.0078	0.0124	0.0170	0.0123	0.0124	0.0078	0.0209	0.0168	0.0023	0.0038	0.0203	0.0099	0.0028	0.0065	0.0208	0.0028	0.0229	0.0228	0.0176	0.0108	0.0196	0.0207	0.0155	0.0279	0.0029	0.0012	0.0106	0.0165	0.0234	0.0171	0.0132	0.0055	0.0243	0.0162	0.0007	0.0040	0.0065	0.0226	0.0098	0.0080	0.0154	0.0045	0.0031	0.0033	0.0089	0.0063	0.0216	0.0033	0.0101	0.0160	0.0007	0.0007	0.0171	0.0167	0.0142	0.0102	0.0237	0.0170	0.0079	0.0115	0.0206	0.0043	0.0212	0.0110	0.0171	
0.0173	0.0106	0.0094	0.0055	0.0185	0.0198	0.0234	0.0132	0.0094	0.0219	0.0140	0.0188	0.0102	0.0147	0.0175	0.0051	0.0085	0.0049	0.0055	0.0144	0.0108	0.0114	0.0058	0.0029	0.0153	0.0047	0.0154	0.0184	0.0215	0.0106	0.0099	0.0081	0.0171	0.0118	0.0167	0.0234	0.0097	0.0254	0.0194	0.0195	0.0009	0.0102	0.0087	0.0223	0.0008	0.0165	0.0154	0.0013	0.0109	0.0069	0.0106	0.0251	0.0135	0.0236	0.0047	0.0042	0.0043	0.0080	0.0153	0.0149	0.0066	0.0098	0.0134	0.0200	0.0115	0.0047	0.0026	0.0228	0.0227	0.0003	0.0192	0.0106	0.0126	0.0083	0.0137	0.0228	0.0032	0.0093	0.0020	0.0251	
0.0170	0.0135	0.0022	0.0155	0.0009	0.0096	0.0194	0.0208	0.0063	0.0134	0.0171	0.0036	0.0074	0.0026	0.0123	0.0171	0.0221	0.0120	0.0100	0.0205	0.0122	0.0148	0.0028	0.0125	0.0123	0.0003	0.0125	0.0054	0.0078	0.0058	0.0009	0.0191	0.0056	0.0158	0.0234	0.0209	0.0074	0.0273	0.0227	0.0016	0.0099	0.0067	0.0180	0.0108	0.0091	0.0164	0.0043	0.0108	0.0213	0.0236	0.0007	0.0176	0.0230	0.0066	0.0117	0.0007	0.0103	0.0162	0.0042	0.0006	0.0230	0.0150	0.0115	0.0235	0.0116	0.0227	0.0225	0.0163	0.0042	0.0192	0.0087	0.0228	0.0147	0.0071	0.0105	0.0048	0.0218	0.0179	0.0036	0.0219	
0.0225	0.0014	0.0077	0.0091	0.0056	0.0081	0.0198	0.0255	0.0030	0.0223	0.0084	0.0174	0.0190	0.0196	0.0028	0.0213	0.0193	0.0176	0.0227	0.0112	0.0163	0.0113	0.0059	0.0014	0.0139	0.0018	0.0016	0.0188	0.0198	0.0064	0.0030	0.0162	0.0118	0.0074	0.0042	0.0236	0.0057	0.0027	0.0210	0.0030	0.0013	0.0198	0.0139	0.0070	0.0121	0.0166	0.0046	0.0192	0.0044	0.0153	0.0086	0.0051	0.0183	0.0186	0.0041	0.0097	0.0204	0.0073	0.0203	0.0041	0.0072	0.0042	0.0037	0.0193	0.0193	0.0157	0.0055	0.0119	0.0155	0.0060	0.0146	0.0172	0.0224	0.0170	0.0100	0.0178	0.0211	0.0240	0.0142	0.0229	
0.0221	0.0063	0.0099	0.0048	0.0210	0.0184	0.0193	0.0190	0.0028	0.0180	0.0016	0.0229	0.0063	0.0137	0.0156	0.0204	0.0167	0.0168	0.0110	0.0192	0.0086	0.0151	0.0033	0.0211	0.0001	0.0145	0.0063	0.0252	0.0060	0.0086	0.0104	0.0185	0.0164	0.0195	0.0055	0.0007	0.0143	0.0230	0.0238	0.0192	0.0144	0.0089	0.0084	0.0207	0.0044	0.0146	0.0116	0.0073	0.0193	0.0126	0.0215	0.0038	0.0104	0.0195	0.0117	0.0057	0.0032	0.0126	0.0050	0.0068	0.0143	0.0210	0.0104	0.0153	0.0075	0.0051	0.0064	0.0094	0.0079	0.0181	0.0042	0.0191	0.0187	0.0125	0.0027	0.0208	0.0061	0.0063	0.0166	0.0091	
0.0053	0.0240	0.0002	0.0181	0.0113	0.0069	0.0090	0.0248	0.0083	0.0004	0.0227	0.0046	0.0178	0.0149	0.0048	0.0202	0.0220	0.0179	0.0141	0.0235	0.0069	0.0008	0.0231	0.0045	0.0077	0.0031	0.0088	0.0237	0.0160	0.0133	0.0238	0.0208	0.0196	0.0205	0.0020	0.0195	0.0219	0.0205	0.0068	0.0002	0.0201	0.0080	0.0019	0.0091	0.0242	0.0001	0.0033	0.0055	0.0098	0.0084	0.0000	0.0153	0.0175	0.0215	0.0027	0.0044	0.0251	0.0218	0.0111	0.0086	0.0236	0.0129	0.0066	0.0179	0.0018	0.0008	0.0104	0.0216	0.0122	0.0123	0.0221	0.0051	0.0105	0.0120	0.0023	0.0224	0.0219	0.0164	0.0065	0.0080	
0.0001	0.0032	0.0117	0.0078	0.0149	0.0076	0.0035	0.0267	0.0178	0.0238	0.0200	0.0025	0.0074	0.0231	0.0010	0.0103	0.0022	0.0087	0.0068	0.0223	0.0145	0.0055	0.0173	0.0243	0.0124	0.0209	0.0052	0.0058	0.0185	0.0041	0.0055	0.0077	0.0151	0.0034	0.0086	0.0246	0.0008	0.0287	0.0043	0.0193	0.0212	0.0098	0.0051	0.0170	0.0202	0.0210	0.0265	0.0136	0.0124	0.0193	0.0201	0.0171	0.0090	0.0117	0.0182	0.0207	0.0117	0.0162	0.0228	0.0220	0.0034	0.0256	0.0066	0.0130	0.0182	0.0116	0.0132	0.0042	0.0154	0.0049	0.0092	0.0028	0.0042	0.0113	0.0251	0.0035	0.0006	0.0015	0.0044	0.0180	
0.0213	0.0161	0.0151	0.0210	0.0079	0.0128	0.0219	0.0041	0.0087	0.0128	0.0095	0.0108	0.0030	0.0077	0.0125	0.0232	0.0037	0.0162	0.0215	0.0066	0.0051	0.0172	0.0198	0.0070	0.0085	0.0160	0.0113	0.0228	0.0096	0.0122	0.0178	0.0086	0.0093	0.0033	0.0208	0.0118	0.0056	0.0076	0.0045	0.0029	0.0108	0.0069	0.0189	0.0013	0.0200	0.0212	0.0242	0.0191	0.0200	0.0007	0.0200	0.0083	0.0031	0.0216	0.0103	0.0029	0.0174	0.0091	0.0141	0.0150	0.0027	0.0020	0.0162	0.0170	0.0169	0.0004	0.0018	0.0212	0.0096	0.0035	0.0162	0.0192	0.0113	0.0158	0.0182	0.0202	0.0214	0.0204	0.0112	0.0119	
0.0185	0.0157	0.0204	0.0086	0.0144	0.0093	0.0052	0.0126	0.0158	0.0192	0.0172	0.0197	0.0157	0.0124	0.0002	0.0096	0.0136	0.0225	0.0063	0.0179	0.0178	0.0221	0.0091	0.0173	0.0079	0.0021	0.0214	0.0107	0.0014	0.0122	0.0035	0.0189	0.0217	0.0026	0.0201	0.0120	0.0024	0.0096	0.0044	0.0083	0.0164	0.0107	0.0076	0.0154	0.0115	0.0201	0.0052	0.0210	0.0157	0.0103	0.0060	0.0235	0.0129	0.0181	0.0154	0.0173	0.0061	0.0060	0.0011	0.0134	0.0131	0.0199	0.0097	0.0016	0.0155	0.0194	0.0203	0.0132	0.0156	0.0119	0.0069	0.0051	0.0192	0.0178	0.0002	0.0053	0.0152	0.0174	0.0063	0.0123	
0.0242	0.0234	0.0149	0.0156	0.0081	0.0037	0.0076	0.0046	0.0094	0.0036	0.0053	0.0234	0.0080	0.0148	0.0181	0.0245	0.0024	0.0065	0.0249	0.0158	0.0201	0.0157	0.0068	0.0060	0.0026	0.0012	0.0041	0.0193	0.0191	0.0108	0.0017	0.0130	0.0252	0.0138	0.0167	0.0184	0.0072	0.0226	0.0208	0.0124	0.0122	0.0174	0.0046	0.0138	0.0089	0.0112	0.0255	0.0055	0.0023	0.0030	0.0029	0.0112	0.0182	0.0190	0.0164	0.0067	0.0164	0.0092	0.0147	0.0072	0.0002	0.0161	0.0107	0.0221	0.0018	0.0174	0.0228	0.0188	0.0240	0.0041	0.0151	0.0078	0.0118	0.0111	0.0026	0.0009	0.0109	0.0193	0.0227	0.0174	
0.0041	0.0250	0.0154	0.0133	0.0095	0.0143	0.0206	0.0082	0.0202	0.0100	0.0005	0.0248	0.0050	0.0115	0.0104	0.0263	0.0081	0.0074	0.0114	0.0164	0.0112	0.0026	0.0058	0.0244	0.0133	0.0202	0.0250	0.0074	0.0152	0.0139	0.0212	0.0216	0.0122	0.0234	0.0032	0.0018	0.0000	0.0256	0.0153	0.0114	0.0211	0.0131	0.0245	0.0150	0.0039	0.0179	0.0031	0.0000	0.0007	0.0046	0.0161	0.0045	0.0073	0.0069	0.0053	0.0011	0.0187	0.0173	0.0016	0.0151	0.0169	0.0140	0.0173	0.0054	0.0141	0.0036	0.0118	0.0076	0.0090	0.0104	0.0237	0.0113	0.0181	0.0002	0.0177	0.0207	0.0040	0.0173	0.0195	0.0227	
0.0192	0.0251	0.0054	0.0088	0.0236	0.0160	0.0141	0.0058	0.0166	0.0022	0.0094	0.0083	0.0206	0.0236	0.0162	0.0110	0.0216	0.0185	0.0252	0.0002	0.0037	0.0189	0.0160	0.0160	0.0065	0.0055	0.0120	0.0094	0.0121	0.0081	0.0226	0.0009	0.0237	0.0045	0.0215	0.0214	0.0064	0.0114	0.0082	0.0241	0.0133	0.0055	0.0180	0.0073	0.0016	0.0161	0.0184	0.0192	0.0061	0.0093	0.0222	0.0118	0.0162	0.0217	0.0173	0.0233	0.0075	0.0165	0.0029	0.0192	0.0051	0.0071	0.0172	0.0068	0.0050	0.0085	0.0103	0.0155	0.0033	0.0000	0.0035	0.0113	0.0111	0.0004	0.0112	0.0228	0.0025	0.0094	0.0140	0.0173	
0.0145	0.0168	0.0007	0.0041	0.0089	0.0114	0.0084	0.0027	0.0108	0.0242	0.0109	0.0163	0.0072	0.0136	0.0178	0.0069	0.0134	0.0097	0.0020	0.0176	0.0036	0.0007	0.0148	0.0066	0.0049	0.0126	0.0268	0.0199	0.0078	0.0190	0.0206	0.0221	0.0014	0.0115	0.0038	0.0143	0.0061	0.0157	0.0231	0.0180	0.0237	0.0072	0.0051	0.0051	0.0151	0.0119	0.0048	0.0227	0.0065	0.0045	0.0076	0.0189	0.0066	0.0215	0.0119	0.0126	0.0010	0.0209	0.0247	0.0221	0.0111	0.0165	0.0188	0.0133	0.0026	0.0131	0.0148	0.0203	0.0098	0.0054	0.0005	0.0230	0.0112	0.0070	0.0193	0.0207	0.0199	0.0108	0.0178	0.0181	
0.0098	0.0036	0.0110	0.0042	0.0143	0.0026	0.0180	0.0069	0.0265	0.0176	0.0140	0.0135	0.0164	0.0014	0.0076	0.0083	0.0149	0.0176	0.0026	0.0014	0.0234	0.0100	0.0131	0.0006	0.0042	0.0107	0.0075	0.0315	0.0016	0.0176	0.0198	0.0161	0.0021	0.0072	0.0148	0.0096	0.0070	0.0189	0.0022	0.0002	0.0218	0.0091	0.0249	0.0233	0.0223	0.0160	0.0116	0.0114	0.0001	0.0143	0.0069	0.0060	0.0093	0.0200	0.0230	0.0283	0.0191	0.0119	0.0002	0.0039	0.0235	0.0197	0.0045	0.0066	0.0264	0.0246	0.0109	0.0095	0.0142	0.0274	0.0004	0.0256	0.0152	0.0021	0.0057	0.0136	0.0127	0.0191	0.0073	0.0171	
0.0002	0.0216	0.0237	0.0132	0.0111	0.0109	0.0068	0.0111	0.0097	0.0143	0.0168	0.0227	0.0148	0.0221	0.0035	0.0044	0.0047	0.0167	0.0216	0.0216	0.0030	0.0007	0.0216	0.0002	0.0115	0.0077	0.0175	0.0073	0.0118	0.0075	0.0125	0.0240	0.0032	0.0101	0.0031	0.0001	0.0170	0.0171	0.0223	0.0111	0.0139	0.0206	0.0240	0.0248	0.0091	0.0036	0.0091	0.0156	0.0221	0.0009	0.0069	0.0215	0.0191	0.0111	0.0116	0.0253	0.0242	0.0249	0.0029	0.0034	0.0198	0.0003	0.0220	0.0013	0.0018	0.0170	0.0182	0.0052	0.0198	0.0039	0.0112	0.0144	0.0201	0.0089	0.0066	0.0034	0.0021	0.0241	0.0165	0.0083	
0.0266	0.0013	0.0080	0.0098	0.0012	0.0152	0.0044	0.0191	0.0219	0.0037	0.0016	0.0193	0.0115	0.0161	0.0134	0.0157	0.0004	0.0220	0.0215	0.0164	0.0089	0.0025	0.0195	0.0196	0.0150	0.0175	0.0001	0.0122	0.0029	0.0074	0.0228	0.0226	0.0074	0.0205	0.0035	0.0211	0.0155	0.0155	0.0002	0.0103	0.0110	0.0005	0.0078	0.0171	0.0026	0.0176	0.0034	0.0038	0.0183	0.0177	0.0028	0.0052	0.0017	0.0273	0.0225	0.0222	0.0063	0.0157	0.0210	0.0092	0.0159	0.0199	0.0141	0.0132	0.0063	0.0017	0.0110	0.0166	0.0136	0.0202	0.0234	0.0108	0.0209	0.0096	0.0045	0.0084	0.0194	0.0033	0.0164	0.0229	
0.0145	0.0214	0.0138	0.0099	0.0054	0.0150	0.0204	0.0078	0.0204	0.0062	0.0131	0.0025	0.0175	0.0156	0.0153	0.0171	0.0089	0.0182	0.0099	0.0007	0.0043	0.0106	0.0156	0.0216	0.0168	0.0153	0.0080	0.0158	0.0182	0.0137	0.0022	0.0028	0.0232	0.0204	0.0175	0.0202	0.0035	0.0045	0.0101	0.0133	0.0033	0.0038	0.0213	0.0073	0.0087	0.0214	0.0200	0.0051	0.0144	0.0126	0.0226	0.0011	0.0170	0.0168	0.0171	0.0038	0.0060	0.0165	0.0162	0.0140	0.0088	0.0071	0.0111	0.0050	0.0040	0.0096	0.0044	0.0202	0.0203	0.0242	0.0128	0.0054	0.0099	0.0186	0.0221	0.0003	0.0121	0.0081	0.0132	0.0225	
0.0247	0.0026	0.0219	0.0075	0.0165	0.0012	0.0093	0.0070	0.0039	0.0164	0.0146	0.0120	0.0122	0.0190	0.0043	0.0219	0.0161	0.0169	0.0033	0.0236	0.0149	0.0223	0.0085	0.0180	0.0228	0.0174	0.0172	0.0250	0.0185	0.0165	0.0143	0.0228	0.0028	0.0189	0.0151	0.0074	0.0088	0.0051	0.0158	0.0027	0.0002	0.0200	0.0180	0.0066	0.0112	0.0018	0.0203	0.0154	0.0150	0.0008	0.0079	0.0230	0.0046	0.0173	0.0072	0.0012	0.0192	0.0053	0.0097	0.0244	0.0100	0.0125	0.0119	0.0104	0.0011	0.0168	0.0089	0.0174	0.0040	0.0231	0.0119	0.0120	0.0025	0.0004	0.0238	0.0176	0.0047	0.0023	0.0074	0.0223	
0.0249	0.0009	0.0053	0.0149	0.0089	0.0137	0.0159	0.0114	0.0103	0.0131	0.0125	0.0039	0.0171	0.0135	0.0129	0.0123	0.0089	0.0056	0.0046	0.0175	0.0149	0.0004	0.0105	0.0165	0.0126	0.0193	0.0194	0.0048	0.0161	0.0120	0.0193	0.0144	0.0220	0.0123	0.0214	0.0093	0.0053	0.0199	0.0016	0.0085	0.0184	0.0168	0.0059	0.0139	0.0101	0.0076	0.0185	0.0104	0.0061	0.0109	0.0061	0.0219	0.0189	0.0143	0.0037	0.0234	0.0138	0.0125	0.0039	0.0129	0.0194	0.0127	0.0155	0.0185	0.0169	0.0191	0.0053	0.0058	0.0157	0.0078	0.0055	0.0140	0.0043	0.0161	0.0186	0.0173	0.0168	0.0198	0.0065	0.0059	
0.0041	0.0081	0.0206	0.0058	0.0080	0.0191	0.0185	0.0093	0.0083	0.0235	0.0195	0.0184	0.0140	0.0124	0.0102	0.0099	0.0029	0.0099	0.0206	0.0140	0.0009	0.0102	0.0198	0.0232	0.0044	0.0150	0.0191	0.0011	0.0174	0.0083	0.0049	0.0176	0.0057	0.0220	0.0087	0.0144	0.0150	0.0136	0.0147	0.0205	0.0012	0.0189	0.0221	0.0174	0.0141	0.0133	0.0009	0.0157	0.0076	0.0116	0.0151	0.0088	0.0000	0.0202	0.0051	0.0187	0.0130	0.0218	0.0018	0.0173	0.0030	0.0184	0.0145	0.0228	0.0187	0.0010	0.0117	0.0160	0.0040	0.0233	0.0168	0.0147	0.0208	0.0004	0.0125	0.0033	0.0117	0.0026	0.0095	0.0163	
0.0160	0.0026	0.0164	0.0064	0.0168	0.0202	0.0175	0.0130	0.0177	0.0162	0.0005	0.0203	0.0110	0.0212	0.0165	0.0076	0.0059	0.0243	0.0234	0.0128	0.0242	0.0083	0.0121	0.0101	0.0187	0.0011	0.0131	0.0291	0.0048	0.0018	0.0054	0.0098	0.0123	0.0101	0.0019	0.0006	0.0011	0.0114	0.0062	0.0218	0.0073	0.0004	0.0248	0.0143	0.0245	0.0232	0.0050	0.0006	0.0077	0.0055	0.0212	0.0147	0.0041	0.0239	0.0166	0.0066	0.0154	0.0090	0.0130	0.0176	0.0086	0.0186	0.0070	0.0146	0.0107	0.0152	0.0075	0.0010	0.0184	0.0159	0.0069	0.0201	0.0165	0.0000	0.0056	0.0240	0.0080	0.0238	0.0121	0.0201	
0.0207	0.0110	0.0148	0.0201	0.0041	0.0129	0.0054	0.0147	0.0154	0.0183	0.0096	0.0169	0.0199	0.0122	0.0110	0.0134	0.0152	0.0089	0.0026	0.0074	0.0131	0.0033	0.0057	0.0139	0.0206	0.0017	0.0204	0.0043	0.0154	0.0145	0.0206	0.0148	0.0201	0.0151	0.0180	0.0216	0.0016	0.0075	0.0115	0.0174	0.0072	0.0133	0.0078	0.0225	0.0067	0.0129	0.0233	0.0029	0.0087	0.0156	0.0053	0.0216	0.0183	0.0034	0.0045	0.0172	0.0051	0.0012	0.0009	0.0023	0.0171	0.0016	0.0192	0.0214	0.0199	0.0168	0.0190	0.0051	0.0164	0.0160	0.0107	0.0094	0.0212	0.0068	0.0218	0.0204	0.0169	0.0069	0.0073	0.0097	
0.0044	0.0179	0.0176	0.0002	0.0112	0.0206	0.0200	0.0177	0.0105	0.0024	0.0160	0.0006	0.0059	0.0076	0.0205	0.0074	0.0168	0.0087	0.0015	0.0124	0.0141	0.0152	0.0086	0.0178	0.0042	0.0196	0.0005	0.0143	0.0040	0.0055	0.0224	0.0202	0.0175	0.0154	0.0224	0.0011	0.0070	0.0251	0.0131	0.0220	0.0199	0.0037	0.0183	0.0159	0.0009	0.0115	0.0044	0.0143	0.0078	0.0167	0.0042	0.0109	0.0052	0.0212	0.0182	0.0120	0.0086	0.0008	0.0204	0.0165	0.0217	0.0079	0.0118	0.0044	0.0044	0.0176	0.0069	0.0144	0.0097	0.0216	0.0236	0.0180	0.0192	0.0026	0.0140	0.0101	0.0209	0.0172	0.0162	0.0168	
0.0187	0.0112	0.0042	0.0122	0.0021	0.0111	0.0181	0.0262	0.0214	0.0114	0.0186	0.0080	0.0025	0.0222	0.0234	0.0170	0.0164	0.0160	0.0122	0.0079	0.0038	0.0138	0.0052	0.0105	0.0186	0.0102	0.0166	0.0030	0.0049	0.0085	0.0162	0.0164	0.0096	0.0033	0.0001	0.0154	0.0039	0.0019	0.0034	0.0192	0.0012	0.0091	0.0222	0.0279	0.0075	0.0197	0.0216	0.0000	0.0034	0.0002	0.0204	0.0087	0.0069	0.0119	0.0147	0.0036	0.0061	0.0223	0.0210	0.0196	0.0227	0.0163	0.0182	0.0118	0.0221	0.0014	0.0244	0.0256	0.0221	0.0124	0.0123	0.0151	0.0119	0.0173	0.0067	0.0197	0.0172	0.0056	0.0032	0.0005	

Emissions
0.1144	0.1561	0.2100	0.0307	0.1045	0.0458	0.0874	0.2512	
0.1298	0.2554	0.0508	0.0979	0.0558	0.0633	0.2245	0.1225	
0.1521	0.1322	0.0449	0.0539	0.1837	0.1533	0.0491	0.2308	
0.1502	0.0893	0.2304	0.1571	0.0370	0.1745	0.1559	0.0057	
0.1435	0.2134	0.0045	0.0666	0.1163	0.0837	0.2352	0.1367	
0.1918	0.3232	0.0728	0.2747	0.0353	0.0101	0.0812	0.0108	
0.1561	0.2264	0.0281	0.0566	0.0085	0.1685	0.0735	0.2824	
0.0608	0.0773	0.1685	0.0483	0.0838	0.1456	0.2086	0.2072	
0.1059	0.0964	0.1707	0.1406	0.0911	0.1068	0.2622	0.0263	
0.0942	0.1957	0.1347	0.1696	0.0687	0.0340	0.1465	0.1566	
0.1755	0.1875	0.0907	0.0683	0.1048	0.0156	0.2014	0.1561	
0.1082	0.0286	0.1876	0.0786	0.2030	0.1001	0.0289	0.2651	
0.0422	0.2071	0.0853	0.2370	0.0622	0.1095	0.1772	0.0795	
0.1848	0.0088	0.2483	0.0836	0.0887	0.1045	0.1966	0.0846	
0.2659	0.0581	0.1296	0.2086	0.0508	0.1278	0.0187	0.1404	
0.0531	0.2914	0.0149	0.0547	0.1602	0.1011	0.0372	0.2876	
0.1258	0.2109	0.1367	0.1573	0.1443	0.1111	0.0494	0.0645	
0.0437	0.1154	0.0848	0.1720	0.0673	0.1026	0.1100	0.3041	
0.0826	0.1590	0.1107	0.1559	0.0401	0.0797	0.1845	0.1876	
0.1572	0.0759	0.1331	0.0893	0.1601	0.0627	0.1789	0.1428	
0.1525	0.1993	0.1167	0.1310	0.1293	0.1128	0.1192	0.0392	
0.1467	0.0440	0.1144	0.1321	0.0135	0.0671	0.2644	0.2178	
0.1744	0.0268	0.1962	0.0408	0.2494	0.0604	0.2366	0.0154	
0.1717	0.2106	0.1386	0.0809	0.0059	0.1007	0.1102	0.1813	
0.1738	0.2583	0.1218	0.0945	0.1258	0.0902	0.0196	0.1161	
0.1897	0.0967	0.2357	0.0097	0.0140	0.1815	0.1850	0.0877	
0.0438	0.2298	0.1553	0.1259	0.0962	0.0713	0.1137	0.1639	
0.0774	0.4161	0.3074	0.0016	0.0045	0.0520	0.0772	0.0639	
0.1192	0.2000	0.0019	0.0213	0.1533	0.1393	0.0115	0.3535	
0.2590	0.1065	0.0207	0.1904	0.0800	0.0886	0.2548	0.0001	
0.0919	0.3070	0.0447	0.0767	0.0246	0.1900	0.1340	0.1310	
0.0998	0.0575	0.0450	0.1881	0.1974	0.0144	0.1348	0.2631	
0.0260	0.1988	0.0863	0.0866	0.1762	0.0834	0.1741	0.1686	
0.1411	0.2332	0.1667	0.0235	0.0633	0.1466	0.0472	0.1785	
0.1299	0.1890	0.1419	0.0483	0.1674	0.1349	0.0090	0.1797	
0.0466	0.2163	0.1821	0.0836	0.1038	0.0318	0.0255	0.3102	
0.2197	0.1074	0.1108	0.1762	0.0531	0.0892	0.0228	0.2209	
0.0110	0.2494	0.1462	0.0922	0.0833	0.0599	0.0216	0.3363	
0.0080	0.3034	0.0137	0.0324	0.1154	0.0429	0.3887	0.0955	
0.1831	0.2093	0.0443	0.0726	0.1970	0.0448	0.0585	0.1904	
0.1582	0.2283	0.0475	0.2273	0.0517	0.0869	0.0967	0.1033	
0.2718	0.0019	0.0562	0.1718	0.1505	0.1529	0.1868	0.0083	
0.1441	0.2337	0.0550	0.2167	0.0192	0.0014	0.1452	0.1847	
0.0658	0.0761	0.2274	0.0813	0.0481	0.1250	0.1858	0.1905	
0.0937	0.2597	0.1281	0.1592	0.0036	0.0169	0.1637	0.1750	
0.0468	0.1885	0.0694	0.0638	0.1644	0.0610	0.1569	0.2492	
0.0292	0.0679	0.2032	0.0099	0.2119	0.0740	0.1673	0.2366	
0.0251	0.1353	0.1093	0.1966	0.1065	0.1334	0.0168	0.2770	
0.0437	0.2036	0.0276	0.1984	0.0427	0.2552	0.0025	0.2262	
0.0578	0.2420	0.1616	0.0724	0.1382	0.0471	0.2479	0.0331	
0.2470	0.0082	0.1222	0.0230	0.0461	0.1865	0.3636	0.0035	
0.0399	0.2778	0.1264	0.1086	0.1414	0.1222	0.0139	0.1700	
0.1619	0.1473	0.0311	0.1072	0.0732	0.1560	0.2532	0.0701	
0.0629	0.0621	0.2192	0.0098	0.2290	0.0343	0.0161	0.3667	
0.1095	0.1077	0.0613	0.0977	0.0666	0.1980	0.2256	0.1336	
0.1147	0.0185	0.1460	0.0461	0.1122	0.0808	0.2526	0.2291	
0.2083	0.0235	0.1395	0.0548	0.0241	0.0766	0.2335	0.2397	
0.0617	0.1080	0.3667	0.0038	0.0301	0.2647	0.1193	0.0457	
0.1769	0.1578	0.1981	0.0651	0.0752	0.0903	0.0600	0.1766	
0.1092	0.1793	0.1653	0.0444	0.0555	0.0876	0.1696	0.1890	
0.0509	0.2725	0.0552	0.1389	0.0833	0.1534	0.2091	0.0367	
0.1534	0.1551	0.0803	0.0208	0.0376	0.1642	0.1163	0.2723	
0.1357	0.1484	0.1236	0.1670	0.1047	0.1269	0.1142	0.0795	
0.2077	0.0295	0.1034	0.0965	0.1408	0.0928	0.1440	0.1853	
0.1176	0.0323	0.2414	0.0384	0.1739	0.1327	0.2554	0.0083	
0.1316	0.1958	0.1175	0.1731	0.0442	0.0202	0.1061	0.2114	
0.0890	0.0263	0.1283	0.1948	0.0527	0.1687	0.1058	0.2343	
0.1898	0.0002	0.2744	0.1079	0.1101	0.0955	0.2054	0.0167	
0.2473	0.2334	0.1270	0.0159	0.2330	0.0331	0.0319	0.0784	
0.1252	0.0931	0.0240	0.0962	0.1639	0.0662	0.2439	0.1876	
0.1196	0.1523	0.1942	0.1222	0.0121	0.1056	0.1033	0.1907	
0.1241	0.0190	0.1714	0.1136	0.1599	0.0783	0.1918	0.1420	
0.0992	0.2145	0.0128	0.1585	0.1154	0.0721	0.2634	0.0641	
0.2017	0.0599	0.0169	0.1918	0.1377	0.1222	0.2203	0.0495	
0.0099	0.0462	0.1940	0.1501	0.0845	0.1667	0.2687	0.0799	
0.0626	0.2533	0.0549	0.2140	0.1107	0.0712	0.1358	0.0975	
0.2028	0.3308	0.0763	0.0443	0.1170	0.1131	0.0530	0.0627	
0.0938	0.1587	0.0771	0.1496	0.0797	0.0592	0.1909	0.1910	
0.0434	0.1315	0.1773	0.1168	0.1629	0.1828	0.0180	0.1673	
0.1461	0.2518	0.0783	0.1409	0.0329	0.0081	0.1842	0.1577	
