DataSet 37
Learner: Baum Welch Learner
Log Likelihood: 71240.7751503889

Number of States: 60
Number of Symbols: 8
Threshold: 0.01

Initial Distribution:
0.0099	0.0037	0.0524	0.0057	0.0356	0.0022	0.0438	0.0220	0.0756	0.0042	0.0225	0.0187	0.0027	0.0014	0.0125	0.0190	0.0328	0.0019	0.0037	0.0209	0.0173	0.0032	0.0123	0.0021	0.0105	0.0108	0.0149	0.0058	0.0205	0.0140	0.0135	0.0015	0.0031	0.0097	0.0095	0.0064	0.0017	0.0183	0.0438	0.0118	0.0335	0.0045	0.0130	0.0183	0.0077	0.0215	0.0405	0.0178	0.0118	0.0241	0.0128	0.0264	0.0054	0.0083	0.0158	0.0092	0.0160	0.0242	0.0276	0.0396	

Transitions:
0.0295	0.0185	0.0278	0.0182	0.0291	0.0250	0.0163	0.0291	0.0105	0.0216	0.0200	0.0107	0.0042	0.0248	0.0301	0.0055	0.0129	0.0030	0.0190	0.0234	0.0255	0.0235	0.0210	0.0063	0.0251	0.0201	0.0280	0.0286	0.0301	0.0108	0.0241	0.0048	0.0137	0.0001	0.0200	0.0056	0.0119	0.0042	0.0167	0.0270	0.0018	0.0357	0.0098	0.0023	0.0339	0.0068	0.0199	0.0126	0.0138	0.0055	0.0292	0.0122	0.0115	0.0065	0.0040	0.0061	0.0005	0.0247	0.0247	0.0124	
0.0300	0.0192	0.0022	0.0012	0.0274	0.0169	0.0283	0.0039	0.0051	0.0262	0.0256	0.0103	0.0193	0.0265	0.0224	0.0296	0.0107	0.0171	0.0092	0.0190	0.0298	0.0190	0.0153	0.0199	0.0151	0.0127	0.0260	0.0081	0.0315	0.0131	0.0057	0.0193	0.0113	0.0036	0.0334	0.0118	0.0282	0.0073	0.0068	0.0169	0.0112	0.0199	0.0079	0.0226	0.0132	0.0178	0.0276	0.0189	0.0192	0.0089	0.0278	0.0154	0.0162	0.0083	0.0146	0.0113	0.0073	0.0132	0.0185	0.0154	
0.0269	0.0222	0.0101	0.0274	0.0188	0.0069	0.0357	0.0158	0.0275	0.0115	0.0005	0.0047	0.0147	0.0280	0.0074	0.0153	0.0095	0.0256	0.0142	0.0373	0.0171	0.0088	0.0247	0.0192	0.0207	0.0271	0.0055	0.0040	0.0257	0.0216	0.0060	0.0177	0.0224	0.0253	0.0314	0.0256	0.0089	0.0149	0.0057	0.0071	0.0239	0.0174	0.0261	0.0099	0.0094	0.0220	0.0045	0.0229	0.0014	0.0031	0.0015	0.0177	0.0020	0.0270	0.0001	0.0177	0.0333	0.0270	0.0069	0.0269	
0.0014	0.0254	0.0257	0.0065	0.0048	0.0199	0.0152	0.0219	0.0002	0.0193	0.0058	0.0293	0.0221	0.0052	0.0087	0.0042	0.0140	0.0161	0.0122	0.0315	0.0195	0.0179	0.0027	0.0166	0.0210	0.0259	0.0142	0.0333	0.0259	0.0106	0.0265	0.0192	0.0090	0.0096	0.0057	0.0272	0.0211	0.0188	0.0032	0.0275	0.0073	0.0183	0.0258	0.0177	0.0341	0.0067	0.0283	0.0308	0.0198	0.0304	0.0004	0.0161	0.0110	0.0102	0.0078	0.0216	0.0255	0.0098	0.0192	0.0139	
0.0035	0.0170	0.0327	0.0227	0.0220	0.0200	0.0194	0.0106	0.0311	0.0149	0.0176	0.0286	0.0119	0.0196	0.0218	0.0046	0.0243	0.0181	0.0214	0.0122	0.0270	0.0181	0.0164	0.0271	0.0103	0.0101	0.0085	0.0321	0.0020	0.0181	0.0015	0.0092	0.0317	0.0214	0.0205	0.0229	0.0155	0.0322	0.0221	0.0108	0.0204	0.0181	0.0298	0.0021	0.0119	0.0042	0.0033	0.0215	0.0197	0.0033	0.0257	0.0071	0.0217	0.0059	0.0186	0.0186	0.0023	0.0060	0.0133	0.0148	
0.0133	0.0179	0.0083	0.0150	0.0134	0.0088	0.0298	0.0244	0.0001	0.0387	0.0240	0.0286	0.0285	0.0114	0.0295	0.0129	0.0190	0.0136	0.0165	0.0062	0.0060	0.0234	0.0138	0.0297	0.0271	0.0321	0.0227	0.0299	0.0023	0.0010	0.0232	0.0092	0.0214	0.0093	0.0000	0.0016	0.0091	0.0165	0.0236	0.0044	0.0085	0.0163	0.0264	0.0208	0.0151	0.0014	0.0157	0.0122	0.0181	0.0083	0.0358	0.0241	0.0262	0.0082	0.0100	0.0292	0.0070	0.0108	0.0225	0.0172	
0.0183	0.0025	0.0205	0.0279	0.0097	0.0130	0.0049	0.0138	0.0082	0.0221	0.0032	0.0027	0.0218	0.0097	0.0265	0.0223	0.0237	0.0211	0.0186	0.0223	0.0104	0.0093	0.0106	0.0222	0.0010	0.0294	0.0159	0.0110	0.0314	0.0069	0.0273	0.0267	0.0229	0.0039	0.0161	0.0046	0.0211	0.0199	0.0074	0.0296	0.0256	0.0324	0.0017	0.0230	0.0038	0.0238	0.0295	0.0103	0.0085	0.0157	0.0257	0.0132	0.0221	0.0272	0.0042	0.0087	0.0207	0.0258	0.0278	0.0106	
0.0338	0.0232	0.0168	0.0017	0.0285	0.0054	0.0086	0.0187	0.0261	0.0278	0.0027	0.0055	0.0178	0.0199	0.0288	0.0144	0.0071	0.0204	0.0253	0.0045	0.0304	0.0056	0.0038	0.0147	0.0129	0.0146	0.0077	0.0293	0.0368	0.0075	0.0160	0.0275	0.0249	0.0278	0.0031	0.0038	0.0162	0.0004	0.0285	0.0361	0.0220	0.0157	0.0192	0.0180	0.0150	0.0222	0.0323	0.0046	0.0043	0.0254	0.0022	0.0035	0.0052	0.0278	0.0136	0.0264	0.0215	0.0006	0.0226	0.0137	
0.0318	0.0125	0.0212	0.0199	0.0106	0.0074	0.0136	0.0227	0.0175	0.0268	0.0328	0.0075	0.0261	0.0230	0.0151	0.0197	0.0185	0.0191	0.0018	0.0231	0.0156	0.0027	0.0281	0.0087	0.0057	0.0124	0.0246	0.0311	0.0141	0.0120	0.0173	0.0143	0.0108	0.0144	0.0014	0.0097	0.0269	0.0330	0.0059	0.0075	0.0116	0.0094	0.0223	0.0146	0.0274	0.0270	0.0115	0.0143	0.0108	0.0326	0.0057	0.0022	0.0351	0.0007	0.0304	0.0297	0.0204	0.0120	0.0149	0.0005	
0.0187	0.0117	0.0075	0.0052	0.0086	0.0187	0.0279	0.0115	0.0203	0.0070	0.0250	0.0210	0.0141	0.0291	0.0114	0.0079	0.0126	0.0122	0.0185	0.0106	0.0334	0.0112	0.0221	0.0162	0.0061	0.0151	0.0156	0.0109	0.0157	0.0065	0.0252	0.0141	0.0177	0.0048	0.0256	0.0292	0.0335	0.0152	0.0042	0.0077	0.0320	0.0386	0.0277	0.0048	0.0019	0.0172	0.0218	0.0048	0.0261	0.0266	0.0146	0.0068	0.0283	0.0040	0.0007	0.0076	0.0253	0.0240	0.0309	0.0264	
0.0024	0.0188	0.0349	0.0177	0.0166	0.0133	0.0023	0.0090	0.0034	0.0156	0.0085	0.0351	0.0100	0.0117	0.0132	0.0010	0.0185	0.0168	0.0204	0.0239	0.0252	0.0136	0.0222	0.0216	0.0273	0.0194	0.0235	0.0155	0.0057	0.0178	0.0060	0.0110	0.0177	0.0092	0.0056	0.0142	0.0007	0.0085	0.0246	0.0276	0.0180	0.0170	0.0015	0.0112	0.0192	0.0164	0.0362	0.0164	0.0296	0.0367	0.0240	0.0107	0.0065	0.0138	0.0040	0.0275	0.0334	0.0107	0.0268	0.0306	
0.0252	0.0187	0.0036	0.0187	0.0076	0.0311	0.0137	0.0317	0.0054	0.0358	0.0003	0.0100	0.0270	0.0264	0.0038	0.0119	0.0086	0.0098	0.0051	0.0087	0.0180	0.0047	0.0232	0.0043	0.0292	0.0326	0.0045	0.0049	0.0050	0.0140	0.0155	0.0225	0.0161	0.0222	0.0331	0.0272	0.0090	0.0142	0.0015	0.0214	0.0025	0.0362	0.0112	0.0265	0.0355	0.0108	0.0155	0.0116	0.0083	0.0270	0.0146	0.0216	0.0047	0.0154	0.0122	0.0206	0.0313	0.0329	0.0235	0.0117	
0.0275	0.0073	0.0255	0.0226	0.0162	0.0085	0.0237	0.0031	0.0221	0.0082	0.0027	0.0266	0.0087	0.0172	0.0061	0.0178	0.0241	0.0264	0.0047	0.0153	0.0115	0.0273	0.0272	0.0106	0.0292	0.0249	0.0189	0.0014	0.0103	0.0112	0.0297	0.0091	0.0219	0.0188	0.0268	0.0254	0.0032	0.0160	0.0075	0.0248	0.0172	0.0132	0.0155	0.0287	0.0194	0.0176	0.0117	0.0158	0.0096	0.0240	0.0227	0.0028	0.0247	0.0071	0.0307	0.0003	0.0104	0.0142	0.0246	0.0193	
0.0223	0.0190	0.0215	0.0129	0.0095	0.0244	0.0023	0.0165	0.0176	0.0117	0.0140	0.0067	0.0171	0.0134	0.0299	0.0007	0.0061	0.0273	0.0204	0.0097	0.0112	0.0326	0.0235	0.0130	0.0179	0.0252	0.0130	0.0156	0.0206	0.0223	0.0126	0.0170	0.0226	0.0134	0.0014	0.0236	0.0170	0.0029	0.0164	0.0278	0.0142	0.0256	0.0277	0.0245	0.0096	0.0153	0.0129	0.0104	0.0095	0.0277	0.0218	0.0127	0.0210	0.0125	0.0089	0.0200	0.0272	0.0093	0.0227	0.0137	
0.0112	0.0163	0.0283	0.0303	0.0299	0.0304	0.0145	0.0030	0.0117	0.0038	0.0152	0.0046	0.0091	0.0291	0.0291	0.0221	0.0033	0.0279	0.0058	0.0018	0.0109	0.0041	0.0089	0.0212	0.0015	0.0364	0.0288	0.0122	0.0068	0.0125	0.0293	0.0067	0.0092	0.0031	0.0205	0.0312	0.0282	0.0310	0.0306	0.0165	0.0033	0.0150	0.0359	0.0057	0.0182	0.0199	0.0062	0.0302	0.0224	0.0233	0.0192	0.0043	0.0057	0.0263	0.0061	0.0069	0.0099	0.0081	0.0273	0.0294	
0.0339	0.0029	0.0277	0.0006	0.0077	0.0085	0.0278	0.0053	0.0080	0.0306	0.0253	0.0040	0.0272	0.0233	0.0308	0.0303	0.0037	0.0025	0.0070	0.0124	0.0253	0.0355	0.0272	0.0160	0.0282	0.0265	0.0015	0.0166	0.0300	0.0132	0.0236	0.0172	0.0042	0.0311	0.0158	0.0001	0.0160	0.0312	0.0271	0.0084	0.0250	0.0007	0.0230	0.0237	0.0303	0.0137	0.0075	0.0146	0.0284	0.0091	0.0022	0.0072	0.0011	0.0140	0.0054	0.0335	0.0111	0.0125	0.0066	0.0164	
0.0070	0.0103	0.0089	0.0269	0.0055	0.0078	0.0329	0.0280	0.0071	0.0328	0.0149	0.0051	0.0050	0.0294	0.0189	0.0236	0.0095	0.0005	0.0236	0.0121	0.0143	0.0206	0.0233	0.0194	0.0105	0.0158	0.0178	0.0208	0.0271	0.0161	0.0234	0.0024	0.0224	0.0126	0.0009	0.0134	0.0238	0.0245	0.0170	0.0202	0.0145	0.0122	0.0072	0.0293	0.0264	0.0267	0.0022	0.0020	0.0259	0.0143	0.0208	0.0107	0.0244	0.0253	0.0015	0.0200	0.0207	0.0205	0.0176	0.0217	
0.0260	0.0086	0.0025	0.0242	0.0091	0.0139	0.0125	0.0237	0.0263	0.0071	0.0008	0.0178	0.0156	0.0020	0.0330	0.0047	0.0103	0.0268	0.0294	0.0136	0.0117	0.0186	0.0298	0.0118	0.0286	0.0121	0.0111	0.0307	0.0123	0.0130	0.0261	0.0035	0.0079	0.0239	0.0329	0.0046	0.0086	0.0155	0.0182	0.0140	0.0160	0.0121	0.0045	0.0198	0.0138	0.0035	0.0278	0.0216	0.0355	0.0298	0.0087	0.0263	0.0251	0.0046	0.0105	0.0069	0.0139	0.0228	0.0267	0.0274	
0.0014	0.0150	0.0136	0.0185	0.0147	0.0346	0.0099	0.0224	0.0042	0.0322	0.0311	0.0330	0.0100	0.0182	0.0344	0.0029	0.0122	0.0085	0.0009	0.0281	0.0174	0.0280	0.0003	0.0130	0.0056	0.0387	0.0128	0.0043	0.0189	0.0262	0.0272	0.0207	0.0225	0.0201	0.0137	0.0009	0.0311	0.0190	0.0074	0.0190	0.0299	0.0094	0.0203	0.0047	0.0007	0.0131	0.0211	0.0099	0.0090	0.0103	0.0306	0.0068	0.0241	0.0050	0.0159	0.0141	0.0164	0.0384	0.0131	0.0147	
0.0246	0.0065	0.0075	0.0158	0.0026	0.0128	0.0085	0.0242	0.0046	0.0357	0.0077	0.0310	0.0020	0.0218	0.0369	0.0095	0.0056	0.0335	0.0167	0.0296	0.0145	0.0028	0.0345	0.0063	0.0347	0.0213	0.0368	0.0204	0.0060	0.0365	0.0237	0.0339	0.0084	0.0286	0.0371	0.0257	0.0012	0.0047	0.0024	0.0299	0.0071	0.0418	0.0058	0.0139	0.0034	0.0024	0.0053	0.0036	0.0088	0.0089	0.0077	0.0242	0.0228	0.0250	0.0021	0.0197	0.0113	0.0005	0.0208	0.0183	
0.0141	0.0207	0.0153	0.0043	0.0097	0.0100	0.0177	0.0093	0.0204	0.0097	0.0069	0.0007	0.0242	0.0230	0.0183	0.0148	0.0261	0.0166	0.0029	0.0246	0.0124	0.0293	0.0111	0.0291	0.0278	0.0352	0.0097	0.0193	0.0229	0.0138	0.0117	0.0004	0.0189	0.0165	0.0096	0.0150	0.0144	0.0009	0.0010	0.0277	0.0166	0.0302	0.0162	0.0301	0.0363	0.0058	0.0243	0.0279	0.0015	0.0211	0.0188	0.0253	0.0313	0.0211	0.0043	0.0199	0.0129	0.0183	0.0107	0.0114	
0.0373	0.0269	0.0181	0.0078	0.0292	0.0075	0.0128	0.0087	0.0113	0.0031	0.0016	0.0298	0.0162	0.0102	0.0109	0.0183	0.0104	0.0120	0.0308	0.0198	0.0049	0.0167	0.0189	0.0032	0.0265	0.0192	0.0028	0.0313	0.0139	0.0219	0.0031	0.0267	0.0223	0.0195	0.0288	0.0190	0.0077	0.0066	0.0307	0.0283	0.0240	0.0201	0.0155	0.0299	0.0182	0.0214	0.0100	0.0193	0.0146	0.0188	0.0078	0.0009	0.0216	0.0253	0.0066	0.0188	0.0114	0.0164	0.0133	0.0112	
0.0046	0.0137	0.0254	0.0228	0.0309	0.0073	0.0057	0.0245	0.0137	0.0261	0.0102	0.0042	0.0123	0.0046	0.0290	0.0217	0.0267	0.0184	0.0203	0.0036	0.0073	0.0167	0.0170	0.0214	0.0152	0.0023	0.0053	0.0310	0.0160	0.0085	0.0073	0.0222	0.0250	0.0172	0.0230	0.0079	0.0198	0.0219	0.0317	0.0115	0.0164	0.0191	0.0051	0.0216	0.0091	0.0033	0.0215	0.0175	0.0329	0.0190	0.0187	0.0240	0.0301	0.0106	0.0043	0.0243	0.0311	0.0036	0.0070	0.0268	
0.0017	0.0071	0.0129	0.0086	0.0175	0.0237	0.0114	0.0265	0.0146	0.0226	0.0011	0.0091	0.0251	0.0100	0.0233	0.0269	0.0100	0.0299	0.0206	0.0135	0.0134	0.0272	0.0027	0.0279	0.0261	0.0176	0.0290	0.0178	0.0185	0.0334	0.0103	0.0174	0.0180	0.0010	0.0114	0.0105	0.0043	0.0304	0.0067	0.0260	0.0276	0.0402	0.0022	0.0112	0.0207	0.0100	0.0043	0.0225	0.0317	0.0144	0.0135	0.0052	0.0203	0.0342	0.0176	0.0154	0.0054	0.0189	0.0179	0.0011	
0.0287	0.0246	0.0095	0.0163	0.0092	0.0185	0.0229	0.0193	0.0277	0.0108	0.0201	0.0136	0.0219	0.0305	0.0198	0.0169	0.0167	0.0247	0.0116	0.0138	0.0108	0.0060	0.0262	0.0010	0.0211	0.0049	0.0295	0.0206	0.0176	0.0285	0.0046	0.0190	0.0127	0.0045	0.0308	0.0299	0.0194	0.0174	0.0003	0.0006	0.0177	0.0193	0.0246	0.0141	0.0282	0.0288	0.0156	0.0216	0.0121	0.0007	0.0277	0.0126	0.0056	0.0032	0.0203	0.0217	0.0026	0.0096	0.0268	0.0050	
0.0229	0.0036	0.0036	0.0032	0.0054	0.0008	0.0006	0.0167	0.0009	0.0251	0.0306	0.0004	0.0267	0.0116	0.0315	0.0312	0.0145	0.0106	0.0099	0.0245	0.0228	0.0116	0.0108	0.0143	0.0023	0.0305	0.0154	0.0106	0.0179	0.0093	0.0331	0.0095	0.0242	0.0269	0.0164	0.0145	0.0135	0.0195	0.0097	0.0301	0.0326	0.0416	0.0254	0.0246	0.0035	0.0260	0.0228	0.0306	0.0094	0.0326	0.0051	0.0268	0.0011	0.0062	0.0159	0.0116	0.0289	0.0237	0.0009	0.0134	
0.0192	0.0208	0.0015	0.0235	0.0211	0.0210	0.0093	0.0282	0.0246	0.0147	0.0142	0.0285	0.0014	0.0154	0.0234	0.0206	0.0191	0.0172	0.0132	0.0080	0.0032	0.0203	0.0017	0.0174	0.0034	0.0037	0.0081	0.0175	0.0108	0.0046	0.0205	0.0222	0.0169	0.0260	0.0058	0.0062	0.0288	0.0244	0.0282	0.0145	0.0159	0.0262	0.0304	0.0259	0.0128	0.0074	0.0223	0.0153	0.0128	0.0278	0.0197	0.0080	0.0079	0.0241	0.0088	0.0316	0.0203	0.0141	0.0215	0.0182	
0.0148	0.0226	0.0189	0.0247	0.0263	0.0255	0.0108	0.0058	0.0104	0.0212	0.0240	0.0274	0.0207	0.0334	0.0260	0.0128	0.0186	0.0079	0.0079	0.0280	0.0129	0.0290	0.0049	0.0147	0.0186	0.0141	0.0166	0.0276	0.0206	0.0066	0.0195	0.0151	0.0061	0.0104	0.0020	0.0249	0.0048	0.0087	0.0003	0.0256	0.0318	0.0218	0.0074	0.0286	0.0047	0.0274	0.0212	0.0100	0.0011	0.0341	0.0129	0.0150	0.0077	0.0280	0.0080	0.0236	0.0212	0.0043	0.0069	0.0139	
0.0085	0.0175	0.0213	0.0047	0.0009	0.0090	0.0221	0.0105	0.0294	0.0411	0.0087	0.0131	0.0087	0.0195	0.0320	0.0307	0.0183	0.0095	0.0136	0.0248	0.0262	0.0077	0.0287	0.0210	0.0293	0.0039	0.0101	0.0139	0.0026	0.0146	0.0050	0.0003	0.0020	0.0197	0.0168	0.0148	0.0329	0.0021	0.0280	0.0338	0.0085	0.0144	0.0147	0.0014	0.0264	0.0010	0.0075	0.0227	0.0321	0.0159	0.0042	0.0131	0.0293	0.0193	0.0238	0.0012	0.0268	0.0371	0.0122	0.0311	
0.0331	0.0071	0.0063	0.0157	0.0251	0.0079	0.0089	0.0203	0.0032	0.0179	0.0271	0.0149	0.0139	0.0146	0.0141	0.0124	0.0218	0.0227	0.0322	0.0237	0.0281	0.0213	0.0163	0.0196	0.0097	0.0291	0.0066	0.0168	0.0273	0.0138	0.0217	0.0269	0.0231	0.0264	0.0301	0.0294	0.0038	0.0283	0.0050	0.0151	0.0231	0.0195	0.0202	0.0129	0.0184	0.0196	0.0267	0.0110	0.0033	0.0117	0.0080	0.0010	0.0011	0.0167	0.0014	0.0121	0.0252	0.0181	0.0061	0.0025	
0.0005	0.0225	0.0240	0.0216	0.0245	0.0337	0.0226	0.0182	0.0152	0.0175	0.0083	0.0295	0.0196	0.0163	0.0013	0.0119	0.0015	0.0015	0.0058	0.0222	0.0294	0.0317	0.0140	0.0141	0.0053	0.0239	0.0292	0.0067	0.0296	0.0186	0.0071	0.0175	0.0226	0.0027	0.0150	0.0301	0.0221	0.0246	0.0185	0.0177	0.0301	0.0124	0.0275	0.0214	0.0025	0.0112	0.0157	0.0171	0.0161	0.0241	0.0104	0.0248	0.0138	0.0186	0.0054	0.0045	0.0109	0.0114	0.0170	0.0065	
0.0030	0.0173	0.0246	0.0348	0.0084	0.0272	0.0049	0.0167	0.0025	0.0027	0.0224	0.0068	0.0179	0.0240	0.0270	0.0207	0.0030	0.0277	0.0163	0.0278	0.0052	0.0157	0.0265	0.0045	0.0096	0.0193	0.0049	0.0064	0.0354	0.0109	0.0242	0.0133	0.0120	0.0121	0.0167	0.0135	0.0218	0.0282	0.0134	0.0140	0.0091	0.0005	0.0170	0.0156	0.0029	0.0043	0.0092	0.0269	0.0325	0.0232	0.0014	0.0210	0.0327	0.0278	0.0024	0.0264	0.0302	0.0219	0.0262	0.0255	
0.0241	0.0304	0.0187	0.0287	0.0150	0.0092	0.0292	0.0041	0.0063	0.0139	0.0343	0.0093	0.0137	0.0032	0.0205	0.0047	0.0294	0.0090	0.0022	0.0047	0.0073	0.0151	0.0128	0.0091	0.0098	0.0028	0.0175	0.0217	0.0112	0.0263	0.0195	0.0332	0.0043	0.0204	0.0296	0.0098	0.0168	0.0231	0.0002	0.0333	0.0098	0.0059	0.0226	0.0167	0.0252	0.0269	0.0064	0.0283	0.0094	0.0345	0.0283	0.0212	0.0195	0.0215	0.0186	0.0084	0.0225	0.0105	0.0176	0.0116	
0.0266	0.0074	0.0259	0.0147	0.0257	0.0344	0.0043	0.0243	0.0090	0.0091	0.0225	0.0087	0.0088	0.0076	0.0290	0.0025	0.0237	0.0264	0.0229	0.0169	0.0281	0.0261	0.0120	0.0098	0.0313	0.0335	0.0152	0.0185	0.0022	0.0174	0.0223	0.0050	0.0050	0.0197	0.0036	0.0009	0.0099	0.0034	0.0216	0.0232	0.0213	0.0169	0.0163	0.0326	0.0088	0.0154	0.0121	0.0097	0.0253	0.0161	0.0145	0.0265	0.0218	0.0013	0.0141	0.0010	0.0280	0.0173	0.0158	0.0262	
0.0201	0.0174	0.0218	0.0256	0.0200	0.0189	0.0031	0.0194	0.0038	0.0311	0.0255	0.0238	0.0072	0.0347	0.0296	0.0159	0.0067	0.0127	0.0032	0.0158	0.0189	0.0059	0.0280	0.0167	0.0041	0.0322	0.0171	0.0043	0.0065	0.0024	0.0052	0.0264	0.0206	0.0234	0.0049	0.0018	0.0251	0.0225	0.0124	0.0275	0.0142	0.0307	0.0066	0.0300	0.0257	0.0234	0.0202	0.0217	0.0078	0.0005	0.0278	0.0169	0.0139	0.0011	0.0102	0.0137	0.0253	0.0044	0.0211	0.0224	
0.0011	0.0297	0.0143	0.0019	0.0225	0.0355	0.0016	0.0152	0.0256	0.0294	0.0254	0.0178	0.0009	0.0132	0.0012	0.0280	0.0309	0.0308	0.0311	0.0131	0.0093	0.0330	0.0323	0.0048	0.0090	0.0246	0.0141	0.0215	0.0165	0.0252	0.0102	0.0203	0.0026	0.0202	0.0260	0.0155	0.0116	0.0041	0.0074	0.0286	0.0242	0.0054	0.0291	0.0150	0.0102	0.0102	0.0164	0.0011	0.0382	0.0178	0.0141	0.0305	0.0094	0.0101	0.0150	0.0072	0.0019	0.0099	0.0275	0.0008	
0.0251	0.0153	0.0010	0.0032	0.0184	0.0052	0.0153	0.0149	0.0220	0.0255	0.0190	0.0339	0.0287	0.0041	0.0287	0.0061	0.0001	0.0187	0.0358	0.0382	0.0069	0.0168	0.0241	0.0312	0.0140	0.0179	0.0127	0.0327	0.0071	0.0185	0.0156	0.0019	0.0130	0.0068	0.0088	0.0100	0.0041	0.0267	0.0360	0.0070	0.0339	0.0033	0.0154	0.0158	0.0012	0.0206	0.0065	0.0065	0.0281	0.0120	0.0080	0.0223	0.0157	0.0355	0.0299	0.0076	0.0319	0.0050	0.0270	0.0027	
0.0314	0.0205	0.0080	0.0065	0.0065	0.0172	0.0177	0.0177	0.0288	0.0160	0.0018	0.0093	0.0205	0.0265	0.0017	0.0043	0.0003	0.0067	0.0343	0.0297	0.0085	0.0067	0.0069	0.0285	0.0110	0.0326	0.0224	0.0175	0.0136	0.0007	0.0154	0.0337	0.0009	0.0293	0.0149	0.0099	0.0311	0.0063	0.0079	0.0225	0.0023	0.0284	0.0107	0.0081	0.0105	0.0320	0.0011	0.0251	0.0325	0.0267	0.0065	0.0236	0.0089	0.0339	0.0270	0.0235	0.0156	0.0145	0.0308	0.0124	
0.0263	0.0007	0.0051	0.0274	0.0287	0.0023	0.0077	0.0214	0.0105	0.0250	0.0090	0.0262	0.0298	0.0087	0.0220	0.0170	0.0278	0.0301	0.0198	0.0109	0.0231	0.0324	0.0227	0.0200	0.0276	0.0255	0.0237	0.0029	0.0010	0.0234	0.0300	0.0133	0.0093	0.0280	0.0251	0.0013	0.0170	0.0126	0.0067	0.0063	0.0225	0.0120	0.0108	0.0015	0.0140	0.0104	0.0217	0.0269	0.0064	0.0085	0.0215	0.0154	0.0260	0.0155	0.0184	0.0258	0.0108	0.0162	0.0009	0.0066	
0.0117	0.0039	0.0188	0.0182	0.0264	0.0286	0.0159	0.0038	0.0140	0.0253	0.0021	0.0163	0.0236	0.0129	0.0212	0.0142	0.0170	0.0197	0.0062	0.0159	0.0021	0.0279	0.0309	0.0233	0.0014	0.0140	0.0200	0.0265	0.0087	0.0310	0.0231	0.0298	0.0116	0.0003	0.0292	0.0179	0.0227	0.0237	0.0039	0.0209	0.0261	0.0213	0.0162	0.0165	0.0065	0.0067	0.0229	0.0128	0.0298	0.0052	0.0081	0.0233	0.0113	0.0167	0.0045	0.0188	0.0077	0.0283	0.0167	0.0162	
0.0058	0.0205	0.0257	0.0157	0.0274	0.0024	0.0041	0.0211	0.0156	0.0021	0.0217	0.0242	0.0149	0.0167	0.0196	0.0146	0.0089	0.0106	0.0200	0.0246	0.0181	0.0083	0.0292	0.0029	0.0220	0.0326	0.0194	0.0250	0.0270	0.0092	0.0112	0.0234	0.0077	0.0176	0.0131	0.0031	0.0215	0.0269	0.0148	0.0032	0.0027	0.0010	0.0261	0.0253	0.0134	0.0127	0.0070	0.0220	0.0259	0.0217	0.0070	0.0270	0.0081	0.0206	0.0253	0.0289	0.0241	0.0232	0.0251	0.0008	
0.0156	0.0079	0.0247	0.0073	0.0220	0.0302	0.0154	0.0271	0.0038	0.0201	0.0243	0.0129	0.0279	0.0167	0.0247	0.0193	0.0113	0.0031	0.0225	0.0082	0.0227	0.0312	0.0310	0.0051	0.0022	0.0159	0.0181	0.0190	0.0243	0.0151	0.0097	0.0296	0.0034	0.0141	0.0230	0.0248	0.0051	0.0176	0.0026	0.0181	0.0288	0.0124	0.0205	0.0085	0.0285	0.0242	0.0010	0.0222	0.0340	0.0098	0.0169	0.0226	0.0023	0.0194	0.0085	0.0193	0.0089	0.0222	0.0051	0.0074	
0.0114	0.0262	0.0061	0.0209	0.0081	0.0276	0.0080	0.0098	0.0236	0.0319	0.0124	0.0234	0.0005	0.0057	0.0107	0.0128	0.0063	0.0221	0.0099	0.0064	0.0131	0.0285	0.0200	0.0104	0.0318	0.0205	0.0249	0.0170	0.0066	0.0034	0.0157	0.0135	0.0143	0.0226	0.0060	0.0282	0.0033	0.0298	0.0002	0.0010	0.0169	0.0243	0.0339	0.0016	0.0314	0.0232	0.0202	0.0294	0.0089	0.0295	0.0102	0.0174	0.0113	0.0290	0.0230	0.0173	0.0116	0.0262	0.0196	0.0203	
0.0319	0.0191	0.0039	0.0210	0.0122	0.0295	0.0088	0.0057	0.0256	0.0110	0.0090	0.0079	0.0221	0.0086	0.0201	0.0217	0.0245	0.0147	0.0154	0.0056	0.0245	0.0323	0.0087	0.0081	0.0225	0.0282	0.0037	0.0155	0.0328	0.0189	0.0191	0.0069	0.0081	0.0087	0.0020	0.0246	0.0164	0.0051	0.0186	0.0296	0.0137	0.0174	0.0266	0.0266	0.0173	0.0018	0.0276	0.0020	0.0092	0.0030	0.0180	0.0254	0.0112	0.0161	0.0222	0.0311	0.0119	0.0253	0.0275	0.0132	
0.0315	0.0220	0.0065	0.0103	0.0241	0.0023	0.0296	0.0116	0.0065	0.0293	0.0057	0.0236	0.0288	0.0200	0.0255	0.0132	0.0016	0.0131	0.0247	0.0231	0.0004	0.0019	0.0078	0.0250	0.0024	0.0273	0.0270	0.0258	0.0183	0.0022	0.0140	0.0225	0.0077	0.0032	0.0033	0.0213	0.0092	0.0189	0.0050	0.0192	0.0031	0.0197	0.0317	0.0149	0.0330	0.0274	0.0308	0.0266	0.0315	0.0141	0.0314	0.0007	0.0026	0.0081	0.0149	0.0284	0.0179	0.0115	0.0071	0.0289	
0.0093	0.0070	0.0352	0.0065	0.0154	0.0189	0.0190	0.0304	0.0175	0.0011	0.0049	0.0179	0.0098	0.0091	0.0259	0.0192	0.0072	0.0304	0.0397	0.0068	0.0297	0.0023	0.0419	0.0035	0.0054	0.0165	0.0256	0.0001	0.0259	0.0122	0.0053	0.0339	0.0144	0.0067	0.0130	0.0361	0.0270	0.0276	0.0028	0.0203	0.0164	0.0071	0.0141	0.0314	0.0124	0.0186	0.0304	0.0324	0.0286	0.0000	0.0231	0.0318	0.0158	0.0025	0.0063	0.0063	0.0085	0.0311	0.0011	0.0004	
0.0257	0.0145	0.0060	0.0048	0.0258	0.0064	0.0027	0.0025	0.0283	0.0252	0.0277	0.0167	0.0224	0.0147	0.0224	0.0209	0.0219	0.0059	0.0288	0.0210	0.0192	0.0276	0.0128	0.0184	0.0238	0.0116	0.0175	0.0098	0.0002	0.0049	0.0247	0.0257	0.0201	0.0021	0.0222	0.0302	0.0304	0.0055	0.0265	0.0032	0.0132	0.0250	0.0293	0.0310	0.0042	0.0020	0.0042	0.0270	0.0095	0.0176	0.0140	0.0006	0.0330	0.0118	0.0117	0.0318	0.0027	0.0193	0.0140	0.0175	
0.0241	0.0225	0.0021	0.0255	0.0004	0.0012	0.0263	0.0183	0.0245	0.0270	0.0211	0.0167	0.0094	0.0238	0.0082	0.0288	0.0243	0.0154	0.0154	0.0200	0.0058	0.0231	0.0352	0.0154	0.0247	0.0236	0.0258	0.0088	0.0224	0.0232	0.0292	0.0110	0.0245	0.0089	0.0143	0.0194	0.0215	0.0060	0.0265	0.0032	0.0070	0.0188	0.0034	0.0162	0.0287	0.0287	0.0215	0.0093	0.0056	0.0165	0.0039	0.0189	0.0035	0.0236	0.0118	0.0007	0.0252	0.0177	0.0014	0.0101	
0.0072	0.0171	0.0291	0.0036	0.0291	0.0116	0.0244	0.0007	0.0077	0.0228	0.0097	0.0233	0.0195	0.0140	0.0166	0.0227	0.0165	0.0161	0.0241	0.0267	0.0317	0.0217	0.0048	0.0059	0.0199	0.0096	0.0089	0.0009	0.0331	0.0136	0.0288	0.0018	0.0047	0.0173	0.0336	0.0222	0.0204	0.0314	0.0192	0.0182	0.0050	0.0272	0.0008	0.0176	0.0069	0.0144	0.0016	0.0238	0.0118	0.0246	0.0164	0.0106	0.0295	0.0087	0.0114	0.0221	0.0140	0.0259	0.0172	0.0201	
0.0013	0.0225	0.0035	0.0283	0.0238	0.0085	0.0171	0.0002	0.0150	0.0320	0.0029	0.0196	0.0302	0.0067	0.0216	0.0110	0.0160	0.0185	0.0000	0.0047	0.0073	0.0209	0.0258	0.0051	0.0328	0.0216	0.0059	0.0312	0.0071	0.0105	0.0087	0.0264	0.0153	0.0299	0.0164	0.0130	0.0181	0.0052	0.0266	0.0344	0.0314	0.0018	0.0091	0.0182	0.0258	0.0282	0.0158	0.0250	0.0209	0.0026	0.0028	0.0286	0.0271	0.0134	0.0127	0.0183	0.0004	0.0350	0.0293	0.0081	
0.0026	0.0227	0.0304	0.0078	0.0204	0.0113	0.0034	0.0335	0.0260	0.0092	0.0284	0.0148	0.0319	0.0020	0.0092	0.0061	0.0119	0.0078	0.0213	0.0007	0.0021	0.0219	0.0114	0.0046	0.0083	0.0169	0.0023	0.0029	0.0213	0.0370	0.0169	0.0226	0.0098	0.0193	0.0366	0.0101	0.0097	0.0012	0.0359	0.0153	0.0313	0.0252	0.0377	0.0144	0.0131	0.0258	0.0001	0.0253	0.0076	0.0115	0.0055	0.0313	0.0159	0.0360	0.0070	0.0229	0.0137	0.0262	0.0377	0.0043	
0.0082	0.0006	0.0142	0.0255	0.0265	0.0046	0.0042	0.0102	0.0052	0.0373	0.0319	0.0106	0.0076	0.0063	0.0064	0.0172	0.0178	0.0294	0.0310	0.0182	0.0136	0.0137	0.0327	0.0066	0.0298	0.0234	0.0074	0.0128	0.0130	0.0114	0.0349	0.0183	0.0014	0.0298	0.0049	0.0278	0.0052	0.0064	0.0191	0.0076	0.0206	0.0287	0.0191	0.0076	0.0134	0.0270	0.0214	0.0071	0.0249	0.0259	0.0005	0.0170	0.0322	0.0168	0.0229	0.0316	0.0040	0.0073	0.0324	0.0069	
0.0328	0.0214	0.0277	0.0265	0.0020	0.0127	0.0077	0.0108	0.0014	0.0136	0.0110	0.0118	0.0111	0.0198	0.0314	0.0231	0.0233	0.0216	0.0286	0.0321	0.0314	0.0356	0.0220	0.0187	0.0101	0.0152	0.0210	0.0188	0.0052	0.0085	0.0231	0.0292	0.0088	0.0102	0.0099	0.0260	0.0242	0.0211	0.0044	0.0344	0.0186	0.0095	0.0058	0.0102	0.0116	0.0195	0.0043	0.0090	0.0196	0.0004	0.0020	0.0136	0.0115	0.0307	0.0064	0.0319	0.0027	0.0099	0.0160	0.0186	
0.0253	0.0213	0.0062	0.0259	0.0206	0.0141	0.0025	0.0323	0.0094	0.0033	0.0309	0.0028	0.0182	0.0287	0.0133	0.0243	0.0255	0.0112	0.0111	0.0207	0.0095	0.0144	0.0362	0.0044	0.0071	0.0103	0.0191	0.0124	0.0045	0.0117	0.0262	0.0139	0.0067	0.0158	0.0101	0.0296	0.0018	0.0123	0.0191	0.0332	0.0189	0.0058	0.0338	0.0153	0.0020	0.0312	0.0278	0.0159	0.0187	0.0166	0.0035	0.0253	0.0329	0.0281	0.0111	0.0106	0.0226	0.0020	0.0195	0.0124	
0.0298	0.0223	0.0287	0.0320	0.0106	0.0180	0.0301	0.0016	0.0174	0.0181	0.0236	0.0147	0.0243	0.0132	0.0026	0.0044	0.0125	0.0172	0.0030	0.0079	0.0125	0.0033	0.0292	0.0208	0.0084	0.0369	0.0157	0.0116	0.0053	0.0317	0.0074	0.0311	0.0263	0.0079	0.0039	0.0286	0.0102	0.0008	0.0041	0.0194	0.0034	0.0326	0.0319	0.0013	0.0280	0.0213	0.0020	0.0185	0.0278	0.0076	0.0309	0.0057	0.0338	0.0114	0.0003	0.0249	0.0297	0.0070	0.0242	0.0104	
0.0014	0.0169	0.0278	0.0205	0.0093	0.0262	0.0206	0.0152	0.0090	0.0089	0.0277	0.0137	0.0139	0.0193	0.0046	0.0207	0.0047	0.0274	0.0326	0.0192	0.0336	0.0347	0.0220	0.0302	0.0029	0.0017	0.0003	0.0173	0.0085	0.0140	0.0351	0.0030	0.0111	0.0254	0.0188	0.0191	0.0329	0.0120	0.0243	0.0028	0.0021	0.0247	0.0119	0.0191	0.0153	0.0174	0.0256	0.0163	0.0084	0.0166	0.0207	0.0038	0.0118	0.0049	0.0128	0.0057	0.0337	0.0347	0.0170	0.0083	
0.0255	0.0043	0.0067	0.0298	0.0080	0.0257	0.0021	0.0191	0.0006	0.0193	0.0206	0.0258	0.0013	0.0270	0.0175	0.0104	0.0172	0.0003	0.0185	0.0180	0.0084	0.0205	0.0085	0.0238	0.0268	0.0299	0.0242	0.0057	0.0132	0.0115	0.0210	0.0290	0.0274	0.0153	0.0130	0.0291	0.0135	0.0124	0.0094	0.0224	0.0142	0.0056	0.0148	0.0214	0.0274	0.0243	0.0022	0.0163	0.0235	0.0028	0.0183	0.0304	0.0141	0.0311	0.0294	0.0046	0.0285	0.0138	0.0031	0.0117	
0.0340	0.0262	0.0075	0.0205	0.0283	0.0229	0.0298	0.0166	0.0128	0.0208	0.0290	0.0062	0.0228	0.0291	0.0034	0.0040	0.0039	0.0178	0.0001	0.0003	0.0244	0.0086	0.0180	0.0086	0.0263	0.0238	0.0169	0.0298	0.0184	0.0079	0.0006	0.0295	0.0091	0.0282	0.0213	0.0176	0.0294	0.0236	0.0221	0.0034	0.0279	0.0196	0.0033	0.0015	0.0052	0.0110	0.0078	0.0153	0.0276	0.0292	0.0002	0.0104	0.0140	0.0029	0.0183	0.0249	0.0110	0.0309	0.0275	0.0079	
0.0062	0.0001	0.0002	0.0057	0.0178	0.0325	0.0294	0.0253	0.0081	0.0198	0.0071	0.0120	0.0297	0.0291	0.0045	0.0082	0.0041	0.0147	0.0052	0.0152	0.0130	0.0004	0.0029	0.0194	0.0078	0.0251	0.0187	0.0066	0.0106	0.0291	0.0076	0.0297	0.0279	0.0146	0.0318	0.0275	0.0172	0.0279	0.0156	0.0070	0.0158	0.0172	0.0079	0.0099	0.0214	0.0188	0.0160	0.0156	0.0324	0.0125	0.0201	0.0291	0.0277	0.0140	0.0246	0.0056	0.0291	0.0112	0.0304	0.0251	
0.0132	0.0198	0.0151	0.0112	0.0101	0.0083	0.0135	0.0116	0.0309	0.0096	0.0210	0.0066	0.0007	0.0290	0.0288	0.0312	0.0209	0.0237	0.0020	0.0181	0.0073	0.0013	0.0086	0.0269	0.0103	0.0123	0.0045	0.0149	0.0197	0.0258	0.0323	0.0058	0.0293	0.0182	0.0246	0.0230	0.0291	0.0277	0.0288	0.0122	0.0067	0.0024	0.0186	0.0216	0.0225	0.0114	0.0260	0.0281	0.0154	0.0307	0.0125	0.0036	0.0088	0.0104	0.0173	0.0123	0.0137	0.0186	0.0015	0.0303	

Emissions
0.0265	0.3153	0.1889	0.0602	0.0667	0.1183	0.0720	0.1521	
0.0337	0.0626	0.0240	0.2238	0.2224	0.2107	0.1428	0.0800	
0.1444	0.1860	0.0360	0.3094	0.0820	0.0453	0.0095	0.1874	
0.0590	0.2076	0.1974	0.1148	0.1511	0.0817	0.0893	0.0990	
0.2426	0.3447	0.0478	0.0907	0.0584	0.0667	0.1114	0.0378	
0.0296	0.1278	0.2090	0.0611	0.1560	0.1259	0.0779	0.2127	
0.2244	0.1202	0.0855	0.2331	0.0386	0.0171	0.1058	0.1753	
0.2080	0.0054	0.1339	0.1362	0.0949	0.1040	0.1219	0.1958	
0.2111	0.1956	0.0039	0.2797	0.0583	0.0113	0.2030	0.0370	
0.0400	0.0461	0.1668	0.0179	0.0904	0.1387	0.2435	0.2566	
0.1529	0.1261	0.1199	0.1566	0.1087	0.1040	0.0147	0.2172	
0.1185	0.1399	0.0722	0.0787	0.0835	0.1728	0.1603	0.1741	
0.2031	0.0076	0.1653	0.0155	0.1053	0.0964	0.0451	0.3616	
0.1264	0.2437	0.2204	0.0278	0.0894	0.1101	0.1042	0.0779	
0.0110	0.2968	0.1822	0.0511	0.1650	0.1813	0.0338	0.0787	
0.1758	0.1164	0.0828	0.0074	0.1354	0.1227	0.2313	0.1282	
0.2130	0.0811	0.0292	0.2088	0.0456	0.2047	0.1439	0.0736	
0.0336	0.1866	0.2137	0.1428	0.1428	0.1775	0.0760	0.0268	
0.0243	0.0629	0.0604	0.0949	0.1705	0.0738	0.1695	0.3437	
0.2321	0.0817	0.0751	0.0365	0.1767	0.0223	0.0547	0.3209	
0.2241	0.0676	0.1009	0.0476	0.0445	0.1630	0.3010	0.0514	
0.1023	0.2040	0.2596	0.0319	0.0092	0.0454	0.1003	0.2474	
0.0043	0.1316	0.2373	0.1626	0.0896	0.0649	0.1827	0.1270	
0.1253	0.0590	0.2291	0.2275	0.1254	0.0768	0.0999	0.0570	
0.0964	0.2245	0.1745	0.1267	0.0652	0.0256	0.1889	0.0982	
0.0564	0.0230	0.1912	0.0462	0.0658	0.0975	0.2828	0.2371	
0.1646	0.1764	0.0214	0.1258	0.0366	0.1266	0.1498	0.1988	
0.1545	0.0532	0.1681	0.0177	0.0257	0.2428	0.2086	0.1293	
0.1135	0.2718	0.0942	0.0335	0.0408	0.1184	0.0853	0.2426	
0.1213	0.1863	0.0642	0.0927	0.0829	0.0808	0.3208	0.0511	
0.0357	0.2220	0.0161	0.1564	0.0232	0.1114	0.2045	0.2307	
0.0899	0.1261	0.0006	0.0842	0.1660	0.2781	0.1155	0.1396	
0.0726	0.1467	0.1755	0.0900	0.1559	0.1664	0.1214	0.0715	
0.0983	0.1080	0.0432	0.2270	0.1178	0.0865	0.1320	0.1872	
0.0420	0.1428	0.1701	0.0455	0.1607	0.1534	0.0488	0.2366	
0.1233	0.1374	0.1391	0.1364	0.0858	0.1539	0.0595	0.1646	
0.0349	0.2401	0.2129	0.1360	0.0996	0.0905	0.0626	0.1234	
0.1025	0.2648	0.1115	0.2190	0.1026	0.0383	0.1380	0.0232	
0.2877	0.2079	0.0142	0.0355	0.1606	0.0144	0.1039	0.1758	
0.0821	0.3116	0.1348	0.0538	0.0098	0.1150	0.1699	0.1231	
0.2137	0.1183	0.0626	0.1135	0.0562	0.0711	0.1898	0.1748	
0.0516	0.1721	0.2264	0.0105	0.0600	0.0714	0.0798	0.3283	
0.0454	0.2351	0.2060	0.0098	0.1711	0.0424	0.2402	0.0500	
0.1364	0.0699	0.0904	0.1601	0.1543	0.0063	0.0962	0.2864	
0.0720	0.0624	0.2484	0.0356	0.1527	0.0084	0.2359	0.1846	
0.2216	0.1383	0.1860	0.1479	0.0771	0.0655	0.1279	0.0357	
0.1802	0.2390	0.0045	0.1067	0.0813	0.0811	0.1217	0.1856	
0.1678	0.1085	0.1638	0.0409	0.1873	0.0255	0.2487	0.0574	
0.0371	0.4145	0.2736	0.0366	0.0965	0.0350	0.0211	0.0856	
0.0019	0.2006	0.0469	0.1804	0.0724	0.0646	0.2994	0.1338	
0.1809	0.1126	0.1686	0.0288	0.1652	0.0004	0.1174	0.2261	
0.1964	0.0728	0.0770	0.1196	0.0445	0.1072	0.1605	0.2221	
0.0929	0.1751	0.0896	0.1121	0.0905	0.0601	0.1920	0.1876	
0.1447	0.2553	0.0797	0.0110	0.0601	0.1961	0.1185	0.1347	
0.1686	0.1960	0.0853	0.2053	0.0482	0.1881	0.0717	0.0368	
0.0529	0.2611	0.0745	0.0166	0.1055	0.1230	0.2304	0.1359	
0.1657	0.1188	0.1500	0.1165	0.1246	0.0199	0.1738	0.1307	
0.1731	0.1102	0.0666	0.0375	0.1347	0.0826	0.1451	0.2502	
0.1673	0.0063	0.1128	0.1923	0.0346	0.1442	0.1238	0.2189	
0.1417	0.0941	0.0431	0.1782	0.1482	0.1123	0.2565	0.0259	
