DataSet 37
Learner: Baum Welch Learner
Log Likelihood: 71294.6391221485

Number of States: 90
Number of Symbols: 8
Threshold: 0.01

Initial Distribution:
0.0075	0.0047	0.0201	0.0023	0.0079	0.0083	0.0030	0.0130	0.0128	0.0178	0.0085	0.0005	0.0099	0.0035	0.0273	0.0150	0.0124	0.0150	0.0042	0.0156	0.0134	0.0249	0.0078	0.0053	0.0135	0.0055	0.0105	0.0143	0.0291	0.0051	0.0035	0.0042	0.0198	0.0099	0.0339	0.0122	0.0353	0.0225	0.0035	0.0099	0.0081	0.0134	0.0126	0.0070	0.0110	0.0088	0.0179	0.0054	0.0033	0.0090	0.0005	0.0045	0.0014	0.0157	0.0027	0.0128	0.0122	0.0123	0.0056	0.0003	0.0253	0.0207	0.0232	0.0151	0.0064	0.0113	0.0023	0.0369	0.0063	0.0055	0.0168	0.0068	0.0070	0.0183	0.0015	0.0195	0.0004	0.0008	0.0191	0.0153	0.0240	0.0059	0.0091	0.0112	0.0026	0.0001	0.0103	0.0045	0.0023	0.0138	

Transitions:
0.0145	0.0072	0.0148	0.0032	0.0115	0.0224	0.0023	0.0126	0.0186	0.0119	0.0043	0.0122	0.0232	0.0002	0.0189	0.0064	0.0167	0.0081	0.0134	0.0101	0.0081	0.0184	0.0169	0.0149	0.0045	0.0116	0.0059	0.0045	0.0030	0.0095	0.0108	0.0239	0.0174	0.0147	0.0098	0.0088	0.0006	0.0091	0.0043	0.0029	0.0149	0.0103	0.0037	0.0046	0.0069	0.0054	0.0078	0.0068	0.0081	0.0193	0.0062	0.0210	0.0124	0.0155	0.0035	0.0162	0.0148	0.0210	0.0202	0.0229	0.0155	0.0176	0.0088	0.0095	0.0028	0.0064	0.0173	0.0058	0.0109	0.0109	0.0060	0.0079	0.0043	0.0113	0.0171	0.0201	0.0148	0.0105	0.0083	0.0191	0.0025	0.0188	0.0190	0.0049	0.0035	0.0125	0.0091	0.0031	0.0119	0.0159	
0.0185	0.0012	0.0097	0.0056	0.0095	0.0194	0.0218	0.0153	0.0022	0.0009	0.0099	0.0025	0.0200	0.0197	0.0125	0.0213	0.0161	0.0001	0.0199	0.0041	0.0025	0.0020	0.0144	0.0011	0.0220	0.0186	0.0003	0.0046	0.0068	0.0126	0.0192	0.0152	0.0152	0.0182	0.0134	0.0047	0.0198	0.0225	0.0018	0.0203	0.0001	0.0241	0.0089	0.0074	0.0089	0.0002	0.0021	0.0213	0.0142	0.0046	0.0207	0.0111	0.0063	0.0082	0.0151	0.0153	0.0114	0.0083	0.0076	0.0151	0.0185	0.0150	0.0082	0.0116	0.0050	0.0220	0.0085	0.0003	0.0049	0.0088	0.0007	0.0182	0.0222	0.0211	0.0040	0.0029	0.0164	0.0056	0.0151	0.0185	0.0143	0.0005	0.0141	0.0020	0.0162	0.0082	0.0071	0.0081	0.0054	0.0205	
0.0168	0.0123	0.0138	0.0112	0.0031	0.0062	0.0128	0.0174	0.0027	0.0089	0.0131	0.0019	0.0182	0.0050	0.0037	0.0026	0.0120	0.0061	0.0042	0.0095	0.0012	0.0044	0.0170	0.0105	0.0250	0.0178	0.0030	0.0069	0.0201	0.0186	0.0136	0.0246	0.0166	0.0076	0.0133	0.0102	0.0030	0.0124	0.0171	0.0199	0.0127	0.0207	0.0030	0.0052	0.0048	0.0124	0.0049	0.0083	0.0212	0.0120	0.0202	0.0013	0.0043	0.0178	0.0219	0.0125	0.0203	0.0027	0.0104	0.0082	0.0031	0.0054	0.0187	0.0065	0.0198	0.0156	0.0069	0.0088	0.0134	0.0154	0.0231	0.0007	0.0105	0.0062	0.0199	0.0040	0.0016	0.0101	0.0059	0.0082	0.0110	0.0150	0.0086	0.0077	0.0224	0.0121	0.0176	0.0204	0.0111	0.0014	
0.0144	0.0004	0.0003	0.0113	0.0173	0.0077	0.0211	0.0170	0.0084	0.0103	0.0052	0.0179	0.0196	0.0053	0.0116	0.0186	0.0138	0.0187	0.0203	0.0149	0.0103	0.0074	0.0204	0.0022	0.0218	0.0092	0.0202	0.0114	0.0081	0.0064	0.0194	0.0082	0.0192	0.0117	0.0001	0.0193	0.0002	0.0001	0.0107	0.0114	0.0052	0.0065	0.0015	0.0150	0.0018	0.0135	0.0189	0.0035	0.0171	0.0021	0.0228	0.0216	0.0019	0.0198	0.0149	0.0062	0.0044	0.0196	0.0128	0.0091	0.0108	0.0069	0.0086	0.0024	0.0160	0.0226	0.0218	0.0050	0.0049	0.0137	0.0196	0.0146	0.0099	0.0084	0.0092	0.0046	0.0060	0.0027	0.0006	0.0027	0.0086	0.0134	0.0187	0.0052	0.0082	0.0197	0.0047	0.0018	0.0223	0.0164	
0.0175	0.0024	0.0086	0.0035	0.0017	0.0210	0.0184	0.0208	0.0005	0.0021	0.0157	0.0163	0.0230	0.0036	0.0052	0.0087	0.0110	0.0157	0.0095	0.0079	0.0007	0.0010	0.0218	0.0110	0.0238	0.0192	0.0132	0.0041	0.0178	0.0179	0.0169	0.0206	0.0057	0.0125	0.0180	0.0158	0.0050	0.0059	0.0066	0.0116	0.0101	0.0082	0.0024	0.0202	0.0078	0.0150	0.0155	0.0145	0.0001	0.0212	0.0111	0.0139	0.0166	0.0138	0.0173	0.0156	0.0054	0.0195	0.0040	0.0063	0.0080	0.0127	0.0033	0.0061	0.0086	0.0001	0.0098	0.0083	0.0073	0.0118	0.0038	0.0058	0.0095	0.0193	0.0207	0.0151	0.0233	0.0217	0.0041	0.0055	0.0016	0.0196	0.0045	0.0184	0.0062	0.0042	0.0033	0.0144	0.0206	0.0020	
0.0111	0.0079	0.0016	0.0005	0.0041	0.0192	0.0039	0.0172	0.0118	0.0063	0.0051	0.0071	0.0075	0.0107	0.0159	0.0047	0.0028	0.0159	0.0151	0.0213	0.0166	0.0055	0.0163	0.0198	0.0049	0.0100	0.0097	0.0065	0.0006	0.0039	0.0191	0.0195	0.0107	0.0054	0.0001	0.0169	0.0036	0.0090	0.0153	0.0016	0.0115	0.0031	0.0091	0.0178	0.0214	0.0155	0.0114	0.0152	0.0011	0.0010	0.0017	0.0096	0.0225	0.0205	0.0073	0.0052	0.0164	0.0031	0.0179	0.0168	0.0092	0.0175	0.0150	0.0080	0.0105	0.0114	0.0182	0.0014	0.0102	0.0215	0.0009	0.0168	0.0006	0.0141	0.0100	0.0143	0.0194	0.0180	0.0208	0.0096	0.0178	0.0148	0.0060	0.0203	0.0021	0.0098	0.0178	0.0125	0.0212	0.0169	
0.0038	0.0008	0.0136	0.0267	0.0157	0.0166	0.0084	0.0004	0.0091	0.0098	0.0192	0.0118	0.0060	0.0018	0.0001	0.0082	0.0090	0.0063	0.0110	0.0149	0.0091	0.0191	0.0047	0.0088	0.0237	0.0178	0.0148	0.0175	0.0071	0.0002	0.0161	0.0054	0.0025	0.0173	0.0177	0.0002	0.0035	0.0011	0.0228	0.0178	0.0077	0.0216	0.0105	0.0112	0.0121	0.0079	0.0099	0.0045	0.0238	0.0175	0.0021	0.0148	0.0034	0.0081	0.0097	0.0073	0.0228	0.0045	0.0026	0.0232	0.0019	0.0120	0.0149	0.0085	0.0204	0.0189	0.0097	0.0108	0.0061	0.0237	0.0048	0.0086	0.0070	0.0164	0.0073	0.0129	0.0097	0.0162	0.0207	0.0117	0.0055	0.0088	0.0199	0.0124	0.0239	0.0019	0.0015	0.0173	0.0093	0.0117	
0.0036	0.0230	0.0216	0.0015	0.0161	0.0189	0.0027	0.0009	0.0153	0.0163	0.0188	0.0221	0.0235	0.0226	0.0120	0.0176	0.0069	0.0096	0.0008	0.0182	0.0209	0.0035	0.0080	0.0133	0.0177	0.0159	0.0181	0.0036	0.0111	0.0184	0.0156	0.0158	0.0027	0.0184	0.0174	0.0050	0.0089	0.0051	0.0228	0.0121	0.0106	0.0092	0.0005	0.0028	0.0124	0.0065	0.0096	0.0193	0.0001	0.0039	0.0183	0.0166	0.0183	0.0144	0.0142	0.0001	0.0170	0.0074	0.0087	0.0003	0.0012	0.0208	0.0117	0.0214	0.0015	0.0084	0.0201	0.0033	0.0031	0.0076	0.0081	0.0018	0.0101	0.0115	0.0079	0.0130	0.0033	0.0043	0.0015	0.0092	0.0052	0.0190	0.0037	0.0067	0.0217	0.0010	0.0200	0.0110	0.0056	0.0195	
0.0133	0.0018	0.0194	0.0238	0.0106	0.0120	0.0181	0.0019	0.0016	0.0041	0.0084	0.0069	0.0178	0.0156	0.0172	0.0167	0.0047	0.0052	0.0061	0.0230	0.0193	0.0102	0.0064	0.0205	0.0190	0.0041	0.0199	0.0058	0.0228	0.0005	0.0104	0.0080	0.0184	0.0070	0.0152	0.0060	0.0054	0.0100	0.0006	0.0184	0.0179	0.0013	0.0025	0.0183	0.0216	0.0204	0.0034	0.0105	0.0115	0.0054	0.0191	0.0171	0.0057	0.0061	0.0243	0.0027	0.0209	0.0197	0.0047	0.0072	0.0160	0.0110	0.0018	0.0011	0.0161	0.0030	0.0092	0.0090	0.0208	0.0122	0.0105	0.0164	0.0048	0.0100	0.0046	0.0179	0.0087	0.0088	0.0007	0.0190	0.0005	0.0069	0.0185	0.0165	0.0043	0.0186	0.0021	0.0137	0.0078	0.0137	
0.0104	0.0087	0.0052	0.0157	0.0028	0.0063	0.0217	0.0014	0.0036	0.0174	0.0097	0.0166	0.0135	0.0222	0.0174	0.0013	0.0107	0.0164	0.0016	0.0034	0.0174	0.0096	0.0206	0.0074	0.0072	0.0083	0.0190	0.0070	0.0206	0.0216	0.0007	0.0184	0.0018	0.0079	0.0011	0.0020	0.0108	0.0117	0.0071	0.0203	0.0184	0.0074	0.0049	0.0043	0.0061	0.0059	0.0161	0.0172	0.0229	0.0031	0.0087	0.0080	0.0139	0.0046	0.0201	0.0005	0.0145	0.0194	0.0097	0.0182	0.0111	0.0132	0.0040	0.0064	0.0169	0.0184	0.0169	0.0039	0.0207	0.0160	0.0109	0.0209	0.0109	0.0033	0.0070	0.0105	0.0045	0.0138	0.0015	0.0221	0.0124	0.0185	0.0076	0.0151	0.0112	0.0167	0.0039	0.0181	0.0119	0.0008	
0.0116	0.0148	0.0009	0.0151	0.0088	0.0048	0.0017	0.0185	0.0084	0.0094	0.0117	0.0131	0.0201	0.0069	0.0113	0.0094	0.0182	0.0088	0.0188	0.0071	0.0163	0.0188	0.0178	0.0092	0.0037	0.0129	0.0064	0.0095	0.0156	0.0015	0.0131	0.0180	0.0124	0.0186	0.0021	0.0169	0.0195	0.0192	0.0148	0.0014	0.0088	0.0058	0.0039	0.0121	0.0086	0.0181	0.0009	0.0199	0.0022	0.0013	0.0187	0.0175	0.0003	0.0037	0.0056	0.0130	0.0191	0.0121	0.0087	0.0187	0.0204	0.0117	0.0037	0.0070	0.0205	0.0192	0.0207	0.0003	0.0048	0.0159	0.0123	0.0011	0.0153	0.0164	0.0191	0.0108	0.0159	0.0048	0.0014	0.0042	0.0102	0.0058	0.0081	0.0141	0.0057	0.0164	0.0150	0.0094	0.0143	0.0094	
0.0219	0.0078	0.0092	0.0219	0.0034	0.0200	0.0016	0.0179	0.0148	0.0106	0.0186	0.0007	0.0188	0.0078	0.0113	0.0179	0.0008	0.0043	0.0057	0.0157	0.0195	0.0141	0.0130	0.0053	0.0091	0.0150	0.0052	0.0103	0.0029	0.0011	0.0027	0.0138	0.0079	0.0180	0.0163	0.0045	0.0139	0.0210	0.0150	0.0023	0.0113	0.0233	0.0137	0.0121	0.0055	0.0104	0.0112	0.0010	0.0037	0.0107	0.0194	0.0141	0.0054	0.0230	0.0149	0.0072	0.0209	0.0038	0.0112	0.0127	0.0142	0.0122	0.0136	0.0131	0.0098	0.0112	0.0161	0.0202	0.0122	0.0077	0.0033	0.0040	0.0130	0.0035	0.0046	0.0217	0.0015	0.0224	0.0229	0.0192	0.0018	0.0037	0.0078	0.0141	0.0057	0.0125	0.0065	0.0083	0.0056	0.0105	
0.0086	0.0105	0.0082	0.0033	0.0104	0.0200	0.0052	0.0200	0.0031	0.0154	0.0145	0.0117	0.0110	0.0176	0.0062	0.0141	0.0007	0.0011	0.0155	0.0123	0.0057	0.0169	0.0039	0.0129	0.0103	0.0097	0.0056	0.0005	0.0082	0.0194	0.0034	0.0068	0.0146	0.0021	0.0178	0.0137	0.0158	0.0080	0.0140	0.0062	0.0164	0.0024	0.0182	0.0044	0.0010	0.0108	0.0131	0.0108	0.0076	0.0126	0.0112	0.0060	0.0142	0.0142	0.0040	0.0115	0.0073	0.0160	0.0152	0.0011	0.0137	0.0042	0.0106	0.0058	0.0135	0.0117	0.0176	0.0077	0.0182	0.0138	0.0186	0.0140	0.0087	0.0100	0.0185	0.0037	0.0233	0.0206	0.0122	0.0192	0.0156	0.0157	0.0147	0.0163	0.0070	0.0191	0.0141	0.0015	0.0202	0.0072	
0.0070	0.0004	0.0136	0.0140	0.0128	0.0110	0.0109	0.0101	0.0115	0.0091	0.0120	0.0053	0.0133	0.0138	0.0123	0.0176	0.0172	0.0021	0.0162	0.0202	0.0112	0.0069	0.0038	0.0154	0.0062	0.0194	0.0114	0.0138	0.0196	0.0150	0.0175	0.0172	0.0085	0.0112	0.0054	0.0165	0.0190	0.0162	0.0167	0.0058	0.0130	0.0101	0.0071	0.0012	0.0044	0.0095	0.0020	0.0193	0.0026	0.0089	0.0009	0.0129	0.0051	0.0188	0.0175	0.0001	0.0189	0.0176	0.0066	0.0149	0.0202	0.0145	0.0097	0.0162	0.0140	0.0202	0.0164	0.0012	0.0076	0.0163	0.0187	0.0017	0.0054	0.0105	0.0072	0.0025	0.0002	0.0022	0.0115	0.0149	0.0152	0.0105	0.0128	0.0100	0.0144	0.0051	0.0098	0.0098	0.0166	0.0059	
0.0006	0.0018	0.0101	0.0032	0.0068	0.0197	0.0205	0.0103	0.0085	0.0055	0.0140	0.0010	0.0143	0.0067	0.0116	0.0219	0.0071	0.0151	0.0127	0.0136	0.0221	0.0162	0.0077	0.0117	0.0220	0.0098	0.0038	0.0005	0.0047	0.0096	0.0097	0.0067	0.0052	0.0024	0.0169	0.0170	0.0141	0.0030	0.0050	0.0111	0.0049	0.0129	0.0166	0.0070	0.0013	0.0168	0.0191	0.0071	0.0227	0.0159	0.0212	0.0204	0.0206	0.0045	0.0072	0.0066	0.0185	0.0194	0.0051	0.0197	0.0153	0.0194	0.0053	0.0221	0.0181	0.0097	0.0178	0.0106	0.0113	0.0167	0.0074	0.0044	0.0099	0.0021	0.0091	0.0100	0.0003	0.0220	0.0110	0.0032	0.0108	0.0173	0.0010	0.0114	0.0096	0.0142	0.0084	0.0011	0.0183	0.0109	
0.0012	0.0170	0.0193	0.0082	0.0172	0.0075	0.0063	0.0150	0.0111	0.0126	0.0173	0.0094	0.0188	0.0054	0.0075	0.0161	0.0081	0.0169	0.0164	0.0183	0.0059	0.0161	0.0083	0.0018	0.0089	0.0186	0.0195	0.0150	0.0119	0.0040	0.0012	0.0177	0.0139	0.0003	0.0128	0.0114	0.0059	0.0023	0.0061	0.0014	0.0033	0.0069	0.0099	0.0175	0.0034	0.0011	0.0007	0.0161	0.0028	0.0150	0.0054	0.0129	0.0057	0.0215	0.0051	0.0056	0.0097	0.0172	0.0206	0.0215	0.0103	0.0108	0.0032	0.0073	0.0128	0.0054	0.0174	0.0159	0.0122	0.0175	0.0098	0.0061	0.0120	0.0159	0.0153	0.0202	0.0069	0.0104	0.0194	0.0066	0.0164	0.0010	0.0134	0.0171	0.0207	0.0109	0.0100	0.0142	0.0177	0.0084	
0.0040	0.0120	0.0027	0.0098	0.0137	0.0148	0.0030	0.0022	0.0063	0.0193	0.0067	0.0059	0.0052	0.0077	0.0050	0.0231	0.0005	0.0115	0.0066	0.0050	0.0220	0.0215	0.0231	0.0156	0.0038	0.0106	0.0225	0.0072	0.0102	0.0018	0.0181	0.0011	0.0214	0.0049	0.0149	0.0214	0.0037	0.0050	0.0035	0.0019	0.0209	0.0055	0.0050	0.0002	0.0006	0.0128	0.0172	0.0071	0.0154	0.0213	0.0122	0.0245	0.0105	0.0133	0.0122	0.0063	0.0155	0.0101	0.0049	0.0035	0.0167	0.0194	0.0147	0.0048	0.0045	0.0062	0.0060	0.0002	0.0170	0.0063	0.0216	0.0232	0.0080	0.0045	0.0083	0.0180	0.0167	0.0198	0.0149	0.0137	0.0130	0.0140	0.0158	0.0118	0.0148	0.0170	0.0149	0.0090	0.0180	0.0089	
0.0084	0.0168	0.0224	0.0003	0.0088	0.0014	0.0124	0.0219	0.0182	0.0164	0.0058	0.0188	0.0150	0.0080	0.0026	0.0149	0.0149	0.0053	0.0052	0.0157	0.0122	0.0159	0.0196	0.0132	0.0142	0.0011	0.0030	0.0041	0.0144	0.0103	0.0143	0.0214	0.0048	0.0077	0.0184	0.0023	0.0187	0.0080	0.0178	0.0064	0.0044	0.0185	0.0011	0.0182	0.0057	0.0158	0.0009	0.0073	0.0082	0.0213	0.0025	0.0091	0.0040	0.0024	0.0205	0.0137	0.0235	0.0076	0.0098	0.0084	0.0211	0.0073	0.0071	0.0091	0.0028	0.0105	0.0146	0.0055	0.0101	0.0002	0.0178	0.0071	0.0105	0.0215	0.0111	0.0172	0.0154	0.0208	0.0085	0.0178	0.0000	0.0158	0.0194	0.0147	0.0072	0.0066	0.0150	0.0028	0.0123	0.0057	
0.0040	0.0116	0.0184	0.0112	0.0074	0.0182	0.0080	0.0123	0.0145	0.0148	0.0028	0.0158	0.0189	0.0072	0.0028	0.0166	0.0191	0.0045	0.0128	0.0208	0.0189	0.0198	0.0206	0.0134	0.0081	0.0036	0.0110	0.0127	0.0019	0.0170	0.0166	0.0113	0.0143	0.0043	0.0162	0.0054	0.0085	0.0216	0.0119	0.0124	0.0092	0.0007	0.0039	0.0122	0.0142	0.0040	0.0169	0.0094	0.0114	0.0106	0.0083	0.0106	0.0118	0.0108	0.0068	0.0039	0.0125	0.0048	0.0021	0.0043	0.0070	0.0137	0.0101	0.0166	0.0012	0.0153	0.0013	0.0122	0.0106	0.0177	0.0084	0.0232	0.0142	0.0201	0.0118	0.0182	0.0173	0.0078	0.0206	0.0027	0.0050	0.0006	0.0026	0.0111	0.0108	0.0053	0.0182	0.0040	0.0203	0.0127	
0.0150	0.0042	0.0191	0.0092	0.0062	0.0160	0.0105	0.0055	0.0108	0.0197	0.0027	0.0048	0.0218	0.0139	0.0028	0.0097	0.0178	0.0109	0.0197	0.0073	0.0081	0.0039	0.0055	0.0197	0.0222	0.0067	0.0136	0.0198	0.0097	0.0178	0.0155	0.0203	0.0145	0.0199	0.0036	0.0037	0.0011	0.0057	0.0150	0.0179	0.0100	0.0126	0.0191	0.0006	0.0216	0.0007	0.0015	0.0097	0.0097	0.0003	0.0096	0.0108	0.0055	0.0128	0.0055	0.0107	0.0223	0.0195	0.0094	0.0221	0.0025	0.0105	0.0157	0.0151	0.0055	0.0066	0.0107	0.0007	0.0099	0.0208	0.0086	0.0132	0.0177	0.0023	0.0196	0.0174	0.0074	0.0045	0.0204	0.0193	0.0046	0.0026	0.0115	0.0092	0.0075	0.0058	0.0129	0.0028	0.0154	0.0139	
0.0048	0.0030	0.0173	0.0163	0.0158	0.0208	0.0159	0.0023	0.0160	0.0137	0.0101	0.0008	0.0225	0.0101	0.0123	0.0178	0.0140	0.0027	0.0145	0.0081	0.0040	0.0154	0.0214	0.0109	0.0187	0.0213	0.0222	0.0073	0.0086	0.0214	0.0146	0.0084	0.0070	0.0174	0.0141	0.0051	0.0154	0.0027	0.0075	0.0198	0.0021	0.0048	0.0096	0.0056	0.0077	0.0037	0.0025	0.0011	0.0181	0.0106	0.0138	0.0109	0.0095	0.0068	0.0113	0.0099	0.0047	0.0059	0.0195	0.0164	0.0200	0.0077	0.0134	0.0163	0.0004	0.0043	0.0154	0.0034	0.0158	0.0079	0.0016	0.0118	0.0169	0.0161	0.0062	0.0205	0.0065	0.0139	0.0035	0.0124	0.0170	0.0187	0.0112	0.0185	0.0075	0.0041	0.0191	0.0006	0.0075	0.0052	
0.0014	0.0112	0.0045	0.0153	0.0002	0.0168	0.0113	0.0137	0.0054	0.0037	0.0095	0.0215	0.0075	0.0100	0.0087	0.0030	0.0162	0.0143	0.0006	0.0107	0.0041	0.0116	0.0028	0.0067	0.0225	0.0002	0.0203	0.0177	0.0104	0.0202	0.0056	0.0161	0.0163	0.0117	0.0066	0.0118	0.0071	0.0034	0.0166	0.0126	0.0109	0.0163	0.0094	0.0211	0.0023	0.0189	0.0125	0.0018	0.0112	0.0046	0.0108	0.0068	0.0000	0.0194	0.0014	0.0117	0.0092	0.0189	0.0160	0.0228	0.0195	0.0148	0.0033	0.0094	0.0209	0.0187	0.0031	0.0169	0.0033	0.0192	0.0188	0.0134	0.0200	0.0099	0.0229	0.0109	0.0029	0.0027	0.0050	0.0000	0.0081	0.0152	0.0071	0.0059	0.0079	0.0218	0.0152	0.0199	0.0104	0.0174	
0.0046	0.0112	0.0097	0.0205	0.0164	0.0192	0.0123	0.0213	0.0017	0.0059	0.0160	0.0190	0.0228	0.0152	0.0082	0.0201	0.0093	0.0120	0.0195	0.0124	0.0089	0.0059	0.0158	0.0165	0.0171	0.0026	0.0091	0.0198	0.0017	0.0219	0.0036	0.0051	0.0078	0.0088	0.0134	0.0078	0.0036	0.0037	0.0164	0.0048	0.0234	0.0037	0.0011	0.0214	0.0056	0.0122	0.0164	0.0155	0.0215	0.0108	0.0146	0.0031	0.0017	0.0211	0.0105	0.0212	0.0221	0.0157	0.0033	0.0138	0.0098	0.0140	0.0182	0.0032	0.0033	0.0143	0.0113	0.0114	0.0005	0.0007	0.0176	0.0063	0.0186	0.0153	0.0136	0.0060	0.0048	0.0152	0.0109	0.0015	0.0059	0.0154	0.0006	0.0138	0.0079	0.0006	0.0027	0.0096	0.0001	0.0164	
0.0125	0.0117	0.0000	0.0049	0.0177	0.0092	0.0059	0.0207	0.0186	0.0142	0.0014	0.0066	0.0171	0.0199	0.0158	0.0097	0.0077	0.0093	0.0079	0.0029	0.0168	0.0034	0.0054	0.0017	0.0077	0.0184	0.0155	0.0064	0.0193	0.0029	0.0106	0.0008	0.0109	0.0083	0.0113	0.0056	0.0057	0.0135	0.0223	0.0045	0.0003	0.0084	0.0197	0.0183	0.0252	0.0214	0.0013	0.0041	0.0201	0.0218	0.0171	0.0209	0.0031	0.0205	0.0252	0.0080	0.0067	0.0219	0.0196	0.0018	0.0191	0.0195	0.0013	0.0154	0.0051	0.0010	0.0179	0.0066	0.0075	0.0117	0.0037	0.0172	0.0127	0.0031	0.0024	0.0089	0.0078	0.0095	0.0020	0.0069	0.0151	0.0093	0.0116	0.0195	0.0108	0.0156	0.0203	0.0152	0.0104	0.0028	
0.0216	0.0074	0.0166	0.0230	0.0099	0.0015	0.0061	0.0033	0.0125	0.0187	0.0060	0.0172	0.0201	0.0083	0.0157	0.0202	0.0051	0.0210	0.0178	0.0113	0.0020	0.0198	0.0213	0.0129	0.0113	0.0084	0.0119	0.0034	0.0062	0.0110	0.0029	0.0019	0.0191	0.0053	0.0113	0.0178	0.0011	0.0189	0.0145	0.0009	0.0037	0.0031	0.0199	0.0032	0.0009	0.0196	0.0108	0.0018	0.0028	0.0116	0.0127	0.0222	0.0199	0.0195	0.0008	0.0027	0.0118	0.0032	0.0094	0.0017	0.0129	0.0024	0.0182	0.0025	0.0207	0.0048	0.0190	0.0120	0.0203	0.0214	0.0217	0.0142	0.0061	0.0163	0.0084	0.0226	0.0018	0.0151	0.0117	0.0115	0.0163	0.0092	0.0009	0.0173	0.0237	0.0038	0.0049	0.0004	0.0043	0.0093	
0.0090	0.0233	0.0069	0.0166	0.0117	0.0014	0.0057	0.0152	0.0071	0.0175	0.0012	0.0225	0.0058	0.0044	0.0148	0.0004	0.0165	0.0027	0.0124	0.0016	0.0009	0.0173	0.0157	0.0210	0.0079	0.0031	0.0017	0.0035	0.0040	0.0161	0.0244	0.0230	0.0092	0.0111	0.0121	0.0214	0.0050	0.0160	0.0061	0.0069	0.0172	0.0109	0.0094	0.0158	0.0106	0.0175	0.0047	0.0190	0.0014	0.0223	0.0125	0.0023	0.0140	0.0033	0.0097	0.0133	0.0078	0.0088	0.0074	0.0095	0.0242	0.0016	0.0105	0.0145	0.0210	0.0057	0.0140	0.0165	0.0144	0.0173	0.0199	0.0010	0.0230	0.0052	0.0082	0.0135	0.0088	0.0218	0.0115	0.0105	0.0203	0.0046	0.0026	0.0049	0.0043	0.0202	0.0072	0.0065	0.0029	0.0231	
0.0137	0.0191	0.0065	0.0214	0.0069	0.0147	0.0198	0.0152	0.0175	0.0040	0.0053	0.0097	0.0053	0.0071	0.0029	0.0095	0.0052	0.0058	0.0160	0.0153	0.0053	0.0078	0.0208	0.0181	0.0115	0.0169	0.0221	0.0055	0.0109	0.0208	0.0195	0.0063	0.0132	0.0151	0.0013	0.0190	0.0146	0.0225	0.0181	0.0145	0.0155	0.0146	0.0017	0.0055	0.0039	0.0092	0.0181	0.0165	0.0018	0.0153	0.0147	0.0013	0.0110	0.0085	0.0170	0.0060	0.0235	0.0093	0.0094	0.0117	0.0146	0.0133	0.0045	0.0186	0.0071	0.0007	0.0181	0.0104	0.0058	0.0044	0.0156	0.0063	0.0085	0.0024	0.0004	0.0136	0.0062	0.0131	0.0142	0.0003	0.0162	0.0040	0.0040	0.0164	0.0057	0.0181	0.0162	0.0049	0.0006	0.0171	
0.0206	0.0066	0.0114	0.0086	0.0218	0.0015	0.0084	0.0034	0.0195	0.0030	0.0119	0.0092	0.0120	0.0189	0.0200	0.0085	0.0157	0.0076	0.0078	0.0008	0.0000	0.0069	0.0177	0.0085	0.0183	0.0105	0.0103	0.0092	0.0146	0.0104	0.0057	0.0138	0.0106	0.0106	0.0040	0.0083	0.0143	0.0004	0.0022	0.0197	0.0050	0.0030	0.0148	0.0106	0.0081	0.0075	0.0126	0.0064	0.0176	0.0177	0.0036	0.0085	0.0195	0.0224	0.0192	0.0137	0.0131	0.0023	0.0135	0.0114	0.0132	0.0192	0.0096	0.0101	0.0198	0.0013	0.0212	0.0003	0.0148	0.0125	0.0149	0.0159	0.0060	0.0094	0.0175	0.0182	0.0130	0.0048	0.0007	0.0071	0.0158	0.0027	0.0137	0.0168	0.0073	0.0188	0.0144	0.0100	0.0153	0.0123	
0.0224	0.0155	0.0096	0.0181	0.0077	0.0078	0.0156	0.0045	0.0147	0.0082	0.0107	0.0172	0.0161	0.0056	0.0037	0.0132	0.0029	0.0114	0.0046	0.0218	0.0000	0.0075	0.0021	0.0072	0.0191	0.0119	0.0070	0.0181	0.0038	0.0003	0.0089	0.0108	0.0062	0.0035	0.0174	0.0013	0.0078	0.0177	0.0023	0.0127	0.0069	0.0122	0.0163	0.0177	0.0239	0.0031	0.0114	0.0111	0.0171	0.0201	0.0192	0.0068	0.0077	0.0185	0.0156	0.0156	0.0141	0.0014	0.0236	0.0206	0.0010	0.0233	0.0006	0.0146	0.0254	0.0010	0.0089	0.0114	0.0138	0.0028	0.0058	0.0118	0.0079	0.0152	0.0163	0.0134	0.0197	0.0091	0.0100	0.0156	0.0233	0.0198	0.0014	0.0095	0.0059	0.0030	0.0024	0.0111	0.0148	0.0018	
0.0099	0.0049	0.0150	0.0049	0.0092	0.0074	0.0092	0.0191	0.0147	0.0155	0.0122	0.0001	0.0188	0.0108	0.0112	0.0057	0.0191	0.0119	0.0035	0.0004	0.0170	0.0035	0.0139	0.0060	0.0211	0.0039	0.0187	0.0126	0.0078	0.0177	0.0194	0.0214	0.0179	0.0098	0.0102	0.0185	0.0127	0.0029	0.0048	0.0057	0.0013	0.0161	0.0131	0.0104	0.0163	0.0185	0.0170	0.0104	0.0161	0.0197	0.0048	0.0099	0.0059	0.0122	0.0042	0.0061	0.0144	0.0088	0.0067	0.0052	0.0096	0.0147	0.0101	0.0175	0.0184	0.0173	0.0020	0.0069	0.0187	0.0124	0.0113	0.0159	0.0079	0.0184	0.0204	0.0034	0.0109	0.0012	0.0090	0.0185	0.0041	0.0062	0.0181	0.0078	0.0126	0.0101	0.0125	0.0061	0.0061	0.0057	
0.0094	0.0069	0.0199	0.0003	0.0195	0.0075	0.0030	0.0170	0.0156	0.0008	0.0176	0.0148	0.0166	0.0039	0.0083	0.0123	0.0024	0.0087	0.0151	0.0003	0.0183	0.0125	0.0263	0.0094	0.0007	0.0042	0.0227	0.0042	0.0072	0.0105	0.0040	0.0215	0.0014	0.0161	0.0047	0.0073	0.0228	0.0092	0.0024	0.0155	0.0012	0.0224	0.0095	0.0100	0.0018	0.0134	0.0164	0.0175	0.0008	0.0027	0.0104	0.0077	0.0205	0.0074	0.0141	0.0190	0.0076	0.0097	0.0226	0.0167	0.0108	0.0205	0.0096	0.0060	0.0223	0.0028	0.0140	0.0210	0.0227	0.0014	0.0142	0.0196	0.0072	0.0231	0.0236	0.0217	0.0036	0.0134	0.0081	0.0096	0.0100	0.0024	0.0041	0.0039	0.0004	0.0196	0.0009	0.0178	0.0043	0.0087	
0.0009	0.0131	0.0085	0.0122	0.0056	0.0028	0.0087	0.0027	0.0116	0.0185	0.0014	0.0175	0.0199	0.0223	0.0115	0.0148	0.0002	0.0166	0.0075	0.0120	0.0154	0.0157	0.0020	0.0126	0.0054	0.0076	0.0186	0.0055	0.0057	0.0233	0.0016	0.0206	0.0161	0.0140	0.0003	0.0001	0.0082	0.0201	0.0151	0.0184	0.0133	0.0004	0.0003	0.0080	0.0081	0.0135	0.0061	0.0040	0.0140	0.0080	0.0213	0.0066	0.0109	0.0146	0.0171	0.0067	0.0118	0.0175	0.0056	0.0219	0.0082	0.0023	0.0174	0.0115	0.0213	0.0070	0.0233	0.0038	0.0215	0.0129	0.0067	0.0050	0.0017	0.0109	0.0213	0.0151	0.0161	0.0157	0.0053	0.0119	0.0002	0.0124	0.0154	0.0190	0.0029	0.0168	0.0075	0.0030	0.0228	0.0164	
0.0129	0.0138	0.0136	0.0192	0.0108	0.0119	0.0033	0.0109	0.0107	0.0010	0.0127	0.0028	0.0058	0.0007	0.0020	0.0172	0.0042	0.0220	0.0165	0.0232	0.0147	0.0168	0.0147	0.0147	0.0225	0.0185	0.0116	0.0226	0.0102	0.0024	0.0210	0.0211	0.0039	0.0067	0.0007	0.0149	0.0163	0.0070	0.0245	0.0105	0.0133	0.0065	0.0054	0.0042	0.0216	0.0198	0.0084	0.0145	0.0187	0.0101	0.0149	0.0116	0.0113	0.0015	0.0018	0.0175	0.0004	0.0198	0.0195	0.0180	0.0008	0.0031	0.0003	0.0090	0.0021	0.0184	0.0217	0.0216	0.0001	0.0094	0.0009	0.0186	0.0222	0.0056	0.0085	0.0080	0.0135	0.0089	0.0195	0.0005	0.0091	0.0175	0.0051	0.0002	0.0106	0.0121	0.0101	0.0031	0.0050	0.0055	
0.0147	0.0186	0.0099	0.0065	0.0094	0.0097	0.0053	0.0177	0.0021	0.0014	0.0194	0.0090	0.0149	0.0088	0.0080	0.0155	0.0106	0.0036	0.0151	0.0152	0.0060	0.0139	0.0002	0.0178	0.0088	0.0051	0.0219	0.0002	0.0204	0.0122	0.0087	0.0197	0.0160	0.0170	0.0145	0.0049	0.0092	0.0170	0.0173	0.0204	0.0030	0.0156	0.0064	0.0164	0.0008	0.0204	0.0034	0.0172	0.0141	0.0167	0.0021	0.0059	0.0099	0.0111	0.0250	0.0009	0.0197	0.0133	0.0199	0.0045	0.0105	0.0048	0.0182	0.0116	0.0161	0.0050	0.0150	0.0172	0.0154	0.0035	0.0062	0.0195	0.0077	0.0168	0.0130	0.0136	0.0080	0.0052	0.0171	0.0078	0.0009	0.0029	0.0085	0.0032	0.0107	0.0028	0.0075	0.0054	0.0180	0.0152	
0.0099	0.0192	0.0176	0.0169	0.0103	0.0207	0.0161	0.0144	0.0015	0.0166	0.0072	0.0069	0.0025	0.0099	0.0101	0.0071	0.0219	0.0139	0.0213	0.0069	0.0147	0.0121	0.0194	0.0119	0.0040	0.0077	0.0185	0.0172	0.0023	0.0119	0.0195	0.0097	0.0011	0.0006	0.0160	0.0090	0.0212	0.0188	0.0062	0.0145	0.0199	0.0150	0.0040	0.0225	0.0006	0.0146	0.0007	0.0199	0.0149	0.0027	0.0050	0.0152	0.0075	0.0109	0.0261	0.0207	0.0001	0.0045	0.0102	0.0031	0.0016	0.0206	0.0127	0.0109	0.0239	0.0226	0.0061	0.0017	0.0171	0.0012	0.0085	0.0065	0.0081	0.0056	0.0092	0.0004	0.0075	0.0177	0.0114	0.0094	0.0061	0.0171	0.0028	0.0219	0.0087	0.0036	0.0011	0.0116	0.0007	0.0186	
0.0099	0.0183	0.0048	0.0040	0.0128	0.0237	0.0010	0.0144	0.0000	0.0020	0.0083	0.0216	0.0048	0.0134	0.0166	0.0234	0.0072	0.0020	0.0016	0.0234	0.0116	0.0032	0.0166	0.0013	0.0204	0.0042	0.0197	0.0132	0.0039	0.0201	0.0191	0.0173	0.0010	0.0218	0.0132	0.0114	0.0004	0.0043	0.0153	0.0094	0.0217	0.0184	0.0186	0.0093	0.0225	0.0070	0.0152	0.0113	0.0042	0.0081	0.0198	0.0257	0.0127	0.0012	0.0070	0.0060	0.0026	0.0032	0.0069	0.0101	0.0043	0.0083	0.0098	0.0044	0.0048	0.0170	0.0214	0.0053	0.0209	0.0055	0.0223	0.0032	0.0102	0.0138	0.0227	0.0159	0.0070	0.0053	0.0021	0.0109	0.0103	0.0052	0.0109	0.0170	0.0221	0.0194	0.0046	0.0000	0.0161	0.0073	
0.0099	0.0194	0.0193	0.0059	0.0053	0.0127	0.0057	0.0136	0.0046	0.0046	0.0089	0.0099	0.0126	0.0201	0.0081	0.0151	0.0116	0.0186	0.0012	0.0106	0.0000	0.0189	0.0011	0.0165	0.0229	0.0209	0.0220	0.0146	0.0050	0.0067	0.0116	0.0209	0.0118	0.0147	0.0172	0.0018	0.0062	0.0048	0.0081	0.0095	0.0118	0.0144	0.0002	0.0192	0.0012	0.0003	0.0136	0.0105	0.0094	0.0062	0.0088	0.0083	0.0204	0.0035	0.0080	0.0129	0.0190	0.0008	0.0063	0.0071	0.0130	0.0129	0.0085	0.0196	0.0157	0.0127	0.0193	0.0184	0.0033	0.0068	0.0092	0.0080	0.0104	0.0129	0.0219	0.0077	0.0190	0.0035	0.0160	0.0206	0.0047	0.0092	0.0052	0.0209	0.0199	0.0041	0.0210	0.0085	0.0075	0.0046	
0.0060	0.0061	0.0217	0.0016	0.0198	0.0222	0.0054	0.0015	0.0043	0.0104	0.0033	0.0191	0.0084	0.0026	0.0185	0.0015	0.0223	0.0072	0.0046	0.0212	0.0161	0.0155	0.0070	0.0085	0.0027	0.0031	0.0083	0.0107	0.0009	0.0114	0.0146	0.0125	0.0124	0.0228	0.0010	0.0032	0.0098	0.0125	0.0162	0.0011	0.0033	0.0194	0.0253	0.0063	0.0198	0.0092	0.0025	0.0033	0.0016	0.0185	0.0078	0.0146	0.0052	0.0084	0.0149	0.0145	0.0252	0.0119	0.0225	0.0163	0.0139	0.0183	0.0007	0.0153	0.0238	0.0170	0.0058	0.0081	0.0017	0.0174	0.0171	0.0132	0.0128	0.0033	0.0195	0.0222	0.0152	0.0002	0.0130	0.0163	0.0214	0.0045	0.0086	0.0052	0.0047	0.0219	0.0058	0.0042	0.0098	0.0109	
0.0041	0.0230	0.0112	0.0017	0.0115	0.0102	0.0185	0.0062	0.0087	0.0025	0.0029	0.0173	0.0019	0.0081	0.0044	0.0214	0.0019	0.0018	0.0123	0.0152	0.0209	0.0223	0.0250	0.0065	0.0188	0.0090	0.0098	0.0177	0.0134	0.0249	0.0106	0.0018	0.0220	0.0151	0.0114	0.0170	0.0216	0.0110	0.0165	0.0100	0.0038	0.0125	0.0152	0.0098	0.0118	0.0061	0.0033	0.0017	0.0005	0.0077	0.0218	0.0044	0.0190	0.0224	0.0141	0.0041	0.0271	0.0045	0.0084	0.0028	0.0006	0.0196	0.0148	0.0097	0.0158	0.0025	0.0205	0.0103	0.0174	0.0111	0.0203	0.0136	0.0111	0.0026	0.0108	0.0100	0.0080	0.0124	0.0190	0.0100	0.0051	0.0066	0.0212	0.0047	0.0012	0.0067	0.0090	0.0027	0.0024	0.0093	
0.0158	0.0168	0.0024	0.0132	0.0085	0.0046	0.0150	0.0048	0.0150	0.0074	0.0094	0.0141	0.0070	0.0116	0.0076	0.0057	0.0162	0.0103	0.0083	0.0016	0.0172	0.0088	0.0091	0.0179	0.0211	0.0152	0.0030	0.0094	0.0074	0.0081	0.0138	0.0146	0.0066	0.0079	0.0120	0.0020	0.0094	0.0190	0.0129	0.0042	0.0145	0.0013	0.0151	0.0071	0.0189	0.0099	0.0167	0.0045	0.0171	0.0150	0.0111	0.0190	0.0146	0.0003	0.0117	0.0071	0.0088	0.0038	0.0138	0.0141	0.0016	0.0046	0.0160	0.0077	0.0156	0.0189	0.0074	0.0172	0.0193	0.0062	0.0169	0.0212	0.0176	0.0043	0.0075	0.0165	0.0143	0.0008	0.0000	0.0072	0.0146	0.0167	0.0134	0.0119	0.0185	0.0158	0.0188	0.0062	0.0179	0.0058	
0.0164	0.0072	0.0031	0.0003	0.0031	0.0122	0.0038	0.0071	0.0142	0.0008	0.0032	0.0007	0.0078	0.0121	0.0211	0.0138	0.0009	0.0106	0.0148	0.0156	0.0143	0.0077	0.0050	0.0073	0.0246	0.0038	0.0142	0.0064	0.0130	0.0231	0.0216	0.0007	0.0008	0.0156	0.0119	0.0106	0.0173	0.0214	0.0018	0.0195	0.0149	0.0111	0.0095	0.0205	0.0044	0.0158	0.0128	0.0038	0.0150	0.0061	0.0183	0.0116	0.0175	0.0059	0.0172	0.0082	0.0027	0.0182	0.0025	0.0242	0.0218	0.0185	0.0158	0.0161	0.0022	0.0034	0.0252	0.0138	0.0218	0.0110	0.0188	0.0049	0.0102	0.0187	0.0238	0.0047	0.0208	0.0052	0.0033	0.0034	0.0117	0.0079	0.0159	0.0058	0.0045	0.0112	0.0077	0.0170	0.0005	0.0048	
0.0091	0.0234	0.0166	0.0029	0.0210	0.0188	0.0146	0.0155	0.0188	0.0011	0.0151	0.0224	0.0055	0.0041	0.0095	0.0126	0.0011	0.0198	0.0051	0.0095	0.0098	0.0193	0.0160	0.0209	0.0109	0.0125	0.0046	0.0112	0.0116	0.0144	0.0182	0.0049	0.0126	0.0171	0.0009	0.0171	0.0104	0.0070	0.0184	0.0044	0.0135	0.0053	0.0087	0.0020	0.0092	0.0119	0.0031	0.0110	0.0190	0.0142	0.0103	0.0112	0.0132	0.0132	0.0195	0.0118	0.0087	0.0171	0.0157	0.0091	0.0138	0.0026	0.0040	0.0058	0.0062	0.0132	0.0088	0.0100	0.0031	0.0151	0.0019	0.0180	0.0014	0.0010	0.0199	0.0053	0.0121	0.0127	0.0124	0.0202	0.0084	0.0154	0.0159	0.0199	0.0034	0.0077	0.0145	0.0002	0.0002	0.0112	
0.0096	0.0163	0.0136	0.0107	0.0130	0.0107	0.0005	0.0018	0.0168	0.0157	0.0029	0.0145	0.0086	0.0029	0.0110	0.0148	0.0093	0.0104	0.0164	0.0108	0.0008	0.0167	0.0050	0.0161	0.0001	0.0200	0.0095	0.0063	0.0028	0.0206	0.0201	0.0096	0.0099	0.0143	0.0043	0.0073	0.0029	0.0163	0.0090	0.0084	0.0045	0.0102	0.0166	0.0151	0.0162	0.0144	0.0066	0.0124	0.0078	0.0095	0.0221	0.0028	0.0061	0.0115	0.0120	0.0140	0.0127	0.0172	0.0090	0.0156	0.0011	0.0149	0.0185	0.0194	0.0207	0.0176	0.0042	0.0141	0.0209	0.0037	0.0129	0.0190	0.0012	0.0079	0.0064	0.0130	0.0009	0.0098	0.0012	0.0059	0.0108	0.0154	0.0206	0.0143	0.0229	0.0168	0.0026	0.0196	0.0039	0.0128	
0.0195	0.0077	0.0045	0.0196	0.0077	0.0121	0.0103	0.0178	0.0177	0.0190	0.0103	0.0145	0.0166	0.0042	0.0187	0.0045	0.0016	0.0197	0.0049	0.0197	0.0136	0.0006	0.0185	0.0034	0.0035	0.0056	0.0183	0.0061	0.0213	0.0025	0.0149	0.0052	0.0109	0.0087	0.0060	0.0050	0.0123	0.0064	0.0002	0.0167	0.0038	0.0055	0.0147	0.0020	0.0168	0.0178	0.0033	0.0162	0.0172	0.0171	0.0177	0.0053	0.0202	0.0080	0.0235	0.0173	0.0140	0.0009	0.0134	0.0027	0.0174	0.0031	0.0178	0.0151	0.0074	0.0082	0.0031	0.0057	0.0195	0.0151	0.0151	0.0196	0.0225	0.0097	0.0151	0.0083	0.0084	0.0149	0.0099	0.0053	0.0015	0.0203	0.0127	0.0034	0.0094	0.0091	0.0089	0.0039	0.0115	0.0102	
0.0143	0.0116	0.0136	0.0223	0.0010	0.0004	0.0072	0.0187	0.0154	0.0071	0.0140	0.0185	0.0199	0.0021	0.0027	0.0202	0.0066	0.0070	0.0143	0.0107	0.0098	0.0182	0.0138	0.0079	0.0010	0.0175	0.0138	0.0143	0.0070	0.0192	0.0197	0.0227	0.0152	0.0100	0.0203	0.0022	0.0035	0.0000	0.0079	0.0132	0.0016	0.0097	0.0196	0.0013	0.0108	0.0036	0.0018	0.0086	0.0006	0.0092	0.0029	0.0023	0.0117	0.0205	0.0238	0.0159	0.0209	0.0050	0.0173	0.0061	0.0087	0.0122	0.0115	0.0175	0.0104	0.0183	0.0020	0.0079	0.0023	0.0007	0.0176	0.0074	0.0212	0.0007	0.0092	0.0010	0.0219	0.0113	0.0188	0.0176	0.0134	0.0037	0.0147	0.0181	0.0172	0.0163	0.0089	0.0163	0.0114	0.0042	
0.0040	0.0203	0.0031	0.0023	0.0051	0.0101	0.0176	0.0204	0.0123	0.0129	0.0016	0.0144	0.0076	0.0210	0.0133	0.0172	0.0030	0.0094	0.0111	0.0193	0.0161	0.0076	0.0078	0.0000	0.0145	0.0044	0.0215	0.0137	0.0035	0.0148	0.0077	0.0066	0.0175	0.0195	0.0158	0.0161	0.0034	0.0192	0.0161	0.0200	0.0047	0.0004	0.0200	0.0045	0.0160	0.0197	0.0164	0.0144	0.0049	0.0194	0.0145	0.0231	0.0059	0.0132	0.0098	0.0161	0.0143	0.0030	0.0103	0.0007	0.0110	0.0025	0.0153	0.0199	0.0063	0.0176	0.0172	0.0081	0.0032	0.0182	0.0136	0.0058	0.0147	0.0121	0.0147	0.0159	0.0091	0.0021	0.0049	0.0128	0.0068	0.0045	0.0102	0.0046	0.0205	0.0082	0.0005	0.0057	0.0107	0.0004	
0.0056	0.0004	0.0082	0.0175	0.0094	0.0022	0.0042	0.0219	0.0202	0.0207	0.0037	0.0099	0.0128	0.0085	0.0058	0.0093	0.0061	0.0150	0.0194	0.0146	0.0086	0.0103	0.0210	0.0174	0.0153	0.0064	0.0156	0.0125	0.0206	0.0221	0.0167	0.0112	0.0173	0.0030	0.0120	0.0131	0.0204	0.0193	0.0029	0.0123	0.0131	0.0103	0.0035	0.0060	0.0088	0.0183	0.0149	0.0016	0.0208	0.0129	0.0021	0.0090	0.0088	0.0190	0.0144	0.0157	0.0027	0.0108	0.0015	0.0040	0.0096	0.0118	0.0002	0.0008	0.0033	0.0162	0.0126	0.0087	0.0164	0.0144	0.0106	0.0077	0.0123	0.0072	0.0011	0.0192	0.0080	0.0138	0.0104	0.0171	0.0127	0.0118	0.0151	0.0083	0.0171	0.0097	0.0026	0.0006	0.0122	0.0169	
0.0132	0.0117	0.0226	0.0295	0.0037	0.0272	0.0114	0.0032	0.0035	0.0159	0.0077	0.0074	0.0075	0.0077	0.0019	0.0188	0.0214	0.0004	0.0209	0.0171	0.0111	0.0131	0.0001	0.0069	0.0180	0.0235	0.0263	0.0149	0.0063	0.0193	0.0162	0.0160	0.0218	0.0267	0.0033	0.0017	0.0136	0.0177	0.0052	0.0016	0.0144	0.0055	0.0132	0.0207	0.0130	0.0076	0.0072	0.0092	0.0090	0.0022	0.0182	0.0031	0.0056	0.0223	0.0119	0.0003	0.0124	0.0149	0.0096	0.0075	0.0010	0.0210	0.0208	0.0108	0.0020	0.0225	0.0104	0.0063	0.0043	0.0003	0.0051	0.0055	0.0214	0.0193	0.0034	0.0065	0.0009	0.0050	0.0204	0.0073	0.0135	0.0145	0.0071	0.0039	0.0012	0.0126	0.0085	0.0009	0.0165	0.0033	
0.0144	0.0235	0.0055	0.0238	0.0006	0.0175	0.0071	0.0007	0.0163	0.0134	0.0181	0.0011	0.0049	0.0074	0.0193	0.0108	0.0074	0.0096	0.0163	0.0029	0.0215	0.0050	0.0200	0.0020	0.0200	0.0103	0.0138	0.0157	0.0097	0.0139	0.0112	0.0095	0.0141	0.0009	0.0074	0.0049	0.0203	0.0224	0.0157	0.0094	0.0216	0.0001	0.0109	0.0027	0.0083	0.0108	0.0082	0.0217	0.0058	0.0128	0.0046	0.0220	0.0078	0.0121	0.0039	0.0091	0.0046	0.0033	0.0045	0.0142	0.0036	0.0121	0.0126	0.0034	0.0046	0.0137	0.0099	0.0032	0.0224	0.0159	0.0126	0.0105	0.0174	0.0074	0.0042	0.0221	0.0170	0.0147	0.0168	0.0050	0.0007	0.0128	0.0116	0.0183	0.0096	0.0132	0.0010	0.0030	0.0205	0.0231	
0.0014	0.0184	0.0149	0.0035	0.0059	0.0092	0.0081	0.0066	0.0200	0.0154	0.0018	0.0056	0.0250	0.0128	0.0007	0.0166	0.0042	0.0204	0.0068	0.0036	0.0141	0.0108	0.0100	0.0202	0.0141	0.0120	0.0014	0.0161	0.0178	0.0140	0.0112	0.0066	0.0052	0.0006	0.0114	0.0145	0.0149	0.0130	0.0010	0.0165	0.0129	0.0113	0.0158	0.0186	0.0026	0.0157	0.0116	0.0196	0.0177	0.0133	0.0092	0.0013	0.0197	0.0173	0.0066	0.0111	0.0099	0.0151	0.0127	0.0166	0.0073	0.0114	0.0102	0.0072	0.0059	0.0189	0.0001	0.0203	0.0214	0.0069	0.0007	0.0140	0.0223	0.0123	0.0125	0.0045	0.0165	0.0101	0.0185	0.0165	0.0195	0.0026	0.0003	0.0031	0.0044	0.0101	0.0094	0.0103	0.0167	0.0011	
0.0082	0.0009	0.0222	0.0090	0.0106	0.0013	0.0216	0.0088	0.0151	0.0058	0.0147	0.0141	0.0238	0.0116	0.0122	0.0183	0.0026	0.0061	0.0042	0.0012	0.0169	0.0201	0.0208	0.0189	0.0197	0.0051	0.0136	0.0082	0.0030	0.0191	0.0095	0.0134	0.0046	0.0213	0.0202	0.0225	0.0148	0.0144	0.0021	0.0110	0.0071	0.0097	0.0190	0.0130	0.0239	0.0070	0.0039	0.0112	0.0134	0.0099	0.0089	0.0047	0.0094	0.0170	0.0075	0.0092	0.0051	0.0029	0.0129	0.0063	0.0120	0.0106	0.0055	0.0181	0.0223	0.0072	0.0102	0.0006	0.0121	0.0134	0.0025	0.0133	0.0048	0.0159	0.0179	0.0084	0.0027	0.0063	0.0195	0.0092	0.0005	0.0006	0.0201	0.0147	0.0117	0.0045	0.0031	0.0112	0.0161	0.0120	
0.0156	0.0116	0.0003	0.0170	0.0202	0.0168	0.0022	0.0182	0.0134	0.0128	0.0141	0.0029	0.0213	0.0200	0.0060	0.0166	0.0209	0.0123	0.0176	0.0179	0.0063	0.0175	0.0064	0.0031	0.0052	0.0095	0.0154	0.0101	0.0089	0.0146	0.0028	0.0208	0.0072	0.0009	0.0128	0.0101	0.0086	0.0069	0.0130	0.0184	0.0055	0.0041	0.0118	0.0020	0.0093	0.0162	0.0009	0.0159	0.0081	0.0121	0.0041	0.0108	0.0123	0.0164	0.0037	0.0153	0.0060	0.0168	0.0118	0.0109	0.0016	0.0098	0.0081	0.0188	0.0112	0.0002	0.0166	0.0173	0.0039	0.0156	0.0068	0.0130	0.0216	0.0203	0.0126	0.0029	0.0066	0.0037	0.0130	0.0068	0.0080	0.0161	0.0033	0.0150	0.0100	0.0129	0.0067	0.0111	0.0177	0.0187	
0.0069	0.0161	0.0174	0.0047	0.0205	0.0181	0.0164	0.0137	0.0123	0.0101	0.0020	0.0027	0.0161	0.0148	0.0047	0.0132	0.0122	0.0124	0.0039	0.0003	0.0121	0.0015	0.0047	0.0057	0.0021	0.0060	0.0098	0.0138	0.0113	0.0226	0.0157	0.0042	0.0011	0.0070	0.0102	0.0164	0.0207	0.0189	0.0026	0.0193	0.0111	0.0183	0.0152	0.0039	0.0062	0.0067	0.0045	0.0117	0.0148	0.0221	0.0030	0.0220	0.0123	0.0204	0.0097	0.0049	0.0117	0.0113	0.0021	0.0161	0.0081	0.0009	0.0025	0.0130	0.0211	0.0235	0.0017	0.0072	0.0036	0.0115	0.0156	0.0189	0.0111	0.0069	0.0132	0.0180	0.0108	0.0004	0.0235	0.0170	0.0006	0.0196	0.0008	0.0117	0.0209	0.0177	0.0151	0.0040	0.0236	0.0056	
0.0067	0.0109	0.0173	0.0123	0.0128	0.0107	0.0147	0.0004	0.0077	0.0069	0.0050	0.0212	0.0097	0.0029	0.0069	0.0097	0.0095	0.0035	0.0074	0.0130	0.0190	0.0102	0.0131	0.0076	0.0165	0.0119	0.0003	0.0132	0.0202	0.0011	0.0059	0.0240	0.0087	0.0231	0.0050	0.0047	0.0008	0.0237	0.0188	0.0032	0.0060	0.0109	0.0172	0.0158	0.0130	0.0038	0.0112	0.0222	0.0063	0.0103	0.0103	0.0157	0.0232	0.0104	0.0118	0.0193	0.0256	0.0091	0.0208	0.0014	0.0100	0.0005	0.0044	0.0065	0.0015	0.0088	0.0115	0.0101	0.0213	0.0025	0.0086	0.0102	0.0094	0.0043	0.0070	0.0094	0.0196	0.0199	0.0195	0.0112	0.0232	0.0024	0.0081	0.0095	0.0152	0.0161	0.0006	0.0226	0.0123	0.0091	
0.0064	0.0176	0.0032	0.0199	0.0183	0.0058	0.0054	0.0097	0.0148	0.0035	0.0145	0.0010	0.0004	0.0037	0.0014	0.0241	0.0050	0.0157	0.0038	0.0010	0.0027	0.0032	0.0156	0.0091	0.0019	0.0080	0.0188	0.0178	0.0167	0.0099	0.0084	0.0147	0.0218	0.0132	0.0188	0.0158	0.0069	0.0182	0.0106	0.0014	0.0043	0.0088	0.0043	0.0149	0.0193	0.0210	0.0019	0.0041	0.0086	0.0155	0.0128	0.0093	0.0231	0.0117	0.0076	0.0030	0.0025	0.0180	0.0152	0.0108	0.0130	0.0094	0.0162	0.0055	0.0216	0.0051	0.0023	0.0107	0.0077	0.0091	0.0179	0.0146	0.0059	0.0024	0.0216	0.0185	0.0231	0.0224	0.0153	0.0027	0.0051	0.0121	0.0116	0.0002	0.0250	0.0226	0.0159	0.0115	0.0069	0.0187	
0.0135	0.0131	0.0004	0.0012	0.0125	0.0183	0.0127	0.0203	0.0174	0.0116	0.0166	0.0135	0.0215	0.0223	0.0205	0.0213	0.0032	0.0153	0.0130	0.0103	0.0038	0.0034	0.0032	0.0113	0.0050	0.0223	0.0234	0.0159	0.0078	0.0200	0.0114	0.0150	0.0045	0.0139	0.0153	0.0027	0.0106	0.0041	0.0116	0.0022	0.0054	0.0008	0.0030	0.0011	0.0056	0.0130	0.0132	0.0105	0.0012	0.0212	0.0197	0.0234	0.0221	0.0195	0.0136	0.0097	0.0110	0.0107	0.0188	0.0133	0.0180	0.0169	0.0118	0.0211	0.0013	0.0064	0.0095	0.0053	0.0051	0.0192	0.0104	0.0234	0.0040	0.0113	0.0050	0.0031	0.0005	0.0017	0.0062	0.0126	0.0067	0.0098	0.0158	0.0083	0.0000	0.0120	0.0148	0.0082	0.0019	0.0070	
0.0162	0.0005	0.0074	0.0278	0.0072	0.0109	0.0105	0.0041	0.0222	0.0209	0.0050	0.0100	0.0065	0.0054	0.0105	0.0207	0.0200	0.0094	0.0137	0.0089	0.0099	0.0081	0.0054	0.0068	0.0068	0.0077	0.0024	0.0048	0.0233	0.0129	0.0142	0.0000	0.0037	0.0228	0.0025	0.0095	0.0153	0.0047	0.0042	0.0186	0.0172	0.0215	0.0022	0.0069	0.0083	0.0207	0.0045	0.0117	0.0226	0.0027	0.0181	0.0069	0.0189	0.0162	0.0250	0.0086	0.0222	0.0003	0.0183	0.0232	0.0084	0.0053	0.0049	0.0108	0.0100	0.0057	0.0059	0.0068	0.0027	0.0014	0.0056	0.0166	0.0052	0.0188	0.0167	0.0147	0.0062	0.0206	0.0220	0.0084	0.0022	0.0139	0.0073	0.0204	0.0190	0.0073	0.0053	0.0103	0.0017	0.0183	
0.0131	0.0144	0.0092	0.0048	0.0090	0.0111	0.0131	0.0128	0.0190	0.0021	0.0115	0.0192	0.0086	0.0180	0.0179	0.0023	0.0010	0.0199	0.0004	0.0058	0.0023	0.0191	0.0013	0.0081	0.0210	0.0158	0.0211	0.0080	0.0153	0.0019	0.0004	0.0187	0.0050	0.0079	0.0085	0.0115	0.0042	0.0003	0.0086	0.0040	0.0212	0.0154	0.0214	0.0169	0.0148	0.0041	0.0050	0.0101	0.0207	0.0145	0.0058	0.0062	0.0106	0.0178	0.0154	0.0140	0.0143	0.0004	0.0070	0.0158	0.0125	0.0041	0.0173	0.0172	0.0019	0.0191	0.0146	0.0202	0.0083	0.0068	0.0193	0.0007	0.0123	0.0175	0.0061	0.0094	0.0205	0.0045	0.0150	0.0142	0.0096	0.0083	0.0100	0.0006	0.0178	0.0161	0.0068	0.0088	0.0161	0.0161	
0.0209	0.0042	0.0150	0.0171	0.0134	0.0182	0.0165	0.0036	0.0160	0.0161	0.0102	0.0056	0.0022	0.0140	0.0155	0.0050	0.0160	0.0130	0.0111	0.0039	0.0163	0.0081	0.0075	0.0137	0.0058	0.0036	0.0179	0.0177	0.0001	0.0077	0.0116	0.0051	0.0055	0.0145	0.0062	0.0144	0.0073	0.0199	0.0045	0.0106	0.0155	0.0184	0.0100	0.0178	0.0026	0.0045	0.0063	0.0177	0.0059	0.0126	0.0012	0.0171	0.0214	0.0124	0.0247	0.0125	0.0223	0.0005	0.0105	0.0102	0.0006	0.0180	0.0032	0.0092	0.0065	0.0080	0.0226	0.0088	0.0070	0.0010	0.0193	0.0196	0.0093	0.0009	0.0105	0.0006	0.0204	0.0090	0.0115	0.0002	0.0171	0.0186	0.0137	0.0088	0.0062	0.0178	0.0064	0.0144	0.0151	0.0161	
0.0171	0.0073	0.0073	0.0165	0.0098	0.0188	0.0123	0.0004	0.0124	0.0140	0.0037	0.0181	0.0112	0.0046	0.0136	0.0039	0.0061	0.0174	0.0017	0.0208	0.0131	0.0088	0.0107	0.0096	0.0135	0.0021	0.0058	0.0138	0.0033	0.0104	0.0012	0.0066	0.0141	0.0126	0.0036	0.0111	0.0098	0.0123	0.0118	0.0123	0.0092	0.0211	0.0166	0.0145	0.0159	0.0184	0.0086	0.0080	0.0148	0.0019	0.0112	0.0102	0.0162	0.0163	0.0005	0.0068	0.0205	0.0184	0.0034	0.0081	0.0122	0.0147	0.0152	0.0024	0.0143	0.0199	0.0032	0.0168	0.0003	0.0032	0.0135	0.0130	0.0070	0.0096	0.0106	0.0149	0.0141	0.0153	0.0148	0.0126	0.0131	0.0182	0.0010	0.0012	0.0204	0.0123	0.0119	0.0197	0.0127	0.0174	
0.0172	0.0151	0.0116	0.0056	0.0007	0.0150	0.0012	0.0163	0.0016	0.0189	0.0171	0.0129	0.0097	0.0128	0.0088	0.0219	0.0030	0.0039	0.0062	0.0062	0.0181	0.0031	0.0049	0.0114	0.0180	0.0187	0.0198	0.0188	0.0044	0.0020	0.0074	0.0041	0.0062	0.0050	0.0108	0.0013	0.0047	0.0023	0.0105	0.0210	0.0178	0.0228	0.0159	0.0207	0.0213	0.0029	0.0102	0.0115	0.0162	0.0014	0.0124	0.0130	0.0181	0.0075	0.0011	0.0137	0.0107	0.0224	0.0118	0.0070	0.0199	0.0057	0.0116	0.0220	0.0126	0.0159	0.0056	0.0041	0.0024	0.0083	0.0175	0.0011	0.0170	0.0082	0.0130	0.0195	0.0129	0.0075	0.0157	0.0138	0.0065	0.0065	0.0033	0.0032	0.0139	0.0193	0.0105	0.0223	0.0041	0.0198	
0.0157	0.0062	0.0152	0.0039	0.0016	0.0124	0.0103	0.0156	0.0087	0.0046	0.0199	0.0069	0.0106	0.0077	0.0086	0.0116	0.0189	0.0085	0.0198	0.0047	0.0022	0.0029	0.0075	0.0215	0.0002	0.0136	0.0030	0.0093	0.0104	0.0181	0.0052	0.0076	0.0005	0.0062	0.0177	0.0103	0.0115	0.0166	0.0076	0.0017	0.0115	0.0229	0.0248	0.0118	0.0178	0.0002	0.0201	0.0206	0.0199	0.0031	0.0025	0.0025	0.0044	0.0243	0.0225	0.0126	0.0266	0.0162	0.0033	0.0137	0.0091	0.0006	0.0053	0.0170	0.0256	0.0159	0.0064	0.0035	0.0147	0.0237	0.0263	0.0039	0.0009	0.0177	0.0189	0.0059	0.0044	0.0194	0.0059	0.0254	0.0150	0.0065	0.0154	0.0074	0.0146	0.0030	0.0027	0.0010	0.0119	0.0054	
0.0109	0.0183	0.0106	0.0190	0.0153	0.0100	0.0139	0.0053	0.0107	0.0016	0.0147	0.0165	0.0057	0.0185	0.0027	0.0217	0.0012	0.0096	0.0053	0.0121	0.0074	0.0039	0.0098	0.0027	0.0220	0.0017	0.0096	0.0203	0.0028	0.0202	0.0112	0.0050	0.0142	0.0085	0.0095	0.0042	0.0150	0.0061	0.0005	0.0066	0.0140	0.0219	0.0066	0.0037	0.0054	0.0184	0.0009	0.0164	0.0037	0.0140	0.0016	0.0165	0.0189	0.0207	0.0216	0.0066	0.0091	0.0074	0.0187	0.0147	0.0005	0.0143	0.0024	0.0137	0.0132	0.0128	0.0014	0.0183	0.0087	0.0209	0.0063	0.0188	0.0094	0.0204	0.0209	0.0086	0.0205	0.0054	0.0194	0.0006	0.0006	0.0129	0.0173	0.0108	0.0182	0.0184	0.0088	0.0161	0.0118	0.0030	
0.0186	0.0081	0.0090	0.0094	0.0064	0.0224	0.0188	0.0150	0.0138	0.0155	0.0155	0.0042	0.0090	0.0054	0.0076	0.0064	0.0058	0.0196	0.0002	0.0110	0.0091	0.0031	0.0109	0.0181	0.0146	0.0089	0.0228	0.0135	0.0196	0.0187	0.0032	0.0074	0.0075	0.0062	0.0024	0.0204	0.0090	0.0005	0.0152	0.0224	0.0143	0.0061	0.0150	0.0042	0.0048	0.0194	0.0056	0.0123	0.0037	0.0124	0.0129	0.0143	0.0188	0.0008	0.0181	0.0144	0.0234	0.0128	0.0187	0.0209	0.0005	0.0043	0.0163	0.0191	0.0125	0.0121	0.0190	0.0023	0.0027	0.0098	0.0190	0.0051	0.0048	0.0007	0.0210	0.0038	0.0128	0.0057	0.0142	0.0174	0.0029	0.0087	0.0107	0.0073	0.0035	0.0139	0.0124	0.0071	0.0126	0.0099	
0.0004	0.0178	0.0047	0.0163	0.0189	0.0084	0.0090	0.0146	0.0123	0.0116	0.0004	0.0030	0.0092	0.0146	0.0117	0.0067	0.0069	0.0135	0.0033	0.0114	0.0033	0.0124	0.0198	0.0005	0.0172	0.0135	0.0159	0.0081	0.0142	0.0196	0.0193	0.0113	0.0101	0.0134	0.0072	0.0005	0.0187	0.0093	0.0014	0.0087	0.0136	0.0159	0.0113	0.0174	0.0147	0.0171	0.0173	0.0134	0.0135	0.0157	0.0053	0.0180	0.0036	0.0202	0.0059	0.0062	0.0206	0.0040	0.0182	0.0065	0.0131	0.0174	0.0012	0.0129	0.0143	0.0106	0.0126	0.0133	0.0063	0.0123	0.0069	0.0187	0.0142	0.0140	0.0166	0.0082	0.0015	0.0190	0.0059	0.0145	0.0125	0.0004	0.0160	0.0158	0.0153	0.0028	0.0061	0.0107	0.0086	0.0009	
0.0023	0.0186	0.0103	0.0180	0.0183	0.0175	0.0148	0.0198	0.0049	0.0041	0.0069	0.0051	0.0102	0.0016	0.0102	0.0082	0.0040	0.0098	0.0032	0.0190	0.0061	0.0200	0.0226	0.0044	0.0157	0.0144	0.0056	0.0037	0.0228	0.0138	0.0040	0.0004	0.0063	0.0065	0.0104	0.0111	0.0095	0.0203	0.0191	0.0027	0.0175	0.0047	0.0165	0.0019	0.0088	0.0093	0.0129	0.0150	0.0091	0.0077	0.0228	0.0227	0.0111	0.0143	0.0190	0.0033	0.0229	0.0053	0.0031	0.0047	0.0112	0.0094	0.0180	0.0146	0.0004	0.0083	0.0220	0.0024	0.0121	0.0216	0.0206	0.0064	0.0144	0.0005	0.0228	0.0020	0.0040	0.0182	0.0184	0.0035	0.0002	0.0107	0.0185	0.0132	0.0134	0.0064	0.0124	0.0149	0.0122	0.0083	
0.0149	0.0049	0.0167	0.0163	0.0146	0.0081	0.0065	0.0022	0.0017	0.0004	0.0100	0.0116	0.0035	0.0110	0.0089	0.0158	0.0067	0.0091	0.0133	0.0163	0.0212	0.0014	0.0102	0.0222	0.0046	0.0232	0.0175	0.0055	0.0018	0.0177	0.0186	0.0054	0.0124	0.0046	0.0055	0.0163	0.0123	0.0196	0.0090	0.0147	0.0191	0.0020	0.0166	0.0168	0.0142	0.0108	0.0084	0.0069	0.0051	0.0212	0.0001	0.0048	0.0025	0.0201	0.0093	0.0117	0.0208	0.0173	0.0112	0.0157	0.0147	0.0002	0.0004	0.0075	0.0054	0.0079	0.0221	0.0196	0.0042	0.0157	0.0026	0.0085	0.0003	0.0214	0.0201	0.0200	0.0083	0.0146	0.0086	0.0150	0.0130	0.0092	0.0011	0.0036	0.0172	0.0130	0.0024	0.0164	0.0198	0.0160	
0.0221	0.0183	0.0097	0.0171	0.0006	0.0193	0.0013	0.0090	0.0127	0.0065	0.0109	0.0099	0.0028	0.0117	0.0175	0.0145	0.0038	0.0032	0.0002	0.0104	0.0063	0.0037	0.0094	0.0160	0.0013	0.0056	0.0240	0.0193	0.0144	0.0163	0.0049	0.0044	0.0021	0.0121	0.0158	0.0064	0.0219	0.0063	0.0214	0.0009	0.0197	0.0228	0.0012	0.0020	0.0024	0.0036	0.0057	0.0115	0.0091	0.0023	0.0095	0.0251	0.0167	0.0090	0.0096	0.0176	0.0106	0.0141	0.0157	0.0182	0.0185	0.0046	0.0157	0.0216	0.0009	0.0090	0.0079	0.0136	0.0171	0.0114	0.0140	0.0190	0.0049	0.0212	0.0143	0.0073	0.0027	0.0067	0.0150	0.0208	0.0218	0.0092	0.0104	0.0122	0.0044	0.0062	0.0106	0.0150	0.0028	0.0211	
0.0177	0.0077	0.0122	0.0035	0.0041	0.0137	0.0042	0.0025	0.0010	0.0133	0.0149	0.0139	0.0162	0.0188	0.0083	0.0109	0.0156	0.0152	0.0158	0.0014	0.0131	0.0027	0.0207	0.0160	0.0185	0.0086	0.0165	0.0038	0.0148	0.0170	0.0197	0.0148	0.0090	0.0170	0.0117	0.0058	0.0064	0.0016	0.0154	0.0195	0.0028	0.0218	0.0051	0.0194	0.0016	0.0060	0.0130	0.0112	0.0021	0.0139	0.0108	0.0160	0.0206	0.0010	0.0073	0.0144	0.0098	0.0161	0.0073	0.0168	0.0186	0.0000	0.0076	0.0050	0.0173	0.0042	0.0041	0.0171	0.0062	0.0031	0.0046	0.0152	0.0209	0.0163	0.0197	0.0138	0.0195	0.0195	0.0146	0.0099	0.0135	0.0042	0.0021	0.0006	0.0062	0.0043	0.0144	0.0084	0.0107	0.0180	
0.0168	0.0110	0.0143	0.0209	0.0016	0.0027	0.0117	0.0190	0.0033	0.0159	0.0018	0.0152	0.0051	0.0192	0.0087	0.0163	0.0147	0.0017	0.0021	0.0126	0.0160	0.0092	0.0017	0.0168	0.0023	0.0135	0.0195	0.0070	0.0202	0.0122	0.0099	0.0176	0.0079	0.0090	0.0051	0.0131	0.0181	0.0004	0.0145	0.0158	0.0021	0.0202	0.0160	0.0154	0.0075	0.0178	0.0177	0.0031	0.0116	0.0094	0.0101	0.0136	0.0071	0.0183	0.0003	0.0071	0.0102	0.0169	0.0174	0.0085	0.0045	0.0037	0.0171	0.0111	0.0079	0.0070	0.0071	0.0144	0.0128	0.0157	0.0168	0.0143	0.0072	0.0060	0.0107	0.0181	0.0144	0.0049	0.0097	0.0033	0.0131	0.0147	0.0166	0.0098	0.0016	0.0171	0.0087	0.0099	0.0088	0.0184	
0.0056	0.0027	0.0035	0.0094	0.0131	0.0215	0.0218	0.0041	0.0092	0.0007	0.0125	0.0041	0.0122	0.0177	0.0123	0.0184	0.0066	0.0002	0.0090	0.0020	0.0155	0.0044	0.0089	0.0156	0.0190	0.0120	0.0090	0.0101	0.0114	0.0119	0.0212	0.0215	0.0074	0.0175	0.0123	0.0159	0.0124	0.0261	0.0158	0.0135	0.0226	0.0119	0.0195	0.0107	0.0142	0.0106	0.0049	0.0008	0.0214	0.0061	0.0146	0.0107	0.0035	0.0079	0.0053	0.0011	0.0183	0.0099	0.0135	0.0023	0.0123	0.0102	0.0143	0.0189	0.0037	0.0187	0.0194	0.0151	0.0055	0.0195	0.0064	0.0080	0.0069	0.0173	0.0023	0.0045	0.0088	0.0198	0.0027	0.0043	0.0051	0.0072	0.0123	0.0052	0.0245	0.0094	0.0148	0.0001	0.0133	0.0114	
0.0197	0.0023	0.0078	0.0153	0.0020	0.0114	0.0173	0.0166	0.0058	0.0134	0.0127	0.0103	0.0185	0.0012	0.0005	0.0063	0.0034	0.0072	0.0055	0.0209	0.0129	0.0166	0.0075	0.0088	0.0213	0.0040	0.0202	0.0082	0.0205	0.0144	0.0019	0.0203	0.0034	0.0159	0.0178	0.0028	0.0185	0.0155	0.0129	0.0114	0.0079	0.0118	0.0123	0.0062	0.0113	0.0130	0.0101	0.0096	0.0042	0.0122	0.0067	0.0067	0.0184	0.0121	0.0207	0.0027	0.0177	0.0184	0.0143	0.0201	0.0130	0.0068	0.0167	0.0113	0.0160	0.0183	0.0069	0.0006	0.0039	0.0182	0.0091	0.0124	0.0164	0.0139	0.0116	0.0026	0.0048	0.0006	0.0196	0.0023	0.0118	0.0081	0.0052	0.0066	0.0102	0.0138	0.0013	0.0121	0.0201	0.0166	
0.0073	0.0213	0.0181	0.0181	0.0201	0.0008	0.0125	0.0187	0.0110	0.0113	0.0077	0.0103	0.0064	0.0065	0.0045	0.0160	0.0122	0.0019	0.0000	0.0140	0.0170	0.0146	0.0215	0.0133	0.0067	0.0034	0.0026	0.0104	0.0039	0.0192	0.0169	0.0166	0.0019	0.0094	0.0099	0.0078	0.0122	0.0202	0.0130	0.0106	0.0109	0.0056	0.0095	0.0059	0.0150	0.0020	0.0024	0.0181	0.0019	0.0123	0.0039	0.0212	0.0134	0.0048	0.0199	0.0119	0.0217	0.0047	0.0090	0.0173	0.0193	0.0010	0.0145	0.0116	0.0184	0.0152	0.0084	0.0148	0.0160	0.0169	0.0038	0.0153	0.0091	0.0089	0.0031	0.0124	0.0061	0.0140	0.0194	0.0037	0.0005	0.0040	0.0095	0.0109	0.0169	0.0153	0.0022	0.0166	0.0131	0.0180	
0.0097	0.0093	0.0117	0.0221	0.0144	0.0118	0.0113	0.0191	0.0102	0.0223	0.0145	0.0071	0.0027	0.0057	0.0099	0.0129	0.0123	0.0034	0.0021	0.0048	0.0080	0.0066	0.0071	0.0062	0.0207	0.0177	0.0149	0.0053	0.0207	0.0007	0.0144	0.0146	0.0042	0.0230	0.0104	0.0183	0.0046	0.0148	0.0204	0.0161	0.0042	0.0121	0.0065	0.0228	0.0125	0.0169	0.0022	0.0054	0.0027	0.0058	0.0071	0.0264	0.0197	0.0102	0.0144	0.0028	0.0026	0.0049	0.0003	0.0221	0.0217	0.0054	0.0209	0.0094	0.0093	0.0032	0.0022	0.0038	0.0182	0.0157	0.0082	0.0220	0.0073	0.0092	0.0006	0.0202	0.0005	0.0072	0.0184	0.0019	0.0143	0.0084	0.0029	0.0151	0.0177	0.0146	0.0192	0.0176	0.0098	0.0076	
0.0142	0.0222	0.0126	0.0207	0.0173	0.0213	0.0118	0.0177	0.0128	0.0067	0.0111	0.0196	0.0103	0.0099	0.0181	0.0076	0.0147	0.0070	0.0084	0.0147	0.0021	0.0165	0.0100	0.0195	0.0073	0.0113	0.0027	0.0056	0.0154	0.0167	0.0072	0.0084	0.0156	0.0100	0.0175	0.0071	0.0064	0.0086	0.0126	0.0019	0.0067	0.0042	0.0146	0.0080	0.0093	0.0138	0.0179	0.0140	0.0160	0.0080	0.0212	0.0105	0.0082	0.0163	0.0054	0.0167	0.0140	0.0140	0.0132	0.0058	0.0175	0.0049	0.0031	0.0178	0.0006	0.0066	0.0034	0.0189	0.0104	0.0120	0.0008	0.0058	0.0168	0.0071	0.0078	0.0194	0.0024	0.0003	0.0106	0.0124	0.0119	0.0092	0.0124	0.0059	0.0172	0.0183	0.0201	0.0009	0.0052	0.0016	
0.0188	0.0159	0.0186	0.0102	0.0063	0.0016	0.0001	0.0187	0.0085	0.0030	0.0118	0.0230	0.0045	0.0042	0.0074	0.0168	0.0174	0.0003	0.0087	0.0067	0.0182	0.0125	0.0045	0.0005	0.0180	0.0087	0.0174	0.0202	0.0021	0.0035	0.0070	0.0027	0.0150	0.0104	0.0173	0.0079	0.0121	0.0095	0.0010	0.0069	0.0221	0.0071	0.0155	0.0082	0.0013	0.0143	0.0056	0.0090	0.0235	0.0015	0.0040	0.0255	0.0158	0.0220	0.0080	0.0064	0.0127	0.0169	0.0169	0.0217	0.0089	0.0030	0.0162	0.0058	0.0206	0.0108	0.0057	0.0163	0.0105	0.0235	0.0050	0.0095	0.0220	0.0019	0.0086	0.0117	0.0216	0.0184	0.0218	0.0003	0.0020	0.0066	0.0211	0.0006	0.0230	0.0073	0.0107	0.0167	0.0032	0.0113	
0.0182	0.0173	0.0133	0.0028	0.0200	0.0187	0.0114	0.0078	0.0111	0.0114	0.0064	0.0109	0.0232	0.0215	0.0176	0.0166	0.0004	0.0118	0.0118	0.0174	0.0072	0.0138	0.0181	0.0141	0.0204	0.0011	0.0051	0.0135	0.0063	0.0119	0.0003	0.0119	0.0125	0.0203	0.0014	0.0084	0.0141	0.0184	0.0034	0.0112	0.0199	0.0135	0.0060	0.0066	0.0123	0.0110	0.0072	0.0185	0.0034	0.0040	0.0065	0.0203	0.0038	0.0081	0.0028	0.0039	0.0259	0.0195	0.0062	0.0203	0.0124	0.0153	0.0016	0.0001	0.0125	0.0202	0.0215	0.0197	0.0190	0.0096	0.0010	0.0037	0.0101	0.0009	0.0182	0.0161	0.0081	0.0087	0.0021	0.0052	0.0133	0.0055	0.0126	0.0018	0.0048	0.0037	0.0063	0.0052	0.0185	0.0196	
0.0097	0.0199	0.0121	0.0073	0.0227	0.0037	0.0104	0.0064	0.0173	0.0139	0.0122	0.0091	0.0004	0.0169	0.0029	0.0027	0.0098	0.0025	0.0113	0.0071	0.0177	0.0128	0.0205	0.0010	0.0049	0.0069	0.0062	0.0203	0.0188	0.0102	0.0136	0.0166	0.0026	0.0009	0.0194	0.0049	0.0136	0.0029	0.0015	0.0145	0.0082	0.0026	0.0146	0.0084	0.0133	0.0057	0.0057	0.0184	0.0222	0.0023	0.0178	0.0055	0.0197	0.0132	0.0012	0.0172	0.0266	0.0110	0.0024	0.0165	0.0208	0.0093	0.0097	0.0075	0.0025	0.0010	0.0069	0.0205	0.0164	0.0210	0.0107	0.0068	0.0012	0.0199	0.0221	0.0157	0.0218	0.0097	0.0104	0.0201	0.0006	0.0090	0.0010	0.0143	0.0159	0.0082	0.0186	0.0121	0.0230	0.0031	
0.0056	0.0037	0.0003	0.0105	0.0171	0.0217	0.0141	0.0068	0.0064	0.0118	0.0204	0.0068	0.0026	0.0011	0.0130	0.0110	0.0038	0.0201	0.0139	0.0075	0.0209	0.0128	0.0008	0.0042	0.0166	0.0120	0.0100	0.0181	0.0154	0.0180	0.0037	0.0181	0.0203	0.0144	0.0151	0.0070	0.0066	0.0163	0.0022	0.0007	0.0029	0.0153	0.0031	0.0208	0.0228	0.0159	0.0064	0.0224	0.0015	0.0045	0.0049	0.0256	0.0233	0.0151	0.0054	0.0154	0.0030	0.0188	0.0168	0.0064	0.0118	0.0175	0.0135	0.0122	0.0095	0.0067	0.0073	0.0105	0.0087	0.0070	0.0046	0.0128	0.0180	0.0126	0.0047	0.0067	0.0106	0.0028	0.0058	0.0211	0.0042	0.0089	0.0173	0.0110	0.0128	0.0036	0.0173	0.0066	0.0097	0.0225	
0.0044	0.0107	0.0210	0.0211	0.0122	0.0078	0.0229	0.0123	0.0111	0.0136	0.0085	0.0183	0.0150	0.0172	0.0002	0.0154	0.0050	0.0083	0.0104	0.0198	0.0054	0.0224	0.0142	0.0177	0.0022	0.0017	0.0011	0.0032	0.0006	0.0054	0.0119	0.0004	0.0019	0.0092	0.0022	0.0151	0.0129	0.0249	0.0009	0.0196	0.0069	0.0212	0.0146	0.0130	0.0113	0.0082	0.0157	0.0221	0.0111	0.0187	0.0221	0.0088	0.0190	0.0117	0.0198	0.0045	0.0226	0.0019	0.0168	0.0107	0.0065	0.0189	0.0109	0.0064	0.0031	0.0096	0.0167	0.0044	0.0153	0.0065	0.0022	0.0062	0.0078	0.0135	0.0139	0.0085	0.0086	0.0211	0.0072	0.0160	0.0056	0.0012	0.0148	0.0042	0.0065	0.0036	0.0043	0.0121	0.0147	0.0211	
0.0211	0.0128	0.0055	0.0153	0.0139	0.0118	0.0080	0.0077	0.0112	0.0023	0.0139	0.0147	0.0087	0.0047	0.0175	0.0178	0.0006	0.0053	0.0217	0.0090	0.0198	0.0220	0.0202	0.0010	0.0053	0.0056	0.0046	0.0085	0.0004	0.0259	0.0051	0.0035	0.0124	0.0191	0.0099	0.0132	0.0006	0.0199	0.0005	0.0034	0.0013	0.0020	0.0125	0.0055	0.0009	0.0155	0.0165	0.0115	0.0111	0.0141	0.0034	0.0266	0.0173	0.0073	0.0024	0.0225	0.0203	0.0043	0.0093	0.0093	0.0069	0.0226	0.0068	0.0122	0.0220	0.0135	0.0012	0.0134	0.0184	0.0041	0.0169	0.0066	0.0050	0.0185	0.0078	0.0172	0.0105	0.0128	0.0002	0.0130	0.0115	0.0152	0.0226	0.0107	0.0204	0.0061	0.0112	0.0059	0.0171	0.0119	
0.0158	0.0173	0.0075	0.0148	0.0162	0.0017	0.0152	0.0185	0.0064	0.0087	0.0102	0.0034	0.0159	0.0053	0.0155	0.0175	0.0146	0.0170	0.0189	0.0071	0.0099	0.0044	0.0037	0.0158	0.0194	0.0122	0.0012	0.0153	0.0131	0.0134	0.0013	0.0173	0.0154	0.0055	0.0061	0.0149	0.0175	0.0115	0.0178	0.0042	0.0187	0.0090	0.0034	0.0095	0.0189	0.0055	0.0171	0.0118	0.0110	0.0180	0.0100	0.0126	0.0058	0.0061	0.0222	0.0111	0.0145	0.0100	0.0145	0.0054	0.0006	0.0167	0.0058	0.0133	0.0089	0.0169	0.0057	0.0080	0.0180	0.0010	0.0205	0.0046	0.0193	0.0143	0.0077	0.0019	0.0012	0.0126	0.0182	0.0107	0.0116	0.0072	0.0060	0.0133	0.0033	0.0092	0.0097	0.0105	0.0063	0.0143	
0.0034	0.0082	0.0165	0.0154	0.0041	0.0009	0.0019	0.0097	0.0014	0.0016	0.0006	0.0110	0.0156	0.0109	0.0192	0.0057	0.0119	0.0110	0.0186	0.0193	0.0112	0.0002	0.0131	0.0045	0.0145	0.0138	0.0145	0.0126	0.0117	0.0217	0.0069	0.0168	0.0026	0.0048	0.0176	0.0130	0.0097	0.0070	0.0126	0.0074	0.0004	0.0140	0.0131	0.0178	0.0116	0.0022	0.0150	0.0160	0.0161	0.0200	0.0204	0.0000	0.0161	0.0096	0.0045	0.0029	0.0188	0.0118	0.0004	0.0132	0.0089	0.0090	0.0173	0.0028	0.0168	0.0075	0.0086	0.0093	0.0124	0.0076	0.0172	0.0052	0.0212	0.0116	0.0189	0.0191	0.0099	0.0155	0.0147	0.0109	0.0180	0.0177	0.0201	0.0130	0.0220	0.0067	0.0008	0.0140	0.0009	0.0155	
0.0175	0.0205	0.0069	0.0239	0.0202	0.0124	0.0153	0.0094	0.0023	0.0039	0.0139	0.0057	0.0038	0.0080	0.0020	0.0146	0.0012	0.0020	0.0126	0.0051	0.0153	0.0019	0.0200	0.0102	0.0179	0.0125	0.0130	0.0050	0.0031	0.0098	0.0064	0.0171	0.0087	0.0191	0.0104	0.0176	0.0190	0.0234	0.0126	0.0063	0.0052	0.0220	0.0134	0.0102	0.0174	0.0123	0.0126	0.0110	0.0124	0.0067	0.0058	0.0216	0.0018	0.0173	0.0001	0.0155	0.0014	0.0172	0.0056	0.0081	0.0212	0.0095	0.0061	0.0138	0.0205	0.0005	0.0186	0.0057	0.0185	0.0048	0.0170	0.0019	0.0104	0.0066	0.0001	0.0169	0.0106	0.0076	0.0145	0.0023	0.0180	0.0010	0.0145	0.0175	0.0040	0.0076	0.0133	0.0126	0.0187	0.0171	
0.0169	0.0024	0.0150	0.0062	0.0065	0.0174	0.0133	0.0180	0.0117	0.0138	0.0132	0.0079	0.0152	0.0071	0.0102	0.0040	0.0095	0.0156	0.0168	0.0047	0.0048	0.0137	0.0027	0.0033	0.0108	0.0219	0.0170	0.0092	0.0101	0.0118	0.0088	0.0052	0.0078	0.0017	0.0079	0.0132	0.0077	0.0046	0.0211	0.0043	0.0034	0.0134	0.0159	0.0190	0.0077	0.0094	0.0077	0.0069	0.0056	0.0203	0.0204	0.0204	0.0216	0.0138	0.0129	0.0024	0.0224	0.0114	0.0151	0.0086	0.0004	0.0024	0.0079	0.0008	0.0084	0.0120	0.0213	0.0109	0.0185	0.0183	0.0186	0.0057	0.0182	0.0117	0.0010	0.0123	0.0204	0.0042	0.0176	0.0185	0.0107	0.0082	0.0050	0.0092	0.0159	0.0100	0.0069	0.0156	0.0124	0.0057	
0.0150	0.0208	0.0101	0.0144	0.0051	0.0008	0.0039	0.0177	0.0133	0.0162	0.0104	0.0192	0.0113	0.0093	0.0042	0.0148	0.0020	0.0061	0.0134	0.0217	0.0046	0.0180	0.0194	0.0196	0.0227	0.0141	0.0245	0.0193	0.0102	0.0215	0.0043	0.0058	0.0008	0.0161	0.0045	0.0222	0.0179	0.0038	0.0081	0.0004	0.0116	0.0053	0.0151	0.0006	0.0094	0.0171	0.0219	0.0205	0.0078	0.0005	0.0111	0.0027	0.0040	0.0175	0.0015	0.0179	0.0026	0.0142	0.0187	0.0149	0.0028	0.0052	0.0070	0.0170	0.0137	0.0080	0.0195	0.0165	0.0033	0.0047	0.0179	0.0198	0.0239	0.0147	0.0090	0.0004	0.0030	0.0168	0.0103	0.0021	0.0141	0.0015	0.0154	0.0079	0.0087	0.0019	0.0015	0.0079	0.0142	0.0091	
0.0195	0.0051	0.0087	0.0202	0.0202	0.0061	0.0190	0.0198	0.0087	0.0014	0.0203	0.0054	0.0170	0.0028	0.0041	0.0118	0.0047	0.0115	0.0068	0.0009	0.0163	0.0085	0.0043	0.0146	0.0258	0.0012	0.0147	0.0212	0.0078	0.0119	0.0061	0.0103	0.0026	0.0179	0.0059	0.0122	0.0110	0.0034	0.0141	0.0022	0.0039	0.0040	0.0069	0.0077	0.0024	0.0081	0.0065	0.0106	0.0037	0.0178	0.0202	0.0120	0.0008	0.0130	0.0158	0.0116	0.0011	0.0153	0.0182	0.0190	0.0141	0.0189	0.0120	0.0191	0.0191	0.0139	0.0028	0.0184	0.0194	0.0137	0.0005	0.0016	0.0188	0.0047	0.0199	0.0134	0.0021	0.0174	0.0121	0.0129	0.0144	0.0032	0.0173	0.0118	0.0151	0.0169	0.0083	0.0109	0.0045	0.0176	
0.0122	0.0192	0.0070	0.0222	0.0103	0.0075	0.0124	0.0081	0.0116	0.0105	0.0049	0.0094	0.0150	0.0122	0.0158	0.0186	0.0148	0.0178	0.0154	0.0222	0.0089	0.0047	0.0032	0.0054	0.0036	0.0112	0.0004	0.0019	0.0055	0.0010	0.0048	0.0149	0.0146	0.0018	0.0009	0.0043	0.0162	0.0234	0.0165	0.0115	0.0009	0.0170	0.0062	0.0010	0.0073	0.0054	0.0106	0.0058	0.0163	0.0179	0.0019	0.0134	0.0204	0.0048	0.0089	0.0071	0.0164	0.0014	0.0151	0.0232	0.0070	0.0095	0.0026	0.0103	0.0076	0.0161	0.0166	0.0110	0.0110	0.0131	0.0018	0.0170	0.0018	0.0035	0.0214	0.0148	0.0219	0.0020	0.0205	0.0187	0.0197	0.0153	0.0083	0.0091	0.0235	0.0140	0.0156	0.0103	0.0172	0.0155	
0.0114	0.0164	0.0062	0.0172	0.0055	0.0138	0.0130	0.0166	0.0163	0.0125	0.0095	0.0212	0.0186	0.0029	0.0155	0.0089	0.0108	0.0142	0.0056	0.0147	0.0081	0.0124	0.0031	0.0181	0.0014	0.0131	0.0024	0.0137	0.0125	0.0150	0.0211	0.0058	0.0173	0.0178	0.0014	0.0083	0.0079	0.0073	0.0200	0.0079	0.0029	0.0048	0.0079	0.0060	0.0071	0.0197	0.0204	0.0050	0.0156	0.0128	0.0045	0.0021	0.0062	0.0026	0.0078	0.0177	0.0145	0.0100	0.0147	0.0162	0.0106	0.0171	0.0041	0.0017	0.0159	0.0074	0.0040	0.0195	0.0011	0.0079	0.0002	0.0031	0.0192	0.0204	0.0115	0.0041	0.0052	0.0188	0.0114	0.0018	0.0122	0.0186	0.0235	0.0190	0.0109	0.0179	0.0194	0.0147	0.0116	0.0033	
0.0181	0.0219	0.0145	0.0071	0.0195	0.0055	0.0220	0.0057	0.0117	0.0002	0.0177	0.0008	0.0043	0.0075	0.0105	0.0013	0.0076	0.0076	0.0135	0.0024	0.0149	0.0158	0.0225	0.0136	0.0022	0.0147	0.0196	0.0051	0.0135	0.0197	0.0077	0.0116	0.0090	0.0208	0.0117	0.0015	0.0114	0.0122	0.0211	0.0056	0.0053	0.0214	0.0063	0.0116	0.0068	0.0117	0.0129	0.0147	0.0101	0.0084	0.0117	0.0152	0.0019	0.0079	0.0120	0.0028	0.0231	0.0007	0.0037	0.0061	0.0084	0.0165	0.0135	0.0139	0.0169	0.0083	0.0124	0.0054	0.0184	0.0104	0.0141	0.0229	0.0077	0.0074	0.0198	0.0171	0.0107	0.0095	0.0071	0.0121	0.0200	0.0049	0.0171	0.0054	0.0091	0.0143	0.0086	0.0012	0.0104	0.0085	

Emissions
0.0170	0.1646	0.0955	0.1627	0.1816	0.1092	0.0886	0.1808	
0.0998	0.1842	0.1748	0.0453	0.0990	0.1264	0.1479	0.1227	
0.0669	0.2077	0.0778	0.1636	0.0955	0.0812	0.1701	0.1373	
0.0597	0.0423	0.3071	0.0756	0.0649	0.0003	0.2807	0.1694	
0.1931	0.1547	0.1150	0.0208	0.1069	0.1428	0.1435	0.1232	
0.0849	0.2401	0.1309	0.0703	0.0879	0.0948	0.0907	0.2005	
0.0620	0.1933	0.1061	0.0930	0.0917	0.1466	0.1737	0.1336	
0.1460	0.1853	0.0757	0.1392	0.0829	0.1364	0.0499	0.1846	
0.2257	0.1373	0.1219	0.0872	0.0931	0.1377	0.0306	0.1664	
0.0891	0.0456	0.0529	0.2630	0.2075	0.0703	0.0177	0.2538	
0.1923	0.0323	0.0054	0.1526	0.1519	0.0914	0.3679	0.0062	
0.0914	0.2103	0.0906	0.1020	0.0432	0.1317	0.1819	0.1489	
0.1767	0.3121	0.1379	0.0380	0.0031	0.0052	0.1024	0.2247	
0.0987	0.2029	0.1025	0.0670	0.0943	0.1782	0.1356	0.1207	
0.1930	0.2185	0.0041	0.1402	0.1384	0.1005	0.0555	0.1499	
0.1113	0.1895	0.1571	0.1659	0.0761	0.0530	0.0976	0.1496	
0.0698	0.2070	0.0120	0.0282	0.1470	0.1525	0.2033	0.1804	
0.1600	0.0907	0.1446	0.1676	0.1225	0.0726	0.0920	0.1500	
0.0572	0.2873	0.0650	0.1169	0.1467	0.0860	0.2249	0.0162	
0.1482	0.2601	0.1424	0.1153	0.0579	0.1172	0.0676	0.0914	
0.0790	0.2209	0.0365	0.1681	0.1268	0.0738	0.1314	0.1635	
0.2235	0.0883	0.0908	0.1245	0.0887	0.0500	0.1563	0.1779	
0.0221	0.2577	0.0813	0.0927	0.0131	0.1222	0.1947	0.2163	
0.3217	0.0079	0.2632	0.0123	0.0582	0.1019	0.1805	0.0542	
0.0258	0.2296	0.0853	0.0122	0.0641	0.0931	0.2537	0.2362	
0.0653	0.1765	0.2387	0.0998	0.1526	0.0579	0.1307	0.0785	
0.0268	0.2802	0.0864	0.1004	0.0587	0.1467	0.0801	0.2207	
0.0142	0.1041	0.0191	0.2265	0.1744	0.1093	0.1648	0.1875	
0.3018	0.2109	0.0604	0.0231	0.0013	0.1020	0.1526	0.1480	
0.0279	0.2300	0.1177	0.1503	0.0017	0.1262	0.0835	0.2627	
0.0977	0.0725	0.2172	0.0528	0.1396	0.1557	0.1758	0.0885	
0.0566	0.1672	0.2222	0.0039	0.0581	0.1523	0.1812	0.1586	
0.3646	0.0156	0.1022	0.0155	0.1925	0.0712	0.0826	0.1558	
0.0460	0.2020	0.0720	0.1440	0.0694	0.1139	0.1905	0.1621	
0.0308	0.1900	0.0454	0.2844	0.1286	0.0447	0.2668	0.0094	
0.2536	0.0215	0.1928	0.1074	0.1450	0.1258	0.0914	0.0625	
0.1913	0.1790	0.0970	0.2482	0.0048	0.0250	0.1889	0.0658	
0.0314	0.1992	0.0256	0.0850	0.1224	0.0101	0.3175	0.2089	
0.1538	0.1043	0.2740	0.1537	0.1161	0.0249	0.0027	0.1704	
0.0598	0.1169	0.0483	0.1525	0.0947	0.1546	0.1973	0.1759	
0.0800	0.0298	0.1843	0.1471	0.1190	0.1150	0.1277	0.1971	
0.1388	0.2892	0.1212	0.0407	0.0169	0.0883	0.1072	0.1976	
0.0368	0.0155	0.1244	0.1304	0.1511	0.0864	0.2216	0.2337	
0.1286	0.0605	0.1863	0.1332	0.1806	0.0232	0.2166	0.0709	
0.1752	0.1530	0.2048	0.1221	0.0100	0.0382	0.2507	0.0460	
0.1601	0.0214	0.0921	0.1429	0.0890	0.1582	0.1302	0.2061	
0.2989	0.1734	0.1505	0.1579	0.0795	0.0924	0.0230	0.0243	
0.1123	0.1202	0.0443	0.1166	0.0114	0.2002	0.2545	0.1406	
0.0198	0.0951	0.1092	0.1008	0.1110	0.1609	0.1703	0.2329	
0.0365	0.0997	0.1265	0.1363	0.1831	0.1578	0.0300	0.2300	
0.0915	0.2335	0.2006	0.0693	0.0757	0.0508	0.1989	0.0797	
0.0682	0.2189	0.2559	0.1228	0.0086	0.0506	0.0276	0.2474	
0.0357	0.3262	0.2366	0.0324	0.0907	0.2203	0.0270	0.0311	
0.1736	0.2375	0.0780	0.0272	0.1527	0.0938	0.0332	0.2039	
0.0465	0.1017	0.2484	0.0214	0.0393	0.0647	0.2507	0.2274	
0.1109	0.0399	0.0570	0.1993	0.1567	0.0059	0.2087	0.2216	
0.0507	0.2431	0.0883	0.0088	0.0312	0.1999	0.1211	0.2568	
0.1483	0.1445	0.1319	0.1247	0.1111	0.0995	0.0738	0.1662	
0.1125	0.0385	0.1050	0.1191	0.0538	0.1823	0.1664	0.2225	
0.1423	0.2177	0.2151	0.0394	0.1092	0.0333	0.0344	0.2086	
0.2796	0.1767	0.1531	0.0858	0.0296	0.0153	0.1786	0.0813	
0.2235	0.0383	0.0505	0.1406	0.0818	0.0438	0.2441	0.1774	
0.2080	0.1497	0.0621	0.2180	0.1138	0.0291	0.1646	0.0547	
0.2688	0.2056	0.0290	0.1024	0.0601	0.0231	0.0747	0.2363	
0.1058	0.0421	0.2239	0.0801	0.1587	0.0204	0.2035	0.1655	
0.1749	0.0329	0.2039	0.0649	0.1681	0.0059	0.1136	0.2358	
0.1255	0.2539	0.1543	0.0248	0.1496	0.0632	0.0167	0.2120	
0.2579	0.2055	0.0331	0.1722	0.1243	0.0318	0.0135	0.1618	
0.1506	0.1627	0.0404	0.0639	0.0785	0.1089	0.2279	0.1671	
0.1263	0.2055	0.0834	0.0855	0.0734	0.0668	0.1190	0.2401	
0.0774	0.1866	0.1431	0.1260	0.1213	0.0136	0.2832	0.0488	
0.0278	0.0318	0.1925	0.0214	0.2895	0.0051	0.3057	0.1262	
0.0020	0.3471	0.0906	0.0200	0.2022	0.2233	0.0585	0.0563	
0.2162	0.2593	0.0683	0.0194	0.1496	0.0809	0.0751	0.1312	
0.0389	0.1056	0.1358	0.0886	0.1280	0.1517	0.0845	0.2668	
0.2049	0.0039	0.0666	0.1145	0.0361	0.1573	0.2305	0.1862	
0.0602	0.0516	0.3112	0.1606	0.0301	0.1627	0.0423	0.1814	
0.0494	0.1394	0.1641	0.1138	0.1328	0.1751	0.0493	0.1762	
0.1597	0.2158	0.1222	0.0951	0.0801	0.1372	0.1250	0.0648	
0.1000	0.1109	0.0480	0.1647	0.0717	0.1034	0.1982	0.2031	
0.1990	0.1446	0.0910	0.1742	0.1039	0.0723	0.0886	0.1264	
0.1358	0.0457	0.1661	0.1074	0.0967	0.3031	0.1239	0.0212	
0.1991	0.2871	0.1926	0.0866	0.0245	0.0910	0.0454	0.0737	
0.1406	0.0846	0.0381	0.1629	0.0353	0.0609	0.2837	0.1938	
0.1051	0.1721	0.2517	0.0038	0.1924	0.0713	0.1753	0.0283	
0.0720	0.0149	0.0900	0.1047	0.1930	0.1092	0.0426	0.3737	
0.0706	0.1038	0.0026	0.1899	0.0080	0.1344	0.2886	0.2023	
0.0970	0.1997	0.1024	0.1418	0.1056	0.1795	0.1737	0.0002	
0.0412	0.2147	0.2220	0.1186	0.1696	0.0348	0.0350	0.1642	
0.0914	0.3155	0.0160	0.0310	0.0664	0.1834	0.2215	0.0748	
