DataSet 37
Learner: Baum Welch Learner
Log Likelihood: 71256.9203208195

Number of States: 80
Number of Symbols: 8
Threshold: 0.01

Initial Distribution:
0.0088	0.0192	0.0132	0.0152	0.0151	0.0059	0.0182	0.0050	0.0223	0.0052	0.0064	0.0293	0.0103	0.0264	0.0017	0.0000	0.0062	0.0028	0.0034	0.0093	0.0107	0.0000	0.0234	0.0068	0.0075	0.0093	0.0258	0.0119	0.0193	0.0051	0.0029	0.0160	0.0512	0.0253	0.0007	0.0043	0.0208	0.0239	0.0028	0.0469	0.0212	0.0015	0.0327	0.0090	0.0114	0.0024	0.0103	0.0040	0.0135	0.0104	0.0100	0.0142	0.0257	0.0147	0.0204	0.0055	0.0028	0.0024	0.0023	0.0039	0.0103	0.0077	0.0083	0.0034	0.0039	0.0058	0.0171	0.0261	0.0147	0.0221	0.0000	0.0105	0.0302	0.0058	0.0176	0.0131	0.0017	0.0057	0.0305	0.0083	

Transitions:
0.0236	0.0190	0.0255	0.0100	0.0033	0.0124	0.0030	0.0104	0.0038	0.0161	0.0003	0.0233	0.0248	0.0197	0.0144	0.0132	0.0177	0.0162	0.0075	0.0052	0.0060	0.0104	0.0090	0.0159	0.0128	0.0052	0.0176	0.0145	0.0192	0.0058	0.0080	0.0237	0.0077	0.0198	0.0085	0.0149	0.0091	0.0002	0.0023	0.0142	0.0071	0.0129	0.0188	0.0052	0.0228	0.0026	0.0138	0.0032	0.0149	0.0085	0.0213	0.0112	0.0202	0.0123	0.0022	0.0149	0.0111	0.0066	0.0237	0.0253	0.0193	0.0121	0.0154	0.0255	0.0072	0.0022	0.0159	0.0013	0.0112	0.0006	0.0034	0.0158	0.0142	0.0170	0.0215	0.0183	0.0159	0.0039	0.0175	0.0095	
0.0153	0.0134	0.0259	0.0098	0.0093	0.0201	0.0017	0.0210	0.0169	0.0197	0.0045	0.0015	0.0026	0.0034	0.0194	0.0205	0.0209	0.0190	0.0184	0.0202	0.0122	0.0119	0.0146	0.0139	0.0046	0.0032	0.0226	0.0026	0.0161	0.0096	0.0255	0.0053	0.0099	0.0107	0.0060	0.0064	0.0148	0.0065	0.0143	0.0101	0.0003	0.0173	0.0085	0.0158	0.0208	0.0014	0.0140	0.0103	0.0240	0.0046	0.0219	0.0199	0.0071	0.0001	0.0190	0.0042	0.0225	0.0116	0.0051	0.0064	0.0226	0.0223	0.0053	0.0077	0.0187	0.0215	0.0163	0.0132	0.0219	0.0139	0.0046	0.0136	0.0077	0.0093	0.0202	0.0189	0.0038	0.0003	0.0150	0.0037	
0.0151	0.0104	0.0050	0.0102	0.0104	0.0060	0.0226	0.0114	0.0176	0.0028	0.0082	0.0035	0.0015	0.0075	0.0118	0.0016	0.0130	0.0003	0.0176	0.0230	0.0111	0.0261	0.0134	0.0080	0.0003	0.0096	0.0102	0.0210	0.0056	0.0294	0.0010	0.0216	0.0163	0.0017	0.0164	0.0148	0.0198	0.0205	0.0232	0.0125	0.0232	0.0040	0.0210	0.0193	0.0068	0.0009	0.0120	0.0236	0.0244	0.0181	0.0098	0.0030	0.0052	0.0177	0.0162	0.0169	0.0222	0.0209	0.0100	0.0006	0.0198	0.0022	0.0057	0.0191	0.0015	0.0121	0.0121	0.0256	0.0162	0.0236	0.0082	0.0158	0.0021	0.0041	0.0225	0.0073	0.0018	0.0176	0.0017	0.0232	
0.0233	0.0111	0.0258	0.0124	0.0157	0.0234	0.0170	0.0247	0.0096	0.0021	0.0200	0.0221	0.0125	0.0210	0.0196	0.0261	0.0249	0.0049	0.0154	0.0211	0.0155	0.0136	0.0079	0.0008	0.0113	0.0189	0.0008	0.0013	0.0227	0.0121	0.0147	0.0026	0.0176	0.0101	0.0024	0.0108	0.0054	0.0191	0.0027	0.0037	0.0200	0.0130	0.0151	0.0150	0.0062	0.0110	0.0059	0.0053	0.0101	0.0020	0.0101	0.0244	0.0021	0.0070	0.0091	0.0116	0.0028	0.0247	0.0015	0.0247	0.0220	0.0148	0.0032	0.0252	0.0132	0.0148	0.0027	0.0002	0.0207	0.0100	0.0189	0.0042	0.0027	0.0128	0.0004	0.0028	0.0257	0.0188	0.0185	0.0004	
0.0132	0.0219	0.0190	0.0196	0.0008	0.0178	0.0004	0.0135	0.0012	0.0187	0.0085	0.0083	0.0211	0.0055	0.0070	0.0051	0.0100	0.0166	0.0005	0.0173	0.0090	0.0061	0.0104	0.0252	0.0107	0.0058	0.0205	0.0144	0.0074	0.0080	0.0152	0.0092	0.0019	0.0010	0.0101	0.0016	0.0268	0.0103	0.0256	0.0214	0.0148	0.0162	0.0239	0.0031	0.0027	0.0103	0.0125	0.0234	0.0074	0.0230	0.0211	0.0065	0.0189	0.0036	0.0174	0.0079	0.0121	0.0186	0.0098	0.0236	0.0234	0.0117	0.0061	0.0222	0.0034	0.0262	0.0069	0.0175	0.0216	0.0056	0.0065	0.0248	0.0188	0.0034	0.0023	0.0197	0.0074	0.0074	0.0212	0.0002	
0.0184	0.0225	0.0073	0.0101	0.0126	0.0076	0.0155	0.0245	0.0088	0.0031	0.0189	0.0061	0.0011	0.0026	0.0224	0.0024	0.0085	0.0040	0.0204	0.0038	0.0040	0.0219	0.0014	0.0015	0.0162	0.0207	0.0138	0.0153	0.0013	0.0283	0.0004	0.0033	0.0165	0.0082	0.0018	0.0009	0.0057	0.0205	0.0076	0.0201	0.0086	0.0076	0.0073	0.0182	0.0137	0.0260	0.0229	0.0162	0.0042	0.0002	0.0107	0.0021	0.0077	0.0177	0.0205	0.0250	0.0226	0.0056	0.0220	0.0196	0.0183	0.0238	0.0214	0.0100	0.0025	0.0129	0.0124	0.0157	0.0011	0.0217	0.0222	0.0127	0.0240	0.0029	0.0200	0.0205	0.0141	0.0092	0.0111	0.0156	
0.0208	0.0246	0.0119	0.0011	0.0136	0.0247	0.0217	0.0017	0.0127	0.0034	0.0065	0.0002	0.0003	0.0145	0.0015	0.0100	0.0104	0.0217	0.0132	0.0016	0.0145	0.0062	0.0134	0.0057	0.0036	0.0235	0.0049	0.0047	0.0255	0.0291	0.0122	0.0125	0.0150	0.0046	0.0210	0.0230	0.0152	0.0215	0.0237	0.0043	0.0174	0.0101	0.0050	0.0240	0.0179	0.0231	0.0127	0.0085	0.0019	0.0116	0.0120	0.0155	0.0187	0.0105	0.0023	0.0165	0.0101	0.0062	0.0239	0.0176	0.0182	0.0159	0.0028	0.0128	0.0172	0.0197	0.0081	0.0190	0.0189	0.0047	0.0211	0.0140	0.0017	0.0099	0.0095	0.0038	0.0008	0.0175	0.0117	0.0070	
0.0095	0.0204	0.0027	0.0114	0.0123	0.0204	0.0168	0.0069	0.0023	0.0053	0.0144	0.0076	0.0245	0.0050	0.0090	0.0017	0.0065	0.0148	0.0044	0.0239	0.0140	0.0168	0.0133	0.0206	0.0156	0.0223	0.0129	0.0074	0.0018	0.0258	0.0152	0.0158	0.0147	0.0140	0.0054	0.0216	0.0131	0.0140	0.0241	0.0180	0.0009	0.0001	0.0159	0.0118	0.0147	0.0115	0.0144	0.0205	0.0005	0.0070	0.0211	0.0080	0.0101	0.0116	0.0158	0.0181	0.0065	0.0056	0.0222	0.0158	0.0079	0.0088	0.0048	0.0037	0.0134	0.0195	0.0158	0.0064	0.0241	0.0112	0.0127	0.0159	0.0185	0.0083	0.0214	0.0127	0.0253	0.0025	0.0047	0.0039	
0.0074	0.0168	0.0078	0.0196	0.0013	0.0069	0.0060	0.0050	0.0239	0.0128	0.0173	0.0073	0.0191	0.0083	0.0115	0.0184	0.0212	0.0140	0.0189	0.0201	0.0205	0.0077	0.0200	0.0120	0.0184	0.0050	0.0149	0.0005	0.0161	0.0037	0.0214	0.0037	0.0001	0.0166	0.0072	0.0191	0.0028	0.0109	0.0027	0.0076	0.0142	0.0104	0.0090	0.0123	0.0230	0.0059	0.0251	0.0093	0.0254	0.0071	0.0195	0.0098	0.0056	0.0092	0.0073	0.0261	0.0226	0.0211	0.0006	0.0230	0.0170	0.0054	0.0135	0.0201	0.0159	0.0121	0.0087	0.0001	0.0009	0.0199	0.0147	0.0086	0.0119	0.0129	0.0056	0.0111	0.0264	0.0080	0.0133	0.0132	
0.0062	0.0044	0.0016	0.0080	0.0087	0.0103	0.0221	0.0152	0.0102	0.0083	0.0229	0.0072	0.0121	0.0056	0.0154	0.0108	0.0219	0.0130	0.0165	0.0104	0.0224	0.0254	0.0082	0.0046	0.0185	0.0110	0.0236	0.0161	0.0045	0.0250	0.0013	0.0121	0.0042	0.0114	0.0136	0.0138	0.0048	0.0067	0.0116	0.0061	0.0134	0.0181	0.0141	0.0179	0.0249	0.0061	0.0230	0.0054	0.0237	0.0220	0.0167	0.0105	0.0140	0.0047	0.0134	0.0080	0.0211	0.0234	0.0150	0.0247	0.0126	0.0056	0.0104	0.0141	0.0059	0.0084	0.0033	0.0231	0.0165	0.0028	0.0051	0.0135	0.0024	0.0113	0.0212	0.0055	0.0101	0.0143	0.0054	0.0127	
0.0137	0.0170	0.0199	0.0073	0.0053	0.0169	0.0230	0.0263	0.0236	0.0083	0.0181	0.0070	0.0195	0.0132	0.0182	0.0087	0.0069	0.0012	0.0099	0.0160	0.0031	0.0002	0.0135	0.0206	0.0184	0.0025	0.0072	0.0018	0.0092	0.0111	0.0249	0.0047	0.0136	0.0017	0.0099	0.0220	0.0123	0.0036	0.0089	0.0130	0.0095	0.0033	0.0001	0.0088	0.0109	0.0241	0.0211	0.0143	0.0193	0.0141	0.0258	0.0080	0.0049	0.0153	0.0093	0.0143	0.0028	0.0253	0.0163	0.0031	0.0091	0.0208	0.0161	0.0146	0.0087	0.0135	0.0187	0.0149	0.0045	0.0223	0.0220	0.0029	0.0174	0.0189	0.0049	0.0245	0.0001	0.0057	0.0082	0.0192	
0.0060	0.0177	0.0082	0.0194	0.0089	0.0152	0.0237	0.0234	0.0168	0.0214	0.0183	0.0116	0.0136	0.0054	0.0054	0.0146	0.0120	0.0108	0.0206	0.0218	0.0050	0.0057	0.0087	0.0191	0.0177	0.0203	0.0141	0.0089	0.0110	0.0105	0.0129	0.0218	0.0131	0.0196	0.0192	0.0165	0.0134	0.0206	0.0043	0.0166	0.0121	0.0176	0.0215	0.0072	0.0043	0.0083	0.0143	0.0111	0.0147	0.0161	0.0129	0.0133	0.0063	0.0102	0.0134	0.0006	0.0093	0.0127	0.0013	0.0132	0.0007	0.0140	0.0117	0.0076	0.0081	0.0218	0.0232	0.0168	0.0088	0.0143	0.0003	0.0141	0.0064	0.0045	0.0096	0.0116	0.0076	0.0018	0.0138	0.0093	
0.0071	0.0027	0.0213	0.0209	0.0225	0.0245	0.0154	0.0041	0.0062	0.0225	0.0081	0.0262	0.0258	0.0151	0.0185	0.0279	0.0057	0.0157	0.0202	0.0078	0.0125	0.0253	0.0027	0.0009	0.0175	0.0246	0.0073	0.0020	0.0011	0.0032	0.0201	0.0074	0.0198	0.0167	0.0058	0.0243	0.0246	0.0180	0.0113	0.0089	0.0066	0.0195	0.0108	0.0141	0.0079	0.0005	0.0204	0.0157	0.0119	0.0135	0.0079	0.0179	0.0036	0.0084	0.0214	0.0108	0.0000	0.0190	0.0041	0.0266	0.0171	0.0120	0.0030	0.0038	0.0024	0.0004	0.0032	0.0039	0.0106	0.0213	0.0013	0.0121	0.0047	0.0128	0.0014	0.0191	0.0124	0.0129	0.0169	0.0159	
0.0026	0.0175	0.0158	0.0129	0.0195	0.0016	0.0033	0.0143	0.0182	0.0214	0.0265	0.0029	0.0136	0.0119	0.0175	0.0191	0.0149	0.0074	0.0091	0.0066	0.0218	0.0156	0.0044	0.0159	0.0110	0.0186	0.0117	0.0151	0.0072	0.0046	0.0244	0.0107	0.0197	0.0119	0.0187	0.0004	0.0238	0.0142	0.0083	0.0011	0.0203	0.0134	0.0099	0.0134	0.0208	0.0233	0.0235	0.0171	0.0204	0.0083	0.0038	0.0032	0.0033	0.0114	0.0173	0.0109	0.0135	0.0266	0.0017	0.0009	0.0138	0.0126	0.0062	0.0131	0.0230	0.0119	0.0042	0.0009	0.0160	0.0172	0.0208	0.0000	0.0004	0.0087	0.0099	0.0085	0.0071	0.0167	0.0166	0.0139	
0.0213	0.0179	0.0222	0.0220	0.0002	0.0195	0.0071	0.0119	0.0199	0.0091	0.0151	0.0217	0.0143	0.0061	0.0100	0.0104	0.0070	0.0180	0.0120	0.0107	0.0187	0.0234	0.0012	0.0019	0.0131	0.0041	0.0027	0.0177	0.0030	0.0102	0.0054	0.0197	0.0048	0.0118	0.0040	0.0211	0.0180	0.0079	0.0142	0.0032	0.0045	0.0176	0.0054	0.0073	0.0042	0.0225	0.0116	0.0189	0.0243	0.0002	0.0022	0.0113	0.0017	0.0076	0.0179	0.0260	0.0176	0.0199	0.0112	0.0225	0.0161	0.0126	0.0085	0.0112	0.0035	0.0176	0.0193	0.0227	0.0027	0.0135	0.0173	0.0233	0.0066	0.0093	0.0055	0.0017	0.0181	0.0181	0.0198	0.0154	
0.0169	0.0088	0.0220	0.0024	0.0066	0.0189	0.0183	0.0219	0.0183	0.0050	0.0044	0.0230	0.0268	0.0155	0.0097	0.0177	0.0079	0.0165	0.0027	0.0113	0.0045	0.0139	0.0141	0.0085	0.0085	0.0036	0.0040	0.0153	0.0029	0.0211	0.0086	0.0238	0.0167	0.0183	0.0039	0.0078	0.0204	0.0062	0.0048	0.0083	0.0242	0.0213	0.0052	0.0227	0.0105	0.0188	0.0012	0.0147	0.0245	0.0150	0.0200	0.0227	0.0146	0.0111	0.0105	0.0047	0.0189	0.0113	0.0218	0.0035	0.0144	0.0024	0.0184	0.0007	0.0192	0.0052	0.0028	0.0025	0.0141	0.0025	0.0214	0.0015	0.0144	0.0156	0.0106	0.0083	0.0072	0.0175	0.0204	0.0135	
0.0022	0.0153	0.0197	0.0136	0.0265	0.0121	0.0080	0.0099	0.0087	0.0274	0.0182	0.0086	0.0148	0.0014	0.0194	0.0279	0.0006	0.0052	0.0011	0.0060	0.0165	0.0269	0.0249	0.0228	0.0193	0.0188	0.0080	0.0216	0.0005	0.0033	0.0269	0.0004	0.0124	0.0050	0.0012	0.0007	0.0140	0.0072	0.0018	0.0091	0.0238	0.0205	0.0202	0.0152	0.0145	0.0148	0.0160	0.0145	0.0003	0.0156	0.0096	0.0015	0.0185	0.0179	0.0228	0.0040	0.0164	0.0227	0.0227	0.0080	0.0049	0.0109	0.0089	0.0057	0.0018	0.0149	0.0259	0.0072	0.0002	0.0191	0.0118	0.0206	0.0038	0.0161	0.0084	0.0231	0.0049	0.0104	0.0085	0.0050	
0.0025	0.0178	0.0231	0.0105	0.0191	0.0209	0.0083	0.0203	0.0069	0.0229	0.0116	0.0163	0.0131	0.0174	0.0047	0.0130	0.0096	0.0126	0.0100	0.0242	0.0172	0.0084	0.0117	0.0069	0.0040	0.0147	0.0238	0.0004	0.0103	0.0003	0.0262	0.0046	0.0085	0.0137	0.0039	0.0114	0.0162	0.0221	0.0113	0.0047	0.0056	0.0005	0.0228	0.0023	0.0079	0.0182	0.0068	0.0089	0.0115	0.0219	0.0139	0.0159	0.0230	0.0098	0.0108	0.0209	0.0056	0.0156	0.0073	0.0048	0.0222	0.0075	0.0099	0.0066	0.0205	0.0054	0.0083	0.0199	0.0158	0.0177	0.0221	0.0114	0.0032	0.0059	0.0175	0.0157	0.0093	0.0100	0.0209	0.0112	
0.0074	0.0128	0.0145	0.0120	0.0109	0.0094	0.0061	0.0231	0.0035	0.0094	0.0060	0.0006	0.0170	0.0061	0.0059	0.0241	0.0143	0.0156	0.0031	0.0023	0.0104	0.0107	0.0165	0.0159	0.0003	0.0021	0.0114	0.0161	0.0178	0.0219	0.0115	0.0188	0.0125	0.0193	0.0199	0.0098	0.0192	0.0213	0.0200	0.0119	0.0226	0.0079	0.0154	0.0053	0.0125	0.0202	0.0194	0.0204	0.0002	0.0196	0.0022	0.0148	0.0062	0.0191	0.0009	0.0228	0.0209	0.0217	0.0128	0.0097	0.0211	0.0128	0.0058	0.0087	0.0200	0.0104	0.0112	0.0183	0.0096	0.0190	0.0034	0.0159	0.0218	0.0129	0.0028	0.0022	0.0190	0.0117	0.0034	0.0043	
0.0067	0.0170	0.0191	0.0240	0.0183	0.0234	0.0148	0.0201	0.0224	0.0281	0.0187	0.0247	0.0119	0.0117	0.0152	0.0111	0.0014	0.0089	0.0064	0.0027	0.0125	0.0011	0.0121	0.0041	0.0192	0.0114	0.0195	0.0190	0.0213	0.0303	0.0044	0.0085	0.0161	0.0088	0.0035	0.0095	0.0263	0.0092	0.0195	0.0027	0.0240	0.0199	0.0001	0.0110	0.0066	0.0072	0.0082	0.0137	0.0004	0.0209	0.0013	0.0100	0.0057	0.0016	0.0208	0.0061	0.0041	0.0141	0.0080	0.0089	0.0037	0.0223	0.0246	0.0239	0.0220	0.0082	0.0051	0.0018	0.0082	0.0064	0.0122	0.0186	0.0206	0.0044	0.0046	0.0193	0.0010	0.0019	0.0224	0.0104	
0.0025	0.0058	0.0184	0.0004	0.0245	0.0222	0.0022	0.0186	0.0149	0.0254	0.0067	0.0114	0.0020	0.0094	0.0250	0.0017	0.0202	0.0040	0.0129	0.0279	0.0024	0.0066	0.0047	0.0210	0.0080	0.0092	0.0191	0.0010	0.0254	0.0021	0.0054	0.0018	0.0137	0.0227	0.0053	0.0266	0.0067	0.0261	0.0276	0.0014	0.0057	0.0148	0.0138	0.0109	0.0011	0.0006	0.0175	0.0092	0.0066	0.0035	0.0002	0.0255	0.0135	0.0239	0.0081	0.0256	0.0006	0.0260	0.0207	0.0170	0.0030	0.0011	0.0204	0.0135	0.0187	0.0043	0.0251	0.0051	0.0044	0.0003	0.0242	0.0201	0.0059	0.0124	0.0213	0.0148	0.0214	0.0213	0.0174	0.0073	
0.0184	0.0087	0.0231	0.0196	0.0015	0.0081	0.0150	0.0180	0.0150	0.0093	0.0274	0.0094	0.0076	0.0093	0.0229	0.0052	0.0201	0.0014	0.0141	0.0243	0.0059	0.0132	0.0044	0.0057	0.0083	0.0075	0.0184	0.0002	0.0045	0.0242	0.0051	0.0062	0.0035	0.0121	0.0226	0.0202	0.0071	0.0001	0.0115	0.0101	0.0159	0.0036	0.0150	0.0219	0.0026	0.0132	0.0131	0.0226	0.0147	0.0164	0.0234	0.0172	0.0035	0.0209	0.0016	0.0068	0.0045	0.0158	0.0139	0.0229	0.0160	0.0129	0.0133	0.0230	0.0038	0.0186	0.0056	0.0199	0.0134	0.0040	0.0252	0.0186	0.0165	0.0054	0.0073	0.0019	0.0237	0.0092	0.0030	0.0204	
0.0166	0.0182	0.0106	0.0131	0.0206	0.0120	0.0017	0.0073	0.0091	0.0149	0.0146	0.0144	0.0129	0.0130	0.0183	0.0014	0.0146	0.0185	0.0129	0.0086	0.0063	0.0165	0.0070	0.0085	0.0144	0.0015	0.0227	0.0192	0.0128	0.0244	0.0101	0.0171	0.0093	0.0138	0.0008	0.0201	0.0024	0.0212	0.0199	0.0118	0.0133	0.0193	0.0081	0.0186	0.0131	0.0056	0.0050	0.0003	0.0105	0.0053	0.0107	0.0234	0.0159	0.0153	0.0105	0.0002	0.0120	0.0012	0.0195	0.0207	0.0122	0.0036	0.0163	0.0093	0.0047	0.0185	0.0059	0.0198	0.0127	0.0236	0.0237	0.0142	0.0207	0.0011	0.0173	0.0098	0.0093	0.0096	0.0166	0.0095	
0.0222	0.0260	0.0134	0.0075	0.0132	0.0115	0.0024	0.0189	0.0044	0.0008	0.0085	0.0011	0.0016	0.0004	0.0012	0.0124	0.0016	0.0225	0.0130	0.0195	0.0005	0.0095	0.0105	0.0115	0.0077	0.0231	0.0004	0.0175	0.0264	0.0016	0.0178	0.0008	0.0045	0.0122	0.0001	0.0159	0.0197	0.0128	0.0251	0.0202	0.0183	0.0141	0.0171	0.0147	0.0176	0.0248	0.0152	0.0256	0.0272	0.0095	0.0103	0.0116	0.0226	0.0032	0.0101	0.0140	0.0160	0.0004	0.0006	0.0190	0.0104	0.0108	0.0187	0.0029	0.0096	0.0064	0.0246	0.0136	0.0003	0.0112	0.0190	0.0147	0.0016	0.0180	0.0252	0.0126	0.0190	0.0235	0.0174	0.0093	
0.0075	0.0018	0.0202	0.0167	0.0189	0.0059	0.0040	0.0019	0.0024	0.0142	0.0011	0.0191	0.0153	0.0058	0.0104	0.0099	0.0225	0.0157	0.0039	0.0135	0.0020	0.0002	0.0245	0.0147	0.0176	0.0234	0.0109	0.0021	0.0043	0.0295	0.0269	0.0194	0.0071	0.0171	0.0103	0.0109	0.0247	0.0051	0.0131	0.0045	0.0028	0.0229	0.0131	0.0148	0.0129	0.0008	0.0029	0.0230	0.0127	0.0202	0.0223	0.0016	0.0197	0.0069	0.0076	0.0080	0.0039	0.0037	0.0281	0.0259	0.0230	0.0018	0.0247	0.0054	0.0155	0.0097	0.0135	0.0231	0.0235	0.0004	0.0158	0.0157	0.0039	0.0258	0.0104	0.0079	0.0166	0.0106	0.0026	0.0172	
0.0192	0.0145	0.0170	0.0118	0.0035	0.0224	0.0271	0.0008	0.0097	0.0040	0.0063	0.0175	0.0067	0.0157	0.0086	0.0010	0.0233	0.0076	0.0206	0.0023	0.0180	0.0083	0.0001	0.0110	0.0052	0.0055	0.0236	0.0198	0.0235	0.0325	0.0206	0.0202	0.0004	0.0097	0.0032	0.0081	0.0117	0.0125	0.0014	0.0191	0.0092	0.0108	0.0108	0.0185	0.0216	0.0235	0.0087	0.0143	0.0166	0.0093	0.0126	0.0056	0.0125	0.0005	0.0246	0.0128	0.0157	0.0060	0.0074	0.0273	0.0228	0.0067	0.0036	0.0105	0.0100	0.0148	0.0188	0.0221	0.0131	0.0008	0.0171	0.0092	0.0064	0.0021	0.0187	0.0061	0.0237	0.0084	0.0147	0.0084	
0.0237	0.0105	0.0022	0.0150	0.0144	0.0144	0.0053	0.0271	0.0109	0.0196	0.0221	0.0052	0.0062	0.0034	0.0249	0.0025	0.0070	0.0026	0.0065	0.0073	0.0059	0.0134	0.0013	0.0160	0.0208	0.0020	0.0262	0.0122	0.0081	0.0238	0.0174	0.0055	0.0148	0.0255	0.0018	0.0160	0.0054	0.0163	0.0234	0.0224	0.0081	0.0184	0.0123	0.0218	0.0070	0.0118	0.0045	0.0033	0.0052	0.0176	0.0271	0.0197	0.0014	0.0089	0.0033	0.0111	0.0099	0.0126	0.0224	0.0144	0.0144	0.0197	0.0175	0.0179	0.0021	0.0167	0.0180	0.0074	0.0014	0.0102	0.0259	0.0171	0.0079	0.0099	0.0247	0.0157	0.0003	0.0067	0.0086	0.0081	
0.0209	0.0208	0.0063	0.0150	0.0180	0.0211	0.0036	0.0062	0.0196	0.0167	0.0058	0.0163	0.0199	0.0076	0.0075	0.0148	0.0232	0.0187	0.0144	0.0171	0.0203	0.0218	0.0016	0.0196	0.0182	0.0081	0.0111	0.0161	0.0099	0.0156	0.0096	0.0019	0.0024	0.0115	0.0127	0.0179	0.0131	0.0014	0.0219	0.0049	0.0096	0.0084	0.0107	0.0090	0.0037	0.0045	0.0209	0.0231	0.0014	0.0101	0.0148	0.0040	0.0124	0.0149	0.0110	0.0010	0.0207	0.0113	0.0219	0.0112	0.0094	0.0111	0.0193	0.0059	0.0071	0.0032	0.0156	0.0058	0.0188	0.0141	0.0010	0.0210	0.0256	0.0106	0.0065	0.0111	0.0111	0.0171	0.0141	0.0137	
0.0120	0.0114	0.0161	0.0247	0.0231	0.0051	0.0122	0.0111	0.0007	0.0131	0.0240	0.0018	0.0043	0.0096	0.0205	0.0272	0.0134	0.0055	0.0012	0.0006	0.0131	0.0149	0.0045	0.0104	0.0089	0.0172	0.0041	0.0006	0.0108	0.0276	0.0172	0.0014	0.0191	0.0074	0.0218	0.0267	0.0234	0.0216	0.0076	0.0020	0.0136	0.0034	0.0059	0.0061	0.0180	0.0244	0.0189	0.0130	0.0191	0.0079	0.0000	0.0049	0.0164	0.0142	0.0226	0.0233	0.0074	0.0043	0.0147	0.0056	0.0013	0.0117	0.0013	0.0008	0.0181	0.0218	0.0086	0.0215	0.0111	0.0227	0.0018	0.0154	0.0210	0.0232	0.0104	0.0110	0.0102	0.0200	0.0163	0.0100	
0.0004	0.0162	0.0102	0.0020	0.0275	0.0122	0.0112	0.0040	0.0097	0.0031	0.0207	0.0192	0.0085	0.0024	0.0012	0.0020	0.0022	0.0051	0.0082	0.0223	0.0188	0.0261	0.0027	0.0223	0.0074	0.0113	0.0079	0.0188	0.0058	0.0172	0.0149	0.0103	0.0092	0.0052	0.0050	0.0135	0.0062	0.0268	0.0012	0.0109	0.0127	0.0045	0.0124	0.0099	0.0066	0.0102	0.0097	0.0233	0.0262	0.0109	0.0108	0.0049	0.0153	0.0255	0.0191	0.0035	0.0148	0.0147	0.0243	0.0182	0.0048	0.0179	0.0240	0.0228	0.0153	0.0068	0.0099	0.0016	0.0249	0.0153	0.0249	0.0025	0.0047	0.0226	0.0087	0.0134	0.0131	0.0202	0.0146	0.0248	
0.0011	0.0105	0.0203	0.0181	0.0036	0.0077	0.0191	0.0102	0.0110	0.0018	0.0259	0.0164	0.0046	0.0096	0.0054	0.0202	0.0048	0.0141	0.0146	0.0244	0.0013	0.0074	0.0202	0.0075	0.0131	0.0069	0.0246	0.0144	0.0166	0.0067	0.0178	0.0174	0.0175	0.0201	0.0131	0.0176	0.0231	0.0033	0.0163	0.0061	0.0099	0.0221	0.0130	0.0199	0.0142	0.0034	0.0214	0.0180	0.0170	0.0137	0.0077	0.0186	0.0002	0.0136	0.0189	0.0195	0.0132	0.0118	0.0075	0.0227	0.0074	0.0044	0.0172	0.0053	0.0079	0.0056	0.0222	0.0057	0.0215	0.0112	0.0201	0.0013	0.0001	0.0092	0.0127	0.0038	0.0182	0.0021	0.0149	0.0087	
0.0092	0.0071	0.0263	0.0022	0.0248	0.0252	0.0192	0.0073	0.0017	0.0211	0.0063	0.0112	0.0250	0.0188	0.0233	0.0070	0.0031	0.0090	0.0103	0.0105	0.0078	0.0187	0.0199	0.0048	0.0194	0.0068	0.0206	0.0141	0.0017	0.0203	0.0022	0.0120	0.0167	0.0220	0.0121	0.0017	0.0081	0.0176	0.0079	0.0099	0.0133	0.0154	0.0048	0.0023	0.0080	0.0105	0.0053	0.0058	0.0133	0.0087	0.0015	0.0086	0.0165	0.0084	0.0021	0.0193	0.0120	0.0217	0.0096	0.0189	0.0055	0.0042	0.0054	0.0101	0.0178	0.0196	0.0197	0.0231	0.0078	0.0221	0.0261	0.0113	0.0025	0.0012	0.0237	0.0176	0.0139	0.0192	0.0209	0.0094	
0.0010	0.0129	0.0014	0.0192	0.0141	0.0185	0.0189	0.0099	0.0207	0.0203	0.0152	0.0136	0.0084	0.0151	0.0050	0.0088	0.0095	0.0212	0.0080	0.0112	0.0169	0.0060	0.0231	0.0133	0.0088	0.0145	0.0046	0.0138	0.0111	0.0091	0.0057	0.0161	0.0199	0.0001	0.0142	0.0195	0.0028	0.0112	0.0188	0.0211	0.0221	0.0058	0.0028	0.0113	0.0064	0.0095	0.0025	0.0101	0.0213	0.0125	0.0087	0.0155	0.0089	0.0079	0.0150	0.0191	0.0161	0.0099	0.0085	0.0255	0.0139	0.0053	0.0202	0.0118	0.0128	0.0249	0.0190	0.0084	0.0207	0.0135	0.0061	0.0204	0.0010	0.0107	0.0125	0.0121	0.0037	0.0097	0.0079	0.0225	
0.0127	0.0188	0.0186	0.0238	0.0001	0.0144	0.0071	0.0133	0.0092	0.0218	0.0027	0.0162	0.0025	0.0186	0.0089	0.0203	0.0069	0.0158	0.0200	0.0073	0.0183	0.0197	0.0114	0.0093	0.0074	0.0116	0.0160	0.0240	0.0200	0.0049	0.0168	0.0041	0.0018	0.0101	0.0107	0.0228	0.0145	0.0011	0.0121	0.0003	0.0170	0.0044	0.0239	0.0035	0.0103	0.0146	0.0203	0.0069	0.0018	0.0225	0.0052	0.0134	0.0132	0.0019	0.0055	0.0201	0.0068	0.0092	0.0160	0.0144	0.0229	0.0077	0.0181	0.0048	0.0056	0.0241	0.0162	0.0161	0.0076	0.0129	0.0049	0.0054	0.0051	0.0214	0.0155	0.0135	0.0220	0.0085	0.0220	0.0189	
0.0147	0.0074	0.0212	0.0194	0.0210	0.0027	0.0134	0.0001	0.0043	0.0155	0.0150	0.0040	0.0101	0.0190	0.0015	0.0096	0.0098	0.0160	0.0163	0.0104	0.0215	0.0029	0.0199	0.0121	0.0151	0.0217	0.0070	0.0137	0.0113	0.0178	0.0238	0.0191	0.0070	0.0185	0.0176	0.0143	0.0101	0.0187	0.0051	0.0021	0.0066	0.0133	0.0100	0.0133	0.0203	0.0228	0.0181	0.0058	0.0192	0.0052	0.0030	0.0003	0.0097	0.0102	0.0152	0.0130	0.0088	0.0079	0.0047	0.0238	0.0170	0.0200	0.0107	0.0115	0.0136	0.0159	0.0209	0.0106	0.0012	0.0101	0.0226	0.0122	0.0123	0.0158	0.0032	0.0085	0.0165	0.0075	0.0124	0.0152	
0.0045	0.0007	0.0217	0.0059	0.0135	0.0227	0.0100	0.0216	0.0040	0.0084	0.0063	0.0019	0.0177	0.0052	0.0067	0.0092	0.0014	0.0214	0.0188	0.0046	0.0038	0.0081	0.0050	0.0088	0.0067	0.0136	0.0120	0.0148	0.0101	0.0098	0.0239	0.0000	0.0151	0.0109	0.0184	0.0211	0.0052	0.0067	0.0244	0.0154	0.0064	0.0246	0.0080	0.0178	0.0060	0.0225	0.0227	0.0079	0.0137	0.0202	0.0089	0.0189	0.0121	0.0110	0.0120	0.0231	0.0195	0.0119	0.0245	0.0263	0.0119	0.0179	0.0114	0.0195	0.0094	0.0055	0.0115	0.0032	0.0113	0.0118	0.0032	0.0199	0.0238	0.0031	0.0224	0.0046	0.0280	0.0114	0.0026	0.0100	
0.0164	0.0032	0.0038	0.0132	0.0243	0.0050	0.0123	0.0046	0.0246	0.0238	0.0259	0.0178	0.0083	0.0001	0.0058	0.0138	0.0126	0.0121	0.0059	0.0003	0.0108	0.0200	0.0204	0.0003	0.0175	0.0140	0.0175	0.0079	0.0153	0.0091	0.0235	0.0076	0.0071	0.0129	0.0071	0.0099	0.0173	0.0231	0.0207	0.0050	0.0168	0.0057	0.0035	0.0125	0.0133	0.0092	0.0119	0.0241	0.0231	0.0104	0.0186	0.0120	0.0054	0.0026	0.0218	0.0235	0.0066	0.0033	0.0210	0.0109	0.0124	0.0042	0.0140	0.0167	0.0010	0.0163	0.0123	0.0181	0.0169	0.0215	0.0222	0.0129	0.0162	0.0010	0.0073	0.0054	0.0171	0.0083	0.0108	0.0083	
0.0026	0.0182	0.0122	0.0041	0.0152	0.0112	0.0024	0.0054	0.0163	0.0114	0.0033	0.0130	0.0033	0.0105	0.0188	0.0151	0.0171	0.0123	0.0103	0.0217	0.0234	0.0192	0.0074	0.0008	0.0150	0.0052	0.0206	0.0045	0.0222	0.0209	0.0072	0.0228	0.0148	0.0122	0.0074	0.0240	0.0211	0.0117	0.0019	0.0146	0.0142	0.0061	0.0031	0.0068	0.0199	0.0085	0.0110	0.0066	0.0089	0.0208	0.0159	0.0039	0.0235	0.0157	0.0102	0.0098	0.0113	0.0111	0.0148	0.0110	0.0168	0.0224	0.0096	0.0232	0.0041	0.0057	0.0262	0.0157	0.0030	0.0237	0.0214	0.0042	0.0111	0.0210	0.0072	0.0178	0.0179	0.0008	0.0065	0.0068	
0.0199	0.0126	0.0230	0.0003	0.0028	0.0028	0.0243	0.0256	0.0021	0.0242	0.0121	0.0080	0.0242	0.0157	0.0216	0.0182	0.0214	0.0052	0.0019	0.0141	0.0111	0.0211	0.0034	0.0110	0.0007	0.0113	0.0191	0.0013	0.0099	0.0214	0.0199	0.0090	0.0026	0.0071	0.0147	0.0043	0.0017	0.0097	0.0204	0.0013	0.0054	0.0235	0.0124	0.0044	0.0111	0.0111	0.0070	0.0194	0.0240	0.0161	0.0220	0.0104	0.0231	0.0174	0.0196	0.0003	0.0094	0.0113	0.0260	0.0183	0.0090	0.0221	0.0148	0.0091	0.0046	0.0015	0.0061	0.0128	0.0021	0.0178	0.0149	0.0110	0.0119	0.0007	0.0075	0.0126	0.0071	0.0248	0.0216	0.0148	
0.0042	0.0279	0.0035	0.0194	0.0215	0.0097	0.0112	0.0106	0.0131	0.0151	0.0226	0.0154	0.0099	0.0033	0.0180	0.0082	0.0077	0.0045	0.0241	0.0111	0.0049	0.0183	0.0166	0.0038	0.0013	0.0103	0.0245	0.0244	0.0121	0.0082	0.0214	0.0100	0.0105	0.0095	0.0123	0.0120	0.0213	0.0237	0.0147	0.0220	0.0155	0.0221	0.0021	0.0134	0.0248	0.0261	0.0009	0.0086	0.0100	0.0002	0.0064	0.0020	0.0262	0.0137	0.0110	0.0118	0.0095	0.0002	0.0162	0.0119	0.0107	0.0141	0.0237	0.0052	0.0212	0.0120	0.0054	0.0006	0.0169	0.0070	0.0139	0.0104	0.0192	0.0033	0.0220	0.0088	0.0186	0.0044	0.0043	0.0031	
0.0097	0.0147	0.0141	0.0110	0.0006	0.0175	0.0097	0.0219	0.0244	0.0009	0.0024	0.0198	0.0061	0.0023	0.0100	0.0035	0.0240	0.0208	0.0148	0.0131	0.0194	0.0003	0.0169	0.0025	0.0133	0.0223	0.0103	0.0218	0.0202	0.0020	0.0213	0.0041	0.0176	0.0139	0.0006	0.0213	0.0256	0.0117	0.0046	0.0028	0.0012	0.0083	0.0013	0.0150	0.0043	0.0178	0.0041	0.0140	0.0176	0.0164	0.0107	0.0193	0.0112	0.0156	0.0089	0.0103	0.0236	0.0111	0.0241	0.0039	0.0066	0.0119	0.0021	0.0239	0.0051	0.0240	0.0266	0.0160	0.0017	0.0141	0.0042	0.0109	0.0170	0.0130	0.0115	0.0102	0.0252	0.0030	0.0210	0.0195	
0.0185	0.0219	0.0043	0.0038	0.0171	0.0014	0.0178	0.0047	0.0048	0.0171	0.0284	0.0133	0.0166	0.0008	0.0203	0.0160	0.0062	0.0037	0.0079	0.0064	0.0207	0.0145	0.0117	0.0036	0.0132	0.0256	0.0019	0.0237	0.0046	0.0304	0.0120	0.0199	0.0107	0.0032	0.0107	0.0110	0.0101	0.0237	0.0064	0.0038	0.0063	0.0214	0.0109	0.0114	0.0156	0.0172	0.0231	0.0176	0.0188	0.0254	0.0050	0.0215	0.0184	0.0170	0.0013	0.0057	0.0103	0.0003	0.0188	0.0203	0.0239	0.0181	0.0004	0.0060	0.0048	0.0060	0.0004	0.0103	0.0158	0.0103	0.0046	0.0074	0.0237	0.0047	0.0248	0.0240	0.0013	0.0014	0.0123	0.0211	
0.0009	0.0103	0.0052	0.0056	0.0193	0.0156	0.0237	0.0205	0.0019	0.0059	0.0016	0.0083	0.0068	0.0124	0.0047	0.0134	0.0208	0.0060	0.0051	0.0090	0.0146	0.0122	0.0014	0.0072	0.0188	0.0212	0.0226	0.0129	0.0192	0.0022	0.0042	0.0074	0.0108	0.0192	0.0156	0.0164	0.0156	0.0197	0.0114	0.0131	0.0056	0.0051	0.0086	0.0092	0.0093	0.0209	0.0010	0.0096	0.0007	0.0127	0.0052	0.0219	0.0212	0.0042	0.0052	0.0137	0.0094	0.0240	0.0108	0.0242	0.0185	0.0109	0.0023	0.0243	0.0018	0.0187	0.0250	0.0103	0.0205	0.0159	0.0246	0.0250	0.0210	0.0160	0.0033	0.0104	0.0045	0.0164	0.0210	0.0245	
0.0209	0.0116	0.0140	0.0048	0.0217	0.0087	0.0117	0.0072	0.0156	0.0035	0.0063	0.0162	0.0096	0.0123	0.0189	0.0220	0.0027	0.0077	0.0061	0.0156	0.0234	0.0160	0.0128	0.0101	0.0152	0.0060	0.0259	0.0040	0.0012	0.0227	0.0101	0.0164	0.0206	0.0115	0.0011	0.0074	0.0253	0.0221	0.0031	0.0162	0.0066	0.0154	0.0188	0.0176	0.0096	0.0060	0.0155	0.0067	0.0220	0.0090	0.0081	0.0219	0.0097	0.0075	0.0004	0.0063	0.0242	0.0025	0.0157	0.0170	0.0086	0.0072	0.0057	0.0208	0.0171	0.0137	0.0199	0.0201	0.0124	0.0123	0.0217	0.0050	0.0055	0.0126	0.0084	0.0080	0.0224	0.0203	0.0007	0.0090	
0.0137	0.0160	0.0081	0.0156	0.0110	0.0126	0.0061	0.0143	0.0110	0.0193	0.0097	0.0199	0.0083	0.0097	0.0077	0.0252	0.0083	0.0204	0.0176	0.0188	0.0125	0.0191	0.0164	0.0072	0.0122	0.0028	0.0143	0.0182	0.0239	0.0176	0.0106	0.0017	0.0013	0.0051	0.0005	0.0149	0.0001	0.0123	0.0082	0.0042	0.0068	0.0015	0.0078	0.0157	0.0036	0.0225	0.0204	0.0173	0.0049	0.0091	0.0244	0.0205	0.0202	0.0046	0.0176	0.0205	0.0232	0.0237	0.0044	0.0087	0.0214	0.0090	0.0141	0.0193	0.0079	0.0066	0.0210	0.0015	0.0103	0.0159	0.0229	0.0176	0.0139	0.0153	0.0116	0.0100	0.0102	0.0019	0.0038	0.0119	
0.0058	0.0234	0.0182	0.0151	0.0183	0.0163	0.0045	0.0235	0.0108	0.0054	0.0216	0.0008	0.0114	0.0255	0.0060	0.0253	0.0108	0.0135	0.0067	0.0240	0.0060	0.0239	0.0069	0.0131	0.0122	0.0053	0.0058	0.0046	0.0194	0.0124	0.0121	0.0230	0.0178	0.0167	0.0038	0.0028	0.0236	0.0019	0.0033	0.0193	0.0034	0.0263	0.0166	0.0073	0.0007	0.0260	0.0114	0.0175	0.0139	0.0190	0.0017	0.0240	0.0204	0.0082	0.0081	0.0110	0.0174	0.0033	0.0049	0.0148	0.0102	0.0249	0.0049	0.0001	0.0190	0.0223	0.0074	0.0177	0.0236	0.0035	0.0006	0.0086	0.0126	0.0123	0.0188	0.0075	0.0048	0.0001	0.0114	0.0130	
0.0186	0.0132	0.0174	0.0232	0.0078	0.0131	0.0016	0.0111	0.0082	0.0186	0.0131	0.0154	0.0238	0.0131	0.0086	0.0038	0.0192	0.0150	0.0102	0.0047	0.0147	0.0174	0.0171	0.0084	0.0155	0.0168	0.0102	0.0054	0.0160	0.0007	0.0059	0.0131	0.0143	0.0139	0.0159	0.0220	0.0085	0.0050	0.0165	0.0040	0.0171	0.0193	0.0089	0.0024	0.0161	0.0077	0.0103	0.0194	0.0046	0.0140	0.0137	0.0129	0.0125	0.0061	0.0181	0.0016	0.0193	0.0082	0.0076	0.0154	0.0039	0.0182	0.0191	0.0074	0.0109	0.0216	0.0018	0.0057	0.0215	0.0130	0.0213	0.0127	0.0226	0.0065	0.0106	0.0202	0.0089	0.0143	0.0148	0.0086	
0.0078	0.0133	0.0017	0.0004	0.0108	0.0177	0.0019	0.0088	0.0207	0.0165	0.0002	0.0002	0.0250	0.0021	0.0008	0.0256	0.0233	0.0015	0.0114	0.0173	0.0061	0.0047	0.0213	0.0149	0.0196	0.0013	0.0120	0.0053	0.0207	0.0266	0.0188	0.0036	0.0123	0.0222	0.0062	0.0145	0.0194	0.0198	0.0210	0.0164	0.0196	0.0176	0.0084	0.0052	0.0130	0.0198	0.0145	0.0214	0.0060	0.0125	0.0243	0.0061	0.0023	0.0001	0.0026	0.0036	0.0159	0.0102	0.0060	0.0106	0.0056	0.0185	0.0122	0.0236	0.0196	0.0213	0.0111	0.0222	0.0199	0.0102	0.0041	0.0023	0.0048	0.0166	0.0199	0.0127	0.0207	0.0162	0.0024	0.0222	
0.0106	0.0138	0.0250	0.0076	0.0226	0.0113	0.0011	0.0140	0.0209	0.0033	0.0248	0.0076	0.0155	0.0100	0.0132	0.0269	0.0040	0.0107	0.0059	0.0156	0.0089	0.0166	0.0017	0.0186	0.0083	0.0200	0.0011	0.0076	0.0034	0.0155	0.0089	0.0201	0.0069	0.0058	0.0217	0.0175	0.0226	0.0052	0.0237	0.0090	0.0182	0.0202	0.0019	0.0161	0.0116	0.0204	0.0125	0.0174	0.0057	0.0211	0.0094	0.0082	0.0105	0.0098	0.0130	0.0191	0.0128	0.0041	0.0231	0.0026	0.0101	0.0156	0.0099	0.0067	0.0163	0.0015	0.0007	0.0078	0.0113	0.0217	0.0026	0.0226	0.0119	0.0189	0.0196	0.0134	0.0165	0.0085	0.0070	0.0123	
0.0092	0.0074	0.0030	0.0060	0.0045	0.0005	0.0121	0.0225	0.0179	0.0060	0.0037	0.0179	0.0071	0.0209	0.0240	0.0028	0.0096	0.0189	0.0195	0.0109	0.0216	0.0047	0.0066	0.0082	0.0213	0.0119	0.0215	0.0153	0.0162	0.0001	0.0037	0.0036	0.0177	0.0111	0.0186	0.0042	0.0165	0.0055	0.0028	0.0182	0.0148	0.0045	0.0152	0.0067	0.0196	0.0102	0.0175	0.0171	0.0223	0.0199	0.0057	0.0217	0.0121	0.0226	0.0175	0.0052	0.0002	0.0213	0.0122	0.0203	0.0050	0.0211	0.0064	0.0182	0.0022	0.0261	0.0254	0.0191	0.0032	0.0204	0.0131	0.0036	0.0183	0.0027	0.0207	0.0156	0.0151	0.0005	0.0127	0.0102	
0.0178	0.0036	0.0185	0.0195	0.0184	0.0074	0.0144	0.0201	0.0169	0.0130	0.0038	0.0188	0.0211	0.0078	0.0127	0.0198	0.0222	0.0208	0.0032	0.0177	0.0114	0.0220	0.0113	0.0003	0.0061	0.0016	0.0027	0.0082	0.0027	0.0023	0.0163	0.0231	0.0048	0.0010	0.0198	0.0010	0.0034	0.0094	0.0206	0.0150	0.0081	0.0239	0.0014	0.0132	0.0170	0.0157	0.0086	0.0071	0.0128	0.0021	0.0178	0.0139	0.0191	0.0172	0.0190	0.0223	0.0152	0.0174	0.0141	0.0178	0.0048	0.0056	0.0171	0.0158	0.0179	0.0038	0.0154	0.0173	0.0097	0.0121	0.0147	0.0109	0.0014	0.0086	0.0094	0.0111	0.0208	0.0192	0.0067	0.0133	
0.0208	0.0219	0.0252	0.0006	0.0104	0.0025	0.0036	0.0132	0.0038	0.0027	0.0121	0.0111	0.0270	0.0045	0.0158	0.0025	0.0063	0.0116	0.0174	0.0147	0.0029	0.0198	0.0248	0.0007	0.0147	0.0066	0.0151	0.0125	0.0109	0.0139	0.0011	0.0186	0.0106	0.0264	0.0009	0.0130	0.0139	0.0221	0.0082	0.0192	0.0009	0.0034	0.0163	0.0096	0.0037	0.0054	0.0193	0.0253	0.0260	0.0100	0.0089	0.0126	0.0077	0.0220	0.0128	0.0010	0.0260	0.0234	0.0153	0.0041	0.0161	0.0179	0.0030	0.0209	0.0013	0.0208	0.0006	0.0245	0.0041	0.0041	0.0192	0.0127	0.0038	0.0239	0.0133	0.0279	0.0020	0.0146	0.0228	0.0090	
0.0152	0.0161	0.0165	0.0264	0.0030	0.0161	0.0105	0.0146	0.0143	0.0000	0.0137	0.0169	0.0068	0.0038	0.0057	0.0101	0.0281	0.0231	0.0066	0.0102	0.0041	0.0213	0.0195	0.0176	0.0193	0.0218	0.0071	0.0099	0.0093	0.0140	0.0270	0.0091	0.0218	0.0050	0.0139	0.0284	0.0019	0.0030	0.0161	0.0102	0.0073	0.0122	0.0080	0.0036	0.0171	0.0256	0.0053	0.0247	0.0185	0.0034	0.0262	0.0048	0.0068	0.0120	0.0041	0.0211	0.0242	0.0237	0.0070	0.0074	0.0090	0.0009	0.0053	0.0012	0.0008	0.0039	0.0228	0.0012	0.0150	0.0066	0.0078	0.0229	0.0077	0.0214	0.0028	0.0187	0.0143	0.0152	0.0015	0.0196	
0.0190	0.0074	0.0211	0.0058	0.0136	0.0217	0.0026	0.0109	0.0011	0.0224	0.0031	0.0044	0.0270	0.0083	0.0020	0.0084	0.0067	0.0070	0.0027	0.0140	0.0052	0.0043	0.0102	0.0116	0.0240	0.0031	0.0254	0.0110	0.0113	0.0144	0.0077	0.0072	0.0211	0.0132	0.0150	0.0022	0.0100	0.0005	0.0157	0.0058	0.0013	0.0110	0.0002	0.0228	0.0042	0.0033	0.0012	0.0267	0.0221	0.0242	0.0141	0.0070	0.0137	0.0153	0.0148	0.0162	0.0249	0.0083	0.0103	0.0111	0.0246	0.0174	0.0002	0.0170	0.0131	0.0236	0.0100	0.0096	0.0210	0.0278	0.0278	0.0058	0.0184	0.0229	0.0124	0.0215	0.0041	0.0145	0.0071	0.0204	
0.0017	0.0228	0.0169	0.0133	0.0241	0.0006	0.0181	0.0071	0.0235	0.0015	0.0054	0.0010	0.0174	0.0045	0.0084	0.0104	0.0100	0.0101	0.0063	0.0074	0.0187	0.0178	0.0052	0.0194	0.0224	0.0065	0.0140	0.0152	0.0032	0.0215	0.0107	0.0073	0.0228	0.0141	0.0069	0.0277	0.0013	0.0119	0.0161	0.0113	0.0022	0.0011	0.0102	0.0171	0.0205	0.0231	0.0142	0.0124	0.0143	0.0022	0.0108	0.0195	0.0075	0.0232	0.0223	0.0094	0.0185	0.0232	0.0150	0.0190	0.0118	0.0030	0.0037	0.0038	0.0150	0.0221	0.0014	0.0009	0.0224	0.0088	0.0085	0.0230	0.0207	0.0185	0.0051	0.0181	0.0085	0.0126	0.0217	0.0009	
0.0180	0.0005	0.0028	0.0008	0.0084	0.0174	0.0003	0.0247	0.0178	0.0249	0.0084	0.0052	0.0264	0.0214	0.0002	0.0281	0.0228	0.0060	0.0003	0.0232	0.0233	0.0139	0.0146	0.0044	0.0208	0.0149	0.0236	0.0129	0.0212	0.0053	0.0017	0.0045	0.0180	0.0144	0.0236	0.0121	0.0007	0.0031	0.0217	0.0231	0.0223	0.0014	0.0080	0.0242	0.0016	0.0030	0.0006	0.0232	0.0197	0.0061	0.0237	0.0011	0.0124	0.0016	0.0046	0.0058	0.0114	0.0243	0.0072	0.0217	0.0189	0.0115	0.0046	0.0139	0.0205	0.0030	0.0096	0.0071	0.0233	0.0130	0.0249	0.0181	0.0111	0.0007	0.0008	0.0194	0.0044	0.0165	0.0028	0.0162	
0.0125	0.0001	0.0193	0.0128	0.0074	0.0005	0.0155	0.0214	0.0092	0.0192	0.0020	0.0023	0.0230	0.0007	0.0045	0.0104	0.0218	0.0175	0.0013	0.0255	0.0188	0.0199	0.0210	0.0061	0.0073	0.0028	0.0159	0.0113	0.0009	0.0119	0.0014	0.0175	0.0159	0.0128	0.0064	0.0193	0.0202	0.0153	0.0054	0.0187	0.0107	0.0131	0.0209	0.0042	0.0110	0.0221	0.0212	0.0107	0.0216	0.0164	0.0233	0.0089	0.0151	0.0041	0.0201	0.0201	0.0011	0.0136	0.0071	0.0050	0.0092	0.0039	0.0187	0.0228	0.0162	0.0082	0.0083	0.0055	0.0203	0.0096	0.0149	0.0056	0.0162	0.0042	0.0124	0.0061	0.0239	0.0200	0.0168	0.0111	
0.0056	0.0050	0.0165	0.0082	0.0112	0.0177	0.0029	0.0152	0.0184	0.0122	0.0189	0.0068	0.0097	0.0006	0.0097	0.0080	0.0180	0.0202	0.0094	0.0032	0.0138	0.0172	0.0146	0.0097	0.0019	0.0178	0.0169	0.0102	0.0178	0.0176	0.0240	0.0060	0.0147	0.0193	0.0250	0.0048	0.0123	0.0098	0.0126	0.0213	0.0051	0.0181	0.0109	0.0070	0.0159	0.0078	0.0201	0.0156	0.0184	0.0042	0.0135	0.0212	0.0077	0.0145	0.0216	0.0155	0.0143	0.0062	0.0079	0.0202	0.0009	0.0160	0.0212	0.0038	0.0115	0.0122	0.0146	0.0117	0.0016	0.0053	0.0189	0.0079	0.0104	0.0094	0.0207	0.0192	0.0031	0.0089	0.0155	0.0170	
0.0212	0.0021	0.0168	0.0130	0.0016	0.0019	0.0226	0.0020	0.0224	0.0096	0.0168	0.0062	0.0032	0.0170	0.0219	0.0151	0.0202	0.0085	0.0157	0.0053	0.0198	0.0094	0.0123	0.0121	0.0099	0.0048	0.0111	0.0219	0.0186	0.0034	0.0123	0.0057	0.0110	0.0128	0.0213	0.0232	0.0013	0.0091	0.0021	0.0094	0.0142	0.0128	0.0138	0.0173	0.0157	0.0139	0.0055	0.0170	0.0126	0.0098	0.0008	0.0186	0.0132	0.0115	0.0006	0.0142	0.0147	0.0038	0.0042	0.0239	0.0145	0.0005	0.0080	0.0213	0.0200	0.0109	0.0196	0.0141	0.0210	0.0237	0.0123	0.0095	0.0066	0.0071	0.0149	0.0061	0.0191	0.0195	0.0191	0.0196	
0.0224	0.0170	0.0095	0.0079	0.0019	0.0162	0.0140	0.0014	0.0119	0.0095	0.0108	0.0196	0.0058	0.0043	0.0181	0.0151	0.0036	0.0176	0.0149	0.0044	0.0190	0.0160	0.0181	0.0120	0.0213	0.0146	0.0116	0.0058	0.0222	0.0209	0.0203	0.0155	0.0052	0.0069	0.0197	0.0213	0.0169	0.0226	0.0168	0.0037	0.0176	0.0154	0.0015	0.0103	0.0137	0.0138	0.0045	0.0018	0.0123	0.0017	0.0026	0.0224	0.0016	0.0155	0.0209	0.0076	0.0219	0.0214	0.0107	0.0117	0.0056	0.0078	0.0043	0.0168	0.0122	0.0158	0.0172	0.0198	0.0069	0.0214	0.0220	0.0038	0.0034	0.0123	0.0092	0.0046	0.0158	0.0087	0.0191	0.0080	
0.0104	0.0092	0.0197	0.0188	0.0161	0.0227	0.0152	0.0131	0.0086	0.0154	0.0247	0.0198	0.0152	0.0054	0.0215	0.0115	0.0110	0.0076	0.0175	0.0217	0.0234	0.0079	0.0179	0.0126	0.0044	0.0234	0.0177	0.0114	0.0080	0.0218	0.0185	0.0129	0.0184	0.0022	0.0008	0.0215	0.0157	0.0099	0.0017	0.0145	0.0019	0.0026	0.0120	0.0166	0.0006	0.0017	0.0146	0.0223	0.0164	0.0245	0.0199	0.0063	0.0130	0.0016	0.0093	0.0032	0.0154	0.0059	0.0156	0.0189	0.0051	0.0034	0.0052	0.0150	0.0198	0.0104	0.0257	0.0108	0.0050	0.0014	0.0207	0.0005	0.0064	0.0038	0.0189	0.0194	0.0204	0.0025	0.0110	0.0026	
0.0076	0.0188	0.0199	0.0071	0.0223	0.0107	0.0219	0.0194	0.0160	0.0213	0.0071	0.0079	0.0197	0.0078	0.0097	0.0233	0.0207	0.0196	0.0151	0.0146	0.0029	0.0039	0.0152	0.0141	0.0041	0.0176	0.0238	0.0090	0.0067	0.0156	0.0087	0.0110	0.0145	0.0108	0.0087	0.0099	0.0083	0.0205	0.0147	0.0093	0.0100	0.0029	0.0166	0.0067	0.0171	0.0108	0.0051	0.0216	0.0173	0.0203	0.0217	0.0199	0.0076	0.0192	0.0218	0.0041	0.0025	0.0049	0.0036	0.0056	0.0104	0.0125	0.0119	0.0022	0.0118	0.0179	0.0159	0.0061	0.0230	0.0008	0.0135	0.0228	0.0084	0.0069	0.0033	0.0001	0.0103	0.0098	0.0171	0.0164	
0.0116	0.0014	0.0161	0.0085	0.0138	0.0122	0.0037	0.0181	0.0119	0.0048	0.0082	0.0035	0.0188	0.0084	0.0190	0.0210	0.0123	0.0135	0.0132	0.0001	0.0208	0.0218	0.0198	0.0145	0.0069	0.0233	0.0108	0.0233	0.0173	0.0254	0.0181	0.0163	0.0067	0.0096	0.0153	0.0092	0.0208	0.0032	0.0109	0.0005	0.0137	0.0192	0.0153	0.0170	0.0149	0.0097	0.0053	0.0223	0.0088	0.0058	0.0099	0.0159	0.0140	0.0173	0.0196	0.0143	0.0029	0.0227	0.0028	0.0161	0.0013	0.0035	0.0012	0.0127	0.0092	0.0142	0.0190	0.0064	0.0154	0.0104	0.0217	0.0089	0.0051	0.0133	0.0080	0.0215	0.0037	0.0045	0.0197	0.0181	
0.0170	0.0120	0.0157	0.0121	0.0135	0.0015	0.0001	0.0135	0.0121	0.0017	0.0088	0.0216	0.0008	0.0166	0.0216	0.0132	0.0189	0.0049	0.0064	0.0023	0.0164	0.0244	0.0058	0.0207	0.0064	0.0000	0.0128	0.0228	0.0112	0.0267	0.0121	0.0233	0.0007	0.0059	0.0210	0.0134	0.0159	0.0127	0.0246	0.0079	0.0152	0.0055	0.0180	0.0155	0.0051	0.0022	0.0093	0.0108	0.0180	0.0233	0.0061	0.0244	0.0203	0.0202	0.0044	0.0211	0.0063	0.0185	0.0067	0.0144	0.0128	0.0007	0.0028	0.0145	0.0133	0.0094	0.0243	0.0180	0.0202	0.0094	0.0223	0.0050	0.0056	0.0205	0.0113	0.0099	0.0029	0.0143	0.0144	0.0040	
0.0145	0.0016	0.0056	0.0116	0.0164	0.0128	0.0012	0.0043	0.0014	0.0040	0.0080	0.0197	0.0075	0.0099	0.0178	0.0159	0.0023	0.0052	0.0004	0.0206	0.0054	0.0163	0.0134	0.0082	0.0012	0.0005	0.0171	0.0215	0.0099	0.0217	0.0173	0.0142	0.0004	0.0021	0.0223	0.0116	0.0200	0.0143	0.0218	0.0015	0.0078	0.0173	0.0156	0.0159	0.0023	0.0250	0.0213	0.0195	0.0036	0.0212	0.0084	0.0215	0.0143	0.0194	0.0213	0.0250	0.0113	0.0224	0.0117	0.0175	0.0187	0.0033	0.0182	0.0071	0.0104	0.0171	0.0221	0.0043	0.0124	0.0071	0.0191	0.0116	0.0087	0.0197	0.0112	0.0117	0.0246	0.0225	0.0050	0.0013	
0.0022	0.0207	0.0207	0.0117	0.0101	0.0190	0.0227	0.0034	0.0035	0.0235	0.0008	0.0205	0.0036	0.0044	0.0051	0.0054	0.0227	0.0087	0.0034	0.0096	0.0028	0.0182	0.0065	0.0192	0.0022	0.0207	0.0130	0.0150	0.0109	0.0113	0.0014	0.0118	0.0131	0.0087	0.0122	0.0240	0.0104	0.0062	0.0216	0.0142	0.0168	0.0177	0.0010	0.0121	0.0069	0.0212	0.0084	0.0037	0.0180	0.0064	0.0146	0.0137	0.0189	0.0190	0.0204	0.0090	0.0149	0.0254	0.0104	0.0144	0.0072	0.0069	0.0161	0.0167	0.0197	0.0116	0.0073	0.0160	0.0153	0.0062	0.0201	0.0158	0.0134	0.0108	0.0161	0.0087	0.0191	0.0179	0.0112	0.0055	
0.0126	0.0079	0.0248	0.0037	0.0198	0.0128	0.0163	0.0193	0.0118	0.0054	0.0091	0.0105	0.0234	0.0066	0.0083	0.0120	0.0269	0.0074	0.0123	0.0184	0.0135	0.0159	0.0120	0.0104	0.0109	0.0223	0.0243	0.0057	0.0047	0.0150	0.0177	0.0183	0.0090	0.0042	0.0015	0.0263	0.0098	0.0140	0.0224	0.0074	0.0186	0.0116	0.0058	0.0101	0.0245	0.0087	0.0201	0.0054	0.0048	0.0062	0.0103	0.0100	0.0051	0.0174	0.0139	0.0236	0.0199	0.0128	0.0169	0.0228	0.0138	0.0104	0.0141	0.0235	0.0112	0.0136	0.0018	0.0166	0.0058	0.0093	0.0012	0.0101	0.0088	0.0048	0.0230	0.0033	0.0104	0.0021	0.0108	0.0025	
0.0036	0.0175	0.0019	0.0234	0.0031	0.0070	0.0142	0.0144	0.0141	0.0051	0.0037	0.0223	0.0256	0.0014	0.0196	0.0088	0.0217	0.0075	0.0182	0.0082	0.0073	0.0039	0.0235	0.0182	0.0054	0.0254	0.0240	0.0002	0.0200	0.0132	0.0126	0.0188	0.0213	0.0145	0.0157	0.0223	0.0111	0.0168	0.0201	0.0058	0.0243	0.0111	0.0020	0.0011	0.0059	0.0043	0.0133	0.0079	0.0100	0.0165	0.0080	0.0019	0.0054	0.0039	0.0185	0.0262	0.0197	0.0062	0.0180	0.0034	0.0075	0.0126	0.0184	0.0021	0.0159	0.0102	0.0256	0.0076	0.0081	0.0240	0.0242	0.0030	0.0113	0.0146	0.0088	0.0211	0.0017	0.0206	0.0131	0.0007	
0.0104	0.0160	0.0148	0.0030	0.0041	0.0098	0.0123	0.0189	0.0186	0.0170	0.0031	0.0037	0.0254	0.0162	0.0210	0.0095	0.0138	0.0002	0.0065	0.0188	0.0080	0.0055	0.0217	0.0106	0.0185	0.0042	0.0139	0.0152	0.0184	0.0259	0.0228	0.0194	0.0126	0.0160	0.0155	0.0158	0.0240	0.0162	0.0225	0.0069	0.0204	0.0014	0.0112	0.0151	0.0178	0.0179	0.0031	0.0188	0.0154	0.0002	0.0059	0.0014	0.0131	0.0172	0.0165	0.0056	0.0187	0.0028	0.0095	0.0003	0.0181	0.0194	0.0011	0.0192	0.0176	0.0075	0.0129	0.0068	0.0006	0.0065	0.0093	0.0198	0.0029	0.0010	0.0199	0.0057	0.0180	0.0080	0.0141	0.0221	
0.0009	0.0171	0.0257	0.0177	0.0173	0.0190	0.0042	0.0200	0.0218	0.0101	0.0259	0.0187	0.0083	0.0171	0.0107	0.0006	0.0002	0.0156	0.0171	0.0116	0.0054	0.0192	0.0165	0.0079	0.0133	0.0080	0.0238	0.0114	0.0229	0.0120	0.0134	0.0079	0.0099	0.0080	0.0192	0.0010	0.0247	0.0066	0.0017	0.0180	0.0027	0.0146	0.0087	0.0138	0.0080	0.0124	0.0138	0.0053	0.0146	0.0206	0.0057	0.0270	0.0112	0.0034	0.0153	0.0056	0.0004	0.0159	0.0036	0.0092	0.0209	0.0135	0.0213	0.0106	0.0182	0.0134	0.0111	0.0216	0.0208	0.0101	0.0026	0.0173	0.0146	0.0213	0.0090	0.0138	0.0115	0.0034	0.0008	0.0018	
0.0189	0.0165	0.0263	0.0225	0.0058	0.0126	0.0211	0.0075	0.0161	0.0184	0.0006	0.0073	0.0038	0.0147	0.0216	0.0131	0.0155	0.0188	0.0138	0.0177	0.0031	0.0174	0.0071	0.0038	0.0196	0.0131	0.0087	0.0115	0.0202	0.0024	0.0205	0.0202	0.0115	0.0017	0.0138	0.0050	0.0177	0.0236	0.0057	0.0076	0.0170	0.0024	0.0055	0.0040	0.0096	0.0195	0.0135	0.0242	0.0239	0.0224	0.0004	0.0141	0.0113	0.0078	0.0209	0.0030	0.0095	0.0212	0.0056	0.0187	0.0046	0.0087	0.0125	0.0142	0.0202	0.0041	0.0205	0.0013	0.0026	0.0174	0.0196	0.0150	0.0159	0.0069	0.0231	0.0008	0.0111	0.0037	0.0162	0.0000	
0.0228	0.0091	0.0137	0.0197	0.0016	0.0060	0.0085	0.0053	0.0032	0.0118	0.0209	0.0198	0.0205	0.0116	0.0037	0.0085	0.0137	0.0148	0.0044	0.0054	0.0006	0.0128	0.0192	0.0039	0.0027	0.0092	0.0213	0.0032	0.0093	0.0250	0.0179	0.0052	0.0011	0.0047	0.0177	0.0206	0.0215	0.0162	0.0126	0.0145	0.0180	0.0131	0.0206	0.0145	0.0230	0.0227	0.0203	0.0035	0.0043	0.0155	0.0117	0.0183	0.0220	0.0115	0.0218	0.0107	0.0135	0.0090	0.0181	0.0176	0.0088	0.0051	0.0187	0.0052	0.0163	0.0141	0.0218	0.0132	0.0177	0.0081	0.0114	0.0203	0.0036	0.0113	0.0097	0.0114	0.0158	0.0051	0.0042	0.0043	
0.0128	0.0181	0.0238	0.0172	0.0102	0.0235	0.0065	0.0138	0.0060	0.0085	0.0070	0.0103	0.0217	0.0203	0.0074	0.0154	0.0180	0.0165	0.0186	0.0097	0.0023	0.0064	0.0092	0.0211	0.0044	0.0136	0.0151	0.0100	0.0027	0.0128	0.0220	0.0073	0.0038	0.0120	0.0031	0.0193	0.0067	0.0034	0.0207	0.0182	0.0068	0.0072	0.0084	0.0098	0.0020	0.0256	0.0235	0.0075	0.0061	0.0206	0.0185	0.0240	0.0097	0.0179	0.0019	0.0068	0.0082	0.0039	0.0117	0.0217	0.0087	0.0213	0.0098	0.0171	0.0119	0.0231	0.0084	0.0085	0.0177	0.0154	0.0080	0.0141	0.0244	0.0007	0.0019	0.0187	0.0270	0.0000	0.0159	0.0057	
0.0166	0.0061	0.0051	0.0056	0.0156	0.0216	0.0221	0.0081	0.0113	0.0207	0.0095	0.0028	0.0168	0.0209	0.0095	0.0122	0.0214	0.0122	0.0172	0.0036	0.0156	0.0135	0.0136	0.0138	0.0134	0.0070	0.0241	0.0080	0.0188	0.0075	0.0086	0.0075	0.0082	0.0067	0.0023	0.0028	0.0170	0.0040	0.0026	0.0127	0.0232	0.0242	0.0198	0.0201	0.0063	0.0044	0.0213	0.0227	0.0145	0.0150	0.0230	0.0092	0.0031	0.0134	0.0126	0.0044	0.0158	0.0150	0.0175	0.0094	0.0214	0.0128	0.0134	0.0050	0.0110	0.0011	0.0190	0.0072	0.0211	0.0070	0.0193	0.0163	0.0107	0.0056	0.0036	0.0148	0.0163	0.0174	0.0072	0.0086	
0.0079	0.0009	0.0186	0.0028	0.0078	0.0224	0.0042	0.0191	0.0169	0.0219	0.0129	0.0015	0.0117	0.0166	0.0139	0.0096	0.0087	0.0145	0.0062	0.0050	0.0114	0.0144	0.0013	0.0066	0.0199	0.0052	0.0217	0.0204	0.0106	0.0236	0.0132	0.0202	0.0048	0.0071	0.0002	0.0217	0.0204	0.0106	0.0211	0.0126	0.0190	0.0212	0.0128	0.0219	0.0175	0.0171	0.0053	0.0173	0.0144	0.0179	0.0065	0.0223	0.0101	0.0028	0.0203	0.0173	0.0256	0.0112	0.0071	0.0032	0.0014	0.0069	0.0081	0.0182	0.0087	0.0138	0.0202	0.0031	0.0167	0.0156	0.0125	0.0208	0.0218	0.0153	0.0079	0.0126	0.0005	0.0028	0.0097	0.0025	
0.0259	0.0046	0.0074	0.0179	0.0168	0.0159	0.0102	0.0034	0.0111	0.0068	0.0271	0.0097	0.0050	0.0169	0.0125	0.0176	0.0149	0.0193	0.0126	0.0061	0.0219	0.0020	0.0242	0.0225	0.0053	0.0093	0.0021	0.0163	0.0225	0.0099	0.0213	0.0220	0.0239	0.0044	0.0032	0.0258	0.0016	0.0183	0.0048	0.0171	0.0051	0.0184	0.0191	0.0125	0.0228	0.0041	0.0200	0.0030	0.0086	0.0210	0.0015	0.0070	0.0151	0.0056	0.0047	0.0261	0.0050	0.0113	0.0122	0.0075	0.0139	0.0180	0.0086	0.0023	0.0119	0.0017	0.0120	0.0260	0.0157	0.0159	0.0146	0.0218	0.0153	0.0198	0.0008	0.0057	0.0102	0.0121	0.0014	0.0016	
0.0139	0.0209	0.0087	0.0202	0.0060	0.0107	0.0067	0.0172	0.0223	0.0050	0.0173	0.0140	0.0060	0.0186	0.0045	0.0111	0.0076	0.0126	0.0173	0.0170	0.0171	0.0181	0.0108	0.0154	0.0067	0.0056	0.0147	0.0167	0.0046	0.0254	0.0136	0.0143	0.0061	0.0082	0.0144	0.0132	0.0088	0.0077	0.0187	0.0005	0.0156	0.0144	0.0197	0.0082	0.0187	0.0192	0.0123	0.0158	0.0130	0.0128	0.0202	0.0160	0.0121	0.0065	0.0063	0.0201	0.0100	0.0149	0.0167	0.0006	0.0175	0.0110	0.0119	0.0005	0.0125	0.0005	0.0084	0.0168	0.0060	0.0128	0.0016	0.0214	0.0187	0.0172	0.0208	0.0028	0.0194	0.0034	0.0160	0.0094	
0.0160	0.0221	0.0049	0.0138	0.0017	0.0206	0.0023	0.0001	0.0024	0.0187	0.0039	0.0155	0.0158	0.0177	0.0036	0.0056	0.0009	0.0208	0.0147	0.0213	0.0110	0.0175	0.0091	0.0220	0.0117	0.0203	0.0209	0.0146	0.0084	0.0046	0.0020	0.0061	0.0172	0.0053	0.0077	0.0232	0.0082	0.0226	0.0235	0.0154	0.0197	0.0082	0.0164	0.0110	0.0111	0.0084	0.0078	0.0012	0.0193	0.0181	0.0022	0.0199	0.0098	0.0196	0.0215	0.0236	0.0130	0.0070	0.0026	0.0042	0.0008	0.0105	0.0147	0.0212	0.0148	0.0206	0.0231	0.0086	0.0107	0.0056	0.0214	0.0017	0.0004	0.0205	0.0225	0.0033	0.0270	0.0217	0.0089	0.0038	
0.0132	0.0189	0.0204	0.0132	0.0017	0.0064	0.0198	0.0207	0.0070	0.0092	0.0093	0.0014	0.0210	0.0182	0.0168	0.0117	0.0166	0.0186	0.0158	0.0142	0.0099	0.0218	0.0137	0.0119	0.0209	0.0006	0.0185	0.0101	0.0237	0.0210	0.0236	0.0137	0.0179	0.0215	0.0127	0.0059	0.0148	0.0026	0.0208	0.0097	0.0003	0.0007	0.0024	0.0012	0.0209	0.0193	0.0052	0.0050	0.0066	0.0117	0.0111	0.0046	0.0043	0.0181	0.0166	0.0158	0.0049	0.0082	0.0149	0.0012	0.0109	0.0095	0.0195	0.0114	0.0094	0.0192	0.0056	0.0210	0.0048	0.0114	0.0213	0.0128	0.0221	0.0069	0.0139	0.0092	0.0208	0.0123	0.0137	0.0021	
0.0212	0.0147	0.0043	0.0123	0.0087	0.0197	0.0102	0.0004	0.0055	0.0252	0.0012	0.0063	0.0133	0.0197	0.0234	0.0169	0.0039	0.0148	0.0138	0.0019	0.0160	0.0087	0.0005	0.0209	0.0177	0.0243	0.0068	0.0229	0.0062	0.0104	0.0225	0.0166	0.0155	0.0138	0.0062	0.0243	0.0075	0.0101	0.0039	0.0159	0.0100	0.0055	0.0169	0.0071	0.0111	0.0164	0.0026	0.0036	0.0091	0.0005	0.0069	0.0055	0.0239	0.0145	0.0122	0.0139	0.0148	0.0096	0.0235	0.0119	0.0126	0.0125	0.0198	0.0230	0.0029	0.0106	0.0160	0.0217	0.0154	0.0012	0.0083	0.0196	0.0128	0.0216	0.0173	0.0098	0.0177	0.0197	0.0088	0.0011	

Emissions
0.2256	0.0435	0.1913	0.0477	0.0239	0.1725	0.2556	0.0398	
0.0176	0.2065	0.0697	0.2036	0.0989	0.1311	0.0427	0.2299	
0.1337	0.3641	0.0563	0.0081	0.0133	0.0658	0.2331	0.1256	
0.1204	0.1054	0.1187	0.1555	0.1367	0.0145	0.1881	0.1608	
0.1739	0.1721	0.0977	0.0610	0.1463	0.0840	0.1605	0.1045	
0.1219	0.1124	0.2046	0.1197	0.1213	0.0739	0.0517	0.1944	
0.1801	0.2022	0.1643	0.1575	0.1041	0.0553	0.0004	0.1362	
0.0975	0.0654	0.1347	0.0881	0.1680	0.1399	0.0470	0.2595	
0.1675	0.1250	0.1207	0.1328	0.0170	0.0993	0.1876	0.1502	
0.0123	0.2060	0.1073	0.1086	0.0924	0.1772	0.1913	0.1050	
0.0777	0.3852	0.0872	0.0322	0.0341	0.0359	0.0779	0.2699	
0.2144	0.2766	0.1308	0.1709	0.0167	0.0297	0.1586	0.0024	
0.0669	0.2666	0.2382	0.0195	0.0983	0.1058	0.1986	0.0060	
0.2452	0.0494	0.1178	0.2488	0.0036	0.0706	0.0586	0.2060	
0.1101	0.0530	0.1125	0.1335	0.1056	0.0148	0.2396	0.2310	
0.0521	0.0695	0.2792	0.0131	0.1620	0.0400	0.1626	0.2214	
0.0057	0.0858	0.0936	0.0914	0.1524	0.1108	0.2388	0.2214	
0.0724	0.0707	0.1150	0.1789	0.1090	0.0697	0.2247	0.1594	
0.1608	0.0049	0.0317	0.1593	0.2196	0.1812	0.1713	0.0712	
0.2378	0.0778	0.1883	0.0290	0.1257	0.1136	0.0300	0.1978	
0.1071	0.2710	0.2412	0.1585	0.0173	0.1474	0.0271	0.0304	
0.0510	0.1476	0.2261	0.0376	0.1713	0.2193	0.0950	0.0522	
0.1520	0.1340	0.0572	0.1794	0.0217	0.1311	0.2443	0.0804	
0.1500	0.0359	0.1394	0.0843	0.1599	0.1452	0.0588	0.2265	
0.0243	0.2215	0.1645	0.1245	0.0773	0.2337	0.1141	0.0403	
0.2153	0.3148	0.1769	0.0694	0.0134	0.0569	0.1265	0.0268	
0.2772	0.1794	0.0985	0.0099	0.0389	0.0415	0.1679	0.1865	
0.1711	0.1454	0.1925	0.1638	0.0200	0.1049	0.0593	0.1430	
0.0748	0.2252	0.0340	0.0413	0.0729	0.1355	0.2274	0.1889	
0.0567	0.0798	0.3193	0.0333	0.0568	0.1656	0.0991	0.1894	
0.1226	0.1249	0.1790	0.0446	0.0533	0.0417	0.1702	0.2638	
0.0238	0.2792	0.1467	0.1764	0.2090	0.0741	0.0008	0.0902	
0.4011	0.0005	0.0115	0.1271	0.0159	0.0650	0.3278	0.0510	
0.1766	0.1965	0.1377	0.2249	0.0407	0.0670	0.1065	0.0500	
0.0685	0.1586	0.1141	0.1302	0.0077	0.3328	0.1355	0.0524	
0.0398	0.1090	0.0397	0.1068	0.0268	0.0412	0.2901	0.3465	
0.0763	0.2479	0.0991	0.0689	0.1523	0.0107	0.1784	0.1664	
0.1827	0.1138	0.0974	0.1196	0.0610	0.1071	0.1665	0.1520	
0.0954	0.1498	0.1636	0.1018	0.0366	0.0914	0.0922	0.2692	
0.2319	0.3022	0.0131	0.2453	0.0282	0.0306	0.0080	0.1407	
0.1856	0.2317	0.1149	0.1058	0.1521	0.0255	0.1361	0.0483	
0.1164	0.1512	0.2220	0.0597	0.0498	0.1336	0.1553	0.1121	
0.1789	0.1142	0.0036	0.1575	0.1286	0.0297	0.1797	0.2077	
0.0650	0.1589	0.1232	0.1079	0.1710	0.1346	0.0887	0.1508	
0.1138	0.0352	0.1741	0.0903	0.2218	0.0237	0.2361	0.1050	
0.1309	0.0503	0.1903	0.0554	0.0870	0.1416	0.1048	0.2397	
0.0415	0.1845	0.0358	0.1349	0.0326	0.0953	0.2490	0.2263	
0.0632	0.2797	0.0823	0.0593	0.1428	0.2404	0.0832	0.0491	
0.1309	0.1121	0.0593	0.0654	0.0298	0.1257	0.2372	0.2396	
0.1425	0.1964	0.1743	0.0845	0.0915	0.0476	0.0959	0.1673	
0.0433	0.2320	0.1475	0.0881	0.1586	0.1599	0.1688	0.0019	
0.0576	0.2519	0.0139	0.0183	0.1659	0.0700	0.1812	0.2413	
0.2252	0.1515	0.0150	0.0587	0.1030	0.0456	0.2100	0.1909	
0.0357	0.2849	0.0273	0.1434	0.2286	0.1232	0.1238	0.0330	
0.1086	0.1532	0.0353	0.1780	0.0770	0.1531	0.1252	0.1696	
0.1733	0.0444	0.2902	0.0304	0.0713	0.0979	0.1980	0.0945	
0.0001	0.2581	0.2019	0.1587	0.0360	0.0199	0.0087	0.3166	
0.1535	0.2134	0.0962	0.0011	0.1315	0.0071	0.0950	0.3022	
0.1181	0.2851	0.1973	0.0383	0.0393	0.1716	0.1430	0.0073	
0.0070	0.1154	0.1764	0.0780	0.0782	0.1668	0.1570	0.2212	
0.1452	0.1640	0.0902	0.1207	0.1334	0.0596	0.1930	0.0938	
0.1277	0.1001	0.0593	0.1454	0.1487	0.1256	0.0543	0.2389	
0.2314	0.0253	0.1754	0.0761	0.2298	0.1102	0.0420	0.1098	
0.0495	0.1393	0.2648	0.1203	0.1154	0.1282	0.1487	0.0339	
0.0505	0.2643	0.0247	0.1817	0.1973	0.1382	0.0090	0.1344	
0.0144	0.0427	0.2040	0.1715	0.1199	0.1713	0.1096	0.1666	
0.0510	0.2526	0.1345	0.0685	0.0383	0.0382	0.2562	0.1608	
0.2316	0.0558	0.1366	0.1061	0.1261	0.0324	0.3084	0.0031	
0.2773	0.0337	0.1762	0.0277	0.1372	0.1115	0.0598	0.1766	
0.0141	0.0802	0.0547	0.1971	0.1716	0.0543	0.2568	0.1713	
0.0180	0.0775	0.1711	0.0801	0.1612	0.0518	0.1960	0.2443	
0.1309	0.1182	0.0219	0.0678	0.1274	0.1211	0.1844	0.2283	
0.1141	0.2890	0.0174	0.1754	0.0349	0.0691	0.0105	0.2895	
0.1220	0.0447	0.0699	0.1518	0.2046	0.0322	0.2458	0.1291	
0.1997	0.0595	0.0925	0.0798	0.2250	0.0422	0.0221	0.2792	
0.0311	0.1736	0.0813	0.1949	0.0628	0.1459	0.2055	0.1049	
0.1011	0.1111	0.1760	0.0124	0.0447	0.0920	0.1392	0.3235	
0.0713	0.2649	0.0490	0.1456	0.0126	0.2444	0.0165	0.1956	
0.1994	0.2365	0.0091	0.1710	0.1017	0.1221	0.1152	0.0450	
0.1238	0.1590	0.0772	0.0902	0.1788	0.0053	0.1207	0.2449	
