DataSet 43
Learner: Baum Welch Learner
Log Likelihood: 39218.9542714040

Number of States: 60
Number of Symbols: 5
Threshold: 0.01

Initial Distribution:
0.0253	0.0226	0.0036	0.0268	0.0192	0.0104	0.0150	0.0126	0.0003	0.0092	0.0406	0.0235	0.0407	0.0091	0.0003	0.0177	0.0368	0.0104	0.0022	0.0194	0.0113	0.0071	0.0160	0.0004	0.0026	0.0028	0.0366	0.0143	0.0041	0.0075	0.0354	0.0314	0.0148	0.0167	0.0426	0.0258	0.0276	0.0101	0.0217	0.0073	0.0161	0.0037	0.0137	0.0316	0.0107	0.0099	0.0312	0.0234	0.0140	0.0206	0.0098	0.0114	0.0103	0.0068	0.0191	0.0157	0.0124	0.0040	0.0284	0.0252	

Transitions:
0.0167	0.0020	0.0177	0.0252	0.0296	0.0083	0.0175	0.0143	0.0189	0.0150	0.0003	0.0161	0.0008	0.0361	0.0380	0.0222	0.0031	0.0172	0.0244	0.0225	0.0070	0.0050	0.0151	0.0196	0.0291	0.0123	0.0066	0.0090	0.0269	0.0165	0.0077	0.0218	0.0253	0.0233	0.0261	0.0192	0.0257	0.0200	0.0039	0.0064	0.0324	0.0176	0.0040	0.0329	0.0224	0.0004	0.0145	0.0191	0.0054	0.0068	0.0091	0.0005	0.0212	0.0031	0.0198	0.0101	0.0255	0.0321	0.0324	0.0184	
0.0014	0.0099	0.0254	0.0028	0.0064	0.0136	0.0302	0.0165	0.0057	0.0235	0.0270	0.0195	0.0104	0.0192	0.0417	0.0303	0.0006	0.0174	0.0509	0.0270	0.0449	0.0281	0.0032	0.0264	0.0083	0.0065	0.0021	0.0278	0.0048	0.0162	0.0260	0.0217	0.0220	0.0203	0.0037	0.0204	0.0299	0.0012	0.0197	0.0062	0.0090	0.0021	0.0096	0.0236	0.0100	0.0311	0.0231	0.0036	0.0125	0.0292	0.0107	0.0107	0.0027	0.0034	0.0216	0.0119	0.0062	0.0028	0.0251	0.0327	
0.0146	0.0034	0.0075	0.0273	0.0187	0.0086	0.0250	0.0236	0.0099	0.0002	0.0262	0.0292	0.0185	0.0245	0.0182	0.0291	0.0106	0.0185	0.0119	0.0166	0.0167	0.0312	0.0097	0.0103	0.0058	0.0190	0.0218	0.0164	0.0031	0.0212	0.0194	0.0291	0.0056	0.0289	0.0302	0.0059	0.0340	0.0153	0.0028	0.0002	0.0306	0.0003	0.0250	0.0112	0.0009	0.0100	0.0232	0.0098	0.0194	0.0243	0.0021	0.0254	0.0284	0.0127	0.0162	0.0123	0.0310	0.0269	0.0215	0.0001	
0.0202	0.0099	0.0206	0.0166	0.0152	0.0009	0.0272	0.0251	0.0221	0.0144	0.0011	0.0263	0.0092	0.0101	0.0234	0.0169	0.0049	0.0305	0.0099	0.0264	0.0324	0.0101	0.0316	0.0151	0.0213	0.0258	0.0007	0.0264	0.0132	0.0155	0.0083	0.0265	0.0260	0.0024	0.0115	0.0186	0.0137	0.0080	0.0256	0.0297	0.0149	0.0305	0.0144	0.0061	0.0212	0.0083	0.0121	0.0139	0.0245	0.0306	0.0063	0.0007	0.0258	0.0214	0.0023	0.0089	0.0117	0.0055	0.0267	0.0212	
0.0002	0.0011	0.0125	0.0119	0.0033	0.0052	0.0377	0.0115	0.0253	0.0489	0.0028	0.0347	0.0311	0.0113	0.0213	0.0416	0.0262	0.0342	0.0412	0.0156	0.0194	0.0239	0.0342	0.0217	0.0122	0.0090	0.0073	0.0042	0.0004	0.0025	0.0084	0.0078	0.0128	0.0102	0.0303	0.0153	0.0244	0.0067	0.0038	0.0168	0.0107	0.0052	0.0181	0.0292	0.0349	0.0113	0.0035	0.0147	0.0129	0.0031	0.0209	0.0245	0.0182	0.0147	0.0089	0.0146	0.0026	0.0308	0.0004	0.0315	
0.0293	0.0292	0.0081	0.0244	0.0242	0.0263	0.0186	0.0255	0.0055	0.0393	0.0088	0.0194	0.0186	0.0114	0.0063	0.0108	0.0002	0.0045	0.0289	0.0013	0.0069	0.0291	0.0194	0.0366	0.0169	0.0178	0.0221	0.0340	0.0023	0.0170	0.0105	0.0225	0.0048	0.0086	0.0126	0.0111	0.0264	0.0225	0.0025	0.0266	0.0200	0.0147	0.0040	0.0134	0.0251	0.0329	0.0281	0.0031	0.0090	0.0275	0.0137	0.0334	0.0087	0.0254	0.0216	0.0034	0.0046	0.0105	0.0078	0.0020	
0.0016	0.0221	0.0210	0.0250	0.0191	0.0183	0.0154	0.0118	0.0214	0.0313	0.0122	0.0099	0.0000	0.0234	0.0147	0.0259	0.0206	0.0125	0.0084	0.0207	0.0269	0.0270	0.0211	0.0057	0.0040	0.0140	0.0188	0.0069	0.0244	0.0137	0.0105	0.0193	0.0130	0.0018	0.0298	0.0026	0.0346	0.0142	0.0272	0.0069	0.0172	0.0231	0.0110	0.0197	0.0202	0.0052	0.0321	0.0189	0.0209	0.0332	0.0165	0.0314	0.0057	0.0224	0.0147	0.0101	0.0023	0.0134	0.0199	0.0041	
0.0324	0.0076	0.0190	0.0088	0.0109	0.0250	0.0258	0.0342	0.0143	0.0096	0.0198	0.0066	0.0113	0.0342	0.0038	0.0003	0.0096	0.0352	0.0253	0.0280	0.0176	0.0309	0.0158	0.0264	0.0295	0.0123	0.0115	0.0216	0.0206	0.0175	0.0003	0.0142	0.0223	0.0205	0.0055	0.0063	0.0013	0.0013	0.0060	0.0201	0.0065	0.0282	0.0251	0.0109	0.0048	0.0077	0.0126	0.0041	0.0170	0.0110	0.0265	0.0039	0.0287	0.0169	0.0191	0.0270	0.0242	0.0256	0.0089	0.0277	
0.0151	0.0076	0.0098	0.0008	0.0080	0.0099	0.0147	0.0236	0.0203	0.0361	0.0288	0.0104	0.0215	0.0337	0.0312	0.0190	0.0005	0.0060	0.0256	0.0237	0.0011	0.0100	0.0017	0.0114	0.0237	0.0274	0.0213	0.0054	0.0065	0.0075	0.0172	0.0048	0.0220	0.0121	0.0089	0.0007	0.0251	0.0303	0.0046	0.0279	0.0256	0.0278	0.0122	0.0243	0.0149	0.0230	0.0147	0.0293	0.0290	0.0030	0.0323	0.0202	0.0122	0.0197	0.0310	0.0039	0.0064	0.0321	0.0102	0.0122	
0.0266	0.0086	0.0133	0.0170	0.0091	0.0291	0.0170	0.0096	0.0190	0.0270	0.0247	0.0025	0.0319	0.0245	0.0281	0.0060	0.0274	0.0121	0.0326	0.0015	0.0137	0.0227	0.0092	0.0034	0.0088	0.0297	0.0283	0.0012	0.0185	0.0049	0.0300	0.0265	0.0187	0.0258	0.0080	0.0181	0.0166	0.0247	0.0152	0.0225	0.0003	0.0048	0.0103	0.0061	0.0100	0.0292	0.0190	0.0161	0.0238	0.0236	0.0069	0.0299	0.0038	0.0096	0.0310	0.0292	0.0020	0.0089	0.0083	0.0132	
0.0296	0.0208	0.0290	0.0122	0.0320	0.0020	0.0197	0.0060	0.0120	0.0162	0.0201	0.0360	0.0212	0.0099	0.0018	0.0103	0.0126	0.0006	0.0332	0.0108	0.0162	0.0099	0.0097	0.0332	0.0294	0.0331	0.0163	0.0111	0.0291	0.0128	0.0123	0.0027	0.0189	0.0043	0.0173	0.0130	0.0128	0.0335	0.0094	0.0061	0.0125	0.0144	0.0029	0.0100	0.0320	0.0091	0.0022	0.0270	0.0078	0.0200	0.0160	0.0014	0.0217	0.0243	0.0309	0.0190	0.0099	0.0292	0.0149	0.0279	
0.0139	0.0065	0.0077	0.0029	0.0290	0.0179	0.0118	0.0236	0.0145	0.0241	0.0214	0.0149	0.0163	0.0193	0.0429	0.0006	0.0037	0.0335	0.0380	0.0188	0.0319	0.0268	0.0008	0.0112	0.0278	0.0111	0.0145	0.0236	0.0069	0.0244	0.0035	0.0125	0.0119	0.0128	0.0181	0.0046	0.0049	0.0300	0.0090	0.0063	0.0250	0.0116	0.0034	0.0170	0.0230	0.0301	0.0105	0.0254	0.0242	0.0250	0.0183	0.0101	0.0352	0.0195	0.0001	0.0163	0.0058	0.0263	0.0040	0.0153	
0.0027	0.0277	0.0183	0.0253	0.0206	0.0129	0.0025	0.0090	0.0167	0.0394	0.0219	0.0060	0.0173	0.0304	0.0514	0.0234	0.0205	0.0147	0.0328	0.0003	0.0018	0.0311	0.0237	0.0170	0.0093	0.0289	0.0134	0.0312	0.0160	0.0038	0.0269	0.0068	0.0274	0.0269	0.0038	0.0063	0.0305	0.0122	0.0034	0.0086	0.0271	0.0077	0.0033	0.0044	0.0013	0.0188	0.0236	0.0108	0.0003	0.0170	0.0002	0.0345	0.0170	0.0041	0.0183	0.0115	0.0376	0.0037	0.0159	0.0200	
0.0333	0.0129	0.0226	0.0216	0.0243	0.0195	0.0090	0.0251	0.0130	0.0228	0.0151	0.0099	0.0067	0.0093	0.0050	0.0290	0.0152	0.0267	0.0137	0.0249	0.0026	0.0071	0.0200	0.0357	0.0031	0.0053	0.0261	0.0221	0.0132	0.0199	0.0112	0.0261	0.0219	0.0141	0.0108	0.0131	0.0161	0.0109	0.0079	0.0132	0.0039	0.0019	0.0204	0.0125	0.0313	0.0220	0.0172	0.0023	0.0005	0.0200	0.0254	0.0064	0.0282	0.0210	0.0195	0.0199	0.0281	0.0218	0.0167	0.0209	
0.0327	0.0146	0.0078	0.0249	0.0043	0.0235	0.0124	0.0192	0.0280	0.0229	0.0101	0.0034	0.0094	0.0248	0.0154	0.0002	0.0133	0.0081	0.0009	0.0138	0.0147	0.0194	0.0282	0.0224	0.0256	0.0049	0.0021	0.0210	0.0304	0.0154	0.0231	0.0258	0.0211	0.0206	0.0237	0.0186	0.0319	0.0202	0.0090	0.0083	0.0018	0.0210	0.0064	0.0079	0.0087	0.0205	0.0259	0.0183	0.0023	0.0189	0.0044	0.0171	0.0217	0.0059	0.0309	0.0288	0.0287	0.0110	0.0003	0.0432	
0.0228	0.0210	0.0269	0.0032	0.0335	0.0202	0.0137	0.0259	0.0041	0.0069	0.0061	0.0187	0.0287	0.0319	0.0176	0.0292	0.0166	0.0125	0.0228	0.0025	0.0140	0.0068	0.0272	0.0143	0.0180	0.0023	0.0001	0.0208	0.0239	0.0258	0.0163	0.0080	0.0272	0.0075	0.0137	0.0125	0.0023	0.0043	0.0084	0.0191	0.0099	0.0068	0.0200	0.0284	0.0124	0.0225	0.0205	0.0283	0.0241	0.0073	0.0103	0.0232	0.0017	0.0259	0.0231	0.0136	0.0258	0.0143	0.0152	0.0293	
0.0167	0.0289	0.0315	0.0099	0.0210	0.0251	0.0252	0.0252	0.0052	0.0367	0.0162	0.0150	0.0240	0.0288	0.0390	0.0048	0.0129	0.0000	0.0001	0.0247	0.0164	0.0039	0.0184	0.0188	0.0147	0.0265	0.0053	0.0370	0.0174	0.0025	0.0184	0.0156	0.0156	0.0127	0.0006	0.0121	0.0081	0.0113	0.0065	0.0092	0.0267	0.0002	0.0164	0.0264	0.0178	0.0300	0.0188	0.0069	0.0048	0.0148	0.0339	0.0234	0.0168	0.0157	0.0160	0.0122	0.0036	0.0136	0.0219	0.0178	
0.0303	0.0227	0.0020	0.0063	0.0042	0.0018	0.0252	0.0172	0.0251	0.0100	0.0260	0.0045	0.0227	0.0214	0.0315	0.0138	0.0150	0.0345	0.0361	0.0211	0.0077	0.0001	0.0306	0.0028	0.0031	0.0030	0.0069	0.0278	0.0343	0.0145	0.0134	0.0314	0.0154	0.0205	0.0216	0.0079	0.0367	0.0130	0.0250	0.0183	0.0001	0.0062	0.0135	0.0277	0.0241	0.0282	0.0001	0.0242	0.0229	0.0033	0.0017	0.0099	0.0175	0.0080	0.0151	0.0247	0.0341	0.0287	0.0033	0.0015	
0.0377	0.0291	0.0162	0.0095	0.0251	0.0347	0.0180	0.0010	0.0273	0.0304	0.0136	0.0006	0.0015	0.0160	0.0206	0.0012	0.0172	0.0397	0.0163	0.0085	0.0030	0.0116	0.0082	0.0320	0.0156	0.0027	0.0127	0.0066	0.0078	0.0247	0.0104	0.0345	0.0106	0.0218	0.0192	0.0011	0.0267	0.0035	0.0013	0.0270	0.0046	0.0279	0.0257	0.0266	0.0220	0.0011	0.0077	0.0011	0.0196	0.0135	0.0040	0.0022	0.0212	0.0266	0.0332	0.0155	0.0279	0.0179	0.0248	0.0316	
0.0218	0.0159	0.0295	0.0007	0.0154	0.0167	0.0239	0.0117	0.0231	0.0246	0.0107	0.0153	0.0254	0.0246	0.0043	0.0043	0.0165	0.0106	0.0103	0.0138	0.0324	0.0128	0.0216	0.0323	0.0273	0.0079	0.0117	0.0176	0.0278	0.0061	0.0091	0.0012	0.0091	0.0088	0.0044	0.0235	0.0062	0.0289	0.0156	0.0045	0.0117	0.0319	0.0076	0.0013	0.0016	0.0255	0.0083	0.0299	0.0246	0.0292	0.0325	0.0182	0.0163	0.0137	0.0336	0.0074	0.0319	0.0317	0.0078	0.0073	
0.0057	0.0061	0.0176	0.0204	0.0094	0.0112	0.0050	0.0200	0.0162	0.0170	0.0287	0.0196	0.0236	0.0039	0.0021	0.0322	0.0032	0.0253	0.0319	0.0028	0.0336	0.0147	0.0295	0.0365	0.0085	0.0245	0.0211	0.0260	0.0126	0.0257	0.0290	0.0065	0.0195	0.0102	0.0001	0.0056	0.0168	0.0187	0.0236	0.0275	0.0173	0.0216	0.0121	0.0100	0.0320	0.0098	0.0250	0.0083	0.0126	0.0354	0.0041	0.0105	0.0081	0.0051	0.0075	0.0227	0.0169	0.0159	0.0120	0.0212	
0.0299	0.0119	0.0078	0.0224	0.0198	0.0280	0.0021	0.0175	0.0032	0.0421	0.0168	0.0160	0.0278	0.0019	0.0246	0.0115	0.0016	0.0183	0.0037	0.0352	0.0021	0.0127	0.0173	0.0151	0.0290	0.0177	0.0339	0.0162	0.0042	0.0104	0.0249	0.0316	0.0088	0.0079	0.0015	0.0069	0.0195	0.0264	0.0251	0.0044	0.0079	0.0109	0.0062	0.0157	0.0185	0.0257	0.0170	0.0053	0.0207	0.0336	0.0220	0.0024	0.0198	0.0139	0.0181	0.0119	0.0349	0.0284	0.0285	0.0006	
0.0220	0.0197	0.0098	0.0221	0.0063	0.0180	0.0071	0.0207	0.0000	0.0129	0.0208	0.0087	0.0167	0.0322	0.0310	0.0249	0.0040	0.0303	0.0347	0.0028	0.0026	0.0273	0.0211	0.0070	0.0197	0.0173	0.0100	0.0287	0.0221	0.0215	0.0080	0.0166	0.0253	0.0210	0.0076	0.0152	0.0267	0.0125	0.0063	0.0203	0.0124	0.0269	0.0044	0.0073	0.0030	0.0115	0.0127	0.0157	0.0182	0.0198	0.0061	0.0292	0.0327	0.0192	0.0290	0.0251	0.0243	0.0036	0.0028	0.0149	
0.0120	0.0124	0.0279	0.0102	0.0015	0.0064	0.0108	0.0316	0.0192	0.0054	0.0235	0.0224	0.0231	0.0025	0.0244	0.0066	0.0205	0.0278	0.0046	0.0113	0.0066	0.0291	0.0059	0.0021	0.0186	0.0120	0.0232	0.0049	0.0309	0.0099	0.0298	0.0323	0.0095	0.0234	0.0174	0.0024	0.0028	0.0260	0.0062	0.0350	0.0326	0.0198	0.0277	0.0170	0.0358	0.0160	0.0079	0.0262	0.0037	0.0272	0.0102	0.0063	0.0004	0.0259	0.0138	0.0136	0.0088	0.0231	0.0249	0.0269	
0.0192	0.0069	0.0326	0.0093	0.0089	0.0291	0.0140	0.0363	0.0130	0.0241	0.0033	0.0235	0.0126	0.0069	0.0129	0.0199	0.0291	0.0243	0.0038	0.0020	0.0063	0.0260	0.0014	0.0028	0.0339	0.0187	0.0265	0.0166	0.0123	0.0046	0.0263	0.0099	0.0023	0.0162	0.0113	0.0232	0.0218	0.0176	0.0073	0.0031	0.0296	0.0085	0.0112	0.0158	0.0223	0.0194	0.0244	0.0242	0.0142	0.0262	0.0122	0.0224	0.0251	0.0214	0.0167	0.0224	0.0062	0.0283	0.0083	0.0216	
0.0002	0.0309	0.0189	0.0100	0.0237	0.0218	0.0235	0.0304	0.0155	0.0204	0.0230	0.0128	0.0082	0.0339	0.0034	0.0305	0.0102	0.0168	0.0179	0.0122	0.0341	0.0013	0.0006	0.0199	0.0220	0.0053	0.0159	0.0120	0.0021	0.0208	0.0154	0.0181	0.0078	0.0180	0.0020	0.0006	0.0186	0.0008	0.0167	0.0206	0.0239	0.0286	0.0016	0.0271	0.0281	0.0326	0.0090	0.0204	0.0171	0.0161	0.0108	0.0213	0.0175	0.0210	0.0228	0.0241	0.0301	0.0014	0.0150	0.0145	
0.0046	0.0113	0.0249	0.0020	0.0298	0.0054	0.0040	0.0208	0.0195	0.0017	0.0048	0.0116	0.0168	0.0180	0.0245	0.0307	0.0258	0.0023	0.0234	0.0195	0.0291	0.0328	0.0188	0.0164	0.0097	0.0289	0.0050	0.0144	0.0259	0.0035	0.0020	0.0157	0.0111	0.0071	0.0164	0.0130	0.0046	0.0308	0.0007	0.0163	0.0243	0.0212	0.0201	0.0161	0.0116	0.0302	0.0251	0.0263	0.0073	0.0218	0.0313	0.0274	0.0140	0.0206	0.0197	0.0054	0.0209	0.0080	0.0196	0.0256	
0.0001	0.0235	0.0243	0.0246	0.0325	0.0183	0.0318	0.0185	0.0222	0.0042	0.0218	0.0320	0.0015	0.0378	0.0409	0.0069	0.0046	0.0033	0.0052	0.0121	0.0009	0.0115	0.0048	0.0073	0.0043	0.0064	0.0075	0.0202	0.0203	0.0130	0.0243	0.0273	0.0078	0.0023	0.0175	0.0056	0.0338	0.0001	0.0158	0.0251	0.0007	0.0156	0.0275	0.0055	0.0352	0.0363	0.0252	0.0124	0.0294	0.0154	0.0025	0.0217	0.0070	0.0100	0.0335	0.0201	0.0201	0.0166	0.0182	0.0254	
0.0122	0.0131	0.0289	0.0167	0.0089	0.0310	0.0232	0.0375	0.0081	0.0286	0.0054	0.0048	0.0141	0.0111	0.0144	0.0198	0.0106	0.0410	0.0088	0.0042	0.0155	0.0290	0.0192	0.0046	0.0119	0.0065	0.0222	0.0306	0.0052	0.0297	0.0211	0.0160	0.0108	0.0274	0.0142	0.0193	0.0221	0.0136	0.0246	0.0023	0.0079	0.0264	0.0031	0.0096	0.0105	0.0327	0.0051	0.0264	0.0310	0.0129	0.0104	0.0201	0.0121	0.0160	0.0116	0.0147	0.0310	0.0231	0.0051	0.0020	
0.0069	0.0248	0.0259	0.0091	0.0005	0.0203	0.0238	0.0183	0.0181	0.0285	0.0233	0.0256	0.0018	0.0043	0.0350	0.0186	0.0194	0.0095	0.0333	0.0122	0.0022	0.0264	0.0266	0.0271	0.0198	0.0025	0.0044	0.0252	0.0177	0.0010	0.0218	0.0249	0.0073	0.0235	0.0215	0.0114	0.0005	0.0223	0.0071	0.0169	0.0032	0.0181	0.0022	0.0072	0.0149	0.0138	0.0140	0.0049	0.0177	0.0220	0.0210	0.0185	0.0323	0.0194	0.0319	0.0101	0.0306	0.0018	0.0174	0.0296	
0.0154	0.0346	0.0329	0.0216	0.0328	0.0013	0.0234	0.0080	0.0058	0.0180	0.0142	0.0329	0.0256	0.0082	0.0145	0.0158	0.0210	0.0205	0.0122	0.0062	0.0231	0.0371	0.0044	0.0313	0.0094	0.0070	0.0246	0.0192	0.0259	0.0158	0.0123	0.0253	0.0033	0.0110	0.0013	0.0031	0.0200	0.0112	0.0080	0.0109	0.0231	0.0093	0.0257	0.0059	0.0063	0.0265	0.0180	0.0221	0.0128	0.0168	0.0218	0.0109	0.0301	0.0119	0.0103	0.0142	0.0290	0.0039	0.0124	0.0200	
0.0028	0.0048	0.0130	0.0244	0.0371	0.0192	0.0323	0.0233	0.0045	0.0082	0.0214	0.0149	0.0085	0.0333	0.0211	0.0128	0.0017	0.0352	0.0292	0.0169	0.0249	0.0111	0.0019	0.0125	0.0286	0.0054	0.0052	0.0262	0.0022	0.0169	0.0080	0.0165	0.0282	0.0204	0.0093	0.0195	0.0303	0.0053	0.0053	0.0168	0.0292	0.0018	0.0153	0.0084	0.0289	0.0087	0.0011	0.0313	0.0009	0.0328	0.0183	0.0334	0.0200	0.0264	0.0034	0.0230	0.0026	0.0016	0.0277	0.0262	
0.0143	0.0067	0.0180	0.0216	0.0324	0.0065	0.0189	0.0254	0.0121	0.0335	0.0109	0.0309	0.0226	0.0023	0.0303	0.0212	0.0228	0.0309	0.0245	0.0192	0.0054	0.0107	0.0184	0.0030	0.0327	0.0117	0.0020	0.0371	0.0184	0.0173	0.0169	0.0260	0.0067	0.0116	0.0039	0.0206	0.0174	0.0271	0.0081	0.0168	0.0216	0.0138	0.0107	0.0083	0.0212	0.0221	0.0039	0.0136	0.0090	0.0172	0.0011	0.0098	0.0214	0.0087	0.0246	0.0042	0.0211	0.0145	0.0199	0.0166	
0.0053	0.0191	0.0025	0.0001	0.0060	0.0172	0.0240	0.0131	0.0286	0.0366	0.0002	0.0331	0.0139	0.0331	0.0378	0.0254	0.0296	0.0148	0.0193	0.0130	0.0098	0.0239	0.0251	0.0005	0.0174	0.0111	0.0114	0.0311	0.0247	0.0001	0.0058	0.0038	0.0027	0.0286	0.0152	0.0052	0.0131	0.0126	0.0031	0.0027	0.0323	0.0266	0.0162	0.0133	0.0198	0.0020	0.0277	0.0189	0.0134	0.0350	0.0084	0.0075	0.0382	0.0109	0.0092	0.0155	0.0324	0.0017	0.0175	0.0328	
0.0044	0.0261	0.0235	0.0256	0.0247	0.0225	0.0341	0.0219	0.0109	0.0288	0.0096	0.0191	0.0065	0.0130	0.0229	0.0168	0.0037	0.0068	0.0183	0.0123	0.0201	0.0283	0.0128	0.0259	0.0219	0.0289	0.0038	0.0269	0.0162	0.0318	0.0059	0.0071	0.0240	0.0075	0.0231	0.0036	0.0027	0.0219	0.0177	0.0154	0.0049	0.0056	0.0030	0.0186	0.0189	0.0231	0.0264	0.0176	0.0236	0.0213	0.0128	0.0220	0.0215	0.0016	0.0102	0.0100	0.0085	0.0297	0.0039	0.0196	
0.0248	0.0055	0.0024	0.0176	0.0192	0.0026	0.0259	0.0007	0.0147	0.0132	0.0125	0.0191	0.0143	0.0289	0.0128	0.0126	0.0205	0.0312	0.0048	0.0021	0.0012	0.0227	0.0281	0.0310	0.0202	0.0193	0.0219	0.0288	0.0308	0.0169	0.0261	0.0049	0.0153	0.0003	0.0293	0.0000	0.0034	0.0219	0.0036	0.0159	0.0006	0.0330	0.0020	0.0177	0.0122	0.0295	0.0060	0.0253	0.0247	0.0325	0.0297	0.0148	0.0318	0.0023	0.0249	0.0044	0.0102	0.0079	0.0309	0.0325	
0.0141	0.0357	0.0037	0.0001	0.0193	0.0088	0.0019	0.0209	0.0274	0.0127	0.0086	0.0019	0.0268	0.0254	0.0024	0.0048	0.0187	0.0123	0.0228	0.0283	0.0173	0.0399	0.0005	0.0412	0.0264	0.0154	0.0114	0.0167	0.0116	0.0288	0.0238	0.0300	0.0243	0.0058	0.0043	0.0044	0.0299	0.0024	0.0022	0.0034	0.0281	0.0268	0.0291	0.0185	0.0278	0.0294	0.0241	0.0081	0.0010	0.0212	0.0242	0.0001	0.0326	0.0043	0.0220	0.0144	0.0351	0.0050	0.0102	0.0017	
0.0396	0.0227	0.0067	0.0059	0.0208	0.0141	0.0131	0.0233	0.0150	0.0430	0.0094	0.0160	0.0074	0.0146	0.0001	0.0263	0.0039	0.0239	0.0117	0.0355	0.0303	0.0046	0.0147	0.0308	0.0052	0.0232	0.0035	0.0195	0.0230	0.0230	0.0089	0.0250	0.0260	0.0009	0.0065	0.0049	0.0214	0.0231	0.0303	0.0117	0.0133	0.0027	0.0235	0.0034	0.0113	0.0058	0.0277	0.0122	0.0043	0.0324	0.0109	0.0139	0.0372	0.0108	0.0110	0.0266	0.0107	0.0144	0.0009	0.0374	
0.0086	0.0249	0.0322	0.0219	0.0211	0.0159	0.0231	0.0063	0.0047	0.0303	0.0044	0.0141	0.0147	0.0282	0.0235	0.0210	0.0107	0.0082	0.0150	0.0280	0.0298	0.0238	0.0124	0.0243	0.0113	0.0267	0.0214	0.0135	0.0215	0.0119	0.0225	0.0023	0.0178	0.0007	0.0005	0.0161	0.0028	0.0304	0.0121	0.0185	0.0135	0.0177	0.0053	0.0069	0.0213	0.0265	0.0218	0.0266	0.0200	0.0173	0.0129	0.0004	0.0343	0.0009	0.0299	0.0147	0.0120	0.0068	0.0112	0.0231	
0.0317	0.0105	0.0172	0.0278	0.0005	0.0031	0.0299	0.0249	0.0269	0.0030	0.0195	0.0155	0.0295	0.0316	0.0256	0.0145	0.0177	0.0071	0.0022	0.0193	0.0056	0.0351	0.0256	0.0070	0.0002	0.0285	0.0029	0.0240	0.0020	0.0155	0.0046	0.0305	0.0206	0.0228	0.0281	0.0058	0.0044	0.0151	0.0072	0.0215	0.0017	0.0068	0.0001	0.0232	0.0389	0.0385	0.0069	0.0086	0.0170	0.0227	0.0022	0.0099	0.0084	0.0283	0.0252	0.0309	0.0234	0.0105	0.0254	0.0065	
0.0417	0.0067	0.0194	0.0172	0.0318	0.0255	0.0283	0.0052	0.0299	0.0155	0.0077	0.0032	0.0281	0.0150	0.0186	0.0321	0.0293	0.0021	0.0067	0.0011	0.0225	0.0297	0.0046	0.0163	0.0134	0.0305	0.0225	0.0238	0.0010	0.0312	0.0213	0.0296	0.0216	0.0026	0.0225	0.0332	0.0269	0.0174	0.0267	0.0092	0.0047	0.0015	0.0122	0.0035	0.0141	0.0342	0.0115	0.0234	0.0123	0.0259	0.0009	0.0185	0.0046	0.0245	0.0194	0.0052	0.0032	0.0026	0.0040	0.0020	
0.0034	0.0032	0.0038	0.0258	0.0222	0.0125	0.0128	0.0280	0.0214	0.0244	0.0075	0.0101	0.0090	0.0301	0.0321	0.0190	0.0127	0.0386	0.0018	0.0127	0.0181	0.0273	0.0122	0.0114	0.0302	0.0025	0.0205	0.0262	0.0174	0.0122	0.0223	0.0178	0.0115	0.0195	0.0042	0.0005	0.0312	0.0144	0.0095	0.0307	0.0150	0.0136	0.0254	0.0191	0.0135	0.0209	0.0057	0.0049	0.0240	0.0283	0.0196	0.0030	0.0013	0.0192	0.0158	0.0058	0.0240	0.0214	0.0252	0.0236	
0.0183	0.0174	0.0091	0.0092	0.0275	0.0176	0.0309	0.0234	0.0132	0.0337	0.0149	0.0284	0.0160	0.0025	0.0431	0.0029	0.0226	0.0202	0.0389	0.0077	0.0340	0.0177	0.0012	0.0229	0.0211	0.0160	0.0121	0.0246	0.0051	0.0273	0.0062	0.0030	0.0154	0.0163	0.0052	0.0204	0.0044	0.0171	0.0146	0.0158	0.0176	0.0157	0.0096	0.0255	0.0069	0.0236	0.0111	0.0270	0.0188	0.0102	0.0077	0.0027	0.0309	0.0132	0.0231	0.0041	0.0160	0.0195	0.0131	0.0056	
0.0050	0.0098	0.0182	0.0254	0.0243	0.0170	0.0138	0.0431	0.0173	0.0460	0.0236	0.0139	0.0233	0.0077	0.0361	0.0151	0.0033	0.0039	0.0213	0.0005	0.0096	0.0255	0.0277	0.0360	0.0238	0.0063	0.0067	0.0007	0.0302	0.0029	0.0121	0.0146	0.0306	0.0186	0.0143	0.0126	0.0027	0.0216	0.0077	0.0186	0.0131	0.0174	0.0045	0.0263	0.0187	0.0352	0.0084	0.0240	0.0303	0.0138	0.0029	0.0162	0.0118	0.0160	0.0007	0.0152	0.0134	0.0236	0.0039	0.0132	
0.0130	0.0126	0.0031	0.0272	0.0200	0.0153	0.0151	0.0093	0.0190	0.0077	0.0093	0.0199	0.0280	0.0318	0.0296	0.0315	0.0150	0.0044	0.0154	0.0306	0.0407	0.0231	0.0008	0.0217	0.0002	0.0015	0.0093	0.0158	0.0235	0.0358	0.0041	0.0156	0.0161	0.0329	0.0123	0.0034	0.0160	0.0160	0.0097	0.0034	0.0179	0.0024	0.0024	0.0301	0.0059	0.0225	0.0240	0.0189	0.0355	0.0108	0.0058	0.0100	0.0164	0.0115	0.0207	0.0265	0.0127	0.0222	0.0247	0.0193	
0.0058	0.0003	0.0227	0.0224	0.0015	0.0314	0.0032	0.0342	0.0105	0.0229	0.0109	0.0334	0.0268	0.0084	0.0139	0.0332	0.0162	0.0083	0.0157	0.0165	0.0160	0.0275	0.0149	0.0129	0.0310	0.0281	0.0016	0.0040	0.0159	0.0206	0.0278	0.0287	0.0241	0.0280	0.0301	0.0166	0.0174	0.0145	0.0242	0.0103	0.0154	0.0278	0.0054	0.0158	0.0362	0.0062	0.0159	0.0051	0.0005	0.0234	0.0085	0.0043	0.0109	0.0086	0.0028	0.0136	0.0242	0.0103	0.0261	0.0066	
0.0244	0.0325	0.0139	0.0211	0.0238	0.0153	0.0099	0.0338	0.0059	0.0322	0.0106	0.0020	0.0104	0.0017	0.0004	0.0205	0.0161	0.0309	0.0149	0.0193	0.0156	0.0322	0.0027	0.0286	0.0115	0.0206	0.0142	0.0156	0.0233	0.0173	0.0233	0.0038	0.0179	0.0184	0.0123	0.0132	0.0121	0.0143	0.0191	0.0107	0.0261	0.0163	0.0248	0.0053	0.0078	0.0064	0.0211	0.0065	0.0072	0.0145	0.0274	0.0236	0.0353	0.0038	0.0243	0.0239	0.0297	0.0193	0.0098	0.0005	
0.0002	0.0274	0.0059	0.0184	0.0313	0.0070	0.0151	0.0291	0.0100	0.0224	0.0043	0.0042	0.0033	0.0344	0.0412	0.0327	0.0244	0.0305	0.0251	0.0049	0.0388	0.0118	0.0045	0.0112	0.0212	0.0046	0.0046	0.0175	0.0252	0.0165	0.0132	0.0183	0.0022	0.0196	0.0079	0.0007	0.0087	0.0064	0.0041	0.0223	0.0199	0.0294	0.0153	0.0195	0.0092	0.0233	0.0146	0.0279	0.0088	0.0224	0.0296	0.0329	0.0034	0.0037	0.0016	0.0155	0.0220	0.0272	0.0222	0.0204	
0.0023	0.0351	0.0314	0.0008	0.0349	0.0132	0.0018	0.0151	0.0130	0.0330	0.0162	0.0276	0.0207	0.0226	0.0225	0.0002	0.0203	0.0177	0.0001	0.0010	0.0266	0.0090	0.0035	0.0022	0.0207	0.0176	0.0192	0.0364	0.0234	0.0240	0.0106	0.0126	0.0071	0.0136	0.0224	0.0215	0.0025	0.0212	0.0174	0.0239	0.0199	0.0067	0.0113	0.0191	0.0086	0.0054	0.0093	0.0170	0.0214	0.0014	0.0350	0.0067	0.0359	0.0260	0.0055	0.0235	0.0312	0.0285	0.0112	0.0113	
0.0281	0.0051	0.0256	0.0310	0.0152	0.0054	0.0221	0.0100	0.0189	0.0308	0.0296	0.0032	0.0250	0.0061	0.0203	0.0180	0.0284	0.0223	0.0408	0.0168	0.0133	0.0071	0.0065	0.0297	0.0267	0.0066	0.0179	0.0122	0.0111	0.0018	0.0310	0.0086	0.0071	0.0132	0.0033	0.0169	0.0196	0.0198	0.0060	0.0029	0.0209	0.0029	0.0275	0.0026	0.0049	0.0368	0.0161	0.0275	0.0188	0.0261	0.0001	0.0128	0.0006	0.0300	0.0029	0.0189	0.0380	0.0368	0.0052	0.0068	
0.0255	0.0081	0.0329	0.0214	0.0228	0.0220	0.0274	0.0117	0.0011	0.0361	0.0270	0.0099	0.0093	0.0247	0.0334	0.0072	0.0107	0.0052	0.0215	0.0276	0.0252	0.0266	0.0283	0.0213	0.0016	0.0194	0.0079	0.0083	0.0109	0.0154	0.0195	0.0195	0.0112	0.0008	0.0160	0.0122	0.0059	0.0057	0.0119	0.0165	0.0011	0.0038	0.0212	0.0196	0.0301	0.0235	0.0335	0.0082	0.0018	0.0301	0.0074	0.0282	0.0164	0.0111	0.0164	0.0261	0.0182	0.0102	0.0197	0.0038	
0.0165	0.0230	0.0012	0.0174	0.0104	0.0112	0.0356	0.0128	0.0064	0.0254	0.0021	0.0058	0.0261	0.0038	0.0384	0.0253	0.0026	0.0019	0.0365	0.0127	0.0273	0.0377	0.0071	0.0197	0.0110	0.0242	0.0042	0.0395	0.0209	0.0229	0.0263	0.0268	0.0199	0.0086	0.0008	0.0131	0.0031	0.0074	0.0111	0.0175	0.0238	0.0249	0.0016	0.0174	0.0303	0.0027	0.0017	0.0117	0.0192	0.0289	0.0262	0.0191	0.0266	0.0071	0.0180	0.0154	0.0161	0.0206	0.0063	0.0185	
0.0062	0.0278	0.0211	0.0164	0.0206	0.0079	0.0157	0.0163	0.0015	0.0125	0.0139	0.0236	0.0176	0.0062	0.0227	0.0285	0.0238	0.0249	0.0246	0.0066	0.0231	0.0234	0.0118	0.0243	0.0275	0.0082	0.0046	0.0105	0.0238	0.0145	0.0006	0.0146	0.0000	0.0241	0.0087	0.0201	0.0298	0.0127	0.0191	0.0149	0.0136	0.0151	0.0072	0.0064	0.0091	0.0262	0.0239	0.0114	0.0154	0.0155	0.0157	0.0213	0.0293	0.0258	0.0242	0.0109	0.0176	0.0267	0.0169	0.0130	
0.0033	0.0073	0.0237	0.0154	0.0112	0.0007	0.0298	0.0296	0.0179	0.0386	0.0250	0.0142	0.0278	0.0057	0.0356	0.0066	0.0144	0.0061	0.0206	0.0018	0.0194	0.0271	0.0214	0.0102	0.0315	0.0089	0.0164	0.0008	0.0035	0.0302	0.0048	0.0281	0.0240	0.0102	0.0097	0.0073	0.0253	0.0247	0.0198	0.0076	0.0288	0.0038	0.0163	0.0204	0.0204	0.0051	0.0228	0.0239	0.0069	0.0184	0.0288	0.0143	0.0212	0.0159	0.0322	0.0100	0.0154	0.0148	0.0139	0.0003	
0.0160	0.0280	0.0214	0.0292	0.0244	0.0318	0.0199	0.0205	0.0211	0.0182	0.0098	0.0239	0.0078	0.0056	0.0023	0.0125	0.0047	0.0052	0.0269	0.0273	0.0194	0.0291	0.0275	0.0186	0.0022	0.0243	0.0138	0.0073	0.0144	0.0014	0.0277	0.0131	0.0070	0.0287	0.0263	0.0051	0.0179	0.0218	0.0274	0.0214	0.0170	0.0069	0.0008	0.0241	0.0101	0.0046	0.0049	0.0120	0.0170	0.0200	0.0069	0.0104	0.0299	0.0219	0.0163	0.0183	0.0025	0.0039	0.0262	0.0354	
0.0177	0.0142	0.0050	0.0214	0.0208	0.0299	0.0187	0.0141	0.0072	0.0389	0.0237	0.0157	0.0063	0.0009	0.0142	0.0129	0.0243	0.0379	0.0097	0.0293	0.0251	0.0018	0.0213	0.0337	0.0280	0.0174	0.0176	0.0191	0.0148	0.0087	0.0025	0.0111	0.0264	0.0287	0.0032	0.0037	0.0024	0.0112	0.0051	0.0105	0.0184	0.0267	0.0026	0.0196	0.0261	0.0274	0.0027	0.0246	0.0126	0.0042	0.0259	0.0032	0.0372	0.0257	0.0121	0.0134	0.0272	0.0101	0.0245	0.0006	
0.0109	0.0010	0.0310	0.0011	0.0288	0.0161	0.0216	0.0108	0.0193	0.0076	0.0072	0.0160	0.0252	0.0349	0.0165	0.0332	0.0281	0.0021	0.0054	0.0024	0.0208	0.0323	0.0025	0.0131	0.0168	0.0281	0.0129	0.0373	0.0205	0.0215	0.0118	0.0228	0.0146	0.0053	0.0007	0.0149	0.0278	0.0017	0.0175	0.0066	0.0039	0.0274	0.0252	0.0079	0.0309	0.0110	0.0096	0.0020	0.0167	0.0160	0.0167	0.0247	0.0080	0.0220	0.0191	0.0136	0.0365	0.0206	0.0141	0.0255	
0.0017	0.0220	0.0217	0.0080	0.0244	0.0165	0.0001	0.0229	0.0207	0.0335	0.0263	0.0277	0.0075	0.0331	0.0412	0.0237	0.0288	0.0367	0.0208	0.0063	0.0263	0.0136	0.0124	0.0040	0.0050	0.0209	0.0172	0.0234	0.0225	0.0164	0.0197	0.0096	0.0155	0.0295	0.0051	0.0139	0.0071	0.0186	0.0125	0.0119	0.0091	0.0228	0.0065	0.0239	0.0208	0.0213	0.0132	0.0095	0.0253	0.0290	0.0150	0.0033	0.0057	0.0102	0.0050	0.0198	0.0110	0.0165	0.0029	0.0004	
0.0305	0.0117	0.0361	0.0091	0.0046	0.0193	0.0161	0.0101	0.0180	0.0208	0.0133	0.0144	0.0106	0.0031	0.0467	0.0360	0.0050	0.0206	0.0230	0.0178	0.0139	0.0096	0.0259	0.0309	0.0023	0.0179	0.0044	0.0061	0.0283	0.0190	0.0048	0.0198	0.0161	0.0158	0.0126	0.0310	0.0258	0.0362	0.0194	0.0277	0.0067	0.0059	0.0194	0.0118	0.0160	0.0038	0.0236	0.0022	0.0140	0.0060	0.0191	0.0273	0.0007	0.0160	0.0249	0.0201	0.0169	0.0060	0.0067	0.0189	
0.0162	0.0079	0.0131	0.0046	0.0101	0.0241	0.0276	0.0298	0.0185	0.0330	0.0047	0.0066	0.0256	0.0187	0.0127	0.0056	0.0179	0.0166	0.0114	0.0298	0.0269	0.0028	0.0228	0.0224	0.0013	0.0132	0.0193	0.0301	0.0248	0.0219	0.0150	0.0191	0.0226	0.0037	0.0138	0.0295	0.0247	0.0154	0.0013	0.0202	0.0069	0.0259	0.0122	0.0156	0.0006	0.0091	0.0270	0.0134	0.0061	0.0162	0.0034	0.0328	0.0294	0.0072	0.0246	0.0118	0.0179	0.0219	0.0033	0.0292	

Emissions
0.0427	0.3926	0.0380	0.4010	0.1258	
0.2000	0.2395	0.3417	0.0554	0.1633	
0.0879	0.0498	0.1904	0.2338	0.4382	
0.2553	0.2461	0.0530	0.2351	0.2104	
0.1791	0.1032	0.3299	0.1198	0.2680	
0.1333	0.4407	0.2324	0.1608	0.0329	
0.2057	0.0096	0.2716	0.1249	0.3882	
0.0874	0.4021	0.2233	0.0443	0.2428	
0.2192	0.0902	0.2038	0.4025	0.0843	
0.0023	0.2905	0.0819	0.2085	0.4168	
0.3584	0.2341	0.0488	0.2256	0.1330	
0.2646	0.0729	0.2883	0.1123	0.2619	
0.3027	0.4941	0.1674	0.0300	0.0058	
0.1186	0.4149	0.1324	0.0655	0.2686	
0.0538	0.1115	0.0379	0.0651	0.7318	
0.1035	0.3355	0.3076	0.0626	0.1907	
0.2505	0.1944	0.2819	0.2016	0.0715	
0.0055	0.4188	0.0125	0.3041	0.2592	
0.0198	0.4227	0.0705	0.0540	0.4329	
0.2011	0.2619	0.0817	0.2597	0.1955	
0.1714	0.2868	0.0409	0.0478	0.4531	
0.0961	0.1135	0.2970	0.1245	0.3689	
0.0173	0.1671	0.3902	0.4231	0.0024	
0.0197	0.2654	0.1940	0.1388	0.3821	
0.0931	0.3279	0.1841	0.1795	0.2154	
0.1035	0.0129	0.5693	0.2284	0.0858	
0.2872	0.2962	0.0719	0.2555	0.0892	
0.1502	0.2139	0.3197	0.0244	0.2918	
0.0975	0.3090	0.1724	0.2172	0.2039	
0.2425	0.1475	0.2282	0.0725	0.3093	
0.2181	0.3190	0.1543	0.2632	0.0454	
0.1644	0.3481	0.1677	0.2728	0.0471	
0.1887	0.2531	0.2704	0.1688	0.1190	
0.2355	0.0512	0.1125	0.3123	0.2884	
0.2462	0.0173	0.2535	0.4231	0.0599	
0.1749	0.0264	0.1903	0.4549	0.1535	
0.0305	0.2384	0.2731	0.3846	0.0735	
0.2334	0.0463	0.1885	0.1478	0.3841	
0.2810	0.0157	0.1101	0.4614	0.1317	
0.0915	0.3177	0.1582	0.3439	0.0887	
0.2284	0.0530	0.0367	0.3134	0.3685	
0.1548	0.0916	0.2282	0.1695	0.3559	
0.2255	0.2685	0.3286	0.1419	0.0355	
0.3360	0.2934	0.2028	0.0350	0.1328	
0.0655	0.2473	0.2707	0.2062	0.2103	
0.0961	0.2466	0.2100	0.1545	0.2928	
0.2115	0.2171	0.1823	0.2533	0.1358	
0.2848	0.1885	0.3615	0.0325	0.1326	
0.1384	0.2177	0.3451	0.2315	0.0672	
0.0894	0.1960	0.3158	0.2877	0.1111	
0.2455	0.0080	0.1268	0.1617	0.4580	
0.0835	0.2495	0.3348	0.1440	0.1881	
0.0017	0.1568	0.3531	0.2067	0.2817	
0.1716	0.3112	0.2754	0.2049	0.0369	
0.1215	0.2477	0.1288	0.2393	0.2627	
0.2258	0.3816	0.0989	0.2138	0.0798	
0.0278	0.3876	0.3788	0.1174	0.0883	
0.2155	0.2774	0.1805	0.0302	0.2964	
0.2151	0.0182	0.2735	0.3563	0.1369	
0.0598	0.2555	0.1251	0.4145	0.1450	
