DataSet 43
Learner: Baum Welch Learner
Log Likelihood: 39200.8612874628

Number of States: 80
Number of Symbols: 5
Threshold: 0.01

Initial Distribution:
0.0078	0.0013	0.0042	0.0045	0.0131	0.0163	0.0056	0.0001	0.0084	0.0045	0.0223	0.0129	0.0005	0.0011	0.0049	0.0030	0.0055	0.0128	0.0162	0.0201	0.0038	0.0014	0.0051	0.0093	0.0134	0.0013	0.0334	0.0003	0.0243	0.0052	0.0052	0.0205	0.0022	0.0083	0.0261	0.0181	0.0121	0.0171	0.0045	0.0295	0.0032	0.0083	0.0260	0.0137	0.0124	0.0283	0.0208	0.0118	0.0297	0.0274	0.0268	0.0079	0.0135	0.0132	0.0078	0.0208	0.0165	0.0335	0.0008	0.0089	0.0212	0.0033	0.0095	0.0184	0.0181	0.0151	0.0152	0.0031	0.0026	0.0155	0.0200	0.0073	0.0215	0.0121	0.0143	0.0201	0.0034	0.0087	0.0193	0.0136	

Transitions:
0.0105	0.0100	0.0013	0.0188	0.0095	0.0184	0.0086	0.0081	0.0138	0.0041	0.0169	0.0159	0.0158	0.0213	0.0013	0.0199	0.0054	0.0086	0.0282	0.0125	0.0029	0.0130	0.0080	0.0098	0.0082	0.0033	0.0162	0.0188	0.0201	0.0136	0.0147	0.0146	0.0232	0.0088	0.0177	0.0044	0.0022	0.0167	0.0015	0.0015	0.0120	0.0067	0.0100	0.0188	0.0155	0.0165	0.0189	0.0166	0.0159	0.0182	0.0092	0.0170	0.0082	0.0025	0.0129	0.0226	0.0016	0.0182	0.0075	0.0049	0.0233	0.0151	0.0099	0.0226	0.0109	0.0060	0.0177	0.0062	0.0049	0.0198	0.0185	0.0131	0.0072	0.0207	0.0058	0.0176	0.0211	0.0085	0.0166	0.0131	
0.0060	0.0019	0.0020	0.0009	0.0067	0.0190	0.0047	0.0215	0.0215	0.0255	0.0028	0.0097	0.0092	0.0196	0.0029	0.0194	0.0211	0.0144	0.0122	0.0079	0.0199	0.0162	0.0123	0.0191	0.0004	0.0171	0.0106	0.0127	0.0213	0.0153	0.0242	0.0162	0.0216	0.0179	0.0240	0.0190	0.0122	0.0106	0.0196	0.0223	0.0013	0.0227	0.0092	0.0066	0.0180	0.0089	0.0030	0.0114	0.0187	0.0076	0.0001	0.0086	0.0009	0.0070	0.0183	0.0156	0.0121	0.0079	0.0004	0.0095	0.0059	0.0183	0.0226	0.0045	0.0200	0.0130	0.0131	0.0134	0.0219	0.0070	0.0082	0.0110	0.0216	0.0145	0.0101	0.0204	0.0034	0.0052	0.0022	0.0145	
0.0220	0.0004	0.0192	0.0179	0.0170	0.0140	0.0150	0.0162	0.0004	0.0116	0.0078	0.0061	0.0104	0.0069	0.0145	0.0090	0.0271	0.0081	0.0113	0.0049	0.0201	0.0141	0.0156	0.0126	0.0254	0.0138	0.0103	0.0128	0.0232	0.0179	0.0137	0.0071	0.0043	0.0115	0.0184	0.0054	0.0258	0.0128	0.0156	0.0125	0.0248	0.0007	0.0141	0.0107	0.0257	0.0029	0.0003	0.0173	0.0002	0.0008	0.0008	0.0215	0.0218	0.0218	0.0231	0.0065	0.0093	0.0076	0.0151	0.0021	0.0011	0.0041	0.0156	0.0075	0.0219	0.0025	0.0022	0.0005	0.0161	0.0097	0.0091	0.0147	0.0198	0.0251	0.0094	0.0182	0.0218	0.0053	0.0136	0.0218	
0.0148	0.0180	0.0099	0.0264	0.0184	0.0162	0.0092	0.0072	0.0139	0.0147	0.0188	0.0150	0.0229	0.0100	0.0087	0.0170	0.0101	0.0087	0.0180	0.0154	0.0007	0.0263	0.0030	0.0159	0.0167	0.0105	0.0013	0.0269	0.0138	0.0012	0.0110	0.0029	0.0194	0.0172	0.0132	0.0060	0.0167	0.0191	0.0195	0.0095	0.0205	0.0190	0.0093	0.0017	0.0126	0.0162	0.0124	0.0089	0.0128	0.0128	0.0101	0.0103	0.0160	0.0149	0.0234	0.0169	0.0165	0.0274	0.0061	0.0034	0.0159	0.0101	0.0185	0.0140	0.0014	0.0204	0.0000	0.0044	0.0271	0.0041	0.0015	0.0185	0.0184	0.0051	0.0035	0.0055	0.0119	0.0010	0.0033	0.0000	
0.0317	0.0190	0.0133	0.0322	0.0124	0.0203	0.0080	0.0017	0.0251	0.0181	0.0126	0.0230	0.0090	0.0131	0.0206	0.0103	0.0010	0.0255	0.0002	0.0174	0.0171	0.0090	0.0096	0.0082	0.0106	0.0190	0.0142	0.0128	0.0094	0.0134	0.0015	0.0140	0.0138	0.0076	0.0033	0.0204	0.0210	0.0178	0.0177	0.0026	0.0077	0.0262	0.0071	0.0247	0.0131	0.0032	0.0047	0.0070	0.0090	0.0162	0.0041	0.0162	0.0008	0.0103	0.0074	0.0146	0.0053	0.0029	0.0126	0.0173	0.0044	0.0211	0.0119	0.0053	0.0204	0.0253	0.0053	0.0057	0.0072	0.0193	0.0103	0.0083	0.0026	0.0227	0.0091	0.0154	0.0004	0.0109	0.0189	0.0076	
0.0134	0.0107	0.0021	0.0230	0.0083	0.0118	0.0132	0.0072	0.0250	0.0131	0.0147	0.0170	0.0060	0.0220	0.0231	0.0121	0.0111	0.0012	0.0026	0.0126	0.0232	0.0260	0.0221	0.0124	0.0057	0.0229	0.0098	0.0044	0.0009	0.0154	0.0166	0.0175	0.0089	0.0050	0.0124	0.0192	0.0198	0.0186	0.0232	0.0093	0.0101	0.0254	0.0071	0.0188	0.0062	0.0177	0.0004	0.0066	0.0221	0.0198	0.0069	0.0250	0.0093	0.0055	0.0095	0.0116	0.0101	0.0136	0.0133	0.0096	0.0009	0.0100	0.0053	0.0061	0.0208	0.0252	0.0077	0.0019	0.0077	0.0028	0.0150	0.0187	0.0030	0.0186	0.0035	0.0214	0.0168	0.0046	0.0066	0.0108	
0.0326	0.0048	0.0068	0.0061	0.0070	0.0160	0.0068	0.0050	0.0240	0.0009	0.0093	0.0066	0.0045	0.0147	0.0100	0.0008	0.0223	0.0016	0.0203	0.0073	0.0136	0.0267	0.0210	0.0225	0.0046	0.0181	0.0180	0.0187	0.0018	0.0101	0.0225	0.0052	0.0063	0.0032	0.0129	0.0232	0.0045	0.0016	0.0225	0.0049	0.0150	0.0053	0.0066	0.0078	0.0184	0.0097	0.0110	0.0174	0.0086	0.0025	0.0053	0.0182	0.0078	0.0274	0.0225	0.0251	0.0055	0.0087	0.0270	0.0139	0.0183	0.0170	0.0014	0.0076	0.0062	0.0056	0.0248	0.0032	0.0257	0.0109	0.0199	0.0227	0.0030	0.0181	0.0179	0.0074	0.0190	0.0168	0.0028	0.0188	
0.0043	0.0046	0.0076	0.0316	0.0052	0.0057	0.0254	0.0077	0.0038	0.0207	0.0162	0.0167	0.0025	0.0052	0.0101	0.0004	0.0033	0.0244	0.0017	0.0097	0.0112	0.0103	0.0178	0.0239	0.0068	0.0115	0.0112	0.0203	0.0102	0.0166	0.0101	0.0151	0.0093	0.0063	0.0163	0.0158	0.0085	0.0020	0.0075	0.0017	0.0100	0.0178	0.0212	0.0086	0.0221	0.0030	0.0136	0.0235	0.0056	0.0155	0.0056	0.0170	0.0159	0.0143	0.0084	0.0253	0.0127	0.0160	0.0203	0.0168	0.0230	0.0063	0.0250	0.0151	0.0051	0.0056	0.0111	0.0185	0.0201	0.0237	0.0179	0.0015	0.0192	0.0275	0.0058	0.0193	0.0088	0.0072	0.0032	0.0034	
0.0268	0.0138	0.0120	0.0218	0.0121	0.0158	0.0213	0.0189	0.0257	0.0227	0.0037	0.0210	0.0084	0.0150	0.0080	0.0028	0.0195	0.0130	0.0048	0.0125	0.0160	0.0203	0.0071	0.0093	0.0236	0.0029	0.0006	0.0173	0.0104	0.0109	0.0125	0.0039	0.0071	0.0165	0.0160	0.0038	0.0186	0.0056	0.0001	0.0179	0.0088	0.0184	0.0192	0.0201	0.0173	0.0194	0.0165	0.0029	0.0168	0.0018	0.0023	0.0196	0.0040	0.0126	0.0124	0.0063	0.0061	0.0034	0.0205	0.0084	0.0152	0.0055	0.0076	0.0139	0.0073	0.0004	0.0157	0.0156	0.0262	0.0048	0.0096	0.0141	0.0125	0.0133	0.0073	0.0220	0.0210	0.0101	0.0174	0.0038	
0.0101	0.0221	0.0238	0.0088	0.0098	0.0161	0.0257	0.0182	0.0040	0.0120	0.0216	0.0139	0.0111	0.0161	0.0019	0.0029	0.0101	0.0090	0.0173	0.0139	0.0032	0.0006	0.0039	0.0113	0.0173	0.0124	0.0083	0.0171	0.0073	0.0126	0.0104	0.0213	0.0107	0.0162	0.0245	0.0158	0.0051	0.0265	0.0047	0.0213	0.0010	0.0221	0.0126	0.0129	0.0072	0.0201	0.0022	0.0202	0.0115	0.0033	0.0153	0.0119	0.0214	0.0015	0.0004	0.0101	0.0186	0.0168	0.0161	0.0206	0.0071	0.0087	0.0120	0.0180	0.0002	0.0030	0.0051	0.0175	0.0190	0.0113	0.0225	0.0104	0.0050	0.0217	0.0165	0.0058	0.0110	0.0133	0.0046	0.0224	
0.0173	0.0162	0.0063	0.0047	0.0182	0.0207	0.0201	0.0113	0.0216	0.0125	0.0202	0.0191	0.0076	0.0117	0.0136	0.0210	0.0123	0.0278	0.0118	0.0043	0.0170	0.0094	0.0028	0.0002	0.0048	0.0048	0.0068	0.0011	0.0088	0.0200	0.0269	0.0040	0.0078	0.0263	0.0075	0.0187	0.0031	0.0091	0.0159	0.0028	0.0044	0.0276	0.0029	0.0041	0.0139	0.0049	0.0011	0.0197	0.0088	0.0203	0.0180	0.0182	0.0007	0.0007	0.0073	0.0036	0.0103	0.0040	0.0254	0.0150	0.0120	0.0225	0.0218	0.0169	0.0164	0.0213	0.0080	0.0169	0.0012	0.0163	0.0121	0.0017	0.0049	0.0124	0.0269	0.0155	0.0060	0.0228	0.0121	0.0254	
0.0034	0.0134	0.0172	0.0191	0.0174	0.0080	0.0027	0.0098	0.0128	0.0036	0.0078	0.0221	0.0087	0.0255	0.0150	0.0088	0.0282	0.0068	0.0109	0.0172	0.0236	0.0122	0.0152	0.0169	0.0068	0.0208	0.0067	0.0157	0.0011	0.0137	0.0253	0.0096	0.0152	0.0301	0.0157	0.0019	0.0058	0.0078	0.0226	0.0059	0.0131	0.0002	0.0030	0.0219	0.0079	0.0135	0.0128	0.0075	0.0180	0.0136	0.0147	0.0252	0.0109	0.0173	0.0008	0.0154	0.0184	0.0197	0.0062	0.0022	0.0213	0.0133	0.0058	0.0160	0.0051	0.0258	0.0042	0.0113	0.0049	0.0108	0.0019	0.0209	0.0062	0.0048	0.0048	0.0195	0.0080	0.0194	0.0087	0.0146	
0.0048	0.0007	0.0182	0.0120	0.0236	0.0269	0.0235	0.0008	0.0245	0.0016	0.0086	0.0061	0.0022	0.0207	0.0071	0.0018	0.0195	0.0080	0.0215	0.0069	0.0116	0.0036	0.0029	0.0085	0.0140	0.0008	0.0148	0.0084	0.0136	0.0029	0.0098	0.0219	0.0160	0.0160	0.0244	0.0233	0.0190	0.0227	0.0293	0.0069	0.0023	0.0038	0.0121	0.0032	0.0032	0.0204	0.0131	0.0110	0.0228	0.0024	0.0046	0.0229	0.0055	0.0004	0.0033	0.0013	0.0228	0.0135	0.0219	0.0216	0.0096	0.0162	0.0129	0.0220	0.0156	0.0157	0.0163	0.0102	0.0246	0.0091	0.0075	0.0245	0.0093	0.0113	0.0072	0.0080	0.0136	0.0214	0.0054	0.0181	
0.0127	0.0045	0.0104	0.0125	0.0208	0.0086	0.0126	0.0150	0.0126	0.0224	0.0013	0.0074	0.0212	0.0021	0.0197	0.0115	0.0160	0.0183	0.0120	0.0104	0.0031	0.0031	0.0115	0.0124	0.0180	0.0055	0.0119	0.0200	0.0158	0.0163	0.0122	0.0229	0.0044	0.0034	0.0093	0.0034	0.0035	0.0026	0.0227	0.0079	0.0236	0.0024	0.0183	0.0216	0.0066	0.0208	0.0189	0.0065	0.0125	0.0163	0.0168	0.0181	0.0115	0.0151	0.0143	0.0084	0.0152	0.0238	0.0150	0.0140	0.0177	0.0198	0.0182	0.0165	0.0089	0.0035	0.0034	0.0176	0.0182	0.0167	0.0074	0.0143	0.0197	0.0024	0.0142	0.0009	0.0037	0.0117	0.0056	0.0181	
0.0105	0.0091	0.0064	0.0331	0.0007	0.0168	0.0088	0.0152	0.0150	0.0016	0.0116	0.0054	0.0110	0.0042	0.0151	0.0057	0.0077	0.0059	0.0156	0.0030	0.0202	0.0020	0.0126	0.0205	0.0102	0.0051	0.0182	0.0118	0.0025	0.0130	0.0050	0.0012	0.0158	0.0242	0.0087	0.0096	0.0135	0.0213	0.0194	0.0177	0.0183	0.0173	0.0066	0.0149	0.0051	0.0025	0.0007	0.0186	0.0116	0.0075	0.0183	0.0236	0.0228	0.0025	0.0001	0.0068	0.0195	0.0111	0.0146	0.0169	0.0189	0.0255	0.0095	0.0220	0.0205	0.0134	0.0132	0.0154	0.0214	0.0050	0.0154	0.0133	0.0116	0.0219	0.0109	0.0040	0.0194	0.0214	0.0151	0.0075	
0.0054	0.0032	0.0229	0.0256	0.0160	0.0056	0.0010	0.0159	0.0210	0.0022	0.0128	0.0021	0.0055	0.0232	0.0227	0.0199	0.0059	0.0085	0.0189	0.0133	0.0128	0.0093	0.0187	0.0068	0.0144	0.0073	0.0078	0.0044	0.0133	0.0171	0.0133	0.0187	0.0177	0.0071	0.0145	0.0145	0.0233	0.0148	0.0048	0.0133	0.0100	0.0249	0.0160	0.0154	0.0128	0.0120	0.0032	0.0141	0.0181	0.0122	0.0206	0.0095	0.0050	0.0207	0.0173	0.0205	0.0039	0.0159	0.0034	0.0084	0.0186	0.0224	0.0191	0.0201	0.0122	0.0226	0.0062	0.0006	0.0067	0.0076	0.0167	0.0177	0.0033	0.0024	0.0069	0.0122	0.0118	0.0055	0.0171	0.0010	
0.0049	0.0209	0.0086	0.0038	0.0233	0.0031	0.0141	0.0248	0.0140	0.0264	0.0115	0.0076	0.0131	0.0192	0.0199	0.0139	0.0030	0.0237	0.0038	0.0137	0.0077	0.0038	0.0090	0.0127	0.0208	0.0080	0.0055	0.0041	0.0169	0.0041	0.0099	0.0250	0.0259	0.0026	0.0077	0.0001	0.0140	0.0210	0.0040	0.0144	0.0104	0.0097	0.0116	0.0100	0.0235	0.0123	0.0026	0.0110	0.0072	0.0173	0.0135	0.0146	0.0041	0.0017	0.0212	0.0012	0.0116	0.0284	0.0090	0.0128	0.0254	0.0112	0.0073	0.0095	0.0113	0.0175	0.0096	0.0090	0.0131	0.0224	0.0008	0.0104	0.0196	0.0174	0.0086	0.0227	0.0152	0.0214	0.0160	0.0077	
0.0073	0.0212	0.0226	0.0292	0.0160	0.0188	0.0168	0.0244	0.0100	0.0066	0.0130	0.0162	0.0101	0.0165	0.0150	0.0248	0.0022	0.0050	0.0258	0.0055	0.0024	0.0197	0.0220	0.0109	0.0165	0.0029	0.0183	0.0139	0.0181	0.0188	0.0119	0.0130	0.0055	0.0010	0.0062	0.0016	0.0131	0.0091	0.0178	0.0188	0.0224	0.0136	0.0007	0.0047	0.0066	0.0082	0.0210	0.0034	0.0008	0.0072	0.0218	0.0103	0.0235	0.0092	0.0052	0.0135	0.0209	0.0117	0.0066	0.0126	0.0223	0.0048	0.0024	0.0141	0.0194	0.0020	0.0109	0.0088	0.0097	0.0133	0.0110	0.0209	0.0129	0.0050	0.0097	0.0133	0.0174	0.0181	0.0044	0.0080	
0.0052	0.0189	0.0130	0.0140	0.0210	0.0004	0.0121	0.0236	0.0230	0.0175	0.0060	0.0017	0.0024	0.0022	0.0228	0.0191	0.0110	0.0119	0.0097	0.0045	0.0235	0.0147	0.0184	0.0128	0.0206	0.0040	0.0207	0.0214	0.0005	0.0153	0.0227	0.0003	0.0063	0.0266	0.0097	0.0047	0.0175	0.0165	0.0174	0.0187	0.0142	0.0161	0.0132	0.0166	0.0074	0.0097	0.0152	0.0115	0.0079	0.0155	0.0043	0.0065	0.0103	0.0000	0.0104	0.0161	0.0249	0.0002	0.0163	0.0169	0.0034	0.0179	0.0209	0.0049	0.0217	0.0064	0.0201	0.0044	0.0182	0.0169	0.0008	0.0222	0.0184	0.0157	0.0159	0.0076	0.0003	0.0029	0.0052	0.0106	
0.0192	0.0125	0.0134	0.0140	0.0070	0.0129	0.0110	0.0086	0.0164	0.0145	0.0048	0.0173	0.0002	0.0284	0.0181	0.0250	0.0220	0.0096	0.0143	0.0011	0.0162	0.0121	0.0138	0.0147	0.0120	0.0118	0.0085	0.0210	0.0062	0.0025	0.0165	0.0183	0.0154	0.0071	0.0045	0.0161	0.0050	0.0100	0.0157	0.0042	0.0124	0.0162	0.0123	0.0233	0.0102	0.0059	0.0148	0.0179	0.0179	0.0139	0.0099	0.0197	0.0074	0.0039	0.0166	0.0017	0.0168	0.0139	0.0201	0.0005	0.0025	0.0182	0.0186	0.0066	0.0036	0.0115	0.0191	0.0199	0.0155	0.0186	0.0120	0.0103	0.0111	0.0139	0.0103	0.0011	0.0224	0.0173	0.0047	0.0058	
0.0179	0.0157	0.0208	0.0206	0.0117	0.0220	0.0099	0.0169	0.0100	0.0034	0.0014	0.0076	0.0140	0.0182	0.0028	0.0201	0.0174	0.0056	0.0197	0.0187	0.0107	0.0245	0.0021	0.0227	0.0006	0.0048	0.0019	0.0204	0.0154	0.0162	0.0070	0.0197	0.0140	0.0144	0.0087	0.0106	0.0204	0.0041	0.0220	0.0051	0.0223	0.0054	0.0076	0.0125	0.0202	0.0066	0.0131	0.0183	0.0086	0.0108	0.0084	0.0129	0.0016	0.0046	0.0180	0.0162	0.0130	0.0221	0.0155	0.0066	0.0193	0.0158	0.0193	0.0137	0.0180	0.0064	0.0157	0.0023	0.0087	0.0142	0.0203	0.0139	0.0081	0.0130	0.0005	0.0053	0.0128	0.0104	0.0029	0.0156	
0.0140	0.0062	0.0098	0.0064	0.0100	0.0185	0.0188	0.0102	0.0193	0.0224	0.0202	0.0203	0.0133	0.0120	0.0082	0.0073	0.0079	0.0185	0.0243	0.0110	0.0129	0.0147	0.0109	0.0180	0.0132	0.0164	0.0041	0.0143	0.0049	0.0115	0.0035	0.0006	0.0201	0.0231	0.0199	0.0131	0.0048	0.0177	0.0082	0.0052	0.0142	0.0069	0.0068	0.0133	0.0179	0.0003	0.0211	0.0200	0.0038	0.0156	0.0256	0.0168	0.0180	0.0115	0.0029	0.0000	0.0193	0.0231	0.0170	0.0127	0.0143	0.0053	0.0058	0.0073	0.0119	0.0242	0.0051	0.0116	0.0207	0.0212	0.0032	0.0168	0.0124	0.0136	0.0025	0.0068	0.0048	0.0171	0.0010	0.0120	
0.0307	0.0092	0.0110	0.0180	0.0095	0.0074	0.0041	0.0078	0.0242	0.0136	0.0159	0.0132	0.0173	0.0220	0.0185	0.0096	0.0014	0.0020	0.0013	0.0190	0.0211	0.0109	0.0027	0.0082	0.0117	0.0087	0.0051	0.0064	0.0067	0.0174	0.0199	0.0221	0.0122	0.0059	0.0138	0.0043	0.0199	0.0165	0.0143	0.0036	0.0135	0.0280	0.0147	0.0251	0.0010	0.0114	0.0141	0.0186	0.0174	0.0160	0.0048	0.0040	0.0168	0.0063	0.0145	0.0102	0.0047	0.0011	0.0243	0.0041	0.0012	0.0232	0.0177	0.0008	0.0244	0.0206	0.0203	0.0202	0.0023	0.0098	0.0105	0.0100	0.0073	0.0219	0.0027	0.0176	0.0193	0.0044	0.0068	0.0212	
0.0224	0.0141	0.0102	0.0240	0.0095	0.0143	0.0038	0.0127	0.0127	0.0035	0.0001	0.0182	0.0137	0.0132	0.0045	0.0212	0.0047	0.0178	0.0199	0.0049	0.0194	0.0224	0.0130	0.0103	0.0053	0.0257	0.0142	0.0243	0.0022	0.0198	0.0198	0.0231	0.0161	0.0009	0.0138	0.0135	0.0142	0.0037	0.0117	0.0057	0.0131	0.0133	0.0071	0.0230	0.0112	0.0151	0.0114	0.0223	0.0137	0.0081	0.0122	0.0005	0.0054	0.0014	0.0038	0.0196	0.0230	0.0183	0.0107	0.0093	0.0182	0.0068	0.0060	0.0090	0.0099	0.0007	0.0219	0.0189	0.0222	0.0128	0.0029	0.0002	0.0031	0.0161	0.0152	0.0063	0.0136	0.0165	0.0229	0.0098	
0.0133	0.0229	0.0067	0.0244	0.0056	0.0170	0.0156	0.0213	0.0243	0.0182	0.0153	0.0148	0.0151	0.0263	0.0121	0.0095	0.0056	0.0223	0.0107	0.0102	0.0217	0.0200	0.0021	0.0015	0.0054	0.0164	0.0174	0.0166	0.0087	0.0207	0.0076	0.0014	0.0019	0.0290	0.0034	0.0009	0.0002	0.0123	0.0056	0.0138	0.0066	0.0056	0.0188	0.0242	0.0211	0.0108	0.0057	0.0049	0.0029	0.0051	0.0016	0.0181	0.0066	0.0111	0.0134	0.0158	0.0190	0.0042	0.0130	0.0121	0.0192	0.0022	0.0064	0.0187	0.0123	0.0175	0.0117	0.0190	0.0193	0.0096	0.0072	0.0208	0.0129	0.0208	0.0041	0.0141	0.0225	0.0024	0.0044	0.0164	
0.0102	0.0158	0.0120	0.0067	0.0178	0.0152	0.0167	0.0168	0.0101	0.0131	0.0062	0.0172	0.0224	0.0145	0.0179	0.0049	0.0240	0.0235	0.0122	0.0039	0.0007	0.0131	0.0084	0.0161	0.0203	0.0080	0.0012	0.0127	0.0062	0.0205	0.0209	0.0157	0.0003	0.0220	0.0065	0.0052	0.0138	0.0013	0.0035	0.0222	0.0215	0.0217	0.0072	0.0064	0.0030	0.0114	0.0140	0.0002	0.0225	0.0198	0.0171	0.0202	0.0141	0.0218	0.0163	0.0210	0.0055	0.0212	0.0080	0.0091	0.0135	0.0066	0.0077	0.0103	0.0149	0.0175	0.0177	0.0036	0.0077	0.0131	0.0132	0.0240	0.0181	0.0130	0.0079	0.0032	0.0028	0.0025	0.0130	0.0080	
0.0255	0.0017	0.0155	0.0124	0.0030	0.0178	0.0170	0.0014	0.0047	0.0066	0.0001	0.0220	0.0125	0.0220	0.0108	0.0200	0.0153	0.0271	0.0089	0.0118	0.0217	0.0140	0.0128	0.0098	0.0062	0.0287	0.0015	0.0033	0.0098	0.0121	0.0197	0.0022	0.0039	0.0356	0.0158	0.0120	0.0187	0.0004	0.0045	0.0113	0.0127	0.0235	0.0007	0.0250	0.0133	0.0138	0.0031	0.0033	0.0032	0.0130	0.0108	0.0064	0.0119	0.0036	0.0115	0.0027	0.0092	0.0014	0.0006	0.0050	0.0133	0.0188	0.0078	0.0090	0.0164	0.0233	0.0127	0.0208	0.0183	0.0162	0.0160	0.0166	0.0129	0.0211	0.0184	0.0198	0.0149	0.0180	0.0199	0.0112	
0.0227	0.0256	0.0259	0.0009	0.0202	0.0144	0.0136	0.0026	0.0104	0.0164	0.0038	0.0158	0.0226	0.0260	0.0006	0.0246	0.0115	0.0108	0.0065	0.0147	0.0076	0.0114	0.0054	0.0090	0.0189	0.0037	0.0114	0.0216	0.0087	0.0150	0.0180	0.0145	0.0064	0.0171	0.0166	0.0222	0.0228	0.0089	0.0217	0.0025	0.0085	0.0133	0.0083	0.0065	0.0176	0.0063	0.0118	0.0199	0.0183	0.0202	0.0142	0.0027	0.0140	0.0046	0.0043	0.0084	0.0196	0.0166	0.0076	0.0154	0.0007	0.0226	0.0171	0.0171	0.0002	0.0175	0.0095	0.0107	0.0075	0.0039	0.0004	0.0020	0.0149	0.0034	0.0094	0.0201	0.0007	0.0227	0.0173	0.0116	
0.0210	0.0245	0.0007	0.0177	0.0011	0.0139	0.0237	0.0025	0.0133	0.0094	0.0044	0.0071	0.0015	0.0014	0.0025	0.0150	0.0237	0.0203	0.0058	0.0014	0.0269	0.0018	0.0128	0.0142	0.0204	0.0166	0.0121	0.0126	0.0215	0.0102	0.0084	0.0189	0.0245	0.0263	0.0019	0.0069	0.0222	0.0034	0.0168	0.0122	0.0165	0.0092	0.0012	0.0257	0.0284	0.0178	0.0002	0.0145	0.0010	0.0198	0.0009	0.0121	0.0197	0.0171	0.0150	0.0138	0.0065	0.0101	0.0205	0.0125	0.0015	0.0128	0.0060	0.0011	0.0020	0.0136	0.0067	0.0072	0.0212	0.0211	0.0171	0.0199	0.0255	0.0228	0.0109	0.0138	0.0005	0.0157	0.0150	0.0016	
0.0168	0.0261	0.0120	0.0016	0.0081	0.0259	0.0262	0.0118	0.0072	0.0152	0.0006	0.0089	0.0109	0.0048	0.0113	0.0050	0.0019	0.0298	0.0259	0.0129	0.0143	0.0235	0.0153	0.0061	0.0011	0.0099	0.0104	0.0284	0.0061	0.0269	0.0177	0.0187	0.0230	0.0215	0.0003	0.0050	0.0022	0.0054	0.0230	0.0051	0.0134	0.0263	0.0004	0.0128	0.0231	0.0110	0.0066	0.0213	0.0100	0.0049	0.0151	0.0006	0.0206	0.0018	0.0155	0.0214	0.0076	0.0059	0.0002	0.0237	0.0132	0.0007	0.0040	0.0067	0.0243	0.0120	0.0132	0.0185	0.0044	0.0063	0.0026	0.0280	0.0069	0.0193	0.0017	0.0158	0.0210	0.0033	0.0116	0.0173	
0.0025	0.0137	0.0126	0.0009	0.0100	0.0126	0.0186	0.0174	0.0032	0.0066	0.0185	0.0176	0.0041	0.0176	0.0144	0.0094	0.0166	0.0171	0.0148	0.0074	0.0192	0.0129	0.0129	0.0030	0.0020	0.0127	0.0149	0.0030	0.0002	0.0188	0.0002	0.0031	0.0171	0.0090	0.0184	0.0177	0.0095	0.0027	0.0206	0.0092	0.0125	0.0158	0.0110	0.0179	0.0070	0.0047	0.0137	0.0097	0.0211	0.0125	0.0212	0.0197	0.0118	0.0005	0.0160	0.0129	0.0220	0.0120	0.0209	0.0167	0.0184	0.0170	0.0162	0.0056	0.0050	0.0183	0.0025	0.0154	0.0233	0.0196	0.0004	0.0145	0.0209	0.0040	0.0206	0.0044	0.0205	0.0146	0.0177	0.0188	
0.0313	0.0094	0.0054	0.0136	0.0254	0.0011	0.0153	0.0228	0.0228	0.0082	0.0215	0.0274	0.0047	0.0004	0.0171	0.0231	0.0284	0.0101	0.0187	0.0138	0.0028	0.0270	0.0125	0.0018	0.0156	0.0086	0.0257	0.0117	0.0043	0.0131	0.0181	0.0071	0.0174	0.0022	0.0225	0.0128	0.0151	0.0105	0.0077	0.0060	0.0061	0.0115	0.0020	0.0190	0.0013	0.0011	0.0111	0.0252	0.0158	0.0011	0.0075	0.0193	0.0028	0.0084	0.0222	0.0019	0.0237	0.0034	0.0237	0.0172	0.0011	0.0048	0.0159	0.0065	0.0183	0.0178	0.0093	0.0029	0.0055	0.0036	0.0072	0.0183	0.0019	0.0130	0.0092	0.0182	0.0236	0.0199	0.0006	0.0154	
0.0316	0.0012	0.0244	0.0045	0.0041	0.0239	0.0034	0.0111	0.0091	0.0165	0.0153	0.0115	0.0116	0.0186	0.0050	0.0017	0.0248	0.0244	0.0000	0.0118	0.0201	0.0096	0.0172	0.0129	0.0191	0.0206	0.0127	0.0190	0.0198	0.0014	0.0070	0.0012	0.0023	0.0098	0.0205	0.0000	0.0097	0.0120	0.0014	0.0151	0.0105	0.0005	0.0189	0.0129	0.0128	0.0198	0.0011	0.0133	0.0063	0.0062	0.0208	0.0298	0.0198	0.0160	0.0205	0.0145	0.0083	0.0080	0.0103	0.0099	0.0087	0.0134	0.0086	0.0050	0.0135	0.0169	0.0083	0.0070	0.0224	0.0041	0.0170	0.0118	0.0182	0.0072	0.0006	0.0174	0.0157	0.0078	0.0270	0.0227	
0.0170	0.0021	0.0094	0.0217	0.0036	0.0068	0.0066	0.0133	0.0113	0.0083	0.0158	0.0211	0.0025	0.0135	0.0085	0.0216	0.0175	0.0140	0.0308	0.0168	0.0125	0.0213	0.0159	0.0023	0.0137	0.0116	0.0045	0.0142	0.0138	0.0038	0.0003	0.0259	0.0104	0.0122	0.0215	0.0066	0.0018	0.0156	0.0030	0.0072	0.0091	0.0191	0.0165	0.0109	0.0114	0.0175	0.0053	0.0053	0.0219	0.0015	0.0267	0.0211	0.0082	0.0017	0.0089	0.0232	0.0094	0.0100	0.0048	0.0137	0.0013	0.0198	0.0237	0.0075	0.0055	0.0201	0.0137	0.0129	0.0197	0.0027	0.0207	0.0022	0.0114	0.0177	0.0150	0.0174	0.0227	0.0042	0.0153	0.0197	
0.0116	0.0307	0.0201	0.0170	0.0033	0.0013	0.0136	0.0108	0.0050	0.0213	0.0210	0.0219	0.0087	0.0167	0.0060	0.0187	0.0236	0.0158	0.0054	0.0187	0.0039	0.0177	0.0116	0.0201	0.0043	0.0285	0.0109	0.0182	0.0103	0.0138	0.0247	0.0045	0.0151	0.0123	0.0059	0.0015	0.0014	0.0134	0.0026	0.0040	0.0032	0.0080	0.0108	0.0201	0.0054	0.0025	0.0163	0.0240	0.0115	0.0222	0.0000	0.0144	0.0238	0.0269	0.0163	0.0174	0.0133	0.0183	0.0081	0.0049	0.0126	0.0248	0.0200	0.0122	0.0033	0.0203	0.0025	0.0013	0.0072	0.0033	0.0124	0.0087	0.0097	0.0014	0.0153	0.0210	0.0050	0.0198	0.0145	0.0017	
0.0086	0.0168	0.0046	0.0215	0.0106	0.0100	0.0051	0.0240	0.0216	0.0118	0.0131	0.0035	0.0047	0.0274	0.0185	0.0058	0.0139	0.0251	0.0130	0.0120	0.0006	0.0179	0.0143	0.0095	0.0088	0.0222	0.0007	0.0254	0.0073	0.0204	0.0153	0.0164	0.0086	0.0078	0.0004	0.0007	0.0207	0.0055	0.0018	0.0139	0.0112	0.0117	0.0084	0.0202	0.0142	0.0087	0.0008	0.0137	0.0093	0.0083	0.0088	0.0104	0.0056	0.0017	0.0011	0.0155	0.0253	0.0162	0.0057	0.0149	0.0085	0.0087	0.0083	0.0165	0.0004	0.0267	0.0185	0.0000	0.0217	0.0141	0.0085	0.0084	0.0172	0.0255	0.0273	0.0148	0.0075	0.0210	0.0212	0.0239	
0.0227	0.0142	0.0139	0.0010	0.0111	0.0059	0.0119	0.0097	0.0058	0.0138	0.0036	0.0266	0.0002	0.0082	0.0089	0.0046	0.0015	0.0162	0.0240	0.0147	0.0189	0.0011	0.0186	0.0220	0.0267	0.0044	0.0142	0.0109	0.0020	0.0114	0.0113	0.0291	0.0287	0.0081	0.0028	0.0246	0.0242	0.0090	0.0144	0.0258	0.0153	0.0132	0.0201	0.0113	0.0139	0.0107	0.0060	0.0130	0.0157	0.0215	0.0175	0.0207	0.0051	0.0056	0.0081	0.0197	0.0218	0.0221	0.0020	0.0064	0.0190	0.0020	0.0067	0.0223	0.0017	0.0054	0.0001	0.0198	0.0052	0.0119	0.0083	0.0239	0.0026	0.0275	0.0027	0.0061	0.0061	0.0071	0.0093	0.0159	
0.0297	0.0020	0.0218	0.0083	0.0163	0.0146	0.0167	0.0236	0.0279	0.0091	0.0034	0.0041	0.0048	0.0057	0.0047	0.0127	0.0053	0.0012	0.0080	0.0071	0.0108	0.0130	0.0066	0.0035	0.0114	0.0231	0.0133	0.0073	0.0023	0.0004	0.0119	0.0116	0.0072	0.0159	0.0073	0.0141	0.0067	0.0239	0.0223	0.0086	0.0087	0.0060	0.0168	0.0196	0.0064	0.0035	0.0118	0.0221	0.0163	0.0143	0.0012	0.0047	0.0216	0.0013	0.0033	0.0105	0.0202	0.0136	0.0195	0.0184	0.0216	0.0125	0.0155	0.0194	0.0244	0.0176	0.0201	0.0181	0.0222	0.0136	0.0043	0.0060	0.0017	0.0243	0.0236	0.0044	0.0197	0.0130	0.0219	0.0080	
0.0095	0.0190	0.0139	0.0153	0.0235	0.0073	0.0136	0.0078	0.0099	0.0230	0.0185	0.0143	0.0055	0.0001	0.0113	0.0232	0.0147	0.0204	0.0222	0.0127	0.0083	0.0216	0.0002	0.0033	0.0111	0.0202	0.0021	0.0000	0.0034	0.0225	0.0193	0.0052	0.0198	0.0119	0.0163	0.0062	0.0238	0.0048	0.0002	0.0172	0.0033	0.0142	0.0076	0.0002	0.0203	0.0143	0.0227	0.0019	0.0115	0.0001	0.0161	0.0237	0.0188	0.0074	0.0258	0.0145	0.0198	0.0117	0.0012	0.0023	0.0050	0.0151	0.0034	0.0102	0.0040	0.0164	0.0200	0.0195	0.0106	0.0054	0.0232	0.0106	0.0186	0.0022	0.0123	0.0196	0.0117	0.0227	0.0085	0.0203	
0.0285	0.0006	0.0164	0.0045	0.0074	0.0209	0.0104	0.0156	0.0142	0.0030	0.0144	0.0157	0.0039	0.0269	0.0155	0.0166	0.0122	0.0289	0.0194	0.0059	0.0244	0.0044	0.0182	0.0063	0.0014	0.0093	0.0043	0.0189	0.0229	0.0057	0.0019	0.0203	0.0025	0.0066	0.0053	0.0048	0.0004	0.0267	0.0027	0.0103	0.0049	0.0095	0.0105	0.0077	0.0205	0.0110	0.0059	0.0238	0.0155	0.0233	0.0107	0.0164	0.0046	0.0041	0.0014	0.0176	0.0083	0.0068	0.0026	0.0006	0.0148	0.0184	0.0166	0.0063	0.0015	0.0225	0.0116	0.0275	0.0158	0.0087	0.0140	0.0122	0.0227	0.0127	0.0292	0.0120	0.0231	0.0128	0.0142	0.0195	
0.0017	0.0068	0.0028	0.0285	0.0151	0.0115	0.0115	0.0249	0.0037	0.0092	0.0169	0.0159	0.0169	0.0022	0.0180	0.0119	0.0162	0.0028	0.0045	0.0185	0.0002	0.0070	0.0033	0.0059	0.0069	0.0223	0.0133	0.0171	0.0028	0.0119	0.0232	0.0194	0.0152	0.0126	0.0207	0.0073	0.0133	0.0156	0.0105	0.0097	0.0041	0.0113	0.0149	0.0056	0.0103	0.0163	0.0104	0.0161	0.0134	0.0102	0.0164	0.0155	0.0052	0.0139	0.0130	0.0177	0.0027	0.0179	0.0146	0.0142	0.0170	0.0201	0.0170	0.0108	0.0102	0.0001	0.0212	0.0093	0.0030	0.0096	0.0182	0.0261	0.0130	0.0162	0.0174	0.0115	0.0120	0.0185	0.0178	0.0102	
0.0143	0.0262	0.0019	0.0214	0.0180	0.0082	0.0146	0.0037	0.0237	0.0053	0.0049	0.0172	0.0017	0.0179	0.0176	0.0088	0.0184	0.0056	0.0220	0.0099	0.0213	0.0023	0.0134	0.0049	0.0150	0.0206	0.0001	0.0153	0.0204	0.0015	0.0072	0.0050	0.0020	0.0043	0.0081	0.0202	0.0202	0.0037	0.0231	0.0041	0.0102	0.0228	0.0122	0.0224	0.0063	0.0041	0.0200	0.0248	0.0240	0.0092	0.0223	0.0074	0.0035	0.0080	0.0162	0.0104	0.0103	0.0243	0.0015	0.0199	0.0081	0.0011	0.0061	0.0193	0.0222	0.0008	0.0158	0.0213	0.0094	0.0223	0.0132	0.0154	0.0096	0.0163	0.0018	0.0003	0.0133	0.0153	0.0238	0.0106	
0.0346	0.0003	0.0161	0.0167	0.0025	0.0183	0.0006	0.0246	0.0158	0.0146	0.0077	0.0229	0.0014	0.0272	0.0234	0.0100	0.0162	0.0208	0.0151	0.0049	0.0141	0.0237	0.0112	0.0016	0.0152	0.0110	0.0152	0.0128	0.0035	0.0132	0.0219	0.0147	0.0162	0.0209	0.0175	0.0065	0.0103	0.0162	0.0108	0.0132	0.0170	0.0252	0.0074	0.0102	0.0104	0.0100	0.0081	0.0100	0.0132	0.0130	0.0067	0.0222	0.0140	0.0182	0.0162	0.0004	0.0087	0.0070	0.0159	0.0108	0.0011	0.0108	0.0103	0.0125	0.0012	0.0173	0.0199	0.0116	0.0001	0.0100	0.0148	0.0256	0.0027	0.0004	0.0052	0.0120	0.0153	0.0050	0.0130	0.0036	
0.0268	0.0099	0.0180	0.0165	0.0033	0.0027	0.0006	0.0054	0.0189	0.0180	0.0170	0.0197	0.0020	0.0203	0.0205	0.0115	0.0093	0.0116	0.0073	0.0144	0.0157	0.0230	0.0086	0.0045	0.0156	0.0135	0.0102	0.0155	0.0086	0.0050	0.0110	0.0022	0.0179	0.0134	0.0174	0.0134	0.0156	0.0204	0.0156	0.0168	0.0133	0.0185	0.0127	0.0023	0.0129	0.0170	0.0130	0.0068	0.0020	0.0135	0.0051	0.0019	0.0175	0.0180	0.0093	0.0208	0.0211	0.0109	0.0171	0.0095	0.0104	0.0081	0.0139	0.0085	0.0086	0.0199	0.0200	0.0129	0.0206	0.0050	0.0137	0.0117	0.0144	0.0100	0.0021	0.0175	0.0056	0.0069	0.0128	0.0168	
0.0257	0.0068	0.0144	0.0239	0.0217	0.0093	0.0047	0.0028	0.0011	0.0229	0.0165	0.0037	0.0045	0.0034	0.0097	0.0079	0.0017	0.0064	0.0171	0.0169	0.0245	0.0025	0.0086	0.0204	0.0224	0.0205	0.0068	0.0122	0.0166	0.0121	0.0197	0.0138	0.0223	0.0266	0.0168	0.0066	0.0201	0.0225	0.0131	0.0015	0.0152	0.0237	0.0126	0.0011	0.0130	0.0138	0.0054	0.0150	0.0008	0.0175	0.0212	0.0253	0.0163	0.0210	0.0202	0.0194	0.0217	0.0176	0.0211	0.0030	0.0015	0.0186	0.0085	0.0123	0.0039	0.0050	0.0047	0.0058	0.0106	0.0028	0.0114	0.0045	0.0171	0.0159	0.0031	0.0021	0.0130	0.0077	0.0079	0.0082	
0.0210	0.0217	0.0129	0.0329	0.0111	0.0165	0.0182	0.0032	0.0040	0.0185	0.0091	0.0024	0.0014	0.0118	0.0000	0.0269	0.0155	0.0013	0.0169	0.0089	0.0124	0.0271	0.0045	0.0227	0.0056	0.0236	0.0059	0.0024	0.0137	0.0189	0.0080	0.0123	0.0084	0.0172	0.0126	0.0094	0.0076	0.0103	0.0195	0.0083	0.0072	0.0032	0.0029	0.0145	0.0181	0.0082	0.0021	0.0083	0.0132	0.0047	0.0115	0.0158	0.0114	0.0001	0.0205	0.0139	0.0129	0.0093	0.0190	0.0160	0.0094	0.0185	0.0088	0.0071	0.0155	0.0249	0.0168	0.0166	0.0182	0.0139	0.0122	0.0038	0.0026	0.0127	0.0262	0.0070	0.0257	0.0158	0.0053	0.0215	
0.0244	0.0276	0.0137	0.0201	0.0023	0.0160	0.0009	0.0130	0.0184	0.0143	0.0172	0.0206	0.0110	0.0016	0.0283	0.0181	0.0216	0.0204	0.0142	0.0195	0.0203	0.0135	0.0095	0.0246	0.0116	0.0140	0.0063	0.0006	0.0002	0.0127	0.0185	0.0170	0.0056	0.0312	0.0049	0.0129	0.0066	0.0181	0.0042	0.0106	0.0150	0.0098	0.0187	0.0234	0.0157	0.0134	0.0084	0.0015	0.0084	0.0079	0.0092	0.0044	0.0168	0.0105	0.0017	0.0024	0.0101	0.0066	0.0239	0.0095	0.0077	0.0006	0.0079	0.0001	0.0053	0.0031	0.0102	0.0222	0.0183	0.0079	0.0055	0.0314	0.0091	0.0022	0.0238	0.0084	0.0162	0.0138	0.0069	0.0165	
0.0012	0.0082	0.0148	0.0209	0.0003	0.0139	0.0000	0.0274	0.0235	0.0031	0.0039	0.0197	0.0186	0.0149	0.0095	0.0218	0.0269	0.0263	0.0161	0.0127	0.0099	0.0159	0.0054	0.0012	0.0022	0.0167	0.0129	0.0193	0.0082	0.0159	0.0154	0.0178	0.0047	0.0059	0.0161	0.0038	0.0115	0.0191	0.0254	0.0141	0.0028	0.0154	0.0007	0.0164	0.0058	0.0104	0.0008	0.0228	0.0161	0.0036	0.0098	0.0168	0.0002	0.0177	0.0088	0.0117	0.0010	0.0118	0.0135	0.0069	0.0219	0.0077	0.0120	0.0023	0.0130	0.0129	0.0138	0.0172	0.0220	0.0048	0.0072	0.0067	0.0213	0.0274	0.0124	0.0184	0.0145	0.0123	0.0203	0.0138	
0.0195	0.0189	0.0270	0.0080	0.0044	0.0210	0.0149	0.0150	0.0250	0.0046	0.0027	0.0255	0.0048	0.0181	0.0195	0.0224	0.0013	0.0259	0.0018	0.0194	0.0250	0.0087	0.0030	0.0118	0.0176	0.0067	0.0136	0.0002	0.0045	0.0127	0.0239	0.0105	0.0147	0.0287	0.0165	0.0069	0.0075	0.0056	0.0184	0.0125	0.0160	0.0026	0.0193	0.0161	0.0021	0.0075	0.0216	0.0075	0.0063	0.0138	0.0163	0.0183	0.0114	0.0015	0.0145	0.0062	0.0128	0.0090	0.0112	0.0001	0.0062	0.0163	0.0062	0.0060	0.0077	0.0173	0.0061	0.0079	0.0190	0.0091	0.0105	0.0237	0.0011	0.0119	0.0253	0.0177	0.0128	0.0117	0.0099	0.0108	
0.0092	0.0097	0.0213	0.0222	0.0122	0.0062	0.0194	0.0221	0.0090	0.0085	0.0167	0.0232	0.0149	0.0283	0.0102	0.0021	0.0248	0.0164	0.0055	0.0109	0.0036	0.0188	0.0089	0.0225	0.0023	0.0316	0.0115	0.0011	0.0010	0.0202	0.0224	0.0232	0.0013	0.0004	0.0170	0.0000	0.0253	0.0162	0.0123	0.0007	0.0141	0.0197	0.0004	0.0120	0.0155	0.0130	0.0005	0.0043	0.0023	0.0201	0.0001	0.0303	0.0052	0.0000	0.0065	0.0130	0.0242	0.0138	0.0132	0.0120	0.0138	0.0229	0.0137	0.0074	0.0163	0.0218	0.0180	0.0223	0.0026	0.0072	0.0017	0.0052	0.0199	0.0074	0.0191	0.0109	0.0200	0.0002	0.0063	0.0098	
0.0255	0.0102	0.0228	0.0034	0.0158	0.0191	0.0160	0.0017	0.0193	0.0045	0.0029	0.0035	0.0040	0.0215	0.0082	0.0180	0.0012	0.0148	0.0153	0.0200	0.0238	0.0057	0.0015	0.0160	0.0174	0.0221	0.0209	0.0222	0.0058	0.0197	0.0221	0.0189	0.0124	0.0025	0.0167	0.0070	0.0233	0.0101	0.0128	0.0165	0.0007	0.0175	0.0017	0.0214	0.0048	0.0183	0.0202	0.0019	0.0197	0.0199	0.0094	0.0024	0.0053	0.0099	0.0094	0.0147	0.0071	0.0031	0.0068	0.0192	0.0182	0.0173	0.0170	0.0177	0.0071	0.0068	0.0120	0.0021	0.0016	0.0002	0.0150	0.0151	0.0211	0.0243	0.0191	0.0055	0.0039	0.0034	0.0122	0.0219	
0.0318	0.0261	0.0010	0.0124	0.0075	0.0197	0.0133	0.0057	0.0198	0.0013	0.0000	0.0218	0.0032	0.0201	0.0243	0.0071	0.0276	0.0053	0.0139	0.0221	0.0108	0.0256	0.0002	0.0250	0.0041	0.0237	0.0028	0.0066	0.0118	0.0037	0.0156	0.0042	0.0128	0.0135	0.0021	0.0007	0.0208	0.0115	0.0130	0.0100	0.0150	0.0115	0.0091	0.0007	0.0002	0.0204	0.0103	0.0079	0.0029	0.0129	0.0083	0.0273	0.0135	0.0174	0.0118	0.0252	0.0250	0.0025	0.0043	0.0099	0.0148	0.0104	0.0130	0.0102	0.0130	0.0232	0.0062	0.0192	0.0157	0.0193	0.0107	0.0150	0.0147	0.0021	0.0077	0.0001	0.0135	0.0235	0.0240	0.0055	
0.0126	0.0235	0.0030	0.0019	0.0146	0.0132	0.0121	0.0286	0.0257	0.0020	0.0032	0.0161	0.0061	0.0281	0.0227	0.0074	0.0231	0.0245	0.0112	0.0037	0.0181	0.0182	0.0145	0.0069	0.0020	0.0250	0.0061	0.0125	0.0069	0.0116	0.0139	0.0212	0.0043	0.0290	0.0031	0.0190	0.0067	0.0117	0.0165	0.0174	0.0053	0.0084	0.0177	0.0118	0.0164	0.0159	0.0029	0.0156	0.0044	0.0211	0.0035	0.0150	0.0102	0.0186	0.0115	0.0161	0.0029	0.0163	0.0244	0.0151	0.0057	0.0025	0.0127	0.0073	0.0132	0.0069	0.0101	0.0090	0.0202	0.0012	0.0001	0.0102	0.0039	0.0160	0.0238	0.0085	0.0218	0.0056	0.0143	0.0064	
0.0253	0.0169	0.0072	0.0124	0.0059	0.0209	0.0084	0.0135	0.0113	0.0086	0.0137	0.0105	0.0099	0.0242	0.0161	0.0038	0.0195	0.0123	0.0186	0.0089	0.0093	0.0194	0.0153	0.0036	0.0208	0.0212	0.0067	0.0209	0.0139	0.0025	0.0221	0.0195	0.0043	0.0208	0.0010	0.0143	0.0192	0.0043	0.0012	0.0104	0.0169	0.0261	0.0182	0.0097	0.0080	0.0102	0.0161	0.0068	0.0193	0.0155	0.0129	0.0087	0.0074	0.0044	0.0186	0.0007	0.0205	0.0025	0.0093	0.0081	0.0121	0.0139	0.0135	0.0052	0.0125	0.0209	0.0050	0.0195	0.0198	0.0002	0.0063	0.0161	0.0084	0.0078	0.0145	0.0082	0.0207	0.0085	0.0185	0.0096	
0.0011	0.0018	0.0239	0.0019	0.0099	0.0134	0.0116	0.0010	0.0226	0.0004	0.0190	0.0176	0.0181	0.0158	0.0264	0.0068	0.0098	0.0179	0.0206	0.0121	0.0087	0.0259	0.0105	0.0249	0.0108	0.0035	0.0200	0.0011	0.0127	0.0119	0.0059	0.0102	0.0077	0.0284	0.0112	0.0137	0.0181	0.0146	0.0214	0.0006	0.0082	0.0053	0.0010	0.0211	0.0048	0.0144	0.0172	0.0220	0.0075	0.0080	0.0012	0.0041	0.0139	0.0077	0.0026	0.0020	0.0161	0.0217	0.0160	0.0066	0.0150	0.0121	0.0106	0.0068	0.0200	0.0114	0.0089	0.0220	0.0027	0.0109	0.0128	0.0235	0.0190	0.0219	0.0043	0.0033	0.0246	0.0154	0.0197	0.0201	
0.0144	0.0011	0.0208	0.0094	0.0081	0.0015	0.0168	0.0011	0.0243	0.0067	0.0205	0.0209	0.0173	0.0164	0.0114	0.0278	0.0219	0.0201	0.0003	0.0192	0.0078	0.0227	0.0159	0.0239	0.0180	0.0082	0.0068	0.0203	0.0022	0.0219	0.0042	0.0225	0.0035	0.0269	0.0211	0.0152	0.0186	0.0043	0.0187	0.0117	0.0127	0.0095	0.0007	0.0200	0.0122	0.0156	0.0192	0.0073	0.0088	0.0062	0.0074	0.0056	0.0151	0.0001	0.0112	0.0135	0.0078	0.0152	0.0123	0.0028	0.0151	0.0015	0.0215	0.0151	0.0055	0.0001	0.0148	0.0045	0.0165	0.0174	0.0034	0.0194	0.0178	0.0076	0.0041	0.0235	0.0240	0.0011	0.0093	0.0002	
0.0158	0.0014	0.0095	0.0306	0.0115	0.0228	0.0064	0.0051	0.0079	0.0078	0.0068	0.0221	0.0138	0.0210	0.0002	0.0158	0.0121	0.0045	0.0114	0.0116	0.0049	0.0173	0.0140	0.0163	0.0027	0.0218	0.0065	0.0098	0.0151	0.0129	0.0190	0.0055	0.0114	0.0145	0.0164	0.0169	0.0177	0.0009	0.0067	0.0045	0.0158	0.0123	0.0186	0.0061	0.0117	0.0059	0.0196	0.0038	0.0059	0.0137	0.0110	0.0189	0.0125	0.0220	0.0188	0.0212	0.0105	0.0152	0.0196	0.0140	0.0146	0.0244	0.0077	0.0135	0.0158	0.0026	0.0083	0.0066	0.0003	0.0073	0.0182	0.0127	0.0188	0.0071	0.0211	0.0176	0.0209	0.0097	0.0033	0.0192	
0.0253	0.0046	0.0024	0.0061	0.0008	0.0010	0.0160	0.0179	0.0176	0.0209	0.0076	0.0259	0.0071	0.0129	0.0156	0.0194	0.0028	0.0049	0.0123	0.0105	0.0252	0.0151	0.0035	0.0219	0.0181	0.0039	0.0196	0.0069	0.0009	0.0018	0.0015	0.0225	0.0143	0.0248	0.0199	0.0119	0.0214	0.0022	0.0148	0.0149	0.0096	0.0175	0.0159	0.0034	0.0005	0.0199	0.0024	0.0091	0.0162	0.0007	0.0154	0.0160	0.0219	0.0193	0.0208	0.0076	0.0006	0.0032	0.0112	0.0208	0.0060	0.0091	0.0153	0.0129	0.0212	0.0094	0.0087	0.0101	0.0141	0.0024	0.0212	0.0005	0.0129	0.0242	0.0244	0.0067	0.0252	0.0003	0.0222	0.0243	
0.0013	0.0107	0.0165	0.0003	0.0109	0.0135	0.0018	0.0256	0.0011	0.0148	0.0110	0.0171	0.0162	0.0221	0.0093	0.0008	0.0006	0.0016	0.0101	0.0141	0.0130	0.0217	0.0171	0.0159	0.0026	0.0151	0.0014	0.0273	0.0195	0.0149	0.0107	0.0003	0.0058	0.0166	0.0231	0.0230	0.0212	0.0178	0.0046	0.0094	0.0084	0.0140	0.0074	0.0043	0.0174	0.0060	0.0092	0.0196	0.0154	0.0231	0.0072	0.0240	0.0174	0.0072	0.0114	0.0092	0.0190	0.0010	0.0254	0.0190	0.0119	0.0042	0.0021	0.0118	0.0034	0.0133	0.0124	0.0021	0.0285	0.0131	0.0063	0.0123	0.0231	0.0277	0.0105	0.0003	0.0107	0.0129	0.0253	0.0220	
0.0086	0.0101	0.0106	0.0313	0.0073	0.0113	0.0074	0.0317	0.0047	0.0133	0.0051	0.0215	0.0172	0.0111	0.0277	0.0048	0.0130	0.0272	0.0007	0.0049	0.0226	0.0089	0.0194	0.0025	0.0173	0.0270	0.0003	0.0210	0.0205	0.0104	0.0274	0.0033	0.0022	0.0019	0.0143	0.0028	0.0226	0.0060	0.0030	0.0161	0.0036	0.0169	0.0230	0.0108	0.0078	0.0115	0.0164	0.0151	0.0013	0.0048	0.0145	0.0159	0.0136	0.0219	0.0024	0.0249	0.0144	0.0059	0.0052	0.0096	0.0101	0.0162	0.0003	0.0169	0.0172	0.0026	0.0175	0.0189	0.0213	0.0206	0.0086	0.0065	0.0192	0.0095	0.0010	0.0056	0.0107	0.0114	0.0221	0.0049	
0.0077	0.0140	0.0204	0.0261	0.0172	0.0103	0.0143	0.0110	0.0307	0.0138	0.0152	0.0158	0.0010	0.0212	0.0091	0.0176	0.0161	0.0056	0.0173	0.0055	0.0253	0.0286	0.0185	0.0066	0.0209	0.0128	0.0178	0.0057	0.0155	0.0231	0.0171	0.0012	0.0108	0.0000	0.0060	0.0266	0.0254	0.0075	0.0238	0.0048	0.0117	0.0102	0.0178	0.0055	0.0057	0.0190	0.0039	0.0029	0.0005	0.0119	0.0163	0.0054	0.0185	0.0181	0.0083	0.0058	0.0199	0.0094	0.0257	0.0081	0.0157	0.0108	0.0159	0.0020	0.0005	0.0163	0.0024	0.0013	0.0116	0.0081	0.0158	0.0082	0.0053	0.0155	0.0201	0.0134	0.0087	0.0150	0.0008	0.0000	
0.0080	0.0169	0.0048	0.0087	0.0040	0.0111	0.0084	0.0240	0.0186	0.0003	0.0067	0.0114	0.0087	0.0165	0.0142	0.0024	0.0204	0.0164	0.0049	0.0139	0.0185	0.0031	0.0152	0.0189	0.0208	0.0110	0.0206	0.0050	0.0203	0.0193	0.0263	0.0025	0.0102	0.0268	0.0033	0.0008	0.0056	0.0093	0.0267	0.0145	0.0058	0.0072	0.0082	0.0104	0.0008	0.0044	0.0202	0.0161	0.0240	0.0148	0.0198	0.0174	0.0099	0.0099	0.0069	0.0041	0.0267	0.0133	0.0118	0.0156	0.0123	0.0047	0.0230	0.0205	0.0019	0.0056	0.0016	0.0115	0.0138	0.0133	0.0212	0.0116	0.0164	0.0156	0.0117	0.0116	0.0193	0.0057	0.0175	0.0153	
0.0230	0.0103	0.0066	0.0117	0.0003	0.0061	0.0140	0.0008	0.0198	0.0183	0.0016	0.0208	0.0173	0.0070	0.0039	0.0018	0.0107	0.0154	0.0070	0.0218	0.0037	0.0111	0.0034	0.0124	0.0177	0.0135	0.0202	0.0234	0.0164	0.0188	0.0114	0.0182	0.0173	0.0298	0.0029	0.0038	0.0261	0.0155	0.0188	0.0134	0.0114	0.0012	0.0189	0.0141	0.0115	0.0029	0.0111	0.0130	0.0097	0.0085	0.0028	0.0065	0.0221	0.0240	0.0110	0.0051	0.0049	0.0142	0.0154	0.0102	0.0058	0.0224	0.0014	0.0152	0.0154	0.0099	0.0236	0.0027	0.0025	0.0220	0.0024	0.0258	0.0148	0.0151	0.0084	0.0021	0.0169	0.0169	0.0270	0.0150	
0.0285	0.0138	0.0104	0.0179	0.0126	0.0046	0.0170	0.0280	0.0087	0.0195	0.0213	0.0043	0.0017	0.0065	0.0143	0.0179	0.0259	0.0263	0.0187	0.0023	0.0061	0.0092	0.0082	0.0105	0.0057	0.0114	0.0110	0.0094	0.0105	0.0100	0.0168	0.0111	0.0172	0.0274	0.0141	0.0179	0.0105	0.0107	0.0043	0.0072	0.0118	0.0246	0.0173	0.0043	0.0003	0.0187	0.0138	0.0102	0.0211	0.0133	0.0021	0.0152	0.0177	0.0221	0.0080	0.0133	0.0028	0.0186	0.0084	0.0043	0.0143	0.0099	0.0105	0.0174	0.0062	0.0127	0.0083	0.0034	0.0133	0.0171	0.0053	0.0147	0.0174	0.0141	0.0135	0.0069	0.0149	0.0049	0.0103	0.0079	
0.0262	0.0019	0.0112	0.0308	0.0064	0.0024	0.0161	0.0287	0.0189	0.0009	0.0140	0.0126	0.0026	0.0290	0.0184	0.0035	0.0129	0.0263	0.0215	0.0118	0.0153	0.0140	0.0182	0.0048	0.0078	0.0159	0.0161	0.0061	0.0071	0.0011	0.0005	0.0222	0.0119	0.0004	0.0103	0.0147	0.0004	0.0142	0.0142	0.0037	0.0183	0.0131	0.0117	0.0143	0.0031	0.0153	0.0088	0.0182	0.0199	0.0089	0.0195	0.0203	0.0073	0.0242	0.0187	0.0071	0.0058	0.0046	0.0152	0.0146	0.0077	0.0126	0.0142	0.0112	0.0004	0.0218	0.0227	0.0026	0.0126	0.0011	0.0023	0.0279	0.0075	0.0211	0.0197	0.0027	0.0259	0.0058	0.0019	0.0146	
0.0042	0.0226	0.0080	0.0261	0.0037	0.0079	0.0129	0.0144	0.0064	0.0036	0.0087	0.0179	0.0223	0.0199	0.0187	0.0070	0.0214	0.0003	0.0140	0.0074	0.0183	0.0078	0.0058	0.0190	0.0066	0.0215	0.0073	0.0136	0.0047	0.0141	0.0085	0.0230	0.0028	0.0254	0.0133	0.0090	0.0035	0.0150	0.0093	0.0159	0.0041	0.0097	0.0174	0.0088	0.0152	0.0067	0.0194	0.0113	0.0211	0.0090	0.0062	0.0212	0.0157	0.0164	0.0182	0.0198	0.0156	0.0126	0.0152	0.0041	0.0228	0.0004	0.0080	0.0142	0.0179	0.0110	0.0153	0.0213	0.0059	0.0097	0.0035	0.0058	0.0143	0.0209	0.0044	0.0085	0.0109	0.0188	0.0042	0.0228	
0.0019	0.0272	0.0194	0.0303	0.0079	0.0106	0.0058	0.0139	0.0074	0.0178	0.0173	0.0181	0.0227	0.0058	0.0211	0.0050	0.0012	0.0065	0.0148	0.0050	0.0183	0.0281	0.0058	0.0139	0.0064	0.0013	0.0066	0.0248	0.0115	0.0099	0.0116	0.0213	0.0080	0.0233	0.0037	0.0033	0.0105	0.0156	0.0071	0.0088	0.0051	0.0089	0.0178	0.0145	0.0192	0.0117	0.0056	0.0122	0.0041	0.0004	0.0085	0.0082	0.0075	0.0286	0.0093	0.0032	0.0180	0.0034	0.0158	0.0066	0.0028	0.0116	0.0226	0.0185	0.0092	0.0285	0.0082	0.0093	0.0010	0.0145	0.0183	0.0164	0.0228	0.0060	0.0292	0.0084	0.0053	0.0181	0.0220	0.0195	
0.0320	0.0264	0.0207	0.0215	0.0003	0.0029	0.0099	0.0121	0.0096	0.0005	0.0118	0.0064	0.0005	0.0314	0.0085	0.0261	0.0135	0.0272	0.0034	0.0191	0.0063	0.0266	0.0086	0.0164	0.0054	0.0280	0.0064	0.0027	0.0001	0.0004	0.0267	0.0226	0.0072	0.0304	0.0121	0.0076	0.0207	0.0081	0.0192	0.0039	0.0102	0.0311	0.0006	0.0003	0.0015	0.0114	0.0103	0.0267	0.0202	0.0043	0.0192	0.0080	0.0139	0.0015	0.0114	0.0225	0.0119	0.0015	0.0086	0.0022	0.0170	0.0105	0.0077	0.0052	0.0023	0.0184	0.0228	0.0057	0.0119	0.0221	0.0013	0.0033	0.0018	0.0272	0.0080	0.0056	0.0271	0.0102	0.0143	0.0169	
0.0172	0.0097	0.0053	0.0338	0.0019	0.0170	0.0064	0.0101	0.0090	0.0125	0.0195	0.0177	0.0005	0.0230	0.0121	0.0025	0.0204	0.0210	0.0230	0.0093	0.0188	0.0068	0.0118	0.0282	0.0032	0.0236	0.0035	0.0188	0.0135	0.0064	0.0009	0.0265	0.0125	0.0226	0.0171	0.0130	0.0056	0.0133	0.0050	0.0074	0.0087	0.0181	0.0195	0.0232	0.0027	0.0087	0.0016	0.0105	0.0117	0.0049	0.0124	0.0040	0.0118	0.0036	0.0236	0.0062	0.0242	0.0055	0.0196	0.0047	0.0120	0.0190	0.0132	0.0004	0.0145	0.0253	0.0030	0.0103	0.0008	0.0222	0.0209	0.0054	0.0119	0.0152	0.0011	0.0022	0.0097	0.0169	0.0236	0.0171	
0.0231	0.0212	0.0034	0.0175	0.0130	0.0196	0.0099	0.0119	0.0176	0.0093	0.0147	0.0232	0.0162	0.0251	0.0230	0.0186	0.0019	0.0228	0.0053	0.0048	0.0072	0.0169	0.0070	0.0131	0.0072	0.0113	0.0115	0.0234	0.0016	0.0203	0.0221	0.0013	0.0088	0.0279	0.0106	0.0162	0.0123	0.0214	0.0067	0.0124	0.0083	0.0184	0.0152	0.0137	0.0055	0.0176	0.0068	0.0140	0.0128	0.0068	0.0003	0.0114	0.0100	0.0148	0.0093	0.0019	0.0108	0.0107	0.0057	0.0048	0.0063	0.0122	0.0071	0.0138	0.0133	0.0159	0.0117	0.0207	0.0099	0.0041	0.0040	0.0036	0.0119	0.0147	0.0198	0.0124	0.0240	0.0171	0.0074	0.0098	
0.0038	0.0280	0.0096	0.0260	0.0140	0.0092	0.0113	0.0261	0.0157	0.0069	0.0051	0.0246	0.0121	0.0013	0.0099	0.0249	0.0100	0.0271	0.0171	0.0138	0.0104	0.0115	0.0033	0.0100	0.0024	0.0258	0.0159	0.0217	0.0119	0.0189	0.0037	0.0139	0.0048	0.0262	0.0034	0.0079	0.0039	0.0128	0.0164	0.0018	0.0009	0.0199	0.0068	0.0009	0.0209	0.0042	0.0084	0.0113	0.0043	0.0183	0.0038	0.0292	0.0173	0.0187	0.0007	0.0143	0.0204	0.0144	0.0159	0.0001	0.0108	0.0169	0.0006	0.0102	0.0057	0.0157	0.0151	0.0240	0.0192	0.0002	0.0127	0.0251	0.0026	0.0230	0.0131	0.0141	0.0032	0.0029	0.0117	0.0194	
0.0138	0.0083	0.0159	0.0284	0.0155	0.0050	0.0207	0.0141	0.0208	0.0142	0.0125	0.0055	0.0218	0.0226	0.0125	0.0078	0.0180	0.0175	0.0235	0.0061	0.0133	0.0140	0.0146	0.0058	0.0053	0.0094	0.0174	0.0259	0.0042	0.0077	0.0148	0.0173	0.0109	0.0215	0.0135	0.0066	0.0025	0.0038	0.0010	0.0018	0.0206	0.0046	0.0027	0.0086	0.0113	0.0113	0.0200	0.0071	0.0085	0.0056	0.0009	0.0106	0.0086	0.0047	0.0082	0.0270	0.0182	0.0121	0.0174	0.0047	0.0102	0.0252	0.0082	0.0111	0.0221	0.0250	0.0196	0.0034	0.0095	0.0065	0.0050	0.0154	0.0153	0.0186	0.0144	0.0090	0.0095	0.0061	0.0198	0.0175	
0.0160	0.0142	0.0152	0.0283	0.0054	0.0021	0.0055	0.0067	0.0129	0.0118	0.0122	0.0166	0.0097	0.0218	0.0175	0.0222	0.0220	0.0177	0.0078	0.0120	0.0167	0.0182	0.0190	0.0019	0.0006	0.0135	0.0156	0.0159	0.0127	0.0213	0.0147	0.0091	0.0129	0.0268	0.0143	0.0190	0.0072	0.0088	0.0032	0.0169	0.0132	0.0151	0.0141	0.0182	0.0156	0.0099	0.0010	0.0181	0.0002	0.0133	0.0110	0.0184	0.0195	0.0062	0.0016	0.0172	0.0135	0.0098	0.0220	0.0141	0.0062	0.0138	0.0121	0.0101	0.0225	0.0046	0.0011	0.0130	0.0032	0.0177	0.0112	0.0125	0.0111	0.0126	0.0216	0.0019	0.0012	0.0044	0.0092	0.0120	
0.0142	0.0254	0.0170	0.0009	0.0085	0.0218	0.0117	0.0108	0.0236	0.0213	0.0063	0.0189	0.0106	0.0101	0.0144	0.0011	0.0002	0.0038	0.0201	0.0106	0.0118	0.0136	0.0146	0.0043	0.0016	0.0022	0.0036	0.0102	0.0082	0.0229	0.0206	0.0092	0.0023	0.0119	0.0076	0.0085	0.0240	0.0135	0.0041	0.0024	0.0163	0.0179	0.0146	0.0070	0.0139	0.0177	0.0219	0.0039	0.0219	0.0190	0.0021	0.0230	0.0101	0.0231	0.0008	0.0247	0.0075	0.0120	0.0248	0.0061	0.0171	0.0033	0.0235	0.0197	0.0024	0.0247	0.0166	0.0015	0.0016	0.0053	0.0021	0.0139	0.0225	0.0176	0.0217	0.0185	0.0210	0.0086	0.0153	0.0066	
0.0029	0.0004	0.0113	0.0158	0.0224	0.0226	0.0234	0.0044	0.0102	0.0103	0.0015	0.0109	0.0151	0.0219	0.0096	0.0131	0.0176	0.0212	0.0055	0.0138	0.0025	0.0248	0.0024	0.0170	0.0185	0.0143	0.0213	0.0202	0.0032	0.0057	0.0041	0.0239	0.0225	0.0183	0.0047	0.0168	0.0171	0.0119	0.0284	0.0069	0.0001	0.0134	0.0156	0.0166	0.0043	0.0153	0.0203	0.0030	0.0070	0.0061	0.0037	0.0002	0.0047	0.0239	0.0047	0.0050	0.0228	0.0219	0.0205	0.0066	0.0250	0.0042	0.0011	0.0039	0.0047	0.0044	0.0142	0.0206	0.0173	0.0182	0.0207	0.0058	0.0206	0.0247	0.0171	0.0132	0.0055	0.0088	0.0131	0.0029	
0.0285	0.0247	0.0145	0.0338	0.0013	0.0028	0.0129	0.0312	0.0165	0.0156	0.0149	0.0254	0.0102	0.0238	0.0090	0.0269	0.0140	0.0156	0.0086	0.0001	0.0011	0.0003	0.0083	0.0146	0.0075	0.0293	0.0035	0.0066	0.0049	0.0130	0.0258	0.0117	0.0039	0.0253	0.0115	0.0035	0.0161	0.0041	0.0012	0.0008	0.0085	0.0219	0.0073	0.0185	0.0213	0.0156	0.0121	0.0022	0.0120	0.0157	0.0018	0.0224	0.0192	0.0148	0.0014	0.0165	0.0098	0.0133	0.0130	0.0022	0.0170	0.0110	0.0119	0.0133	0.0006	0.0066	0.0164	0.0266	0.0042	0.0030	0.0033	0.0104	0.0090	0.0127	0.0138	0.0071	0.0190	0.0162	0.0160	0.0093	
0.0109	0.0025	0.0157	0.0198	0.0115	0.0076	0.0157	0.0190	0.0175	0.0233	0.0179	0.0172	0.0165	0.0247	0.0027	0.0256	0.0053	0.0118	0.0195	0.0140	0.0059	0.0176	0.0203	0.0127	0.0149	0.0190	0.0042	0.0117	0.0229	0.0175	0.0020	0.0158	0.0073	0.0023	0.0204	0.0211	0.0219	0.0244	0.0132	0.0189	0.0157	0.0015	0.0068	0.0081	0.0091	0.0105	0.0135	0.0144	0.0085	0.0128	0.0037	0.0049	0.0025	0.0236	0.0046	0.0201	0.0046	0.0034	0.0264	0.0147	0.0022	0.0063	0.0163	0.0217	0.0177	0.0062	0.0108	0.0138	0.0028	0.0065	0.0035	0.0079	0.0237	0.0247	0.0021	0.0043	0.0075	0.0129	0.0035	0.0036	
0.0074	0.0189	0.0024	0.0163	0.0131	0.0229	0.0113	0.0111	0.0291	0.0018	0.0156	0.0195	0.0219	0.0243	0.0184	0.0109	0.0117	0.0131	0.0155	0.0030	0.0002	0.0299	0.0108	0.0021	0.0101	0.0247	0.0044	0.0056	0.0193	0.0253	0.0135	0.0163	0.0242	0.0287	0.0116	0.0119	0.0038	0.0063	0.0082	0.0211	0.0190	0.0032	0.0156	0.0008	0.0158	0.0093	0.0076	0.0055	0.0065	0.0165	0.0196	0.0250	0.0247	0.0003	0.0037	0.0057	0.0041	0.0001	0.0011	0.0148	0.0167	0.0080	0.0115	0.0208	0.0156	0.0025	0.0191	0.0021	0.0091	0.0048	0.0054	0.0050	0.0035	0.0203	0.0111	0.0210	0.0084	0.0106	0.0132	0.0259	
0.0222	0.0319	0.0288	0.0075	0.0034	0.0141	0.0129	0.0350	0.0234	0.0047	0.0071	0.0040	0.0038	0.0202	0.0069	0.0158	0.0207	0.0240	0.0086	0.0129	0.0199	0.0073	0.0191	0.0020	0.0109	0.0212	0.0149	0.0090	0.0108	0.0058	0.0267	0.0178	0.0112	0.0019	0.0036	0.0183	0.0095	0.0070	0.0172	0.0006	0.0110	0.0254	0.0083	0.0026	0.0226	0.0021	0.0230	0.0145	0.0104	0.0212	0.0051	0.0168	0.0012	0.0001	0.0074	0.0082	0.0031	0.0162	0.0209	0.0091	0.0193	0.0079	0.0086	0.0086	0.0084	0.0179	0.0163	0.0042	0.0125	0.0124	0.0027	0.0141	0.0011	0.0110	0.0002	0.0218	0.0275	0.0192	0.0055	0.0090	
0.0176	0.0036	0.0186	0.0190	0.0192	0.0090	0.0130	0.0120	0.0180	0.0198	0.0113	0.0102	0.0116	0.0049	0.0034	0.0043	0.0104	0.0208	0.0173	0.0048	0.0101	0.0189	0.0020	0.0185	0.0159	0.0184	0.0085	0.0153	0.0204	0.0094	0.0102	0.0067	0.0137	0.0090	0.0168	0.0147	0.0097	0.0132	0.0111	0.0200	0.0205	0.0030	0.0077	0.0123	0.0214	0.0120	0.0156	0.0166	0.0043	0.0155	0.0093	0.0215	0.0006	0.0198	0.0193	0.0187	0.0011	0.0204	0.0209	0.0022	0.0201	0.0212	0.0101	0.0060	0.0083	0.0065	0.0168	0.0035	0.0083	0.0091	0.0142	0.0203	0.0085	0.0194	0.0064	0.0063	0.0086	0.0096	0.0194	0.0034	

Emissions
0.0108	0.2740	0.1789	0.0821	0.4542	
0.0800	0.1020	0.2214	0.1333	0.4633	
0.1340	0.1821	0.1902	0.1061	0.3875	
0.0061	0.3765	0.0560	0.0949	0.4666	
0.2310	0.2841	0.1515	0.3164	0.0170	
0.1979	0.2475	0.0646	0.2852	0.2048	
0.1181	0.2279	0.3297	0.2837	0.0406	
0.0612	0.1982	0.1024	0.0905	0.5477	
0.0009	0.0598	0.3139	0.2381	0.3873	
0.0895	0.1369	0.0239	0.5237	0.2259	
0.3521	0.1606	0.1507	0.1788	0.1578	
0.1662	0.1226	0.3753	0.0899	0.2460	
0.2151	0.0570	0.0211	0.3866	0.3202	
0.0243	0.2332	0.2790	0.0912	0.3723	
0.1360	0.1394	0.2987	0.0784	0.3475	
0.1169	0.3041	0.2488	0.0031	0.3271	
0.1018	0.2282	0.0944	0.1558	0.4197	
0.0789	0.1087	0.2706	0.2144	0.3274	
0.0525	0.3981	0.0663	0.4348	0.0483	
0.3877	0.0319	0.3067	0.0455	0.2282	
0.1520	0.1357	0.2529	0.0976	0.3618	
0.0913	0.2209	0.0417	0.2143	0.4318	
0.1620	0.1944	0.4318	0.2067	0.0052	
0.1191	0.4471	0.2785	0.0538	0.1015	
0.2330	0.3087	0.1178	0.1994	0.1411	
0.1427	0.0632	0.3101	0.0321	0.4519	
0.3024	0.0986	0.3460	0.2121	0.0410	
0.0096	0.2916	0.2842	0.1976	0.2170	
0.3359	0.0644	0.0306	0.4441	0.1250	
0.1695	0.0322	0.2304	0.2495	0.3185	
0.0160	0.1647	0.2083	0.2709	0.3402	
0.1972	0.2753	0.0430	0.2606	0.2239	
0.0544	0.2418	0.3659	0.3082	0.0296	
0.0726	0.2151	0.1384	0.1036	0.4702	
0.1617	0.2660	0.2396	0.2440	0.0887	
0.2443	0.2959	0.1904	0.1109	0.1586	
0.2496	0.1866	0.0177	0.1841	0.3621	
0.0621	0.2280	0.3148	0.2773	0.1179	
0.0413	0.3807	0.0706	0.3613	0.1461	
0.1486	0.0863	0.1439	0.5665	0.0548	
0.0947	0.3151	0.1943	0.2922	0.1038	
0.0513	0.1723	0.2819	0.1584	0.3361	
0.3561	0.1238	0.3031	0.1231	0.0939	
0.2639	0.1892	0.2082	0.0461	0.2926	
0.1461	0.1513	0.1780	0.2746	0.2499	
0.3411	0.2935	0.0774	0.2240	0.0639	
0.2594	0.2738	0.3554	0.0810	0.0303	
0.2988	0.3634	0.0420	0.0712	0.2246	
0.2481	0.2196	0.1448	0.2882	0.0993	
0.2660	0.2493	0.2588	0.1522	0.0737	
0.2565	0.1839	0.0381	0.3908	0.1307	
0.0122	0.1076	0.5667	0.0927	0.2208	
0.2341	0.1709	0.2529	0.1661	0.1760	
0.1581	0.2081	0.3306	0.1013	0.2020	
0.0579	0.2403	0.2493	0.3455	0.1071	
0.0068	0.4396	0.3482	0.2044	0.0009	
0.0807	0.3700	0.2880	0.1014	0.1599	
0.1075	0.3104	0.0298	0.5215	0.0308	
0.0840	0.2344	0.1964	0.1595	0.3257	
0.2666	0.1453	0.1668	0.3590	0.0624	
0.1135	0.3344	0.1864	0.3291	0.0367	
0.0652	0.3602	0.1511	0.1974	0.2261	
0.0363	0.2667	0.4808	0.1866	0.0296	
0.2264	0.2216	0.1016	0.3931	0.0574	
0.4360	0.1834	0.0258	0.0678	0.2871	
0.0593	0.1733	0.2187	0.2807	0.2681	
0.2341	0.2810	0.1712	0.1284	0.1854	
0.1002	0.1373	0.5897	0.0518	0.1210	
0.0602	0.6219	0.1872	0.1030	0.0277	
0.1532	0.2174	0.2444	0.2834	0.1017	
0.3401	0.3616	0.1350	0.1145	0.0488	
0.0278	0.3530	0.1787	0.0912	0.3493	
0.2306	0.1197	0.2058	0.3068	0.1372	
0.0619	0.2038	0.2790	0.1990	0.2562	
0.1463	0.2118	0.0539	0.2653	0.3227	
0.2923	0.3703	0.2810	0.0305	0.0259	
0.1088	0.2051	0.2257	0.0921	0.3684	
0.3082	0.2081	0.1236	0.1003	0.2598	
0.1555	0.3619	0.3145	0.0785	0.0896	
0.2385	0.0535	0.1331	0.2553	0.3197	
