DataSet 43
Learner: Baum Welch Learner
Log Likelihood: 39230.8332668110

Number of States: 90
Number of Symbols: 5
Threshold: 0.01

Initial Distribution:
0.0170	0.0056	0.0091	0.0183	0.0068	0.0048	0.0224	0.0185	0.0356	0.0011	0.0074	0.0320	0.0249	0.0211	0.0017	0.0042	0.0230	0.0051	0.0133	0.0082	0.0155	0.0094	0.0035	0.0036	0.0120	0.0098	0.0171	0.0013	0.0023	0.0004	0.0118	0.0112	0.0292	0.0084	0.0010	0.0067	0.0047	0.0227	0.0119	0.0094	0.0093	0.0145	0.0054	0.0015	0.0057	0.0088	0.0064	0.0171	0.0032	0.0048	0.0080	0.0185	0.0186	0.0103	0.0051	0.0023	0.0018	0.0036	0.0022	0.0132	0.0143	0.0079	0.0127	0.0134	0.0124	0.0279	0.0010	0.0129	0.0173	0.0170	0.0235	0.0000	0.0095	0.0142	0.0105	0.0017	0.0059	0.0004	0.0295	0.0092	0.0028	0.0056	0.0114	0.0158	0.0103	0.0128	0.0195	0.0089	0.0223	0.0173	

Transitions:
0.0026	0.0050	0.0198	0.0137	0.0033	0.0214	0.0025	0.0109	0.0139	0.0094	0.0085	0.0133	0.0043	0.0083	0.0076	0.0074	0.0038	0.0049	0.0067	0.0063	0.0173	0.0032	0.0071	0.0167	0.0184	0.0047	0.0005	0.0159	0.0010	0.0120	0.0024	0.0020	0.0138	0.0169	0.0177	0.0140	0.0032	0.0041	0.0111	0.0201	0.0009	0.0226	0.0054	0.0116	0.0225	0.0108	0.0100	0.0110	0.0142	0.0102	0.0121	0.0130	0.0157	0.0152	0.0058	0.0239	0.0230	0.0036	0.0166	0.0230	0.0195	0.0098	0.0098	0.0044	0.0065	0.0055	0.0003	0.0094	0.0156	0.0160	0.0036	0.0260	0.0183	0.0125	0.0064	0.0194	0.0222	0.0207	0.0152	0.0056	0.0184	0.0159	0.0042	0.0148	0.0007	0.0126	0.0089	0.0025	0.0119	0.0164	
0.0149	0.0189	0.0067	0.0124	0.0200	0.0166	0.0120	0.0014	0.0019	0.0131	0.0113	0.0005	0.0143	0.0163	0.0051	0.0139	0.0169	0.0028	0.0067	0.0087	0.0022	0.0005	0.0072	0.0118	0.0036	0.0053	0.0030	0.0149	0.0034	0.0147	0.0187	0.0214	0.0161	0.0188	0.0231	0.0037	0.0156	0.0025	0.0126	0.0156	0.0053	0.0163	0.0152	0.0007	0.0161	0.0146	0.0171	0.0064	0.0080	0.0099	0.0122	0.0056	0.0173	0.0020	0.0151	0.0160	0.0140	0.0178	0.0065	0.0145	0.0101	0.0177	0.0198	0.0064	0.0138	0.0106	0.0039	0.0155	0.0191	0.0015	0.0179	0.0183	0.0113	0.0145	0.0052	0.0063	0.0067	0.0080	0.0141	0.0083	0.0094	0.0247	0.0103	0.0156	0.0033	0.0129	0.0030	0.0199	0.0078	0.0042	
0.0126	0.0193	0.0156	0.0219	0.0027	0.0117	0.0207	0.0108	0.0027	0.0048	0.0145	0.0006	0.0067	0.0056	0.0102	0.0241	0.0169	0.0012	0.0185	0.0064	0.0105	0.0057	0.0195	0.0207	0.0051	0.0123	0.0051	0.0037	0.0044	0.0052	0.0095	0.0097	0.0073	0.0151	0.0120	0.0007	0.0001	0.0104	0.0130	0.0224	0.0097	0.0185	0.0042	0.0136	0.0191	0.0088	0.0133	0.0042	0.0049	0.0048	0.0159	0.0023	0.0220	0.0019	0.0197	0.0088	0.0245	0.0192	0.0134	0.0126	0.0039	0.0193	0.0057	0.0195	0.0146	0.0035	0.0162	0.0124	0.0177	0.0109	0.0189	0.0076	0.0113	0.0005	0.0215	0.0150	0.0010	0.0092	0.0021	0.0164	0.0223	0.0034	0.0243	0.0233	0.0120	0.0068	0.0100	0.0081	0.0002	0.0017	
0.0014	0.0051	0.0150	0.0013	0.0137	0.0134	0.0125	0.0067	0.0113	0.0137	0.0172	0.0002	0.0069	0.0135	0.0049	0.0118	0.0134	0.0201	0.0021	0.0027	0.0072	0.0128	0.0125	0.0185	0.0121	0.0010	0.0127	0.0047	0.0093	0.0100	0.0153	0.0082	0.0106	0.0141	0.0091	0.0132	0.0116	0.0074	0.0077	0.0087	0.0238	0.0149	0.0140	0.0089	0.0009	0.0185	0.0159	0.0055	0.0153	0.0218	0.0121	0.0109	0.0040	0.0186	0.0167	0.0106	0.0140	0.0182	0.0085	0.0122	0.0181	0.0086	0.0186	0.0033	0.0172	0.0077	0.0098	0.0119	0.0067	0.0120	0.0190	0.0067	0.0122	0.0148	0.0035	0.0135	0.0202	0.0046	0.0164	0.0116	0.0059	0.0126	0.0120	0.0102	0.0209	0.0032	0.0039	0.0170	0.0005	0.0185	
0.0012	0.0142	0.0177	0.0176	0.0110	0.0147	0.0195	0.0129	0.0064	0.0122	0.0128	0.0029	0.0174	0.0025	0.0183	0.0081	0.0003	0.0099	0.0148	0.0024	0.0128	0.0095	0.0166	0.0177	0.0067	0.0076	0.0129	0.0072	0.0054	0.0154	0.0042	0.0174	0.0110	0.0082	0.0131	0.0049	0.0094	0.0137	0.0048	0.0148	0.0191	0.0076	0.0170	0.0056	0.0016	0.0022	0.0126	0.0095	0.0116	0.0136	0.0025	0.0151	0.0002	0.0195	0.0073	0.0141	0.0202	0.0241	0.0081	0.0030	0.0162	0.0116	0.0059	0.0113	0.0077	0.0157	0.0138	0.0099	0.0124	0.0159	0.0179	0.0073	0.0048	0.0026	0.0083	0.0049	0.0143	0.0142	0.0144	0.0037	0.0163	0.0117	0.0198	0.0145	0.0170	0.0098	0.0148	0.0175	0.0029	0.0184	
0.0102	0.0085	0.0056	0.0030	0.0186	0.0057	0.0040	0.0067	0.0199	0.0060	0.0131	0.0024	0.0184	0.0183	0.0168	0.0202	0.0125	0.0203	0.0125	0.0019	0.0016	0.0057	0.0036	0.0074	0.0089	0.0096	0.0119	0.0147	0.0195	0.0008	0.0010	0.0267	0.0090	0.0176	0.0075	0.0123	0.0013	0.0024	0.0073	0.0050	0.0021	0.0079	0.0213	0.0123	0.0151	0.0175	0.0176	0.0021	0.0003	0.0217	0.0206	0.0207	0.0059	0.0015	0.0209	0.0049	0.0058	0.0242	0.0159	0.0108	0.0126	0.0107	0.0087	0.0169	0.0057	0.0140	0.0196	0.0011	0.0133	0.0037	0.0209	0.0104	0.0119	0.0067	0.0199	0.0157	0.0094	0.0161	0.0162	0.0168	0.0151	0.0128	0.0133	0.0002	0.0033	0.0049	0.0162	0.0065	0.0276	0.0023	
0.0068	0.0029	0.0085	0.0210	0.0148	0.0138	0.0001	0.0030	0.0052	0.0020	0.0246	0.0121	0.0139	0.0191	0.0013	0.0122	0.0072	0.0237	0.0019	0.0021	0.0205	0.0154	0.0069	0.0021	0.0188	0.0016	0.0191	0.0078	0.0159	0.0012	0.0221	0.0123	0.0018	0.0091	0.0215	0.0158	0.0023	0.0162	0.0158	0.0124	0.0192	0.0058	0.0093	0.0135	0.0168	0.0025	0.0232	0.0169	0.0235	0.0178	0.0211	0.0190	0.0046	0.0213	0.0069	0.0181	0.0219	0.0069	0.0028	0.0133	0.0150	0.0179	0.0121	0.0053	0.0047	0.0109	0.0132	0.0039	0.0015	0.0091	0.0089	0.0165	0.0062	0.0148	0.0096	0.0157	0.0052	0.0178	0.0085	0.0146	0.0026	0.0069	0.0107	0.0243	0.0043	0.0012	0.0071	0.0062	0.0031	0.0029	
0.0162	0.0183	0.0115	0.0034	0.0212	0.0010	0.0159	0.0048	0.0043	0.0052	0.0174	0.0114	0.0133	0.0107	0.0049	0.0073	0.0127	0.0143	0.0103	0.0130	0.0114	0.0019	0.0198	0.0097	0.0101	0.0074	0.0041	0.0097	0.0014	0.0030	0.0046	0.0070	0.0004	0.0178	0.0150	0.0113	0.0023	0.0015	0.0178	0.0108	0.0270	0.0008	0.0104	0.0038	0.0008	0.0059	0.0139	0.0216	0.0158	0.0260	0.0094	0.0155	0.0179	0.0119	0.0171	0.0173	0.0254	0.0012	0.0124	0.0103	0.0196	0.0065	0.0028	0.0030	0.0010	0.0073	0.0196	0.0148	0.0009	0.0158	0.0031	0.0152	0.0219	0.0025	0.0197	0.0128	0.0170	0.0173	0.0077	0.0025	0.0181	0.0146	0.0224	0.0038	0.0185	0.0101	0.0128	0.0168	0.0054	0.0179	
0.0123	0.0012	0.0071	0.0053	0.0122	0.0134	0.0138	0.0048	0.0011	0.0154	0.0105	0.0120	0.0166	0.0161	0.0135	0.0234	0.0195	0.0157	0.0118	0.0024	0.0031	0.0052	0.0115	0.0117	0.0154	0.0058	0.0068	0.0169	0.0107	0.0100	0.0187	0.0043	0.0051	0.0054	0.0028	0.0021	0.0038	0.0091	0.0106	0.0054	0.0120	0.0083	0.0117	0.0167	0.0125	0.0150	0.0109	0.0157	0.0080	0.0154	0.0090	0.0177	0.0150	0.0044	0.0134	0.0087	0.0119	0.0162	0.0103	0.0053	0.0058	0.0305	0.0167	0.0109	0.0149	0.0049	0.0115	0.0091	0.0165	0.0103	0.0150	0.0129	0.0026	0.0081	0.0143	0.0207	0.0131	0.0162	0.0001	0.0142	0.0174	0.0128	0.0150	0.0161	0.0042	0.0181	0.0065	0.0057	0.0107	0.0143	
0.0114	0.0083	0.0158	0.0066	0.0218	0.0143	0.0103	0.0041	0.0101	0.0057	0.0086	0.0022	0.0016	0.0139	0.0157	0.0226	0.0156	0.0108	0.0117	0.0141	0.0165	0.0151	0.0143	0.0148	0.0112	0.0154	0.0064	0.0021	0.0065	0.0008	0.0224	0.0070	0.0140	0.0011	0.0265	0.0075	0.0181	0.0134	0.0099	0.0010	0.0078	0.0086	0.0010	0.0168	0.0108	0.0105	0.0077	0.0189	0.0180	0.0069	0.0016	0.0173	0.0135	0.0214	0.0263	0.0002	0.0168	0.0009	0.0125	0.0036	0.0035	0.0105	0.0206	0.0146	0.0048	0.0004	0.0083	0.0006	0.0142	0.0103	0.0023	0.0006	0.0258	0.0107	0.0116	0.0082	0.0142	0.0006	0.0039	0.0171	0.0089	0.0197	0.0075	0.0224	0.0229	0.0023	0.0139	0.0259	0.0012	0.0223	
0.0139	0.0142	0.0194	0.0073	0.0203	0.0221	0.0126	0.0085	0.0056	0.0095	0.0050	0.0057	0.0002	0.0058	0.0031	0.0019	0.0182	0.0023	0.0074	0.0128	0.0092	0.0163	0.0155	0.0174	0.0173	0.0112	0.0011	0.0170	0.0181	0.0043	0.0077	0.0110	0.0193	0.0148	0.0203	0.0082	0.0017	0.0125	0.0136	0.0180	0.0227	0.0054	0.0149	0.0177	0.0162	0.0014	0.0144	0.0002	0.0191	0.0222	0.0040	0.0120	0.0142	0.0093	0.0149	0.0017	0.0229	0.0019	0.0092	0.0076	0.0176	0.0153	0.0122	0.0026	0.0026	0.0159	0.0092	0.0048	0.0112	0.0174	0.0001	0.0061	0.0110	0.0143	0.0180	0.0036	0.0250	0.0005	0.0020	0.0140	0.0189	0.0020	0.0023	0.0209	0.0004	0.0172	0.0183	0.0147	0.0042	0.0155	
0.0113	0.0234	0.0023	0.0056	0.0191	0.0033	0.0138	0.0099	0.0100	0.0005	0.0144	0.0070	0.0108	0.0013	0.0187	0.0240	0.0030	0.0226	0.0112	0.0079	0.0021	0.0213	0.0206	0.0190	0.0109	0.0143	0.0117	0.0124	0.0029	0.0077	0.0214	0.0176	0.0002	0.0180	0.0057	0.0001	0.0032	0.0036	0.0178	0.0187	0.0086	0.0117	0.0087	0.0021	0.0002	0.0103	0.0117	0.0007	0.0007	0.0006	0.0141	0.0212	0.0191	0.0206	0.0139	0.0145	0.0009	0.0054	0.0164	0.0027	0.0146	0.0048	0.0087	0.0050	0.0028	0.0161	0.0088	0.0130	0.0181	0.0167	0.0184	0.0227	0.0020	0.0169	0.0007	0.0163	0.0110	0.0183	0.0168	0.0188	0.0036	0.0130	0.0156	0.0021	0.0185	0.0204	0.0183	0.0056	0.0048	0.0141	
0.0182	0.0202	0.0067	0.0139	0.0029	0.0058	0.0009	0.0054	0.0109	0.0035	0.0033	0.0124	0.0045	0.0029	0.0028	0.0181	0.0184	0.0048	0.0160	0.0169	0.0022	0.0041	0.0082	0.0174	0.0227	0.0020	0.0099	0.0056	0.0111	0.0034	0.0263	0.0037	0.0061	0.0025	0.0254	0.0189	0.0175	0.0067	0.0154	0.0254	0.0171	0.0058	0.0199	0.0181	0.0192	0.0030	0.0055	0.0100	0.0210	0.0035	0.0009	0.0139	0.0088	0.0075	0.0163	0.0179	0.0141	0.0121	0.0123	0.0002	0.0164	0.0241	0.0197	0.0159	0.0024	0.0194	0.0149	0.0020	0.0049	0.0035	0.0167	0.0162	0.0148	0.0201	0.0101	0.0239	0.0060	0.0164	0.0004	0.0145	0.0209	0.0061	0.0108	0.0070	0.0044	0.0077	0.0164	0.0033	0.0087	0.0023	
0.0101	0.0043	0.0126	0.0144	0.0039	0.0206	0.0091	0.0045	0.0081	0.0178	0.0123	0.0030	0.0034	0.0137	0.0034	0.0130	0.0037	0.0113	0.0181	0.0141	0.0129	0.0205	0.0084	0.0201	0.0040	0.0093	0.0058	0.0103	0.0131	0.0159	0.0052	0.0118	0.0094	0.0031	0.0171	0.0157	0.0243	0.0173	0.0160	0.0152	0.0095	0.0007	0.0031	0.0034	0.0057	0.0132	0.0002	0.0134	0.0025	0.0150	0.0032	0.0057	0.0053	0.0187	0.0130	0.0155	0.0199	0.0153	0.0089	0.0173	0.0113	0.0253	0.0141	0.0160	0.0115	0.0005	0.0152	0.0000	0.0008	0.0084	0.0123	0.0094	0.0167	0.0061	0.0080	0.0136	0.0165	0.0062	0.0127	0.0099	0.0105	0.0192	0.0106	0.0207	0.0168	0.0214	0.0055	0.0204	0.0124	0.0016	
0.0216	0.0056	0.0058	0.0021	0.0011	0.0103	0.0097	0.0112	0.0105	0.0043	0.0008	0.0002	0.0123	0.0142	0.0012	0.0162	0.0121	0.0193	0.0100	0.0212	0.0201	0.0112	0.0169	0.0001	0.0056	0.0194	0.0090	0.0158	0.0006	0.0163	0.0149	0.0220	0.0083	0.0197	0.0089	0.0059	0.0024	0.0123	0.0048	0.0204	0.0037	0.0045	0.0174	0.0094	0.0093	0.0097	0.0021	0.0159	0.0201	0.0197	0.0071	0.0068	0.0075	0.0121	0.0029	0.0113	0.0079	0.0062	0.0154	0.0050	0.0173	0.0117	0.0088	0.0156	0.0096	0.0030	0.0146	0.0141	0.0070	0.0197	0.0150	0.0002	0.0136	0.0110	0.0148	0.0144	0.0155	0.0105	0.0117	0.0180	0.0138	0.0174	0.0181	0.0027	0.0082	0.0097	0.0115	0.0156	0.0205	0.0180	
0.0179	0.0157	0.0151	0.0002	0.0214	0.0128	0.0189	0.0010	0.0161	0.0058	0.0196	0.0081	0.0073	0.0016	0.0046	0.0081	0.0122	0.0167	0.0179	0.0079	0.0174	0.0208	0.0137	0.0003	0.0113	0.0024	0.0114	0.0055	0.0090	0.0008	0.0117	0.0221	0.0165	0.0079	0.0206	0.0158	0.0057	0.0130	0.0105	0.0074	0.0238	0.0120	0.0111	0.0046	0.0002	0.0057	0.0096	0.0193	0.0207	0.0000	0.0150	0.0167	0.0213	0.0088	0.0014	0.0010	0.0021	0.0179	0.0082	0.0181	0.0159	0.0113	0.0137	0.0179	0.0128	0.0179	0.0144	0.0201	0.0051	0.0095	0.0020	0.0227	0.0054	0.0109	0.0095	0.0043	0.0085	0.0120	0.0001	0.0046	0.0136	0.0240	0.0085	0.0091	0.0052	0.0162	0.0007	0.0096	0.0074	0.0167	
0.0140	0.0105	0.0040	0.0126	0.0115	0.0093	0.0005	0.0137	0.0054	0.0025	0.0161	0.0062	0.0108	0.0086	0.0158	0.0232	0.0115	0.0086	0.0185	0.0148	0.0151	0.0134	0.0147	0.0051	0.0044	0.0160	0.0020	0.0034	0.0171	0.0005	0.0202	0.0051	0.0099	0.0083	0.0168	0.0113	0.0181	0.0112	0.0006	0.0033	0.0047	0.0159	0.0020	0.0208	0.0121	0.0043	0.0074	0.0199	0.0115	0.0075	0.0030	0.0136	0.0094	0.0123	0.0025	0.0042	0.0196	0.0230	0.0071	0.0144	0.0059	0.0239	0.0199	0.0085	0.0042	0.0080	0.0196	0.0019	0.0163	0.0058	0.0031	0.0268	0.0086	0.0159	0.0153	0.0241	0.0110	0.0190	0.0109	0.0173	0.0113	0.0069	0.0170	0.0091	0.0212	0.0036	0.0160	0.0032	0.0060	0.0100	
0.0168	0.0156	0.0027	0.0091	0.0193	0.0085	0.0205	0.0180	0.0101	0.0028	0.0096	0.0051	0.0014	0.0044	0.0028	0.0041	0.0073	0.0147	0.0180	0.0032	0.0160	0.0220	0.0045	0.0101	0.0033	0.0007	0.0026	0.0095	0.0120	0.0023	0.0143	0.0178	0.0150	0.0070	0.0116	0.0075	0.0206	0.0182	0.0192	0.0091	0.0015	0.0152	0.0058	0.0125	0.0120	0.0046	0.0035	0.0107	0.0060	0.0163	0.0152	0.0025	0.0072	0.0044	0.0190	0.0204	0.0133	0.0159	0.0042	0.0180	0.0038	0.0089	0.0035	0.0097	0.0086	0.0136	0.0127	0.0151	0.0161	0.0181	0.0063	0.0108	0.0166	0.0098	0.0022	0.0223	0.0157	0.0159	0.0172	0.0190	0.0184	0.0193	0.0053	0.0187	0.0076	0.0121	0.0089	0.0138	0.0130	0.0116	
0.0173	0.0044	0.0146	0.0026	0.0039	0.0163	0.0137	0.0200	0.0008	0.0184	0.0169	0.0081	0.0140	0.0097	0.0079	0.0094	0.0086	0.0195	0.0020	0.0155	0.0066	0.0213	0.0147	0.0067	0.0221	0.0100	0.0026	0.0063	0.0039	0.0192	0.0052	0.0001	0.0018	0.0048	0.0233	0.0021	0.0181	0.0124	0.0062	0.0117	0.0095	0.0179	0.0143	0.0232	0.0052	0.0092	0.0010	0.0175	0.0106	0.0225	0.0026	0.0129	0.0105	0.0193	0.0060	0.0220	0.0119	0.0091	0.0029	0.0161	0.0114	0.0073	0.0143	0.0017	0.0125	0.0143	0.0083	0.0094	0.0124	0.0066	0.0133	0.0205	0.0130	0.0138	0.0088	0.0106	0.0053	0.0167	0.0015	0.0106	0.0091	0.0111	0.0206	0.0055	0.0209	0.0143	0.0119	0.0062	0.0000	0.0212	
0.0129	0.0088	0.0099	0.0134	0.0238	0.0017	0.0052	0.0158	0.0046	0.0124	0.0027	0.0100	0.0038	0.0034	0.0057	0.0090	0.0015	0.0211	0.0103	0.0161	0.0181	0.0203	0.0064	0.0141	0.0074	0.0024	0.0078	0.0076	0.0063	0.0012	0.0033	0.0028	0.0088	0.0124	0.0193	0.0056	0.0100	0.0199	0.0167	0.0108	0.0065	0.0147	0.0102	0.0137	0.0100	0.0173	0.0054	0.0184	0.0237	0.0141	0.0116	0.0173	0.0191	0.0056	0.0062	0.0206	0.0026	0.0220	0.0053	0.0198	0.0161	0.0255	0.0085	0.0054	0.0076	0.0225	0.0044	0.0129	0.0110	0.0006	0.0191	0.0036	0.0022	0.0022	0.0143	0.0029	0.0088	0.0193	0.0042	0.0103	0.0218	0.0247	0.0116	0.0186	0.0137	0.0089	0.0075	0.0070	0.0075	0.0199	
0.0035	0.0116	0.0135	0.0195	0.0154	0.0084	0.0069	0.0043	0.0015	0.0083	0.0144	0.0121	0.0040	0.0176	0.0119	0.0101	0.0138	0.0155	0.0133	0.0021	0.0117	0.0078	0.0106	0.0165	0.0209	0.0189	0.0074	0.0119	0.0161	0.0014	0.0144	0.0215	0.0037	0.0137	0.0200	0.0071	0.0110	0.0035	0.0075	0.0056	0.0189	0.0028	0.0140	0.0177	0.0174	0.0046	0.0114	0.0110	0.0031	0.0014	0.0132	0.0130	0.0133	0.0060	0.0063	0.0186	0.0005	0.0199	0.0168	0.0183	0.0194	0.0166	0.0097	0.0003	0.0136	0.0135	0.0105	0.0104	0.0014	0.0049	0.0199	0.0120	0.0073	0.0082	0.0067	0.0091	0.0152	0.0166	0.0180	0.0142	0.0076	0.0231	0.0108	0.0145	0.0094	0.0010	0.0069	0.0227	0.0089	0.0005	
0.0074	0.0129	0.0047	0.0138	0.0070	0.0019	0.0171	0.0185	0.0004	0.0032	0.0202	0.0007	0.0094	0.0193	0.0018	0.0041	0.0066	0.0047	0.0225	0.0188	0.0041	0.0065	0.0192	0.0055	0.0112	0.0002	0.0043	0.0167	0.0147	0.0156	0.0083	0.0141	0.0015	0.0009	0.0233	0.0082	0.0076	0.0165	0.0025	0.0070	0.0203	0.0214	0.0177	0.0193	0.0214	0.0073	0.0120	0.0144	0.0147	0.0060	0.0157	0.0034	0.0251	0.0133	0.0228	0.0021	0.0176	0.0252	0.0017	0.0066	0.0190	0.0217	0.0011	0.0066	0.0155	0.0051	0.0244	0.0091	0.0009	0.0179	0.0189	0.0141	0.0021	0.0157	0.0031	0.0045	0.0131	0.0027	0.0063	0.0031	0.0117	0.0190	0.0049	0.0091	0.0254	0.0048	0.0129	0.0133	0.0044	0.0186	
0.0142	0.0079	0.0153	0.0199	0.0111	0.0239	0.0227	0.0133	0.0148	0.0153	0.0106	0.0015	0.0107	0.0182	0.0076	0.0064	0.0015	0.0076	0.0103	0.0134	0.0143	0.0164	0.0146	0.0212	0.0196	0.0035	0.0119	0.0133	0.0087	0.0113	0.0172	0.0125	0.0041	0.0051	0.0005	0.0108	0.0238	0.0052	0.0062	0.0105	0.0078	0.0013	0.0028	0.0158	0.0188	0.0095	0.0040	0.0090	0.0001	0.0205	0.0026	0.0067	0.0016	0.0146	0.0065	0.0025	0.0196	0.0210	0.0011	0.0065	0.0032	0.0085	0.0033	0.0088	0.0012	0.0201	0.0238	0.0062	0.0188	0.0212	0.0073	0.0263	0.0005	0.0025	0.0102	0.0148	0.0132	0.0022	0.0031	0.0070	0.0245	0.0132	0.0179	0.0150	0.0132	0.0092	0.0096	0.0217	0.0007	0.0234	
0.0183	0.0025	0.0041	0.0251	0.0042	0.0235	0.0240	0.0190	0.0105	0.0167	0.0128	0.0202	0.0095	0.0029	0.0088	0.0073	0.0057	0.0208	0.0025	0.0149	0.0140	0.0147	0.0104	0.0160	0.0064	0.0182	0.0108	0.0118	0.0197	0.0161	0.0099	0.0058	0.0053	0.0199	0.0007	0.0049	0.0148	0.0005	0.0185	0.0115	0.0148	0.0149	0.0128	0.0060	0.0164	0.0023	0.0221	0.0124	0.0044	0.0034	0.0018	0.0100	0.0144	0.0070	0.0069	0.0053	0.0133	0.0111	0.0133	0.0098	0.0067	0.0079	0.0179	0.0167	0.0084	0.0066	0.0156	0.0113	0.0025	0.0040	0.0158	0.0057	0.0009	0.0138	0.0019	0.0194	0.0007	0.0064	0.0204	0.0039	0.0170	0.0024	0.0081	0.0168	0.0154	0.0004	0.0136	0.0213	0.0163	0.0170	
0.0130	0.0031	0.0060	0.0102	0.0029	0.0047	0.0201	0.0183	0.0140	0.0086	0.0102	0.0074	0.0078	0.0005	0.0087	0.0187	0.0081	0.0196	0.0051	0.0072	0.0042	0.0066	0.0094	0.0107	0.0129	0.0049	0.0001	0.0006	0.0037	0.0078	0.0134	0.0170	0.0159	0.0058	0.0112	0.0103	0.0214	0.0109	0.0096	0.0215	0.0233	0.0048	0.0090	0.0100	0.0143	0.0085	0.0146	0.0076	0.0072	0.0170	0.0111	0.0150	0.0144	0.0061	0.0141	0.0079	0.0145	0.0173	0.0146	0.0189	0.0039	0.0196	0.0128	0.0085	0.0141	0.0135	0.0127	0.0021	0.0110	0.0200	0.0174	0.0195	0.0092	0.0069	0.0079	0.0207	0.0192	0.0010	0.0150	0.0033	0.0110	0.0161	0.0152	0.0082	0.0186	0.0191	0.0021	0.0128	0.0141	0.0023	
0.0190	0.0036	0.0147	0.0138	0.0153	0.0015	0.0148	0.0004	0.0121	0.0005	0.0199	0.0119	0.0168	0.0082	0.0186	0.0171	0.0068	0.0066	0.0195	0.0134	0.0115	0.0142	0.0183	0.0146	0.0080	0.0118	0.0034	0.0044	0.0134	0.0196	0.0127	0.0009	0.0082	0.0087	0.0003	0.0147	0.0036	0.0175	0.0131	0.0084	0.0077	0.0170	0.0089	0.0174	0.0066	0.0202	0.0195	0.0066	0.0117	0.0014	0.0118	0.0172	0.0157	0.0013	0.0139	0.0066	0.0056	0.0235	0.0044	0.0037	0.0181	0.0094	0.0087	0.0149	0.0085	0.0171	0.0044	0.0081	0.0091	0.0041	0.0128	0.0114	0.0145	0.0113	0.0067	0.0155	0.0045	0.0033	0.0079	0.0084	0.0141	0.0219	0.0159	0.0122	0.0085	0.0173	0.0079	0.0080	0.0185	0.0150	
0.0106	0.0037	0.0130	0.0100	0.0111	0.0234	0.0087	0.0153	0.0051	0.0102	0.0183	0.0081	0.0190	0.0063	0.0101	0.0021	0.0032	0.0031	0.0158	0.0166	0.0025	0.0023	0.0121	0.0187	0.0121	0.0201	0.0129	0.0169	0.0090	0.0127	0.0108	0.0202	0.0089	0.0140	0.0180	0.0089	0.0260	0.0040	0.0013	0.0132	0.0070	0.0116	0.0168	0.0226	0.0139	0.0040	0.0004	0.0082	0.0021	0.0064	0.0129	0.0058	0.0130	0.0247	0.0164	0.0098	0.0155	0.0189	0.0170	0.0132	0.0039	0.0179	0.0077	0.0165	0.0010	0.0169	0.0242	0.0041	0.0141	0.0008	0.0035	0.0257	0.0016	0.0059	0.0143	0.0167	0.0074	0.0165	0.0041	0.0059	0.0236	0.0103	0.0208	0.0020	0.0012	0.0042	0.0053	0.0169	0.0015	0.0069	
0.0195	0.0035	0.0046	0.0144	0.0068	0.0180	0.0039	0.0034	0.0163	0.0143	0.0062	0.0179	0.0162	0.0011	0.0024	0.0165	0.0045	0.0077	0.0084	0.0000	0.0022	0.0221	0.0108	0.0153	0.0137	0.0205	0.0152	0.0056	0.0151	0.0196	0.0155	0.0106	0.0027	0.0066	0.0044	0.0001	0.0198	0.0109	0.0000	0.0260	0.0132	0.0037	0.0213	0.0127	0.0016	0.0028	0.0148	0.0185	0.0253	0.0101	0.0205	0.0217	0.0057	0.0017	0.0063	0.0008	0.0165	0.0140	0.0001	0.0107	0.0188	0.0213	0.0119	0.0209	0.0009	0.0190	0.0182	0.0104	0.0208	0.0027	0.0198	0.0185	0.0078	0.0092	0.0115	0.0224	0.0250	0.0000	0.0130	0.0099	0.0054	0.0037	0.0068	0.0057	0.0240	0.0178	0.0041	0.0011	0.0018	0.0031	
0.0079	0.0052	0.0112	0.0140	0.0026	0.0155	0.0179	0.0271	0.0089	0.0046	0.0110	0.0029	0.0171	0.0184	0.0115	0.0073	0.0136	0.0197	0.0130	0.0067	0.0020	0.0170	0.0188	0.0128	0.0053	0.0173	0.0107	0.0052	0.0009	0.0069	0.0153	0.0179	0.0083	0.0161	0.0203	0.0135	0.0051	0.0163	0.0064	0.0272	0.0067	0.0213	0.0124	0.0093	0.0005	0.0023	0.0079	0.0108	0.0186	0.0157	0.0021	0.0085	0.0134	0.0179	0.0013	0.0170	0.0084	0.0248	0.0061	0.0095	0.0217	0.0108	0.0224	0.0034	0.0109	0.0165	0.0197	0.0014	0.0031	0.0235	0.0018	0.0231	0.0131	0.0130	0.0017	0.0022	0.0031	0.0137	0.0113	0.0026	0.0087	0.0058	0.0126	0.0100	0.0057	0.0069	0.0037	0.0167	0.0165	0.0006	
0.0057	0.0052	0.0086	0.0186	0.0001	0.0179	0.0019	0.0092	0.0120	0.0053	0.0079	0.0042	0.0051	0.0151	0.0097	0.0060	0.0167	0.0203	0.0141	0.0177	0.0122	0.0177	0.0073	0.0041	0.0004	0.0152	0.0145	0.0089	0.0203	0.0053	0.0123	0.0037	0.0066	0.0020	0.0140	0.0153	0.0089	0.0117	0.0112	0.0073	0.0257	0.0142	0.0158	0.0058	0.0158	0.0025	0.0197	0.0159	0.0190	0.0219	0.0078	0.0047	0.0202	0.0161	0.0103	0.0107	0.0201	0.0053	0.0142	0.0049	0.0180	0.0136	0.0095	0.0093	0.0115	0.0034	0.0200	0.0032	0.0049	0.0154	0.0158	0.0052	0.0084	0.0079	0.0192	0.0190	0.0005	0.0025	0.0075	0.0170	0.0168	0.0060	0.0135	0.0213	0.0199	0.0071	0.0050	0.0148	0.0123	0.0011	
0.0164	0.0033	0.0145	0.0065	0.0091	0.0094	0.0062	0.0064	0.0071	0.0109	0.0054	0.0110	0.0078	0.0026	0.0016	0.0053	0.0163	0.0115	0.0156	0.0098	0.0103	0.0177	0.0144	0.0181	0.0087	0.0121	0.0141	0.0075	0.0135	0.0061	0.0198	0.0067	0.0082	0.0034	0.0194	0.0121	0.0100	0.0007	0.0184	0.0146	0.0141	0.0140	0.0112	0.0180	0.0131	0.0011	0.0158	0.0104	0.0190	0.0144	0.0078	0.0139	0.0169	0.0022	0.0135	0.0032	0.0089	0.0187	0.0136	0.0160	0.0088	0.0211	0.0140	0.0032	0.0100	0.0172	0.0062	0.0046	0.0067	0.0084	0.0135	0.0213	0.0133	0.0045	0.0008	0.0174	0.0048	0.0210	0.0049	0.0062	0.0173	0.0144	0.0125	0.0208	0.0211	0.0040	0.0096	0.0100	0.0111	0.0131	
0.0061	0.0135	0.0026	0.0040	0.0031	0.0162	0.0023	0.0105	0.0020	0.0153	0.0200	0.0097	0.0022	0.0094	0.0167	0.0157	0.0037	0.0134	0.0013	0.0160	0.0210	0.0099	0.0100	0.0117	0.0216	0.0196	0.0054	0.0133	0.0060	0.0098	0.0098	0.0216	0.0122	0.0144	0.0028	0.0030	0.0167	0.0076	0.0022	0.0098	0.0180	0.0168	0.0196	0.0133	0.0124	0.0064	0.0094	0.0020	0.0026	0.0072	0.0004	0.0198	0.0077	0.0199	0.0176	0.0197	0.0040	0.0141	0.0043	0.0049	0.0081	0.0104	0.0032	0.0126	0.0058	0.0195	0.0226	0.0082	0.0078	0.0164	0.0186	0.0208	0.0117	0.0149	0.0030	0.0033	0.0135	0.0211	0.0189	0.0131	0.0110	0.0063	0.0134	0.0227	0.0121	0.0112	0.0128	0.0191	0.0007	0.0049	
0.0209	0.0034	0.0032	0.0173	0.0002	0.0055	0.0124	0.0057	0.0033	0.0155	0.0088	0.0004	0.0162	0.0072	0.0069	0.0062	0.0098	0.0166	0.0151	0.0102	0.0082	0.0065	0.0121	0.0124	0.0172	0.0025	0.0150	0.0032	0.0031	0.0149	0.0078	0.0051	0.0056	0.0030	0.0184	0.0161	0.0170	0.0133	0.0144	0.0266	0.0125	0.0068	0.0144	0.0075	0.0061	0.0090	0.0103	0.0036	0.0135	0.0067	0.0008	0.0199	0.0206	0.0123	0.0218	0.0180	0.0161	0.0138	0.0027	0.0219	0.0091	0.0161	0.0031	0.0098	0.0066	0.0027	0.0170	0.0117	0.0149	0.0116	0.0117	0.0227	0.0267	0.0169	0.0022	0.0017	0.0149	0.0056	0.0058	0.0048	0.0158	0.0216	0.0159	0.0211	0.0206	0.0081	0.0051	0.0260	0.0050	0.0001	
0.0036	0.0020	0.0087	0.0170	0.0112	0.0217	0.0033	0.0057	0.0146	0.0024	0.0177	0.0165	0.0095	0.0002	0.0130	0.0039	0.0191	0.0038	0.0082	0.0148	0.0028	0.0075	0.0036	0.0176	0.0053	0.0139	0.0151	0.0051	0.0129	0.0006	0.0188	0.0184	0.0050	0.0123	0.0094	0.0089	0.0096	0.0029	0.0054	0.0034	0.0218	0.0067	0.0068	0.0044	0.0090	0.0132	0.0038	0.0119	0.0040	0.0135	0.0067	0.0010	0.0100	0.0102	0.0204	0.0182	0.0206	0.0123	0.0091	0.0181	0.0000	0.0196	0.0132	0.0175	0.0038	0.0182	0.0148	0.0167	0.0121	0.0043	0.0146	0.0192	0.0196	0.0051	0.0171	0.0172	0.0224	0.0208	0.0080	0.0107	0.0100	0.0097	0.0020	0.0207	0.0153	0.0180	0.0070	0.0188	0.0155	0.0111	
0.0124	0.0178	0.0132	0.0117	0.0033	0.0007	0.0200	0.0140	0.0198	0.0093	0.0004	0.0077	0.0199	0.0207	0.0195	0.0131	0.0035	0.0046	0.0150	0.0019	0.0199	0.0242	0.0019	0.0223	0.0088	0.0157	0.0133	0.0140	0.0050	0.0085	0.0137	0.0248	0.0011	0.0008	0.0173	0.0188	0.0062	0.0098	0.0026	0.0235	0.0021	0.0108	0.0005	0.0232	0.0121	0.0035	0.0115	0.0030	0.0031	0.0037	0.0141	0.0038	0.0050	0.0154	0.0193	0.0152	0.0196	0.0161	0.0013	0.0119	0.0051	0.0015	0.0060	0.0126	0.0169	0.0029	0.0077	0.0215	0.0082	0.0280	0.0062	0.0184	0.0018	0.0170	0.0002	0.0077	0.0239	0.0033	0.0096	0.0048	0.0037	0.0185	0.0120	0.0017	0.0181	0.0109	0.0156	0.0088	0.0085	0.0230	
0.0022	0.0156	0.0095	0.0145	0.0167	0.0001	0.0071	0.0121	0.0014	0.0096	0.0250	0.0095	0.0171	0.0028	0.0189	0.0001	0.0021	0.0120	0.0173	0.0078	0.0193	0.0184	0.0035	0.0201	0.0094	0.0134	0.0103	0.0036	0.0251	0.0088	0.0111	0.0257	0.0123	0.0081	0.0269	0.0140	0.0082	0.0108	0.0027	0.0002	0.0012	0.0113	0.0012	0.0007	0.0088	0.0150	0.0227	0.0110	0.0053	0.0185	0.0077	0.0067	0.0162	0.0273	0.0067	0.0112	0.0144	0.0155	0.0045	0.0015	0.0121	0.0037	0.0133	0.0156	0.0003	0.0210	0.0257	0.0094	0.0054	0.0062	0.0155	0.0189	0.0098	0.0167	0.0081	0.0081	0.0172	0.0034	0.0101	0.0157	0.0168	0.0049	0.0271	0.0067	0.0022	0.0035	0.0081	0.0188	0.0031	0.0116	
0.0029	0.0145	0.0055	0.0014	0.0115	0.0222	0.0265	0.0101	0.0002	0.0086	0.0161	0.0134	0.0035	0.0202	0.0232	0.0162	0.0201	0.0197	0.0157	0.0214	0.0186	0.0089	0.0005	0.0120	0.0093	0.0081	0.0028	0.0056	0.0118	0.0217	0.0112	0.0093	0.0060	0.0171	0.0028	0.0205	0.0082	0.0060	0.0031	0.0092	0.0072	0.0042	0.0026	0.0010	0.0204	0.0031	0.0242	0.0005	0.0071	0.0073	0.0038	0.0089	0.0247	0.0040	0.0145	0.0175	0.0163	0.0168	0.0128	0.0050	0.0147	0.0138	0.0177	0.0027	0.0193	0.0075	0.0064	0.0088	0.0197	0.0273	0.0096	0.0145	0.0155	0.0056	0.0117	0.0130	0.0060	0.0220	0.0128	0.0063	0.0068	0.0028	0.0199	0.0052	0.0169	0.0037	0.0087	0.0009	0.0048	0.0078	
0.0044	0.0135	0.0125	0.0175	0.0145	0.0137	0.0071	0.0217	0.0019	0.0128	0.0207	0.0084	0.0036	0.0054	0.0164	0.0128	0.0123	0.0161	0.0115	0.0166	0.0110	0.0175	0.0036	0.0074	0.0196	0.0118	0.0134	0.0101	0.0103	0.0117	0.0217	0.0048	0.0034	0.0085	0.0192	0.0145	0.0012	0.0158	0.0127	0.0018	0.0064	0.0056	0.0168	0.0214	0.0087	0.0142	0.0183	0.0148	0.0069	0.0042	0.0100	0.0155	0.0091	0.0054	0.0220	0.0103	0.0112	0.0060	0.0008	0.0001	0.0186	0.0234	0.0125	0.0084	0.0110	0.0122	0.0088	0.0142	0.0098	0.0029	0.0080	0.0207	0.0016	0.0102	0.0165	0.0060	0.0214	0.0063	0.0153	0.0024	0.0160	0.0032	0.0062	0.0056	0.0046	0.0034	0.0158	0.0277	0.0098	0.0062	
0.0065	0.0167	0.0171	0.0135	0.0063	0.0111	0.0153	0.0112	0.0026	0.0153	0.0091	0.0034	0.0029	0.0032	0.0144	0.0205	0.0147	0.0234	0.0107	0.0122	0.0130	0.0044	0.0057	0.0190	0.0074	0.0146	0.0092	0.0061	0.0049	0.0106	0.0208	0.0097	0.0027	0.0048	0.0221	0.0134	0.0248	0.0091	0.0050	0.0085	0.0151	0.0101	0.0024	0.0048	0.0171	0.0099	0.0214	0.0019	0.0123	0.0102	0.0089	0.0173	0.0118	0.0228	0.0191	0.0035	0.0133	0.0232	0.0050	0.0135	0.0197	0.0106	0.0055	0.0131	0.0149	0.0194	0.0016	0.0191	0.0072	0.0014	0.0164	0.0069	0.0187	0.0040	0.0022	0.0024	0.0016	0.0021	0.0023	0.0165	0.0167	0.0147	0.0202	0.0188	0.0028	0.0014	0.0190	0.0055	0.0104	0.0152	
0.0034	0.0013	0.0033	0.0167	0.0097	0.0035	0.0063	0.0138	0.0059	0.0159	0.0106	0.0013	0.0153	0.0093	0.0128	0.0048	0.0021	0.0071	0.0200	0.0133	0.0019	0.0104	0.0150	0.0102	0.0199	0.0091	0.0102	0.0093	0.0110	0.0185	0.0014	0.0225	0.0084	0.0136	0.0227	0.0158	0.0024	0.0011	0.0159	0.0242	0.0227	0.0113	0.0182	0.0070	0.0086	0.0148	0.0182	0.0088	0.0051	0.0219	0.0194	0.0127	0.0088	0.0195	0.0154	0.0167	0.0073	0.0170	0.0150	0.0011	0.0115	0.0172	0.0001	0.0094	0.0147	0.0121	0.0168	0.0021	0.0124	0.0215	0.0023	0.0011	0.0125	0.0197	0.0152	0.0117	0.0155	0.0107	0.0015	0.0041	0.0133	0.0061	0.0052	0.0133	0.0220	0.0114	0.0114	0.0109	0.0012	0.0036	
0.0083	0.0080	0.0048	0.0158	0.0090	0.0011	0.0124	0.0093	0.0083	0.0158	0.0247	0.0106	0.0150	0.0068	0.0143	0.0220	0.0004	0.0098	0.0033	0.0015	0.0024	0.0202	0.0117	0.0118	0.0090	0.0065	0.0084	0.0074	0.0126	0.0049	0.0002	0.0059	0.0009	0.0071	0.0095	0.0129	0.0177	0.0155	0.0096	0.0185	0.0266	0.0052	0.0198	0.0047	0.0043	0.0191	0.0099	0.0208	0.0178	0.0235	0.0085	0.0018	0.0068	0.0202	0.0011	0.0122	0.0187	0.0154	0.0048	0.0019	0.0099	0.0033	0.0174	0.0052	0.0136	0.0152	0.0138	0.0083	0.0201	0.0026	0.0023	0.0044	0.0224	0.0089	0.0022	0.0188	0.0228	0.0088	0.0072	0.0083	0.0175	0.0194	0.0136	0.0136	0.0191	0.0199	0.0199	0.0018	0.0064	0.0167	
0.0180	0.0035	0.0113	0.0081	0.0052	0.0200	0.0108	0.0141	0.0058	0.0092	0.0090	0.0005	0.0168	0.0128	0.0169	0.0070	0.0026	0.0193	0.0180	0.0039	0.0144	0.0097	0.0040	0.0182	0.0051	0.0159	0.0090	0.0028	0.0107	0.0173	0.0167	0.0119	0.0012	0.0043	0.0057	0.0184	0.0155	0.0115	0.0040	0.0077	0.0077	0.0066	0.0006	0.0214	0.0005	0.0169	0.0177	0.0207	0.0178	0.0110	0.0149	0.0025	0.0047	0.0030	0.0032	0.0106	0.0235	0.0159	0.0027	0.0108	0.0063	0.0094	0.0034	0.0094	0.0122	0.0164	0.0222	0.0131	0.0091	0.0192	0.0132	0.0136	0.0154	0.0113	0.0187	0.0080	0.0090	0.0063	0.0154	0.0075	0.0200	0.0154	0.0085	0.0214	0.0034	0.0140	0.0062	0.0244	0.0019	0.0161	
0.0180	0.0196	0.0085	0.0154	0.0001	0.0234	0.0033	0.0158	0.0026	0.0031	0.0235	0.0030	0.0095	0.0165	0.0145	0.0060	0.0097	0.0158	0.0049	0.0144	0.0019	0.0169	0.0169	0.0150	0.0126	0.0143	0.0002	0.0033	0.0071	0.0015	0.0133	0.0006	0.0101	0.0123	0.0244	0.0139	0.0033	0.0167	0.0116	0.0277	0.0052	0.0157	0.0019	0.0166	0.0111	0.0136	0.0016	0.0116	0.0032	0.0229	0.0030	0.0133	0.0158	0.0073	0.0183	0.0064	0.0031	0.0167	0.0028	0.0062	0.0213	0.0262	0.0071	0.0021	0.0091	0.0179	0.0157	0.0168	0.0194	0.0022	0.0017	0.0160	0.0028	0.0055	0.0135	0.0075	0.0149	0.0031	0.0042	0.0161	0.0142	0.0174	0.0012	0.0090	0.0229	0.0202	0.0070	0.0070	0.0170	0.0137	
0.0130	0.0091	0.0155	0.0068	0.0009	0.0051	0.0132	0.0264	0.0019	0.0116	0.0010	0.0055	0.0093	0.0007	0.0184	0.0135	0.0112	0.0092	0.0160	0.0082	0.0152	0.0239	0.0070	0.0070	0.0147	0.0092	0.0152	0.0191	0.0038	0.0159	0.0106	0.0109	0.0193	0.0082	0.0118	0.0122	0.0190	0.0172	0.0044	0.0097	0.0202	0.0117	0.0009	0.0131	0.0163	0.0090	0.0020	0.0003	0.0138	0.0071	0.0068	0.0192	0.0148	0.0118	0.0220	0.0138	0.0023	0.0100	0.0110	0.0142	0.0053	0.0112	0.0175	0.0078	0.0026	0.0129	0.0093	0.0015	0.0123	0.0059	0.0178	0.0161	0.0043	0.0060	0.0105	0.0020	0.0229	0.0178	0.0112	0.0054	0.0057	0.0211	0.0072	0.0183	0.0086	0.0146	0.0170	0.0053	0.0127	0.0184	
0.0109	0.0086	0.0052	0.0139	0.0032	0.0058	0.0203	0.0184	0.0081	0.0039	0.0003	0.0003	0.0099	0.0072	0.0112	0.0172	0.0151	0.0070	0.0008	0.0168	0.0160	0.0084	0.0190	0.0083	0.0094	0.0087	0.0042	0.0195	0.0010	0.0104	0.0185	0.0044	0.0120	0.0142	0.0201	0.0086	0.0128	0.0139	0.0033	0.0108	0.0084	0.0066	0.0078	0.0084	0.0054	0.0063	0.0110	0.0002	0.0090	0.0183	0.0198	0.0136	0.0051	0.0178	0.0059	0.0045	0.0132	0.0236	0.0034	0.0184	0.0229	0.0233	0.0152	0.0215	0.0079	0.0189	0.0119	0.0183	0.0143	0.0029	0.0035	0.0006	0.0034	0.0152	0.0114	0.0095	0.0267	0.0144	0.0027	0.0021	0.0214	0.0070	0.0147	0.0082	0.0145	0.0041	0.0219	0.0242	0.0103	0.0127	
0.0191	0.0120	0.0097	0.0087	0.0084	0.0093	0.0158	0.0088	0.0163	0.0073	0.0187	0.0129	0.0077	0.0045	0.0115	0.0213	0.0093	0.0117	0.0046	0.0168	0.0044	0.0218	0.0136	0.0019	0.0189	0.0163	0.0052	0.0055	0.0091	0.0055	0.0185	0.0149	0.0067	0.0020	0.0048	0.0109	0.0130	0.0154	0.0053	0.0027	0.0164	0.0125	0.0142	0.0163	0.0055	0.0055	0.0188	0.0076	0.0180	0.0133	0.0140	0.0092	0.0144	0.0129	0.0078	0.0221	0.0206	0.0089	0.0095	0.0142	0.0018	0.0092	0.0202	0.0131	0.0094	0.0038	0.0073	0.0059	0.0007	0.0001	0.0083	0.0162	0.0057	0.0021	0.0032	0.0129	0.0058	0.0212	0.0162	0.0120	0.0185	0.0233	0.0109	0.0179	0.0133	0.0096	0.0002	0.0171	0.0167	0.0045	
0.0127	0.0035	0.0044	0.0140	0.0005	0.0062	0.0151	0.0012	0.0036	0.0015	0.0248	0.0095	0.0062	0.0148	0.0038	0.0250	0.0036	0.0121	0.0102	0.0145	0.0160	0.0224	0.0114	0.0191	0.0171	0.0028	0.0150	0.0021	0.0016	0.0015	0.0043	0.0146	0.0102	0.0156	0.0092	0.0044	0.0119	0.0124	0.0017	0.0247	0.0258	0.0041	0.0169	0.0173	0.0135	0.0067	0.0147	0.0177	0.0147	0.0142	0.0050	0.0103	0.0058	0.0007	0.0127	0.0162	0.0150	0.0065	0.0149	0.0191	0.0072	0.0140	0.0232	0.0031	0.0150	0.0074	0.0014	0.0106	0.0089	0.0223	0.0095	0.0143	0.0109	0.0117	0.0177	0.0128	0.0038	0.0190	0.0058	0.0085	0.0104	0.0062	0.0112	0.0117	0.0203	0.0156	0.0078	0.0129	0.0062	0.0136	
0.0130	0.0053	0.0168	0.0044	0.0139	0.0085	0.0051	0.0161	0.0138	0.0060	0.0070	0.0026	0.0063	0.0125	0.0016	0.0187	0.0013	0.0170	0.0044	0.0197	0.0134	0.0203	0.0194	0.0095	0.0097	0.0024	0.0015	0.0095	0.0081	0.0042	0.0237	0.0145	0.0035	0.0164	0.0095	0.0051	0.0191	0.0053	0.0205	0.0136	0.0085	0.0118	0.0227	0.0010	0.0032	0.0070	0.0215	0.0197	0.0102	0.0024	0.0132	0.0144	0.0068	0.0083	0.0002	0.0196	0.0082	0.0082	0.0141	0.0110	0.0058	0.0195	0.0064	0.0139	0.0055	0.0150	0.0243	0.0102	0.0066	0.0195	0.0205	0.0212	0.0184	0.0153	0.0144	0.0011	0.0208	0.0203	0.0060	0.0015	0.0043	0.0077	0.0012	0.0059	0.0152	0.0073	0.0067	0.0225	0.0163	0.0119	
0.0201	0.0092	0.0102	0.0126	0.0054	0.0137	0.0074	0.0095	0.0152	0.0088	0.0094	0.0101	0.0113	0.0122	0.0029	0.0191	0.0204	0.0129	0.0169	0.0214	0.0003	0.0108	0.0000	0.0155	0.0068	0.0241	0.0125	0.0005	0.0012	0.0223	0.0087	0.0040	0.0152	0.0158	0.0230	0.0107	0.0084	0.0050	0.0099	0.0028	0.0203	0.0096	0.0034	0.0197	0.0150	0.0164	0.0181	0.0117	0.0029	0.0190	0.0076	0.0162	0.0026	0.0178	0.0136	0.0112	0.0108	0.0190	0.0038	0.0055	0.0176	0.0056	0.0068	0.0158	0.0011	0.0049	0.0196	0.0181	0.0155	0.0165	0.0103	0.0173	0.0023	0.0135	0.0041	0.0122	0.0071	0.0034	0.0002	0.0127	0.0055	0.0061	0.0202	0.0063	0.0157	0.0158	0.0012	0.0199	0.0051	0.0096	
0.0008	0.0127	0.0007	0.0044	0.0066	0.0126	0.0035	0.0109	0.0091	0.0097	0.0264	0.0114	0.0145	0.0088	0.0051	0.0185	0.0128	0.0124	0.0133	0.0171	0.0044	0.0078	0.0159	0.0121	0.0225	0.0113	0.0053	0.0002	0.0033	0.0058	0.0042	0.0225	0.0102	0.0042	0.0165	0.0161	0.0162	0.0152	0.0072	0.0217	0.0115	0.0177	0.0075	0.0133	0.0139	0.0061	0.0095	0.0107	0.0215	0.0249	0.0008	0.0112	0.0036	0.0060	0.0063	0.0150	0.0222	0.0104	0.0036	0.0141	0.0034	0.0050	0.0067	0.0081	0.0044	0.0202	0.0084	0.0109	0.0169	0.0091	0.0163	0.0235	0.0048	0.0193	0.0145	0.0085	0.0250	0.0051	0.0003	0.0120	0.0034	0.0331	0.0013	0.0043	0.0086	0.0136	0.0185	0.0107	0.0002	0.0201	
0.0003	0.0069	0.0150	0.0151	0.0152	0.0056	0.0140	0.0257	0.0033	0.0158	0.0284	0.0146	0.0109	0.0107	0.0197	0.0090	0.0093	0.0065	0.0144	0.0184	0.0194	0.0178	0.0087	0.0130	0.0137	0.0044	0.0022	0.0019	0.0020	0.0132	0.0030	0.0002	0.0108	0.0016	0.0133	0.0155	0.0028	0.0107	0.0088	0.0140	0.0223	0.0011	0.0239	0.0091	0.0171	0.0055	0.0104	0.0148	0.0053	0.0011	0.0043	0.0140	0.0178	0.0031	0.0022	0.0092	0.0265	0.0020	0.0025	0.0094	0.0021	0.0173	0.0229	0.0122	0.0100	0.0222	0.0094	0.0097	0.0014	0.0060	0.0041	0.0291	0.0272	0.0042	0.0055	0.0213	0.0182	0.0012	0.0163	0.0058	0.0199	0.0204	0.0253	0.0008	0.0140	0.0131	0.0064	0.0144	0.0001	0.0017	
0.0156	0.0005	0.0071	0.0198	0.0070	0.0036	0.0038	0.0100	0.0118	0.0130	0.0187	0.0003	0.0092	0.0168	0.0161	0.0066	0.0136	0.0118	0.0175	0.0063	0.0148	0.0188	0.0033	0.0165	0.0127	0.0099	0.0106	0.0151	0.0002	0.0011	0.0142	0.0193	0.0073	0.0184	0.0098	0.0033	0.0119	0.0169	0.0154	0.0012	0.0118	0.0033	0.0057	0.0034	0.0072	0.0140	0.0017	0.0187	0.0040	0.0039	0.0146	0.0137	0.0111	0.0133	0.0075	0.0197	0.0186	0.0110	0.0063	0.0177	0.0101	0.0081	0.0092	0.0137	0.0004	0.0176	0.0128	0.0094	0.0098	0.0135	0.0149	0.0182	0.0156	0.0159	0.0157	0.0120	0.0123	0.0005	0.0085	0.0161	0.0085	0.0166	0.0136	0.0166	0.0059	0.0202	0.0069	0.0177	0.0126	0.0100	
0.0060	0.0004	0.0095	0.0194	0.0114	0.0034	0.0136	0.0143	0.0019	0.0076	0.0033	0.0090	0.0084	0.0093	0.0069	0.0217	0.0189	0.0153	0.0163	0.0139	0.0073	0.0181	0.0006	0.0094	0.0086	0.0149	0.0116	0.0112	0.0090	0.0005	0.0134	0.0176	0.0147	0.0172	0.0076	0.0142	0.0075	0.0136	0.0060	0.0162	0.0214	0.0184	0.0183	0.0018	0.0145	0.0150	0.0054	0.0023	0.0084	0.0075	0.0005	0.0127	0.0193	0.0189	0.0037	0.0102	0.0221	0.0225	0.0094	0.0145	0.0089	0.0013	0.0041	0.0020	0.0125	0.0062	0.0167	0.0091	0.0038	0.0127	0.0106	0.0054	0.0093	0.0032	0.0189	0.0090	0.0207	0.0195	0.0130	0.0108	0.0109	0.0165	0.0053	0.0020	0.0000	0.0193	0.0183	0.0229	0.0136	0.0167	
0.0168	0.0071	0.0035	0.0138	0.0052	0.0200	0.0186	0.0193	0.0056	0.0075	0.0012	0.0166	0.0183	0.0145	0.0162	0.0184	0.0055	0.0170	0.0215	0.0155	0.0129	0.0011	0.0035	0.0213	0.0046	0.0183	0.0135	0.0020	0.0023	0.0180	0.0087	0.0209	0.0135	0.0078	0.0209	0.0045	0.0015	0.0173	0.0181	0.0032	0.0157	0.0030	0.0135	0.0084	0.0109	0.0157	0.0167	0.0110	0.0088	0.0045	0.0133	0.0028	0.0241	0.0010	0.0057	0.0171	0.0042	0.0042	0.0065	0.0102	0.0196	0.0149	0.0146	0.0099	0.0000	0.0041	0.0031	0.0112	0.0200	0.0126	0.0161	0.0103	0.0183	0.0174	0.0026	0.0098	0.0100	0.0183	0.0092	0.0097	0.0014	0.0083	0.0164	0.0196	0.0041	0.0065	0.0168	0.0154	0.0037	0.0030	
0.0009	0.0147	0.0083	0.0108	0.0027	0.0201	0.0107	0.0041	0.0067	0.0052	0.0128	0.0041	0.0106	0.0150	0.0088	0.0045	0.0052	0.0026	0.0185	0.0150	0.0059	0.0074	0.0117	0.0170	0.0075	0.0137	0.0138	0.0141	0.0055	0.0142	0.0063	0.0115	0.0072	0.0132	0.0096	0.0153	0.0201	0.0065	0.0121	0.0039	0.0217	0.0040	0.0090	0.0025	0.0153	0.0164	0.0158	0.0186	0.0095	0.0193	0.0173	0.0136	0.0162	0.0063	0.0179	0.0137	0.0034	0.0114	0.0016	0.0092	0.0170	0.0120	0.0170	0.0114	0.0165	0.0019	0.0177	0.0167	0.0080	0.0140	0.0045	0.0186	0.0081	0.0137	0.0134	0.0014	0.0189	0.0116	0.0011	0.0102	0.0157	0.0015	0.0059	0.0068	0.0155	0.0126	0.0144	0.0202	0.0190	0.0140	
0.0131	0.0083	0.0050	0.0042	0.0038	0.0059	0.0080	0.0185	0.0027	0.0131	0.0002	0.0162	0.0087	0.0153	0.0136	0.0015	0.0052	0.0195	0.0111	0.0141	0.0161	0.0126	0.0084	0.0111	0.0120	0.0191	0.0060	0.0093	0.0184	0.0065	0.0057	0.0189	0.0185	0.0120	0.0202	0.0142	0.0143	0.0046	0.0100	0.0124	0.0162	0.0016	0.0085	0.0062	0.0098	0.0008	0.0126	0.0103	0.0140	0.0136	0.0064	0.0163	0.0098	0.0030	0.0212	0.0020	0.0208	0.0148	0.0102	0.0053	0.0169	0.0173	0.0178	0.0154	0.0079	0.0028	0.0194	0.0162	0.0182	0.0207	0.0077	0.0005	0.0089	0.0192	0.0008	0.0146	0.0034	0.0035	0.0012	0.0105	0.0060	0.0201	0.0170	0.0055	0.0217	0.0093	0.0078	0.0178	0.0141	0.0162	
0.0162	0.0187	0.0130	0.0065	0.0141	0.0203	0.0051	0.0159	0.0162	0.0066	0.0029	0.0164	0.0110	0.0140	0.0053	0.0074	0.0080	0.0096	0.0024	0.0046	0.0200	0.0192	0.0114	0.0015	0.0211	0.0232	0.0003	0.0121	0.0173	0.0002	0.0150	0.0027	0.0026	0.0019	0.0037	0.0082	0.0090	0.0033	0.0066	0.0048	0.0130	0.0105	0.0072	0.0152	0.0085	0.0114	0.0077	0.0032	0.0006	0.0149	0.0011	0.0204	0.0174	0.0096	0.0216	0.0211	0.0083	0.0134	0.0057	0.0139	0.0162	0.0122	0.0171	0.0165	0.0117	0.0003	0.0152	0.0101	0.0121	0.0209	0.0198	0.0053	0.0025	0.0191	0.0132	0.0084	0.0114	0.0207	0.0132	0.0087	0.0132	0.0211	0.0121	0.0036	0.0228	0.0171	0.0083	0.0151	0.0048	0.0039	
0.0008	0.0140	0.0149	0.0134	0.0073	0.0194	0.0154	0.0118	0.0008	0.0066	0.0194	0.0131	0.0096	0.0032	0.0119	0.0174	0.0149	0.0153	0.0147	0.0083	0.0091	0.0094	0.0154	0.0159	0.0193	0.0178	0.0004	0.0100	0.0170	0.0143	0.0114	0.0003	0.0046	0.0062	0.0175	0.0019	0.0077	0.0074	0.0094	0.0180	0.0151	0.0163	0.0165	0.0048	0.0096	0.0143	0.0061	0.0082	0.0091	0.0025	0.0148	0.0112	0.0183	0.0136	0.0154	0.0111	0.0187	0.0201	0.0099	0.0078	0.0162	0.0031	0.0125	0.0032	0.0117	0.0159	0.0122	0.0036	0.0072	0.0123	0.0076	0.0089	0.0052	0.0178	0.0149	0.0103	0.0123	0.0134	0.0061	0.0032	0.0114	0.0154	0.0031	0.0148	0.0201	0.0189	0.0026	0.0119	0.0119	0.0035	
0.0039	0.0091	0.0155	0.0021	0.0206	0.0118	0.0075	0.0171	0.0062	0.0125	0.0053	0.0017	0.0183	0.0157	0.0124	0.0131	0.0075	0.0207	0.0184	0.0031	0.0005	0.0057	0.0106	0.0099	0.0180	0.0049	0.0158	0.0156	0.0054	0.0144	0.0164	0.0015	0.0095	0.0041	0.0103	0.0188	0.0152	0.0029	0.0015	0.0105	0.0045	0.0179	0.0050	0.0170	0.0204	0.0104	0.0143	0.0075	0.0020	0.0100	0.0108	0.0052	0.0148	0.0121	0.0042	0.0206	0.0224	0.0067	0.0048	0.0145	0.0106	0.0127	0.0103	0.0120	0.0147	0.0029	0.0137	0.0153	0.0089	0.0147	0.0164	0.0058	0.0208	0.0099	0.0002	0.0031	0.0244	0.0189	0.0089	0.0052	0.0123	0.0201	0.0182	0.0184	0.0059	0.0103	0.0083	0.0274	0.0011	0.0094	
0.0020	0.0077	0.0194	0.0097	0.0210	0.0173	0.0110	0.0158	0.0158	0.0169	0.0227	0.0202	0.0187	0.0090	0.0124	0.0093	0.0097	0.0042	0.0119	0.0008	0.0232	0.0021	0.0153	0.0006	0.0025	0.0191	0.0145	0.0141	0.0083	0.0107	0.0171	0.0148	0.0154	0.0006	0.0148	0.0118	0.0093	0.0094	0.0128	0.0089	0.0172	0.0081	0.0011	0.0171	0.0075	0.0152	0.0195	0.0088	0.0069	0.0198	0.0006	0.0053	0.0121	0.0005	0.0119	0.0001	0.0153	0.0206	0.0059	0.0026	0.0213	0.0198	0.0067	0.0067	0.0017	0.0074	0.0052	0.0192	0.0189	0.0247	0.0006	0.0004	0.0143	0.0037	0.0079	0.0148	0.0009	0.0009	0.0150	0.0099	0.0222	0.0093	0.0087	0.0116	0.0116	0.0124	0.0022	0.0176	0.0137	0.0135	
0.0181	0.0106	0.0025	0.0103	0.0090	0.0217	0.0014	0.0192	0.0087	0.0188	0.0112	0.0155	0.0105	0.0052	0.0158	0.0003	0.0126	0.0078	0.0140	0.0154	0.0212	0.0142	0.0027	0.0170	0.0030	0.0121	0.0070	0.0146	0.0195	0.0100	0.0056	0.0125	0.0047	0.0043	0.0015	0.0096	0.0224	0.0022	0.0156	0.0141	0.0152	0.0055	0.0088	0.0165	0.0210	0.0192	0.0176	0.0017	0.0153	0.0106	0.0164	0.0159	0.0004	0.0169	0.0164	0.0080	0.0097	0.0069	0.0055	0.0179	0.0090	0.0072	0.0212	0.0012	0.0117	0.0180	0.0174	0.0063	0.0047	0.0073	0.0022	0.0138	0.0141	0.0032	0.0062	0.0172	0.0039	0.0101	0.0145	0.0028	0.0171	0.0113	0.0032	0.0089	0.0170	0.0106	0.0105	0.0151	0.0114	0.0151	
0.0029	0.0141	0.0185	0.0269	0.0024	0.0081	0.0097	0.0108	0.0194	0.0017	0.0074	0.0115	0.0189	0.0075	0.0080	0.0102	0.0051	0.0223	0.0113	0.0215	0.0051	0.0268	0.0090	0.0049	0.0007	0.0008	0.0027	0.0125	0.0097	0.0066	0.0101	0.0055	0.0169	0.0123	0.0062	0.0113	0.0215	0.0134	0.0015	0.0007	0.0108	0.0185	0.0125	0.0208	0.0214	0.0068	0.0144	0.0228	0.0017	0.0081	0.0056	0.0163	0.0029	0.0173	0.0152	0.0047	0.0057	0.0162	0.0186	0.0017	0.0032	0.0209	0.0255	0.0159	0.0136	0.0016	0.0222	0.0078	0.0029	0.0239	0.0148	0.0183	0.0212	0.0101	0.0130	0.0106	0.0126	0.0174	0.0070	0.0181	0.0119	0.0102	0.0125	0.0019	0.0007	0.0200	0.0021	0.0004	0.0008	0.0008	
0.0056	0.0037	0.0132	0.0217	0.0204	0.0135	0.0176	0.0218	0.0014	0.0158	0.0120	0.0035	0.0134	0.0041	0.0127	0.0158	0.0173	0.0162	0.0024	0.0018	0.0160	0.0138	0.0051	0.0037	0.0129	0.0164	0.0049	0.0165	0.0149	0.0165	0.0226	0.0187	0.0052	0.0016	0.0139	0.0085	0.0237	0.0153	0.0106	0.0007	0.0163	0.0120	0.0119	0.0114	0.0060	0.0053	0.0142	0.0061	0.0089	0.0098	0.0168	0.0082	0.0207	0.0212	0.0075	0.0160	0.0230	0.0116	0.0069	0.0020	0.0051	0.0234	0.0045	0.0036	0.0134	0.0139	0.0225	0.0123	0.0142	0.0054	0.0122	0.0015	0.0043	0.0018	0.0109	0.0034	0.0004	0.0174	0.0155	0.0058	0.0033	0.0019	0.0123	0.0056	0.0006	0.0129	0.0186	0.0095	0.0146	0.0175	
0.0113	0.0115	0.0081	0.0096	0.0184	0.0169	0.0092	0.0088	0.0114	0.0122	0.0079	0.0008	0.0118	0.0029	0.0164	0.0211	0.0050	0.0196	0.0093	0.0030	0.0169	0.0039	0.0112	0.0029	0.0225	0.0038	0.0077	0.0197	0.0037	0.0053	0.0186	0.0144	0.0161	0.0187	0.0185	0.0024	0.0179	0.0159	0.0064	0.0234	0.0189	0.0146	0.0026	0.0076	0.0216	0.0023	0.0112	0.0088	0.0118	0.0042	0.0071	0.0017	0.0214	0.0158	0.0022	0.0085	0.0250	0.0060	0.0090	0.0151	0.0058	0.0120	0.0049	0.0087	0.0148	0.0149	0.0058	0.0148	0.0090	0.0148	0.0033	0.0126	0.0130	0.0120	0.0094	0.0018	0.0009	0.0056	0.0030	0.0174	0.0155	0.0008	0.0114	0.0229	0.0232	0.0168	0.0143	0.0044	0.0173	0.0084	
0.0029	0.0109	0.0060	0.0146	0.0161	0.0074	0.0091	0.0194	0.0070	0.0059	0.0246	0.0125	0.0213	0.0174	0.0005	0.0258	0.0129	0.0107	0.0051	0.0002	0.0081	0.0205	0.0021	0.0144	0.0246	0.0047	0.0000	0.0048	0.0130	0.0015	0.0015	0.0018	0.0161	0.0008	0.0148	0.0154	0.0066	0.0183	0.0224	0.0053	0.0200	0.0073	0.0173	0.0249	0.0239	0.0180	0.0015	0.0156	0.0236	0.0017	0.0035	0.0067	0.0215	0.0232	0.0015	0.0098	0.0105	0.0173	0.0130	0.0100	0.0072	0.0066	0.0073	0.0102	0.0034	0.0176	0.0253	0.0206	0.0077	0.0068	0.0126	0.0226	0.0138	0.0014	0.0099	0.0007	0.0002	0.0048	0.0121	0.0023	0.0042	0.0142	0.0086	0.0108	0.0256	0.0190	0.0032	0.0027	0.0182	0.0027	
0.0063	0.0133	0.0026	0.0102	0.0215	0.0109	0.0004	0.0076	0.0066	0.0035	0.0235	0.0015	0.0050	0.0102	0.0067	0.0128	0.0170	0.0230	0.0081	0.0004	0.0084	0.0042	0.0192	0.0110	0.0051	0.0148	0.0128	0.0141	0.0129	0.0063	0.0173	0.0190	0.0134	0.0041	0.0260	0.0002	0.0148	0.0163	0.0034	0.0295	0.0001	0.0145	0.0103	0.0126	0.0048	0.0003	0.0026	0.0147	0.0209	0.0122	0.0166	0.0048	0.0131	0.0249	0.0195	0.0042	0.0190	0.0139	0.0049	0.0005	0.0134	0.0048	0.0193	0.0054	0.0067	0.0004	0.0050	0.0003	0.0131	0.0075	0.0145	0.0293	0.0215	0.0094	0.0006	0.0197	0.0173	0.0092	0.0053	0.0035	0.0180	0.0088	0.0252	0.0008	0.0135	0.0090	0.0045	0.0319	0.0072	0.0164	
0.0073	0.0012	0.0127	0.0038	0.0099	0.0238	0.0236	0.0069	0.0001	0.0042	0.0230	0.0025	0.0218	0.0122	0.0134	0.0252	0.0126	0.0045	0.0236	0.0007	0.0126	0.0075	0.0031	0.0029	0.0073	0.0075	0.0044	0.0174	0.0183	0.0022	0.0203	0.0063	0.0119	0.0205	0.0027	0.0185	0.0115	0.0127	0.0022	0.0049	0.0248	0.0100	0.0103	0.0049	0.0095	0.0147	0.0071	0.0100	0.0117	0.0163	0.0190	0.0007	0.0012	0.0119	0.0072	0.0012	0.0245	0.0117	0.0170	0.0022	0.0148	0.0024	0.0131	0.0207	0.0077	0.0141	0.0164	0.0014	0.0109	0.0210	0.0114	0.0275	0.0022	0.0185	0.0049	0.0017	0.0239	0.0247	0.0158	0.0157	0.0007	0.0264	0.0087	0.0032	0.0062	0.0201	0.0044	0.0003	0.0159	0.0012	
0.0167	0.0004	0.0137	0.0000	0.0114	0.0159	0.0183	0.0112	0.0115	0.0148	0.0002	0.0033	0.0167	0.0116	0.0019	0.0205	0.0179	0.0059	0.0053	0.0032	0.0037	0.0215	0.0126	0.0037	0.0013	0.0140	0.0117	0.0065	0.0146	0.0102	0.0084	0.0128	0.0067	0.0072	0.0197	0.0087	0.0055	0.0015	0.0041	0.0122	0.0028	0.0069	0.0028	0.0195	0.0128	0.0150	0.0193	0.0142	0.0003	0.0067	0.0151	0.0174	0.0150	0.0103	0.0199	0.0192	0.0074	0.0116	0.0148	0.0166	0.0197	0.0134	0.0169	0.0040	0.0065	0.0074	0.0177	0.0094	0.0154	0.0126	0.0120	0.0201	0.0013	0.0147	0.0014	0.0184	0.0183	0.0158	0.0090	0.0044	0.0155	0.0018	0.0079	0.0079	0.0170	0.0100	0.0168	0.0221	0.0096	0.0184	
0.0026	0.0147	0.0028	0.0076	0.0116	0.0121	0.0098	0.0208	0.0064	0.0049	0.0234	0.0066	0.0159	0.0068	0.0108	0.0235	0.0165	0.0217	0.0080	0.0006	0.0022	0.0124	0.0192	0.0128	0.0009	0.0161	0.0035	0.0074	0.0101	0.0142	0.0120	0.0186	0.0160	0.0154	0.0117	0.0169	0.0161	0.0114	0.0048	0.0137	0.0072	0.0177	0.0054	0.0065	0.0050	0.0051	0.0037	0.0213	0.0149	0.0172	0.0112	0.0175	0.0094	0.0121	0.0197	0.0116	0.0175	0.0105	0.0058	0.0131	0.0072	0.0027	0.0106	0.0113	0.0107	0.0016	0.0113	0.0001	0.0162	0.0133	0.0045	0.0053	0.0183	0.0171	0.0162	0.0051	0.0064	0.0146	0.0068	0.0133	0.0150	0.0069	0.0165	0.0147	0.0063	0.0128	0.0087	0.0115	0.0008	0.0192	
0.0041	0.0057	0.0063	0.0145	0.0049	0.0044	0.0097	0.0181	0.0114	0.0037	0.0188	0.0040	0.0018	0.0003	0.0113	0.0108	0.0041	0.0146	0.0177	0.0135	0.0071	0.0018	0.0003	0.0136	0.0226	0.0019	0.0077	0.0178	0.0070	0.0022	0.0156	0.0022	0.0210	0.0219	0.0133	0.0002	0.0229	0.0028	0.0152	0.0148	0.0212	0.0133	0.0027	0.0065	0.0002	0.0113	0.0040	0.0169	0.0037	0.0216	0.0100	0.0189	0.0170	0.0102	0.0150	0.0026	0.0061	0.0169	0.0136	0.0030	0.0183	0.0145	0.0096	0.0108	0.0108	0.0153	0.0059	0.0018	0.0115	0.0122	0.0116	0.0015	0.0225	0.0042	0.0182	0.0175	0.0240	0.0171	0.0131	0.0097	0.0211	0.0181	0.0164	0.0107	0.0166	0.0196	0.0093	0.0133	0.0091	0.0098	
0.0163	0.0061	0.0102	0.0117	0.0194	0.0054	0.0038	0.0157	0.0116	0.0077	0.0071	0.0015	0.0047	0.0134	0.0068	0.0105	0.0204	0.0131	0.0141	0.0172	0.0036	0.0130	0.0015	0.0052	0.0052	0.0022	0.0181	0.0191	0.0214	0.0126	0.0069	0.0168	0.0127	0.0011	0.0199	0.0053	0.0160	0.0077	0.0094	0.0176	0.0150	0.0075	0.0221	0.0067	0.0037	0.0174	0.0102	0.0004	0.0025	0.0067	0.0192	0.0204	0.0192	0.0145	0.0076	0.0062	0.0052	0.0057	0.0064	0.0166	0.0073	0.0070	0.0203	0.0016	0.0013	0.0120	0.0104	0.0037	0.0196	0.0020	0.0156	0.0157	0.0026	0.0008	0.0087	0.0230	0.0136	0.0196	0.0015	0.0078	0.0161	0.0288	0.0232	0.0140	0.0200	0.0086	0.0197	0.0043	0.0145	0.0115	
0.0012	0.0075	0.0004	0.0210	0.0072	0.0083	0.0147	0.0283	0.0040	0.0110	0.0109	0.0072	0.0021	0.0003	0.0114	0.0091	0.0175	0.0190	0.0046	0.0104	0.0167	0.0102	0.0026	0.0218	0.0009	0.0102	0.0062	0.0060	0.0065	0.0169	0.0152	0.0079	0.0100	0.0095	0.0010	0.0084	0.0131	0.0074	0.0154	0.0012	0.0097	0.0123	0.0150	0.0114	0.0213	0.0079	0.0218	0.0233	0.0017	0.0101	0.0110	0.0002	0.0285	0.0066	0.0208	0.0157	0.0061	0.0016	0.0129	0.0207	0.0189	0.0045	0.0150	0.0097	0.0176	0.0029	0.0233	0.0157	0.0231	0.0027	0.0197	0.0118	0.0025	0.0031	0.0022	0.0023	0.0203	0.0165	0.0218	0.0167	0.0117	0.0141	0.0046	0.0204	0.0043	0.0173	0.0066	0.0020	0.0182	0.0084	
0.0032	0.0099	0.0146	0.0199	0.0029	0.0031	0.0002	0.0044	0.0100	0.0172	0.0118	0.0027	0.0182	0.0198	0.0119	0.0026	0.0197	0.0205	0.0048	0.0135	0.0216	0.0159	0.0017	0.0222	0.0089	0.0093	0.0002	0.0150	0.0077	0.0043	0.0197	0.0220	0.0208	0.0128	0.0263	0.0082	0.0212	0.0067	0.0003	0.0001	0.0028	0.0130	0.0020	0.0031	0.0062	0.0096	0.0166	0.0063	0.0087	0.0016	0.0163	0.0111	0.0229	0.0013	0.0129	0.0134	0.0101	0.0179	0.0078	0.0173	0.0024	0.0073	0.0209	0.0082	0.0007	0.0133	0.0044	0.0058	0.0007	0.0043	0.0064	0.0162	0.0211	0.0045	0.0119	0.0078	0.0138	0.0241	0.0145	0.0203	0.0164	0.0234	0.0097	0.0061	0.0109	0.0081	0.0211	0.0265	0.0036	0.0090	
0.0002	0.0034	0.0204	0.0068	0.0228	0.0220	0.0178	0.0195	0.0014	0.0147	0.0072	0.0076	0.0046	0.0035	0.0163	0.0064	0.0155	0.0178	0.0120	0.0031	0.0013	0.0114	0.0205	0.0114	0.0003	0.0075	0.0164	0.0123	0.0253	0.0144	0.0169	0.0066	0.0019	0.0138	0.0044	0.0033	0.0188	0.0116	0.0068	0.0223	0.0162	0.0184	0.0210	0.0016	0.0158	0.0066	0.0135	0.0055	0.0123	0.0046	0.0140	0.0064	0.0101	0.0004	0.0094	0.0147	0.0061	0.0105	0.0051	0.0142	0.0226	0.0051	0.0188	0.0087	0.0003	0.0002	0.0086	0.0127	0.0003	0.0148	0.0117	0.0044	0.0106	0.0177	0.0145	0.0070	0.0147	0.0216	0.0165	0.0155	0.0190	0.0219	0.0029	0.0204	0.0017	0.0093	0.0198	0.0024	0.0067	0.0136	
0.0186	0.0065	0.0053	0.0160	0.0193	0.0096	0.0012	0.0130	0.0006	0.0126	0.0250	0.0002	0.0039	0.0162	0.0124	0.0131	0.0184	0.0155	0.0089	0.0014	0.0012	0.0091	0.0105	0.0116	0.0189	0.0048	0.0011	0.0178	0.0074	0.0115	0.0038	0.0060	0.0043	0.0086	0.0184	0.0045	0.0235	0.0127	0.0197	0.0071	0.0057	0.0006	0.0177	0.0047	0.0161	0.0153	0.0106	0.0057	0.0039	0.0136	0.0090	0.0045	0.0154	0.0059	0.0141	0.0131	0.0204	0.0179	0.0151	0.0138	0.0067	0.0030	0.0048	0.0086	0.0078	0.0143	0.0190	0.0157	0.0038	0.0091	0.0115	0.0070	0.0180	0.0034	0.0190	0.0006	0.0138	0.0082	0.0141	0.0008	0.0170	0.0258	0.0196	0.0175	0.0042	0.0220	0.0121	0.0290	0.0178	0.0025	
0.0096	0.0041	0.0151	0.0088	0.0213	0.0023	0.0208	0.0113	0.0130	0.0004	0.0246	0.0150	0.0011	0.0152	0.0208	0.0054	0.0110	0.0113	0.0085	0.0102	0.0009	0.0106	0.0166	0.0191	0.0197	0.0109	0.0055	0.0094	0.0053	0.0114	0.0031	0.0199	0.0180	0.0014	0.0241	0.0079	0.0130	0.0066	0.0044	0.0203	0.0054	0.0023	0.0145	0.0185	0.0013	0.0004	0.0187	0.0006	0.0191	0.0220	0.0081	0.0017	0.0159	0.0095	0.0019	0.0006	0.0080	0.0207	0.0090	0.0108	0.0159	0.0080	0.0041	0.0031	0.0159	0.0043	0.0218	0.0216	0.0178	0.0148	0.0146	0.0050	0.0066	0.0127	0.0057	0.0208	0.0194	0.0018	0.0167	0.0179	0.0140	0.0079	0.0152	0.0067	0.0031	0.0015	0.0033	0.0097	0.0228	0.0204	
0.0012	0.0143	0.0175	0.0175	0.0004	0.0209	0.0229	0.0139	0.0166	0.0168	0.0029	0.0156	0.0043	0.0040	0.0051	0.0054	0.0167	0.0008	0.0035	0.0032	0.0056	0.0064	0.0001	0.0143	0.0189	0.0106	0.0114	0.0177	0.0007	0.0167	0.0010	0.0132	0.0214	0.0180	0.0134	0.0203	0.0091	0.0115	0.0120	0.0119	0.0272	0.0056	0.0036	0.0225	0.0154	0.0188	0.0022	0.0124	0.0013	0.0225	0.0056	0.0027	0.0058	0.0185	0.0175	0.0178	0.0170	0.0036	0.0164	0.0121	0.0035	0.0014	0.0111	0.0022	0.0149	0.0131	0.0197	0.0071	0.0149	0.0065	0.0176	0.0056	0.0111	0.0153	0.0035	0.0227	0.0025	0.0008	0.0191	0.0202	0.0079	0.0050	0.0189	0.0029	0.0134	0.0214	0.0063	0.0037	0.0048	0.0163	
0.0062	0.0046	0.0143	0.0003	0.0066	0.0244	0.0232	0.0015	0.0033	0.0023	0.0018	0.0181	0.0166	0.0164	0.0015	0.0015	0.0140	0.0118	0.0167	0.0158	0.0156	0.0173	0.0034	0.0217	0.0044	0.0255	0.0038	0.0075	0.0125	0.0210	0.0064	0.0187	0.0025	0.0202	0.0255	0.0125	0.0137	0.0095	0.0085	0.0063	0.0046	0.0010	0.0207	0.0194	0.0184	0.0139	0.0099	0.0009	0.0015	0.0116	0.0053	0.0172	0.0134	0.0105	0.0007	0.0142	0.0015	0.0177	0.0152	0.0068	0.0138	0.0093	0.0113	0.0053	0.0161	0.0088	0.0168	0.0200	0.0192	0.0136	0.0116	0.0049	0.0026	0.0097	0.0100	0.0142	0.0206	0.0082	0.0025	0.0136	0.0121	0.0051	0.0062	0.0023	0.0165	0.0130	0.0043	0.0144	0.0237	0.0081	
0.0114	0.0205	0.0138	0.0019	0.0133	0.0173	0.0105	0.0133	0.0002	0.0105	0.0225	0.0078	0.0048	0.0113	0.0189	0.0018	0.0139	0.0009	0.0207	0.0070	0.0195	0.0180	0.0124	0.0052	0.0169	0.0093	0.0033	0.0072	0.0163	0.0051	0.0049	0.0019	0.0155	0.0091	0.0236	0.0130	0.0152	0.0005	0.0190	0.0239	0.0020	0.0041	0.0069	0.0160	0.0146	0.0017	0.0197	0.0151	0.0031	0.0134	0.0188	0.0037	0.0117	0.0148	0.0138	0.0196	0.0083	0.0095	0.0069	0.0018	0.0132	0.0062	0.0227	0.0173	0.0048	0.0168	0.0142	0.0160	0.0139	0.0066	0.0097	0.0166	0.0046	0.0034	0.0075	0.0181	0.0098	0.0209	0.0106	0.0118	0.0128	0.0146	0.0066	0.0017	0.0099	0.0004	0.0112	0.0112	0.0162	0.0027	
0.0066	0.0043	0.0143	0.0182	0.0076	0.0233	0.0042	0.0166	0.0056	0.0172	0.0138	0.0036	0.0010	0.0162	0.0013	0.0077	0.0002	0.0109	0.0057	0.0179	0.0098	0.0101	0.0172	0.0165	0.0140	0.0012	0.0171	0.0183	0.0084	0.0050	0.0090	0.0052	0.0171	0.0109	0.0006	0.0065	0.0257	0.0076	0.0196	0.0128	0.0141	0.0178	0.0133	0.0210	0.0028	0.0062	0.0100	0.0113	0.0001	0.0032	0.0002	0.0018	0.0031	0.0008	0.0200	0.0220	0.0113	0.0239	0.0042	0.0059	0.0228	0.0077	0.0071	0.0022	0.0077	0.0066	0.0092	0.0115	0.0171	0.0175	0.0061	0.0191	0.0158	0.0186	0.0100	0.0168	0.0218	0.0238	0.0119	0.0058	0.0152	0.0170	0.0243	0.0052	0.0068	0.0065	0.0019	0.0247	0.0159	0.0021	
0.0168	0.0018	0.0024	0.0133	0.0102	0.0045	0.0113	0.0109	0.0062	0.0138	0.0205	0.0165	0.0117	0.0044	0.0157	0.0077	0.0098	0.0061	0.0125	0.0016	0.0024	0.0102	0.0040	0.0184	0.0129	0.0082	0.0053	0.0013	0.0168	0.0032	0.0041	0.0121	0.0132	0.0126	0.0196	0.0036	0.0114	0.0170	0.0059	0.0051	0.0025	0.0063	0.0114	0.0169	0.0066	0.0138	0.0182	0.0148	0.0084	0.0184	0.0128	0.0152	0.0046	0.0143	0.0226	0.0087	0.0188	0.0038	0.0156	0.0023	0.0159	0.0089	0.0127	0.0038	0.0100	0.0072	0.0046	0.0189	0.0073	0.0139	0.0159	0.0131	0.0204	0.0076	0.0175	0.0158	0.0195	0.0088	0.0108	0.0172	0.0099	0.0160	0.0139	0.0191	0.0097	0.0090	0.0061	0.0221	0.0146	0.0086	
0.0066	0.0067	0.0199	0.0050	0.0085	0.0169	0.0184	0.0108	0.0035	0.0178	0.0130	0.0178	0.0058	0.0150	0.0010	0.0038	0.0165	0.0182	0.0173	0.0041	0.0120	0.0113	0.0109	0.0018	0.0137	0.0040	0.0120	0.0134	0.0171	0.0038	0.0012	0.0064	0.0054	0.0188	0.0076	0.0100	0.0151	0.0154	0.0005	0.0083	0.0013	0.0097	0.0051	0.0150	0.0086	0.0134	0.0094	0.0237	0.0223	0.0068	0.0123	0.0112	0.0056	0.0112	0.0233	0.0193	0.0188	0.0221	0.0106	0.0043	0.0190	0.0012	0.0143	0.0001	0.0161	0.0055	0.0159	0.0077	0.0103	0.0141	0.0109	0.0002	0.0182	0.0094	0.0029	0.0012	0.0057	0.0216	0.0134	0.0208	0.0161	0.0224	0.0169	0.0111	0.0138	0.0123	0.0007	0.0183	0.0013	0.0093	
0.0130	0.0141	0.0032	0.0167	0.0083	0.0225	0.0182	0.0050	0.0110	0.0026	0.0218	0.0005	0.0079	0.0063	0.0136	0.0141	0.0137	0.0163	0.0076	0.0145	0.0130	0.0192	0.0033	0.0122	0.0087	0.0016	0.0045	0.0020	0.0096	0.0064	0.0045	0.0202	0.0053	0.0010	0.0192	0.0134	0.0185	0.0171	0.0005	0.0039	0.0039	0.0002	0.0033	0.0112	0.0190	0.0141	0.0078	0.0089	0.0158	0.0191	0.0136	0.0049	0.0070	0.0048	0.0182	0.0169	0.0129	0.0118	0.0062	0.0065	0.0137	0.0171	0.0157	0.0069	0.0143	0.0006	0.0157	0.0075	0.0098	0.0208	0.0142	0.0180	0.0166	0.0042	0.0126	0.0137	0.0156	0.0139	0.0109	0.0121	0.0136	0.0222	0.0078	0.0113	0.0128	0.0198	0.0113	0.0014	0.0052	0.0198	
0.0033	0.0062	0.0115	0.0148	0.0104	0.0093	0.0053	0.0198	0.0085	0.0183	0.0004	0.0156	0.0170	0.0135	0.0021	0.0008	0.0100	0.0026	0.0118	0.0024	0.0032	0.0224	0.0169	0.0145	0.0141	0.0164	0.0064	0.0037	0.0183	0.0171	0.0097	0.0156	0.0020	0.0101	0.0208	0.0094	0.0047	0.0010	0.0152	0.0078	0.0104	0.0181	0.0013	0.0161	0.0136	0.0137	0.0001	0.0144	0.0100	0.0129	0.0087	0.0100	0.0110	0.0035	0.0213	0.0054	0.0107	0.0206	0.0011	0.0143	0.0214	0.0013	0.0001	0.0128	0.0085	0.0067	0.0206	0.0068	0.0188	0.0133	0.0158	0.0117	0.0089	0.0056	0.0157	0.0060	0.0210	0.0039	0.0015	0.0177	0.0175	0.0224	0.0182	0.0056	0.0122	0.0206	0.0037	0.0260	0.0130	0.0123	
0.0013	0.0081	0.0228	0.0026	0.0077	0.0090	0.0231	0.0127	0.0032	0.0067	0.0228	0.0140	0.0156	0.0181	0.0157	0.0005	0.0032	0.0056	0.0100	0.0132	0.0094	0.0070	0.0167	0.0033	0.0213	0.0049	0.0055	0.0167	0.0032	0.0132	0.0040	0.0247	0.0147	0.0078	0.0156	0.0108	0.0121	0.0057	0.0225	0.0117	0.0103	0.0096	0.0003	0.0197	0.0024	0.0033	0.0020	0.0255	0.0141	0.0128	0.0174	0.0226	0.0147	0.0031	0.0052	0.0193	0.0160	0.0228	0.0051	0.0026	0.0012	0.0035	0.0079	0.0128	0.0030	0.0217	0.0009	0.0083	0.0061	0.0059	0.0125	0.0246	0.0067	0.0236	0.0054	0.0246	0.0067	0.0248	0.0009	0.0164	0.0028	0.0100	0.0054	0.0162	0.0217	0.0051	0.0088	0.0141	0.0038	0.0189	
0.0158	0.0114	0.0000	0.0172	0.0073	0.0046	0.0024	0.0100	0.0095	0.0035	0.0023	0.0120	0.0124	0.0055	0.0165	0.0196	0.0130	0.0114	0.0173	0.0040	0.0106	0.0138	0.0140	0.0102	0.0200	0.0136	0.0141	0.0115	0.0153	0.0165	0.0106	0.0113	0.0032	0.0087	0.0078	0.0166	0.0187	0.0072	0.0115	0.0005	0.0197	0.0147	0.0067	0.0172	0.0112	0.0071	0.0130	0.0187	0.0148	0.0187	0.0088	0.0153	0.0128	0.0186	0.0049	0.0046	0.0179	0.0097	0.0136	0.0129	0.0055	0.0097	0.0138	0.0126	0.0106	0.0107	0.0115	0.0036	0.0183	0.0001	0.0007	0.0067	0.0197	0.0163	0.0071	0.0155	0.0064	0.0190	0.0162	0.0110	0.0010	0.0006	0.0194	0.0175	0.0097	0.0143	0.0172	0.0055	0.0050	0.0024	
0.0015	0.0088	0.0102	0.0176	0.0168	0.0093	0.0021	0.0157	0.0017	0.0004	0.0212	0.0052	0.0169	0.0115	0.0132	0.0053	0.0168	0.0182	0.0107	0.0076	0.0195	0.0214	0.0095	0.0047	0.0131	0.0045	0.0072	0.0128	0.0056	0.0134	0.0159	0.0065	0.0135	0.0138	0.0241	0.0107	0.0187	0.0167	0.0027	0.0296	0.0179	0.0125	0.0156	0.0223	0.0159	0.0101	0.0017	0.0050	0.0005	0.0060	0.0143	0.0033	0.0133	0.0197	0.0050	0.0041	0.0244	0.0068	0.0052	0.0101	0.0202	0.0092	0.0098	0.0044	0.0047	0.0098	0.0125	0.0019	0.0146	0.0045	0.0069	0.0265	0.0171	0.0107	0.0190	0.0080	0.0028	0.0119	0.0068	0.0002	0.0039	0.0097	0.0201	0.0228	0.0028	0.0102	0.0128	0.0037	0.0091	0.0151	
0.0133	0.0096	0.0121	0.0159	0.0027	0.0076	0.0049	0.0145	0.0108	0.0043	0.0012	0.0200	0.0083	0.0152	0.0169	0.0209	0.0115	0.0025	0.0210	0.0183	0.0018	0.0095	0.0146	0.0075	0.0067	0.0134	0.0085	0.0089	0.0023	0.0181	0.0191	0.0103	0.0100	0.0017	0.0144	0.0184	0.0077	0.0185	0.0088	0.0132	0.0026	0.0109	0.0212	0.0059	0.0197	0.0039	0.0201	0.0003	0.0039	0.0047	0.0175	0.0107	0.0046	0.0155	0.0157	0.0055	0.0167	0.0055	0.0064	0.0113	0.0161	0.0158	0.0099	0.0139	0.0059	0.0133	0.0122	0.0074	0.0040	0.0219	0.0120	0.0149	0.0149	0.0084	0.0152	0.0112	0.0104	0.0114	0.0079	0.0024	0.0145	0.0125	0.0060	0.0196	0.0230	0.0089	0.0048	0.0170	0.0099	0.0072	
0.0045	0.0022	0.0126	0.0189	0.0159	0.0077	0.0026	0.0054	0.0187	0.0069	0.0136	0.0108	0.0184	0.0057	0.0138	0.0067	0.0177	0.0177	0.0205	0.0024	0.0185	0.0052	0.0168	0.0054	0.0184	0.0062	0.0099	0.0114	0.0165	0.0196	0.0087	0.0180	0.0174	0.0182	0.0148	0.0101	0.0009	0.0179	0.0136	0.0103	0.0084	0.0038	0.0116	0.0015	0.0097	0.0044	0.0140	0.0002	0.0062	0.0140	0.0125	0.0099	0.0157	0.0075	0.0113	0.0229	0.0063	0.0073	0.0015	0.0106	0.0188	0.0140	0.0108	0.0003	0.0193	0.0166	0.0141	0.0209	0.0132	0.0032	0.0059	0.0010	0.0028	0.0108	0.0158	0.0150	0.0147	0.0159	0.0168	0.0127	0.0139	0.0105	0.0061	0.0020	0.0082	0.0205	0.0016	0.0130	0.0075	0.0148	
0.0043	0.0146	0.0151	0.0048	0.0131	0.0199	0.0139	0.0138	0.0020	0.0125	0.0143	0.0120	0.0090	0.0024	0.0078	0.0133	0.0068	0.0055	0.0132	0.0167	0.0068	0.0129	0.0108	0.0096	0.0193	0.0086	0.0054	0.0084	0.0156	0.0194	0.0180	0.0016	0.0116	0.0168	0.0239	0.0115	0.0087	0.0194	0.0194	0.0258	0.0002	0.0025	0.0140	0.0040	0.0007	0.0185	0.0009	0.0028	0.0166	0.0208	0.0126	0.0179	0.0222	0.0111	0.0108	0.0165	0.0041	0.0062	0.0067	0.0038	0.0103	0.0056	0.0204	0.0029	0.0148	0.0103	0.0018	0.0119	0.0042	0.0185	0.0038	0.0105	0.0071	0.0141	0.0182	0.0046	0.0220	0.0084	0.0080	0.0182	0.0084	0.0060	0.0183	0.0191	0.0097	0.0211	0.0024	0.0039	0.0087	0.0053	

Emissions
0.1655	0.0546	0.2411	0.3651	0.1736	
0.2315	0.1327	0.2370	0.1199	0.2789	
0.1658	0.1667	0.2618	0.2199	0.1858	
0.0905	0.3516	0.1432	0.3137	0.1009	
0.1504	0.2633	0.2291	0.1119	0.2453	
0.0614	0.2330	0.0292	0.2589	0.4175	
0.1349	0.3907	0.0412	0.3360	0.0971	
0.0398	0.5688	0.2638	0.1063	0.0213	
0.4022	0.1690	0.0253	0.3916	0.0119	
0.2120	0.1718	0.4327	0.0633	0.1203	
0.0944	0.4258	0.2120	0.0691	0.1987	
0.2942	0.1522	0.0147	0.4815	0.0573	
0.1791	0.1053	0.4428	0.2254	0.0474	
0.3956	0.1986	0.0011	0.2121	0.1927	
0.1360	0.0716	0.0570	0.3997	0.3357	
0.0780	0.2525	0.2606	0.1026	0.3062	
0.2584	0.2098	0.2542	0.1581	0.1195	
0.1078	0.1697	0.2919	0.1338	0.2968	
0.1637	0.2767	0.1367	0.2423	0.1806	
0.1780	0.2775	0.2506	0.2407	0.0532	
0.1982	0.1332	0.1563	0.2494	0.2628	
0.0531	0.2516	0.2360	0.2121	0.2472	
0.2450	0.2514	0.3116	0.0348	0.1572	
0.1624	0.1386	0.0730	0.2826	0.3435	
0.1408	0.1970	0.1829	0.2201	0.2592	
0.1378	0.2941	0.0290	0.3392	0.1998	
0.5037	0.0102	0.0645	0.2077	0.2140	
0.1754	0.1565	0.1538	0.2867	0.2276	
0.1152	0.1822	0.2710	0.1146	0.3171	
0.1136	0.1995	0.2559	0.3709	0.0601	
0.1593	0.2005	0.3426	0.0826	0.2151	
0.0230	0.3305	0.2450	0.2741	0.1274	
0.3412	0.3791	0.0241	0.2103	0.0452	
0.2442	0.1546	0.1192	0.2631	0.2188	
0.0611	0.3530	0.1301	0.1021	0.3538	
0.1799	0.1802	0.3003	0.2052	0.1344	
0.0539	0.0787	0.1302	0.2814	0.4558	
0.1603	0.0452	0.3906	0.3076	0.0963	
0.2707	0.2357	0.1760	0.1163	0.2012	
0.0299	0.2421	0.2257	0.1444	0.3579	
0.0252	0.4335	0.2521	0.0804	0.2088	
0.2607	0.0188	0.2238	0.2235	0.2733	
0.1255	0.3456	0.3241	0.1283	0.0765	
0.1100	0.1947	0.1039	0.1628	0.4286	
0.1772	0.2135	0.2293	0.1356	0.2443	
0.2258	0.2115	0.0315	0.2800	0.2513	
0.0962	0.3789	0.1927	0.2278	0.1045	
0.1888	0.4614	0.0516	0.1214	0.1768	
0.0632	0.2648	0.1232	0.2553	0.2935	
0.0381	0.3905	0.4984	0.0645	0.0086	
0.1817	0.1102	0.4132	0.2158	0.0790	
0.2330	0.1589	0.1025	0.2703	0.2353	
0.0444	0.4022	0.2130	0.2771	0.0633	
0.2794	0.1291	0.0610	0.0891	0.4414	
0.0562	0.3067	0.0881	0.1813	0.3677	
0.0505	0.0660	0.3120	0.2905	0.2811	
0.0395	0.1631	0.2530	0.1705	0.3740	
0.0404	0.3266	0.2687	0.1393	0.2249	
0.2867	0.1578	0.2490	0.2021	0.1045	
0.1420	0.0065	0.2239	0.3163	0.3113	
0.2409	0.1890	0.2539	0.0685	0.2478	
0.1310	0.0500	0.3252	0.0681	0.4257	
0.1714	0.3547	0.1986	0.0887	0.1866	
0.2024	0.0063	0.2496	0.2869	0.2547	
0.2882	0.1518	0.2708	0.2755	0.0137	
0.3040	0.3798	0.2503	0.0522	0.0136	
0.0294	0.2325	0.2882	0.2068	0.2431	
0.1748	0.2250	0.1922	0.2542	0.1539	
0.0738	0.1548	0.4048	0.3069	0.0597	
0.0851	0.3483	0.0701	0.3602	0.1364	
0.1433	0.1398	0.3059	0.3494	0.0616	
0.0877	0.3447	0.0782	0.0384	0.4510	
0.1573	0.2186	0.2535	0.0414	0.3291	
0.2158	0.2638	0.1730	0.1875	0.1599	
0.2730	0.1342	0.2809	0.0588	0.2531	
0.0868	0.1545	0.2763	0.1056	0.3767	
0.0324	0.2940	0.2292	0.1907	0.2537	
0.1294	0.3126	0.0233	0.1535	0.3812	
0.2726	0.1569	0.1710	0.3506	0.0488	
0.1669	0.2820	0.2376	0.2448	0.0686	
0.1444	0.0973	0.2735	0.1353	0.3495	
0.0249	0.3064	0.2696	0.0336	0.3655	
0.1104	0.0875	0.3578	0.1550	0.2892	
0.1781	0.2308	0.2535	0.1249	0.2127	
0.0227	0.2444	0.2718	0.2364	0.2247	
0.1184	0.2403	0.1953	0.2328	0.2132	
0.2526	0.2712	0.3385	0.0638	0.0738	
0.0152	0.2040	0.2798	0.1421	0.3589	
0.1906	0.1644	0.0005	0.4920	0.1525	
0.2943	0.3274	0.0484	0.0954	0.2344	
