DataSet 43
Learner: Baum Welch Learner
Log Likelihood: 39239.0796731849

Number of States: 100
Number of Symbols: 5
Threshold: 0.01

Initial Distribution:
0.0048	0.0199	0.0053	0.0043	0.0248	0.0037	0.0218	0.0018	0.0024	0.0091	0.0101	0.0244	0.0036	0.0096	0.0133	0.0077	0.0157	0.0034	0.0066	0.0013	0.0037	0.0044	0.0185	0.0002	0.0046	0.0165	0.0093	0.0030	0.0127	0.0068	0.0062	0.0064	0.0075	0.0182	0.0226	0.0088	0.0128	0.0134	0.0231	0.0054	0.0075	0.0024	0.0015	0.0049	0.0233	0.0085	0.0133	0.0050	0.0115	0.0133	0.0091	0.0131	0.0100	0.0043	0.0090	0.0141	0.0152	0.0033	0.0213	0.0049	0.0128	0.0103	0.0142	0.0153	0.0059	0.0001	0.0068	0.0092	0.0126	0.0054	0.0167	0.0115	0.0055	0.0265	0.0112	0.0021	0.0026	0.0072	0.0053	0.0312	0.0004	0.0050	0.0130	0.0162	0.0109	0.0094	0.0030	0.0047	0.0067	0.0105	0.0083	0.0111	0.0170	0.0162	0.0254	0.0021	0.0130	0.0051	0.0005	0.0161	

Transitions:
0.0035	0.0055	0.0155	0.0102	0.0009	0.0219	0.0066	0.0115	0.0135	0.0071	0.0185	0.0039	0.0189	0.0043	0.0031	0.0005	0.0180	0.0119	0.0038	0.0178	0.0196	0.0007	0.0022	0.0151	0.0122	0.0023	0.0191	0.0170	0.0016	0.0076	0.0062	0.0235	0.0128	0.0094	0.0110	0.0157	0.0162	0.0016	0.0166	0.0174	0.0022	0.0187	0.0095	0.0001	0.0002	0.0090	0.0130	0.0153	0.0122	0.0193	0.0029	0.0079	0.0013	0.0051	0.0197	0.0030	0.0039	0.0010	0.0174	0.0175	0.0005	0.0120	0.0074	0.0079	0.0012	0.0214	0.0132	0.0113	0.0117	0.0076	0.0066	0.0186	0.0136	0.0083	0.0145	0.0021	0.0125	0.0024	0.0142	0.0026	0.0143	0.0055	0.0047	0.0041	0.0064	0.0200	0.0191	0.0063	0.0100	0.0109	0.0135	0.0140	0.0040	0.0189	0.0139	0.0095	0.0061	0.0021	0.0214	0.0021	
0.0155	0.0011	0.0009	0.0034	0.0111	0.0067	0.0119	0.0179	0.0088	0.0209	0.0136	0.0016	0.0071	0.0163	0.0082	0.0206	0.0080	0.0070	0.0021	0.0022	0.0017	0.0085	0.0012	0.0026	0.0181	0.0143	0.0192	0.0145	0.0153	0.0045	0.0201	0.0136	0.0038	0.0123	0.0091	0.0096	0.0046	0.0019	0.0125	0.0008	0.0057	0.0064	0.0186	0.0167	0.0175	0.0113	0.0084	0.0115	0.0138	0.0226	0.0020	0.0011	0.0005	0.0214	0.0008	0.0086	0.0002	0.0250	0.0070	0.0168	0.0103	0.0022	0.0169	0.0065	0.0008	0.0025	0.0218	0.0161	0.0055	0.0195	0.0138	0.0071	0.0150	0.0010	0.0176	0.0171	0.0144	0.0105	0.0040	0.0053	0.0101	0.0056	0.0016	0.0178	0.0040	0.0186	0.0114	0.0069	0.0133	0.0029	0.0116	0.0059	0.0165	0.0145	0.0092	0.0025	0.0056	0.0125	0.0142	0.0187	
0.0102	0.0099	0.0045	0.0121	0.0050	0.0185	0.0064	0.0219	0.0145	0.0040	0.0168	0.0090	0.0126	0.0183	0.0111	0.0074	0.0003	0.0053	0.0017	0.0050	0.0155	0.0125	0.0028	0.0026	0.0097	0.0071	0.0128	0.0175	0.0114	0.0121	0.0127	0.0001	0.0191	0.0069	0.0130	0.0133	0.0215	0.0100	0.0076	0.0088	0.0075	0.0125	0.0060	0.0083	0.0050	0.0180	0.0110	0.0170	0.0033	0.0027	0.0021	0.0007	0.0090	0.0075	0.0032	0.0190	0.0090	0.0023	0.0018	0.0150	0.0033	0.0107	0.0059	0.0045	0.0129	0.0178	0.0133	0.0066	0.0030	0.0155	0.0071	0.0106	0.0167	0.0118	0.0162	0.0031	0.0071	0.0166	0.0144	0.0078	0.0241	0.0197	0.0126	0.0089	0.0139	0.0113	0.0115	0.0095	0.0039	0.0204	0.0056	0.0171	0.0073	0.0097	0.0034	0.0133	0.0015	0.0019	0.0171	0.0104	
0.0030	0.0034	0.0120	0.0062	0.0139	0.0142	0.0041	0.0181	0.0070	0.0217	0.0121	0.0122	0.0055	0.0096	0.0010	0.0088	0.0167	0.0237	0.0113	0.0002	0.0061	0.0046	0.0029	0.0049	0.0132	0.0099	0.0036	0.0045	0.0098	0.0031	0.0024	0.0063	0.0225	0.0053	0.0081	0.0134	0.0044	0.0091	0.0124	0.0022	0.0069	0.0203	0.0014	0.0046	0.0061	0.0116	0.0124	0.0214	0.0115	0.0177	0.0178	0.0030	0.0111	0.0183	0.0059	0.0202	0.0011	0.0080	0.0125	0.0041	0.0071	0.0012	0.0053	0.0054	0.0221	0.0073	0.0146	0.0007	0.0189	0.0075	0.0044	0.0097	0.0056	0.0088	0.0134	0.0100	0.0035	0.0206	0.0165	0.0014	0.0270	0.0064	0.0137	0.0136	0.0078	0.0203	0.0157	0.0031	0.0195	0.0124	0.0150	0.0171	0.0155	0.0088	0.0126	0.0046	0.0091	0.0166	0.0070	0.0014	
0.0149	0.0092	0.0188	0.0024	0.0103	0.0082	0.0129	0.0021	0.0014	0.0168	0.0163	0.0020	0.0096	0.0113	0.0053	0.0034	0.0065	0.0183	0.0204	0.0180	0.0157	0.0123	0.0012	0.0082	0.0154	0.0074	0.0173	0.0164	0.0150	0.0074	0.0022	0.0088	0.0141	0.0140	0.0062	0.0077	0.0080	0.0131	0.0014	0.0001	0.0028	0.0168	0.0015	0.0045	0.0140	0.0104	0.0074	0.0048	0.0039	0.0118	0.0196	0.0176	0.0172	0.0094	0.0083	0.0037	0.0101	0.0123	0.0065	0.0033	0.0106	0.0015	0.0052	0.0144	0.0133	0.0100	0.0107	0.0143	0.0040	0.0156	0.0159	0.0161	0.0137	0.0153	0.0145	0.0176	0.0124	0.0196	0.0108	0.0040	0.0017	0.0118	0.0116	0.0042	0.0124	0.0075	0.0097	0.0041	0.0068	0.0043	0.0206	0.0181	0.0047	0.0155	0.0067	0.0008	0.0059	0.0092	0.0109	0.0078	
0.0201	0.0117	0.0004	0.0065	0.0142	0.0023	0.0031	0.0002	0.0113	0.0099	0.0135	0.0107	0.0152	0.0010	0.0032	0.0027	0.0084	0.0026	0.0003	0.0071	0.0217	0.0063	0.0082	0.0005	0.0197	0.0174	0.0100	0.0148	0.0106	0.0141	0.0152	0.0017	0.0086	0.0050	0.0060	0.0095	0.0095	0.0070	0.0086	0.0108	0.0040	0.0095	0.0111	0.0159	0.0094	0.0072	0.0186	0.0044	0.0154	0.0049	0.0104	0.0037	0.0096	0.0038	0.0081	0.0133	0.0043	0.0000	0.0066	0.0155	0.0119	0.0085	0.0088	0.0177	0.0184	0.0117	0.0037	0.0123	0.0132	0.0129	0.0135	0.0029	0.0146	0.0104	0.0032	0.0114	0.0149	0.0125	0.0097	0.0098	0.0230	0.0086	0.0190	0.0052	0.0037	0.0107	0.0128	0.0036	0.0160	0.0150	0.0052	0.0094	0.0199	0.0136	0.0176	0.0142	0.0209	0.0134	0.0019	0.0192	
0.0023	0.0067	0.0095	0.0012	0.0107	0.0092	0.0089	0.0229	0.0004	0.0173	0.0183	0.0115	0.0106	0.0151	0.0145	0.0051	0.0099	0.0053	0.0167	0.0043	0.0223	0.0002	0.0147	0.0004	0.0087	0.0038	0.0039	0.0199	0.0117	0.0075	0.0136	0.0021	0.0098	0.0085	0.0101	0.0115	0.0200	0.0196	0.0133	0.0178	0.0011	0.0167	0.0042	0.0008	0.0171	0.0115	0.0208	0.0048	0.0180	0.0145	0.0038	0.0150	0.0178	0.0187	0.0012	0.0025	0.0131	0.0110	0.0121	0.0072	0.0051	0.0111	0.0057	0.0134	0.0025	0.0172	0.0048	0.0009	0.0052	0.0035	0.0063	0.0146	0.0122	0.0170	0.0034	0.0037	0.0187	0.0168	0.0032	0.0157	0.0059	0.0202	0.0022	0.0188	0.0054	0.0202	0.0028	0.0128	0.0088	0.0092	0.0005	0.0098	0.0052	0.0056	0.0084	0.0103	0.0077	0.0123	0.0190	0.0015	
0.0065	0.0160	0.0179	0.0137	0.0069	0.0111	0.0036	0.0192	0.0116	0.0177	0.0060	0.0141	0.0044	0.0129	0.0030	0.0073	0.0067	0.0091	0.0053	0.0043	0.0139	0.0121	0.0122	0.0168	0.0034	0.0156	0.0079	0.0040	0.0107	0.0111	0.0166	0.0049	0.0187	0.0021	0.0097	0.0068	0.0185	0.0093	0.0089	0.0165	0.0156	0.0036	0.0173	0.0107	0.0015	0.0038	0.0037	0.0116	0.0033	0.0018	0.0028	0.0203	0.0062	0.0140	0.0082	0.0144	0.0052	0.0025	0.0092	0.0096	0.0022	0.0003	0.0070	0.0011	0.0007	0.0014	0.0165	0.0028	0.0032	0.0140	0.0082	0.0193	0.0203	0.0097	0.0096	0.0087	0.0144	0.0015	0.0149	0.0151	0.0159	0.0204	0.0006	0.0086	0.0102	0.0166	0.0182	0.0036	0.0126	0.0184	0.0016	0.0156	0.0183	0.0184	0.0115	0.0134	0.0158	0.0159	0.0109	0.0004	
0.0044	0.0008	0.0068	0.0077	0.0119	0.0047	0.0002	0.0174	0.0029	0.0202	0.0202	0.0034	0.0062	0.0100	0.0168	0.0053	0.0175	0.0233	0.0115	0.0035	0.0038	0.0151	0.0095	0.0061	0.0144	0.0119	0.0001	0.0198	0.0178	0.0131	0.0159	0.0229	0.0124	0.0146	0.0131	0.0121	0.0115	0.0141	0.0141	0.0063	0.0191	0.0035	0.0004	0.0158	0.0152	0.0184	0.0097	0.0096	0.0031	0.0086	0.0152	0.0182	0.0053	0.0079	0.0164	0.0099	0.0114	0.0008	0.0123	0.0005	0.0034	0.0012	0.0144	0.0086	0.0046	0.0007	0.0124	0.0114	0.0142	0.0040	0.0142	0.0065	0.0035	0.0052	0.0059	0.0004	0.0160	0.0164	0.0072	0.0118	0.0045	0.0140	0.0152	0.0096	0.0009	0.0194	0.0140	0.0036	0.0178	0.0067	0.0011	0.0097	0.0002	0.0142	0.0017	0.0150	0.0052	0.0120	0.0112	0.0176	
0.0043	0.0173	0.0121	0.0189	0.0126	0.0078	0.0123	0.0181	0.0008	0.0163	0.0140	0.0147	0.0112	0.0141	0.0192	0.0120	0.0045	0.0076	0.0058	0.0049	0.0077	0.0086	0.0129	0.0087	0.0034	0.0043	0.0053	0.0076	0.0035	0.0097	0.0156	0.0027	0.0046	0.0099	0.0121	0.0056	0.0164	0.0185	0.0151	0.0140	0.0070	0.0128	0.0029	0.0011	0.0111	0.0042	0.0145	0.0043	0.0169	0.0088	0.0088	0.0164	0.0050	0.0055	0.0098	0.0151	0.0042	0.0045	0.0139	0.0086	0.0020	0.0043	0.0149	0.0101	0.0011	0.0106	0.0101	0.0028	0.0033	0.0099	0.0140	0.0078	0.0130	0.0135	0.0197	0.0134	0.0059	0.0136	0.0165	0.0177	0.0080	0.0024	0.0092	0.0122	0.0203	0.0181	0.0167	0.0162	0.0181	0.0183	0.0013	0.0129	0.0024	0.0072	0.0105	0.0020	0.0179	0.0117	0.0001	0.0006	
0.0119	0.0134	0.0004	0.0071	0.0144	0.0031	0.0042	0.0098	0.0067	0.0154	0.0084	0.0106	0.0068	0.0143	0.0003	0.0195	0.0137	0.0018	0.0087	0.0020	0.0137	0.0124	0.0032	0.0059	0.0100	0.0009	0.0044	0.0048	0.0034	0.0151	0.0176	0.0141	0.0128	0.0164	0.0070	0.0148	0.0016	0.0027	0.0179	0.0185	0.0156	0.0076	0.0119	0.0037	0.0086	0.0096	0.0051	0.0071	0.0068	0.0106	0.0057	0.0157	0.0020	0.0187	0.0071	0.0191	0.0104	0.0144	0.0157	0.0143	0.0194	0.0179	0.0064	0.0109	0.0183	0.0138	0.0169	0.0107	0.0080	0.0049	0.0177	0.0134	0.0032	0.0130	0.0079	0.0054	0.0014	0.0213	0.0164	0.0006	0.0154	0.0202	0.0174	0.0109	0.0099	0.0019	0.0115	0.0123	0.0083	0.0091	0.0041	0.0071	0.0056	0.0045	0.0180	0.0150	0.0008	0.0008	0.0059	0.0142	
0.0086	0.0112	0.0172	0.0015	0.0107	0.0150	0.0083	0.0102	0.0078	0.0015	0.0169	0.0077	0.0158	0.0159	0.0157	0.0215	0.0016	0.0196	0.0015	0.0147	0.0027	0.0055	0.0022	0.0000	0.0011	0.0093	0.0080	0.0176	0.0135	0.0084	0.0052	0.0008	0.0146	0.0013	0.0095	0.0010	0.0006	0.0169	0.0149	0.0181	0.0110	0.0050	0.0033	0.0085	0.0093	0.0133	0.0100	0.0092	0.0061	0.0187	0.0137	0.0068	0.0167	0.0101	0.0103	0.0040	0.0119	0.0222	0.0003	0.0021	0.0052	0.0132	0.0093	0.0213	0.0141	0.0186	0.0171	0.0148	0.0049	0.0139	0.0173	0.0059	0.0178	0.0042	0.0058	0.0146	0.0029	0.0158	0.0066	0.0051	0.0017	0.0194	0.0109	0.0150	0.0178	0.0189	0.0012	0.0039	0.0087	0.0085	0.0094	0.0026	0.0142	0.0127	0.0074	0.0135	0.0101	0.0042	0.0110	0.0141	
0.0144	0.0109	0.0039	0.0082	0.0000	0.0081	0.0079	0.0145	0.0021	0.0150	0.0012	0.0130	0.0080	0.0109	0.0014	0.0092	0.0013	0.0192	0.0183	0.0176	0.0172	0.0131	0.0070	0.0167	0.0076	0.0145	0.0110	0.0196	0.0160	0.0092	0.0075	0.0216	0.0047	0.0124	0.0106	0.0076	0.0137	0.0043	0.0134	0.0123	0.0090	0.0088	0.0011	0.0142	0.0048	0.0130	0.0128	0.0035	0.0148	0.0000	0.0135	0.0150	0.0043	0.0139	0.0180	0.0012	0.0055	0.0067	0.0002	0.0031	0.0146	0.0094	0.0133	0.0113	0.0075	0.0032	0.0105	0.0148	0.0171	0.0114	0.0145	0.0171	0.0012	0.0073	0.0086	0.0070	0.0128	0.0143	0.0105	0.0101	0.0041	0.0087	0.0045	0.0156	0.0178	0.0131	0.0139	0.0101	0.0127	0.0126	0.0025	0.0066	0.0037	0.0109	0.0124	0.0159	0.0104	0.0091	0.0074	0.0030	
0.0008	0.0127	0.0037	0.0014	0.0035	0.0226	0.0072	0.0205	0.0025	0.0130	0.0091	0.0092	0.0130	0.0051	0.0003	0.0105	0.0048	0.0010	0.0159	0.0139	0.0125	0.0010	0.0021	0.0071	0.0106	0.0084	0.0177	0.0092	0.0137	0.0086	0.0198	0.0047	0.0071	0.0074	0.0103	0.0053	0.0043	0.0038	0.0095	0.0009	0.0014	0.0277	0.0070	0.0025	0.0025	0.0102	0.0138	0.0212	0.0141	0.0063	0.0140	0.0119	0.0144	0.0160	0.0123	0.0222	0.0145	0.0192	0.0094	0.0113	0.0021	0.0034	0.0017	0.0130	0.0160	0.0065	0.0065	0.0062	0.0101	0.0131	0.0054	0.0020	0.0094	0.0111	0.0098	0.0103	0.0159	0.0000	0.0034	0.0006	0.0287	0.0197	0.0145	0.0084	0.0000	0.0088	0.0089	0.0124	0.0146	0.0164	0.0138	0.0073	0.0125	0.0141	0.0136	0.0153	0.0157	0.0150	0.0093	0.0180	
0.0031	0.0057	0.0079	0.0190	0.0195	0.0109	0.0009	0.0026	0.0015	0.0021	0.0067	0.0143	0.0120	0.0096	0.0196	0.0088	0.0070	0.0168	0.0123	0.0052	0.0200	0.0147	0.0120	0.0173	0.0042	0.0186	0.0095	0.0120	0.0160	0.0141	0.0186	0.0210	0.0130	0.0057	0.0179	0.0113	0.0077	0.0209	0.0080	0.0113	0.0086	0.0061	0.0109	0.0136	0.0077	0.0167	0.0160	0.0045	0.0201	0.0102	0.0107	0.0002	0.0035	0.0038	0.0009	0.0091	0.0150	0.0121	0.0135	0.0010	0.0008	0.0095	0.0065	0.0075	0.0057	0.0088	0.0037	0.0069	0.0109	0.0076	0.0013	0.0081	0.0071	0.0016	0.0175	0.0125	0.0043	0.0205	0.0086	0.0076	0.0044	0.0055	0.0132	0.0060	0.0049	0.0176	0.0160	0.0083	0.0048	0.0108	0.0182	0.0169	0.0060	0.0072	0.0095	0.0186	0.0195	0.0038	0.0081	0.0001	
0.0135	0.0092	0.0143	0.0131	0.0092	0.0030	0.0150	0.0020	0.0066	0.0101	0.0054	0.0160	0.0024	0.0050	0.0218	0.0190	0.0172	0.0013	0.0024	0.0099	0.0162	0.0172	0.0023	0.0010	0.0125	0.0055	0.0023	0.0229	0.0138	0.0205	0.0169	0.0004	0.0140	0.0100	0.0187	0.0181	0.0131	0.0024	0.0191	0.0026	0.0038	0.0162	0.0022	0.0179	0.0058	0.0013	0.0149	0.0013	0.0113	0.0154	0.0016	0.0208	0.0016	0.0235	0.0079	0.0198	0.0073	0.0146	0.0001	0.0037	0.0005	0.0156	0.0103	0.0084	0.0169	0.0048	0.0044	0.0151	0.0084	0.0019	0.0052	0.0180	0.0046	0.0003	0.0066	0.0001	0.0151	0.0077	0.0176	0.0099	0.0145	0.0014	0.0106	0.0201	0.0214	0.0195	0.0219	0.0126	0.0018	0.0010	0.0108	0.0220	0.0021	0.0161	0.0018	0.0097	0.0042	0.0165	0.0024	0.0015	
0.0161	0.0000	0.0133	0.0083	0.0076	0.0090	0.0081	0.0014	0.0095	0.0076	0.0030	0.0003	0.0156	0.0106	0.0104	0.0225	0.0044	0.0171	0.0113	0.0175	0.0070	0.0125	0.0119	0.0066	0.0124	0.0052	0.0170	0.0098	0.0189	0.0123	0.0187	0.0279	0.0046	0.0121	0.0102	0.0104	0.0098	0.0012	0.0075	0.0122	0.0044	0.0281	0.0180	0.0186	0.0134	0.0095	0.0024	0.0129	0.0029	0.0025	0.0041	0.0154	0.0046	0.0058	0.0143	0.0051	0.0080	0.0079	0.0142	0.0027	0.0103	0.0039	0.0016	0.0196	0.0113	0.0049	0.0168	0.0030	0.0165	0.0004	0.0110	0.0039	0.0022	0.0157	0.0112	0.0062	0.0171	0.0192	0.0074	0.0021	0.0057	0.0018	0.0062	0.0175	0.0142	0.0049	0.0166	0.0200	0.0183	0.0103	0.0043	0.0016	0.0054	0.0048	0.0135	0.0175	0.0162	0.0011	0.0050	0.0143	
0.0123	0.0178	0.0131	0.0021	0.0099	0.0218	0.0091	0.0060	0.0100	0.0097	0.0110	0.0093	0.0153	0.0105	0.0001	0.0130	0.0151	0.0062	0.0032	0.0059	0.0110	0.0172	0.0053	0.0088	0.0172	0.0092	0.0182	0.0170	0.0021	0.0129	0.0122	0.0152	0.0145	0.0149	0.0107	0.0045	0.0072	0.0054	0.0054	0.0155	0.0160	0.0091	0.0074	0.0083	0.0159	0.0134	0.0039	0.0160	0.0057	0.0044	0.0020	0.0107	0.0184	0.0207	0.0044	0.0154	0.0137	0.0056	0.0047	0.0005	0.0011	0.0127	0.0035	0.0174	0.0195	0.0179	0.0152	0.0026	0.0182	0.0143	0.0053	0.0129	0.0000	0.0094	0.0117	0.0020	0.0101	0.0195	0.0103	0.0033	0.0072	0.0056	0.0103	0.0168	0.0131	0.0019	0.0162	0.0125	0.0097	0.0193	0.0115	0.0016	0.0001	0.0053	0.0118	0.0004	0.0043	0.0098	0.0120	0.0014	
0.0151	0.0013	0.0131	0.0104	0.0170	0.0117	0.0079	0.0083	0.0063	0.0025	0.0044	0.0140	0.0134	0.0007	0.0155	0.0181	0.0030	0.0075	0.0052	0.0163	0.0014	0.0038	0.0124	0.0023	0.0051	0.0034	0.0132	0.0156	0.0172	0.0091	0.0194	0.0004	0.0063	0.0086	0.0080	0.0045	0.0114	0.0006	0.0166	0.0023	0.0144	0.0106	0.0062	0.0083	0.0113	0.0140	0.0063	0.0224	0.0113	0.0168	0.0167	0.0201	0.0047	0.0177	0.0003	0.0127	0.0091	0.0130	0.0046	0.0141	0.0170	0.0139	0.0085	0.0180	0.0044	0.0041	0.0104	0.0061	0.0109	0.0087	0.0058	0.0032	0.0091	0.0032	0.0033	0.0115	0.0184	0.0056	0.0082	0.0084	0.0234	0.0165	0.0036	0.0006	0.0151	0.0006	0.0170	0.0091	0.0083	0.0207	0.0174	0.0193	0.0157	0.0032	0.0037	0.0165	0.0199	0.0088	0.0042	0.0097	
0.0017	0.0001	0.0076	0.0010	0.0109	0.0165	0.0103	0.0010	0.0124	0.0085	0.0157	0.0043	0.0029	0.0128	0.0234	0.0053	0.0111	0.0103	0.0029	0.0041	0.0091	0.0022	0.0200	0.0159	0.0164	0.0069	0.0072	0.0048	0.0211	0.0063	0.0173	0.0104	0.0010	0.0219	0.0103	0.0199	0.0056	0.0035	0.0105	0.0237	0.0126	0.0177	0.0187	0.0010	0.0039	0.0129	0.0157	0.0033	0.0061	0.0209	0.0056	0.0097	0.0068	0.0004	0.0023	0.0222	0.0024	0.0144	0.0065	0.0037	0.0078	0.0055	0.0017	0.0067	0.0161	0.0053	0.0032	0.0046	0.0028	0.0005	0.0217	0.0095	0.0232	0.0037	0.0152	0.0141	0.0048	0.0212	0.0112	0.0031	0.0140	0.0062	0.0205	0.0197	0.0001	0.0073	0.0034	0.0005	0.0169	0.0125	0.0173	0.0127	0.0185	0.0076	0.0139	0.0055	0.0160	0.0119	0.0098	0.0202	
0.0078	0.0108	0.0184	0.0055	0.0188	0.0195	0.0077	0.0022	0.0067	0.0094	0.0156	0.0050	0.0032	0.0027	0.0134	0.0019	0.0064	0.0019	0.0054	0.0061	0.0019	0.0030	0.0079	0.0121	0.0055	0.0073	0.0114	0.0133	0.0102	0.0073	0.0001	0.0153	0.0092	0.0111	0.0144	0.0000	0.0051	0.0145	0.0002	0.0028	0.0199	0.0010	0.0128	0.0073	0.0143	0.0100	0.0077	0.0157	0.0153	0.0115	0.0166	0.0124	0.0053	0.0029	0.0176	0.0048	0.0036	0.0078	0.0190	0.0116	0.0061	0.0145	0.0109	0.0198	0.0099	0.0011	0.0151	0.0125	0.0067	0.0111	0.0169	0.0142	0.0018	0.0035	0.0077	0.0008	0.0099	0.0001	0.0158	0.0131	0.0233	0.0215	0.0175	0.0177	0.0108	0.0088	0.0088	0.0051	0.0126	0.0120	0.0176	0.0173	0.0138	0.0083	0.0156	0.0025	0.0097	0.0130	0.0200	0.0148	
0.0124	0.0146	0.0059	0.0033	0.0136	0.0044	0.0089	0.0013	0.0137	0.0172	0.0151	0.0031	0.0106	0.0035	0.0133	0.0081	0.0161	0.0136	0.0084	0.0203	0.0134	0.0111	0.0194	0.0160	0.0156	0.0175	0.0188	0.0136	0.0069	0.0045	0.0125	0.0184	0.0013	0.0006	0.0034	0.0047	0.0113	0.0157	0.0038	0.0064	0.0211	0.0080	0.0103	0.0156	0.0149	0.0132	0.0048	0.0110	0.0163	0.0084	0.0038	0.0164	0.0035	0.0203	0.0027	0.0006	0.0157	0.0106	0.0072	0.0148	0.0044	0.0150	0.0128	0.0104	0.0049	0.0178	0.0020	0.0109	0.0003	0.0065	0.0163	0.0040	0.0104	0.0040	0.0006	0.0048	0.0013	0.0035	0.0190	0.0022	0.0160	0.0118	0.0164	0.0169	0.0008	0.0163	0.0135	0.0020	0.0168	0.0032	0.0090	0.0011	0.0069	0.0088	0.0014	0.0029	0.0141	0.0192	0.0125	0.0183	
0.0105	0.0122	0.0096	0.0098	0.0110	0.0005	0.0046	0.0227	0.0151	0.0186	0.0205	0.0103	0.0103	0.0051	0.0006	0.0155	0.0180	0.0203	0.0100	0.0080	0.0049	0.0001	0.0136	0.0170	0.0187	0.0145	0.0188	0.0002	0.0027	0.0146	0.0135	0.0019	0.0129	0.0002	0.0109	0.0006	0.0007	0.0081	0.0055	0.0003	0.0124	0.0191	0.0039	0.0002	0.0032	0.0177	0.0109	0.0021	0.0094	0.0078	0.0034	0.0203	0.0101	0.0046	0.0142	0.0116	0.0001	0.0144	0.0103	0.0146	0.0032	0.0055	0.0133	0.0009	0.0059	0.0205	0.0015	0.0108	0.0125	0.0183	0.0134	0.0126	0.0110	0.0084	0.0164	0.0088	0.0181	0.0149	0.0122	0.0015	0.0071	0.0179	0.0113	0.0153	0.0154	0.0157	0.0124	0.0071	0.0051	0.0019	0.0007	0.0087	0.0163	0.0086	0.0151	0.0048	0.0190	0.0030	0.0157	0.0061	
0.0158	0.0186	0.0089	0.0099	0.0136	0.0132	0.0065	0.0009	0.0061	0.0063	0.0159	0.0060	0.0174	0.0086	0.0133	0.0093	0.0132	0.0011	0.0060	0.0117	0.0077	0.0146	0.0062	0.0119	0.0208	0.0049	0.0168	0.0003	0.0135	0.0116	0.0129	0.0166	0.0225	0.0080	0.0068	0.0065	0.0064	0.0035	0.0014	0.0041	0.0088	0.0132	0.0002	0.0199	0.0065	0.0157	0.0099	0.0093	0.0199	0.0087	0.0109	0.0208	0.0184	0.0048	0.0205	0.0001	0.0138	0.0192	0.0092	0.0087	0.0152	0.0066	0.0073	0.0155	0.0179	0.0010	0.0071	0.0117	0.0013	0.0053	0.0029	0.0117	0.0223	0.0028	0.0030	0.0163	0.0151	0.0076	0.0038	0.0041	0.0205	0.0107	0.0024	0.0047	0.0016	0.0147	0.0183	0.0140	0.0079	0.0082	0.0149	0.0083	0.0145	0.0128	0.0084	0.0006	0.0026	0.0058	0.0056	0.0068	
0.0062	0.0155	0.0059	0.0131	0.0046	0.0235	0.0130	0.0150	0.0010	0.0036	0.0061	0.0057	0.0125	0.0038	0.0132	0.0067	0.0041	0.0041	0.0127	0.0002	0.0048	0.0123	0.0033	0.0135	0.0125	0.0136	0.0185	0.0071	0.0138	0.0019	0.0147	0.0108	0.0016	0.0160	0.0155	0.0163	0.0022	0.0100	0.0165	0.0016	0.0180	0.0037	0.0126	0.0046	0.0012	0.0058	0.0140	0.0108	0.0206	0.0024	0.0160	0.0216	0.0121	0.0052	0.0024	0.0140	0.0143	0.0129	0.0183	0.0088	0.0022	0.0095	0.0155	0.0195	0.0108	0.0189	0.0051	0.0168	0.0046	0.0149	0.0042	0.0145	0.0043	0.0106	0.0033	0.0011	0.0204	0.0202	0.0114	0.0047	0.0015	0.0090	0.0070	0.0113	0.0068	0.0149	0.0174	0.0156	0.0138	0.0059	0.0024	0.0096	0.0094	0.0081	0.0162	0.0054	0.0032	0.0137	0.0156	0.0044	
0.0001	0.0150	0.0048	0.0033	0.0165	0.0009	0.0118	0.0008	0.0010	0.0015	0.0156	0.0131	0.0192	0.0134	0.0095	0.0182	0.0029	0.0114	0.0140	0.0151	0.0008	0.0094	0.0029	0.0199	0.0149	0.0143	0.0064	0.0166	0.0133	0.0149	0.0211	0.0073	0.0049	0.0076	0.0067	0.0048	0.0035	0.0053	0.0127	0.0072	0.0006	0.0221	0.0172	0.0159	0.0106	0.0068	0.0115	0.0196	0.0227	0.0042	0.0030	0.0183	0.0016	0.0008	0.0038	0.0134	0.0152	0.0065	0.0088	0.0029	0.0145	0.0202	0.0065	0.0041	0.0033	0.0103	0.0123	0.0122	0.0060	0.0041	0.0126	0.0208	0.0182	0.0063	0.0140	0.0045	0.0159	0.0119	0.0072	0.0060	0.0065	0.0108	0.0153	0.0095	0.0168	0.0037	0.0046	0.0035	0.0043	0.0202	0.0127	0.0199	0.0162	0.0099	0.0095	0.0008	0.0088	0.0126	0.0115	0.0037	
0.0135	0.0171	0.0097	0.0154	0.0104	0.0040	0.0004	0.0138	0.0061	0.0191	0.0180	0.0032	0.0145	0.0007	0.0208	0.0072	0.0037	0.0181	0.0066	0.0194	0.0046	0.0081	0.0074	0.0096	0.0130	0.0121	0.0028	0.0038	0.0159	0.0115	0.0169	0.0015	0.0212	0.0041	0.0133	0.0063	0.0160	0.0216	0.0158	0.0126	0.0031	0.0096	0.0165	0.0044	0.0161	0.0072	0.0005	0.0159	0.0110	0.0028	0.0135	0.0093	0.0038	0.0106	0.0180	0.0053	0.0104	0.0012	0.0017	0.0171	0.0009	0.0148	0.0154	0.0136	0.0021	0.0157	0.0033	0.0117	0.0059	0.0101	0.0095	0.0048	0.0016	0.0154	0.0181	0.0133	0.0113	0.0034	0.0112	0.0052	0.0143	0.0097	0.0114	0.0120	0.0173	0.0074	0.0169	0.0081	0.0046	0.0100	0.0150	0.0155	0.0176	0.0001	0.0093	0.0060	0.0126	0.0024	0.0028	0.0019	
0.0036	0.0078	0.0082	0.0231	0.0135	0.0142	0.0076	0.0070	0.0130	0.0046	0.0146	0.0073	0.0092	0.0159	0.0044	0.0137	0.0047	0.0041	0.0164	0.0164	0.0218	0.0151	0.0089	0.0193	0.0182	0.0139	0.0068	0.0015	0.0078	0.0107	0.0037	0.0121	0.0002	0.0108	0.0029	0.0069	0.0006	0.0144	0.0008	0.0058	0.0001	0.0142	0.0174	0.0011	0.0157	0.0097	0.0068	0.0030	0.0184	0.0196	0.0015	0.0099	0.0062	0.0099	0.0041	0.0100	0.0211	0.0116	0.0034	0.0203	0.0060	0.0063	0.0188	0.0030	0.0011	0.0032	0.0070	0.0211	0.0129	0.0178	0.0129	0.0140	0.0034	0.0130	0.0162	0.0073	0.0196	0.0086	0.0010	0.0070	0.0095	0.0052	0.0052	0.0095	0.0109	0.0161	0.0050	0.0116	0.0062	0.0165	0.0078	0.0109	0.0099	0.0018	0.0200	0.0147	0.0145	0.0144	0.0001	0.0146	
0.0012	0.0066	0.0097	0.0210	0.0059	0.0102	0.0050	0.0147	0.0131	0.0183	0.0115	0.0113	0.0092	0.0153	0.0132	0.0015	0.0015	0.0116	0.0132	0.0063	0.0218	0.0159	0.0145	0.0194	0.0115	0.0017	0.0037	0.0013	0.0131	0.0006	0.0166	0.0058	0.0081	0.0074	0.0068	0.0008	0.0156	0.0067	0.0032	0.0002	0.0114	0.0138	0.0192	0.0097	0.0036	0.0155	0.0004	0.0158	0.0107	0.0190	0.0120	0.0024	0.0213	0.0162	0.0156	0.0063	0.0139	0.0127	0.0083	0.0043	0.0058	0.0041	0.0003	0.0150	0.0021	0.0062	0.0055	0.0025	0.0086	0.0103	0.0074	0.0175	0.0080	0.0131	0.0178	0.0068	0.0191	0.0057	0.0148	0.0145	0.0018	0.0120	0.0116	0.0145	0.0096	0.0136	0.0055	0.0126	0.0121	0.0015	0.0086	0.0035	0.0184	0.0190	0.0145	0.0057	0.0124	0.0044	0.0081	0.0188	
0.0071	0.0137	0.0042	0.0170	0.0086	0.0158	0.0107	0.0058	0.0127	0.0075	0.0069	0.0057	0.0126	0.0094	0.0025	0.0141	0.0098	0.0057	0.0039	0.0080	0.0004	0.0108	0.0091	0.0061	0.0025	0.0030	0.0164	0.0069	0.0160	0.0079	0.0145	0.0139	0.0169	0.0135	0.0064	0.0030	0.0044	0.0112	0.0026	0.0117	0.0167	0.0197	0.0127	0.0029	0.0099	0.0180	0.0059	0.0056	0.0145	0.0167	0.0106	0.0051	0.0167	0.0170	0.0145	0.0141	0.0061	0.0166	0.0129	0.0057	0.0143	0.0060	0.0052	0.0064	0.0116	0.0130	0.0081	0.0000	0.0025	0.0148	0.0091	0.0007	0.0022	0.0097	0.0098	0.0012	0.0161	0.0071	0.0108	0.0019	0.0182	0.0128	0.0095	0.0163	0.0166	0.0091	0.0128	0.0157	0.0154	0.0124	0.0152	0.0060	0.0136	0.0127	0.0112	0.0081	0.0105	0.0065	0.0098	0.0164	
0.0098	0.0059	0.0027	0.0185	0.0076	0.0149	0.0022	0.0080	0.0052	0.0179	0.0190	0.0168	0.0039	0.0132	0.0106	0.0058	0.0146	0.0095	0.0091	0.0020	0.0242	0.0110	0.0016	0.0101	0.0028	0.0038	0.0055	0.0067	0.0188	0.0015	0.0112	0.0136	0.0196	0.0137	0.0113	0.0103	0.0114	0.0158	0.0102	0.0070	0.0089	0.0099	0.0128	0.0025	0.0130	0.0184	0.0029	0.0034	0.0066	0.0101	0.0151	0.0049	0.0194	0.0102	0.0000	0.0205	0.0052	0.0141	0.0138	0.0038	0.0063	0.0155	0.0073	0.0050	0.0075	0.0081	0.0029	0.0107	0.0188	0.0000	0.0155	0.0014	0.0178	0.0023	0.0133	0.0120	0.0199	0.0215	0.0133	0.0040	0.0017	0.0023	0.0004	0.0091	0.0087	0.0062	0.0128	0.0078	0.0139	0.0166	0.0062	0.0177	0.0003	0.0068	0.0172	0.0108	0.0201	0.0084	0.0176	0.0093	
0.0138	0.0119	0.0028	0.0061	0.0128	0.0126	0.0076	0.0147	0.0135	0.0074	0.0005	0.0053	0.0158	0.0072	0.0037	0.0050	0.0142	0.0001	0.0129	0.0002	0.0153	0.0136	0.0163	0.0048	0.0148	0.0157	0.0009	0.0088	0.0029	0.0028	0.0144	0.0097	0.0034	0.0049	0.0111	0.0090	0.0170	0.0153	0.0140	0.0161	0.0185	0.0149	0.0125	0.0053	0.0125	0.0191	0.0158	0.0132	0.0038	0.0131	0.0121	0.0187	0.0120	0.0163	0.0136	0.0187	0.0149	0.0170	0.0099	0.0153	0.0123	0.0165	0.0123	0.0110	0.0144	0.0102	0.0022	0.0129	0.0143	0.0127	0.0064	0.0015	0.0052	0.0016	0.0023	0.0006	0.0018	0.0116	0.0104	0.0138	0.0000	0.0102	0.0047	0.0077	0.0086	0.0150	0.0171	0.0060	0.0099	0.0135	0.0129	0.0004	0.0037	0.0193	0.0036	0.0184	0.0015	0.0014	0.0129	0.0033	
0.0165	0.0041	0.0148	0.0104	0.0071	0.0147	0.0116	0.0098	0.0122	0.0135	0.0174	0.0046	0.0070	0.0140	0.0167	0.0024	0.0131	0.0046	0.0031	0.0179	0.0134	0.0148	0.0030	0.0029	0.0010	0.0057	0.0173	0.0054	0.0178	0.0031	0.0202	0.0007	0.0193	0.0070	0.0179	0.0158	0.0136	0.0159	0.0014	0.0157	0.0033	0.0098	0.0132	0.0172	0.0146	0.0085	0.0121	0.0100	0.0046	0.0015	0.0041	0.0187	0.0186	0.0168	0.0111	0.0007	0.0013	0.0129	0.0084	0.0012	0.0156	0.0071	0.0106	0.0105	0.0156	0.0167	0.0068	0.0009	0.0141	0.0184	0.0089	0.0196	0.0031	0.0085	0.0144	0.0036	0.0020	0.0056	0.0060	0.0104	0.0158	0.0102	0.0007	0.0154	0.0204	0.0023	0.0027	0.0017	0.0149	0.0200	0.0153	0.0006	0.0063	0.0002	0.0179	0.0149	0.0180	0.0030	0.0042	0.0007	
0.0005	0.0095	0.0129	0.0047	0.0106	0.0055	0.0099	0.0101	0.0011	0.0073	0.0184	0.0125	0.0059	0.0153	0.0069	0.0070	0.0061	0.0185	0.0113	0.0109	0.0151	0.0053	0.0049	0.0147	0.0050	0.0074	0.0138	0.0026	0.0090	0.0147	0.0073	0.0220	0.0011	0.0047	0.0101	0.0018	0.0161	0.0158	0.0031	0.0143	0.0088	0.0165	0.0003	0.0086	0.0002	0.0181	0.0142	0.0104	0.0129	0.0121	0.0080	0.0011	0.0104	0.0129	0.0064	0.0151	0.0060	0.0188	0.0172	0.0034	0.0096	0.0101	0.0147	0.0026	0.0003	0.0213	0.0140	0.0013	0.0033	0.0049	0.0109	0.0105	0.0123	0.0148	0.0028	0.0171	0.0056	0.0171	0.0134	0.0048	0.0179	0.0030	0.0090	0.0164	0.0107	0.0059	0.0076	0.0082	0.0171	0.0182	0.0163	0.0169	0.0149	0.0165	0.0017	0.0151	0.0135	0.0166	0.0077	0.0004	
0.0026	0.0102	0.0065	0.0064	0.0003	0.0189	0.0069	0.0168	0.0071	0.0080	0.0100	0.0073	0.0014	0.0119	0.0084	0.0102	0.0010	0.0027	0.0129	0.0139	0.0150	0.0066	0.0031	0.0057	0.0094	0.0136	0.0184	0.0123	0.0152	0.0049	0.0059	0.0094	0.0101	0.0132	0.0039	0.0018	0.0181	0.0034	0.0147	0.0160	0.0192	0.0169	0.0198	0.0121	0.0069	0.0064	0.0173	0.0040	0.0102	0.0133	0.0177	0.0129	0.0056	0.0145	0.0070	0.0177	0.0093	0.0006	0.0157	0.0051	0.0013	0.0164	0.0142	0.0032	0.0015	0.0021	0.0199	0.0057	0.0076	0.0067	0.0120	0.0182	0.0057	0.0144	0.0154	0.0162	0.0079	0.0139	0.0156	0.0026	0.0241	0.0129	0.0024	0.0028	0.0102	0.0141	0.0015	0.0161	0.0075	0.0094	0.0138	0.0158	0.0061	0.0094	0.0106	0.0002	0.0148	0.0159	0.0093	0.0060	
0.0062	0.0090	0.0150	0.0020	0.0178	0.0195	0.0057	0.0091	0.0136	0.0090	0.0092	0.0136	0.0021	0.0124	0.0080	0.0106	0.0124	0.0171	0.0115	0.0077	0.0005	0.0041	0.0179	0.0189	0.0147	0.0157	0.0113	0.0141	0.0046	0.0146	0.0042	0.0120	0.0044	0.0114	0.0152	0.0077	0.0155	0.0007	0.0025	0.0131	0.0074	0.0145	0.0187	0.0184	0.0161	0.0167	0.0130	0.0140	0.0030	0.0021	0.0058	0.0209	0.0039	0.0010	0.0053	0.0021	0.0113	0.0170	0.0063	0.0021	0.0061	0.0117	0.0033	0.0195	0.0051	0.0192	0.0110	0.0098	0.0147	0.0178	0.0147	0.0132	0.0136	0.0002	0.0009	0.0072	0.0049	0.0212	0.0006	0.0141	0.0049	0.0206	0.0105	0.0025	0.0113	0.0047	0.0068	0.0029	0.0060	0.0160	0.0170	0.0184	0.0133	0.0005	0.0051	0.0132	0.0089	0.0002	0.0139	0.0006	
0.0040	0.0024	0.0161	0.0032	0.0059	0.0154	0.0046	0.0042	0.0000	0.0189	0.0184	0.0093	0.0137	0.0077	0.0180	0.0089	0.0015	0.0015	0.0079	0.0001	0.0140	0.0088	0.0040	0.0008	0.0034	0.0151	0.0215	0.0127	0.0144	0.0056	0.0205	0.0060	0.0072	0.0000	0.0119	0.0013	0.0012	0.0086	0.0134	0.0199	0.0207	0.0040	0.0030	0.0090	0.0139	0.0049	0.0031	0.0064	0.0027	0.0182	0.0124	0.0088	0.0118	0.0151	0.0084	0.0162	0.0182	0.0178	0.0179	0.0086	0.0114	0.0126	0.0071	0.0136	0.0211	0.0141	0.0049	0.0152	0.0124	0.0150	0.0070	0.0136	0.0058	0.0088	0.0016	0.0078	0.0064	0.0174	0.0025	0.0120	0.0188	0.0174	0.0090	0.0166	0.0158	0.0116	0.0137	0.0119	0.0106	0.0216	0.0028	0.0047	0.0082	0.0052	0.0043	0.0039	0.0146	0.0096	0.0105	0.0054	
0.0187	0.0067	0.0112	0.0058	0.0093	0.0194	0.0020	0.0021	0.0104	0.0004	0.0091	0.0029	0.0122	0.0008	0.0169	0.0194	0.0039	0.0126	0.0170	0.0070	0.0208	0.0122	0.0046	0.0136	0.0139	0.0024	0.0053	0.0195	0.0046	0.0157	0.0150	0.0174	0.0060	0.0166	0.0179	0.0060	0.0019	0.0041	0.0064	0.0171	0.0099	0.0115	0.0008	0.0104	0.0095	0.0192	0.0107	0.0080	0.0091	0.0058	0.0189	0.0016	0.0115	0.0030	0.0057	0.0066	0.0026	0.0181	0.0108	0.0069	0.0126	0.0025	0.0153	0.0143	0.0055	0.0130	0.0159	0.0157	0.0012	0.0095	0.0166	0.0004	0.0055	0.0020	0.0172	0.0085	0.0117	0.0150	0.0032	0.0125	0.0128	0.0197	0.0099	0.0180	0.0180	0.0130	0.0045	0.0026	0.0106	0.0137	0.0036	0.0039	0.0122	0.0185	0.0029	0.0064	0.0135	0.0061	0.0053	0.0171	
0.0013	0.0108	0.0054	0.0155	0.0065	0.0185	0.0110	0.0100	0.0037	0.0151	0.0130	0.0058	0.0117	0.0140	0.0123	0.0149	0.0093	0.0207	0.0159	0.0099	0.0087	0.0127	0.0042	0.0065	0.0056	0.0108	0.0078	0.0048	0.0157	0.0073	0.0144	0.0059	0.0084	0.0041	0.0108	0.0133	0.0110	0.0109	0.0077	0.0183	0.0171	0.0162	0.0159	0.0144	0.0144	0.0132	0.0088	0.0142	0.0034	0.0068	0.0134	0.0138	0.0075	0.0124	0.0072	0.0066	0.0086	0.0191	0.0095	0.0112	0.0087	0.0092	0.0072	0.0142	0.0006	0.0086	0.0170	0.0074	0.0024	0.0140	0.0033	0.0006	0.0083	0.0134	0.0118	0.0098	0.0165	0.0102	0.0070	0.0076	0.0042	0.0113	0.0015	0.0097	0.0139	0.0012	0.0151	0.0138	0.0140	0.0068	0.0065	0.0118	0.0164	0.0112	0.0048	0.0051	0.0039	0.0025	0.0125	0.0084	
0.0152	0.0005	0.0124	0.0048	0.0037	0.0133	0.0068	0.0099	0.0183	0.0164	0.0098	0.0178	0.0079	0.0000	0.0130	0.0001	0.0082	0.0175	0.0153	0.0196	0.0126	0.0041	0.0129	0.0162	0.0117	0.0099	0.0009	0.0134	0.0120	0.0084	0.0087	0.0138	0.0177	0.0202	0.0170	0.0035	0.0167	0.0182	0.0074	0.0028	0.0154	0.0050	0.0173	0.0175	0.0167	0.0086	0.0040	0.0209	0.0033	0.0059	0.0151	0.0052	0.0049	0.0145	0.0173	0.0110	0.0075	0.0168	0.0125	0.0137	0.0142	0.0124	0.0183	0.0098	0.0076	0.0146	0.0014	0.0087	0.0031	0.0074	0.0021	0.0124	0.0126	0.0155	0.0050	0.0072	0.0067	0.0150	0.0197	0.0032	0.0060	0.0015	0.0099	0.0056	0.0113	0.0034	0.0092	0.0026	0.0022	0.0062	0.0151	0.0007	0.0044	0.0146	0.0097	0.0018	0.0072	0.0068	0.0121	0.0015	
0.0073	0.0151	0.0158	0.0167	0.0041	0.0064	0.0130	0.0090	0.0092	0.0103	0.0038	0.0131	0.0171	0.0093	0.0075	0.0119	0.0031	0.0128	0.0176	0.0045	0.0063	0.0187	0.0072	0.0179	0.0125	0.0013	0.0073	0.0184	0.0062	0.0027	0.0007	0.0003	0.0018	0.0186	0.0157	0.0116	0.0052	0.0157	0.0019	0.0057	0.0111	0.0009	0.0136	0.0124	0.0023	0.0022	0.0024	0.0166	0.0081	0.0189	0.0177	0.0159	0.0085	0.0084	0.0162	0.0089	0.0085	0.0197	0.0033	0.0029	0.0197	0.0154	0.0027	0.0071	0.0099	0.0034	0.0113	0.0005	0.0132	0.0150	0.0064	0.0096	0.0116	0.0140	0.0152	0.0049	0.0055	0.0165	0.0153	0.0090	0.0216	0.0150	0.0097	0.0074	0.0048	0.0063	0.0128	0.0131	0.0019	0.0086	0.0030	0.0062	0.0115	0.0195	0.0065	0.0144	0.0199	0.0063	0.0039	0.0193	
0.0108	0.0019	0.0010	0.0144	0.0122	0.0116	0.0038	0.0146	0.0125	0.0121	0.0031	0.0130	0.0039	0.0128	0.0048	0.0063	0.0061	0.0169	0.0023	0.0032	0.0128	0.0185	0.0204	0.0063	0.0140	0.0002	0.0183	0.0127	0.0079	0.0196	0.0080	0.0238	0.0129	0.0173	0.0002	0.0186	0.0126	0.0198	0.0148	0.0171	0.0024	0.0232	0.0003	0.0111	0.0045	0.0099	0.0018	0.0224	0.0168	0.0008	0.0075	0.0032	0.0042	0.0010	0.0089	0.0129	0.0035	0.0161	0.0196	0.0124	0.0125	0.0120	0.0060	0.0144	0.0049	0.0039	0.0030	0.0090	0.0126	0.0069	0.0151	0.0100	0.0001	0.0080	0.0008	0.0129	0.0187	0.0092	0.0008	0.0033	0.0241	0.0001	0.0168	0.0066	0.0147	0.0045	0.0169	0.0093	0.0073	0.0099	0.0161	0.0173	0.0190	0.0034	0.0032	0.0098	0.0142	0.0070	0.0083	0.0016	
0.0052	0.0120	0.0041	0.0082	0.0059	0.0181	0.0022	0.0148	0.0001	0.0152	0.0131	0.0134	0.0123	0.0133	0.0141	0.0110	0.0143	0.0187	0.0011	0.0187	0.0079	0.0121	0.0013	0.0041	0.0126	0.0153	0.0102	0.0163	0.0041	0.0101	0.0006	0.0114	0.0002	0.0183	0.0166	0.0051	0.0143	0.0077	0.0000	0.0144	0.0019	0.0196	0.0092	0.0102	0.0133	0.0171	0.0016	0.0024	0.0089	0.0108	0.0106	0.0119	0.0053	0.0078	0.0127	0.0119	0.0112	0.0003	0.0135	0.0083	0.0069	0.0049	0.0100	0.0082	0.0148	0.0019	0.0129	0.0139	0.0149	0.0070	0.0150	0.0091	0.0204	0.0067	0.0175	0.0074	0.0034	0.0104	0.0083	0.0129	0.0162	0.0098	0.0067	0.0111	0.0189	0.0080	0.0056	0.0106	0.0049	0.0065	0.0129	0.0142	0.0118	0.0104	0.0062	0.0151	0.0081	0.0010	0.0160	0.0122	
0.0021	0.0057	0.0048	0.0015	0.0141	0.0036	0.0101	0.0185	0.0084	0.0056	0.0089	0.0016	0.0099	0.0173	0.0135	0.0185	0.0156	0.0205	0.0087	0.0066	0.0180	0.0030	0.0098	0.0102	0.0143	0.0009	0.0170	0.0089	0.0005	0.0012	0.0003	0.0031	0.0149	0.0150	0.0116	0.0094	0.0039	0.0062	0.0150	0.0175	0.0183	0.0095	0.0022	0.0001	0.0151	0.0118	0.0035	0.0146	0.0185	0.0091	0.0169	0.0101	0.0115	0.0107	0.0166	0.0203	0.0161	0.0153	0.0063	0.0136	0.0063	0.0031	0.0143	0.0088	0.0054	0.0060	0.0074	0.0150	0.0056	0.0029	0.0133	0.0130	0.0021	0.0126	0.0098	0.0072	0.0009	0.0114	0.0117	0.0023	0.0215	0.0043	0.0096	0.0108	0.0037	0.0108	0.0116	0.0031	0.0170	0.0158	0.0141	0.0089	0.0186	0.0021	0.0080	0.0124	0.0114	0.0128	0.0160	0.0118	
0.0027	0.0060	0.0065	0.0134	0.0123	0.0057	0.0052	0.0209	0.0001	0.0096	0.0185	0.0048	0.0022	0.0034	0.0143	0.0034	0.0108	0.0078	0.0058	0.0129	0.0172	0.0050	0.0157	0.0103	0.0092	0.0045	0.0161	0.0187	0.0044	0.0123	0.0171	0.0092	0.0158	0.0160	0.0000	0.0083	0.0182	0.0156	0.0133	0.0206	0.0043	0.0171	0.0034	0.0100	0.0134	0.0063	0.0069	0.0148	0.0049	0.0060	0.0214	0.0048	0.0069	0.0012	0.0150	0.0191	0.0100	0.0178	0.0043	0.0081	0.0092	0.0074	0.0092	0.0037	0.0101	0.0117	0.0113	0.0023	0.0034	0.0063	0.0057	0.0181	0.0111	0.0055	0.0087	0.0004	0.0019	0.0095	0.0126	0.0025	0.0238	0.0205	0.0126	0.0187	0.0158	0.0127	0.0208	0.0137	0.0018	0.0025	0.0201	0.0015	0.0094	0.0049	0.0053	0.0138	0.0011	0.0185	0.0173	0.0053	
0.0132	0.0031	0.0102	0.0163	0.0159	0.0020	0.0098	0.0010	0.0078	0.0170	0.0157	0.0008	0.0160	0.0010	0.0107	0.0129	0.0105	0.0156	0.0061	0.0181	0.0120	0.0160	0.0006	0.0013	0.0075	0.0043	0.0080	0.0035	0.0004	0.0106	0.0189	0.0022	0.0126	0.0085	0.0067	0.0125	0.0068	0.0168	0.0148	0.0144	0.0182	0.0224	0.0023	0.0041	0.0043	0.0178	0.0018	0.0093	0.0142	0.0128	0.0029	0.0078	0.0118	0.0178	0.0126	0.0162	0.0030	0.0100	0.0075	0.0113	0.0108	0.0091	0.0004	0.0162	0.0193	0.0149	0.0075	0.0087	0.0102	0.0150	0.0060	0.0137	0.0147	0.0098	0.0009	0.0106	0.0151	0.0162	0.0129	0.0058	0.0039	0.0211	0.0081	0.0066	0.0107	0.0110	0.0086	0.0128	0.0136	0.0122	0.0115	0.0150	0.0078	0.0037	0.0008	0.0059	0.0174	0.0050	0.0057	0.0104	
0.0092	0.0096	0.0160	0.0168	0.0054	0.0097	0.0079	0.0018	0.0116	0.0022	0.0013	0.0051	0.0127	0.0180	0.0108	0.0165	0.0013	0.0176	0.0062	0.0064	0.0071	0.0138	0.0140	0.0186	0.0067	0.0093	0.0078	0.0109	0.0106	0.0107	0.0158	0.0134	0.0124	0.0034	0.0001	0.0101	0.0021	0.0139	0.0006	0.0036	0.0229	0.0102	0.0173	0.0149	0.0082	0.0040	0.0019	0.0110	0.0143	0.0063	0.0057	0.0057	0.0185	0.0222	0.0055	0.0168	0.0172	0.0196	0.0086	0.0128	0.0008	0.0016	0.0076	0.0025	0.0083	0.0135	0.0149	0.0105	0.0170	0.0006	0.0124	0.0083	0.0141	0.0024	0.0056	0.0160	0.0178	0.0013	0.0073	0.0017	0.0128	0.0217	0.0157	0.0047	0.0094	0.0099	0.0114	0.0106	0.0171	0.0055	0.0155	0.0046	0.0033	0.0040	0.0018	0.0162	0.0172	0.0150	0.0063	0.0190	
0.0073	0.0100	0.0096	0.0126	0.0114	0.0172	0.0106	0.0154	0.0113	0.0073	0.0186	0.0143	0.0073	0.0057	0.0083	0.0039	0.0036	0.0057	0.0109	0.0172	0.0011	0.0048	0.0127	0.0135	0.0074	0.0074	0.0044	0.0077	0.0005	0.0075	0.0021	0.0007	0.0159	0.0086	0.0136	0.0170	0.0056	0.0054	0.0107	0.0120	0.0177	0.0141	0.0165	0.0088	0.0049	0.0162	0.0142	0.0182	0.0163	0.0170	0.0118	0.0108	0.0020	0.0084	0.0178	0.0020	0.0165	0.0157	0.0041	0.0037	0.0115	0.0038	0.0140	0.0045	0.0060	0.0176	0.0012	0.0184	0.0095	0.0090	0.0173	0.0180	0.0139	0.0015	0.0196	0.0071	0.0069	0.0034	0.0077	0.0090	0.0134	0.0088	0.0102	0.0021	0.0150	0.0109	0.0176	0.0058	0.0089	0.0133	0.0195	0.0086	0.0007	0.0076	0.0002	0.0125	0.0177	0.0121	0.0043	0.0069	
0.0133	0.0119	0.0053	0.0066	0.0157	0.0170	0.0103	0.0003	0.0058	0.0107	0.0142	0.0103	0.0069	0.0116	0.0101	0.0036	0.0107	0.0157	0.0091	0.0130	0.0216	0.0126	0.0091	0.0152	0.0093	0.0075	0.0183	0.0054	0.0014	0.0048	0.0103	0.0171	0.0198	0.0005	0.0120	0.0146	0.0020	0.0038	0.0019	0.0189	0.0157	0.0230	0.0160	0.0185	0.0131	0.0051	0.0004	0.0078	0.0170	0.0159	0.0186	0.0038	0.0026	0.0108	0.0068	0.0004	0.0052	0.0088	0.0137	0.0082	0.0130	0.0086	0.0128	0.0018	0.0007	0.0001	0.0130	0.0072	0.0138	0.0120	0.0015	0.0086	0.0112	0.0087	0.0152	0.0009	0.0157	0.0112	0.0149	0.0028	0.0112	0.0120	0.0074	0.0045	0.0069	0.0063	0.0114	0.0072	0.0110	0.0161	0.0117	0.0120	0.0064	0.0093	0.0018	0.0038	0.0189	0.0146	0.0176	0.0166	
0.0092	0.0104	0.0100	0.0025	0.0126	0.0111	0.0091	0.0132	0.0093	0.0070	0.0044	0.0113	0.0089	0.0107	0.0023	0.0068	0.0016	0.0158	0.0137	0.0134	0.0099	0.0069	0.0148	0.0005	0.0035	0.0074	0.0024	0.0198	0.0079	0.0112	0.0016	0.0230	0.0144	0.0179	0.0129	0.0153	0.0206	0.0067	0.0086	0.0185	0.0162	0.0236	0.0156	0.0056	0.0093	0.0166	0.0027	0.0170	0.0095	0.0156	0.0025	0.0065	0.0016	0.0048	0.0092	0.0023	0.0162	0.0110	0.0167	0.0053	0.0066	0.0110	0.0030	0.0185	0.0057	0.0052	0.0014	0.0103	0.0145	0.0052	0.0066	0.0152	0.0038	0.0153	0.0176	0.0083	0.0113	0.0109	0.0077	0.0050	0.0072	0.0077	0.0096	0.0115	0.0117	0.0152	0.0183	0.0079	0.0086	0.0142	0.0206	0.0091	0.0071	0.0035	0.0082	0.0021	0.0157	0.0172	0.0001	0.0065	
0.0149	0.0109	0.0185	0.0035	0.0082	0.0082	0.0019	0.0042	0.0047	0.0009	0.0122	0.0056	0.0014	0.0105	0.0005	0.0010	0.0018	0.0132	0.0060	0.0103	0.0084	0.0128	0.0019	0.0031	0.0067	0.0161	0.0084	0.0210	0.0084	0.0146	0.0154	0.0159	0.0118	0.0018	0.0119	0.0144	0.0076	0.0083	0.0033	0.0052	0.0159	0.0173	0.0033	0.0086	0.0019	0.0138	0.0077	0.0189	0.0038	0.0089	0.0002	0.0045	0.0123	0.0118	0.0196	0.0018	0.0103	0.0184	0.0159	0.0108	0.0194	0.0026	0.0132	0.0095	0.0073	0.0201	0.0147	0.0192	0.0174	0.0056	0.0139	0.0163	0.0093	0.0021	0.0173	0.0121	0.0102	0.0166	0.0009	0.0104	0.0127	0.0152	0.0157	0.0189	0.0183	0.0104	0.0014	0.0183	0.0019	0.0134	0.0046	0.0111	0.0107	0.0119	0.0049	0.0106	0.0209	0.0142	0.0018	0.0041	
0.0151	0.0064	0.0158	0.0173	0.0124	0.0062	0.0109	0.0096	0.0103	0.0068	0.0116	0.0125	0.0129	0.0029	0.0012	0.0068	0.0057	0.0178	0.0112	0.0162	0.0184	0.0152	0.0169	0.0066	0.0020	0.0028	0.0044	0.0149	0.0159	0.0043	0.0147	0.0185	0.0128	0.0152	0.0132	0.0016	0.0149	0.0182	0.0038	0.0107	0.0144	0.0149	0.0049	0.0147	0.0142	0.0079	0.0147	0.0078	0.0116	0.0181	0.0037	0.0029	0.0016	0.0052	0.0066	0.0188	0.0092	0.0103	0.0130	0.0092	0.0008	0.0007	0.0090	0.0083	0.0141	0.0170	0.0037	0.0174	0.0048	0.0173	0.0116	0.0074	0.0109	0.0013	0.0022	0.0042	0.0114	0.0028	0.0065	0.0086	0.0104	0.0197	0.0035	0.0171	0.0017	0.0110	0.0140	0.0062	0.0085	0.0183	0.0126	0.0036	0.0033	0.0113	0.0081	0.0116	0.0196	0.0155	0.0024	0.0033	
0.0043	0.0183	0.0019	0.0148	0.0062	0.0206	0.0120	0.0004	0.0025	0.0033	0.0093	0.0079	0.0033	0.0009	0.0044	0.0049	0.0187	0.0180	0.0078	0.0008	0.0028	0.0202	0.0112	0.0086	0.0098	0.0099	0.0057	0.0220	0.0137	0.0101	0.0065	0.0198	0.0005	0.0045	0.0119	0.0140	0.0195	0.0157	0.0146	0.0079	0.0004	0.0191	0.0055	0.0082	0.0117	0.0049	0.0011	0.0037	0.0122	0.0074	0.0192	0.0081	0.0123	0.0024	0.0018	0.0078	0.0085	0.0185	0.0042	0.0185	0.0126	0.0155	0.0093	0.0164	0.0227	0.0165	0.0081	0.0227	0.0115	0.0132	0.0102	0.0055	0.0004	0.0008	0.0004	0.0097	0.0159	0.0034	0.0186	0.0040	0.0112	0.0025	0.0095	0.0063	0.0166	0.0230	0.0054	0.0213	0.0027	0.0059	0.0060	0.0012	0.0103	0.0190	0.0170	0.0077	0.0060	0.0137	0.0113	0.0214	
0.0174	0.0017	0.0123	0.0198	0.0168	0.0136	0.0052	0.0098	0.0013	0.0139	0.0144	0.0040	0.0167	0.0187	0.0098	0.0096	0.0052	0.0036	0.0183	0.0199	0.0096	0.0085	0.0176	0.0056	0.0074	0.0071	0.0161	0.0039	0.0057	0.0130	0.0040	0.0015	0.0154	0.0189	0.0068	0.0064	0.0096	0.0111	0.0075	0.0014	0.0147	0.0178	0.0171	0.0092	0.0100	0.0003	0.0028	0.0106	0.0084	0.0063	0.0009	0.0017	0.0124	0.0116	0.0097	0.0087	0.0049	0.0076	0.0106	0.0097	0.0162	0.0020	0.0035	0.0079	0.0109	0.0130	0.0099	0.0000	0.0114	0.0025	0.0000	0.0162	0.0169	0.0185	0.0056	0.0134	0.0118	0.0088	0.0142	0.0055	0.0059	0.0082	0.0158	0.0190	0.0144	0.0022	0.0101	0.0029	0.0085	0.0211	0.0014	0.0018	0.0197	0.0179	0.0051	0.0111	0.0122	0.0094	0.0214	0.0193	
0.0089	0.0024	0.0155	0.0054	0.0052	0.0057	0.0049	0.0133	0.0041	0.0156	0.0164	0.0137	0.0113	0.0037	0.0051	0.0091	0.0055	0.0047	0.0131	0.0069	0.0025	0.0071	0.0108	0.0119	0.0012	0.0159	0.0157	0.0169	0.0124	0.0118	0.0027	0.0024	0.0083	0.0137	0.0150	0.0019	0.0098	0.0106	0.0115	0.0079	0.0169	0.0191	0.0170	0.0123	0.0024	0.0041	0.0082	0.0159	0.0129	0.0156	0.0042	0.0071	0.0141	0.0132	0.0154	0.0016	0.0108	0.0044	0.0036	0.0067	0.0082	0.0078	0.0158	0.0108	0.0136	0.0146	0.0081	0.0171	0.0059	0.0027	0.0183	0.0156	0.0113	0.0063	0.0104	0.0050	0.0096	0.0196	0.0087	0.0124	0.0112	0.0013	0.0040	0.0155	0.0098	0.0153	0.0075	0.0135	0.0165	0.0165	0.0108	0.0052	0.0058	0.0052	0.0161	0.0066	0.0172	0.0067	0.0194	0.0080	
0.0148	0.0096	0.0082	0.0102	0.0160	0.0091	0.0146	0.0078	0.0016	0.0119	0.0123	0.0114	0.0134	0.0066	0.0190	0.0083	0.0042	0.0026	0.0010	0.0177	0.0073	0.0141	0.0007	0.0107	0.0124	0.0133	0.0102	0.0052	0.0087	0.0036	0.0089	0.0030	0.0209	0.0012	0.0024	0.0197	0.0130	0.0155	0.0004	0.0014	0.0003	0.0001	0.0135	0.0064	0.0039	0.0186	0.0107	0.0210	0.0080	0.0106	0.0025	0.0157	0.0063	0.0024	0.0019	0.0004	0.0096	0.0186	0.0170	0.0026	0.0186	0.0102	0.0171	0.0183	0.0029	0.0094	0.0125	0.0131	0.0043	0.0170	0.0151	0.0106	0.0022	0.0188	0.0174	0.0063	0.0010	0.0159	0.0064	0.0124	0.0036	0.0123	0.0169	0.0177	0.0014	0.0139	0.0170	0.0161	0.0188	0.0023	0.0107	0.0151	0.0170	0.0172	0.0027	0.0095	0.0013	0.0153	0.0038	0.0150	
0.0044	0.0152	0.0142	0.0095	0.0138	0.0140	0.0103	0.0071	0.0044	0.0162	0.0206	0.0128	0.0103	0.0030	0.0187	0.0083	0.0119	0.0009	0.0168	0.0090	0.0143	0.0163	0.0138	0.0022	0.0078	0.0004	0.0148	0.0044	0.0169	0.0062	0.0056	0.0066	0.0117	0.0105	0.0087	0.0054	0.0171	0.0080	0.0025	0.0098	0.0014	0.0122	0.0116	0.0042	0.0024	0.0152	0.0038	0.0147	0.0189	0.0155	0.0168	0.0005	0.0183	0.0157	0.0026	0.0087	0.0033	0.0136	0.0014	0.0133	0.0173	0.0079	0.0078	0.0188	0.0099	0.0151	0.0043	0.0193	0.0127	0.0125	0.0113	0.0061	0.0199	0.0068	0.0072	0.0021	0.0051	0.0112	0.0180	0.0098	0.0212	0.0227	0.0057	0.0019	0.0116	0.0049	0.0070	0.0157	0.0084	0.0019	0.0026	0.0035	0.0060	0.0072	0.0085	0.0122	0.0007	0.0132	0.0149	0.0088	
0.0118	0.0039	0.0005	0.0051	0.0033	0.0126	0.0025	0.0132	0.0069	0.0006	0.0039	0.0129	0.0131	0.0087	0.0216	0.0233	0.0022	0.0092	0.0071	0.0057	0.0090	0.0093	0.0128	0.0130	0.0128	0.0088	0.0230	0.0117	0.0202	0.0149	0.0019	0.0145	0.0199	0.0116	0.0026	0.0146	0.0218	0.0021	0.0194	0.0013	0.0029	0.0196	0.0100	0.0090	0.0182	0.0106	0.0114	0.0220	0.0111	0.0111	0.0118	0.0159	0.0077	0.0111	0.0020	0.0024	0.0138	0.0103	0.0138	0.0158	0.0114	0.0130	0.0131	0.0142	0.0224	0.0143	0.0172	0.0027	0.0062	0.0053	0.0011	0.0005	0.0111	0.0061	0.0029	0.0126	0.0219	0.0043	0.0145	0.0021	0.0241	0.0028	0.0004	0.0089	0.0046	0.0096	0.0052	0.0073	0.0094	0.0007	0.0008	0.0113	0.0099	0.0043	0.0111	0.0107	0.0022	0.0181	0.0110	0.0070	
0.0105	0.0063	0.0104	0.0040	0.0070	0.0102	0.0029	0.0010	0.0049	0.0091	0.0023	0.0064	0.0128	0.0093	0.0142	0.0081	0.0096	0.0058	0.0080	0.0088	0.0081	0.0089	0.0117	0.0045	0.0040	0.0090	0.0115	0.0045	0.0129	0.0091	0.0097	0.0033	0.0141	0.0056	0.0085	0.0084	0.0102	0.0156	0.0153	0.0142	0.0047	0.0039	0.0003	0.0190	0.0144	0.0109	0.0137	0.0171	0.0067	0.0024	0.0164	0.0165	0.0067	0.0188	0.0151	0.0020	0.0134	0.0070	0.0165	0.0140	0.0151	0.0168	0.0044	0.0140	0.0164	0.0194	0.0129	0.0074	0.0004	0.0052	0.0155	0.0152	0.0061	0.0115	0.0048	0.0031	0.0095	0.0148	0.0057	0.0087	0.0182	0.0136	0.0150	0.0109	0.0135	0.0125	0.0147	0.0135	0.0073	0.0085	0.0144	0.0034	0.0139	0.0011	0.0118	0.0046	0.0159	0.0055	0.0184	0.0165	
0.0179	0.0061	0.0179	0.0004	0.0047	0.0017	0.0108	0.0135	0.0132	0.0160	0.0134	0.0184	0.0185	0.0070	0.0018	0.0059	0.0013	0.0147	0.0179	0.0065	0.0046	0.0202	0.0006	0.0130	0.0119	0.0138	0.0003	0.0048	0.0005	0.0001	0.0071	0.0039	0.0177	0.0091	0.0164	0.0111	0.0162	0.0197	0.0077	0.0156	0.0031	0.0029	0.0015	0.0134	0.0155	0.0178	0.0044	0.0103	0.0209	0.0096	0.0039	0.0044	0.0079	0.0149	0.0152	0.0186	0.0058	0.0061	0.0094	0.0109	0.0013	0.0064	0.0119	0.0146	0.0093	0.0094	0.0037	0.0111	0.0108	0.0108	0.0107	0.0044	0.0068	0.0058	0.0037	0.0016	0.0192	0.0087	0.0172	0.0138	0.0112	0.0136	0.0048	0.0111	0.0179	0.0027	0.0172	0.0021	0.0141	0.0220	0.0053	0.0103	0.0086	0.0177	0.0124	0.0170	0.0116	0.0082	0.0052	0.0072	
0.0119	0.0125	0.0174	0.0085	0.0176	0.0001	0.0161	0.0015	0.0089	0.0130	0.0182	0.0158	0.0085	0.0140	0.0006	0.0099	0.0018	0.0011	0.0170	0.0057	0.0133	0.0017	0.0163	0.0109	0.0060	0.0004	0.0162	0.0086	0.0130	0.0063	0.0113	0.0113	0.0027	0.0089	0.0024	0.0155	0.0137	0.0163	0.0113	0.0171	0.0048	0.0160	0.0122	0.0008	0.0012	0.0070	0.0006	0.0138	0.0164	0.0025	0.0140	0.0096	0.0101	0.0193	0.0135	0.0109	0.0167	0.0071	0.0024	0.0172	0.0039	0.0089	0.0071	0.0030	0.0017	0.0076	0.0147	0.0188	0.0115	0.0040	0.0157	0.0062	0.0093	0.0013	0.0012	0.0162	0.0097	0.0170	0.0093	0.0166	0.0214	0.0024	0.0116	0.0106	0.0126	0.0019	0.0002	0.0036	0.0145	0.0127	0.0194	0.0067	0.0129	0.0126	0.0110	0.0146	0.0068	0.0090	0.0190	0.0135	
0.0109	0.0008	0.0016	0.0119	0.0055	0.0091	0.0005	0.0099	0.0141	0.0176	0.0010	0.0002	0.0147	0.0031	0.0181	0.0020	0.0144	0.0198	0.0099	0.0196	0.0083	0.0112	0.0045	0.0187	0.0045	0.0086	0.0138	0.0152	0.0093	0.0048	0.0110	0.0003	0.0189	0.0147	0.0067	0.0177	0.0005	0.0212	0.0041	0.0050	0.0015	0.0133	0.0062	0.0188	0.0093	0.0195	0.0101	0.0104	0.0149	0.0099	0.0182	0.0106	0.0183	0.0203	0.0060	0.0213	0.0162	0.0020	0.0068	0.0147	0.0138	0.0050	0.0154	0.0121	0.0059	0.0007	0.0027	0.0003	0.0146	0.0000	0.0013	0.0175	0.0138	0.0049	0.0176	0.0140	0.0057	0.0075	0.0080	0.0038	0.0241	0.0035	0.0004	0.0191	0.0078	0.0009	0.0012	0.0173	0.0092	0.0087	0.0027	0.0186	0.0120	0.0071	0.0078	0.0146	0.0121	0.0138	0.0126	0.0098	
0.0147	0.0076	0.0131	0.0136	0.0069	0.0013	0.0120	0.0154	0.0004	0.0104	0.0143	0.0069	0.0112	0.0020	0.0147	0.0130	0.0041	0.0243	0.0041	0.0048	0.0227	0.0044	0.0096	0.0070	0.0158	0.0023	0.0051	0.0041	0.0153	0.0019	0.0042	0.0132	0.0156	0.0153	0.0072	0.0083	0.0095	0.0057	0.0089	0.0068	0.0036	0.0096	0.0169	0.0208	0.0105	0.0128	0.0060	0.0102	0.0108	0.0164	0.0113	0.0131	0.0091	0.0071	0.0090	0.0122	0.0182	0.0069	0.0150	0.0046	0.0129	0.0120	0.0120	0.0186	0.0058	0.0036	0.0136	0.0131	0.0121	0.0064	0.0032	0.0183	0.0090	0.0140	0.0015	0.0097	0.0073	0.0118	0.0118	0.0028	0.0216	0.0158	0.0118	0.0000	0.0111	0.0116	0.0006	0.0076	0.0073	0.0185	0.0109	0.0025	0.0076	0.0043	0.0078	0.0086	0.0104	0.0183	0.0129	0.0093	
0.0183	0.0096	0.0167	0.0029	0.0117	0.0149	0.0028	0.0151	0.0039	0.0212	0.0054	0.0063	0.0108	0.0128	0.0088	0.0027	0.0174	0.0217	0.0068	0.0153	0.0034	0.0069	0.0068	0.0161	0.0173	0.0010	0.0133	0.0033	0.0083	0.0100	0.0010	0.0095	0.0218	0.0043	0.0051	0.0052	0.0202	0.0117	0.0062	0.0219	0.0094	0.0109	0.0029	0.0100	0.0099	0.0031	0.0120	0.0176	0.0183	0.0080	0.0117	0.0171	0.0134	0.0212	0.0070	0.0128	0.0048	0.0007	0.0053	0.0103	0.0007	0.0007	0.0038	0.0141	0.0207	0.0212	0.0086	0.0072	0.0066	0.0035	0.0051	0.0089	0.0109	0.0059	0.0056	0.0139	0.0044	0.0202	0.0038	0.0094	0.0149	0.0200	0.0064	0.0006	0.0016	0.0068	0.0154	0.0001	0.0174	0.0166	0.0006	0.0171	0.0054	0.0140	0.0163	0.0071	0.0032	0.0098	0.0118	0.0146	
0.0140	0.0032	0.0080	0.0138	0.0018	0.0020	0.0031	0.0077	0.0092	0.0128	0.0080	0.0055	0.0141	0.0107	0.0019	0.0054	0.0120	0.0051	0.0108	0.0119	0.0050	0.0081	0.0100	0.0121	0.0032	0.0076	0.0035	0.0151	0.0074	0.0151	0.0133	0.0183	0.0083	0.0094	0.0002	0.0059	0.0078	0.0148	0.0150	0.0200	0.0022	0.0089	0.0069	0.0049	0.0050	0.0146	0.0001	0.0166	0.0148	0.0145	0.0135	0.0232	0.0179	0.0215	0.0096	0.0055	0.0129	0.0167	0.0084	0.0109	0.0151	0.0085	0.0145	0.0141	0.0006	0.0153	0.0174	0.0068	0.0095	0.0149	0.0178	0.0179	0.0059	0.0109	0.0084	0.0167	0.0012	0.0053	0.0049	0.0056	0.0121	0.0114	0.0011	0.0129	0.0055	0.0130	0.0173	0.0073	0.0184	0.0154	0.0145	0.0106	0.0047	0.0046	0.0014	0.0110	0.0072	0.0132	0.0045	0.0129	
0.0149	0.0133	0.0034	0.0202	0.0153	0.0166	0.0123	0.0064	0.0091	0.0137	0.0047	0.0084	0.0099	0.0188	0.0060	0.0099	0.0084	0.0064	0.0079	0.0079	0.0199	0.0118	0.0080	0.0170	0.0040	0.0071	0.0147	0.0007	0.0108	0.0172	0.0125	0.0089	0.0008	0.0130	0.0151	0.0166	0.0060	0.0042	0.0179	0.0127	0.0005	0.0121	0.0190	0.0071	0.0098	0.0034	0.0001	0.0063	0.0002	0.0132	0.0028	0.0009	0.0056	0.0199	0.0174	0.0022	0.0061	0.0081	0.0139	0.0082	0.0213	0.0116	0.0149	0.0128	0.0015	0.0184	0.0074	0.0193	0.0037	0.0095	0.0037	0.0058	0.0088	0.0184	0.0075	0.0073	0.0138	0.0003	0.0053	0.0006	0.0092	0.0122	0.0005	0.0174	0.0172	0.0107	0.0027	0.0032	0.0154	0.0158	0.0106	0.0189	0.0104	0.0109	0.0113	0.0085	0.0165	0.0063	0.0066	0.0144	
0.0137	0.0009	0.0012	0.0101	0.0073	0.0208	0.0089	0.0078	0.0075	0.0096	0.0089	0.0041	0.0022	0.0117	0.0004	0.0105	0.0094	0.0224	0.0169	0.0107	0.0169	0.0045	0.0032	0.0091	0.0004	0.0049	0.0173	0.0171	0.0062	0.0141	0.0135	0.0094	0.0160	0.0095	0.0046	0.0056	0.0089	0.0104	0.0071	0.0185	0.0191	0.0203	0.0122	0.0068	0.0041	0.0037	0.0153	0.0180	0.0104	0.0015	0.0166	0.0178	0.0081	0.0162	0.0176	0.0106	0.0167	0.0123	0.0088	0.0027	0.0017	0.0139	0.0004	0.0121	0.0166	0.0012	0.0098	0.0109	0.0064	0.0119	0.0016	0.0017	0.0104	0.0003	0.0119	0.0157	0.0123	0.0187	0.0038	0.0099	0.0143	0.0232	0.0062	0.0048	0.0024	0.0167	0.0198	0.0179	0.0102	0.0176	0.0095	0.0163	0.0001	0.0046	0.0119	0.0010	0.0155	0.0009	0.0110	0.0041	
0.0125	0.0030	0.0090	0.0166	0.0176	0.0176	0.0048	0.0095	0.0011	0.0013	0.0196	0.0006	0.0062	0.0128	0.0133	0.0035	0.0078	0.0192	0.0095	0.0192	0.0029	0.0116	0.0009	0.0111	0.0059	0.0046	0.0018	0.0041	0.0053	0.0104	0.0040	0.0140	0.0076	0.0191	0.0035	0.0065	0.0106	0.0123	0.0045	0.0087	0.0125	0.0137	0.0177	0.0105	0.0143	0.0082	0.0103	0.0077	0.0134	0.0125	0.0127	0.0232	0.0113	0.0135	0.0019	0.0006	0.0026	0.0201	0.0092	0.0128	0.0114	0.0023	0.0024	0.0095	0.0199	0.0082	0.0131	0.0069	0.0085	0.0059	0.0135	0.0177	0.0116	0.0016	0.0071	0.0111	0.0150	0.0126	0.0123	0.0121	0.0209	0.0186	0.0110	0.0133	0.0002	0.0042	0.0214	0.0141	0.0176	0.0040	0.0047	0.0116	0.0014	0.0095	0.0130	0.0080	0.0078	0.0089	0.0130	0.0105	
0.0130	0.0024	0.0170	0.0058	0.0157	0.0174	0.0069	0.0112	0.0034	0.0107	0.0071	0.0090	0.0041	0.0112	0.0188	0.0198	0.0094	0.0121	0.0090	0.0137	0.0093	0.0194	0.0088	0.0053	0.0024	0.0022	0.0185	0.0206	0.0068	0.0155	0.0052	0.0064	0.0218	0.0025	0.0041	0.0116	0.0193	0.0063	0.0133	0.0062	0.0172	0.0130	0.0103	0.0089	0.0140	0.0131	0.0072	0.0107	0.0114	0.0177	0.0186	0.0202	0.0003	0.0206	0.0028	0.0152	0.0139	0.0138	0.0031	0.0134	0.0161	0.0087	0.0021	0.0057	0.0052	0.0018	0.0116	0.0018	0.0065	0.0066	0.0008	0.0052	0.0161	0.0028	0.0171	0.0157	0.0102	0.0012	0.0077	0.0067	0.0212	0.0077	0.0086	0.0100	0.0016	0.0073	0.0052	0.0006	0.0194	0.0126	0.0207	0.0052	0.0024	0.0177	0.0058	0.0053	0.0076	0.0048	0.0032	0.0151	
0.0003	0.0040	0.0027	0.0033	0.0138	0.0158	0.0024	0.0196	0.0001	0.0058	0.0048	0.0098	0.0030	0.0128	0.0001	0.0132	0.0169	0.0163	0.0037	0.0186	0.0208	0.0112	0.0023	0.0154	0.0090	0.0143	0.0030	0.0149	0.0165	0.0101	0.0114	0.0061	0.0213	0.0123	0.0074	0.0101	0.0039	0.0065	0.0113	0.0098	0.0042	0.0109	0.0005	0.0155	0.0048	0.0061	0.0017	0.0103	0.0220	0.0156	0.0061	0.0178	0.0012	0.0058	0.0172	0.0095	0.0026	0.0076	0.0128	0.0003	0.0081	0.0082	0.0005	0.0077	0.0178	0.0234	0.0132	0.0101	0.0036	0.0087	0.0085	0.0135	0.0209	0.0129	0.0126	0.0082	0.0120	0.0090	0.0084	0.0020	0.0210	0.0177	0.0131	0.0019	0.0076	0.0158	0.0037	0.0124	0.0141	0.0009	0.0095	0.0165	0.0116	0.0118	0.0158	0.0131	0.0076	0.0128	0.0208	0.0064	
0.0110	0.0095	0.0049	0.0105	0.0050	0.0148	0.0112	0.0079	0.0085	0.0102	0.0190	0.0117	0.0162	0.0109	0.0060	0.0178	0.0135	0.0248	0.0004	0.0196	0.0207	0.0016	0.0158	0.0031	0.0018	0.0118	0.0022	0.0056	0.0155	0.0161	0.0022	0.0236	0.0103	0.0026	0.0104	0.0026	0.0103	0.0045	0.0139	0.0165	0.0002	0.0232	0.0020	0.0058	0.0026	0.0142	0.0212	0.0014	0.0081	0.0034	0.0213	0.0100	0.0123	0.0001	0.0093	0.0106	0.0156	0.0020	0.0079	0.0110	0.0084	0.0097	0.0086	0.0122	0.0083	0.0234	0.0056	0.0148	0.0178	0.0033	0.0072	0.0107	0.0028	0.0048	0.0170	0.0181	0.0220	0.0117	0.0000	0.0055	0.0189	0.0007	0.0170	0.0126	0.0007	0.0141	0.0057	0.0090	0.0129	0.0030	0.0085	0.0073	0.0155	0.0027	0.0042	0.0093	0.0059	0.0110	0.0189	0.0035	
0.0076	0.0045	0.0027	0.0037	0.0156	0.0082	0.0063	0.0073	0.0012	0.0105	0.0104	0.0046	0.0016	0.0184	0.0000	0.0099	0.0113	0.0183	0.0093	0.0140	0.0151	0.0166	0.0020	0.0159	0.0164	0.0003	0.0141	0.0198	0.0006	0.0088	0.0144	0.0085	0.0140	0.0169	0.0011	0.0091	0.0171	0.0158	0.0165	0.0140	0.0084	0.0174	0.0080	0.0023	0.0128	0.0024	0.0050	0.0169	0.0028	0.0146	0.0160	0.0067	0.0006	0.0037	0.0089	0.0112	0.0025	0.0072	0.0072	0.0164	0.0150	0.0063	0.0068	0.0125	0.0153	0.0015	0.0105	0.0049	0.0184	0.0102	0.0119	0.0193	0.0028	0.0176	0.0068	0.0162	0.0089	0.0223	0.0032	0.0142	0.0147	0.0207	0.0169	0.0050	0.0117	0.0075	0.0078	0.0090	0.0075	0.0114	0.0061	0.0109	0.0073	0.0009	0.0190	0.0014	0.0115	0.0152	0.0066	0.0109	
0.0126	0.0002	0.0179	0.0140	0.0039	0.0001	0.0053	0.0025	0.0204	0.0136	0.0015	0.0031	0.0039	0.0136	0.0008	0.0161	0.0104	0.0015	0.0009	0.0100	0.0151	0.0021	0.0198	0.0097	0.0055	0.0011	0.0102	0.0019	0.0214	0.0054	0.0069	0.0149	0.0157	0.0146	0.0037	0.0175	0.0020	0.0058	0.0022	0.0141	0.0039	0.0058	0.0142	0.0156	0.0105	0.0041	0.0069	0.0169	0.0003	0.0047	0.0110	0.0104	0.0178	0.0205	0.0204	0.0104	0.0032	0.0095	0.0078	0.0028	0.0128	0.0027	0.0037	0.0142	0.0066	0.0079	0.0093	0.0126	0.0111	0.0060	0.0143	0.0062	0.0240	0.0111	0.0069	0.0089	0.0100	0.0023	0.0229	0.0014	0.0149	0.0204	0.0015	0.0152	0.0157	0.0185	0.0207	0.0155	0.0156	0.0169	0.0127	0.0149	0.0206	0.0230	0.0018	0.0009	0.0029	0.0214	0.0114	0.0019	
0.0125	0.0118	0.0033	0.0135	0.0096	0.0071	0.0063	0.0058	0.0088	0.0092	0.0186	0.0006	0.0084	0.0058	0.0067	0.0139	0.0010	0.0112	0.0209	0.0082	0.0099	0.0130	0.0152	0.0141	0.0128	0.0167	0.0081	0.0190	0.0074	0.0031	0.0059	0.0126	0.0130	0.0141	0.0060	0.0162	0.0150	0.0070	0.0021	0.0074	0.0079	0.0191	0.0031	0.0058	0.0119	0.0113	0.0040	0.0116	0.0121	0.0085	0.0203	0.0157	0.0168	0.0008	0.0110	0.0211	0.0180	0.0089	0.0006	0.0095	0.0144	0.0090	0.0116	0.0089	0.0034	0.0099	0.0086	0.0111	0.0173	0.0075	0.0178	0.0135	0.0061	0.0098	0.0017	0.0108	0.0119	0.0121	0.0008	0.0016	0.0198	0.0166	0.0074	0.0183	0.0047	0.0116	0.0113	0.0113	0.0037	0.0081	0.0008	0.0059	0.0055	0.0077	0.0061	0.0149	0.0167	0.0143	0.0013	0.0059	
0.0023	0.0118	0.0137	0.0025	0.0090	0.0057	0.0082	0.0075	0.0180	0.0004	0.0099	0.0058	0.0062	0.0184	0.0189	0.0042	0.0013	0.0189	0.0030	0.0129	0.0206	0.0182	0.0085	0.0117	0.0088	0.0137	0.0089	0.0168	0.0056	0.0047	0.0165	0.0175	0.0121	0.0152	0.0005	0.0038	0.0020	0.0068	0.0106	0.0226	0.0036	0.0043	0.0134	0.0036	0.0180	0.0159	0.0206	0.0089	0.0131	0.0038	0.0163	0.0014	0.0130	0.0101	0.0083	0.0050	0.0038	0.0024	0.0141	0.0155	0.0175	0.0129	0.0014	0.0151	0.0055	0.0148	0.0152	0.0119	0.0180	0.0135	0.0021	0.0165	0.0071	0.0032	0.0095	0.0144	0.0054	0.0055	0.0134	0.0127	0.0161	0.0003	0.0035	0.0018	0.0097	0.0147	0.0033	0.0016	0.0068	0.0180	0.0002	0.0209	0.0129	0.0156	0.0030	0.0109	0.0025	0.0194	0.0197	0.0046	
0.0197	0.0070	0.0101	0.0202	0.0014	0.0009	0.0110	0.0103	0.0002	0.0151	0.0215	0.0156	0.0081	0.0002	0.0013	0.0177	0.0082	0.0244	0.0048	0.0122	0.0128	0.0135	0.0052	0.0016	0.0139	0.0023	0.0033	0.0117	0.0002	0.0157	0.0134	0.0084	0.0078	0.0086	0.0117	0.0058	0.0112	0.0052	0.0001	0.0089	0.0215	0.0192	0.0014	0.0139	0.0130	0.0015	0.0113	0.0142	0.0158	0.0070	0.0013	0.0031	0.0142	0.0079	0.0136	0.0063	0.0031	0.0095	0.0047	0.0167	0.0157	0.0037	0.0070	0.0019	0.0019	0.0153	0.0112	0.0002	0.0055	0.0148	0.0066	0.0045	0.0218	0.0157	0.0115	0.0157	0.0132	0.0137	0.0048	0.0079	0.0171	0.0140	0.0160	0.0140	0.0192	0.0098	0.0138	0.0190	0.0147	0.0094	0.0033	0.0011	0.0198	0.0009	0.0090	0.0143	0.0056	0.0196	0.0124	0.0035	
0.0098	0.0098	0.0059	0.0205	0.0190	0.0203	0.0025	0.0189	0.0127	0.0194	0.0153	0.0098	0.0035	0.0122	0.0083	0.0077	0.0066	0.0177	0.0045	0.0131	0.0007	0.0126	0.0056	0.0182	0.0134	0.0054	0.0052	0.0205	0.0066	0.0162	0.0127	0.0160	0.0011	0.0015	0.0026	0.0014	0.0052	0.0206	0.0132	0.0004	0.0078	0.0194	0.0053	0.0185	0.0131	0.0127	0.0178	0.0084	0.0147	0.0037	0.0079	0.0117	0.0161	0.0222	0.0031	0.0191	0.0053	0.0094	0.0058	0.0138	0.0121	0.0041	0.0096	0.0182	0.0067	0.0009	0.0093	0.0023	0.0095	0.0058	0.0023	0.0097	0.0013	0.0042	0.0054	0.0052	0.0077	0.0093	0.0025	0.0008	0.0111	0.0229	0.0051	0.0029	0.0111	0.0017	0.0195	0.0016	0.0185	0.0069	0.0190	0.0169	0.0129	0.0196	0.0078	0.0025	0.0049	0.0082	0.0133	0.0144	
0.0018	0.0169	0.0164	0.0082	0.0012	0.0179	0.0106	0.0097	0.0155	0.0180	0.0100	0.0179	0.0058	0.0044	0.0074	0.0145	0.0188	0.0070	0.0060	0.0043	0.0031	0.0082	0.0039	0.0041	0.0104	0.0058	0.0140	0.0014	0.0160	0.0030	0.0012	0.0181	0.0169	0.0093	0.0214	0.0145	0.0004	0.0196	0.0019	0.0125	0.0136	0.0065	0.0081	0.0007	0.0176	0.0197	0.0089	0.0085	0.0131	0.0132	0.0027	0.0162	0.0008	0.0080	0.0119	0.0140	0.0120	0.0130	0.0179	0.0174	0.0028	0.0073	0.0161	0.0114	0.0170	0.0097	0.0013	0.0176	0.0053	0.0121	0.0148	0.0017	0.0070	0.0172	0.0138	0.0165	0.0008	0.0035	0.0083	0.0127	0.0147	0.0096	0.0081	0.0019	0.0212	0.0050	0.0177	0.0073	0.0167	0.0065	0.0019	0.0073	0.0001	0.0074	0.0095	0.0058	0.0138	0.0163	0.0044	0.0060	
0.0184	0.0119	0.0022	0.0014	0.0000	0.0019	0.0091	0.0046	0.0152	0.0162	0.0137	0.0075	0.0055	0.0064	0.0217	0.0144	0.0000	0.0139	0.0109	0.0125	0.0136	0.0133	0.0008	0.0203	0.0113	0.0064	0.0015	0.0214	0.0079	0.0056	0.0040	0.0054	0.0219	0.0015	0.0133	0.0045	0.0071	0.0070	0.0020	0.0206	0.0175	0.0171	0.0123	0.0021	0.0125	0.0152	0.0013	0.0160	0.0087	0.0161	0.0052	0.0231	0.0048	0.0144	0.0147	0.0044	0.0118	0.0032	0.0106	0.0133	0.0002	0.0097	0.0155	0.0113	0.0132	0.0086	0.0088	0.0045	0.0124	0.0139	0.0071	0.0150	0.0121	0.0139	0.0177	0.0175	0.0016	0.0220	0.0058	0.0142	0.0066	0.0097	0.0119	0.0120	0.0006	0.0039	0.0002	0.0058	0.0072	0.0111	0.0143	0.0038	0.0162	0.0089	0.0174	0.0053	0.0198	0.0014	0.0117	0.0059	
0.0042	0.0144	0.0009	0.0129	0.0077	0.0139	0.0072	0.0158	0.0132	0.0194	0.0028	0.0099	0.0182	0.0155	0.0064	0.0161	0.0173	0.0073	0.0137	0.0077	0.0110	0.0039	0.0165	0.0027	0.0014	0.0033	0.0269	0.0018	0.0169	0.0087	0.0000	0.0003	0.0097	0.0166	0.0126	0.0080	0.0093	0.0211	0.0034	0.0122	0.0189	0.0140	0.0115	0.0149	0.0073	0.0005	0.0080	0.0015	0.0012	0.0061	0.0085	0.0152	0.0103	0.0034	0.0158	0.0011	0.0234	0.0267	0.0122	0.0046	0.0108	0.0088	0.0113	0.0068	0.0137	0.0029	0.0053	0.0180	0.0017	0.0168	0.0051	0.0009	0.0010	0.0007	0.0124	0.0155	0.0181	0.0080	0.0131	0.0007	0.0250	0.0207	0.0007	0.0129	0.0048	0.0081	0.0110	0.0064	0.0020	0.0160	0.0098	0.0105	0.0058	0.0159	0.0144	0.0064	0.0158	0.0047	0.0160	0.0057	
0.0170	0.0095	0.0174	0.0020	0.0002	0.0057	0.0135	0.0089	0.0096	0.0001	0.0074	0.0123	0.0022	0.0094	0.0116	0.0155	0.0062	0.0025	0.0003	0.0105	0.0131	0.0177	0.0162	0.0105	0.0109	0.0138	0.0119	0.0027	0.0048	0.0068	0.0024	0.0092	0.0143	0.0116	0.0048	0.0087	0.0149	0.0209	0.0107	0.0213	0.0155	0.0176	0.0156	0.0013	0.0042	0.0164	0.0054	0.0172	0.0090	0.0185	0.0151	0.0131	0.0047	0.0042	0.0126	0.0172	0.0131	0.0090	0.0108	0.0047	0.0130	0.0085	0.0058	0.0028	0.0207	0.0164	0.0151	0.0116	0.0056	0.0007	0.0198	0.0086	0.0134	0.0014	0.0182	0.0152	0.0031	0.0170	0.0059	0.0142	0.0093	0.0011	0.0135	0.0042	0.0076	0.0093	0.0050	0.0072	0.0165	0.0086	0.0143	0.0068	0.0079	0.0070	0.0088	0.0051	0.0144	0.0122	0.0041	0.0065	
0.0161	0.0147	0.0069	0.0095	0.0007	0.0112	0.0002	0.0022	0.0088	0.0158	0.0127	0.0180	0.0040	0.0143	0.0178	0.0088	0.0153	0.0007	0.0118	0.0080	0.0114	0.0098	0.0137	0.0182	0.0061	0.0105	0.0002	0.0057	0.0119	0.0101	0.0028	0.0100	0.0104	0.0198	0.0183	0.0159	0.0113	0.0041	0.0041	0.0155	0.0095	0.0025	0.0002	0.0014	0.0144	0.0154	0.0019	0.0120	0.0108	0.0172	0.0061	0.0114	0.0177	0.0159	0.0149	0.0049	0.0002	0.0088	0.0026	0.0091	0.0134	0.0127	0.0099	0.0174	0.0146	0.0018	0.0072	0.0057	0.0159	0.0175	0.0165	0.0132	0.0169	0.0015	0.0208	0.0092	0.0092	0.0134	0.0028	0.0106	0.0089	0.0099	0.0140	0.0113	0.0023	0.0104	0.0130	0.0115	0.0033	0.0136	0.0137	0.0030	0.0012	0.0159	0.0032	0.0152	0.0136	0.0013	0.0079	0.0124	
0.0062	0.0138	0.0130	0.0129	0.0024	0.0180	0.0112	0.0175	0.0140	0.0057	0.0153	0.0066	0.0066	0.0121	0.0178	0.0025	0.0006	0.0210	0.0175	0.0026	0.0089	0.0148	0.0025	0.0040	0.0043	0.0127	0.0136	0.0010	0.0184	0.0027	0.0181	0.0118	0.0047	0.0087	0.0039	0.0134	0.0186	0.0014	0.0095	0.0079	0.0186	0.0261	0.0168	0.0207	0.0164	0.0074	0.0174	0.0100	0.0189	0.0010	0.0157	0.0189	0.0047	0.0061	0.0056	0.0125	0.0136	0.0104	0.0078	0.0080	0.0028	0.0133	0.0132	0.0155	0.0093	0.0057	0.0039	0.0178	0.0074	0.0043	0.0059	0.0195	0.0064	0.0085	0.0058	0.0070	0.0200	0.0046	0.0040	0.0120	0.0235	0.0032	0.0036	0.0178	0.0093	0.0005	0.0050	0.0189	0.0033	0.0147	0.0005	0.0074	0.0129	0.0013	0.0034	0.0022	0.0033	0.0025	0.0104	0.0147	
0.0028	0.0155	0.0013	0.0119	0.0124	0.0153	0.0084	0.0160	0.0151	0.0179	0.0130	0.0069	0.0038	0.0095	0.0117	0.0006	0.0083	0.0208	0.0047	0.0075	0.0005	0.0047	0.0129	0.0132	0.0039	0.0157	0.0060	0.0041	0.0051	0.0031	0.0045	0.0170	0.0153	0.0085	0.0126	0.0173	0.0012	0.0117	0.0021	0.0154	0.0109	0.0100	0.0192	0.0048	0.0163	0.0108	0.0024	0.0022	0.0089	0.0029	0.0107	0.0040	0.0159	0.0017	0.0123	0.0183	0.0037	0.0073	0.0072	0.0139	0.0080	0.0055	0.0076	0.0154	0.0125	0.0178	0.0125	0.0131	0.0147	0.0103	0.0176	0.0190	0.0183	0.0095	0.0173	0.0094	0.0055	0.0104	0.0127	0.0096	0.0182	0.0046	0.0134	0.0022	0.0116	0.0006	0.0180	0.0114	0.0140	0.0180	0.0142	0.0139	0.0027	0.0055	0.0042	0.0034	0.0190	0.0040	0.0110	0.0019	
0.0157	0.0069	0.0051	0.0166	0.0034	0.0137	0.0060	0.0053	0.0030	0.0029	0.0120	0.0119	0.0103	0.0140	0.0201	0.0045	0.0100	0.0075	0.0029	0.0130	0.0202	0.0019	0.0187	0.0001	0.0174	0.0043	0.0152	0.0100	0.0064	0.0123	0.0122	0.0013	0.0196	0.0123	0.0148	0.0082	0.0185	0.0189	0.0163	0.0194	0.0139	0.0146	0.0088	0.0118	0.0037	0.0009	0.0025	0.0081	0.0067	0.0003	0.0113	0.0129	0.0011	0.0182	0.0028	0.0143	0.0078	0.0055	0.0166	0.0169	0.0159	0.0150	0.0156	0.0092	0.0116	0.0110	0.0137	0.0178	0.0165	0.0099	0.0058	0.0124	0.0088	0.0041	0.0191	0.0054	0.0123	0.0074	0.0144	0.0130	0.0026	0.0092	0.0032	0.0058	0.0019	0.0188	0.0001	0.0008	0.0092	0.0027	0.0004	0.0126	0.0001	0.0181	0.0016	0.0153	0.0147	0.0188	0.0013	0.0127	
0.0052	0.0032	0.0091	0.0164	0.0131	0.0229	0.0029	0.0186	0.0147	0.0184	0.0016	0.0009	0.0090	0.0014	0.0169	0.0093	0.0122	0.0145	0.0073	0.0118	0.0127	0.0147	0.0092	0.0155	0.0108	0.0122	0.0141	0.0092	0.0027	0.0031	0.0122	0.0158	0.0067	0.0020	0.0104	0.0185	0.0209	0.0084	0.0109	0.0026	0.0184	0.0044	0.0032	0.0137	0.0010	0.0204	0.0033	0.0209	0.0035	0.0138	0.0028	0.0028	0.0127	0.0111	0.0027	0.0114	0.0146	0.0152	0.0047	0.0012	0.0062	0.0139	0.0115	0.0150	0.0063	0.0098	0.0143	0.0077	0.0092	0.0163	0.0094	0.0062	0.0226	0.0047	0.0147	0.0068	0.0124	0.0185	0.0136	0.0084	0.0128	0.0174	0.0053	0.0095	0.0010	0.0090	0.0002	0.0154	0.0191	0.0015	0.0048	0.0054	0.0027	0.0101	0.0140	0.0013	0.0102	0.0090	0.0077	0.0124	
0.0040	0.0142	0.0081	0.0058	0.0033	0.0181	0.0022	0.0073	0.0128	0.0159	0.0195	0.0156	0.0166	0.0119	0.0128	0.0126	0.0081	0.0045	0.0111	0.0172	0.0091	0.0181	0.0084	0.0082	0.0134	0.0038	0.0030	0.0094	0.0093	0.0123	0.0183	0.0029	0.0101	0.0019	0.0066	0.0143	0.0051	0.0212	0.0054	0.0045	0.0069	0.0141	0.0009	0.0035	0.0022	0.0062	0.0055	0.0104	0.0190	0.0030	0.0107	0.0055	0.0164	0.0109	0.0040	0.0048	0.0067	0.0006	0.0111	0.0184	0.0136	0.0117	0.0155	0.0011	0.0194	0.0164	0.0075	0.0164	0.0054	0.0154	0.0072	0.0095	0.0199	0.0085	0.0107	0.0146	0.0175	0.0054	0.0056	0.0059	0.0210	0.0164	0.0096	0.0059	0.0018	0.0122	0.0067	0.0165	0.0164	0.0030	0.0077	0.0044	0.0079	0.0064	0.0097	0.0126	0.0159	0.0189	0.0063	0.0060	
0.0175	0.0077	0.0032	0.0021	0.0145	0.0033	0.0054	0.0077	0.0165	0.0093	0.0070	0.0018	0.0137	0.0043	0.0010	0.0219	0.0030	0.0142	0.0194	0.0054	0.0114	0.0102	0.0202	0.0032	0.0101	0.0028	0.0015	0.0128	0.0192	0.0152	0.0012	0.0242	0.0222	0.0192	0.0092	0.0100	0.0119	0.0090	0.0099	0.0222	0.0073	0.0001	0.0197	0.0103	0.0142	0.0057	0.0101	0.0041	0.0064	0.0119	0.0102	0.0037	0.0004	0.0012	0.0169	0.0080	0.0092	0.0002	0.0118	0.0119	0.0013	0.0141	0.0069	0.0028	0.0082	0.0088	0.0032	0.0156	0.0136	0.0103	0.0090	0.0165	0.0009	0.0004	0.0189	0.0087	0.0118	0.0121	0.0062	0.0033	0.0184	0.0231	0.0058	0.0076	0.0084	0.0185	0.0203	0.0173	0.0023	0.0038	0.0010	0.0110	0.0163	0.0173	0.0159	0.0111	0.0132	0.0168	0.0025	0.0092	
0.0017	0.0117	0.0084	0.0145	0.0017	0.0160	0.0018	0.0208	0.0017	0.0079	0.0165	0.0147	0.0117	0.0067	0.0188	0.0036	0.0073	0.0011	0.0138	0.0091	0.0104	0.0053	0.0124	0.0101	0.0096	0.0163	0.0201	0.0026	0.0027	0.0060	0.0176	0.0169	0.0085	0.0156	0.0022	0.0177	0.0088	0.0114	0.0045	0.0138	0.0165	0.0219	0.0145	0.0145	0.0056	0.0020	0.0161	0.0089	0.0187	0.0139	0.0024	0.0117	0.0014	0.0135	0.0179	0.0166	0.0009	0.0190	0.0040	0.0029	0.0128	0.0172	0.0131	0.0145	0.0106	0.0018	0.0095	0.0153	0.0042	0.0004	0.0138	0.0171	0.0166	0.0016	0.0126	0.0096	0.0101	0.0200	0.0033	0.0055	0.0023	0.0129	0.0036	0.0082	0.0051	0.0064	0.0131	0.0135	0.0160	0.0070	0.0193	0.0097	0.0063	0.0016	0.0152	0.0140	0.0012	0.0007	0.0043	0.0050	
0.0107	0.0002	0.0032	0.0178	0.0178	0.0046	0.0149	0.0181	0.0176	0.0087	0.0058	0.0021	0.0128	0.0141	0.0018	0.0037	0.0138	0.0077	0.0081	0.0035	0.0086	0.0149	0.0181	0.0174	0.0023	0.0043	0.0099	0.0133	0.0034	0.0170	0.0095	0.0092	0.0145	0.0179	0.0163	0.0016	0.0070	0.0060	0.0090	0.0003	0.0116	0.0127	0.0155	0.0076	0.0007	0.0151	0.0136	0.0108	0.0002	0.0134	0.0173	0.0124	0.0111	0.0007	0.0159	0.0150	0.0010	0.0051	0.0148	0.0141	0.0144	0.0014	0.0149	0.0008	0.0181	0.0154	0.0068	0.0149	0.0174	0.0000	0.0153	0.0101	0.0195	0.0088	0.0124	0.0143	0.0001	0.0114	0.0170	0.0061	0.0092	0.0005	0.0129	0.0082	0.0183	0.0160	0.0171	0.0119	0.0016	0.0021	0.0005	0.0021	0.0097	0.0147	0.0059	0.0095	0.0174	0.0140	0.0095	0.0040	
0.0077	0.0178	0.0102	0.0002	0.0164	0.0106	0.0120	0.0017	0.0074	0.0009	0.0150	0.0086	0.0066	0.0082	0.0054	0.0133	0.0070	0.0071	0.0021	0.0019	0.0195	0.0129	0.0141	0.0167	0.0195	0.0118	0.0174	0.0034	0.0029	0.0017	0.0195	0.0055	0.0010	0.0131	0.0168	0.0101	0.0089	0.0142	0.0095	0.0090	0.0032	0.0185	0.0049	0.0007	0.0059	0.0104	0.0132	0.0011	0.0104	0.0123	0.0017	0.0110	0.0129	0.0082	0.0059	0.0139	0.0045	0.0144	0.0006	0.0041	0.0103	0.0092	0.0158	0.0067	0.0027	0.0099	0.0079	0.0137	0.0090	0.0128	0.0043	0.0146	0.0174	0.0130	0.0194	0.0014	0.0087	0.0152	0.0094	0.0073	0.0216	0.0214	0.0125	0.0087	0.0000	0.0081	0.0123	0.0113	0.0064	0.0057	0.0055	0.0144	0.0123	0.0059	0.0166	0.0119	0.0189	0.0174	0.0186	0.0161	
0.0005	0.0194	0.0116	0.0181	0.0087	0.0092	0.0126	0.0222	0.0082	0.0055	0.0051	0.0103	0.0043	0.0118	0.0054	0.0136	0.0176	0.0110	0.0072	0.0160	0.0220	0.0179	0.0086	0.0051	0.0100	0.0099	0.0024	0.0114	0.0180	0.0063	0.0042	0.0143	0.0191	0.0135	0.0090	0.0217	0.0094	0.0203	0.0016	0.0157	0.0181	0.0193	0.0048	0.0026	0.0011	0.0168	0.0119	0.0018	0.0018	0.0075	0.0163	0.0116	0.0130	0.0052	0.0001	0.0049	0.0132	0.0075	0.0071	0.0192	0.0055	0.0040	0.0019	0.0027	0.0013	0.0164	0.0161	0.0126	0.0023	0.0049	0.0039	0.0009	0.0086	0.0142	0.0210	0.0030	0.0139	0.0069	0.0037	0.0122	0.0266	0.0007	0.0088	0.0106	0.0141	0.0158	0.0225	0.0119	0.0138	0.0061	0.0098	0.0019	0.0113	0.0027	0.0074	0.0114	0.0144	0.0022	0.0013	0.0084	
0.0179	0.0163	0.0181	0.0162	0.0026	0.0147	0.0020	0.0192	0.0040	0.0172	0.0121	0.0050	0.0024	0.0114	0.0188	0.0049	0.0134	0.0142	0.0099	0.0067	0.0161	0.0042	0.0178	0.0160	0.0160	0.0018	0.0109	0.0042	0.0061	0.0071	0.0108	0.0113	0.0047	0.0143	0.0137	0.0001	0.0013	0.0120	0.0058	0.0197	0.0126	0.0015	0.0061	0.0159	0.0110	0.0018	0.0188	0.0185	0.0027	0.0026	0.0149	0.0210	0.0110	0.0148	0.0119	0.0152	0.0196	0.0022	0.0180	0.0008	0.0029	0.0168	0.0091	0.0168	0.0063	0.0021	0.0017	0.0064	0.0155	0.0170	0.0033	0.0038	0.0063	0.0104	0.0141	0.0115	0.0186	0.0037	0.0038	0.0111	0.0035	0.0137	0.0015	0.0036	0.0133	0.0106	0.0187	0.0097	0.0024	0.0009	0.0002	0.0188	0.0111	0.0050	0.0130	0.0124	0.0099	0.0094	0.0091	0.0103	
0.0211	0.0116	0.0015	0.0033	0.0187	0.0137	0.0122	0.0245	0.0172	0.0002	0.0185	0.0146	0.0179	0.0053	0.0189	0.0129	0.0162	0.0098	0.0032	0.0168	0.0047	0.0124	0.0046	0.0166	0.0210	0.0044	0.0144	0.0001	0.0182	0.0015	0.0037	0.0107	0.0176	0.0135	0.0150	0.0114	0.0131	0.0218	0.0045	0.0025	0.0208	0.0249	0.0124	0.0028	0.0043	0.0043	0.0016	0.0079	0.0089	0.0044	0.0189	0.0030	0.0074	0.0158	0.0072	0.0097	0.0086	0.0069	0.0035	0.0142	0.0188	0.0145	0.0022	0.0206	0.0184	0.0096	0.0020	0.0047	0.0103	0.0068	0.0000	0.0199	0.0034	0.0008	0.0194	0.0049	0.0005	0.0024	0.0111	0.0129	0.0040	0.0066	0.0128	0.0141	0.0052	0.0007	0.0015	0.0013	0.0066	0.0084	0.0037	0.0060	0.0162	0.0097	0.0028	0.0032	0.0180	0.0148	0.0061	0.0177	
0.0017	0.0132	0.0170	0.0007	0.0033	0.0231	0.0129	0.0079	0.0106	0.0024	0.0083	0.0042	0.0132	0.0078	0.0099	0.0156	0.0013	0.0132	0.0147	0.0160	0.0086	0.0007	0.0173	0.0027	0.0036	0.0139	0.0035	0.0129	0.0177	0.0115	0.0094	0.0088	0.0189	0.0124	0.0115	0.0054	0.0099	0.0122	0.0075	0.0062	0.0011	0.0211	0.0064	0.0047	0.0152	0.0182	0.0127	0.0077	0.0201	0.0096	0.0019	0.0080	0.0010	0.0099	0.0084	0.0012	0.0187	0.0172	0.0155	0.0072	0.0123	0.0066	0.0059	0.0215	0.0132	0.0015	0.0091	0.0190	0.0133	0.0050	0.0052	0.0097	0.0001	0.0058	0.0129	0.0100	0.0166	0.0153	0.0032	0.0038	0.0050	0.0183	0.0131	0.0095	0.0139	0.0020	0.0062	0.0082	0.0051	0.0147	0.0085	0.0145	0.0139	0.0165	0.0077	0.0125	0.0068	0.0070	0.0111	0.0176	
0.0089	0.0106	0.0133	0.0135	0.0031	0.0143	0.0055	0.0155	0.0115	0.0197	0.0075	0.0037	0.0094	0.0105	0.0063	0.0009	0.0110	0.0226	0.0053	0.0123	0.0186	0.0011	0.0151	0.0011	0.0190	0.0109	0.0166	0.0003	0.0183	0.0011	0.0053	0.0089	0.0046	0.0062	0.0155	0.0120	0.0019	0.0026	0.0052	0.0023	0.0172	0.0147	0.0142	0.0073	0.0050	0.0035	0.0041	0.0046	0.0153	0.0092	0.0021	0.0092	0.0019	0.0215	0.0020	0.0082	0.0173	0.0136	0.0136	0.0110	0.0157	0.0061	0.0139	0.0130	0.0157	0.0225	0.0002	0.0041	0.0125	0.0136	0.0193	0.0099	0.0150	0.0032	0.0160	0.0042	0.0074	0.0086	0.0148	0.0111	0.0101	0.0142	0.0062	0.0092	0.0214	0.0174	0.0057	0.0048	0.0041	0.0112	0.0170	0.0095	0.0085	0.0133	0.0050	0.0086	0.0167	0.0020	0.0149	0.0062	
0.0028	0.0185	0.0097	0.0197	0.0085	0.0120	0.0130	0.0175	0.0025	0.0167	0.0005	0.0082	0.0150	0.0171	0.0045	0.0050	0.0002	0.0069	0.0109	0.0154	0.0145	0.0138	0.0187	0.0029	0.0188	0.0086	0.0011	0.0189	0.0164	0.0067	0.0092	0.0049	0.0142	0.0087	0.0112	0.0073	0.0005	0.0066	0.0177	0.0070	0.0027	0.0068	0.0020	0.0057	0.0085	0.0048	0.0107	0.0096	0.0089	0.0002	0.0073	0.0078	0.0087	0.0172	0.0108	0.0075	0.0192	0.0075	0.0001	0.0182	0.0109	0.0131	0.0006	0.0149	0.0082	0.0148	0.0134	0.0076	0.0061	0.0146	0.0045	0.0133	0.0076	0.0057	0.0135	0.0071	0.0122	0.0141	0.0125	0.0126	0.0178	0.0123	0.0096	0.0154	0.0189	0.0015	0.0150	0.0146	0.0159	0.0046	0.0071	0.0122	0.0061	0.0002	0.0145	0.0075	0.0060	0.0064	0.0173	0.0129	
0.0098	0.0034	0.0027	0.0142	0.0150	0.0182	0.0002	0.0030	0.0033	0.0043	0.0163	0.0056	0.0134	0.0053	0.0016	0.0214	0.0043	0.0036	0.0160	0.0075	0.0237	0.0194	0.0116	0.0023	0.0096	0.0116	0.0079	0.0081	0.0112	0.0051	0.0019	0.0081	0.0187	0.0203	0.0051	0.0152	0.0104	0.0198	0.0021	0.0048	0.0016	0.0174	0.0135	0.0146	0.0091	0.0016	0.0197	0.0013	0.0209	0.0180	0.0035	0.0038	0.0115	0.0130	0.0147	0.0117	0.0132	0.0005	0.0037	0.0035	0.0077	0.0124	0.0106	0.0198	0.0026	0.0093	0.0101	0.0151	0.0195	0.0067	0.0104	0.0077	0.0009	0.0118	0.0057	0.0060	0.0065	0.0207	0.0120	0.0059	0.0178	0.0077	0.0087	0.0144	0.0025	0.0195	0.0174	0.0045	0.0053	0.0176	0.0022	0.0093	0.0144	0.0184	0.0156	0.0086	0.0015	0.0153	0.0128	0.0023	
0.0114	0.0042	0.0011	0.0131	0.0064	0.0165	0.0025	0.0169	0.0056	0.0085	0.0045	0.0143	0.0075	0.0141	0.0129	0.0017	0.0040	0.0161	0.0124	0.0038	0.0125	0.0057	0.0097	0.0049	0.0052	0.0011	0.0114	0.0024	0.0154	0.0170	0.0050	0.0114	0.0066	0.0106	0.0164	0.0098	0.0044	0.0182	0.0074	0.0066	0.0172	0.0170	0.0189	0.0145	0.0102	0.0069	0.0002	0.0204	0.0078	0.0140	0.0034	0.0035	0.0209	0.0082	0.0103	0.0049	0.0147	0.0158	0.0066	0.0056	0.0032	0.0001	0.0031	0.0085	0.0039	0.0125	0.0075	0.0180	0.0177	0.0011	0.0173	0.0082	0.0114	0.0102	0.0085	0.0153	0.0066	0.0147	0.0146	0.0175	0.0011	0.0183	0.0146	0.0007	0.0141	0.0014	0.0120	0.0155	0.0184	0.0126	0.0144	0.0081	0.0101	0.0024	0.0032	0.0165	0.0154	0.0098	0.0140	0.0172	
0.0165	0.0011	0.0173	0.0069	0.0152	0.0190	0.0093	0.0099	0.0002	0.0149	0.0181	0.0016	0.0025	0.0080	0.0038	0.0075	0.0051	0.0029	0.0160	0.0020	0.0004	0.0104	0.0181	0.0068	0.0063	0.0079	0.0198	0.0082	0.0067	0.0089	0.0019	0.0214	0.0214	0.0141	0.0008	0.0183	0.0192	0.0075	0.0026	0.0180	0.0097	0.0051	0.0176	0.0059	0.0117	0.0129	0.0056	0.0016	0.0192	0.0165	0.0104	0.0128	0.0132	0.0123	0.0156	0.0070	0.0023	0.0123	0.0004	0.0075	0.0157	0.0043	0.0013	0.0095	0.0128	0.0002	0.0026	0.0066	0.0069	0.0038	0.0089	0.0186	0.0213	0.0166	0.0121	0.0142	0.0137	0.0147	0.0110	0.0092	0.0045	0.0193	0.0090	0.0105	0.0013	0.0103	0.0034	0.0076	0.0177	0.0161	0.0190	0.0065	0.0064	0.0121	0.0148	0.0036	0.0023	0.0087	0.0134	0.0138	

Emissions
0.1056	0.3252	0.2353	0.2084	0.1255	
0.1755	0.2183	0.2536	0.3358	0.0169	
0.1854	0.1878	0.3734	0.1206	0.1328	
0.0411	0.4152	0.2972	0.1797	0.0667	
0.2752	0.2588	0.1469	0.2331	0.0861	
0.0591	0.3854	0.1579	0.0523	0.3453	
0.3349	0.0980	0.0175	0.4700	0.0796	
0.0782	0.0605	0.4240	0.0932	0.3441	
0.2329	0.1960	0.2167	0.3330	0.0213	
0.1738	0.2203	0.0062	0.2169	0.3828	
0.1521	0.2454	0.0300	0.2168	0.3557	
0.4011	0.2834	0.0283	0.2130	0.0742	
0.2429	0.1497	0.2711	0.1516	0.1846	
0.1857	0.2173	0.5246	0.0567	0.0158	
0.0023	0.4049	0.1468	0.3723	0.0738	
0.1198	0.0950	0.2196	0.2214	0.3442	
0.2581	0.2546	0.3413	0.1397	0.0063	
0.0705	0.0960	0.3918	0.0282	0.4135	
0.3260	0.0370	0.2751	0.0146	0.3472	
0.1345	0.3458	0.0349	0.1728	0.3120	
0.0069	0.1711	0.3456	0.1392	0.3373	
0.2129	0.1477	0.1224	0.1952	0.3218	
0.1777	0.3533	0.1652	0.1760	0.1278	
0.1168	0.3247	0.1809	0.2072	0.1704	
0.0777	0.3117	0.3124	0.1982	0.0999	
0.3443	0.1963	0.1242	0.1360	0.1992	
0.3097	0.1022	0.0477	0.0369	0.5035	
0.0768	0.2873	0.1811	0.2026	0.2522	
0.2287	0.2843	0.0494	0.1718	0.2659	
0.2853	0.3250	0.0164	0.2592	0.1140	
0.0273	0.3037	0.3959	0.1551	0.1181	
0.0573	0.2857	0.1393	0.0735	0.4443	
0.0102	0.2758	0.2566	0.1990	0.2584	
0.1366	0.3874	0.1750	0.2528	0.0483	
0.2398	0.0221	0.2800	0.3733	0.0848	
0.1301	0.3053	0.1447	0.2634	0.1564	
0.1415	0.2197	0.3553	0.0592	0.2243	
0.0338	0.1684	0.2667	0.3111	0.2200	
0.3031	0.1694	0.1141	0.2974	0.1161	
0.0048	0.0277	0.2343	0.3711	0.3622	
0.0188	0.1438	0.2756	0.2559	0.3059	
0.0031	0.3227	0.3150	0.0000	0.3591	
0.1034	0.0507	0.2585	0.2969	0.2905	
0.1816	0.0783	0.3294	0.0640	0.3467	
0.3376	0.0159	0.2164	0.3364	0.0937	
0.0560	0.2965	0.3698	0.1671	0.1106	
0.2193	0.1860	0.3828	0.0348	0.1771	
0.0219	0.4049	0.1103	0.2148	0.2481	
0.1171	0.3225	0.3471	0.0576	0.1557	
0.2034	0.2971	0.1841	0.0899	0.2255	
0.3257	0.1481	0.1404	0.0102	0.3756	
0.0031	0.3881	0.3692	0.0915	0.1481	
0.0876	0.3517	0.1335	0.2854	0.1418	
0.0323	0.2678	0.2639	0.1834	0.2526	
0.1833	0.3573	0.0722	0.2318	0.1554	
0.0841	0.1615	0.2190	0.2614	0.2740	
0.1249	0.0729	0.3283	0.2949	0.1790	
0.0462	0.0081	0.4596	0.1822	0.3038	
0.3022	0.2163	0.0886	0.2148	0.1781	
0.1756	0.2158	0.0353	0.3907	0.1826	
0.1080	0.2227	0.1094	0.4639	0.0960	
0.2692	0.0396	0.2425	0.2279	0.2207	
0.2994	0.1972	0.1635	0.3138	0.0261	
0.0762	0.1027	0.4847	0.1912	0.1452	
0.0430	0.7042	0.1662	0.0275	0.0591	
0.0638	0.2350	0.2688	0.0863	0.3460	
0.3067	0.1100	0.3474	0.0568	0.1790	
0.1957	0.2916	0.2418	0.1201	0.1508	
0.2409	0.1111	0.2928	0.1940	0.1611	
0.2658	0.4041	0.2019	0.0616	0.0666	
0.1257	0.2788	0.3108	0.2200	0.0646	
0.1406	0.0870	0.0779	0.3685	0.3260	
0.0448	0.0671	0.1430	0.3312	0.4138	
0.2862	0.3822	0.1002	0.1826	0.0488	
0.0760	0.1941	0.1554	0.4255	0.1489	
0.1716	0.3820	0.2318	0.1548	0.0598	
0.1337	0.1520	0.3509	0.0784	0.2851	
0.0301	0.1756	0.0252	0.3655	0.4036	
0.1995	0.3420	0.0056	0.2655	0.1874	
0.4198	0.0266	0.1105	0.4380	0.0052	
0.0412	0.3213	0.0505	0.0028	0.5843	
0.0140	0.3361	0.0090	0.1989	0.4420	
0.1409	0.2450	0.2741	0.2638	0.0762	
0.3601	0.1722	0.0374	0.1097	0.3206	
0.0687	0.3701	0.1442	0.2193	0.1976	
0.1496	0.1654	0.3023	0.1860	0.1967	
0.1210	0.2124	0.2186	0.1149	0.3331	
0.2247	0.0983	0.3302	0.1012	0.2456	
0.1820	0.1591	0.3063	0.1540	0.1986	
0.0588	0.0524	0.2187	0.3074	0.3627	
0.1832	0.4406	0.0115	0.0215	0.3434	
0.1400	0.1607	0.2731	0.2212	0.2050	
0.1789	0.2279	0.1687	0.2492	0.1753	
0.2216	0.3031	0.0933	0.2614	0.1207	
0.2005	0.2057	0.2961	0.2822	0.0155	
0.1287	0.2782	0.2444	0.2273	0.1214	
0.0881	0.3395	0.0523	0.2691	0.2510	
0.1551	0.2309	0.2410	0.1788	0.1942	
0.0910	0.2046	0.0861	0.2104	0.4080	
0.2136	0.2105	0.2471	0.1737	0.1550	
