DataSet 43
Learner: Baum Welch Learner
Log Likelihood: 39258.4249861527

Number of States: 70
Number of Symbols: 5
Threshold: 0.01

Initial Distribution:
0.0271	0.0196	0.0100	0.0087	0.0354	0.0211	0.0274	0.0196	0.0023	0.0188	0.0172	0.0001	0.0107	0.0095	0.0128	0.0339	0.0170	0.0021	0.0122	0.0137	0.0361	0.0393	0.0070	0.0114	0.0147	0.0124	0.0115	0.0312	0.0108	0.0001	0.0040	0.0031	0.0023	0.0113	0.0060	0.0118	0.0122	0.0191	0.0194	0.0275	0.0140	0.0151	0.0168	0.0007	0.0057	0.0152	0.0106	0.0127	0.0348	0.0167	0.0234	0.0026	0.0178	0.0175	0.0191	0.0130	0.0082	0.0134	0.0078	0.0059	0.0197	0.0192	0.0050	0.0020	0.0152	0.0135	0.0263	0.0083	0.0013	0.0088	

Transitions:
0.0149	0.0179	0.0222	0.0200	0.0255	0.0070	0.0115	0.0044	0.0147	0.0077	0.0029	0.0164	0.0032	0.0169	0.0164	0.0019	0.0213	0.0090	0.0195	0.0154	0.0103	0.0171	0.0118	0.0087	0.0002	0.0273	0.0087	0.0134	0.0142	0.0164	0.0248	0.0016	0.0113	0.0080	0.0126	0.0310	0.0091	0.0244	0.0245	0.0186	0.0137	0.0072	0.0109	0.0050	0.0050	0.0104	0.0167	0.0212	0.0149	0.0142	0.0180	0.0216	0.0177	0.0178	0.0079	0.0315	0.0064	0.0191	0.0216	0.0022	0.0002	0.0289	0.0215	0.0305	0.0125	0.0016	0.0045	0.0231	0.0049	0.0267	
0.0197	0.0003	0.0088	0.0282	0.0014	0.0056	0.0063	0.0084	0.0012	0.0182	0.0089	0.0130	0.0309	0.0015	0.0228	0.0018	0.0095	0.0326	0.0007	0.0130	0.0132	0.0186	0.0021	0.0246	0.0196	0.0126	0.0207	0.0126	0.0176	0.0054	0.0061	0.0224	0.0179	0.0262	0.0214	0.0281	0.0109	0.0219	0.0122	0.0007	0.0183	0.0241	0.0127	0.0254	0.0122	0.0156	0.0025	0.0131	0.0027	0.0109	0.0143	0.0093	0.0188	0.0208	0.0041	0.0321	0.0258	0.0162	0.0112	0.0159	0.0162	0.0219	0.0179	0.0265	0.0115	0.0168	0.0252	0.0002	0.0091	0.0014	
0.0187	0.0161	0.0108	0.0001	0.0231	0.0201	0.0086	0.0034	0.0024	0.0024	0.0113	0.0003	0.0110	0.0105	0.0139	0.0213	0.0282	0.0271	0.0205	0.0193	0.0238	0.0246	0.0091	0.0263	0.0116	0.0231	0.0088	0.0178	0.0135	0.0055	0.0218	0.0025	0.0072	0.0020	0.0192	0.0021	0.0272	0.0239	0.0226	0.0134	0.0195	0.0232	0.0113	0.0067	0.0046	0.0172	0.0125	0.0047	0.0108	0.0181	0.0155	0.0285	0.0072	0.0188	0.0059	0.0225	0.0071	0.0133	0.0180	0.0014	0.0103	0.0200	0.0175	0.0266	0.0108	0.0086	0.0233	0.0092	0.0192	0.0128	
0.0235	0.0039	0.0033	0.0098	0.0017	0.0015	0.0129	0.0037	0.0201	0.0232	0.0121	0.0034	0.0086	0.0263	0.0166	0.0176	0.0237	0.0227	0.0251	0.0253	0.0208	0.0125	0.0054	0.0229	0.0007	0.0268	0.0063	0.0137	0.0221	0.0277	0.0262	0.0037	0.0155	0.0291	0.0214	0.0159	0.0240	0.0287	0.0155	0.0045	0.0078	0.0035	0.0213	0.0197	0.0118	0.0086	0.0130	0.0155	0.0093	0.0219	0.0113	0.0057	0.0105	0.0240	0.0188	0.0129	0.0269	0.0115	0.0101	0.0029	0.0236	0.0004	0.0091	0.0227	0.0011	0.0083	0.0185	0.0099	0.0068	0.0042	
0.0234	0.0197	0.0007	0.0201	0.0152	0.0194	0.0174	0.0125	0.0026	0.0216	0.0129	0.0148	0.0061	0.0049	0.0130	0.0143	0.0171	0.0298	0.0096	0.0081	0.0102	0.0118	0.0130	0.0130	0.0097	0.0062	0.0320	0.0008	0.0168	0.0097	0.0181	0.0034	0.0113	0.0063	0.0254	0.0215	0.0041	0.0210	0.0028	0.0234	0.0186	0.0106	0.0071	0.0147	0.0108	0.0087	0.0203	0.0027	0.0067	0.0119	0.0116	0.0239	0.0217	0.0288	0.0206	0.0127	0.0074	0.0202	0.0134	0.0140	0.0259	0.0187	0.0243	0.0227	0.0018	0.0124	0.0033	0.0222	0.0090	0.0296	
0.0111	0.0227	0.0153	0.0117	0.0134	0.0030	0.0050	0.0017	0.0245	0.0254	0.0099	0.0204	0.0240	0.0068	0.0213	0.0171	0.0036	0.0175	0.0170	0.0110	0.0067	0.0128	0.0056	0.0191	0.0019	0.0245	0.0202	0.0137	0.0116	0.0047	0.0060	0.0244	0.0209	0.0130	0.0294	0.0206	0.0079	0.0158	0.0080	0.0128	0.0046	0.0048	0.0175	0.0118	0.0008	0.0032	0.0250	0.0125	0.0216	0.0088	0.0054	0.0183	0.0071	0.0268	0.0167	0.0282	0.0194	0.0291	0.0109	0.0181	0.0140	0.0175	0.0172	0.0199	0.0178	0.0137	0.0273	0.0072	0.0069	0.0063	
0.0118	0.0142	0.0029	0.0041	0.0058	0.0037	0.0209	0.0204	0.0195	0.0280	0.0253	0.0013	0.0237	0.0052	0.0271	0.0133	0.0142	0.0365	0.0273	0.0027	0.0171	0.0092	0.0042	0.0198	0.0348	0.0131	0.0249	0.0002	0.0183	0.0151	0.0037	0.0197	0.0079	0.0239	0.0292	0.0258	0.0148	0.0059	0.0168	0.0108	0.0296	0.0236	0.0073	0.0109	0.0120	0.0127	0.0013	0.0099	0.0173	0.0061	0.0192	0.0055	0.0079	0.0058	0.0110	0.0019	0.0114	0.0166	0.0054	0.0257	0.0163	0.0240	0.0020	0.0022	0.0207	0.0090	0.0224	0.0221	0.0081	0.0092	
0.0288	0.0096	0.0034	0.0147	0.0027	0.0282	0.0033	0.0226	0.0000	0.0149	0.0129	0.0067	0.0078	0.0153	0.0195	0.0236	0.0098	0.0028	0.0128	0.0231	0.0071	0.0028	0.0005	0.0284	0.0278	0.0036	0.0288	0.0061	0.0162	0.0116	0.0222	0.0057	0.0023	0.0165	0.0069	0.0194	0.0024	0.0276	0.0026	0.0117	0.0288	0.0185	0.0131	0.0189	0.0073	0.0086	0.0187	0.0138	0.0120	0.0278	0.0237	0.0208	0.0119	0.0162	0.0327	0.0288	0.0106	0.0065	0.0194	0.0275	0.0020	0.0273	0.0055	0.0199	0.0225	0.0081	0.0047	0.0204	0.0082	0.0032	
0.0210	0.0116	0.0302	0.0019	0.0199	0.0179	0.0156	0.0099	0.0166	0.0158	0.0142	0.0097	0.0245	0.0193	0.0116	0.0001	0.0210	0.0206	0.0153	0.0089	0.0049	0.0205	0.0065	0.0035	0.0087	0.0005	0.0135	0.0218	0.0220	0.0021	0.0043	0.0283	0.0074	0.0098	0.0009	0.0165	0.0191	0.0107	0.0170	0.0099	0.0071	0.0000	0.0160	0.0256	0.0084	0.0222	0.0039	0.0103	0.0056	0.0254	0.0118	0.0176	0.0031	0.0282	0.0256	0.0304	0.0048	0.0257	0.0244	0.0213	0.0052	0.0226	0.0152	0.0146	0.0122	0.0146	0.0022	0.0140	0.0181	0.0303	
0.0075	0.0093	0.0240	0.0066	0.0022	0.0055	0.0061	0.0082	0.0187	0.0155	0.0235	0.0295	0.0226	0.0019	0.0163	0.0129	0.0208	0.0130	0.0126	0.0017	0.0067	0.0186	0.0131	0.0231	0.0044	0.0108	0.0192	0.0027	0.0123	0.0260	0.0194	0.0195	0.0221	0.0088	0.0164	0.0045	0.0181	0.0273	0.0212	0.0188	0.0208	0.0218	0.0062	0.0054	0.0160	0.0060	0.0053	0.0100	0.0217	0.0281	0.0148	0.0223	0.0002	0.0187	0.0192	0.0162	0.0222	0.0046	0.0031	0.0211	0.0203	0.0043	0.0264	0.0200	0.0221	0.0058	0.0062	0.0092	0.0142	0.0163	
0.0268	0.0255	0.0143	0.0232	0.0105	0.0152	0.0179	0.0124	0.0261	0.0290	0.0067	0.0029	0.0059	0.0173	0.0082	0.0240	0.0216	0.0050	0.0218	0.0010	0.0100	0.0163	0.0213	0.0056	0.0008	0.0168	0.0013	0.0185	0.0091	0.0257	0.0344	0.0283	0.0292	0.0163	0.0027	0.0295	0.0111	0.0095	0.0082	0.0041	0.0290	0.0125	0.0099	0.0055	0.0116	0.0189	0.0317	0.0073	0.0127	0.0005	0.0144	0.0026	0.0194	0.0178	0.0038	0.0108	0.0033	0.0090	0.0245	0.0239	0.0133	0.0004	0.0025	0.0017	0.0275	0.0116	0.0080	0.0220	0.0141	0.0159	
0.0143	0.0099	0.0318	0.0163	0.0043	0.0263	0.0063	0.0193	0.0186	0.0111	0.0180	0.0225	0.0049	0.0082	0.0068	0.0205	0.0070	0.0092	0.0098	0.0199	0.0219	0.0026	0.0134	0.0137	0.0165	0.0251	0.0077	0.0078	0.0070	0.0043	0.0120	0.0106	0.0247	0.0258	0.0132	0.0040	0.0058	0.0021	0.0110	0.0056	0.0025	0.0154	0.0163	0.0074	0.0054	0.0220	0.0271	0.0169	0.0266	0.0346	0.0033	0.0282	0.0086	0.0216	0.0205	0.0117	0.0243	0.0112	0.0296	0.0063	0.0144	0.0282	0.0107	0.0167	0.0025	0.0062	0.0281	0.0076	0.0229	0.0033	
0.0225	0.0042	0.0341	0.0072	0.0203	0.0068	0.0157	0.0106	0.0052	0.0004	0.0007	0.0178	0.0162	0.0085	0.0323	0.0116	0.0011	0.0038	0.0057	0.0022	0.0101	0.0236	0.0047	0.0023	0.0164	0.0039	0.0037	0.0005	0.0053	0.0017	0.0251	0.0221	0.0322	0.0218	0.0092	0.0354	0.0310	0.0021	0.0006	0.0192	0.0302	0.0166	0.0085	0.0281	0.0067	0.0036	0.0168	0.0026	0.0184	0.0242	0.0054	0.0285	0.0010	0.0254	0.0258	0.0312	0.0329	0.0285	0.0253	0.0161	0.0029	0.0164	0.0050	0.0040	0.0097	0.0128	0.0181	0.0265	0.0308	0.0005	
0.0124	0.0239	0.0025	0.0183	0.0041	0.0237	0.0131	0.0084	0.0224	0.0117	0.0178	0.0005	0.0150	0.0144	0.0248	0.0200	0.0169	0.0085	0.0247	0.0094	0.0004	0.0025	0.0082	0.0137	0.0131	0.0113	0.0105	0.0042	0.0150	0.0261	0.0168	0.0225	0.0034	0.0158	0.0064	0.0075	0.0217	0.0118	0.0156	0.0289	0.0130	0.0195	0.0027	0.0077	0.0190	0.0025	0.0014	0.0154	0.0071	0.0147	0.0190	0.0092	0.0229	0.0196	0.0000	0.0110	0.0180	0.0192	0.0061	0.0202	0.0135	0.0101	0.0219	0.0278	0.0238	0.0258	0.0261	0.0267	0.0079	0.0202	
0.0016	0.0050	0.0196	0.0273	0.0217	0.0097	0.0251	0.0022	0.0147	0.0101	0.0100	0.0205	0.0298	0.0028	0.0021	0.0054	0.0240	0.0179	0.0153	0.0237	0.0150	0.0038	0.0046	0.0242	0.0140	0.0024	0.0308	0.0053	0.0105	0.0020	0.0056	0.0041	0.0104	0.0186	0.0125	0.0210	0.0178	0.0280	0.0198	0.0193	0.0107	0.0147	0.0034	0.0223	0.0078	0.0237	0.0131	0.0151	0.0219	0.0203	0.0004	0.0124	0.0090	0.0131	0.0005	0.0292	0.0290	0.0272	0.0154	0.0224	0.0110	0.0226	0.0210	0.0132	0.0049	0.0063	0.0099	0.0077	0.0184	0.0153	
0.0139	0.0178	0.0172	0.0234	0.0097	0.0023	0.0006	0.0087	0.0110	0.0173	0.0145	0.0083	0.0134	0.0197	0.0014	0.0144	0.0178	0.0390	0.0160	0.0124	0.0106	0.0164	0.0076	0.0256	0.0082	0.0134	0.0309	0.0163	0.0137	0.0050	0.0127	0.0053	0.0256	0.0105	0.0023	0.0032	0.0165	0.0138	0.0205	0.0237	0.0239	0.0149	0.0111	0.0197	0.0026	0.0020	0.0100	0.0189	0.0077	0.0119	0.0073	0.0108	0.0129	0.0055	0.0286	0.0259	0.0128	0.0274	0.0192	0.0264	0.0064	0.0085	0.0212	0.0063	0.0042	0.0123	0.0100	0.0231	0.0149	0.0329	
0.0017	0.0066	0.0263	0.0180	0.0144	0.0262	0.0079	0.0158	0.0196	0.0047	0.0031	0.0242	0.0091	0.0055	0.0200	0.0010	0.0140	0.0233	0.0136	0.0073	0.0140	0.0212	0.0185	0.0271	0.0189	0.0140	0.0260	0.0066	0.0154	0.0207	0.0197	0.0119	0.0072	0.0115	0.0100	0.0049	0.0111	0.0271	0.0144	0.0239	0.0128	0.0227	0.0019	0.0110	0.0160	0.0085	0.0008	0.0118	0.0114	0.0039	0.0196	0.0169	0.0114	0.0106	0.0107	0.0054	0.0113	0.0286	0.0286	0.0018	0.0025	0.0018	0.0266	0.0271	0.0118	0.0187	0.0180	0.0234	0.0209	0.0174	
0.0163	0.0119	0.0062	0.0156	0.0220	0.0175	0.0211	0.0119	0.0037	0.0082	0.0160	0.0093	0.0187	0.0124	0.0217	0.0012	0.0302	0.0181	0.0011	0.0040	0.0237	0.0124	0.0196	0.0141	0.0138	0.0108	0.0162	0.0028	0.0235	0.0045	0.0208	0.0047	0.0181	0.0185	0.0109	0.0079	0.0118	0.0210	0.0159	0.0214	0.0098	0.0005	0.0225	0.0162	0.0109	0.0227	0.0080	0.0086	0.0031	0.0133	0.0165	0.0210	0.0262	0.0189	0.0191	0.0035	0.0160	0.0133	0.0266	0.0067	0.0145	0.0189	0.0108	0.0005	0.0190	0.0088	0.0174	0.0291	0.0259	0.0122	
0.0142	0.0035	0.0085	0.0121	0.0164	0.0195	0.0136	0.0099	0.0274	0.0009	0.0033	0.0128	0.0002	0.0146	0.0118	0.0199	0.0081	0.0004	0.0002	0.0096	0.0158	0.0168	0.0194	0.0039	0.0254	0.0171	0.0192	0.0200	0.0215	0.0052	0.0011	0.0095	0.0141	0.0161	0.0254	0.0201	0.0122	0.0119	0.0212	0.0040	0.0163	0.0049	0.0178	0.0215	0.0046	0.0106	0.0189	0.0198	0.0141	0.0251	0.0010	0.0194	0.0191	0.0174	0.0247	0.0272	0.0062	0.0058	0.0191	0.0034	0.0042	0.0212	0.0152	0.0214	0.0235	0.0218	0.0267	0.0134	0.0182	0.0304	
0.0115	0.0221	0.0043	0.0250	0.0209	0.0161	0.0019	0.0015	0.0242	0.0122	0.0286	0.0197	0.0076	0.0016	0.0044	0.0084	0.0122	0.0322	0.0203	0.0278	0.0087	0.0078	0.0179	0.0231	0.0297	0.0217	0.0230	0.0280	0.0230	0.0159	0.0138	0.0074	0.0047	0.0215	0.0132	0.0048	0.0153	0.0020	0.0222	0.0081	0.0224	0.0053	0.0099	0.0052	0.0031	0.0150	0.0168	0.0103	0.0168	0.0207	0.0084	0.0021	0.0201	0.0239	0.0169	0.0036	0.0033	0.0125	0.0288	0.0016	0.0231	0.0029	0.0057	0.0101	0.0276	0.0225	0.0151	0.0145	0.0170	0.0003	
0.0256	0.0094	0.0024	0.0154	0.0069	0.0054	0.0275	0.0182	0.0203	0.0177	0.0049	0.0090	0.0153	0.0075	0.0053	0.0100	0.0142	0.0182	0.0070	0.0103	0.0006	0.0042	0.0050	0.0246	0.0161	0.0195	0.0431	0.0011	0.0053	0.0132	0.0320	0.0028	0.0281	0.0217	0.0308	0.0007	0.0304	0.0099	0.0143	0.0115	0.0058	0.0146	0.0251	0.0106	0.0205	0.0168	0.0214	0.0276	0.0042	0.0204	0.0062	0.0033	0.0077	0.0101	0.0413	0.0264	0.0048	0.0143	0.0017	0.0220	0.0062	0.0294	0.0148	0.0062	0.0153	0.0029	0.0163	0.0219	0.0114	0.0056	
0.0111	0.0051	0.0234	0.0254	0.0039	0.0163	0.0090	0.0229	0.0267	0.0277	0.0239	0.0009	0.0356	0.0174	0.0052	0.0230	0.0215	0.0234	0.0189	0.0050	0.0183	0.0173	0.0054	0.0276	0.0070	0.0076	0.0028	0.0182	0.0229	0.0228	0.0024	0.0295	0.0165	0.0006	0.0091	0.0018	0.0055	0.0145	0.0037	0.0124	0.0099	0.0087	0.0145	0.0055	0.0153	0.0041	0.0009	0.0245	0.0002	0.0193	0.0061	0.0272	0.0038	0.0076	0.0103	0.0263	0.0305	0.0008	0.0214	0.0324	0.0157	0.0208	0.0001	0.0013	0.0221	0.0308	0.0141	0.0213	0.0078	0.0044	
0.0182	0.0093	0.0122	0.0051	0.0198	0.0166	0.0036	0.0013	0.0057	0.0014	0.0072	0.0063	0.0227	0.0056	0.0161	0.0031	0.0244	0.0143	0.0222	0.0153	0.0018	0.0042	0.0182	0.0082	0.0319	0.0180	0.0109	0.0131	0.0111	0.0244	0.0234	0.0057	0.0189	0.0287	0.0320	0.0354	0.0169	0.0322	0.0111	0.0233	0.0193	0.0276	0.0235	0.0171	0.0111	0.0087	0.0026	0.0190	0.0144	0.0226	0.0027	0.0044	0.0027	0.0246	0.0016	0.0182	0.0175	0.0042	0.0061	0.0060	0.0069	0.0202	0.0216	0.0132	0.0101	0.0016	0.0190	0.0244	0.0064	0.0229	
0.0138	0.0191	0.0265	0.0006	0.0224	0.0035	0.0081	0.0049	0.0154	0.0182	0.0146	0.0133	0.0278	0.0198	0.0173	0.0119	0.0018	0.0251	0.0213	0.0112	0.0088	0.0112	0.0178	0.0050	0.0124	0.0236	0.0084	0.0113	0.0056	0.0169	0.0190	0.0098	0.0161	0.0237	0.0027	0.0088	0.0053	0.0024	0.0207	0.0262	0.0050	0.0102	0.0137	0.0114	0.0130	0.0206	0.0193	0.0189	0.0198	0.0242	0.0223	0.0211	0.0221	0.0217	0.0071	0.0025	0.0000	0.0205	0.0159	0.0008	0.0202	0.0238	0.0262	0.0271	0.0015	0.0050	0.0248	0.0019	0.0168	0.0104	
0.0086	0.0235	0.0007	0.0267	0.0063	0.0274	0.0227	0.0104	0.0143	0.0196	0.0057	0.0134	0.0227	0.0110	0.0177	0.0198	0.0131	0.0304	0.0173	0.0003	0.0071	0.0110	0.0118	0.0235	0.0026	0.0078	0.0134	0.0150	0.0100	0.0145	0.0263	0.0200	0.0057	0.0113	0.0152	0.0002	0.0207	0.0290	0.0138	0.0084	0.0049	0.0180	0.0068	0.0220	0.0145	0.0115	0.0064	0.0127	0.0096	0.0060	0.0160	0.0035	0.0106	0.0201	0.0022	0.0278	0.0128	0.0077	0.0275	0.0254	0.0146	0.0104	0.0304	0.0003	0.0236	0.0157	0.0074	0.0087	0.0234	0.0205	
0.0034	0.0127	0.0088	0.0105	0.0226	0.0194	0.0055	0.0216	0.0273	0.0205	0.0018	0.0257	0.0065	0.0060	0.0229	0.0176	0.0065	0.0185	0.0090	0.0178	0.0155	0.0140	0.0030	0.0165	0.0213	0.0232	0.0205	0.0071	0.0246	0.0091	0.0039	0.0294	0.0208	0.0221	0.0020	0.0078	0.0240	0.0023	0.0231	0.0131	0.0207	0.0213	0.0093	0.0037	0.0200	0.0215	0.0052	0.0193	0.0070	0.0063	0.0082	0.0216	0.0271	0.0081	0.0014	0.0192	0.0113	0.0234	0.0210	0.0014	0.0001	0.0285	0.0254	0.0202	0.0166	0.0039	0.0056	0.0137	0.0039	0.0173	
0.0199	0.0030	0.0199	0.0224	0.0199	0.0210	0.0040	0.0248	0.0148	0.0006	0.0161	0.0229	0.0281	0.0172	0.0237	0.0079	0.0242	0.0134	0.0162	0.0107	0.0190	0.0018	0.0084	0.0200	0.0102	0.0175	0.0230	0.0162	0.0123	0.0205	0.0142	0.0197	0.0161	0.0174	0.0082	0.0054	0.0238	0.0018	0.0072	0.0046	0.0110	0.0096	0.0034	0.0147	0.0067	0.0033	0.0244	0.0023	0.0163	0.0054	0.0033	0.0196	0.0166	0.0182	0.0172	0.0211	0.0183	0.0250	0.0140	0.0051	0.0222	0.0123	0.0122	0.0213	0.0119	0.0218	0.0060	0.0079	0.0091	0.0218	
0.0116	0.0223	0.0030	0.0158	0.0007	0.0145	0.0247	0.0225	0.0101	0.0090	0.0206	0.0230	0.0003	0.0107	0.0197	0.0193	0.0262	0.0412	0.0007	0.0158	0.0105	0.0005	0.0135	0.0023	0.0064	0.0261	0.0367	0.0096	0.0026	0.0156	0.0262	0.0197	0.0222	0.0291	0.0267	0.0107	0.0187	0.0075	0.0174	0.0059	0.0262	0.0244	0.0185	0.0057	0.0097	0.0068	0.0133	0.0028	0.0042	0.0233	0.0210	0.0085	0.0066	0.0273	0.0110	0.0139	0.0095	0.0014	0.0112	0.0036	0.0179	0.0176	0.0233	0.0257	0.0112	0.0032	0.0010	0.0030	0.0152	0.0132	
0.0024	0.0176	0.0095	0.0226	0.0179	0.0165	0.0099	0.0107	0.0165	0.0256	0.0126	0.0234	0.0051	0.0092	0.0176	0.0133	0.0117	0.0272	0.0156	0.0106	0.0263	0.0170	0.0198	0.0164	0.0176	0.0071	0.0046	0.0250	0.0208	0.0113	0.0065	0.0121	0.0158	0.0224	0.0190	0.0060	0.0273	0.0134	0.0051	0.0223	0.0005	0.0287	0.0122	0.0111	0.0140	0.0222	0.0126	0.0091	0.0047	0.0263	0.0165	0.0048	0.0146	0.0052	0.0118	0.0133	0.0251	0.0215	0.0051	0.0104	0.0108	0.0142	0.0166	0.0072	0.0204	0.0011	0.0082	0.0103	0.0174	0.0128	
0.0131	0.0221	0.0178	0.0236	0.0077	0.0004	0.0041	0.0122	0.0227	0.0222	0.0208	0.0203	0.0202	0.0235	0.0167	0.0008	0.0211	0.0123	0.0108	0.0054	0.0075	0.0048	0.0063	0.0197	0.0075	0.0125	0.0106	0.0047	0.0149	0.0166	0.0123	0.0023	0.0206	0.0200	0.0062	0.0228	0.0119	0.0166	0.0186	0.0100	0.0076	0.0083	0.0207	0.0052	0.0099	0.0170	0.0205	0.0126	0.0135	0.0192	0.0037	0.0244	0.0191	0.0107	0.0024	0.0107	0.0159	0.0258	0.0172	0.0202	0.0160	0.0244	0.0236	0.0053	0.0109	0.0184	0.0003	0.0272	0.0175	0.0278	
0.0120	0.0053	0.0152	0.0009	0.0194	0.0240	0.0072	0.0017	0.0034	0.0140	0.0187	0.0192	0.0168	0.0221	0.0114	0.0109	0.0039	0.0099	0.0153	0.0195	0.0026	0.0115	0.0003	0.0237	0.0179	0.0068	0.0131	0.0159	0.0161	0.0228	0.0178	0.0202	0.0225	0.0167	0.0039	0.0262	0.0080	0.0226	0.0110	0.0027	0.0009	0.0138	0.0181	0.0224	0.0019	0.0221	0.0090	0.0173	0.0180	0.0258	0.0119	0.0172	0.0073	0.0222	0.0200	0.0267	0.0054	0.0164	0.0082	0.0138	0.0107	0.0156	0.0088	0.0060	0.0211	0.0227	0.0233	0.0268	0.0184	0.0151	
0.0047	0.0058	0.0259	0.0129	0.0202	0.0130	0.0188	0.0004	0.0189	0.0198	0.0257	0.0156	0.0237	0.0186	0.0080	0.0197	0.0127	0.0224	0.0191	0.0036	0.0191	0.0175	0.0119	0.0214	0.0133	0.0098	0.0053	0.0142	0.0008	0.0052	0.0273	0.0102	0.0020	0.0045	0.0177	0.0077	0.0196	0.0205	0.0017	0.0076	0.0059	0.0059	0.0211	0.0110	0.0140	0.0230	0.0186	0.0113	0.0255	0.0279	0.0105	0.0247	0.0035	0.0171	0.0205	0.0115	0.0176	0.0013	0.0253	0.0084	0.0061	0.0055	0.0239	0.0165	0.0221	0.0143	0.0141	0.0208	0.0244	0.0008	
0.0038	0.0161	0.0215	0.0167	0.0170	0.0128	0.0175	0.0033	0.0028	0.0192	0.0169	0.0188	0.0194	0.0012	0.0182	0.0233	0.0054	0.0175	0.0098	0.0071	0.0118	0.0136	0.0193	0.0165	0.0300	0.0004	0.0078	0.0045	0.0124	0.0034	0.0077	0.0231	0.0159	0.0265	0.0249	0.0264	0.0017	0.0144	0.0162	0.0085	0.0179	0.0119	0.0211	0.0028	0.0109	0.0154	0.0151	0.0200	0.0200	0.0242	0.0071	0.0035	0.0071	0.0180	0.0119	0.0148	0.0188	0.0082	0.0180	0.0244	0.0071	0.0160	0.0180	0.0240	0.0108	0.0191	0.0028	0.0203	0.0057	0.0318	
0.0203	0.0164	0.0183	0.0002	0.0126	0.0018	0.0165	0.0190	0.0244	0.0086	0.0109	0.0084	0.0094	0.0164	0.0207	0.0033	0.0133	0.0348	0.0126	0.0088	0.0007	0.0159	0.0185	0.0222	0.0027	0.0235	0.0314	0.0233	0.0141	0.0004	0.0147	0.0222	0.0189	0.0291	0.0296	0.0214	0.0105	0.0109	0.0012	0.0092	0.0189	0.0001	0.0090	0.0067	0.0070	0.0252	0.0096	0.0197	0.0038	0.0102	0.0039	0.0064	0.0053	0.0244	0.0252	0.0038	0.0207	0.0278	0.0274	0.0176	0.0029	0.0198	0.0045	0.0228	0.0185	0.0152	0.0169	0.0083	0.0158	0.0056	
0.0187	0.0039	0.0258	0.0032	0.0162	0.0009	0.0104	0.0175	0.0093	0.0034	0.0182	0.0007	0.0265	0.0071	0.0232	0.0065	0.0166	0.0280	0.0033	0.0228	0.0215	0.0126	0.0106	0.0113	0.0069	0.0242	0.0258	0.0144	0.0116	0.0273	0.0108	0.0021	0.0077	0.0000	0.0186	0.0011	0.0114	0.0049	0.0058	0.0261	0.0211	0.0056	0.0154	0.0212	0.0013	0.0027	0.0284	0.0198	0.0009	0.0179	0.0232	0.0253	0.0044	0.0249	0.0098	0.0065	0.0198	0.0132	0.0283	0.0198	0.0044	0.0249	0.0050	0.0122	0.0206	0.0152	0.0222	0.0263	0.0169	0.0259	
0.0214	0.0105	0.0160	0.0079	0.0036	0.0174	0.0228	0.0186	0.0085	0.0041	0.0259	0.0282	0.0155	0.0240	0.0250	0.0118	0.0240	0.0155	0.0184	0.0111	0.0085	0.0225	0.0069	0.0117	0.0198	0.0214	0.0011	0.0042	0.0251	0.0149	0.0096	0.0036	0.0073	0.0070	0.0206	0.0189	0.0077	0.0260	0.0173	0.0199	0.0077	0.0264	0.0037	0.0184	0.0163	0.0056	0.0109	0.0061	0.0131	0.0094	0.0153	0.0097	0.0038	0.0061	0.0127	0.0282	0.0032	0.0046	0.0184	0.0091	0.0160	0.0212	0.0211	0.0214	0.0208	0.0219	0.0204	0.0077	0.0055	0.0107	
0.0053	0.0252	0.0233	0.0287	0.0038	0.0102	0.0214	0.0168	0.0155	0.0134	0.0125	0.0234	0.0224	0.0194	0.0261	0.0241	0.0278	0.0014	0.0230	0.0219	0.0119	0.0034	0.0070	0.0097	0.0034	0.0136	0.0101	0.0106	0.0231	0.0027	0.0153	0.0038	0.0014	0.0052	0.0037	0.0233	0.0162	0.0062	0.0016	0.0029	0.0024	0.0154	0.0176	0.0036	0.0179	0.0247	0.0036	0.0004	0.0244	0.0273	0.0199	0.0206	0.0119	0.0133	0.0274	0.0020	0.0204	0.0144	0.0281	0.0184	0.0012	0.0129	0.0223	0.0133	0.0267	0.0089	0.0220	0.0150	0.0152	0.0077	
0.0118	0.0208	0.0304	0.0222	0.0183	0.0289	0.0136	0.0051	0.0124	0.0088	0.0109	0.0093	0.0180	0.0008	0.0080	0.0211	0.0197	0.0251	0.0096	0.0017	0.0253	0.0032	0.0088	0.0123	0.0016	0.0188	0.0297	0.0060	0.0037	0.0196	0.0029	0.0200	0.0148	0.0215	0.0148	0.0026	0.0210	0.0249	0.0208	0.0293	0.0183	0.0155	0.0017	0.0162	0.0066	0.0236	0.0289	0.0178	0.0049	0.0067	0.0161	0.0036	0.0048	0.0162	0.0087	0.0103	0.0128	0.0207	0.0225	0.0022	0.0032	0.0091	0.0012	0.0247	0.0058	0.0231	0.0264	0.0264	0.0168	0.0068	
0.0025	0.0223	0.0254	0.0113	0.0126	0.0133	0.0016	0.0221	0.0019	0.0088	0.0193	0.0044	0.0010	0.0273	0.0299	0.0243	0.0126	0.0364	0.0118	0.0042	0.0159	0.0028	0.0025	0.0199	0.0264	0.0075	0.0169	0.0085	0.0093	0.0176	0.0284	0.0033	0.0028	0.0306	0.0036	0.0269	0.0062	0.0250	0.0001	0.0241	0.0070	0.0177	0.0151	0.0099	0.0080	0.0278	0.0075	0.0027	0.0202	0.0071	0.0065	0.0257	0.0112	0.0137	0.0180	0.0328	0.0234	0.0083	0.0182	0.0068	0.0286	0.0223	0.0136	0.0149	0.0101	0.0180	0.0018	0.0012	0.0220	0.0086	
0.0179	0.0157	0.0225	0.0167	0.0194	0.0010	0.0131	0.0182	0.0076	0.0238	0.0244	0.0102	0.0172	0.0032	0.0086	0.0011	0.0159	0.0247	0.0132	0.0034	0.0190	0.0209	0.0055	0.0208	0.0271	0.0114	0.0066	0.0016	0.0231	0.0208	0.0241	0.0056	0.0083	0.0158	0.0149	0.0212	0.0234	0.0239	0.0123	0.0125	0.0117	0.0010	0.0238	0.0162	0.0043	0.0145	0.0059	0.0074	0.0034	0.0086	0.0199	0.0109	0.0119	0.0183	0.0096	0.0260	0.0102	0.0060	0.0216	0.0132	0.0252	0.0132	0.0225	0.0121	0.0225	0.0219	0.0024	0.0002	0.0153	0.0235	
0.0030	0.0202	0.0036	0.0274	0.0157	0.0249	0.0232	0.0145	0.0154	0.0067	0.0062	0.0248	0.0294	0.0174	0.0248	0.0115	0.0165	0.0227	0.0060	0.0181	0.0050	0.0164	0.0019	0.0020	0.0195	0.0232	0.0092	0.0135	0.0172	0.0127	0.0149	0.0062	0.0195	0.0138	0.0062	0.0025	0.0071	0.0181	0.0241	0.0111	0.0231	0.0217	0.0161	0.0124	0.0038	0.0265	0.0162	0.0023	0.0135	0.0141	0.0030	0.0136	0.0174	0.0269	0.0141	0.0125	0.0199	0.0020	0.0096	0.0215	0.0169	0.0123	0.0255	0.0022	0.0180	0.0001	0.0061	0.0128	0.0113	0.0281	
0.0067	0.0004	0.0199	0.0244	0.0255	0.0112	0.0028	0.0174	0.0255	0.0205	0.0093	0.0055	0.0335	0.0071	0.0101	0.0007	0.0132	0.0241	0.0293	0.0240	0.0091	0.0060	0.0078	0.0046	0.0237	0.0098	0.0005	0.0171	0.0210	0.0068	0.0241	0.0046	0.0202	0.0216	0.0080	0.0042	0.0245	0.0309	0.0014	0.0031	0.0089	0.0049	0.0064	0.0186	0.0122	0.0135	0.0140	0.0160	0.0218	0.0231	0.0148	0.0153	0.0131	0.0203	0.0168	0.0005	0.0216	0.0160	0.0013	0.0165	0.0104	0.0163	0.0256	0.0204	0.0268	0.0051	0.0167	0.0083	0.0280	0.0067	
0.0050	0.0107	0.0173	0.0247	0.0123	0.0045	0.0240	0.0174	0.0177	0.0091	0.0223	0.0114	0.0265	0.0007	0.0180	0.0058	0.0180	0.0003	0.0055	0.0065	0.0092	0.0080	0.0203	0.0133	0.0222	0.0197	0.0106	0.0151	0.0178	0.0094	0.0255	0.0054	0.0175	0.0155	0.0157	0.0036	0.0221	0.0158	0.0027	0.0092	0.0006	0.0009	0.0223	0.0181	0.0137	0.0256	0.0186	0.0191	0.0237	0.0190	0.0101	0.0143	0.0018	0.0209	0.0242	0.0265	0.0144	0.0058	0.0047	0.0214	0.0231	0.0110	0.0275	0.0084	0.0109	0.0187	0.0216	0.0070	0.0123	0.0172	
0.0115	0.0036	0.0319	0.0240	0.0062	0.0107	0.0132	0.0071	0.0200	0.0211	0.0011	0.0150	0.0175	0.0016	0.0251	0.0084	0.0037	0.0257	0.0193	0.0178	0.0183	0.0190	0.0090	0.0102	0.0123	0.0181	0.0021	0.0172	0.0072	0.0020	0.0054	0.0149	0.0097	0.0119	0.0070	0.0098	0.0179	0.0064	0.0150	0.0140	0.0116	0.0095	0.0129	0.0102	0.0157	0.0105	0.0254	0.0201	0.0131	0.0021	0.0138	0.0264	0.0158	0.0255	0.0265	0.0201	0.0229	0.0151	0.0119	0.0132	0.0070	0.0264	0.0277	0.0211	0.0182	0.0165	0.0058	0.0051	0.0226	0.0159	
0.0193	0.0237	0.0113	0.0111	0.0063	0.0089	0.0053	0.0009	0.0191	0.0052	0.0227	0.0063	0.0067	0.0062	0.0158	0.0073	0.0254	0.0256	0.0153	0.0158	0.0121	0.0013	0.0200	0.0281	0.0040	0.0139	0.0136	0.0203	0.0194	0.0045	0.0039	0.0201	0.0031	0.0280	0.0114	0.0257	0.0136	0.0053	0.0140	0.0184	0.0166	0.0194	0.0265	0.0052	0.0138	0.0033	0.0206	0.0194	0.0041	0.0116	0.0143	0.0213	0.0145	0.0085	0.0341	0.0263	0.0015	0.0191	0.0083	0.0264	0.0309	0.0133	0.0112	0.0139	0.0014	0.0043	0.0027	0.0098	0.0239	0.0349	
0.0217	0.0171	0.0278	0.0205	0.0002	0.0216	0.0019	0.0176	0.0018	0.0253	0.0208	0.0144	0.0159	0.0092	0.0134	0.0092	0.0273	0.0208	0.0201	0.0152	0.0159	0.0258	0.0195	0.0201	0.0162	0.0015	0.0098	0.0149	0.0031	0.0189	0.0006	0.0111	0.0235	0.0074	0.0134	0.0243	0.0185	0.0224	0.0067	0.0045	0.0162	0.0107	0.0116	0.0062	0.0004	0.0106	0.0230	0.0209	0.0250	0.0176	0.0034	0.0065	0.0134	0.0072	0.0074	0.0209	0.0227	0.0056	0.0037	0.0205	0.0101	0.0138	0.0134	0.0112	0.0252	0.0100	0.0187	0.0077	0.0204	0.0162	
0.0187	0.0041	0.0180	0.0212	0.0002	0.0065	0.0138	0.0197	0.0222	0.0088	0.0055	0.0136	0.0212	0.0144	0.0155	0.0194	0.0265	0.0222	0.0008	0.0198	0.0004	0.0127	0.0172	0.0095	0.0219	0.0028	0.0277	0.0010	0.0069	0.0199	0.0225	0.0176	0.0048	0.0088	0.0296	0.0354	0.0191	0.0248	0.0071	0.0017	0.0101	0.0051	0.0137	0.0223	0.0150	0.0298	0.0269	0.0008	0.0251	0.0067	0.0117	0.0033	0.0067	0.0029	0.0201	0.0064	0.0129	0.0089	0.0326	0.0243	0.0106	0.0144	0.0134	0.0026	0.0166	0.0183	0.0094	0.0115	0.0158	0.0184	
0.0030	0.0028	0.0109	0.0290	0.0099	0.0247	0.0003	0.0260	0.0162	0.0207	0.0065	0.0252	0.0058	0.0017	0.0053	0.0135	0.0094	0.0022	0.0186	0.0212	0.0136	0.0102	0.0179	0.0110	0.0215	0.0242	0.0264	0.0117	0.0052	0.0051	0.0224	0.0172	0.0139	0.0106	0.0032	0.0132	0.0216	0.0093	0.0194	0.0243	0.0055	0.0167	0.0211	0.0076	0.0127	0.0179	0.0096	0.0086	0.0248	0.0017	0.0062	0.0075	0.0184	0.0276	0.0321	0.0239	0.0096	0.0002	0.0101	0.0162	0.0022	0.0178	0.0225	0.0125	0.0009	0.0212	0.0104	0.0242	0.0265	0.0286	
0.0241	0.0006	0.0095	0.0266	0.0145	0.0310	0.0180	0.0153	0.0206	0.0037	0.0136	0.0119	0.0187	0.0043	0.0279	0.0115	0.0226	0.0245	0.0118	0.0113	0.0012	0.0201	0.0000	0.0040	0.0246	0.0163	0.0332	0.0106	0.0059	0.0001	0.0065	0.0151	0.0131	0.0031	0.0078	0.0100	0.0257	0.0273	0.0074	0.0295	0.0021	0.0209	0.0103	0.0048	0.0016	0.0189	0.0030	0.0148	0.0124	0.0178	0.0208	0.0217	0.0111	0.0180	0.0293	0.0026	0.0007	0.0084	0.0052	0.0318	0.0044	0.0087	0.0103	0.0211	0.0246	0.0329	0.0000	0.0110	0.0245	0.0228	
0.0167	0.0262	0.0116	0.0116	0.0094	0.0090	0.0118	0.0252	0.0017	0.0011	0.0146	0.0090	0.0276	0.0187	0.0041	0.0127	0.0027	0.0247	0.0092	0.0046	0.0071	0.0203	0.0175	0.0090	0.0235	0.0235	0.0124	0.0220	0.0077	0.0031	0.0220	0.0226	0.0206	0.0254	0.0015	0.0289	0.0111	0.0013	0.0077	0.0160	0.0209	0.0064	0.0051	0.0036	0.0131	0.0260	0.0127	0.0180	0.0161	0.0134	0.0246	0.0052	0.0025	0.0236	0.0126	0.0261	0.0091	0.0019	0.0179	0.0140	0.0239	0.0213	0.0164	0.0305	0.0107	0.0236	0.0207	0.0006	0.0170	0.0075	
0.0028	0.0010	0.0146	0.0252	0.0099	0.0009	0.0113	0.0143	0.0236	0.0004	0.0093	0.0214	0.0075	0.0241	0.0059	0.0113	0.0155	0.0414	0.0137	0.0049	0.0113	0.0067	0.0099	0.0210	0.0208	0.0255	0.0258	0.0052	0.0178	0.0209	0.0050	0.0109	0.0035	0.0086	0.0102	0.0342	0.0155	0.0071	0.0064	0.0100	0.0113	0.0183	0.0075	0.0134	0.0027	0.0037	0.0127	0.0156	0.0169	0.0255	0.0026	0.0220	0.0114	0.0120	0.0234	0.0295	0.0152	0.0319	0.0082	0.0151	0.0115	0.0080	0.0261	0.0003	0.0201	0.0299	0.0182	0.0247	0.0135	0.0135	
0.0197	0.0090	0.0167	0.0024	0.0161	0.0212	0.0004	0.0236	0.0139	0.0107	0.0128	0.0253	0.0125	0.0213	0.0153	0.0085	0.0204	0.0236	0.0153	0.0118	0.0066	0.0147	0.0203	0.0202	0.0258	0.0019	0.0260	0.0066	0.0155	0.0053	0.0146	0.0145	0.0035	0.0110	0.0260	0.0221	0.0034	0.0122	0.0139	0.0213	0.0212	0.0142	0.0076	0.0181	0.0153	0.0109	0.0222	0.0183	0.0094	0.0124	0.0029	0.0241	0.0065	0.0015	0.0013	0.0053	0.0102	0.0231	0.0031	0.0164	0.0217	0.0179	0.0074	0.0082	0.0208	0.0232	0.0215	0.0010	0.0219	0.0266	
0.0076	0.0096	0.0034	0.0249	0.0188	0.0220	0.0108	0.0054	0.0247	0.0179	0.0065	0.0009	0.0344	0.0076	0.0021	0.0165	0.0070	0.0030	0.0113	0.0235	0.0078	0.0078	0.0088	0.0274	0.0315	0.0015	0.0128	0.0000	0.0234	0.0019	0.0182	0.0249	0.0301	0.0166	0.0065	0.0296	0.0230	0.0169	0.0095	0.0102	0.0248	0.0064	0.0023	0.0158	0.0110	0.0265	0.0234	0.0006	0.0068	0.0103	0.0166	0.0229	0.0175	0.0056	0.0202	0.0347	0.0003	0.0094	0.0305	0.0222	0.0123	0.0119	0.0113	0.0237	0.0276	0.0138	0.0020	0.0110	0.0015	0.0108	
0.0234	0.0182	0.0220	0.0004	0.0262	0.0029	0.0057	0.0230	0.0102	0.0277	0.0064	0.0088	0.0228	0.0145	0.0108	0.0203	0.0039	0.0247	0.0256	0.0060	0.0206	0.0146	0.0142	0.0200	0.0268	0.0112	0.0255	0.0104	0.0153	0.0023	0.0250	0.0133	0.0280	0.0270	0.0141	0.0301	0.0009	0.0195	0.0054	0.0137	0.0218	0.0059	0.0250	0.0253	0.0099	0.0019	0.0186	0.0204	0.0094	0.0042	0.0070	0.0078	0.0123	0.0250	0.0159	0.0087	0.0037	0.0014	0.0014	0.0151	0.0059	0.0242	0.0067	0.0088	0.0048	0.0225	0.0099	0.0222	0.0003	0.0125	
0.0163	0.0103	0.0133	0.0130	0.0082	0.0138	0.0123	0.0155	0.0062	0.0214	0.0169	0.0013	0.0010	0.0105	0.0194	0.0120	0.0214	0.0055	0.0112	0.0049	0.0142	0.0177	0.0122	0.0154	0.0070	0.0204	0.0324	0.0127	0.0161	0.0151	0.0182	0.0211	0.0204	0.0252	0.0100	0.0261	0.0156	0.0245	0.0078	0.0216	0.0172	0.0092	0.0174	0.0031	0.0116	0.0041	0.0188	0.0167	0.0098	0.0159	0.0146	0.0053	0.0058	0.0204	0.0163	0.0259	0.0205	0.0302	0.0074	0.0151	0.0158	0.0011	0.0273	0.0142	0.0038	0.0211	0.0057	0.0029	0.0022	0.0325	
0.0217	0.0013	0.0227	0.0134	0.0122	0.0109	0.0039	0.0133	0.0222	0.0015	0.0028	0.0051	0.0031	0.0032	0.0246	0.0120	0.0150	0.0002	0.0090	0.0138	0.0233	0.0158	0.0151	0.0243	0.0114	0.0164	0.0158	0.0065	0.0241	0.0289	0.0297	0.0204	0.0210	0.0157	0.0231	0.0254	0.0122	0.0264	0.0070	0.0060	0.0199	0.0100	0.0060	0.0057	0.0077	0.0125	0.0276	0.0187	0.0185	0.0211	0.0071	0.0067	0.0185	0.0173	0.0004	0.0061	0.0107	0.0295	0.0025	0.0242	0.0241	0.0254	0.0165	0.0223	0.0029	0.0114	0.0139	0.0178	0.0097	0.0049	
0.0019	0.0163	0.0251	0.0033	0.0249	0.0170	0.0133	0.0138	0.0098	0.0266	0.0207	0.0191	0.0169	0.0083	0.0200	0.0168	0.0285	0.0032	0.0133	0.0153	0.0109	0.0151	0.0189	0.0104	0.0079	0.0221	0.0226	0.0141	0.0028	0.0018	0.0310	0.0124	0.0138	0.0150	0.0164	0.0205	0.0140	0.0205	0.0217	0.0142	0.0215	0.0302	0.0177	0.0036	0.0064	0.0075	0.0110	0.0056	0.0027	0.0132	0.0129	0.0109	0.0021	0.0257	0.0232	0.0156	0.0263	0.0112	0.0265	0.0029	0.0185	0.0299	0.0101	0.0097	0.0002	0.0083	0.0061	0.0002	0.0196	0.0008	
0.0063	0.0060	0.0123	0.0029	0.0206	0.0136	0.0240	0.0208	0.0020	0.0022	0.0119	0.0207	0.0143	0.0216	0.0174	0.0155	0.0092	0.0296	0.0242	0.0013	0.0204	0.0021	0.0218	0.0199	0.0238	0.0219	0.0216	0.0083	0.0033	0.0312	0.0009	0.0116	0.0181	0.0019	0.0061	0.0113	0.0296	0.0326	0.0283	0.0111	0.0219	0.0051	0.0099	0.0217	0.0140	0.0041	0.0194	0.0169	0.0213	0.0148	0.0242	0.0183	0.0061	0.0211	0.0078	0.0054	0.0111	0.0283	0.0148	0.0031	0.0269	0.0192	0.0201	0.0022	0.0013	0.0007	0.0020	0.0107	0.0152	0.0103	
0.0157	0.0082	0.0199	0.0115	0.0096	0.0173	0.0189	0.0036	0.0238	0.0145	0.0033	0.0260	0.0160	0.0186	0.0005	0.0111	0.0032	0.0292	0.0223	0.0008	0.0248	0.0049	0.0131	0.0256	0.0135	0.0007	0.0174	0.0076	0.0177	0.0211	0.0019	0.0086	0.0036	0.0139	0.0235	0.0203	0.0245	0.0241	0.0067	0.0182	0.0119	0.0061	0.0249	0.0228	0.0197	0.0273	0.0028	0.0203	0.0013	0.0177	0.0221	0.0042	0.0128	0.0145	0.0093	0.0120	0.0213	0.0223	0.0282	0.0089	0.0005	0.0128	0.0127	0.0038	0.0126	0.0229	0.0229	0.0012	0.0228	0.0115	
0.0157	0.0066	0.0225	0.0062	0.0160	0.0199	0.0068	0.0206	0.0242	0.0143	0.0288	0.0218	0.0073	0.0032	0.0231	0.0200	0.0244	0.0213	0.0043	0.0113	0.0242	0.0033	0.0196	0.0274	0.0155	0.0276	0.0219	0.0228	0.0102	0.0051	0.0047	0.0018	0.0004	0.0179	0.0005	0.0204	0.0132	0.0081	0.0249	0.0189	0.0042	0.0021	0.0250	0.0107	0.0081	0.0093	0.0068	0.0072	0.0094	0.0194	0.0004	0.0051	0.0245	0.0141	0.0140	0.0126	0.0114	0.0220	0.0213	0.0161	0.0226	0.0133	0.0094	0.0233	0.0113	0.0244	0.0200	0.0171	0.0026	0.0055	
0.0110	0.0122	0.0202	0.0167	0.0059	0.0227	0.0055	0.0144	0.0132	0.0081	0.0193	0.0138	0.0175	0.0228	0.0042	0.0216	0.0047	0.0259	0.0050	0.0157	0.0054	0.0152	0.0129	0.0061	0.0218	0.0179	0.0278	0.0039	0.0238	0.0155	0.0171	0.0198	0.0066	0.0042	0.0042	0.0187	0.0115	0.0091	0.0040	0.0189	0.0060	0.0215	0.0088	0.0090	0.0147	0.0137	0.0265	0.0113	0.0137	0.0134	0.0137	0.0042	0.0081	0.0159	0.0300	0.0262	0.0259	0.0185	0.0300	0.0175	0.0016	0.0024	0.0185	0.0275	0.0181	0.0012	0.0067	0.0094	0.0171	0.0240	
0.0138	0.0218	0.0112	0.0143	0.0086	0.0126	0.0084	0.0077	0.0071	0.0051	0.0186	0.0074	0.0195	0.0149	0.0249	0.0101	0.0078	0.0278	0.0062	0.0103	0.0134	0.0212	0.0088	0.0165	0.0200	0.0030	0.0085	0.0122	0.0154	0.0258	0.0072	0.0186	0.0241	0.0283	0.0284	0.0285	0.0200	0.0267	0.0037	0.0135	0.0123	0.0162	0.0079	0.0191	0.0170	0.0226	0.0141	0.0010	0.0004	0.0094	0.0168	0.0151	0.0028	0.0092	0.0020	0.0214	0.0139	0.0279	0.0271	0.0075	0.0056	0.0244	0.0209	0.0096	0.0239	0.0009	0.0127	0.0180	0.0163	0.0020	
0.0159	0.0090	0.0167	0.0187	0.0214	0.0243	0.0137	0.0171	0.0159	0.0190	0.0163	0.0054	0.0118	0.0071	0.0042	0.0146	0.0142	0.0143	0.0204	0.0060	0.0079	0.0204	0.0006	0.0237	0.0066	0.0133	0.0228	0.0243	0.0183	0.0244	0.0108	0.0243	0.0109	0.0239	0.0160	0.0097	0.0237	0.0100	0.0088	0.0023	0.0013	0.0223	0.0049	0.0009	0.0113	0.0273	0.0120	0.0075	0.0041	0.0065	0.0108	0.0249	0.0187	0.0101	0.0185	0.0204	0.0098	0.0169	0.0131	0.0087	0.0010	0.0157	0.0231	0.0198	0.0108	0.0178	0.0207	0.0141	0.0159	0.0225	
0.0232	0.0040	0.0053	0.0233	0.0061	0.0142	0.0204	0.0311	0.0062	0.0086	0.0030	0.0171	0.0265	0.0171	0.0119	0.0109	0.0032	0.0008	0.0059	0.0247	0.0299	0.0083	0.0230	0.0298	0.0010	0.0133	0.0282	0.0139	0.0167	0.0313	0.0062	0.0324	0.0229	0.0095	0.0135	0.0115	0.0235	0.0313	0.0053	0.0093	0.0028	0.0129	0.0146	0.0047	0.0079	0.0161	0.0252	0.0074	0.0118	0.0007	0.0164	0.0243	0.0086	0.0261	0.0265	0.0145	0.0071	0.0069	0.0256	0.0198	0.0133	0.0077	0.0124	0.0086	0.0035	0.0041	0.0256	0.0162	0.0031	0.0014	
0.0178	0.0024	0.0243	0.0248	0.0192	0.0155	0.0204	0.0207	0.0153	0.0146	0.0172	0.0184	0.0024	0.0152	0.0091	0.0089	0.0187	0.0292	0.0118	0.0256	0.0031	0.0144	0.0052	0.0111	0.0206	0.0228	0.0280	0.0058	0.0010	0.0057	0.0188	0.0088	0.0053	0.0085	0.0099	0.0160	0.0243	0.0093	0.0007	0.0081	0.0187	0.0127	0.0176	0.0053	0.0030	0.0233	0.0044	0.0194	0.0242	0.0210	0.0100	0.0242	0.0008	0.0035	0.0268	0.0029	0.0245	0.0131	0.0052	0.0231	0.0150	0.0159	0.0201	0.0112	0.0237	0.0093	0.0132	0.0202	0.0050	0.0234	
0.0142	0.0108	0.0291	0.0066	0.0079	0.0234	0.0254	0.0013	0.0090	0.0321	0.0221	0.0050	0.0122	0.0111	0.0261	0.0226	0.0084	0.0038	0.0145	0.0090	0.0168	0.0125	0.0043	0.0037	0.0283	0.0032	0.0322	0.0085	0.0093	0.0269	0.0119	0.0140	0.0232	0.0043	0.0096	0.0045	0.0001	0.0311	0.0251	0.0080	0.0075	0.0253	0.0067	0.0070	0.0052	0.0157	0.0100	0.0119	0.0182	0.0054	0.0018	0.0147	0.0092	0.0332	0.0064	0.0005	0.0067	0.0332	0.0191	0.0074	0.0350	0.0206	0.0291	0.0155	0.0186	0.0093	0.0170	0.0059	0.0028	0.0289	
0.0172	0.0096	0.0060	0.0045	0.0012	0.0226	0.0053	0.0227	0.0251	0.0060	0.0196	0.0088	0.0227	0.0041	0.0204	0.0208	0.0013	0.0311	0.0272	0.0059	0.0169	0.0042	0.0072	0.0172	0.0096	0.0142	0.0031	0.0187	0.0138	0.0254	0.0273	0.0033	0.0090	0.0303	0.0130	0.0237	0.0042	0.0058	0.0200	0.0085	0.0222	0.0061	0.0224	0.0065	0.0062	0.0163	0.0244	0.0130	0.0147	0.0195	0.0041	0.0209	0.0043	0.0240	0.0242	0.0189	0.0018	0.0217	0.0263	0.0139	0.0218	0.0119	0.0101	0.0244	0.0056	0.0191	0.0000	0.0174	0.0174	0.0036	
0.0198	0.0232	0.0272	0.0190	0.0113	0.0192	0.0070	0.0023	0.0067	0.0182	0.0187	0.0152	0.0032	0.0254	0.0228	0.0054	0.0269	0.0160	0.0070	0.0238	0.0159	0.0135	0.0081	0.0122	0.0177	0.0086	0.0298	0.0019	0.0007	0.0234	0.0218	0.0092	0.0277	0.0188	0.0304	0.0124	0.0263	0.0192	0.0115	0.0033	0.0089	0.0286	0.0114	0.0061	0.0169	0.0075	0.0115	0.0102	0.0029	0.0011	0.0197	0.0176	0.0112	0.0271	0.0165	0.0070	0.0152	0.0146	0.0008	0.0040	0.0197	0.0059	0.0017	0.0143	0.0000	0.0091	0.0213	0.0172	0.0261	0.0148	
0.0078	0.0070	0.0014	0.0037	0.0142	0.0159	0.0032	0.0029	0.0140	0.0086	0.0280	0.0143	0.0285	0.0262	0.0264	0.0020	0.0251	0.0293	0.0017	0.0191	0.0224	0.0112	0.0130	0.0073	0.0102	0.0021	0.0251	0.0251	0.0056	0.0170	0.0182	0.0257	0.0143	0.0184	0.0198	0.0146	0.0136	0.0087	0.0082	0.0290	0.0023	0.0122	0.0249	0.0179	0.0039	0.0060	0.0067	0.0013	0.0146	0.0288	0.0101	0.0213	0.0115	0.0055	0.0164	0.0243	0.0197	0.0215	0.0231	0.0114	0.0155	0.0055	0.0256	0.0272	0.0197	0.0023	0.0005	0.0093	0.0070	0.0150	
0.0131	0.0125	0.0172	0.0035	0.0138	0.0099	0.0112	0.0226	0.0009	0.0046	0.0221	0.0228	0.0117	0.0075	0.0034	0.0174	0.0103	0.0094	0.0018	0.0204	0.0174	0.0150	0.0114	0.0208	0.0071	0.0211	0.0145	0.0234	0.0205	0.0034	0.0051	0.0243	0.0212	0.0000	0.0085	0.0256	0.0024	0.0080	0.0123	0.0053	0.0091	0.0196	0.0176	0.0125	0.0104	0.0202	0.0203	0.0112	0.0200	0.0258	0.0140	0.0189	0.0048	0.0102	0.0189	0.0241	0.0248	0.0221	0.0241	0.0172	0.0197	0.0129	0.0270	0.0231	0.0004	0.0229	0.0022	0.0117	0.0231	0.0077	

Emissions
0.2184	0.0364	0.2845	0.3253	0.1353	
0.3505	0.4063	0.0137	0.0563	0.1732	
0.0237	0.3772	0.0751	0.3428	0.1812	
0.1326	0.3181	0.2195	0.1116	0.2182	
0.3185	0.0996	0.1827	0.3172	0.0820	
0.1984	0.2292	0.2627	0.1595	0.1501	
0.2647	0.1533	0.2728	0.2522	0.0569	
0.1468	0.2838	0.1170	0.2750	0.1775	
0.1295	0.2775	0.2568	0.0782	0.2580	
0.2318	0.1129	0.3572	0.1521	0.1460	
0.0849	0.3620	0.0904	0.2860	0.1766	
0.0889	0.2874	0.0267	0.1785	0.4184	
0.0681	0.0582	0.2942	0.2082	0.3713	
0.1533	0.1284	0.2214	0.2391	0.2578	
0.1546	0.1587	0.2700	0.2008	0.2159	
0.4739	0.2860	0.0616	0.0236	0.1548	
0.1113	0.2700	0.1506	0.3117	0.1565	
0.0005	0.1642	0.0370	0.1109	0.6873	
0.2062	0.2838	0.2909	0.0447	0.1745	
0.2268	0.1700	0.1320	0.1987	0.2725	
0.2187	0.3574	0.1002	0.3130	0.0107	
0.2774	0.0449	0.2118	0.3756	0.0903	
0.3664	0.3885	0.0094	0.0483	0.1875	
0.0742	0.2233	0.1928	0.2543	0.2554	
0.2110	0.1668	0.2391	0.0494	0.3337	
0.1401	0.1847	0.1529	0.2851	0.2371	
0.1535	0.1004	0.3051	0.0443	0.3968	
0.2066	0.1634	0.2305	0.2991	0.1004	
0.2144	0.2161	0.0178	0.2414	0.3103	
0.0544	0.3049	0.3131	0.2124	0.1153	
0.0203	0.3579	0.2180	0.2244	0.1793	
0.0400	0.1834	0.0763	0.3385	0.3618	
0.0708	0.3622	0.4491	0.1000	0.0179	
0.1578	0.3152	0.3427	0.0286	0.1557	
0.1370	0.2714	0.2169	0.0509	0.3238	
0.0027	0.1610	0.4232	0.1623	0.2507	
0.1555	0.2613	0.1815	0.2044	0.1973	
0.1159	0.2135	0.2703	0.2001	0.2001	
0.1954	0.2617	0.1393	0.2603	0.1434	
0.0434	0.3153	0.3349	0.2924	0.0140	
0.1131	0.3404	0.2592	0.1331	0.1542	
0.0918	0.1746	0.1682	0.3806	0.1848	
0.1692	0.1364	0.2462	0.2895	0.1587	
0.1242	0.1422	0.0556	0.2836	0.3944	
0.4849	0.0748	0.2467	0.1751	0.0185	
0.0721	0.2602	0.0301	0.3567	0.2808	
0.1055	0.4306	0.1281	0.1955	0.1403	
0.3702	0.1354	0.0989	0.1193	0.2762	
0.1598	0.3782	0.1210	0.2964	0.0445	
0.0099	0.2877	0.1090	0.3412	0.2523	
0.3927	0.3964	0.0927	0.0796	0.0384	
0.0808	0.3683	0.2467	0.1452	0.1590	
0.2046	0.1156	0.2239	0.3935	0.0623	
0.0718	0.1280	0.2072	0.3238	0.2692	
0.1312	0.0645	0.5420	0.1326	0.1298	
0.1092	0.2838	0.3007	0.0386	0.2676	
0.1025	0.1316	0.0726	0.3282	0.3651	
0.1307	0.1483	0.3926	0.0703	0.2581	
0.0060	0.2381	0.2642	0.2542	0.2375	
0.2745	0.0197	0.1573	0.0663	0.4822	
0.3269	0.1584	0.2615	0.0249	0.2283	
0.1530	0.2183	0.2719	0.2219	0.1349	
0.0835	0.3251	0.1257	0.1196	0.3461	
0.0542	0.0371	0.2540	0.2958	0.3589	
0.2100	0.1115	0.1100	0.3157	0.2527	
0.1418	0.1412	0.4254	0.1650	0.1266	
0.1811	0.2909	0.3250	0.1313	0.0717	
0.0508	0.5353	0.0911	0.1850	0.1378	
0.1540	0.2467	0.0960	0.2314	0.2720	
0.0671	0.3105	0.2637	0.0486	0.3102	
