DataSet 43
Learner: Baum Welch Learner
Log Likelihood: 39167.4621641014

Number of States: 70
Number of Symbols: 5
Threshold: 0.01

Initial Distribution:
0.0250	0.0044	0.0173	0.0111	0.0014	0.0105	0.0002	0.0161	0.0093	0.0022	0.0064	0.0296	0.0155	0.0225	0.0026	0.0221	0.0090	0.0005	0.0023	0.0137	0.0087	0.0199	0.0035	0.0179	0.0214	0.0039	0.0034	0.0131	0.0224	0.0123	0.0010	0.0300	0.0044	0.0396	0.0226	0.0181	0.0021	0.0045	0.0035	0.0317	0.0016	0.0072	0.0262	0.0059	0.0233	0.0226	0.0003	0.0211	0.0162	0.0386	0.0241	0.0202	0.0148	0.0210	0.0043	0.0186	0.0107	0.0155	0.0064	0.0203	0.0076	0.0118	0.0253	0.0173	0.0012	0.0188	0.0558	0.0115	0.0156	0.0106	

Transitions:
0.0119	0.0304	0.0188	0.0071	0.0165	0.0005	0.0019	0.0279	0.0225	0.0047	0.0099	0.0118	0.0066	0.0205	0.0177	0.0172	0.0156	0.0137	0.0258	0.0177	0.0139	0.0181	0.0214	0.0124	0.0202	0.0232	0.0117	0.0094	0.0058	0.0126	0.0200	0.0125	0.0235	0.0037	0.0065	0.0021	0.0199	0.0002	0.0243	0.0029	0.0250	0.0132	0.0208	0.0088	0.0108	0.0207	0.0025	0.0044	0.0237	0.0116	0.0170	0.0100	0.0169	0.0081	0.0183	0.0216	0.0041	0.0083	0.0185	0.0203	0.0175	0.0197	0.0197	0.0127	0.0076	0.0217	0.0176	0.0032	0.0162	0.0167	
0.0276	0.0193	0.0200	0.0220	0.0230	0.0024	0.0239	0.0133	0.0036	0.0280	0.0174	0.0068	0.0110	0.0192	0.0186	0.0136	0.0174	0.0096	0.0103	0.0112	0.0216	0.0105	0.0107	0.0236	0.0125	0.0027	0.0235	0.0086	0.0017	0.0139	0.0004	0.0214	0.0166	0.0061	0.0148	0.0226	0.0179	0.0298	0.0139	0.0181	0.0231	0.0191	0.0041	0.0144	0.0051	0.0110	0.0072	0.0235	0.0190	0.0175	0.0020	0.0066	0.0146	0.0020	0.0181	0.0126	0.0087	0.0202	0.0058	0.0193	0.0092	0.0149	0.0085	0.0172	0.0211	0.0166	0.0121	0.0040	0.0040	0.0298	
0.0208	0.0266	0.0209	0.0231	0.0173	0.0052	0.0073	0.0215	0.0202	0.0016	0.0255	0.0187	0.0162	0.0065	0.0125	0.0208	0.0060	0.0140	0.0181	0.0011	0.0150	0.0272	0.0208	0.0196	0.0091	0.0085	0.0105	0.0152	0.0229	0.0141	0.0176	0.0027	0.0279	0.0189	0.0011	0.0088	0.0135	0.0296	0.0139	0.0150	0.0090	0.0181	0.0252	0.0056	0.0254	0.0164	0.0264	0.0033	0.0037	0.0045	0.0111	0.0030	0.0141	0.0026	0.0079	0.0222	0.0012	0.0025	0.0153	0.0091	0.0223	0.0189	0.0242	0.0086	0.0082	0.0184	0.0214	0.0244	0.0063	0.0044	
0.0080	0.0126	0.0016	0.0020	0.0236	0.0289	0.0014	0.0180	0.0256	0.0224	0.0103	0.0065	0.0104	0.0176	0.0021	0.0211	0.0114	0.0204	0.0154	0.0079	0.0066	0.0101	0.0128	0.0022	0.0229	0.0199	0.0260	0.0192	0.0311	0.0057	0.0169	0.0028	0.0307	0.0250	0.0259	0.0011	0.0023	0.0190	0.0114	0.0119	0.0233	0.0163	0.0053	0.0214	0.0012	0.0181	0.0094	0.0062	0.0070	0.0158	0.0056	0.0038	0.0091	0.0262	0.0254	0.0262	0.0262	0.0320	0.0116	0.0039	0.0057	0.0120	0.0173	0.0230	0.0290	0.0060	0.0075	0.0121	0.0216	0.0014	
0.0182	0.0390	0.0090	0.0036	0.0184	0.0225	0.0060	0.0220	0.0012	0.0027	0.0104	0.0146	0.0092	0.0066	0.0272	0.0186	0.0131	0.0268	0.0021	0.0005	0.0021	0.0030	0.0052	0.0051	0.0069	0.0117	0.0340	0.0143	0.0294	0.0299	0.0061	0.0230	0.0209	0.0046	0.0018	0.0077	0.0288	0.0108	0.0123	0.0060	0.0269	0.0113	0.0292	0.0078	0.0271	0.0194	0.0007	0.0093	0.0216	0.0090	0.0128	0.0074	0.0076	0.0190	0.0253	0.0136	0.0215	0.0059	0.0322	0.0062	0.0270	0.0206	0.0228	0.0073	0.0236	0.0105	0.0008	0.0058	0.0064	0.0259	
0.0221	0.0174	0.0138	0.0271	0.0082	0.0217	0.0059	0.0273	0.0093	0.0161	0.0093	0.0141	0.0164	0.0087	0.0094	0.0294	0.0097	0.0219	0.0078	0.0173	0.0107	0.0175	0.0106	0.0028	0.0118	0.0003	0.0167	0.0211	0.0155	0.0141	0.0131	0.0220	0.0049	0.0002	0.0169	0.0005	0.0258	0.0175	0.0135	0.0061	0.0098	0.0303	0.0227	0.0105	0.0283	0.0076	0.0016	0.0124	0.0238	0.0186	0.0241	0.0058	0.0217	0.0155	0.0087	0.0044	0.0031	0.0161	0.0177	0.0064	0.0073	0.0130	0.0105	0.0275	0.0275	0.0116	0.0097	0.0195	0.0206	0.0093	
0.0079	0.0002	0.0157	0.0007	0.0098	0.0150	0.0182	0.0342	0.0047	0.0032	0.0231	0.0025	0.0249	0.0257	0.0118	0.0114	0.0296	0.0123	0.0131	0.0109	0.0234	0.0077	0.0248	0.0046	0.0232	0.0207	0.0195	0.0241	0.0146	0.0110	0.0284	0.0081	0.0156	0.0134	0.0202	0.0199	0.0158	0.0271	0.0080	0.0282	0.0078	0.0035	0.0114	0.0078	0.0111	0.0056	0.0156	0.0175	0.0156	0.0172	0.0190	0.0203	0.0002	0.0056	0.0137	0.0225	0.0011	0.0052	0.0010	0.0183	0.0245	0.0277	0.0114	0.0207	0.0059	0.0172	0.0068	0.0052	0.0009	0.0265	
0.0122	0.0346	0.0040	0.0228	0.0051	0.0199	0.0291	0.0160	0.0188	0.0206	0.0047	0.0179	0.0086	0.0167	0.0227	0.0271	0.0055	0.0143	0.0051	0.0182	0.0205	0.0171	0.0257	0.0165	0.0332	0.0121	0.0190	0.0200	0.0055	0.0242	0.0152	0.0108	0.0261	0.0184	0.0023	0.0231	0.0246	0.0078	0.0001	0.0186	0.0023	0.0154	0.0094	0.0079	0.0090	0.0006	0.0173	0.0173	0.0175	0.0061	0.0049	0.0154	0.0018	0.0084	0.0161	0.0219	0.0002	0.0130	0.0281	0.0162	0.0040	0.0046	0.0097	0.0031	0.0250	0.0159	0.0036	0.0161	0.0201	0.0044	
0.0066	0.0057	0.0123	0.0150	0.0172	0.0111	0.0107	0.0189	0.0118	0.0289	0.0269	0.0231	0.0232	0.0199	0.0146	0.0038	0.0063	0.0087	0.0037	0.0089	0.0187	0.0083	0.0130	0.0041	0.0179	0.0313	0.0045	0.0076	0.0120	0.0208	0.0179	0.0257	0.0364	0.0137	0.0024	0.0020	0.0072	0.0223	0.0253	0.0102	0.0167	0.0132	0.0264	0.0234	0.0008	0.0059	0.0068	0.0136	0.0158	0.0167	0.0100	0.0196	0.0103	0.0111	0.0114	0.0275	0.0184	0.0125	0.0330	0.0169	0.0072	0.0016	0.0057	0.0247	0.0039	0.0205	0.0002	0.0116	0.0229	0.0130	
0.0307	0.0239	0.0153	0.0264	0.0272	0.0097	0.0110	0.0216	0.0043	0.0110	0.0214	0.0198	0.0172	0.0176	0.0066	0.0330	0.0113	0.0129	0.0037	0.0044	0.0091	0.0246	0.0207	0.0017	0.0033	0.0147	0.0075	0.0026	0.0253	0.0062	0.0049	0.0217	0.0243	0.0036	0.0246	0.0206	0.0103	0.0264	0.0201	0.0052	0.0188	0.0039	0.0076	0.0162	0.0015	0.0185	0.0132	0.0164	0.0187	0.0042	0.0095	0.0127	0.0068	0.0178	0.0033	0.0030	0.0015	0.0158	0.0199	0.0104	0.0031	0.0083	0.0248	0.0313	0.0035	0.0235	0.0206	0.0142	0.0234	0.0218	
0.0201	0.0280	0.0228	0.0328	0.0187	0.0069	0.0196	0.0015	0.0006	0.0166	0.0008	0.0188	0.0127	0.0143	0.0246	0.0220	0.0120	0.0034	0.0009	0.0212	0.0165	0.0271	0.0014	0.0068	0.0020	0.0104	0.0079	0.0092	0.0172	0.0066	0.0172	0.0240	0.0305	0.0002	0.0152	0.0177	0.0237	0.0117	0.0007	0.0285	0.0178	0.0004	0.0140	0.0047	0.0115	0.0143	0.0256	0.0105	0.0029	0.0108	0.0086	0.0186	0.0113	0.0007	0.0277	0.0216	0.0208	0.0194	0.0286	0.0081	0.0001	0.0084	0.0149	0.0262	0.0236	0.0034	0.0181	0.0136	0.0310	0.0104	
0.0260	0.0066	0.0026	0.0037	0.0058	0.0170	0.0121	0.0251	0.0240	0.0162	0.0142	0.0222	0.0053	0.0014	0.0242	0.0260	0.0106	0.0218	0.0004	0.0233	0.0223	0.0034	0.0112	0.0191	0.0254	0.0065	0.0132	0.0168	0.0098	0.0060	0.0168	0.0087	0.0109	0.0204	0.0129	0.0021	0.0189	0.0100	0.0239	0.0113	0.0085	0.0233	0.0176	0.0089	0.0224	0.0043	0.0026	0.0135	0.0252	0.0253	0.0203	0.0010	0.0125	0.0044	0.0128	0.0243	0.0215	0.0098	0.0069	0.0267	0.0029	0.0224	0.0138	0.0182	0.0268	0.0047	0.0127	0.0115	0.0160	0.0209	
0.0061	0.0024	0.0237	0.0191	0.0141	0.0282	0.0158	0.0032	0.0241	0.0220	0.0043	0.0267	0.0187	0.0124	0.0154	0.0188	0.0192	0.0065	0.0099	0.0199	0.0076	0.0095	0.0032	0.0221	0.0092	0.0169	0.0121	0.0304	0.0103	0.0197	0.0176	0.0193	0.0350	0.0024	0.0176	0.0202	0.0023	0.0285	0.0223	0.0158	0.0127	0.0217	0.0129	0.0149	0.0253	0.0034	0.0032	0.0001	0.0045	0.0081	0.0088	0.0055	0.0022	0.0221	0.0146	0.0272	0.0261	0.0044	0.0108	0.0001	0.0157	0.0125	0.0213	0.0083	0.0007	0.0111	0.0017	0.0184	0.0253	0.0239	
0.0150	0.0008	0.0117	0.0231	0.0073	0.0167	0.0318	0.0182	0.0243	0.0048	0.0135	0.0089	0.0213	0.0010	0.0101	0.0148	0.0121	0.0008	0.0194	0.0256	0.0194	0.0266	0.0161	0.0169	0.0333	0.0332	0.0303	0.0049	0.0132	0.0140	0.0011	0.0143	0.0082	0.0076	0.0192	0.0094	0.0262	0.0116	0.0218	0.0287	0.0009	0.0118	0.0047	0.0049	0.0176	0.0054	0.0188	0.0202	0.0250	0.0129	0.0230	0.0011	0.0016	0.0002	0.0045	0.0200	0.0129	0.0275	0.0297	0.0080	0.0167	0.0195	0.0033	0.0154	0.0039	0.0227	0.0043	0.0171	0.0081	0.0012	
0.0317	0.0076	0.0164	0.0208	0.0271	0.0116	0.0221	0.0141	0.0018	0.0323	0.0097	0.0120	0.0069	0.0371	0.0177	0.0001	0.0152	0.0057	0.0032	0.0042	0.0240	0.0285	0.0168	0.0102	0.0118	0.0105	0.0098	0.0207	0.0011	0.0204	0.0007	0.0023	0.0128	0.0252	0.0257	0.0150	0.0168	0.0178	0.0077	0.0304	0.0264	0.0039	0.0302	0.0236	0.0002	0.0109	0.0142	0.0048	0.0357	0.0038	0.0158	0.0255	0.0120	0.0033	0.0092	0.0289	0.0256	0.0025	0.0037	0.0173	0.0021	0.0041	0.0090	0.0115	0.0224	0.0075	0.0215	0.0081	0.0072	0.0034	
0.0090	0.0365	0.0178	0.0078	0.0076	0.0176	0.0329	0.0164	0.0068	0.0019	0.0274	0.0020	0.0145	0.0180	0.0074	0.0014	0.0103	0.0088	0.0229	0.0211	0.0194	0.0149	0.0106	0.0168	0.0269	0.0261	0.0250	0.0146	0.0066	0.0258	0.0087	0.0052	0.0382	0.0192	0.0172	0.0176	0.0006	0.0052	0.0260	0.0171	0.0010	0.0059	0.0204	0.0025	0.0164	0.0255	0.0140	0.0113	0.0010	0.0139	0.0133	0.0105	0.0127	0.0104	0.0062	0.0219	0.0126	0.0051	0.0172	0.0106	0.0239	0.0117	0.0088	0.0143	0.0168	0.0141	0.0027	0.0232	0.0037	0.0188	
0.0009	0.0177	0.0122	0.0009	0.0188	0.0176	0.0254	0.0080	0.0047	0.0238	0.0093	0.0095	0.0120	0.0128	0.0060	0.0283	0.0121	0.0138	0.0172	0.0279	0.0263	0.0243	0.0187	0.0077	0.0221	0.0178	0.0260	0.0072	0.0130	0.0275	0.0201	0.0159	0.0100	0.0070	0.0169	0.0007	0.0000	0.0194	0.0232	0.0183	0.0294	0.0080	0.0260	0.0174	0.0062	0.0134	0.0262	0.0214	0.0083	0.0145	0.0020	0.0143	0.0051	0.0032	0.0189	0.0049	0.0223	0.0056	0.0081	0.0039	0.0192	0.0141	0.0204	0.0055	0.0277	0.0168	0.0015	0.0046	0.0247	0.0051	
0.0318	0.0281	0.0227	0.0308	0.0004	0.0218	0.0270	0.0006	0.0024	0.0088	0.0172	0.0018	0.0257	0.0263	0.0249	0.0064	0.0102	0.0043	0.0153	0.0135	0.0044	0.0245	0.0100	0.0164	0.0272	0.0143	0.0177	0.0232	0.0211	0.0154	0.0116	0.0206	0.0319	0.0029	0.0179	0.0039	0.0253	0.0098	0.0038	0.0015	0.0085	0.0245	0.0037	0.0003	0.0186	0.0205	0.0168	0.0233	0.0089	0.0196	0.0078	0.0207	0.0146	0.0081	0.0009	0.0049	0.0169	0.0044	0.0004	0.0170	0.0054	0.0035	0.0090	0.0168	0.0230	0.0200	0.0014	0.0218	0.0080	0.0271	
0.0105	0.0047	0.0009	0.0183	0.0077	0.0103	0.0266	0.0119	0.0009	0.0077	0.0310	0.0188	0.0121	0.0224	0.0085	0.0181	0.0042	0.0204	0.0033	0.0139	0.0155	0.0238	0.0095	0.0147	0.0318	0.0064	0.0191	0.0200	0.0065	0.0306	0.0147	0.0215	0.0285	0.0130	0.0128	0.0055	0.0352	0.0045	0.0025	0.0233	0.0190	0.0093	0.0039	0.0225	0.0240	0.0172	0.0229	0.0135	0.0080	0.0067	0.0154	0.0086	0.0159	0.0215	0.0063	0.0179	0.0236	0.0176	0.0234	0.0020	0.0272	0.0028	0.0043	0.0069	0.0187	0.0018	0.0005	0.0291	0.0140	0.0041	
0.0183	0.0039	0.0139	0.0117	0.0259	0.0082	0.0224	0.0144	0.0203	0.0093	0.0163	0.0005	0.0075	0.0202	0.0085	0.0073	0.0009	0.0229	0.0091	0.0250	0.0086	0.0115	0.0137	0.0248	0.0273	0.0141	0.0036	0.0273	0.0056	0.0200	0.0118	0.0175	0.0021	0.0034	0.0156	0.0130	0.0276	0.0118	0.0270	0.0259	0.0312	0.0107	0.0176	0.0087	0.0163	0.0223	0.0225	0.0070	0.0236	0.0072	0.0006	0.0042	0.0137	0.0120	0.0193	0.0072	0.0163	0.0186	0.0164	0.0139	0.0048	0.0183	0.0074	0.0054	0.0226	0.0189	0.0196	0.0045	0.0067	0.0236	
0.0141	0.0201	0.0262	0.0104	0.0252	0.0274	0.0220	0.0042	0.0110	0.0020	0.0173	0.0241	0.0252	0.0227	0.0162	0.0093	0.0006	0.0134	0.0094	0.0102	0.0202	0.0039	0.0226	0.0073	0.0209	0.0074	0.0023	0.0123	0.0148	0.0200	0.0210	0.0148	0.0015	0.0012	0.0217	0.0085	0.0059	0.0095	0.0172	0.0227	0.0137	0.0133	0.0054	0.0102	0.0270	0.0090	0.0184	0.0104	0.0156	0.0109	0.0213	0.0097	0.0180	0.0196	0.0018	0.0090	0.0224	0.0188	0.0152	0.0185	0.0233	0.0083	0.0148	0.0185	0.0059	0.0245	0.0169	0.0239	0.0001	0.0090	
0.0029	0.0187	0.0234	0.0145	0.0236	0.0078	0.0245	0.0113	0.0089	0.0116	0.0139	0.0174	0.0216	0.0018	0.0237	0.0107	0.0190	0.0058	0.0246	0.0125	0.0115	0.0134	0.0181	0.0224	0.0240	0.0046	0.0245	0.0136	0.0055	0.0235	0.0131	0.0181	0.0110	0.0062	0.0088	0.0019	0.0131	0.0073	0.0239	0.0204	0.0103	0.0112	0.0088	0.0039	0.0038	0.0062	0.0110	0.0132	0.0181	0.0198	0.0043	0.0124	0.0222	0.0118	0.0204	0.0149	0.0247	0.0253	0.0151	0.0191	0.0101	0.0104	0.0048	0.0108	0.0221	0.0187	0.0055	0.0149	0.0189	0.0243	
0.0259	0.0165	0.0087	0.0064	0.0031	0.0008	0.0050	0.0173	0.0199	0.0211	0.0205	0.0099	0.0195	0.0096	0.0188	0.0294	0.0164	0.0223	0.0119	0.0183	0.0021	0.0144	0.0177	0.0036	0.0106	0.0303	0.0079	0.0260	0.0088	0.0106	0.0223	0.0191	0.0260	0.0173	0.0239	0.0167	0.0059	0.0245	0.0109	0.0230	0.0121	0.0120	0.0061	0.0206	0.0006	0.0015	0.0161	0.0198	0.0177	0.0188	0.0242	0.0065	0.0034	0.0233	0.0204	0.0087	0.0228	0.0053	0.0217	0.0031	0.0214	0.0064	0.0064	0.0116	0.0175	0.0208	0.0099	0.0009	0.0121	0.0050	
0.0247	0.0018	0.0169	0.0203	0.0101	0.0212	0.0100	0.0230	0.0040	0.0103	0.0123	0.0143	0.0087	0.0128	0.0131	0.0211	0.0205	0.0266	0.0275	0.0179	0.0218	0.0010	0.0268	0.0082	0.0005	0.0051	0.0051	0.0248	0.0070	0.0039	0.0168	0.0151	0.0121	0.0133	0.0034	0.0252	0.0234	0.0165	0.0195	0.0045	0.0012	0.0053	0.0015	0.0147	0.0233	0.0108	0.0258	0.0255	0.0306	0.0003	0.0067	0.0174	0.0014	0.0224	0.0133	0.0228	0.0044	0.0075	0.0172	0.0062	0.0137	0.0149	0.0133	0.0299	0.0236	0.0251	0.0013	0.0234	0.0094	0.0164	
0.0234	0.0055	0.0053	0.0249	0.0151	0.0143	0.0327	0.0118	0.0120	0.0185	0.0060	0.0063	0.0175	0.0048	0.0241	0.0258	0.0075	0.0142	0.0015	0.0099	0.0178	0.0134	0.0260	0.0086	0.0208	0.0184	0.0227	0.0015	0.0204	0.0271	0.0056	0.0045	0.0230	0.0090	0.0027	0.0018	0.0129	0.0075	0.0082	0.0252	0.0248	0.0224	0.0190	0.0245	0.0270	0.0055	0.0195	0.0057	0.0014	0.0168	0.0085	0.0092	0.0135	0.0194	0.0174	0.0101	0.0051	0.0262	0.0063	0.0005	0.0214	0.0227	0.0167	0.0178	0.0097	0.0215	0.0124	0.0104	0.0032	0.0230	
0.0182	0.0079	0.0103	0.0044	0.0207	0.0002	0.0219	0.0350	0.0133	0.0163	0.0257	0.0181	0.0289	0.0274	0.0138	0.0280	0.0129	0.0182	0.0181	0.0191	0.0227	0.0163	0.0007	0.0067	0.0035	0.0266	0.0034	0.0023	0.0222	0.0001	0.0152	0.0072	0.0034	0.0046	0.0128	0.0020	0.0051	0.0212	0.0092	0.0261	0.0179	0.0080	0.0150	0.0173	0.0056	0.0101	0.0276	0.0229	0.0050	0.0144	0.0162	0.0002	0.0187	0.0112	0.0015	0.0268	0.0080	0.0017	0.0002	0.0249	0.0287	0.0211	0.0090	0.0141	0.0254	0.0171	0.0085	0.0213	0.0132	0.0187	
0.0182	0.0235	0.0097	0.0268	0.0044	0.0154	0.0018	0.0084	0.0020	0.0240	0.0249	0.0072	0.0209	0.0018	0.0106	0.0152	0.0111	0.0172	0.0035	0.0096	0.0183	0.0037	0.0160	0.0117	0.0248	0.0261	0.0292	0.0007	0.0271	0.0159	0.0201	0.0025	0.0118	0.0151	0.0229	0.0186	0.0159	0.0267	0.0057	0.0141	0.0258	0.0271	0.0274	0.0047	0.0248	0.0172	0.0217	0.0067	0.0258	0.0084	0.0006	0.0125	0.0142	0.0001	0.0160	0.0115	0.0059	0.0248	0.0007	0.0062	0.0179	0.0012	0.0099	0.0145	0.0208	0.0190	0.0161	0.0054	0.0043	0.0255	
0.0279	0.0217	0.0155	0.0206	0.0149	0.0249	0.0049	0.0126	0.0191	0.0069	0.0034	0.0197	0.0021	0.0127	0.0146	0.0102	0.0105	0.0109	0.0015	0.0114	0.0121	0.0230	0.0229	0.0252	0.0252	0.0270	0.0185	0.0138	0.0117	0.0016	0.0209	0.0137	0.0035	0.0043	0.0142	0.0084	0.0026	0.0014	0.0153	0.0252	0.0092	0.0244	0.0050	0.0201	0.0045	0.0001	0.0271	0.0267	0.0287	0.0132	0.0107	0.0104	0.0044	0.0198	0.0089	0.0030	0.0258	0.0169	0.0214	0.0179	0.0073	0.0196	0.0003	0.0188	0.0116	0.0154	0.0121	0.0241	0.0279	0.0083	
0.0059	0.0157	0.0153	0.0067	0.0030	0.0173	0.0202	0.0310	0.0175	0.0227	0.0307	0.0113	0.0107	0.0169	0.0168	0.0108	0.0050	0.0099	0.0299	0.0116	0.0088	0.0129	0.0068	0.0168	0.0189	0.0209	0.0258	0.0145	0.0099	0.0167	0.0078	0.0015	0.0024	0.0128	0.0058	0.0307	0.0185	0.0347	0.0204	0.0200	0.0163	0.0266	0.0183	0.0265	0.0193	0.0168	0.0050	0.0039	0.0219	0.0013	0.0049	0.0026	0.0009	0.0101	0.0188	0.0204	0.0029	0.0003	0.0227	0.0099	0.0187	0.0017	0.0154	0.0062	0.0104	0.0182	0.0090	0.0230	0.0164	0.0160	
0.0256	0.0142	0.0203	0.0046	0.0275	0.0141	0.0243	0.0097	0.0046	0.0301	0.0138	0.0205	0.0154	0.0088	0.0100	0.0109	0.0004	0.0147	0.0249	0.0153	0.0225	0.0162	0.0087	0.0027	0.0303	0.0146	0.0118	0.0160	0.0185	0.0259	0.0042	0.0089	0.0206	0.0056	0.0070	0.0231	0.0119	0.0329	0.0198	0.0133	0.0309	0.0253	0.0252	0.0189	0.0025	0.0020	0.0132	0.0070	0.0255	0.0007	0.0231	0.0196	0.0212	0.0000	0.0223	0.0073	0.0033	0.0196	0.0051	0.0133	0.0031	0.0062	0.0174	0.0088	0.0202	0.0014	0.0021	0.0095	0.0019	0.0195	
0.0331	0.0030	0.0330	0.0138	0.0195	0.0326	0.0193	0.0184	0.0010	0.0323	0.0278	0.0025	0.0196	0.0192	0.0018	0.0071	0.0116	0.0156	0.0111	0.0002	0.0184	0.0233	0.0211	0.0036	0.0093	0.0225	0.0061	0.0169	0.0020	0.0006	0.0287	0.0029	0.0058	0.0072	0.0026	0.0191	0.0006	0.0188	0.0119	0.0272	0.0162	0.0169	0.0202	0.0066	0.0181	0.0013	0.0155	0.0031	0.0073	0.0141	0.0203	0.0127	0.0244	0.0015	0.0283	0.0057	0.0115	0.0237	0.0020	0.0286	0.0243	0.0043	0.0118	0.0003	0.0257	0.0247	0.0204	0.0098	0.0154	0.0141	
0.0055	0.0400	0.0039	0.0197	0.0119	0.0022	0.0054	0.0148	0.0150	0.0086	0.0071	0.0016	0.0091	0.0135	0.0126	0.0143	0.0036	0.0053	0.0137	0.0307	0.0101	0.0068	0.0162	0.0145	0.0002	0.0171	0.0046	0.0197	0.0085	0.0220	0.0043	0.0051	0.0307	0.0188	0.0072	0.0286	0.0153	0.0127	0.0245	0.0252	0.0034	0.0303	0.0058	0.0271	0.0208	0.0220	0.0232	0.0265	0.0172	0.0116	0.0207	0.0153	0.0003	0.0127	0.0009	0.0340	0.0087	0.0193	0.0236	0.0007	0.0244	0.0144	0.0029	0.0264	0.0032	0.0249	0.0097	0.0168	0.0094	0.0129	
0.0031	0.0149	0.0220	0.0157	0.0240	0.0117	0.0196	0.0218	0.0266	0.0086	0.0133	0.0094	0.0271	0.0305	0.0005	0.0138	0.0056	0.0003	0.0149	0.0065	0.0121	0.0198	0.0175	0.0157	0.0207	0.0135	0.0261	0.0076	0.0235	0.0142	0.0101	0.0066	0.0122	0.0026	0.0124	0.0162	0.0026	0.0132	0.0192	0.0188	0.0213	0.0144	0.0241	0.0056	0.0134	0.0192	0.0123	0.0054	0.0297	0.0169	0.0225	0.0091	0.0167	0.0268	0.0005	0.0083	0.0034	0.0233	0.0090	0.0069	0.0150	0.0187	0.0191	0.0055	0.0201	0.0079	0.0121	0.0168	0.0121	0.0097	
0.0086	0.0357	0.0036	0.0058	0.0087	0.0295	0.0449	0.0130	0.0040	0.0066	0.0015	0.0134	0.0111	0.0023	0.0311	0.0296	0.0123	0.0268	0.0038	0.0005	0.0220	0.0060	0.0298	0.0165	0.0024	0.0110	0.0212	0.0187	0.0082	0.0038	0.0027	0.0187	0.0395	0.0137	0.0065	0.0052	0.0108	0.0182	0.0243	0.0042	0.0181	0.0222	0.0199	0.0135	0.0050	0.0268	0.0081	0.0264	0.0082	0.0006	0.0210	0.0181	0.0169	0.0079	0.0135	0.0047	0.0194	0.0154	0.0048	0.0026	0.0046	0.0090	0.0314	0.0010	0.0041	0.0086	0.0190	0.0275	0.0314	0.0141	
0.0189	0.0076	0.0037	0.0299	0.0148	0.0299	0.0147	0.0178	0.0112	0.0031	0.0344	0.0190	0.0071	0.0093	0.0151	0.0083	0.0177	0.0107	0.0041	0.0057	0.0113	0.0193	0.0115	0.0114	0.0326	0.0056	0.0235	0.0232	0.0066	0.0263	0.0034	0.0158	0.0034	0.0140	0.0084	0.0149	0.0260	0.0294	0.0323	0.0174	0.0258	0.0062	0.0033	0.0003	0.0042	0.0112	0.0012	0.0170	0.0142	0.0199	0.0116	0.0104	0.0139	0.0138	0.0076	0.0005	0.0206	0.0217	0.0372	0.0096	0.0064	0.0174	0.0090	0.0177	0.0305	0.0093	0.0164	0.0215	0.0014	0.0013	
0.0205	0.0066	0.0118	0.0204	0.0151	0.0073	0.0232	0.0141	0.0094	0.0205	0.0045	0.0041	0.0064	0.0110	0.0144	0.0263	0.0205	0.0157	0.0124	0.0117	0.0201	0.0334	0.0294	0.0143	0.0142	0.0049	0.0367	0.0182	0.0020	0.0298	0.0171	0.0112	0.0271	0.0127	0.0076	0.0101	0.0007	0.0039	0.0071	0.0037	0.0199	0.0169	0.0133	0.0146	0.0100	0.0034	0.0144	0.0289	0.0064	0.0065	0.0128	0.0061	0.0088	0.0193	0.0121	0.0218	0.0100	0.0356	0.0072	0.0095	0.0104	0.0011	0.0099	0.0191	0.0310	0.0209	0.0137	0.0257	0.0049	0.0055	
0.0240	0.0177	0.0117	0.0066	0.0267	0.0060	0.0131	0.0120	0.0073	0.0093	0.0171	0.0411	0.0087	0.0287	0.0088	0.0132	0.0004	0.0195	0.0015	0.0134	0.0235	0.0023	0.0229	0.0242	0.0190	0.0116	0.0049	0.0238	0.0188	0.0120	0.0165	0.0139	0.0174	0.0009	0.0180	0.0112	0.0182	0.0046	0.0219	0.0066	0.0013	0.0233	0.0228	0.0161	0.0211	0.0092	0.0172	0.0120	0.0057	0.0118	0.0213	0.0158	0.0161	0.0138	0.0071	0.0136	0.0297	0.0112	0.0069	0.0147	0.0013	0.0196	0.0161	0.0218	0.0171	0.0015	0.0044	0.0055	0.0061	0.0369	
0.0134	0.0272	0.0227	0.0261	0.0169	0.0261	0.0107	0.0305	0.0056	0.0141	0.0208	0.0161	0.0148	0.0031	0.0197	0.0229	0.0000	0.0069	0.0239	0.0243	0.0124	0.0134	0.0209	0.0093	0.0051	0.0105	0.0063	0.0004	0.0059	0.0167	0.0019	0.0110	0.0099	0.0065	0.0230	0.0250	0.0218	0.0269	0.0254	0.0079	0.0068	0.0284	0.0059	0.0214	0.0199	0.0108	0.0012	0.0156	0.0225	0.0190	0.0012	0.0182	0.0088	0.0052	0.0078	0.0241	0.0022	0.0171	0.0198	0.0058	0.0210	0.0089	0.0193	0.0189	0.0098	0.0052	0.0062	0.0093	0.0046	0.0291	
0.0008	0.0065	0.0121	0.0181	0.0248	0.0177	0.0094	0.0286	0.0218	0.0263	0.0092	0.0182	0.0041	0.0067	0.0144	0.0055	0.0008	0.0024	0.0293	0.0001	0.0218	0.0058	0.0030	0.0177	0.0166	0.0290	0.0067	0.0172	0.0187	0.0146	0.0019	0.0177	0.0158	0.0241	0.0277	0.0256	0.0163	0.0321	0.0141	0.0249	0.0210	0.0083	0.0268	0.0241	0.0322	0.0063	0.0063	0.0162	0.0051	0.0056	0.0059	0.0063	0.0101	0.0049	0.0050	0.0241	0.0032	0.0243	0.0003	0.0271	0.0113	0.0223	0.0076	0.0084	0.0200	0.0177	0.0020	0.0064	0.0090	0.0239	
0.0158	0.0046	0.0111	0.0060	0.0090	0.0140	0.0126	0.0047	0.0146	0.0084	0.0227	0.0123	0.0081	0.0065	0.0074	0.0242	0.0038	0.0082	0.0274	0.0030	0.0182	0.0203	0.0269	0.0114	0.0138	0.0320	0.0307	0.0162	0.0068	0.0111	0.0021	0.0249	0.0121	0.0107	0.0126	0.0030	0.0237	0.0071	0.0270	0.0180	0.0167	0.0300	0.0023	0.0203	0.0062	0.0195	0.0114	0.0248	0.0229	0.0167	0.0089	0.0159	0.0092	0.0039	0.0203	0.0247	0.0044	0.0028	0.0303	0.0088	0.0140	0.0198	0.0254	0.0088	0.0059	0.0151	0.0064	0.0261	0.0212	0.0043	
0.0066	0.0021	0.0140	0.0032	0.0199	0.0248	0.0213	0.0077	0.0091	0.0228	0.0165	0.0016	0.0153	0.0108	0.0260	0.0111	0.0116	0.0029	0.0170	0.0195	0.0236	0.0162	0.0119	0.0101	0.0043	0.0238	0.0017	0.0237	0.0171	0.0170	0.0109	0.0123	0.0067	0.0195	0.0192	0.0090	0.0093	0.0139	0.0177	0.0043	0.0051	0.0302	0.0248	0.0036	0.0302	0.0143	0.0061	0.0141	0.0113	0.0205	0.0051	0.0048	0.0071	0.0001	0.0083	0.0183	0.0191	0.0028	0.0268	0.0261	0.0227	0.0265	0.0189	0.0247	0.0062	0.0010	0.0178	0.0208	0.0218	0.0247	
0.0008	0.0040	0.0157	0.0155	0.0189	0.0296	0.0248	0.0087	0.0137	0.0236	0.0164	0.0168	0.0104	0.0179	0.0104	0.0073	0.0041	0.0052	0.0158	0.0003	0.0171	0.0070	0.0132	0.0173	0.0130	0.0082	0.0094	0.0003	0.0321	0.0275	0.0157	0.0106	0.0297	0.0169	0.0238	0.0019	0.0213	0.0326	0.0139	0.0125	0.0302	0.0135	0.0198	0.0074	0.0138	0.0066	0.0167	0.0028	0.0122	0.0002	0.0251	0.0148	0.0063	0.0190	0.0010	0.0228	0.0198	0.0288	0.0013	0.0101	0.0203	0.0217	0.0084	0.0198	0.0012	0.0023	0.0147	0.0191	0.0253	0.0115	
0.0161	0.0112	0.0192	0.0041	0.0029	0.0064	0.0201	0.0043	0.0068	0.0055	0.0233	0.0041	0.0170	0.0251	0.0004	0.0315	0.0032	0.0039	0.0222	0.0014	0.0105	0.0235	0.0250	0.0019	0.0239	0.0055	0.0037	0.0002	0.0074	0.0097	0.0126	0.0230	0.0109	0.0020	0.0124	0.0173	0.0291	0.0051	0.0202	0.0260	0.0061	0.0170	0.0179	0.0261	0.0204	0.0147	0.0038	0.0115	0.0171	0.0023	0.0280	0.0138	0.0006	0.0187	0.0255	0.0232	0.0130	0.0207	0.0134	0.0253	0.0025	0.0177	0.0256	0.0274	0.0207	0.0234	0.0211	0.0166	0.0144	0.0131	
0.0016	0.0384	0.0127	0.0268	0.0242	0.0238	0.0061	0.0300	0.0104	0.0067	0.0011	0.0195	0.0103	0.0042	0.0115	0.0289	0.0162	0.0164	0.0045	0.0208	0.0020	0.0064	0.0225	0.0169	0.0239	0.0213	0.0235	0.0222	0.0059	0.0261	0.0157	0.0151	0.0399	0.0030	0.0008	0.0293	0.0012	0.0069	0.0294	0.0038	0.0196	0.0164	0.0081	0.0052	0.0272	0.0105	0.0055	0.0184	0.0146	0.0152	0.0005	0.0055	0.0082	0.0167	0.0098	0.0246	0.0069	0.0273	0.0027	0.0073	0.0033	0.0120	0.0204	0.0173	0.0157	0.0104	0.0154	0.0083	0.0045	0.0129	
0.0253	0.0219	0.0160	0.0002	0.0042	0.0157	0.0290	0.0166	0.0192	0.0109	0.0125	0.0246	0.0041	0.0117	0.0216	0.0126	0.0040	0.0060	0.0240	0.0054	0.0178	0.0041	0.0033	0.0145	0.0005	0.0041	0.0240	0.0196	0.0194	0.0144	0.0130	0.0239	0.0190	0.0025	0.0203	0.0119	0.0181	0.0130	0.0178	0.0244	0.0287	0.0218	0.0035	0.0198	0.0249	0.0034	0.0085	0.0072	0.0211	0.0029	0.0064	0.0131	0.0128	0.0241	0.0190	0.0218	0.0131	0.0028	0.0324	0.0004	0.0220	0.0068	0.0250	0.0083	0.0228	0.0127	0.0104	0.0019	0.0194	0.0115	
0.0239	0.0297	0.0147	0.0273	0.0075	0.0288	0.0008	0.0127	0.0184	0.0260	0.0276	0.0127	0.0229	0.0132	0.0063	0.0011	0.0072	0.0174	0.0112	0.0015	0.0238	0.0135	0.0116	0.0139	0.0019	0.0220	0.0258	0.0242	0.0241	0.0112	0.0158	0.0057	0.0210	0.0088	0.0065	0.0132	0.0307	0.0217	0.0223	0.0226	0.0235	0.0032	0.0097	0.0029	0.0050	0.0075	0.0101	0.0097	0.0020	0.0182	0.0042	0.0191	0.0167	0.0147	0.0138	0.0116	0.0106	0.0025	0.0277	0.0157	0.0036	0.0052	0.0140	0.0098	0.0063	0.0159	0.0216	0.0153	0.0084	0.0204	
0.0040	0.0232	0.0243	0.0191	0.0099	0.0224	0.0035	0.0100	0.0100	0.0269	0.0092	0.0143	0.0173	0.0040	0.0058	0.0269	0.0094	0.0234	0.0246	0.0213	0.0006	0.0240	0.0238	0.0014	0.0208	0.0190	0.0225	0.0003	0.0317	0.0176	0.0075	0.0197	0.0030	0.0063	0.0164	0.0133	0.0284	0.0058	0.0095	0.0240	0.0088	0.0035	0.0220	0.0012	0.0099	0.0188	0.0136	0.0083	0.0035	0.0071	0.0031	0.0189	0.0130	0.0101	0.0197	0.0076	0.0234	0.0288	0.0256	0.0195	0.0046	0.0027	0.0097	0.0262	0.0116	0.0105	0.0068	0.0116	0.0155	0.0289	
0.0259	0.0149	0.0128	0.0015	0.0165	0.0268	0.0048	0.0232	0.0177	0.0293	0.0039	0.0064	0.0212	0.0115	0.0129	0.0115	0.0030	0.0205	0.0187	0.0102	0.0151	0.0013	0.0077	0.0132	0.0214	0.0064	0.0232	0.0267	0.0163	0.0285	0.0053	0.0251	0.0360	0.0076	0.0098	0.0257	0.0139	0.0231	0.0273	0.0240	0.0063	0.0046	0.0032	0.0270	0.0190	0.0243	0.0065	0.0240	0.0103	0.0013	0.0075	0.0150	0.0192	0.0044	0.0055	0.0274	0.0024	0.0027	0.0154	0.0105	0.0055	0.0067	0.0040	0.0245	0.0231	0.0034	0.0096	0.0168	0.0031	0.0164	
0.0010	0.0207	0.0200	0.0209	0.0043	0.0119	0.0313	0.0106	0.0220	0.0220	0.0316	0.0200	0.0110	0.0127	0.0165	0.0167	0.0004	0.0169	0.0038	0.0159	0.0179	0.0071	0.0065	0.0079	0.0216	0.0319	0.0001	0.0070	0.0047	0.0167	0.0086	0.0177	0.0297	0.0181	0.0007	0.0234	0.0279	0.0094	0.0016	0.0240	0.0320	0.0237	0.0055	0.0189	0.0140	0.0105	0.0243	0.0162	0.0075	0.0047	0.0033	0.0195	0.0096	0.0135	0.0238	0.0230	0.0082	0.0183	0.0011	0.0053	0.0116	0.0187	0.0051	0.0106	0.0103	0.0070	0.0010	0.0205	0.0154	0.0238	
0.0179	0.0427	0.0083	0.0085	0.0136	0.0264	0.0027	0.0157	0.0176	0.0068	0.0054	0.0076	0.0222	0.0172	0.0138	0.0158	0.0034	0.0078	0.0339	0.0092	0.0119	0.0063	0.0076	0.0199	0.0149	0.0114	0.0175	0.0258	0.0065	0.0074	0.0064	0.0028	0.0040	0.0093	0.0092	0.0136	0.0172	0.0053	0.0390	0.0008	0.0287	0.0264	0.0175	0.0286	0.0024	0.0265	0.0223	0.0066	0.0214	0.0158	0.0013	0.0177	0.0174	0.0049	0.0099	0.0187	0.0122	0.0224	0.0432	0.0067	0.0089	0.0058	0.0082	0.0160	0.0324	0.0007	0.0075	0.0193	0.0166	0.0003	
0.0061	0.0031	0.0060	0.0219	0.0137	0.0173	0.0157	0.0130	0.0182	0.0115	0.0158	0.0087	0.0217	0.0122	0.0046	0.0144	0.0046	0.0223	0.0283	0.0267	0.0229	0.0163	0.0073	0.0173	0.0197	0.0155	0.0150	0.0025	0.0217	0.0017	0.0159	0.0056	0.0254	0.0243	0.0144	0.0275	0.0183	0.0036	0.0225	0.0223	0.0012	0.0016	0.0266	0.0128	0.0213	0.0004	0.0105	0.0201	0.0125	0.0100	0.0225	0.0133	0.0136	0.0132	0.0042	0.0183	0.0218	0.0166	0.0031	0.0005	0.0031	0.0105	0.0177	0.0179	0.0217	0.0080	0.0146	0.0250	0.0267	0.0053	
0.0262	0.0041	0.0010	0.0039	0.0224	0.0246	0.0257	0.0247	0.0205	0.0194	0.0045	0.0178	0.0153	0.0092	0.0075	0.0032	0.0111	0.0064	0.0283	0.0310	0.0035	0.0294	0.0005	0.0183	0.0234	0.0249	0.0133	0.0101	0.0153	0.0139	0.0092	0.0127	0.0393	0.0056	0.0099	0.0238	0.0212	0.0164	0.0248	0.0103	0.0020	0.0009	0.0181	0.0139	0.0261	0.0095	0.0213	0.0062	0.0110	0.0144	0.0206	0.0080	0.0016	0.0187	0.0020	0.0325	0.0017	0.0091	0.0157	0.0067	0.0092	0.0068	0.0032	0.0114	0.0079	0.0143	0.0191	0.0108	0.0338	0.0111	
0.0166	0.0093	0.0100	0.0135	0.0236	0.0027	0.0124	0.0178	0.0190	0.0104	0.0331	0.0041	0.0212	0.0005	0.0258	0.0006	0.0067	0.0273	0.0076	0.0162	0.0194	0.0050	0.0013	0.0094	0.0366	0.0334	0.0309	0.0089	0.0051	0.0103	0.0083	0.0130	0.0145	0.0216	0.0012	0.0184	0.0412	0.0258	0.0038	0.0282	0.0280	0.0172	0.0134	0.0018	0.0119	0.0053	0.0118	0.0025	0.0160	0.0045	0.0055	0.0020	0.0028	0.0100	0.0191	0.0150	0.0035	0.0056	0.0188	0.0020	0.0047	0.0266	0.0117	0.0151	0.0317	0.0087	0.0192	0.0319	0.0328	0.0062	
0.0048	0.0359	0.0137	0.0061	0.0200	0.0055	0.0269	0.0317	0.0222	0.0235	0.0162	0.0180	0.0145	0.0206	0.0026	0.0102	0.0051	0.0240	0.0050	0.0196	0.0098	0.0192	0.0072	0.0003	0.0291	0.0280	0.0039	0.0286	0.0026	0.0012	0.0052	0.0109	0.0054	0.0080	0.0011	0.0146	0.0142	0.0365	0.0268	0.0184	0.0283	0.0050	0.0052	0.0192	0.0188	0.0092	0.0108	0.0111	0.0113	0.0130	0.0015	0.0024	0.0160	0.0073	0.0208	0.0161	0.0126	0.0224	0.0145	0.0007	0.0016	0.0191	0.0255	0.0256	0.0173	0.0000	0.0141	0.0074	0.0304	0.0156	
0.0276	0.0128	0.0017	0.0151	0.0237	0.0058	0.0145	0.0189	0.0089	0.0143	0.0108	0.0182	0.0114	0.0110	0.0254	0.0045	0.0117	0.0195	0.0152	0.0144	0.0220	0.0166	0.0165	0.0158	0.0180	0.0019	0.0088	0.0078	0.0023	0.0200	0.0132	0.0035	0.0165	0.0183	0.0161	0.0201	0.0015	0.0106	0.0158	0.0198	0.0010	0.0273	0.0105	0.0222	0.0194	0.0093	0.0065	0.0105	0.0248	0.0082	0.0096	0.0202	0.0154	0.0093	0.0186	0.0097	0.0198	0.0118	0.0279	0.0182	0.0262	0.0051	0.0139	0.0201	0.0234	0.0051	0.0049	0.0184	0.0229	0.0092	
0.0030	0.0117	0.0055	0.0256	0.0147	0.0291	0.0085	0.0217	0.0003	0.0072	0.0277	0.0235	0.0084	0.0170	0.0081	0.0207	0.0084	0.0027	0.0015	0.0086	0.0241	0.0199	0.0119	0.0198	0.0243	0.0296	0.0126	0.0208	0.0008	0.0149	0.0024	0.0139	0.0237	0.0153	0.0072	0.0021	0.0265	0.0326	0.0286	0.0225	0.0043	0.0034	0.0108	0.0189	0.0281	0.0020	0.0259	0.0232	0.0119	0.0041	0.0228	0.0034	0.0143	0.0127	0.0113	0.0130	0.0248	0.0146	0.0015	0.0182	0.0170	0.0153	0.0186	0.0159	0.0040	0.0077	0.0060	0.0204	0.0127	0.0059	
0.0309	0.0156	0.0068	0.0091	0.0051	0.0248	0.0094	0.0241	0.0241	0.0233	0.0311	0.0167	0.0067	0.0253	0.0191	0.0313	0.0226	0.0021	0.0059	0.0247	0.0043	0.0081	0.0270	0.0051	0.0054	0.0189	0.0151	0.0259	0.0171	0.0187	0.0218	0.0046	0.0152	0.0059	0.0067	0.0102	0.0284	0.0130	0.0117	0.0215	0.0048	0.0064	0.0200	0.0097	0.0236	0.0023	0.0096	0.0237	0.0276	0.0051	0.0132	0.0050	0.0130	0.0151	0.0016	0.0207	0.0170	0.0015	0.0030	0.0183	0.0095	0.0136	0.0044	0.0062	0.0269	0.0225	0.0020	0.0001	0.0199	0.0105	
0.0008	0.0212	0.0179	0.0188	0.0225	0.0319	0.0228	0.0200	0.0128	0.0033	0.0087	0.0175	0.0247	0.0095	0.0058	0.0214	0.0131	0.0269	0.0065	0.0169	0.0214	0.0274	0.0090	0.0189	0.0130	0.0270	0.0021	0.0147	0.0152	0.0315	0.0226	0.0087	0.0089	0.0131	0.0044	0.0318	0.0180	0.0410	0.0316	0.0040	0.0028	0.0015	0.0183	0.0003	0.0123	0.0216	0.0168	0.0234	0.0001	0.0072	0.0037	0.0040	0.0187	0.0016	0.0154	0.0049	0.0063	0.0328	0.0059	0.0002	0.0272	0.0050	0.0021	0.0175	0.0032	0.0242	0.0086	0.0117	0.0067	0.0090	
0.0031	0.0222	0.0010	0.0020	0.0137	0.0211	0.0093	0.0085	0.0101	0.0213	0.0052	0.0076	0.0110	0.0040	0.0216	0.0248	0.0105	0.0039	0.0003	0.0003	0.0178	0.0158	0.0236	0.0214	0.0070	0.0306	0.0334	0.0016	0.0275	0.0134	0.0072	0.0034	0.0218	0.0161	0.0052	0.0126	0.0046	0.0261	0.0182	0.0246	0.0269	0.0282	0.0169	0.0119	0.0259	0.0177	0.0202	0.0229	0.0207	0.0062	0.0111	0.0051	0.0074	0.0045	0.0149	0.0151	0.0229	0.0056	0.0227	0.0154	0.0205	0.0060	0.0087	0.0276	0.0094	0.0007	0.0121	0.0184	0.0294	0.0117	
0.0202	0.0223	0.0172	0.0052	0.0041	0.0226	0.0296	0.0094	0.0004	0.0189	0.0057	0.0018	0.0100	0.0195	0.0017	0.0014	0.0238	0.0126	0.0045	0.0192	0.0178	0.0298	0.0273	0.0009	0.0030	0.0193	0.0187	0.0191	0.0048	0.0229	0.0302	0.0002	0.0290	0.0109	0.0185	0.0192	0.0205	0.0059	0.0014	0.0255	0.0177	0.0161	0.0052	0.0064	0.0116	0.0206	0.0250	0.0219	0.0268	0.0094	0.0079	0.0069	0.0166	0.0089	0.0226	0.0216	0.0245	0.0150	0.0020	0.0161	0.0033	0.0098	0.0040	0.0061	0.0192	0.0054	0.0029	0.0285	0.0315	0.0116	
0.0094	0.0197	0.0075	0.0090	0.0008	0.0009	0.0236	0.0214	0.0146	0.0118	0.0215	0.0202	0.0156	0.0178	0.0132	0.0211	0.0070	0.0154	0.0181	0.0225	0.0192	0.0041	0.0034	0.0110	0.0219	0.0088	0.0131	0.0261	0.0165	0.0056	0.0106	0.0211	0.0259	0.0093	0.0208	0.0187	0.0265	0.0084	0.0082	0.0199	0.0276	0.0021	0.0227	0.0148	0.0209	0.0060	0.0157	0.0063	0.0156	0.0163	0.0169	0.0080	0.0059	0.0014	0.0118	0.0047	0.0102	0.0240	0.0167	0.0159	0.0159	0.0194	0.0033	0.0122	0.0212	0.0160	0.0023	0.0069	0.0243	0.0249	
0.0241	0.0080	0.0076	0.0271	0.0003	0.0226	0.0104	0.0148	0.0185	0.0144	0.0240	0.0035	0.0074	0.0149	0.0132	0.0044	0.0111	0.0190	0.0329	0.0225	0.0054	0.0012	0.0204	0.0123	0.0041	0.0036	0.0306	0.0125	0.0234	0.0005	0.0021	0.0074	0.0149	0.0172	0.0008	0.0172	0.0031	0.0165	0.0018	0.0213	0.0307	0.0312	0.0014	0.0024	0.0013	0.0128	0.0152	0.0125	0.0253	0.0142	0.0031	0.0098	0.0068	0.0033	0.0165	0.0242	0.0129	0.0266	0.0266	0.0211	0.0238	0.0229	0.0184	0.0214	0.0116	0.0100	0.0161	0.0165	0.0194	0.0251	
0.0015	0.0076	0.0113	0.0060	0.0209	0.0063	0.0381	0.0168	0.0103	0.0178	0.0202	0.0100	0.0094	0.0027	0.0258	0.0183	0.0149	0.0061	0.0023	0.0062	0.0002	0.0067	0.0202	0.0032	0.0276	0.0010	0.0098	0.0083	0.0158	0.0184	0.0132	0.0219	0.0353	0.0012	0.0127	0.0282	0.0325	0.0043	0.0093	0.0118	0.0275	0.0274	0.0087	0.0026	0.0081	0.0097	0.0119	0.0130	0.0198	0.0142	0.0122	0.0106	0.0090	0.0081	0.0201	0.0236	0.0109	0.0133	0.0110	0.0187	0.0216	0.0168	0.0236	0.0217	0.0283	0.0142	0.0118	0.0105	0.0156	0.0216	
0.0229	0.0307	0.0209	0.0190	0.0109	0.0021	0.0291	0.0196	0.0209	0.0150	0.0190	0.0198	0.0103	0.0220	0.0041	0.0034	0.0081	0.0107	0.0045	0.0232	0.0118	0.0100	0.0240	0.0101	0.0184	0.0046	0.0012	0.0145	0.0033	0.0202	0.0154	0.0022	0.0004	0.0208	0.0231	0.0203	0.0211	0.0314	0.0016	0.0253	0.0303	0.0266	0.0178	0.0224	0.0075	0.0028	0.0080	0.0259	0.0188	0.0192	0.0061	0.0056	0.0050	0.0170	0.0124	0.0129	0.0004	0.0157	0.0020	0.0057	0.0010	0.0107	0.0139	0.0058	0.0224	0.0122	0.0170	0.0152	0.0294	0.0144	
0.0141	0.0179	0.0085	0.0086	0.0254	0.0169	0.0222	0.0000	0.0046	0.0139	0.0260	0.0023	0.0189	0.0059	0.0107	0.0144	0.0175	0.0081	0.0116	0.0128	0.0157	0.0036	0.0232	0.0195	0.0245	0.0169	0.0118	0.0129	0.0013	0.0224	0.0070	0.0176	0.0329	0.0045	0.0099	0.0192	0.0281	0.0314	0.0240	0.0259	0.0222	0.0005	0.0091	0.0144	0.0110	0.0262	0.0173	0.0066	0.0216	0.0062	0.0167	0.0100	0.0027	0.0122	0.0223	0.0092	0.0189	0.0159	0.0130	0.0093	0.0065	0.0071	0.0241	0.0121	0.0039	0.0033	0.0025	0.0153	0.0246	0.0227	
0.0146	0.0407	0.0091	0.0148	0.0200	0.0170	0.0321	0.0064	0.0096	0.0235	0.0325	0.0021	0.0145	0.0149	0.0037	0.0247	0.0093	0.0133	0.0116	0.0013	0.0247	0.0106	0.0149	0.0100	0.0230	0.0171	0.0019	0.0266	0.0118	0.0079	0.0157	0.0005	0.0188	0.0014	0.0155	0.0244	0.0408	0.0230	0.0253	0.0075	0.0191	0.0167	0.0025	0.0182	0.0121	0.0036	0.0190	0.0055	0.0070	0.0061	0.0139	0.0139	0.0054	0.0168	0.0178	0.0056	0.0098	0.0020	0.0325	0.0067	0.0146	0.0233	0.0219	0.0053	0.0012	0.0200	0.0139	0.0181	0.0010	0.0092	
0.0176	0.0603	0.0080	0.0011	0.0092	0.0112	0.0159	0.0225	0.0167	0.0121	0.0341	0.0125	0.0124	0.0021	0.0246	0.0042	0.0081	0.0204	0.0107	0.0196	0.0087	0.0242	0.0242	0.0088	0.0236	0.0264	0.0206	0.0252	0.0080	0.0166	0.0073	0.0009	0.0105	0.0144	0.0068	0.0188	0.0548	0.0082	0.0126	0.0082	0.0344	0.0157	0.0013	0.0103	0.0110	0.0156	0.0076	0.0154	0.0091	0.0142	0.0041	0.0013	0.0049	0.0061	0.0015	0.0331	0.0031	0.0076	0.0154	0.0169	0.0125	0.0085	0.0098	0.0092	0.0030	0.0141	0.0116	0.0245	0.0242	0.0017	
0.0065	0.0190	0.0076	0.0289	0.0186	0.0235	0.0305	0.0166	0.0244	0.0009	0.0101	0.0042	0.0101	0.0169	0.0118	0.0115	0.0150	0.0193	0.0262	0.0145	0.0113	0.0194	0.0279	0.0110	0.0231	0.0182	0.0063	0.0195	0.0057	0.0219	0.0001	0.0163	0.0370	0.0089	0.0170	0.0201	0.0279	0.0151	0.0283	0.0087	0.0039	0.0200	0.0108	0.0078	0.0176	0.0147	0.0297	0.0180	0.0014	0.0162	0.0021	0.0003	0.0191	0.0046	0.0188	0.0170	0.0161	0.0277	0.0056	0.0036	0.0171	0.0058	0.0090	0.0074	0.0007	0.0169	0.0049	0.0007	0.0004	0.0224	
0.0167	0.0075	0.0223	0.0147	0.0105	0.0207	0.0071	0.0177	0.0220	0.0060	0.0135	0.0148	0.0145	0.0125	0.0153	0.0272	0.0183	0.0180	0.0164	0.0022	0.0013	0.0238	0.0067	0.0182	0.0186	0.0247	0.0089	0.0031	0.0076	0.0238	0.0070	0.0237	0.0179	0.0074	0.0032	0.0203	0.0050	0.0099	0.0214	0.0258	0.0081	0.0257	0.0012	0.0224	0.0172	0.0022	0.0168	0.0214	0.0173	0.0008	0.0241	0.0118	0.0089	0.0239	0.0180	0.0180	0.0008	0.0028	0.0206	0.0128	0.0124	0.0039	0.0089	0.0259	0.0236	0.0138	0.0202	0.0067	0.0093	0.0245	
0.0246	0.0143	0.0225	0.0233	0.0249	0.0026	0.0256	0.0105	0.0027	0.0197	0.0088	0.0120	0.0115	0.0058	0.0247	0.0263	0.0113	0.0195	0.0206	0.0114	0.0191	0.0025	0.0161	0.0074	0.0169	0.0053	0.0212	0.0028	0.0009	0.0024	0.0044	0.0094	0.0175	0.0191	0.0062	0.0173	0.0180	0.0257	0.0045	0.0199	0.0293	0.0232	0.0000	0.0057	0.0067	0.0004	0.0219	0.0036	0.0283	0.0036	0.0250	0.0031	0.0152	0.0255	0.0019	0.0202	0.0223	0.0202	0.0071	0.0149	0.0148	0.0213	0.0075	0.0009	0.0119	0.0235	0.0203	0.0188	0.0292	0.0141	

Emissions
0.0546	0.3366	0.1844	0.3130	0.1114	
0.0151	0.1029	0.3289	0.0773	0.4758	
0.1735	0.3109	0.0611	0.3985	0.0560	
0.0181	0.3362	0.2253	0.2418	0.1786	
0.1186	0.4843	0.1916	0.1395	0.0659	
0.0305	0.2092	0.3873	0.2484	0.1246	
0.0148	0.0049	0.0777	0.2021	0.7005	
0.0105	0.3647	0.4115	0.1929	0.0205	
0.1621	0.2901	0.2385	0.2364	0.0729	
0.0009	0.3519	0.1925	0.2696	0.1851	
0.0450	0.1728	0.3644	0.1365	0.2814	
0.1023	0.2768	0.0358	0.4557	0.1294	
0.1824	0.0682	0.2432	0.3308	0.1754	
0.1574	0.1843	0.2459	0.3817	0.0307	
0.1280	0.0077	0.0828	0.2359	0.5456	
0.0465	0.3201	0.3981	0.1858	0.0494	
0.3158	0.0683	0.0751	0.4112	0.1297	
0.1149	0.0370	0.2786	0.1860	0.3835	
0.1242	0.2495	0.3948	0.0010	0.2305	
0.1898	0.0341	0.3570	0.1549	0.2642	
0.1590	0.0400	0.2039	0.2755	0.3216	
0.0963	0.1632	0.1396	0.3369	0.2639	
0.1027	0.2514	0.2094	0.1496	0.2869	
0.2479	0.0381	0.0156	0.3803	0.3181	
0.1291	0.3348	0.3183	0.0655	0.1523	
0.0174	0.2207	0.1553	0.1657	0.4409	
0.0096	0.4034	0.1660	0.1834	0.2376	
0.1149	0.2486	0.1017	0.2272	0.3077	
0.2230	0.6403	0.0555	0.0757	0.0056	
0.2322	0.3827	0.0437	0.0315	0.3099	
0.1947	0.0359	0.0161	0.4068	0.3464	
0.4013	0.1588	0.1399	0.1223	0.1777	
0.0029	0.1265	0.0169	0.1638	0.6899	
0.5097	0.2186	0.0072	0.1414	0.1230	
0.2530	0.3161	0.1198	0.2449	0.0662	
0.1809	0.2864	0.2631	0.0632	0.2063	
0.0830	0.0607	0.0395	0.1089	0.7079	
0.0031	0.3694	0.3131	0.1150	0.1995	
0.0162	0.0897	0.3484	0.1947	0.3510	
0.1121	0.3503	0.3321	0.1858	0.0198	
0.0507	0.2485	0.2495	0.1037	0.3476	
0.1566	0.3273	0.1182	0.0910	0.3068	
0.1527	0.3646	0.0745	0.2685	0.1397	
0.2457	0.0146	0.3786	0.0698	0.2912	
0.0481	0.2962	0.2518	0.2944	0.1095	
0.1885	0.2658	0.1439	0.2330	0.1689	
0.1782	0.4715	0.0798	0.0261	0.2445	
0.2417	0.1694	0.2942	0.1555	0.1393	
0.1200	0.3000	0.2471	0.2726	0.0603	
0.3183	0.0560	0.3464	0.2777	0.0016	
0.1225	0.0356	0.2618	0.3938	0.1864	
0.4821	0.1459	0.0810	0.1426	0.1485	
0.3581	0.1277	0.3107	0.1901	0.0134	
0.3499	0.4360	0.0696	0.1230	0.0215	
0.1414	0.2784	0.2157	0.2416	0.1229	
0.1700	0.0595	0.3323	0.1846	0.2536	
0.1886	0.1900	0.0713	0.3056	0.2446	
0.1973	0.4834	0.0978	0.0447	0.1768	
0.1855	0.1375	0.2602	0.0008	0.4160	
0.1286	0.0609	0.0904	0.5012	0.2190	
0.2011	0.4746	0.1054	0.0881	0.1310	
0.1678	0.2451	0.2981	0.1892	0.0999	
0.3091	0.1330	0.2650	0.1115	0.1813	
0.1052	0.3787	0.2028	0.2120	0.1013	
0.1160	0.1256	0.3458	0.1446	0.2680	
0.2431	0.2071	0.3213	0.2007	0.0279	
0.5577	0.0261	0.2429	0.1366	0.0368	
0.1786	0.0525	0.3526	0.1440	0.2723	
0.0131	0.0577	0.2783	0.3397	0.3112	
0.0535	0.6041	0.0557	0.2637	0.0229	
