DataSet 43
Learner: Baum Welch Learner
Log Likelihood: 39216.3848838760

Number of States: 90
Number of Symbols: 5
Threshold: 0.01

Initial Distribution:
0.0250	0.0026	0.0098	0.0040	0.0021	0.0070	0.0243	0.0290	0.0220	0.0129	0.0168	0.0015	0.0149	0.0113	0.0127	0.0157	0.0112	0.0164	0.0141	0.0160	0.0061	0.0046	0.0164	0.0120	0.0170	0.0019	0.0088	0.0021	0.0044	0.0128	0.0102	0.0060	0.0150	0.0159	0.0048	0.0191	0.0009	0.0066	0.0213	0.0200	0.0086	0.0131	0.0133	0.0122	0.0076	0.0261	0.0085	0.0011	0.0091	0.0128	0.0060	0.0135	0.0034	0.0128	0.0027	0.0088	0.0039	0.0073	0.0170	0.0003	0.0231	0.0175	0.0133	0.0072	0.0148	0.0080	0.0103	0.0002	0.0047	0.0008	0.0115	0.0035	0.0074	0.0027	0.0122	0.0065	0.0260	0.0147	0.0115	0.0209	0.0104	0.0102	0.0054	0.0310	0.0292	0.0002	0.0042	0.0116	0.0058	0.0117	

Transitions:
0.0057	0.0175	0.0166	0.0138	0.0151	0.0189	0.0058	0.0009	0.0006	0.0048	0.0080	0.0192	0.0077	0.0103	0.0175	0.0031	0.0130	0.0017	0.0085	0.0172	0.0098	0.0109	0.0103	0.0003	0.0111	0.0054	0.0238	0.0162	0.0111	0.0118	0.0036	0.0163	0.0107	0.0140	0.0148	0.0022	0.0134	0.0161	0.0028	0.0135	0.0002	0.0180	0.0133	0.0160	0.0055	0.0107	0.0055	0.0077	0.0039	0.0115	0.0129	0.0028	0.0097	0.0160	0.0067	0.0168	0.0045	0.0127	0.0160	0.0100	0.0146	0.0117	0.0122	0.0050	0.0018	0.0121	0.0022	0.0137	0.0301	0.0171	0.0094	0.0252	0.0157	0.0082	0.0144	0.0224	0.0097	0.0180	0.0211	0.0004	0.0031	0.0126	0.0140	0.0076	0.0049	0.0007	0.0057	0.0246	0.0161	0.0213	
0.0179	0.0018	0.0225	0.0163	0.0017	0.0057	0.0020	0.0159	0.0124	0.0114	0.0139	0.0154	0.0132	0.0177	0.0100	0.0121	0.0065	0.0208	0.0186	0.0093	0.0038	0.0073	0.0217	0.0216	0.0084	0.0041	0.0085	0.0008	0.0197	0.0017	0.0092	0.0049	0.0240	0.0195	0.0119	0.0075	0.0214	0.0035	0.0097	0.0152	0.0168	0.0014	0.0055	0.0082	0.0135	0.0084	0.0005	0.0198	0.0054	0.0193	0.0176	0.0099	0.0020	0.0038	0.0137	0.0154	0.0062	0.0211	0.0086	0.0210	0.0240	0.0015	0.0142	0.0109	0.0013	0.0081	0.0191	0.0166	0.0006	0.0005	0.0199	0.0023	0.0097	0.0077	0.0144	0.0024	0.0176	0.0150	0.0073	0.0211	0.0027	0.0136	0.0206	0.0056	0.0065	0.0008	0.0026	0.0178	0.0071	0.0208	
0.0024	0.0203	0.0175	0.0107	0.0125	0.0137	0.0066	0.0190	0.0050	0.0039	0.0191	0.0081	0.0158	0.0048	0.0203	0.0109	0.0211	0.0151	0.0100	0.0102	0.0150	0.0163	0.0148	0.0119	0.0156	0.0075	0.0061	0.0116	0.0038	0.0004	0.0040	0.0198	0.0065	0.0021	0.0156	0.0138	0.0059	0.0183	0.0159	0.0241	0.0160	0.0037	0.0045	0.0035	0.0215	0.0112	0.0144	0.0129	0.0051	0.0149	0.0015	0.0069	0.0054	0.0154	0.0036	0.0090	0.0070	0.0047	0.0171	0.0042	0.0096	0.0161	0.0111	0.0049	0.0217	0.0219	0.0027	0.0144	0.0063	0.0046	0.0087	0.0011	0.0004	0.0119	0.0148	0.0098	0.0070	0.0115	0.0099	0.0226	0.0098	0.0149	0.0052	0.0129	0.0192	0.0191	0.0131	0.0095	0.0182	0.0087	
0.0075	0.0014	0.0023	0.0133	0.0121	0.0240	0.0127	0.0007	0.0041	0.0007	0.0175	0.0036	0.0060	0.0005	0.0075	0.0003	0.0089	0.0166	0.0015	0.0162	0.0006	0.0220	0.0185	0.0203	0.0148	0.0167	0.0155	0.0008	0.0075	0.0023	0.0084	0.0167	0.0182	0.0191	0.0184	0.0071	0.0229	0.0121	0.0020	0.0214	0.0210	0.0102	0.0059	0.0147	0.0098	0.0083	0.0107	0.0064	0.0076	0.0256	0.0143	0.0251	0.0111	0.0067	0.0102	0.0131	0.0109	0.0059	0.0224	0.0190	0.0110	0.0128	0.0148	0.0021	0.0188	0.0009	0.0116	0.0105	0.0048	0.0245	0.0011	0.0217	0.0132	0.0072	0.0165	0.0153	0.0098	0.0052	0.0114	0.0031	0.0053	0.0085	0.0214	0.0090	0.0118	0.0115	0.0042	0.0113	0.0117	0.0071	
0.0153	0.0202	0.0152	0.0082	0.0069	0.0101	0.0116	0.0035	0.0167	0.0071	0.0012	0.0023	0.0013	0.0108	0.0255	0.0165	0.0087	0.0030	0.0135	0.0183	0.0006	0.0033	0.0165	0.0147	0.0102	0.0018	0.0213	0.0099	0.0141	0.0048	0.0233	0.0231	0.0188	0.0186	0.0220	0.0065	0.0054	0.0056	0.0134	0.0057	0.0164	0.0077	0.0062	0.0038	0.0018	0.0035	0.0064	0.0078	0.0106	0.0164	0.0015	0.0008	0.0223	0.0177	0.0063	0.0163	0.0319	0.0171	0.0169	0.0056	0.0126	0.0065	0.0122	0.0121	0.0105	0.0016	0.0038	0.0043	0.0129	0.0158	0.0118	0.0029	0.0038	0.0052	0.0163	0.0186	0.0137	0.0150	0.0193	0.0053	0.0161	0.0119	0.0282	0.0123	0.0036	0.0228	0.0014	0.0056	0.0168	0.0045	
0.0071	0.0115	0.0109	0.0156	0.0165	0.0144	0.0142	0.0194	0.0151	0.0226	0.0001	0.0021	0.0211	0.0240	0.0078	0.0176	0.0211	0.0145	0.0188	0.0113	0.0231	0.0082	0.0012	0.0128	0.0094	0.0013	0.0122	0.0246	0.0078	0.0155	0.0005	0.0247	0.0121	0.0044	0.0036	0.0001	0.0143	0.0107	0.0120	0.0050	0.0017	0.0013	0.0163	0.0195	0.0074	0.0123	0.0122	0.0233	0.0094	0.0067	0.0220	0.0095	0.0077	0.0029	0.0040	0.0016	0.0106	0.0186	0.0067	0.0147	0.0037	0.0155	0.0083	0.0023	0.0239	0.0008	0.0159	0.0182	0.0168	0.0071	0.0075	0.0086	0.0023	0.0151	0.0098	0.0186	0.0071	0.0081	0.0048	0.0165	0.0084	0.0136	0.0124	0.0024	0.0135	0.0151	0.0148	0.0080	0.0007	0.0025	
0.0102	0.0218	0.0049	0.0220	0.0005	0.0102	0.0121	0.0140	0.0159	0.0063	0.0033	0.0236	0.0038	0.0024	0.0261	0.0151	0.0078	0.0149	0.0178	0.0064	0.0134	0.0027	0.0148	0.0112	0.0035	0.0106	0.0057	0.0085	0.0136	0.0065	0.0115	0.0052	0.0144	0.0127	0.0180	0.0109	0.0042	0.0063	0.0108	0.0017	0.0052	0.0150	0.0097	0.0249	0.0134	0.0131	0.0115	0.0107	0.0028	0.0179	0.0080	0.0252	0.0173	0.0201	0.0113	0.0101	0.0039	0.0128	0.0140	0.0095	0.0031	0.0063	0.0068	0.0101	0.0199	0.0185	0.0036	0.0143	0.0128	0.0142	0.0101	0.0014	0.0210	0.0115	0.0208	0.0027	0.0110	0.0163	0.0027	0.0094	0.0038	0.0187	0.0061	0.0082	0.0014	0.0139	0.0112	0.0249	0.0057	0.0078	
0.0069	0.0154	0.0143	0.0053	0.0176	0.0251	0.0050	0.0014	0.0020	0.0127	0.0088	0.0210	0.0014	0.0148	0.0133	0.0058	0.0216	0.0019	0.0190	0.0071	0.0167	0.0088	0.0097	0.0024	0.0047	0.0062	0.0035	0.0191	0.0090	0.0072	0.0113	0.0057	0.0067	0.0013	0.0026	0.0172	0.0091	0.0170	0.0112	0.0008	0.0155	0.0124	0.0116	0.0122	0.0017	0.0072	0.0195	0.0127	0.0199	0.0139	0.0122	0.0100	0.0033	0.0208	0.0104	0.0199	0.0043	0.0099	0.0194	0.0118	0.0160	0.0083	0.0156	0.0152	0.0030	0.0039	0.0098	0.0001	0.0167	0.0205	0.0167	0.0054	0.0087	0.0132	0.0098	0.0077	0.0159	0.0196	0.0016	0.0157	0.0129	0.0129	0.0246	0.0085	0.0172	0.0272	0.0023	0.0115	0.0162	0.0040	
0.0106	0.0271	0.0207	0.0017	0.0049	0.0107	0.0154	0.0170	0.0074	0.0201	0.0176	0.0201	0.0003	0.0036	0.0013	0.0063	0.0000	0.0090	0.0093	0.0026	0.0023	0.0052	0.0095	0.0009	0.0197	0.0036	0.0156	0.0057	0.0197	0.0029	0.0023	0.0013	0.0081	0.0069	0.0038	0.0165	0.0086	0.0087	0.0084	0.0022	0.0097	0.0237	0.0098	0.0052	0.0031	0.0161	0.0160	0.0200	0.0102	0.0122	0.0267	0.0182	0.0022	0.0134	0.0012	0.0089	0.0185	0.0157	0.0022	0.0008	0.0187	0.0110	0.0032	0.0055	0.0185	0.0153	0.0078	0.0174	0.0349	0.0077	0.0218	0.0188	0.0190	0.0052	0.0125	0.0053	0.0108	0.0049	0.0240	0.0011	0.0121	0.0191	0.0231	0.0019	0.0028	0.0126	0.0212	0.0224	0.0091	0.0205	
0.0034	0.0172	0.0068	0.0109	0.0060	0.0232	0.0159	0.0071	0.0086	0.0085	0.0130	0.0236	0.0179	0.0054	0.0196	0.0074	0.0195	0.0182	0.0219	0.0193	0.0159	0.0097	0.0198	0.0009	0.0092	0.0005	0.0223	0.0010	0.0019	0.0086	0.0185	0.0128	0.0075	0.0042	0.0017	0.0046	0.0081	0.0109	0.0001	0.0157	0.0087	0.0082	0.0144	0.0148	0.0130	0.0121	0.0006	0.0136	0.0078	0.0180	0.0153	0.0038	0.0215	0.0114	0.0005	0.0175	0.0239	0.0047	0.0008	0.0056	0.0020	0.0151	0.0052	0.0006	0.0141	0.0010	0.0149	0.0149	0.0036	0.0140	0.0253	0.0079	0.0169	0.0061	0.0091	0.0095	0.0108	0.0062	0.0125	0.0159	0.0188	0.0076	0.0192	0.0057	0.0156	0.0177	0.0139	0.0204	0.0048	0.0072	
0.0058	0.0039	0.0103	0.0175	0.0110	0.0163	0.0015	0.0126	0.0187	0.0098	0.0013	0.0113	0.0085	0.0203	0.0211	0.0066	0.0079	0.0125	0.0013	0.0136	0.0031	0.0118	0.0143	0.0052	0.0050	0.0141	0.0010	0.0248	0.0060	0.0164	0.0107	0.0172	0.0076	0.0162	0.0041	0.0161	0.0178	0.0012	0.0108	0.0133	0.0054	0.0195	0.0045	0.0016	0.0160	0.0096	0.0212	0.0196	0.0093	0.0086	0.0072	0.0249	0.0185	0.0138	0.0027	0.0149	0.0138	0.0028	0.0099	0.0170	0.0139	0.0022	0.0094	0.0011	0.0004	0.0052	0.0015	0.0139	0.0180	0.0256	0.0099	0.0075	0.0178	0.0064	0.0058	0.0081	0.0057	0.0137	0.0149	0.0122	0.0164	0.0034	0.0147	0.0131	0.0109	0.0116	0.0200	0.0194	0.0174	0.0106	
0.0063	0.0208	0.0155	0.0238	0.0015	0.0050	0.0069	0.0043	0.0011	0.0092	0.0120	0.0088	0.0065	0.0141	0.0004	0.0001	0.0030	0.0108	0.0068	0.0188	0.0087	0.0205	0.0127	0.0181	0.0219	0.0109	0.0163	0.0215	0.0102	0.0130	0.0082	0.0073	0.0203	0.0037	0.0139	0.0153	0.0167	0.0218	0.0052	0.0023	0.0202	0.0037	0.0108	0.0062	0.0064	0.0093	0.0208	0.0009	0.0184	0.0164	0.0089	0.0139	0.0130	0.0237	0.0007	0.0113	0.0069	0.0173	0.0001	0.0133	0.0148	0.0141	0.0156	0.0109	0.0014	0.0043	0.0123	0.0030	0.0234	0.0081	0.0074	0.0047	0.0039	0.0043	0.0175	0.0062	0.0050	0.0079	0.0138	0.0094	0.0119	0.0146	0.0281	0.0165	0.0046	0.0219	0.0185	0.0228	0.0036	0.0034	
0.0076	0.0268	0.0241	0.0178	0.0095	0.0091	0.0060	0.0013	0.0034	0.0010	0.0007	0.0201	0.0042	0.0133	0.0103	0.0037	0.0082	0.0072	0.0035	0.0175	0.0040	0.0182	0.0041	0.0103	0.0184	0.0004	0.0182	0.0007	0.0066	0.0042	0.0116	0.0133	0.0194	0.0140	0.0185	0.0058	0.0051	0.0100	0.0095	0.0078	0.0150	0.0047	0.0020	0.0123	0.0095	0.0158	0.0094	0.0099	0.0082	0.0011	0.0125	0.0112	0.0187	0.0096	0.0228	0.0112	0.0255	0.0074	0.0154	0.0102	0.0135	0.0061	0.0153	0.0197	0.0138	0.0081	0.0156	0.0129	0.0218	0.0024	0.0217	0.0253	0.0134	0.0137	0.0169	0.0009	0.0133	0.0158	0.0054	0.0011	0.0124	0.0067	0.0207	0.0031	0.0130	0.0004	0.0166	0.0151	0.0205	0.0068	
0.0095	0.0223	0.0170	0.0048	0.0186	0.0126	0.0078	0.0042	0.0193	0.0207	0.0016	0.0207	0.0179	0.0081	0.0037	0.0110	0.0193	0.0012	0.0110	0.0200	0.0158	0.0022	0.0034	0.0165	0.0197	0.0074	0.0173	0.0169	0.0033	0.0142	0.0142	0.0054	0.0168	0.0082	0.0118	0.0003	0.0045	0.0099	0.0189	0.0074	0.0139	0.0150	0.0145	0.0072	0.0001	0.0131	0.0110	0.0079	0.0012	0.0053	0.0054	0.0182	0.0017	0.0214	0.0115	0.0092	0.0207	0.0203	0.0087	0.0109	0.0221	0.0162	0.0006	0.0068	0.0062	0.0193	0.0042	0.0096	0.0173	0.0030	0.0099	0.0078	0.0030	0.0050	0.0045	0.0024	0.0055	0.0221	0.0154	0.0011	0.0153	0.0088	0.0147	0.0216	0.0076	0.0228	0.0034	0.0176	0.0201	0.0035	
0.0039	0.0060	0.0014	0.0105	0.0082	0.0201	0.0108	0.0085	0.0008	0.0032	0.0143	0.0037	0.0126	0.0251	0.0220	0.0169	0.0142	0.0176	0.0153	0.0091	0.0020	0.0186	0.0055	0.0064	0.0137	0.0100	0.0040	0.0023	0.0210	0.0061	0.0156	0.0091	0.0105	0.0111	0.0176	0.0027	0.0058	0.0141	0.0127	0.0057	0.0085	0.0192	0.0135	0.0132	0.0103	0.0101	0.0163	0.0143	0.0024	0.0104	0.0078	0.0074	0.0012	0.0108	0.0009	0.0067	0.0295	0.0144	0.0165	0.0194	0.0173	0.0102	0.0090	0.0147	0.0105	0.0044	0.0143	0.0004	0.0014	0.0167	0.0149	0.0223	0.0004	0.0091	0.0181	0.0063	0.0016	0.0167	0.0205	0.0188	0.0131	0.0118	0.0275	0.0087	0.0170	0.0101	0.0072	0.0007	0.0123	0.0126	
0.0025	0.0154	0.0232	0.0233	0.0104	0.0254	0.0059	0.0015	0.0020	0.0043	0.0001	0.0202	0.0133	0.0123	0.0231	0.0081	0.0070	0.0130	0.0127	0.0174	0.0047	0.0067	0.0196	0.0159	0.0026	0.0043	0.0155	0.0011	0.0185	0.0007	0.0215	0.0163	0.0105	0.0093	0.0111	0.0010	0.0012	0.0017	0.0157	0.0214	0.0171	0.0006	0.0093	0.0196	0.0258	0.0153	0.0235	0.0140	0.0134	0.0118	0.0037	0.0187	0.0116	0.0189	0.0071	0.0188	0.0235	0.0007	0.0170	0.0057	0.0094	0.0052	0.0064	0.0017	0.0071	0.0079	0.0065	0.0021	0.0305	0.0223	0.0093	0.0056	0.0128	0.0116	0.0170	0.0053	0.0103	0.0024	0.0207	0.0026	0.0054	0.0007	0.0130	0.0030	0.0159	0.0051	0.0033	0.0177	0.0059	0.0165	
0.0053	0.0006	0.0063	0.0154	0.0110	0.0150	0.0133	0.0103	0.0086	0.0130	0.0163	0.0198	0.0131	0.0209	0.0055	0.0186	0.0019	0.0188	0.0207	0.0017	0.0037	0.0143	0.0040	0.0140	0.0201	0.0076	0.0207	0.0042	0.0040	0.0027	0.0052	0.0133	0.0185	0.0054	0.0102	0.0066	0.0195	0.0208	0.0014	0.0033	0.0101	0.0041	0.0121	0.0061	0.0101	0.0081	0.0092	0.0136	0.0201	0.0213	0.0019	0.0064	0.0171	0.0032	0.0100	0.0135	0.0228	0.0120	0.0155	0.0031	0.0180	0.0107	0.0063	0.0062	0.0085	0.0031	0.0225	0.0083	0.0080	0.0210	0.0000	0.0026	0.0163	0.0164	0.0113	0.0002	0.0170	0.0220	0.0057	0.0098	0.0176	0.0062	0.0056	0.0045	0.0010	0.0234	0.0177	0.0161	0.0187	0.0194	
0.0090	0.0092	0.0061	0.0221	0.0078	0.0246	0.0181	0.0086	0.0185	0.0064	0.0114	0.0020	0.0065	0.0014	0.0241	0.0198	0.0121	0.0216	0.0135	0.0102	0.0148	0.0231	0.0082	0.0057	0.0040	0.0107	0.0084	0.0028	0.0058	0.0093	0.0078	0.0072	0.0121	0.0094	0.0090	0.0137	0.0190	0.0203	0.0093	0.0139	0.0034	0.0148	0.0005	0.0260	0.0000	0.0155	0.0239	0.0041	0.0063	0.0018	0.0117	0.0207	0.0030	0.0090	0.0038	0.0126	0.0010	0.0207	0.0171	0.0188	0.0165	0.0154	0.0028	0.0112	0.0230	0.0045	0.0142	0.0210	0.0179	0.0078	0.0025	0.0157	0.0106	0.0007	0.0062	0.0019	0.0159	0.0088	0.0060	0.0064	0.0101	0.0038	0.0224	0.0035	0.0192	0.0140	0.0035	0.0032	0.0078	0.0210	
0.0099	0.0215	0.0026	0.0138	0.0178	0.0096	0.0091	0.0115	0.0009	0.0173	0.0072	0.0045	0.0111	0.0240	0.0230	0.0157	0.0079	0.0020	0.0021	0.0017	0.0135	0.0164	0.0166	0.0095	0.0058	0.0097	0.0226	0.0246	0.0122	0.0093	0.0009	0.0103	0.0106	0.0139	0.0136	0.0038	0.0100	0.0188	0.0031	0.0206	0.0117	0.0079	0.0048	0.0114	0.0232	0.0051	0.0139	0.0208	0.0038	0.0011	0.0037	0.0013	0.0008	0.0050	0.0040	0.0189	0.0048	0.0125	0.0072	0.0071	0.0113	0.0094	0.0186	0.0130	0.0175	0.0194	0.0168	0.0181	0.0067	0.0182	0.0091	0.0109	0.0175	0.0047	0.0095	0.0066	0.0062	0.0062	0.0102	0.0195	0.0146	0.0013	0.0198	0.0100	0.0051	0.0258	0.0086	0.0057	0.0136	0.0177	
0.0001	0.0213	0.0122	0.0184	0.0061	0.0026	0.0057	0.0099	0.0119	0.0016	0.0124	0.0216	0.0113	0.0101	0.0173	0.0137	0.0028	0.0153	0.0161	0.0181	0.0082	0.0170	0.0030	0.0064	0.0082	0.0074	0.0166	0.0121	0.0079	0.0123	0.0115	0.0096	0.0026	0.0083	0.0155	0.0090	0.0176	0.0021	0.0114	0.0061	0.0142	0.0157	0.0087	0.0091	0.0073	0.0151	0.0105	0.0081	0.0154	0.0099	0.0207	0.0144	0.0110	0.0165	0.0061	0.0013	0.0211	0.0024	0.0067	0.0177	0.0079	0.0152	0.0054	0.0177	0.0123	0.0030	0.0141	0.0028	0.0183	0.0046	0.0168	0.0005	0.0166	0.0072	0.0165	0.0185	0.0052	0.0159	0.0018	0.0072	0.0163	0.0070	0.0191	0.0114	0.0136	0.0225	0.0181	0.0096	0.0047	0.0166	
0.0133	0.0163	0.0156	0.0186	0.0183	0.0010	0.0074	0.0137	0.0149	0.0026	0.0045	0.0067	0.0148	0.0134	0.0157	0.0135	0.0147	0.0017	0.0147	0.0086	0.0141	0.0214	0.0010	0.0183	0.0176	0.0012	0.0052	0.0116	0.0003	0.0149	0.0043	0.0075	0.0184	0.0151	0.0065	0.0173	0.0051	0.0174	0.0092	0.0206	0.0080	0.0146	0.0144	0.0207	0.0051	0.0093	0.0106	0.0002	0.0190	0.0014	0.0035	0.0160	0.0116	0.0136	0.0001	0.0160	0.0155	0.0147	0.0016	0.0165	0.0164	0.0154	0.0111	0.0025	0.0184	0.0185	0.0099	0.0180	0.0049	0.0159	0.0123	0.0155	0.0109	0.0168	0.0009	0.0169	0.0006	0.0022	0.0116	0.0060	0.0076	0.0047	0.0109	0.0191	0.0096	0.0085	0.0147	0.0032	0.0174	0.0103	
0.0040	0.0118	0.0219	0.0138	0.0017	0.0139	0.0028	0.0215	0.0014	0.0095	0.0051	0.0176	0.0188	0.0038	0.0130	0.0081	0.0058	0.0172	0.0164	0.0009	0.0201	0.0184	0.0045	0.0204	0.0098	0.0134	0.0080	0.0184	0.0150	0.0133	0.0030	0.0070	0.0243	0.0157	0.0147	0.0023	0.0233	0.0014	0.0215	0.0139	0.0207	0.0063	0.0009	0.0076	0.0027	0.0155	0.0113	0.0108	0.0107	0.0033	0.0042	0.0008	0.0118	0.0208	0.0173	0.0127	0.0076	0.0006	0.0047	0.0121	0.0071	0.0106	0.0037	0.0138	0.0067	0.0248	0.0219	0.0013	0.0116	0.0099	0.0108	0.0040	0.0194	0.0052	0.0046	0.0126	0.0132	0.0245	0.0157	0.0161	0.0018	0.0229	0.0061	0.0133	0.0078	0.0026	0.0199	0.0018	0.0233	0.0036	
0.0147	0.0254	0.0225	0.0087	0.0042	0.0103	0.0017	0.0088	0.0006	0.0040	0.0002	0.0110	0.0203	0.0007	0.0192	0.0003	0.0045	0.0061	0.0166	0.0047	0.0179	0.0088	0.0075	0.0116	0.0086	0.0075	0.0051	0.0175	0.0063	0.0030	0.0040	0.0167	0.0020	0.0070	0.0137	0.0092	0.0063	0.0110	0.0003	0.0161	0.0089	0.0037	0.0168	0.0126	0.0149	0.0132	0.0242	0.0050	0.0174	0.0064	0.0236	0.0128	0.0094	0.0187	0.0063	0.0086	0.0185	0.0066	0.0203	0.0182	0.0046	0.0090	0.0045	0.0194	0.0004	0.0062	0.0073	0.0152	0.0124	0.0080	0.0174	0.0188	0.0055	0.0187	0.0156	0.0181	0.0103	0.0196	0.0249	0.0146	0.0082	0.0233	0.0256	0.0176	0.0045	0.0172	0.0068	0.0086	0.0018	0.0052	
0.0150	0.0000	0.0139	0.0046	0.0128	0.0006	0.0195	0.0211	0.0105	0.0068	0.0075	0.0094	0.0185	0.0125	0.0152	0.0047	0.0064	0.0111	0.0002	0.0120	0.0181	0.0193	0.0076	0.0043	0.0094	0.0043	0.0150	0.0074	0.0156	0.0081	0.0001	0.0252	0.0122	0.0044	0.0114	0.0156	0.0034	0.0015	0.0065	0.0170	0.0167	0.0141	0.0062	0.0179	0.0111	0.0007	0.0050	0.0099	0.0081	0.0004	0.0099	0.0205	0.0081	0.0138	0.0084	0.0223	0.0195	0.0074	0.0173	0.0084	0.0107	0.0136	0.0072	0.0030	0.0070	0.0070	0.0201	0.0149	0.0278	0.0226	0.0017	0.0049	0.0035	0.0061	0.0154	0.0069	0.0088	0.0155	0.0184	0.0081	0.0002	0.0043	0.0257	0.0128	0.0199	0.0052	0.0154	0.0238	0.0220	0.0130	
0.0005	0.0240	0.0080	0.0261	0.0055	0.0045	0.0041	0.0031	0.0081	0.0028	0.0044	0.0184	0.0098	0.0145	0.0287	0.0050	0.0168	0.0010	0.0222	0.0017	0.0091	0.0014	0.0129	0.0070	0.0074	0.0051	0.0202	0.0213	0.0044	0.0017	0.0186	0.0221	0.0153	0.0094	0.0208	0.0054	0.0199	0.0046	0.0003	0.0100	0.0009	0.0076	0.0041	0.0168	0.0049	0.0072	0.0208	0.0106	0.0148	0.0147	0.0157	0.0182	0.0026	0.0222	0.0002	0.0206	0.0086	0.0205	0.0128	0.0000	0.0098	0.0101	0.0007	0.0071	0.0113	0.0058	0.0188	0.0273	0.0245	0.0217	0.0078	0.0143	0.0005	0.0067	0.0003	0.0065	0.0141	0.0226	0.0059	0.0167	0.0107	0.0075	0.0014	0.0063	0.0096	0.0009	0.0173	0.0260	0.0126	0.0253	
0.0002	0.0266	0.0150	0.0005	0.0020	0.0124	0.0043	0.0150	0.0034	0.0185	0.0103	0.0196	0.0162	0.0280	0.0126	0.0016	0.0144	0.0163	0.0176	0.0175	0.0019	0.0061	0.0147	0.0119	0.0099	0.0024	0.0118	0.0184	0.0178	0.0080	0.0132	0.0002	0.0112	0.0150	0.0142	0.0063	0.0180	0.0000	0.0032	0.0094	0.0161	0.0221	0.0127	0.0083	0.0128	0.0119	0.0119	0.0013	0.0194	0.0102	0.0109	0.0004	0.0031	0.0162	0.0184	0.0138	0.0095	0.0196	0.0107	0.0212	0.0014	0.0119	0.0028	0.0150	0.0075	0.0080	0.0049	0.0004	0.0087	0.0032	0.0052	0.0159	0.0109	0.0061	0.0157	0.0042	0.0085	0.0085	0.0031	0.0133	0.0106	0.0096	0.0218	0.0045	0.0002	0.0136	0.0188	0.0214	0.0240	0.0240	
0.0006	0.0228	0.0115	0.0057	0.0088	0.0079	0.0154	0.0002	0.0006	0.0014	0.0119	0.0117	0.0164	0.0213	0.0067	0.0162	0.0114	0.0181	0.0186	0.0130	0.0032	0.0213	0.0187	0.0171	0.0082	0.0131	0.0223	0.0236	0.0163	0.0172	0.0127	0.0085	0.0003	0.0065	0.0018	0.0058	0.0028	0.0060	0.0169	0.0108	0.0079	0.0125	0.0059	0.0015	0.0055	0.0016	0.0142	0.0202	0.0214	0.0043	0.0011	0.0012	0.0006	0.0091	0.0178	0.0021	0.0029	0.0139	0.0188	0.0167	0.0098	0.0181	0.0053	0.0050	0.0117	0.0034	0.0116	0.0108	0.0179	0.0228	0.0173	0.0048	0.0192	0.0083	0.0041	0.0132	0.0108	0.0186	0.0125	0.0061	0.0178	0.0014	0.0235	0.0114	0.0147	0.0126	0.0073	0.0136	0.0115	0.0225	
0.0032	0.0112	0.0101	0.0027	0.0007	0.0105	0.0059	0.0022	0.0122	0.0016	0.0162	0.0049	0.0030	0.0003	0.0123	0.0144	0.0030	0.0142	0.0043	0.0045	0.0110	0.0089	0.0025	0.0149	0.0190	0.0082	0.0238	0.0200	0.0102	0.0258	0.0161	0.0224	0.0225	0.0150	0.0153	0.0046	0.0174	0.0178	0.0081	0.0198	0.0075	0.0120	0.0034	0.0126	0.0169	0.0118	0.0178	0.0214	0.0013	0.0262	0.0085	0.0162	0.0090	0.0067	0.0102	0.0178	0.0095	0.0165	0.0081	0.0155	0.0139	0.0122	0.0110	0.0125	0.0063	0.0177	0.0082	0.0098	0.0040	0.0055	0.0012	0.0065	0.0056	0.0124	0.0191	0.0195	0.0028	0.0165	0.0180	0.0002	0.0074	0.0021	0.0160	0.0152	0.0127	0.0031	0.0118	0.0128	0.0053	0.0214	
0.0143	0.0229	0.0111	0.0145	0.0028	0.0164	0.0189	0.0139	0.0050	0.0205	0.0114	0.0117	0.0146	0.0199	0.0197	0.0014	0.0100	0.0183	0.0088	0.0108	0.0141	0.0186	0.0211	0.0076	0.0050	0.0091	0.0205	0.0253	0.0003	0.0026	0.0045	0.0162	0.0028	0.0037	0.0071	0.0009	0.0168	0.0118	0.0083	0.0015	0.0005	0.0122	0.0056	0.0232	0.0124	0.0128	0.0076	0.0204	0.0155	0.0123	0.0146	0.0131	0.0035	0.0147	0.0063	0.0019	0.0025	0.0023	0.0100	0.0139	0.0215	0.0191	0.0105	0.0029	0.0173	0.0185	0.0109	0.0117	0.0084	0.0167	0.0061	0.0181	0.0087	0.0080	0.0104	0.0019	0.0067	0.0239	0.0154	0.0081	0.0010	0.0001	0.0056	0.0116	0.0081	0.0145	0.0114	0.0080	0.0182	0.0064	
0.0194	0.0192	0.0025	0.0183	0.0029	0.0019	0.0216	0.0045	0.0050	0.0178	0.0110	0.0237	0.0113	0.0250	0.0067	0.0196	0.0039	0.0185	0.0053	0.0054	0.0152	0.0040	0.0077	0.0027	0.0140	0.0200	0.0189	0.0017	0.0190	0.0024	0.0073	0.0005	0.0143	0.0020	0.0205	0.0119	0.0176	0.0178	0.0055	0.0104	0.0027	0.0056	0.0149	0.0021	0.0232	0.0033	0.0137	0.0078	0.0064	0.0128	0.0122	0.0188	0.0048	0.0167	0.0157	0.0183	0.0118	0.0226	0.0031	0.0046	0.0088	0.0202	0.0103	0.0028	0.0111	0.0100	0.0075	0.0100	0.0021	0.0197	0.0020	0.0113	0.0117	0.0172	0.0023	0.0115	0.0091	0.0059	0.0057	0.0098	0.0086	0.0102	0.0225	0.0040	0.0138	0.0157	0.0197	0.0241	0.0120	0.0023	
0.0016	0.0189	0.0147	0.0015	0.0016	0.0047	0.0152	0.0134	0.0121	0.0099	0.0201	0.0036	0.0050	0.0134	0.0115	0.0009	0.0051	0.0086	0.0115	0.0037	0.0068	0.0045	0.0183	0.0147	0.0168	0.0178	0.0030	0.0070	0.0102	0.0202	0.0120	0.0090	0.0205	0.0171	0.0121	0.0055	0.0164	0.0097	0.0139	0.0229	0.0135	0.0193	0.0093	0.0196	0.0143	0.0035	0.0038	0.0066	0.0147	0.0136	0.0077	0.0093	0.0083	0.0061	0.0155	0.0190	0.0010	0.0174	0.0058	0.0026	0.0021	0.0095	0.0021	0.0159	0.0203	0.0111	0.0060	0.0062	0.0216	0.0044	0.0060	0.0174	0.0133	0.0134	0.0100	0.0101	0.0090	0.0250	0.0020	0.0120	0.0122	0.0194	0.0141	0.0186	0.0103	0.0051	0.0220	0.0135	0.0051	0.0162	
0.0045	0.0222	0.0042	0.0130	0.0171	0.0044	0.0148	0.0181	0.0189	0.0022	0.0001	0.0215	0.0084	0.0132	0.0087	0.0113	0.0168	0.0154	0.0173	0.0060	0.0067	0.0011	0.0187	0.0157	0.0078	0.0049	0.0225	0.0055	0.0050	0.0146	0.0110	0.0144	0.0005	0.0029	0.0190	0.0065	0.0125	0.0027	0.0171	0.0068	0.0150	0.0173	0.0013	0.0000	0.0132	0.0143	0.0100	0.0011	0.0119	0.0225	0.0111	0.0065	0.0187	0.0213	0.0089	0.0042	0.0027	0.0093	0.0050	0.0122	0.0062	0.0109	0.0117	0.0055	0.0142	0.0088	0.0218	0.0059	0.0136	0.0007	0.0249	0.0134	0.0170	0.0110	0.0110	0.0123	0.0172	0.0200	0.0037	0.0114	0.0139	0.0205	0.0168	0.0061	0.0033	0.0056	0.0173	0.0016	0.0165	0.0168	
0.0036	0.0037	0.0224	0.0079	0.0003	0.0056	0.0027	0.0143	0.0080	0.0031	0.0201	0.0059	0.0102	0.0137	0.0247	0.0195	0.0107	0.0068	0.0099	0.0189	0.0042	0.0062	0.0060	0.0133	0.0160	0.0071	0.0213	0.0086	0.0022	0.0067	0.0158	0.0197	0.0105	0.0163	0.0178	0.0173	0.0142	0.0108	0.0080	0.0057	0.0075	0.0038	0.0072	0.0008	0.0144	0.0096	0.0100	0.0032	0.0071	0.0051	0.0196	0.0112	0.0152	0.0217	0.0124	0.0189	0.0258	0.0039	0.0111	0.0137	0.0081	0.0159	0.0139	0.0010	0.0114	0.0017	0.0152	0.0163	0.0212	0.0026	0.0052	0.0254	0.0168	0.0027	0.0085	0.0016	0.0151	0.0057	0.0030	0.0046	0.0184	0.0164	0.0291	0.0144	0.0104	0.0052	0.0041	0.0149	0.0077	0.0222	
0.0133	0.0126	0.0224	0.0195	0.0165	0.0139	0.0069	0.0054	0.0089	0.0100	0.0160	0.0189	0.0086	0.0061	0.0010	0.0155	0.0144	0.0096	0.0100	0.0094	0.0004	0.0120	0.0013	0.0047	0.0121	0.0104	0.0205	0.0230	0.0106	0.0050	0.0202	0.0028	0.0065	0.0136	0.0023	0.0127	0.0001	0.0192	0.0029	0.0149	0.0095	0.0123	0.0105	0.0146	0.0105	0.0029	0.0066	0.0168	0.0149	0.0133	0.0136	0.0167	0.0030	0.0197	0.0196	0.0067	0.0132	0.0122	0.0036	0.0053	0.0154	0.0091	0.0151	0.0045	0.0129	0.0114	0.0082	0.0151	0.0039	0.0083	0.0184	0.0178	0.0051	0.0111	0.0151	0.0113	0.0121	0.0096	0.0194	0.0073	0.0059	0.0019	0.0027	0.0102	0.0112	0.0056	0.0193	0.0113	0.0229	0.0180	
0.0042	0.0095	0.0199	0.0231	0.0012	0.0018	0.0116	0.0085	0.0004	0.0170	0.0174	0.0169	0.0131	0.0135	0.0257	0.0180	0.0100	0.0105	0.0007	0.0087	0.0084	0.0214	0.0177	0.0139	0.0183	0.0125	0.0116	0.0052	0.0118	0.0076	0.0168	0.0229	0.0142	0.0071	0.0008	0.0091	0.0191	0.0069	0.0090	0.0158	0.0143	0.0101	0.0070	0.0019	0.0175	0.0114	0.0111	0.0146	0.0160	0.0181	0.0203	0.0129	0.0106	0.0134	0.0071	0.0056	0.0173	0.0005	0.0012	0.0082	0.0137	0.0092	0.0000	0.0129	0.0020	0.0161	0.0217	0.0067	0.0130	0.0126	0.0242	0.0024	0.0179	0.0056	0.0113	0.0008	0.0091	0.0181	0.0010	0.0039	0.0035	0.0196	0.0131	0.0110	0.0105	0.0048	0.0107	0.0030	0.0017	0.0189	
0.0151	0.0226	0.0066	0.0048	0.0026	0.0087	0.0079	0.0150	0.0184	0.0188	0.0145	0.0053	0.0038	0.0068	0.0217	0.0144	0.0149	0.0035	0.0224	0.0058	0.0138	0.0185	0.0224	0.0157	0.0035	0.0133	0.0015	0.0095	0.0005	0.0175	0.0081	0.0210	0.0039	0.0120	0.0120	0.0011	0.0164	0.0153	0.0026	0.0048	0.0112	0.0186	0.0123	0.0047	0.0125	0.0168	0.0168	0.0036	0.0153	0.0168	0.0136	0.0076	0.0032	0.0186	0.0014	0.0023	0.0251	0.0084	0.0005	0.0074	0.0060	0.0008	0.0156	0.0018	0.0114	0.0169	0.0006	0.0126	0.0222	0.0220	0.0209	0.0252	0.0003	0.0137	0.0132	0.0214	0.0010	0.0184	0.0079	0.0034	0.0019	0.0203	0.0181	0.0021	0.0064	0.0007	0.0154	0.0092	0.0156	0.0110	
0.0023	0.0115	0.0179	0.0198	0.0200	0.0136	0.0186	0.0124	0.0140	0.0157	0.0233	0.0042	0.0095	0.0261	0.0006	0.0130	0.0077	0.0089	0.0034	0.0033	0.0009	0.0025	0.0017	0.0172	0.0055	0.0075	0.0104	0.0198	0.0180	0.0099	0.0023	0.0161	0.0198	0.0053	0.0152	0.0095	0.0060	0.0050	0.0130	0.0020	0.0170	0.0100	0.0021	0.0166	0.0059	0.0162	0.0114	0.0183	0.0022	0.0171	0.0187	0.0092	0.0060	0.0119	0.0100	0.0005	0.0112	0.0182	0.0116	0.0131	0.0039	0.0071	0.0171	0.0042	0.0148	0.0065	0.0063	0.0047	0.0051	0.0148	0.0091	0.0022	0.0125	0.0012	0.0046	0.0156	0.0167	0.0109	0.0151	0.0062	0.0162	0.0156	0.0178	0.0190	0.0142	0.0199	0.0092	0.0104	0.0210	0.0174	
0.0021	0.0115	0.0174	0.0054	0.0194	0.0137	0.0092	0.0185	0.0013	0.0202	0.0155	0.0075	0.0128	0.0144	0.0100	0.0129	0.0186	0.0042	0.0057	0.0171	0.0005	0.0210	0.0050	0.0049	0.0147	0.0103	0.0195	0.0254	0.0101	0.0178	0.0216	0.0209	0.0071	0.0096	0.0091	0.0185	0.0085	0.0078	0.0023	0.0147	0.0033	0.0018	0.0064	0.0177	0.0159	0.0100	0.0012	0.0006	0.0133	0.0030	0.0240	0.0051	0.0039	0.0020	0.0151	0.0043	0.0066	0.0094	0.0115	0.0088	0.0183	0.0110	0.0095	0.0047	0.0233	0.0172	0.0229	0.0026	0.0028	0.0122	0.0058	0.0103	0.0012	0.0125	0.0124	0.0217	0.0096	0.0126	0.0138	0.0023	0.0085	0.0177	0.0090	0.0058	0.0165	0.0187	0.0154	0.0056	0.0198	0.0056	
0.0115	0.0218	0.0187	0.0157	0.0150	0.0156	0.0105	0.0024	0.0135	0.0173	0.0108	0.0216	0.0183	0.0026	0.0192	0.0124	0.0033	0.0112	0.0110	0.0142	0.0124	0.0152	0.0173	0.0074	0.0164	0.0008	0.0051	0.0044	0.0086	0.0045	0.0030	0.0161	0.0052	0.0155	0.0173	0.0056	0.0111	0.0070	0.0132	0.0179	0.0067	0.0093	0.0134	0.0175	0.0114	0.0101	0.0207	0.0046	0.0080	0.0045	0.0131	0.0027	0.0157	0.0027	0.0127	0.0189	0.0026	0.0077	0.0151	0.0148	0.0077	0.0066	0.0156	0.0101	0.0139	0.0161	0.0129	0.0012	0.0084	0.0151	0.0205	0.0209	0.0145	0.0089	0.0064	0.0049	0.0166	0.0016	0.0207	0.0068	0.0039	0.0004	0.0203	0.0015	0.0123	0.0001	0.0191	0.0034	0.0068	0.0202	
0.0033	0.0046	0.0121	0.0207	0.0116	0.0222	0.0134	0.0061	0.0016	0.0146	0.0179	0.0170	0.0194	0.0169	0.0064	0.0155	0.0073	0.0048	0.0172	0.0076	0.0208	0.0007	0.0106	0.0080	0.0121	0.0076	0.0131	0.0152	0.0172	0.0145	0.0185	0.0116	0.0163	0.0080	0.0096	0.0164	0.0058	0.0177	0.0198	0.0075	0.0118	0.0146	0.0195	0.0052	0.0125	0.0086	0.0024	0.0009	0.0170	0.0196	0.0146	0.0167	0.0077	0.0199	0.0191	0.0029	0.0164	0.0030	0.0083	0.0036	0.0088	0.0195	0.0106	0.0083	0.0181	0.0067	0.0003	0.0112	0.0071	0.0115	0.0101	0.0116	0.0055	0.0087	0.0162	0.0068	0.0006	0.0055	0.0177	0.0031	0.0055	0.0117	0.0200	0.0171	0.0004	0.0017	0.0035	0.0183	0.0112	0.0071	
0.0008	0.0037	0.0112	0.0189	0.0205	0.0154	0.0034	0.0133	0.0083	0.0060	0.0099	0.0154	0.0170	0.0074	0.0127	0.0034	0.0127	0.0210	0.0034	0.0134	0.0022	0.0118	0.0080	0.0053	0.0197	0.0175	0.0023	0.0181	0.0090	0.0169	0.0036	0.0044	0.0001	0.0197	0.0106	0.0069	0.0019	0.0115	0.0101	0.0042	0.0033	0.0105	0.0159	0.0149	0.0187	0.0124	0.0200	0.0156	0.0078	0.0193	0.0144	0.0060	0.0168	0.0225	0.0053	0.0126	0.0230	0.0039	0.0198	0.0015	0.0123	0.0103	0.0052	0.0147	0.0025	0.0056	0.0146	0.0200	0.0231	0.0046	0.0018	0.0003	0.0088	0.0202	0.0092	0.0163	0.0115	0.0193	0.0124	0.0048	0.0012	0.0117	0.0092	0.0104	0.0038	0.0256	0.0110	0.0019	0.0192	0.0230	
0.0088	0.0239	0.0157	0.0106	0.0141	0.0161	0.0036	0.0044	0.0096	0.0110	0.0017	0.0012	0.0181	0.0044	0.0208	0.0116	0.0206	0.0165	0.0117	0.0124	0.0193	0.0013	0.0155	0.0139	0.0000	0.0007	0.0043	0.0204	0.0108	0.0042	0.0184	0.0131	0.0001	0.0177	0.0146	0.0033	0.0088	0.0220	0.0058	0.0176	0.0099	0.0100	0.0054	0.0009	0.0040	0.0003	0.0160	0.0040	0.0158	0.0143	0.0020	0.0185	0.0136	0.0050	0.0232	0.0097	0.0073	0.0204	0.0097	0.0139	0.0117	0.0091	0.0151	0.0059	0.0172	0.0118	0.0010	0.0243	0.0134	0.0161	0.0039	0.0220	0.0089	0.0160	0.0009	0.0122	0.0134	0.0157	0.0118	0.0207	0.0067	0.0001	0.0007	0.0166	0.0023	0.0010	0.0219	0.0191	0.0218	0.0057	
0.0126	0.0126	0.0136	0.0168	0.0046	0.0016	0.0106	0.0004	0.0058	0.0130	0.0200	0.0199	0.0141	0.0021	0.0127	0.0046	0.0077	0.0166	0.0039	0.0102	0.0117	0.0129	0.0095	0.0076	0.0048	0.0081	0.0109	0.0263	0.0038	0.0113	0.0147	0.0059	0.0008	0.0044	0.0155	0.0129	0.0064	0.0156	0.0069	0.0184	0.0137	0.0177	0.0045	0.0224	0.0002	0.0094	0.0082	0.0230	0.0070	0.0159	0.0188	0.0036	0.0149	0.0104	0.0132	0.0054	0.0007	0.0014	0.0082	0.0155	0.0135	0.0122	0.0157	0.0139	0.0004	0.0129	0.0142	0.0113	0.0121	0.0221	0.0216	0.0171	0.0058	0.0034	0.0114	0.0239	0.0047	0.0128	0.0112	0.0105	0.0029	0.0104	0.0191	0.0039	0.0149	0.0136	0.0126	0.0155	0.0185	0.0116	
0.0125	0.0062	0.0073	0.0169	0.0070	0.0036	0.0176	0.0136	0.0185	0.0063	0.0207	0.0204	0.0131	0.0141	0.0239	0.0025	0.0197	0.0097	0.0184	0.0128	0.0202	0.0108	0.0142	0.0170	0.0128	0.0038	0.0030	0.0156	0.0160	0.0125	0.0026	0.0023	0.0162	0.0183	0.0026	0.0136	0.0063	0.0122	0.0174	0.0104	0.0022	0.0163	0.0129	0.0041	0.0182	0.0052	0.0192	0.0006	0.0060	0.0192	0.0142	0.0041	0.0177	0.0028	0.0113	0.0043	0.0164	0.0111	0.0037	0.0031	0.0007	0.0051	0.0184	0.0067	0.0039	0.0176	0.0039	0.0172	0.0105	0.0080	0.0203	0.0066	0.0119	0.0082	0.0101	0.0050	0.0149	0.0109	0.0003	0.0066	0.0060	0.0023	0.0085	0.0188	0.0195	0.0227	0.0068	0.0135	0.0087	0.0211	
0.0001	0.0171	0.0086	0.0146	0.0081	0.0171	0.0146	0.0074	0.0001	0.0192	0.0026	0.0033	0.0118	0.0217	0.0223	0.0057	0.0132	0.0080	0.0125	0.0055	0.0078	0.0040	0.0108	0.0174	0.0167	0.0174	0.0200	0.0009	0.0073	0.0047	0.0095	0.0124	0.0067	0.0091	0.0061	0.0009	0.0171	0.0167	0.0176	0.0138	0.0081	0.0087	0.0071	0.0012	0.0040	0.0024	0.0098	0.0088	0.0172	0.0134	0.0067	0.0191	0.0194	0.0021	0.0100	0.0158	0.0065	0.0096	0.0179	0.0095	0.0205	0.0142	0.0174	0.0150	0.0102	0.0112	0.0186	0.0017	0.0126	0.0196	0.0101	0.0158	0.0079	0.0007	0.0160	0.0193	0.0117	0.0103	0.0132	0.0135	0.0067	0.0105	0.0035	0.0149	0.0165	0.0131	0.0126	0.0044	0.0202	0.0106	
0.0103	0.0095	0.0227	0.0114	0.0113	0.0184	0.0069	0.0106	0.0090	0.0129	0.0060	0.0112	0.0167	0.0224	0.0039	0.0106	0.0112	0.0171	0.0058	0.0105	0.0013	0.0179	0.0181	0.0036	0.0009	0.0064	0.0158	0.0059	0.0210	0.0143	0.0212	0.0144	0.0015	0.0010	0.0035	0.0011	0.0146	0.0197	0.0055	0.0026	0.0087	0.0019	0.0116	0.0014	0.0081	0.0136	0.0176	0.0056	0.0113	0.0050	0.0030	0.0157	0.0212	0.0108	0.0098	0.0187	0.0154	0.0127	0.0081	0.0036	0.0019	0.0028	0.0144	0.0150	0.0142	0.0130	0.0070	0.0187	0.0280	0.0029	0.0170	0.0158	0.0088	0.0020	0.0176	0.0236	0.0119	0.0167	0.0205	0.0011	0.0120	0.0078	0.0189	0.0073	0.0113	0.0083	0.0125	0.0144	0.0168	0.0053	
0.0086	0.0026	0.0114	0.0041	0.0007	0.0082	0.0061	0.0035	0.0072	0.0135	0.0143	0.0201	0.0094	0.0119	0.0132	0.0098	0.0038	0.0173	0.0106	0.0090	0.0214	0.0187	0.0189	0.0082	0.0084	0.0137	0.0131	0.0057	0.0200	0.0099	0.0011	0.0178	0.0026	0.0098	0.0109	0.0124	0.0017	0.0071	0.0020	0.0148	0.0138	0.0177	0.0066	0.0066	0.0105	0.0131	0.0192	0.0036	0.0203	0.0044	0.0020	0.0177	0.0018	0.0039	0.0043	0.0153	0.0073	0.0018	0.0165	0.0063	0.0184	0.0015	0.0037	0.0193	0.0133	0.0202	0.0201	0.0218	0.0202	0.0202	0.0119	0.0182	0.0135	0.0187	0.0153	0.0038	0.0059	0.0133	0.0183	0.0121	0.0126	0.0088	0.0061	0.0163	0.0067	0.0053	0.0145	0.0189	0.0071	0.0181	
0.0070	0.0258	0.0147	0.0186	0.0187	0.0144	0.0145	0.0128	0.0162	0.0140	0.0012	0.0006	0.0064	0.0006	0.0185	0.0053	0.0029	0.0036	0.0100	0.0004	0.0095	0.0212	0.0043	0.0062	0.0130	0.0101	0.0219	0.0121	0.0139	0.0099	0.0048	0.0238	0.0147	0.0008	0.0130	0.0109	0.0065	0.0230	0.0048	0.0043	0.0143	0.0224	0.0169	0.0100	0.0135	0.0142	0.0032	0.0062	0.0014	0.0021	0.0025	0.0126	0.0119	0.0074	0.0107	0.0138	0.0223	0.0070	0.0068	0.0077	0.0210	0.0041	0.0189	0.0080	0.0094	0.0043	0.0133	0.0059	0.0097	0.0055	0.0281	0.0040	0.0214	0.0071	0.0102	0.0109	0.0184	0.0225	0.0161	0.0199	0.0056	0.0152	0.0095	0.0140	0.0061	0.0184	0.0099	0.0058	0.0135	0.0010	
0.0118	0.0243	0.0173	0.0203	0.0078	0.0101	0.0007	0.0118	0.0003	0.0080	0.0077	0.0221	0.0187	0.0216	0.0022	0.0185	0.0141	0.0046	0.0201	0.0221	0.0146	0.0011	0.0145	0.0119	0.0006	0.0040	0.0206	0.0090	0.0019	0.0152	0.0173	0.0051	0.0152	0.0073	0.0123	0.0003	0.0106	0.0017	0.0197	0.0257	0.0095	0.0097	0.0141	0.0098	0.0107	0.0064	0.0177	0.0139	0.0099	0.0075	0.0033	0.0042	0.0083	0.0133	0.0085	0.0133	0.0103	0.0030	0.0192	0.0034	0.0149	0.0147	0.0087	0.0083	0.0141	0.0027	0.0068	0.0116	0.0059	0.0018	0.0117	0.0120	0.0054	0.0191	0.0118	0.0056	0.0047	0.0054	0.0023	0.0148	0.0077	0.0060	0.0235	0.0169	0.0106	0.0159	0.0197	0.0018	0.0235	0.0234	
0.0105	0.0086	0.0051	0.0179	0.0076	0.0168	0.0180	0.0074	0.0156	0.0065	0.0022	0.0077	0.0069	0.0091	0.0218	0.0131	0.0210	0.0095	0.0008	0.0029	0.0060	0.0036	0.0008	0.0037	0.0151	0.0071	0.0192	0.0164	0.0195	0.0183	0.0061	0.0043	0.0097	0.0045	0.0094	0.0018	0.0055	0.0101	0.0085	0.0159	0.0048	0.0195	0.0071	0.0184	0.0129	0.0018	0.0206	0.0117	0.0183	0.0174	0.0161	0.0094	0.0009	0.0199	0.0151	0.0091	0.0088	0.0004	0.0012	0.0218	0.0208	0.0063	0.0102	0.0175	0.0009	0.0170	0.0179	0.0021	0.0250	0.0191	0.0088	0.0107	0.0191	0.0048	0.0172	0.0113	0.0128	0.0055	0.0148	0.0116	0.0084	0.0062	0.0203	0.0003	0.0051	0.0219	0.0032	0.0142	0.0134	0.0235	
0.0131	0.0063	0.0107	0.0119	0.0184	0.0208	0.0064	0.0126	0.0154	0.0143	0.0061	0.0197	0.0134	0.0035	0.0119	0.0045	0.0110	0.0175	0.0213	0.0041	0.0142	0.0018	0.0090	0.0098	0.0124	0.0136	0.0144	0.0144	0.0121	0.0035	0.0161	0.0063	0.0119	0.0178	0.0195	0.0026	0.0004	0.0089	0.0078	0.0235	0.0032	0.0048	0.0083	0.0001	0.0093	0.0094	0.0141	0.0150	0.0118	0.0009	0.0100	0.0085	0.0137	0.0086	0.0068	0.0148	0.0242	0.0201	0.0213	0.0040	0.0088	0.0166	0.0003	0.0128	0.0218	0.0225	0.0082	0.0177	0.0031	0.0078	0.0061	0.0010	0.0079	0.0018	0.0006	0.0100	0.0098	0.0097	0.0014	0.0215	0.0168	0.0227	0.0257	0.0111	0.0143	0.0100	0.0149	0.0030	0.0137	0.0068	
0.0041	0.0011	0.0119	0.0059	0.0118	0.0092	0.0036	0.0158	0.0025	0.0087	0.0068	0.0278	0.0113	0.0066	0.0248	0.0087	0.0256	0.0120	0.0085	0.0209	0.0021	0.0109	0.0214	0.0004	0.0041	0.0083	0.0226	0.0157	0.0230	0.0094	0.0094	0.0048	0.0018	0.0175	0.0018	0.0040	0.0139	0.0038	0.0082	0.0144	0.0049	0.0184	0.0045	0.0183	0.0185	0.0002	0.0118	0.0189	0.0156	0.0072	0.0121	0.0034	0.0208	0.0206	0.0048	0.0161	0.0044	0.0092	0.0009	0.0032	0.0131	0.0143	0.0188	0.0144	0.0005	0.0018	0.0206	0.0188	0.0044	0.0179	0.0210	0.0235	0.0220	0.0146	0.0122	0.0111	0.0041	0.0059	0.0091	0.0033	0.0182	0.0016	0.0276	0.0103	0.0008	0.0069	0.0093	0.0085	0.0175	0.0090	
0.0012	0.0056	0.0033	0.0102	0.0028	0.0142	0.0134	0.0113	0.0139	0.0135	0.0026	0.0212	0.0138	0.0027	0.0153	0.0133	0.0033	0.0024	0.0046	0.0181	0.0097	0.0198	0.0016	0.0179	0.0043	0.0096	0.0233	0.0125	0.0148	0.0159	0.0176	0.0148	0.0001	0.0167	0.0118	0.0121	0.0150	0.0129	0.0089	0.0218	0.0128	0.0160	0.0100	0.0192	0.0016	0.0022	0.0104	0.0169	0.0009	0.0097	0.0028	0.0078	0.0031	0.0222	0.0203	0.0036	0.0043	0.0055	0.0045	0.0149	0.0161	0.0062	0.0002	0.0193	0.0222	0.0104	0.0184	0.0224	0.0163	0.0254	0.0247	0.0150	0.0119	0.0044	0.0017	0.0209	0.0059	0.0081	0.0203	0.0014	0.0007	0.0048	0.0120	0.0033	0.0125	0.0108	0.0107	0.0033	0.0245	0.0094	
0.0072	0.0117	0.0096	0.0215	0.0062	0.0093	0.0117	0.0124	0.0169	0.0121	0.0074	0.0156	0.0033	0.0024	0.0131	0.0111	0.0183	0.0200	0.0179	0.0219	0.0158	0.0180	0.0100	0.0028	0.0131	0.0094	0.0236	0.0238	0.0052	0.0099	0.0013	0.0167	0.0183	0.0035	0.0105	0.0100	0.0038	0.0144	0.0148	0.0153	0.0040	0.0165	0.0077	0.0067	0.0190	0.0069	0.0011	0.0070	0.0146	0.0026	0.0166	0.0140	0.0080	0.0003	0.0128	0.0131	0.0000	0.0047	0.0058	0.0179	0.0107	0.0157	0.0082	0.0079	0.0118	0.0129	0.0176	0.0255	0.0169	0.0254	0.0095	0.0021	0.0002	0.0021	0.0153	0.0034	0.0058	0.0043	0.0093	0.0038	0.0079	0.0149	0.0044	0.0019	0.0150	0.0136	0.0076	0.0199	0.0157	0.0215	
0.0076	0.0241	0.0095	0.0022	0.0045	0.0093	0.0044	0.0015	0.0149	0.0023	0.0149	0.0018	0.0145	0.0192	0.0191	0.0107	0.0128	0.0050	0.0057	0.0085	0.0051	0.0180	0.0183	0.0017	0.0076	0.0159	0.0156	0.0095	0.0120	0.0203	0.0066	0.0226	0.0070	0.0134	0.0093	0.0080	0.0141	0.0189	0.0144	0.0073	0.0161	0.0065	0.0064	0.0069	0.0132	0.0055	0.0196	0.0101	0.0073	0.0056	0.0224	0.0025	0.0123	0.0054	0.0130	0.0132	0.0035	0.0059	0.0148	0.0081	0.0174	0.0176	0.0091	0.0158	0.0189	0.0140	0.0171	0.0250	0.0056	0.0076	0.0222	0.0150	0.0070	0.0191	0.0098	0.0209	0.0068	0.0136	0.0117	0.0001	0.0147	0.0047	0.0274	0.0058	0.0004	0.0048	0.0086	0.0019	0.0025	0.0185	
0.0046	0.0097	0.0043	0.0106	0.0102	0.0222	0.0133	0.0108	0.0090	0.0175	0.0128	0.0211	0.0044	0.0008	0.0085	0.0064	0.0167	0.0123	0.0156	0.0126	0.0043	0.0120	0.0158	0.0135	0.0092	0.0101	0.0212	0.0057	0.0169	0.0114	0.0066	0.0148	0.0175	0.0074	0.0006	0.0090	0.0086	0.0177	0.0067	0.0103	0.0040	0.0184	0.0010	0.0159	0.0088	0.0159	0.0216	0.0212	0.0188	0.0135	0.0102	0.0177	0.0074	0.0108	0.0124	0.0140	0.0172	0.0088	0.0002	0.0192	0.0017	0.0096	0.0148	0.0175	0.0118	0.0182	0.0012	0.0190	0.0000	0.0205	0.0203	0.0209	0.0037	0.0044	0.0074	0.0084	0.0081	0.0014	0.0074	0.0092	0.0098	0.0205	0.0075	0.0016	0.0027	0.0125	0.0064	0.0083	0.0185	0.0069	
0.0141	0.0261	0.0226	0.0103	0.0098	0.0152	0.0002	0.0042	0.0031	0.0099	0.0246	0.0043	0.0218	0.0016	0.0219	0.0104	0.0152	0.0025	0.0024	0.0042	0.0043	0.0143	0.0028	0.0119	0.0094	0.0027	0.0060	0.0218	0.0160	0.0008	0.0137	0.0176	0.0237	0.0141	0.0014	0.0181	0.0004	0.0169	0.0159	0.0183	0.0079	0.0079	0.0162	0.0234	0.0153	0.0062	0.0002	0.0056	0.0065	0.0163	0.0215	0.0051	0.0064	0.0151	0.0024	0.0049	0.0263	0.0075	0.0012	0.0071	0.0121	0.0060	0.0084	0.0025	0.0208	0.0054	0.0052	0.0071	0.0234	0.0213	0.0154	0.0195	0.0064	0.0099	0.0174	0.0195	0.0115	0.0057	0.0199	0.0237	0.0019	0.0001	0.0123	0.0033	0.0023	0.0108	0.0100	0.0077	0.0132	0.0198	
0.0002	0.0172	0.0185	0.0121	0.0046	0.0028	0.0180	0.0179	0.0023	0.0081	0.0051	0.0184	0.0056	0.0108	0.0008	0.0016	0.0232	0.0189	0.0189	0.0052	0.0116	0.0168	0.0110	0.0015	0.0043	0.0095	0.0217	0.0088	0.0000	0.0083	0.0183	0.0222	0.0159	0.0028	0.0183	0.0182	0.0028	0.0178	0.0044	0.0176	0.0202	0.0215	0.0016	0.0149	0.0201	0.0058	0.0172	0.0013	0.0024	0.0008	0.0128	0.0139	0.0115	0.0083	0.0067	0.0073	0.0064	0.0133	0.0073	0.0167	0.0071	0.0117	0.0155	0.0168	0.0132	0.0080	0.0018	0.0028	0.0133	0.0036	0.0257	0.0032	0.0127	0.0036	0.0050	0.0150	0.0098	0.0233	0.0064	0.0185	0.0124	0.0188	0.0056	0.0207	0.0166	0.0071	0.0087	0.0075	0.0204	0.0134	
0.0111	0.0131	0.0115	0.0118	0.0077	0.0111	0.0016	0.0058	0.0008	0.0096	0.0063	0.0170	0.0120	0.0257	0.0021	0.0090	0.0230	0.0069	0.0029	0.0144	0.0141	0.0074	0.0076	0.0093	0.0006	0.0096	0.0092	0.0223	0.0235	0.0048	0.0249	0.0178	0.0054	0.0186	0.0108	0.0095	0.0142	0.0030	0.0125	0.0158	0.0103	0.0062	0.0151	0.0212	0.0133	0.0010	0.0057	0.0057	0.0190	0.0081	0.0082	0.0012	0.0049	0.0053	0.0199	0.0066	0.0045	0.0203	0.0093	0.0188	0.0017	0.0050	0.0078	0.0171	0.0104	0.0105	0.0083	0.0156	0.0154	0.0169	0.0174	0.0226	0.0110	0.0064	0.0012	0.0124	0.0086	0.0114	0.0245	0.0175	0.0057	0.0028	0.0285	0.0089	0.0169	0.0261	0.0116	0.0011	0.0034	0.0042	
0.0040	0.0178	0.0155	0.0202	0.0119	0.0067	0.0122	0.0008	0.0069	0.0186	0.0125	0.0142	0.0135	0.0068	0.0174	0.0097	0.0108	0.0166	0.0033	0.0063	0.0119	0.0108	0.0172	0.0074	0.0100	0.0156	0.0071	0.0223	0.0184	0.0076	0.0003	0.0073	0.0084	0.0057	0.0060	0.0172	0.0024	0.0113	0.0069	0.0116	0.0089	0.0093	0.0013	0.0203	0.0069	0.0104	0.0079	0.0129	0.0150	0.0077	0.0098	0.0158	0.0190	0.0184	0.0078	0.0111	0.0227	0.0037	0.0059	0.0142	0.0186	0.0165	0.0035	0.0158	0.0196	0.0045	0.0023	0.0099	0.0270	0.0167	0.0077	0.0224	0.0048	0.0071	0.0114	0.0082	0.0080	0.0205	0.0039	0.0131	0.0095	0.0134	0.0012	0.0052	0.0015	0.0080	0.0086	0.0149	0.0212	0.0149	
0.0037	0.0226	0.0061	0.0191	0.0134	0.0147	0.0033	0.0028	0.0003	0.0002	0.0104	0.0222	0.0137	0.0034	0.0020	0.0104	0.0087	0.0091	0.0030	0.0204	0.0012	0.0134	0.0005	0.0072	0.0031	0.0054	0.0215	0.0208	0.0177	0.0097	0.0196	0.0101	0.0086	0.0054	0.0090	0.0079	0.0120	0.0080	0.0085	0.0005	0.0024	0.0084	0.0160	0.0035	0.0078	0.0108	0.0216	0.0186	0.0057	0.0101	0.0225	0.0237	0.0115	0.0225	0.0131	0.0092	0.0261	0.0157	0.0124	0.0085	0.0137	0.0062	0.0071	0.0076	0.0036	0.0010	0.0084	0.0094	0.0206	0.0162	0.0185	0.0252	0.0154	0.0019	0.0148	0.0163	0.0114	0.0178	0.0023	0.0080	0.0066	0.0010	0.0155	0.0028	0.0104	0.0207	0.0181	0.0111	0.0168	0.0219	
0.0075	0.0196	0.0163	0.0050	0.0059	0.0180	0.0158	0.0092	0.0168	0.0057	0.0035	0.0130	0.0039	0.0158	0.0172	0.0181	0.0040	0.0078	0.0034	0.0181	0.0120	0.0008	0.0144	0.0028	0.0011	0.0106	0.0193	0.0053	0.0158	0.0055	0.0025	0.0217	0.0130	0.0131	0.0026	0.0010	0.0053	0.0118	0.0109	0.0005	0.0112	0.0039	0.0136	0.0183	0.0076	0.0126	0.0191	0.0194	0.0089	0.0127	0.0153	0.0126	0.0070	0.0188	0.0043	0.0089	0.0029	0.0101	0.0030	0.0133	0.0194	0.0126	0.0153	0.0129	0.0037	0.0032	0.0162	0.0101	0.0155	0.0163	0.0144	0.0148	0.0115	0.0022	0.0029	0.0130	0.0023	0.0191	0.0188	0.0038	0.0136	0.0193	0.0206	0.0145	0.0105	0.0147	0.0130	0.0193	0.0134	0.0151	
0.0147	0.0198	0.0109	0.0027	0.0010	0.0254	0.0051	0.0037	0.0118	0.0033	0.0195	0.0107	0.0075	0.0219	0.0018	0.0014	0.0218	0.0040	0.0164	0.0138	0.0058	0.0041	0.0149	0.0162	0.0163	0.0007	0.0004	0.0244	0.0248	0.0106	0.0134	0.0003	0.0173	0.0163	0.0153	0.0187	0.0034	0.0112	0.0011	0.0035	0.0045	0.0226	0.0046	0.0169	0.0067	0.0069	0.0148	0.0220	0.0192	0.0110	0.0173	0.0121	0.0038	0.0230	0.0082	0.0153	0.0009	0.0104	0.0047	0.0002	0.0197	0.0073	0.0049	0.0006	0.0142	0.0175	0.0110	0.0125	0.0041	0.0039	0.0211	0.0115	0.0022	0.0091	0.0071	0.0093	0.0148	0.0005	0.0168	0.0080	0.0085	0.0022	0.0309	0.0056	0.0160	0.0008	0.0175	0.0232	0.0139	0.0241	
0.0164	0.0197	0.0077	0.0017	0.0051	0.0232	0.0138	0.0050	0.0011	0.0079	0.0205	0.0022	0.0188	0.0231	0.0207	0.0059	0.0099	0.0162	0.0146	0.0235	0.0179	0.0002	0.0204	0.0165	0.0122	0.0181	0.0118	0.0272	0.0020	0.0132	0.0028	0.0166	0.0225	0.0039	0.0058	0.0049	0.0030	0.0012	0.0050	0.0119	0.0144	0.0181	0.0191	0.0093	0.0177	0.0078	0.0080	0.0054	0.0153	0.0162	0.0183	0.0051	0.0093	0.0155	0.0030	0.0204	0.0278	0.0120	0.0120	0.0087	0.0106	0.0169	0.0036	0.0104	0.0056	0.0047	0.0030	0.0175	0.0169	0.0142	0.0034	0.0094	0.0089	0.0014	0.0055	0.0038	0.0007	0.0132	0.0031	0.0030	0.0113	0.0056	0.0082	0.0075	0.0193	0.0272	0.0063	0.0099	0.0017	0.0098	
0.0066	0.0157	0.0130	0.0211	0.0016	0.0217	0.0100	0.0105	0.0025	0.0095	0.0063	0.0168	0.0151	0.0038	0.0148	0.0069	0.0190	0.0065	0.0076	0.0218	0.0168	0.0077	0.0089	0.0078	0.0175	0.0043	0.0131	0.0209	0.0113	0.0061	0.0221	0.0180	0.0122	0.0033	0.0027	0.0103	0.0169	0.0109	0.0176	0.0069	0.0121	0.0119	0.0068	0.0168	0.0212	0.0155	0.0124	0.0024	0.0171	0.0135	0.0031	0.0239	0.0008	0.0023	0.0117	0.0005	0.0065	0.0030	0.0021	0.0192	0.0092	0.0145	0.0008	0.0180	0.0112	0.0106	0.0029	0.0129	0.0005	0.0019	0.0132	0.0075	0.0065	0.0006	0.0069	0.0082	0.0171	0.0169	0.0120	0.0188	0.0129	0.0098	0.0275	0.0168	0.0032	0.0254	0.0160	0.0109	0.0159	0.0025	
0.0054	0.0157	0.0098	0.0029	0.0206	0.0216	0.0104	0.0132	0.0046	0.0081	0.0180	0.0006	0.0020	0.0178	0.0018	0.0169	0.0160	0.0001	0.0173	0.0035	0.0009	0.0135	0.0156	0.0038	0.0042	0.0208	0.0179	0.0043	0.0150	0.0119	0.0176	0.0166	0.0201	0.0186	0.0170	0.0195	0.0195	0.0042	0.0028	0.0106	0.0199	0.0105	0.0096	0.0042	0.0045	0.0123	0.0077	0.0069	0.0181	0.0080	0.0076	0.0163	0.0156	0.0113	0.0014	0.0168	0.0007	0.0049	0.0218	0.0208	0.0049	0.0063	0.0189	0.0165	0.0133	0.0019	0.0044	0.0043	0.0219	0.0044	0.0236	0.0111	0.0186	0.0078	0.0060	0.0130	0.0007	0.0116	0.0213	0.0127	0.0123	0.0105	0.0091	0.0077	0.0034	0.0022	0.0230	0.0079	0.0198	0.0016	
0.0177	0.0177	0.0063	0.0047	0.0047	0.0149	0.0127	0.0176	0.0140	0.0026	0.0119	0.0043	0.0087	0.0162	0.0107	0.0195	0.0211	0.0078	0.0057	0.0113	0.0159	0.0139	0.0062	0.0094	0.0069	0.0170	0.0238	0.0148	0.0141	0.0108	0.0024	0.0209	0.0078	0.0188	0.0078	0.0059	0.0054	0.0167	0.0034	0.0165	0.0006	0.0067	0.0177	0.0227	0.0015	0.0097	0.0020	0.0196	0.0219	0.0071	0.0066	0.0167	0.0029	0.0095	0.0089	0.0068	0.0120	0.0192	0.0213	0.0106	0.0171	0.0006	0.0044	0.0037	0.0003	0.0153	0.0210	0.0136	0.0072	0.0038	0.0163	0.0034	0.0039	0.0129	0.0102	0.0107	0.0147	0.0097	0.0086	0.0189	0.0145	0.0034	0.0171	0.0063	0.0044	0.0119	0.0170	0.0235	0.0121	0.0011	
0.0131	0.0089	0.0179	0.0143	0.0199	0.0000	0.0013	0.0145	0.0162	0.0079	0.0144	0.0115	0.0102	0.0187	0.0151	0.0021	0.0106	0.0110	0.0177	0.0183	0.0110	0.0011	0.0105	0.0018	0.0158	0.0107	0.0090	0.0225	0.0182	0.0123	0.0177	0.0201	0.0008	0.0039	0.0055	0.0040	0.0065	0.0088	0.0108	0.0106	0.0068	0.0006	0.0081	0.0214	0.0042	0.0016	0.0113	0.0179	0.0121	0.0016	0.0192	0.0032	0.0000	0.0110	0.0090	0.0149	0.0222	0.0131	0.0193	0.0086	0.0130	0.0030	0.0123	0.0056	0.0098	0.0151	0.0124	0.0066	0.0091	0.0088	0.0190	0.0007	0.0179	0.0100	0.0108	0.0102	0.0082	0.0125	0.0166	0.0138	0.0143	0.0123	0.0067	0.0184	0.0112	0.0171	0.0191	0.0093	0.0145	0.0108	
0.0052	0.0160	0.0129	0.0037	0.0187	0.0048	0.0061	0.0050	0.0109	0.0105	0.0147	0.0078	0.0084	0.0049	0.0070	0.0173	0.0047	0.0114	0.0217	0.0204	0.0055	0.0099	0.0197	0.0073	0.0113	0.0003	0.0214	0.0240	0.0154	0.0153	0.0179	0.0011	0.0126	0.0182	0.0028	0.0034	0.0116	0.0176	0.0133	0.0093	0.0052	0.0074	0.0002	0.0111	0.0015	0.0096	0.0041	0.0029	0.0137	0.0176	0.0143	0.0094	0.0110	0.0184	0.0063	0.0193	0.0224	0.0037	0.0149	0.0183	0.0086	0.0097	0.0098	0.0188	0.0161	0.0128	0.0208	0.0121	0.0007	0.0025	0.0105	0.0091	0.0174	0.0143	0.0147	0.0193	0.0067	0.0103	0.0054	0.0214	0.0138	0.0177	0.0061	0.0006	0.0002	0.0105	0.0131	0.0158	0.0139	0.0056	
0.0056	0.0091	0.0033	0.0181	0.0202	0.0171	0.0148	0.0025	0.0156	0.0111	0.0185	0.0164	0.0018	0.0134	0.0071	0.0041	0.0130	0.0181	0.0027	0.0076	0.0101	0.0097	0.0205	0.0159	0.0002	0.0121	0.0052	0.0134	0.0189	0.0045	0.0210	0.0016	0.0180	0.0147	0.0143	0.0003	0.0052	0.0005	0.0116	0.0210	0.0026	0.0058	0.0097	0.0175	0.0026	0.0014	0.0134	0.0165	0.0154	0.0184	0.0196	0.0163	0.0129	0.0058	0.0155	0.0183	0.0123	0.0075	0.0168	0.0077	0.0131	0.0059	0.0043	0.0117	0.0125	0.0152	0.0209	0.0076	0.0177	0.0060	0.0244	0.0122	0.0036	0.0050	0.0044	0.0052	0.0137	0.0047	0.0137	0.0192	0.0158	0.0112	0.0198	0.0019	0.0064	0.0067	0.0104	0.0123	0.0010	0.0186	
0.0117	0.0221	0.0054	0.0068	0.0073	0.0194	0.0003	0.0247	0.0045	0.0090	0.0052	0.0082	0.0232	0.0125	0.0206	0.0070	0.0131	0.0082	0.0009	0.0113	0.0016	0.0065	0.0182	0.0218	0.0096	0.0020	0.0138	0.0040	0.0057	0.0063	0.0057	0.0081	0.0063	0.0197	0.0151	0.0019	0.0073	0.0211	0.0214	0.0103	0.0054	0.0206	0.0200	0.0070	0.0181	0.0120	0.0116	0.0070	0.0066	0.0262	0.0179	0.0030	0.0126	0.0133	0.0175	0.0073	0.0043	0.0070	0.0213	0.0052	0.0075	0.0198	0.0162	0.0219	0.0032	0.0215	0.0022	0.0017	0.0186	0.0172	0.0005	0.0148	0.0091	0.0152	0.0057	0.0050	0.0053	0.0118	0.0041	0.0189	0.0114	0.0065	0.0221	0.0060	0.0111	0.0033	0.0192	0.0161	0.0033	0.0090	
0.0181	0.0002	0.0000	0.0173	0.0022	0.0087	0.0023	0.0011	0.0034	0.0207	0.0156	0.0110	0.0123	0.0162	0.0261	0.0026	0.0196	0.0217	0.0073	0.0130	0.0013	0.0207	0.0037	0.0035	0.0165	0.0007	0.0272	0.0152	0.0106	0.0288	0.0021	0.0110	0.0244	0.0083	0.0165	0.0003	0.0144	0.0167	0.0143	0.0284	0.0029	0.0057	0.0057	0.0100	0.0060	0.0020	0.0168	0.0085	0.0065	0.0108	0.0098	0.0224	0.0089	0.0138	0.0074	0.0048	0.0242	0.0195	0.0020	0.0014	0.0103	0.0141	0.0121	0.0037	0.0205	0.0043	0.0163	0.0030	0.0173	0.0226	0.0156	0.0007	0.0067	0.0110	0.0103	0.0177	0.0080	0.0235	0.0196	0.0148	0.0048	0.0181	0.0063	0.0030	0.0139	0.0050	0.0004	0.0075	0.0015	0.0144	
0.0021	0.0211	0.0162	0.0129	0.0099	0.0132	0.0113	0.0024	0.0120	0.0014	0.0133	0.0174	0.0121	0.0088	0.0241	0.0082	0.0151	0.0204	0.0038	0.0117	0.0142	0.0020	0.0211	0.0103	0.0163	0.0130	0.0092	0.0140	0.0146	0.0101	0.0035	0.0049	0.0010	0.0028	0.0181	0.0152	0.0090	0.0173	0.0138	0.0183	0.0031	0.0068	0.0028	0.0213	0.0245	0.0103	0.0031	0.0225	0.0057	0.0040	0.0157	0.0024	0.0043	0.0142	0.0205	0.0009	0.0269	0.0012	0.0148	0.0177	0.0040	0.0034	0.0102	0.0016	0.0223	0.0072	0.0130	0.0114	0.0151	0.0022	0.0245	0.0230	0.0203	0.0052	0.0066	0.0129	0.0146	0.0029	0.0155	0.0031	0.0102	0.0098	0.0067	0.0066	0.0163	0.0014	0.0005	0.0125	0.0082	0.0204	
0.0171	0.0106	0.0018	0.0039	0.0166	0.0001	0.0144	0.0018	0.0203	0.0134	0.0001	0.0191	0.0111	0.0059	0.0068	0.0168	0.0031	0.0220	0.0056	0.0076	0.0024	0.0160	0.0111	0.0124	0.0056	0.0169	0.0266	0.0054	0.0031	0.0197	0.0094	0.0032	0.0024	0.0150	0.0024	0.0130	0.0175	0.0195	0.0096	0.0079	0.0160	0.0220	0.0037	0.0014	0.0046	0.0155	0.0229	0.0003	0.0038	0.0047	0.0252	0.0030	0.0069	0.0003	0.0172	0.0067	0.0311	0.0118	0.0211	0.0233	0.0008	0.0120	0.0191	0.0010	0.0050	0.0193	0.0151	0.0225	0.0025	0.0173	0.0006	0.0081	0.0087	0.0208	0.0113	0.0069	0.0086	0.0111	0.0099	0.0082	0.0162	0.0249	0.0002	0.0196	0.0189	0.0073	0.0210	0.0023	0.0004	0.0215	
0.0121	0.0071	0.0256	0.0156	0.0063	0.0073	0.0173	0.0028	0.0185	0.0068	0.0062	0.0044	0.0217	0.0158	0.0047	0.0155	0.0191	0.0085	0.0132	0.0100	0.0165	0.0117	0.0029	0.0109	0.0027	0.0014	0.0147	0.0008	0.0029	0.0185	0.0010	0.0134	0.0176	0.0059	0.0230	0.0175	0.0087	0.0191	0.0103	0.0051	0.0074	0.0088	0.0104	0.0029	0.0030	0.0133	0.0009	0.0122	0.0180	0.0063	0.0153	0.0139	0.0153	0.0167	0.0267	0.0038	0.0040	0.0086	0.0102	0.0052	0.0175	0.0178	0.0009	0.0222	0.0062	0.0153	0.0087	0.0184	0.0203	0.0112	0.0070	0.0282	0.0169	0.0057	0.0003	0.0132	0.0179	0.0004	0.0120	0.0088	0.0007	0.0015	0.0085	0.0149	0.0074	0.0163	0.0218	0.0043	0.0079	0.0218	
0.0100	0.0004	0.0097	0.0107	0.0102	0.0144	0.0049	0.0092	0.0174	0.0085	0.0067	0.0110	0.0194	0.0127	0.0009	0.0143	0.0194	0.0073	0.0154	0.0125	0.0033	0.0021	0.0203	0.0002	0.0039	0.0131	0.0164	0.0075	0.0153	0.0125	0.0237	0.0059	0.0080	0.0171	0.0169	0.0053	0.0131	0.0080	0.0101	0.0092	0.0033	0.0102	0.0028	0.0018	0.0044	0.0119	0.0046	0.0209	0.0172	0.0162	0.0236	0.0183	0.0147	0.0216	0.0163	0.0116	0.0029	0.0076	0.0043	0.0190	0.0214	0.0011	0.0007	0.0034	0.0136	0.0011	0.0002	0.0022	0.0248	0.0237	0.0004	0.0123	0.0122	0.0026	0.0063	0.0219	0.0154	0.0221	0.0243	0.0093	0.0097	0.0186	0.0171	0.0124	0.0152	0.0058	0.0152	0.0167	0.0060	0.0045	
0.0030	0.0076	0.0041	0.0249	0.0113	0.0044	0.0069	0.0191	0.0100	0.0025	0.0140	0.0029	0.0042	0.0001	0.0209	0.0094	0.0019	0.0097	0.0120	0.0191	0.0126	0.0053	0.0122	0.0125	0.0065	0.0032	0.0184	0.0076	0.0070	0.0068	0.0104	0.0113	0.0193	0.0096	0.0146	0.0163	0.0052	0.0157	0.0101	0.0037	0.0084	0.0261	0.0059	0.0219	0.0246	0.0073	0.0175	0.0132	0.0002	0.0091	0.0037	0.0065	0.0035	0.0114	0.0144	0.0227	0.0253	0.0102	0.0131	0.0080	0.0123	0.0016	0.0170	0.0044	0.0175	0.0049	0.0054	0.0187	0.0169	0.0005	0.0042	0.0148	0.0173	0.0054	0.0076	0.0187	0.0140	0.0183	0.0217	0.0164	0.0119	0.0038	0.0087	0.0121	0.0041	0.0052	0.0064	0.0123	0.0304	0.0180	
0.0193	0.0191	0.0002	0.0052	0.0145	0.0082	0.0043	0.0040	0.0006	0.0153	0.0042	0.0219	0.0009	0.0255	0.0085	0.0138	0.0096	0.0190	0.0017	0.0202	0.0023	0.0011	0.0167	0.0160	0.0174	0.0084	0.0208	0.0002	0.0218	0.0137	0.0211	0.0198	0.0159	0.0164	0.0010	0.0084	0.0098	0.0145	0.0144	0.0252	0.0102	0.0166	0.0140	0.0033	0.0185	0.0129	0.0026	0.0064	0.0091	0.0134	0.0174	0.0107	0.0084	0.0024	0.0118	0.0208	0.0025	0.0069	0.0111	0.0057	0.0129	0.0041	0.0045	0.0102	0.0176	0.0087	0.0063	0.0065	0.0231	0.0226	0.0060	0.0181	0.0038	0.0020	0.0091	0.0092	0.0065	0.0139	0.0211	0.0012	0.0053	0.0137	0.0154	0.0095	0.0180	0.0125	0.0103	0.0131	0.0061	0.0028	
0.0043	0.0030	0.0036	0.0092	0.0090	0.0062	0.0086	0.0049	0.0075	0.0077	0.0098	0.0199	0.0064	0.0114	0.0075	0.0173	0.0063	0.0055	0.0143	0.0024	0.0109	0.0119	0.0082	0.0082	0.0193	0.0170	0.0140	0.0211	0.0134	0.0043	0.0195	0.0159	0.0207	0.0143	0.0126	0.0020	0.0119	0.0155	0.0102	0.0027	0.0160	0.0017	0.0020	0.0138	0.0144	0.0058	0.0054	0.0038	0.0021	0.0179	0.0052	0.0038	0.0190	0.0031	0.0112	0.0144	0.0209	0.0136	0.0088	0.0104	0.0153	0.0125	0.0109	0.0040	0.0099	0.0152	0.0193	0.0120	0.0202	0.0045	0.0092	0.0123	0.0120	0.0108	0.0037	0.0109	0.0060	0.0191	0.0173	0.0108	0.0109	0.0091	0.0186	0.0141	0.0171	0.0196	0.0169	0.0186	0.0066	0.0208	
0.0060	0.0209	0.0070	0.0027	0.0079	0.0056	0.0079	0.0160	0.0025	0.0174	0.0108	0.0181	0.0080	0.0210	0.0107	0.0148	0.0115	0.0060	0.0209	0.0004	0.0059	0.0191	0.0185	0.0153	0.0153	0.0050	0.0233	0.0197	0.0049	0.0116	0.0223	0.0001	0.0038	0.0156	0.0177	0.0094	0.0041	0.0110	0.0025	0.0177	0.0013	0.0108	0.0116	0.0224	0.0003	0.0168	0.0006	0.0173	0.0064	0.0048	0.0059	0.0115	0.0200	0.0062	0.0134	0.0082	0.0000	0.0085	0.0060	0.0026	0.0049	0.0105	0.0140	0.0099	0.0182	0.0100	0.0112	0.0123	0.0023	0.0242	0.0107	0.0249	0.0028	0.0176	0.0183	0.0195	0.0047	0.0189	0.0199	0.0150	0.0049	0.0046	0.0138	0.0152	0.0071	0.0120	0.0019	0.0212	0.0060	0.0099	
0.0073	0.0270	0.0067	0.0008	0.0147	0.0152	0.0134	0.0029	0.0024	0.0118	0.0082	0.0162	0.0164	0.0118	0.0269	0.0068	0.0101	0.0224	0.0095	0.0201	0.0023	0.0021	0.0132	0.0078	0.0182	0.0004	0.0020	0.0275	0.0019	0.0071	0.0149	0.0184	0.0065	0.0142	0.0133	0.0160	0.0183	0.0030	0.0036	0.0088	0.0012	0.0026	0.0146	0.0114	0.0160	0.0149	0.0166	0.0051	0.0038	0.0030	0.0038	0.0059	0.0172	0.0154	0.0093	0.0085	0.0094	0.0192	0.0035	0.0167	0.0100	0.0197	0.0027	0.0172	0.0005	0.0127	0.0042	0.0013	0.0386	0.0021	0.0133	0.0087	0.0147	0.0180	0.0147	0.0011	0.0050	0.0047	0.0296	0.0015	0.0103	0.0234	0.0272	0.0137	0.0049	0.0096	0.0017	0.0254	0.0115	0.0039	
0.0090	0.0265	0.0250	0.0142	0.0009	0.0020	0.0192	0.0017	0.0079	0.0193	0.0139	0.0123	0.0080	0.0028	0.0182	0.0184	0.0137	0.0163	0.0189	0.0061	0.0016	0.0009	0.0209	0.0015	0.0043	0.0111	0.0099	0.0063	0.0100	0.0161	0.0148	0.0101	0.0157	0.0146	0.0121	0.0101	0.0060	0.0012	0.0151	0.0140	0.0016	0.0055	0.0148	0.0017	0.0132	0.0004	0.0124	0.0126	0.0051	0.0096	0.0182	0.0091	0.0240	0.0023	0.0010	0.0101	0.0036	0.0193	0.0087	0.0115	0.0167	0.0153	0.0133	0.0140	0.0054	0.0037	0.0189	0.0169	0.0155	0.0051	0.0156	0.0128	0.0193	0.0044	0.0040	0.0207	0.0043	0.0206	0.0134	0.0036	0.0004	0.0210	0.0289	0.0201	0.0005	0.0071	0.0096	0.0145	0.0167	0.0022	
0.0058	0.0089	0.0155	0.0066	0.0195	0.0067	0.0111	0.0039	0.0166	0.0071	0.0055	0.0185	0.0201	0.0008	0.0192	0.0037	0.0106	0.0162	0.0173	0.0039	0.0046	0.0073	0.0077	0.0051	0.0107	0.0170	0.0169	0.0173	0.0116	0.0229	0.0139	0.0049	0.0217	0.0084	0.0147	0.0039	0.0167	0.0117	0.0061	0.0223	0.0058	0.0016	0.0155	0.0051	0.0220	0.0018	0.0163	0.0216	0.0038	0.0209	0.0163	0.0138	0.0141	0.0097	0.0166	0.0009	0.0015	0.0081	0.0179	0.0015	0.0143	0.0183	0.0096	0.0174	0.0139	0.0004	0.0235	0.0122	0.0037	0.0121	0.0102	0.0176	0.0091	0.0016	0.0181	0.0028	0.0054	0.0029	0.0051	0.0082	0.0142	0.0174	0.0110	0.0185	0.0029	0.0028	0.0119	0.0095	0.0117	0.0162	
0.0029	0.0103	0.0181	0.0058	0.0045	0.0110	0.0101	0.0013	0.0127	0.0214	0.0045	0.0106	0.0176	0.0141	0.0096	0.0220	0.0038	0.0130	0.0145	0.0165	0.0140	0.0212	0.0035	0.0090	0.0029	0.0150	0.0108	0.0183	0.0192	0.0084	0.0127	0.0101	0.0194	0.0077	0.0108	0.0217	0.0032	0.0056	0.0153	0.0096	0.0122	0.0068	0.0091	0.0087	0.0032	0.0108	0.0002	0.0225	0.0092	0.0039	0.0252	0.0228	0.0218	0.0218	0.0024	0.0045	0.0069	0.0052	0.0019	0.0085	0.0214	0.0144	0.0074	0.0044	0.0098	0.0159	0.0101	0.0094	0.0047	0.0112	0.0176	0.0262	0.0156	0.0018	0.0016	0.0111	0.0087	0.0178	0.0094	0.0111	0.0176	0.0117	0.0094	0.0089	0.0092	0.0170	0.0111	0.0010	0.0081	0.0064	
0.0131	0.0236	0.0037	0.0113	0.0098	0.0243	0.0182	0.0053	0.0176	0.0077	0.0007	0.0165	0.0168	0.0004	0.0111	0.0011	0.0041	0.0173	0.0197	0.0151	0.0146	0.0100	0.0198	0.0085	0.0109	0.0083	0.0114	0.0203	0.0182	0.0160	0.0070	0.0108	0.0018	0.0169	0.0155	0.0184	0.0159	0.0067	0.0104	0.0039	0.0089	0.0046	0.0164	0.0006	0.0144	0.0039	0.0210	0.0079	0.0016	0.0076	0.0105	0.0175	0.0057	0.0154	0.0127	0.0065	0.0010	0.0144	0.0185	0.0005	0.0094	0.0027	0.0128	0.0009	0.0015	0.0117	0.0113	0.0217	0.0121	0.0165	0.0064	0.0255	0.0042	0.0110	0.0040	0.0138	0.0096	0.0191	0.0227	0.0064	0.0142	0.0028	0.0215	0.0044	0.0086	0.0170	0.0045	0.0118	0.0104	0.0096	
0.0149	0.0022	0.0091	0.0116	0.0163	0.0068	0.0127	0.0212	0.0195	0.0000	0.0157	0.0185	0.0204	0.0114	0.0035	0.0088	0.0117	0.0135	0.0085	0.0197	0.0167	0.0046	0.0188	0.0125	0.0068	0.0066	0.0095	0.0078	0.0113	0.0127	0.0070	0.0020	0.0110	0.0182	0.0139	0.0035	0.0099	0.0134	0.0191	0.0234	0.0202	0.0148	0.0152	0.0213	0.0162	0.0128	0.0032	0.0059	0.0024	0.0240	0.0010	0.0120	0.0006	0.0082	0.0118	0.0132	0.0070	0.0165	0.0058	0.0089	0.0213	0.0058	0.0054	0.0091	0.0148	0.0137	0.0107	0.0229	0.0138	0.0196	0.0006	0.0175	0.0150	0.0121	0.0004	0.0012	0.0051	0.0224	0.0155	0.0117	0.0026	0.0036	0.0045	0.0148	0.0099	0.0179	0.0012	0.0015	0.0073	0.0029	
0.0134	0.0152	0.0086	0.0092	0.0183	0.0141	0.0071	0.0081	0.0048	0.0028	0.0088	0.0043	0.0110	0.0033	0.0223	0.0032	0.0177	0.0092	0.0080	0.0115	0.0061	0.0084	0.0004	0.0149	0.0054	0.0141	0.0016	0.0166	0.0208	0.0161	0.0109	0.0075	0.0124	0.0103	0.0022	0.0071	0.0098	0.0071	0.0102	0.0073	0.0115	0.0184	0.0106	0.0156	0.0018	0.0150	0.0125	0.0016	0.0138	0.0061	0.0221	0.0137	0.0147	0.0175	0.0169	0.0086	0.0167	0.0114	0.0031	0.0036	0.0128	0.0140	0.0080	0.0083	0.0138	0.0013	0.0123	0.0232	0.0003	0.0122	0.0155	0.0100	0.0158	0.0008	0.0171	0.0103	0.0121	0.0075	0.0147	0.0058	0.0025	0.0215	0.0247	0.0126	0.0146	0.0212	0.0135	0.0173	0.0163	0.0146	
0.0113	0.0243	0.0051	0.0108	0.0147	0.0215	0.0067	0.0038	0.0013	0.0002	0.0086	0.0155	0.0013	0.0045	0.0166	0.0110	0.0187	0.0136	0.0203	0.0069	0.0123	0.0062	0.0192	0.0160	0.0005	0.0111	0.0197	0.0217	0.0138	0.0133	0.0100	0.0185	0.0048	0.0065	0.0161	0.0145	0.0049	0.0077	0.0044	0.0203	0.0017	0.0131	0.0043	0.0168	0.0228	0.0084	0.0215	0.0185	0.0016	0.0059	0.0034	0.0002	0.0209	0.0107	0.0230	0.0091	0.0008	0.0071	0.0086	0.0030	0.0028	0.0117	0.0111	0.0074	0.0138	0.0115	0.0084	0.0185	0.0110	0.0221	0.0077	0.0109	0.0069	0.0182	0.0041	0.0029	0.0006	0.0049	0.0221	0.0091	0.0115	0.0227	0.0211	0.0052	0.0097	0.0108	0.0188	0.0186	0.0086	0.0079	
0.0113	0.0212	0.0222	0.0033	0.0164	0.0103	0.0165	0.0168	0.0018	0.0063	0.0030	0.0048	0.0083	0.0053	0.0230	0.0131	0.0149	0.0198	0.0049	0.0175	0.0080	0.0174	0.0088	0.0182	0.0093	0.0025	0.0213	0.0083	0.0169	0.0036	0.0156	0.0137	0.0073	0.0009	0.0025	0.0078	0.0093	0.0038	0.0013	0.0158	0.0036	0.0031	0.0017	0.0145	0.0081	0.0070	0.0119	0.0106	0.0067	0.0180	0.0165	0.0202	0.0115	0.0106	0.0187	0.0175	0.0127	0.0193	0.0134	0.0142	0.0118	0.0112	0.0018	0.0179	0.0126	0.0105	0.0187	0.0088	0.0020	0.0123	0.0056	0.0108	0.0167	0.0098	0.0126	0.0058	0.0111	0.0183	0.0122	0.0003	0.0091	0.0097	0.0255	0.0175	0.0077	0.0197	0.0013	0.0183	0.0032	0.0048	
0.0155	0.0134	0.0136	0.0090	0.0036	0.0146	0.0007	0.0037	0.0013	0.0188	0.0143	0.0053	0.0089	0.0225	0.0169	0.0057	0.0004	0.0009	0.0194	0.0144	0.0039	0.0158	0.0096	0.0137	0.0033	0.0022	0.0160	0.0045	0.0118	0.0153	0.0115	0.0252	0.0050	0.0173	0.0133	0.0154	0.0209	0.0119	0.0057	0.0014	0.0046	0.0130	0.0128	0.0196	0.0110	0.0061	0.0012	0.0050	0.0074	0.0037	0.0210	0.0006	0.0008	0.0132	0.0006	0.0051	0.0024	0.0182	0.0046	0.0014	0.0234	0.0181	0.0135	0.0072	0.0088	0.0125	0.0229	0.0146	0.0050	0.0227	0.0081	0.0132	0.0148	0.0162	0.0079	0.0164	0.0162	0.0168	0.0060	0.0160	0.0011	0.0098	0.0251	0.0061	0.0172	0.0122	0.0220	0.0171	0.0209	0.0095	

Emissions
0.4343	0.0953	0.2199	0.2124	0.0380	
0.0626	0.2982	0.1266	0.1174	0.3952	
0.1266	0.2494	0.0150	0.2235	0.3855	
0.1299	0.2574	0.1834	0.0993	0.3300	
0.0855	0.3034	0.3756	0.2331	0.0024	
0.1773	0.0331	0.1684	0.1777	0.4436	
0.2224	0.1198	0.2625	0.3402	0.0551	
0.1164	0.1168	0.2501	0.5109	0.0058	
0.3362	0.2538	0.0996	0.1949	0.1155	
0.2043	0.1835	0.1503	0.2282	0.2337	
0.0510	0.3838	0.2618	0.2593	0.0441	
0.0492	0.2294	0.3475	0.0887	0.2852	
0.0965	0.2037	0.4117	0.2207	0.0674	
0.0373	0.4253	0.1133	0.1525	0.2717	
0.0499	0.4380	0.2451	0.0634	0.2036	
0.4401	0.1435	0.1254	0.0107	0.2803	
0.0469	0.2361	0.2558	0.2449	0.2162	
0.2295	0.2447	0.0634	0.2247	0.2377	
0.2958	0.1678	0.0763	0.1239	0.3362	
0.1489	0.2883	0.3216	0.1152	0.1260	
0.2328	0.0718	0.0217	0.3948	0.2789	
0.0576	0.0683	0.1769	0.4327	0.2645	
0.0245	0.1626	0.3619	0.3499	0.1011	
0.1893	0.2773	0.0734	0.3487	0.1112	
0.1501	0.3534	0.2968	0.1975	0.0022	
0.2063	0.4110	0.1669	0.1711	0.0447	
0.0200	0.1675	0.3094	0.2358	0.2673	
0.0217	0.3779	0.0528	0.1559	0.3916	
0.2001	0.1618	0.0934	0.1001	0.4447	
0.1010	0.2193	0.1559	0.4471	0.0767	
0.3128	0.2223	0.0136	0.0176	0.4337	
0.0312	0.2235	0.2310	0.2634	0.2509	
0.1034	0.2531	0.2785	0.2787	0.0863	
0.3369	0.3478	0.1226	0.0688	0.1239	
0.2058	0.1896	0.3170	0.0568	0.2307	
0.3515	0.1420	0.1078	0.1964	0.2023	
0.1357	0.3103	0.2586	0.1424	0.1530	
0.1300	0.1448	0.2738	0.2288	0.2226	
0.2499	0.0000	0.1829	0.5157	0.0514	
0.0140	0.2121	0.1554	0.5275	0.0911	
0.2601	0.1265	0.1105	0.3465	0.1564	
0.1199	0.2004	0.2490	0.1882	0.2425	
0.4300	0.2379	0.1426	0.0727	0.1168	
0.0147	0.1565	0.2670	0.3131	0.2487	
0.0665	0.2565	0.1763	0.2130	0.2876	
0.6538	0.0787	0.0064	0.0464	0.2146	
0.2240	0.0250	0.1739	0.1385	0.4386	
0.0363	0.0761	0.2352	0.2939	0.3585	
0.2263	0.1869	0.0769	0.2321	0.2778	
0.0797	0.4654	0.1090	0.3210	0.0248	
0.1386	0.2376	0.1734	0.0749	0.3754	
0.1031	0.3798	0.3178	0.0365	0.1628	
0.0937	0.2863	0.3308	0.0883	0.2009	
0.1607	0.2771	0.2465	0.0668	0.2489	
0.1520	0.2648	0.2396	0.0362	0.3074	
0.1688	0.1314	0.2576	0.2529	0.1894	
0.0190	0.4457	0.1683	0.0023	0.3648	
0.2721	0.2489	0.0488	0.1277	0.3024	
0.1620	0.2325	0.2556	0.2615	0.0884	
0.0718	0.3521	0.4243	0.1296	0.0222	
0.0836	0.3161	0.3219	0.2349	0.0435	
0.2519	0.3376	0.1388	0.1944	0.0773	
0.2583	0.0185	0.3597	0.2343	0.1292	
0.1430	0.1251	0.3307	0.2123	0.1889	
0.0682	0.3131	0.2081	0.2561	0.1545	
0.1317	0.0859	0.1126	0.4629	0.2070	
0.0147	0.2351	0.2041	0.4239	0.1221	
0.0225	0.2729	0.1831	0.1831	0.3384	
0.0405	0.0677	0.3725	0.0297	0.4896	
0.0648	0.1965	0.3234	0.0556	0.3597	
0.0203	0.2939	0.1357	0.3066	0.2436	
0.1311	0.1412	0.1512	0.0743	0.5022	
0.2203	0.3412	0.2338	0.0839	0.1208	
0.1557	0.3897	0.1255	0.2014	0.1277	
0.1416	0.2039	0.3108	0.2452	0.0984	
0.0834	0.2538	0.5195	0.0124	0.1308	
0.5407	0.1411	0.0152	0.1601	0.1429	
0.0447	0.3145	0.1251	0.3067	0.2091	
0.2425	0.2311	0.1777	0.0121	0.3366	
0.1551	0.2750	0.1523	0.3930	0.0245	
0.3335	0.2091	0.3921	0.0169	0.0484	
0.1120	0.2915	0.2038	0.2023	0.1903	
0.0568	0.3344	0.1250	0.0206	0.4631	
0.2131	0.2625	0.1064	0.4074	0.0106	
0.2891	0.1378	0.1450	0.3498	0.0783	
0.0033	0.0220	0.3017	0.2117	0.4614	
0.0900	0.2897	0.2157	0.2418	0.1629	
0.1563	0.2304	0.3263	0.0489	0.2382	
0.0933	0.1164	0.3490	0.1274	0.3138	
0.1187	0.2325	0.3040	0.0891	0.2557	
