DataSet 43
Learner: Baum Welch Learner
Log Likelihood: 39236.3099460078

Number of States: 80
Number of Symbols: 5
Threshold: 0.01

Initial Distribution:
0.0140	0.0022	0.0074	0.0036	0.0089	0.0060	0.0030	0.0019	0.0364	0.0075	0.0066	0.0189	0.0134	0.0034	0.0044	0.0015	0.0254	0.0057	0.0220	0.0029	0.0048	0.0003	0.0111	0.0085	0.0177	0.0034	0.0016	0.0301	0.0088	0.0168	0.0286	0.0211	0.0238	0.0242	0.0029	0.0251	0.0293	0.0048	0.0023	0.0266	0.0076	0.0094	0.0073	0.0201	0.0097	0.0007	0.0064	0.0223	0.0206	0.0060	0.0232	0.0181	0.0139	0.0072	0.0004	0.0091	0.0161	0.0196	0.0090	0.0063	0.0069	0.0061	0.0129	0.0082	0.0146	0.0083	0.0017	0.0309	0.0310	0.0080	0.0018	0.0186	0.0006	0.0230	0.0239	0.0128	0.0264	0.0238	0.0021	0.0189	

Transitions:
0.0203	0.0113	0.0171	0.0038	0.0215	0.0222	0.0022	0.0060	0.0143	0.0133	0.0104	0.0015	0.0029	0.0189	0.0103	0.0197	0.0012	0.0191	0.0048	0.0219	0.0279	0.0102	0.0176	0.0189	0.0029	0.0052	0.0264	0.0154	0.0147	0.0115	0.0178	0.0151	0.0167	0.0076	0.0102	0.0204	0.0124	0.0133	0.0104	0.0148	0.0087	0.0213	0.0028	0.0106	0.0182	0.0015	0.0097	0.0030	0.0113	0.0202	0.0123	0.0240	0.0171	0.0049	0.0251	0.0142	0.0145	0.0009	0.0009	0.0164	0.0181	0.0082	0.0187	0.0054	0.0163	0.0204	0.0058	0.0149	0.0109	0.0117	0.0104	0.0116	0.0131	0.0115	0.0117	0.0057	0.0055	0.0065	0.0226	0.0014	
0.0161	0.0210	0.0066	0.0162	0.0210	0.0229	0.0215	0.0137	0.0103	0.0213	0.0037	0.0115	0.0128	0.0153	0.0181	0.0010	0.0012	0.0199	0.0192	0.0241	0.0212	0.0170	0.0143	0.0206	0.0116	0.0220	0.0082	0.0036	0.0179	0.0160	0.0061	0.0098	0.0013	0.0232	0.0201	0.0002	0.0194	0.0004	0.0084	0.0163	0.0188	0.0166	0.0070	0.0145	0.0120	0.0172	0.0024	0.0169	0.0123	0.0113	0.0044	0.0094	0.0118	0.0216	0.0067	0.0040	0.0039	0.0115	0.0036	0.0224	0.0114	0.0197	0.0218	0.0155	0.0155	0.0165	0.0104	0.0086	0.0190	0.0177	0.0016	0.0007	0.0151	0.0000	0.0047	0.0016	0.0087	0.0010	0.0094	0.0177	
0.0213	0.0151	0.0126	0.0042	0.0111	0.0265	0.0222	0.0015	0.0138	0.0204	0.0201	0.0114	0.0214	0.0069	0.0044	0.0205	0.0173	0.0101	0.0235	0.0200	0.0093	0.0188	0.0001	0.0196	0.0117	0.0033	0.0240	0.0092	0.0215	0.0058	0.0167	0.0034	0.0013	0.0109	0.0034	0.0016	0.0051	0.0222	0.0105	0.0148	0.0220	0.0122	0.0155	0.0034	0.0010	0.0152	0.0045	0.0051	0.0201	0.0055	0.0070	0.0262	0.0018	0.0161	0.0112	0.0070	0.0101	0.0211	0.0138	0.0082	0.0019	0.0125	0.0080	0.0118	0.0219	0.0184	0.0093	0.0058	0.0047	0.0023	0.0244	0.0011	0.0024	0.0054	0.0205	0.0251	0.0208	0.0201	0.0169	0.0221	
0.0237	0.0166	0.0169	0.0143	0.0241	0.0273	0.0019	0.0099	0.0034	0.0270	0.0150	0.0097	0.0291	0.0008	0.0163	0.0100	0.0031	0.0063	0.0067	0.0102	0.0021	0.0281	0.0010	0.0194	0.0141	0.0056	0.0245	0.0181	0.0216	0.0135	0.0081	0.0170	0.0038	0.0208	0.0120	0.0156	0.0164	0.0221	0.0173	0.0004	0.0175	0.0018	0.0037	0.0083	0.0150	0.0093	0.0017	0.0016	0.0145	0.0138	0.0218	0.0195	0.0174	0.0085	0.0251	0.0004	0.0115	0.0004	0.0011	0.0193	0.0018	0.0071	0.0195	0.0167	0.0152	0.0253	0.0057	0.0028	0.0159	0.0023	0.0230	0.0086	0.0189	0.0060	0.0185	0.0002	0.0200	0.0190	0.0029	0.0047	
0.0034	0.0191	0.0061	0.0043	0.0157	0.0179	0.0007	0.0178	0.0006	0.0098	0.0011	0.0148	0.0178	0.0176	0.0204	0.0083	0.0082	0.0102	0.0177	0.0163	0.0020	0.0245	0.0099	0.0109	0.0205	0.0088	0.0242	0.0076	0.0150	0.0201	0.0054	0.0179	0.0195	0.0191	0.0145	0.0082	0.0194	0.0125	0.0262	0.0178	0.0217	0.0108	0.0021	0.0058	0.0015	0.0244	0.0148	0.0176	0.0064	0.0082	0.0153	0.0075	0.0237	0.0102	0.0025	0.0058	0.0062	0.0202	0.0067	0.0069	0.0153	0.0169	0.0061	0.0045	0.0032	0.0064	0.0160	0.0158	0.0059	0.0114	0.0123	0.0180	0.0117	0.0204	0.0172	0.0164	0.0190	0.0042	0.0089	0.0201	
0.0153	0.0021	0.0024	0.0055	0.0044	0.0248	0.0192	0.0118	0.0185	0.0090	0.0010	0.0024	0.0043	0.0162	0.0029	0.0062	0.0044	0.0212	0.0031	0.0207	0.0061	0.0237	0.0141	0.0172	0.0231	0.0185	0.0194	0.0020	0.0188	0.0115	0.0097	0.0030	0.0110	0.0134	0.0142	0.0172	0.0115	0.0006	0.0008	0.0041	0.0114	0.0081	0.0007	0.0236	0.0158	0.0076	0.0194	0.0175	0.0163	0.0136	0.0129	0.0257	0.0016	0.0139	0.0158	0.0228	0.0112	0.0116	0.0059	0.0103	0.0035	0.0187	0.0209	0.0070	0.0256	0.0227	0.0151	0.0126	0.0029	0.0104	0.0185	0.0035	0.0241	0.0237	0.0087	0.0228	0.0210	0.0181	0.0029	0.0160	
0.0007	0.0246	0.0078	0.0027	0.0233	0.0101	0.0013	0.0231	0.0224	0.0166	0.0048	0.0025	0.0219	0.0149	0.0004	0.0190	0.0135	0.0161	0.0247	0.0162	0.0191	0.0030	0.0167	0.0067	0.0207	0.0081	0.0022	0.0031	0.0062	0.0186	0.0007	0.0200	0.0077	0.0191	0.0089	0.0043	0.0088	0.0144	0.0110	0.0139	0.0214	0.0189	0.0193	0.0108	0.0082	0.0129	0.0119	0.0056	0.0200	0.0161	0.0098	0.0041	0.0181	0.0112	0.0220	0.0226	0.0073	0.0017	0.0054	0.0151	0.0072	0.0221	0.0165	0.0033	0.0178	0.0090	0.0192	0.0001	0.0055	0.0205	0.0077	0.0209	0.0080	0.0093	0.0198	0.0220	0.0100	0.0076	0.0242	0.0068	
0.0192	0.0223	0.0043	0.0133	0.0079	0.0225	0.0015	0.0187	0.0167	0.0122	0.0210	0.0068	0.0116	0.0162	0.0053	0.0212	0.0028	0.0121	0.0179	0.0227	0.0219	0.0111	0.0006	0.0019	0.0077	0.0128	0.0221	0.0073	0.0180	0.0249	0.0116	0.0005	0.0016	0.0005	0.0180	0.0116	0.0144	0.0017	0.0222	0.0166	0.0075	0.0233	0.0042	0.0173	0.0233	0.0233	0.0082	0.0101	0.0025	0.0195	0.0196	0.0224	0.0133	0.0016	0.0111	0.0133	0.0166	0.0031	0.0048	0.0183	0.0194	0.0180	0.0042	0.0170	0.0228	0.0202	0.0052	0.0078	0.0014	0.0146	0.0057	0.0012	0.0179	0.0211	0.0135	0.0217	0.0053	0.0066	0.0024	0.0078	
0.0053	0.0102	0.0059	0.0197	0.0053	0.0187	0.0119	0.0192	0.0107	0.0059	0.0146	0.0138	0.0183	0.0006	0.0207	0.0107	0.0152	0.0070	0.0169	0.0033	0.0198	0.0268	0.0111	0.0086	0.0190	0.0149	0.0041	0.0115	0.0119	0.0144	0.0050	0.0126	0.0006	0.0200	0.0183	0.0145	0.0100	0.0117	0.0164	0.0058	0.0110	0.0077	0.0157	0.0200	0.0028	0.0197	0.0054	0.0152	0.0020	0.0241	0.0019	0.0230	0.0140	0.0267	0.0187	0.0076	0.0180	0.0214	0.0037	0.0129	0.0119	0.0262	0.0150	0.0267	0.0214	0.0032	0.0115	0.0182	0.0095	0.0038	0.0063	0.0081	0.0158	0.0112	0.0156	0.0128	0.0025	0.0130	0.0045	0.0008	
0.0130	0.0151	0.0153	0.0135	0.0142	0.0139	0.0017	0.0013	0.0091	0.0122	0.0213	0.0131	0.0061	0.0032	0.0210	0.0156	0.0203	0.0235	0.0286	0.0010	0.0015	0.0139	0.0075	0.0274	0.0259	0.0189	0.0042	0.0232	0.0083	0.0033	0.0033	0.0099	0.0200	0.0038	0.0007	0.0029	0.0064	0.0025	0.0180	0.0135	0.0015	0.0173	0.0137	0.0024	0.0158	0.0216	0.0066	0.0156	0.0202	0.0054	0.0244	0.0097	0.0211	0.0048	0.0339	0.0027	0.0043	0.0227	0.0143	0.0251	0.0069	0.0025	0.0258	0.0071	0.0072	0.0111	0.0193	0.0010	0.0028	0.0155	0.0113	0.0164	0.0105	0.0113	0.0272	0.0173	0.0265	0.0054	0.0099	0.0040	
0.0098	0.0138	0.0063	0.0014	0.0083	0.0232	0.0160	0.0136	0.0032	0.0260	0.0240	0.0123	0.0123	0.0154	0.0061	0.0240	0.0175	0.0056	0.0224	0.0046	0.0267	0.0057	0.0127	0.0009	0.0232	0.0029	0.0255	0.0061	0.0052	0.0128	0.0043	0.0246	0.0095	0.0125	0.0112	0.0209	0.0177	0.0194	0.0268	0.0089	0.0183	0.0054	0.0219	0.0039	0.0199	0.0194	0.0051	0.0148	0.0028	0.0003	0.0217	0.0187	0.0087	0.0037	0.0056	0.0063	0.0216	0.0063	0.0035	0.0057	0.0196	0.0107	0.0101	0.0151	0.0198	0.0241	0.0032	0.0192	0.0063	0.0100	0.0051	0.0221	0.0081	0.0113	0.0117	0.0195	0.0076	0.0096	0.0069	0.0032	
0.0223	0.0075	0.0036	0.0040	0.0158	0.0141	0.0160	0.0051	0.0061	0.0051	0.0190	0.0125	0.0143	0.0149	0.0116	0.0060	0.0177	0.0049	0.0088	0.0211	0.0170	0.0080	0.0100	0.0161	0.0221	0.0181	0.0102	0.0168	0.0170	0.0122	0.0189	0.0139	0.0206	0.0011	0.0088	0.0151	0.0048	0.0060	0.0270	0.0052	0.0072	0.0252	0.0123	0.0016	0.0147	0.0167	0.0082	0.0127	0.0234	0.0044	0.0211	0.0019	0.0260	0.0109	0.0146	0.0179	0.0178	0.0126	0.0065	0.0203	0.0032	0.0220	0.0152	0.0193	0.0063	0.0058	0.0120	0.0107	0.0085	0.0164	0.0024	0.0123	0.0054	0.0030	0.0121	0.0189	0.0154	0.0077	0.0225	0.0055	
0.0098	0.0187	0.0210	0.0111	0.0135	0.0207	0.0134	0.0122	0.0122	0.0174	0.0181	0.0152	0.0228	0.0036	0.0025	0.0119	0.0072	0.0180	0.0198	0.0109	0.0003	0.0219	0.0049	0.0013	0.0026	0.0067	0.0199	0.0182	0.0228	0.0189	0.0214	0.0122	0.0128	0.0025	0.0091	0.0096	0.0177	0.0026	0.0058	0.0093	0.0149	0.0016	0.0229	0.0159	0.0034	0.0087	0.0171	0.0016	0.0003	0.0010	0.0104	0.0226	0.0127	0.0119	0.0051	0.0151	0.0115	0.0216	0.0073	0.0071	0.0002	0.0184	0.0155	0.0166	0.0190	0.0052	0.0031	0.0158	0.0183	0.0149	0.0173	0.0044	0.0138	0.0088	0.0191	0.0232	0.0208	0.0131	0.0220	0.0175	
0.0114	0.0189	0.0175	0.0189	0.0078	0.0002	0.0216	0.0007	0.0182	0.0185	0.0203	0.0196	0.0196	0.0194	0.0086	0.0191	0.0094	0.0040	0.0209	0.0217	0.0064	0.0244	0.0062	0.0069	0.0086	0.0047	0.0083	0.0032	0.0175	0.0066	0.0161	0.0221	0.0209	0.0141	0.0179	0.0058	0.0182	0.0180	0.0113	0.0161	0.0055	0.0026	0.0196	0.0005	0.0206	0.0166	0.0102	0.0126	0.0202	0.0221	0.0125	0.0173	0.0155	0.0000	0.0118	0.0148	0.0099	0.0133	0.0086	0.0031	0.0132	0.0203	0.0082	0.0121	0.0011	0.0203	0.0198	0.0022	0.0038	0.0032	0.0242	0.0130	0.0184	0.0023	0.0149	0.0032	0.0019	0.0061	0.0098	0.0151	
0.0180	0.0199	0.0044	0.0165	0.0175	0.0007	0.0078	0.0211	0.0031	0.0044	0.0187	0.0078	0.0087	0.0063	0.0028	0.0088	0.0172	0.0059	0.0235	0.0256	0.0220	0.0092	0.0111	0.0203	0.0008	0.0203	0.0261	0.0108	0.0086	0.0091	0.0110	0.0053	0.0026	0.0185	0.0100	0.0240	0.0131	0.0175	0.0245	0.0004	0.0141	0.0000	0.0207	0.0003	0.0093	0.0155	0.0063	0.0096	0.0230	0.0066	0.0091	0.0226	0.0074	0.0105	0.0244	0.0128	0.0052	0.0103	0.0123	0.0206	0.0019	0.0217	0.0169	0.0179	0.0159	0.0139	0.0049	0.0093	0.0208	0.0034	0.0236	0.0025	0.0098	0.0230	0.0100	0.0204	0.0086	0.0107	0.0094	0.0111	
0.0129	0.0131	0.0124	0.0009	0.0216	0.0189	0.0204	0.0146	0.0195	0.0253	0.0167	0.0043	0.0262	0.0003	0.0194	0.0177	0.0077	0.0037	0.0088	0.0218	0.0099	0.0227	0.0116	0.0201	0.0122	0.0056	0.0109	0.0059	0.0271	0.0022	0.0015	0.0184	0.0004	0.0048	0.0063	0.0160	0.0032	0.0154	0.0231	0.0189	0.0151	0.0141	0.0104	0.0001	0.0116	0.0136	0.0031	0.0075	0.0005	0.0151	0.0109	0.0057	0.0024	0.0117	0.0024	0.0224	0.0182	0.0199	0.0091	0.0173	0.0052	0.0168	0.0171	0.0189	0.0206	0.0211	0.0038	0.0133	0.0170	0.0054	0.0181	0.0146	0.0085	0.0088	0.0054	0.0210	0.0079	0.0124	0.0073	0.0229	
0.0025	0.0005	0.0072	0.0082	0.0169	0.0233	0.0178	0.0108	0.0029	0.0117	0.0167	0.0089	0.0018	0.0018	0.0174	0.0210	0.0195	0.0123	0.0034	0.0160	0.0100	0.0112	0.0153	0.0184	0.0015	0.0155	0.0244	0.0152	0.0076	0.0076	0.0102	0.0098	0.0119	0.0145	0.0182	0.0062	0.0074	0.0105	0.0068	0.0000	0.0052	0.0199	0.0136	0.0086	0.0152	0.0071	0.0163	0.0062	0.0177	0.0065	0.0228	0.0204	0.0108	0.0186	0.0166	0.0203	0.0090	0.0147	0.0062	0.0258	0.0234	0.0286	0.0055	0.0210	0.0238	0.0079	0.0194	0.0104	0.0104	0.0091	0.0207	0.0112	0.0076	0.0035	0.0097	0.0172	0.0182	0.0065	0.0021	0.0197	
0.0004	0.0203	0.0010	0.0007	0.0101	0.0235	0.0005	0.0203	0.0009	0.0317	0.0243	0.0175	0.0030	0.0066	0.0002	0.0051	0.0133	0.0202	0.0109	0.0108	0.0133	0.0070	0.0224	0.0072	0.0175	0.0113	0.0152	0.0052	0.0092	0.0284	0.0230	0.0040	0.0128	0.0118	0.0324	0.0122	0.0222	0.0058	0.0159	0.0064	0.0081	0.0015	0.0106	0.0134	0.0166	0.0299	0.0101	0.0011	0.0037	0.0061	0.0043	0.0007	0.0272	0.0204	0.0139	0.0286	0.0176	0.0239	0.0093	0.0273	0.0055	0.0267	0.0164	0.0033	0.0013	0.0210	0.0049	0.0135	0.0079	0.0123	0.0092	0.0078	0.0089	0.0027	0.0022	0.0109	0.0216	0.0094	0.0183	0.0176	
0.0005	0.0116	0.0025	0.0014	0.0183	0.0252	0.0060	0.0157	0.0010	0.0044	0.0151	0.0031	0.0183	0.0106	0.0010	0.0099	0.0108	0.0063	0.0106	0.0242	0.0212	0.0227	0.0171	0.0139	0.0267	0.0180	0.0210	0.0142	0.0178	0.0021	0.0005	0.0099	0.0039	0.0183	0.0278	0.0211	0.0141	0.0142	0.0100	0.0032	0.0123	0.0125	0.0119	0.0036	0.0221	0.0030	0.0129	0.0165	0.0014	0.0142	0.0208	0.0135	0.0243	0.0180	0.0247	0.0073	0.0129	0.0141	0.0017	0.0245	0.0035	0.0142	0.0030	0.0237	0.0030	0.0057	0.0195	0.0172	0.0131	0.0036	0.0272	0.0007	0.0218	0.0065	0.0099	0.0084	0.0047	0.0136	0.0137	0.0204	
0.0046	0.0261	0.0167	0.0014	0.0061	0.0152	0.0127	0.0107	0.0001	0.0193	0.0042	0.0018	0.0112	0.0089	0.0227	0.0237	0.0082	0.0144	0.0007	0.0203	0.0041	0.0210	0.0050	0.0224	0.0201	0.0190	0.0152	0.0127	0.0076	0.0146	0.0007	0.0020	0.0006	0.0051	0.0210	0.0068	0.0157	0.0015	0.0212	0.0129	0.0180	0.0139	0.0208	0.0223	0.0013	0.0191	0.0152	0.0117	0.0066	0.0119	0.0260	0.0171	0.0146	0.0193	0.0202	0.0137	0.0155	0.0236	0.0056	0.0117	0.0211	0.0260	0.0050	0.0103	0.0170	0.0020	0.0011	0.0035	0.0150	0.0150	0.0073	0.0063	0.0234	0.0110	0.0019	0.0172	0.0215	0.0079	0.0204	0.0004	
0.0029	0.0001	0.0075	0.0192	0.0134	0.0106	0.0118	0.0059	0.0115	0.0071	0.0144	0.0191	0.0226	0.0059	0.0133	0.0201	0.0082	0.0099	0.0064	0.0243	0.0195	0.0125	0.0209	0.0133	0.0058	0.0168	0.0166	0.0029	0.0198	0.0027	0.0160	0.0097	0.0023	0.0070	0.0077	0.0250	0.0125	0.0086	0.0249	0.0055	0.0138	0.0194	0.0181	0.0086	0.0055	0.0086	0.0134	0.0138	0.0176	0.0078	0.0081	0.0117	0.0017	0.0190	0.0075	0.0168	0.0021	0.0211	0.0106	0.0212	0.0152	0.0096	0.0129	0.0075	0.0175	0.0034	0.0175	0.0100	0.0225	0.0142	0.0044	0.0222	0.0143	0.0001	0.0100	0.0220	0.0197	0.0151	0.0085	0.0227	
0.0045	0.0026	0.0078	0.0112	0.0220	0.0052	0.0089	0.0075	0.0244	0.0209	0.0268	0.0203	0.0294	0.0003	0.0135	0.0047	0.0085	0.0086	0.0204	0.0016	0.0221	0.0009	0.0194	0.0061	0.0043	0.0110	0.0292	0.0017	0.0137	0.0138	0.0253	0.0149	0.0123	0.0189	0.0224	0.0198	0.0024	0.0037	0.0200	0.0131	0.0249	0.0149	0.0149	0.0080	0.0224	0.0110	0.0012	0.0124	0.0127	0.0071	0.0183	0.0156	0.0271	0.0080	0.0064	0.0049	0.0094	0.0030	0.0054	0.0118	0.0055	0.0083	0.0261	0.0130	0.0227	0.0107	0.0086	0.0040	0.0083	0.0207	0.0022	0.0044	0.0225	0.0042	0.0064	0.0050	0.0144	0.0127	0.0136	0.0235	
0.0078	0.0108	0.0138	0.0041	0.0216	0.0104	0.0153	0.0042	0.0121	0.0135	0.0070	0.0000	0.0257	0.0043	0.0068	0.0143	0.0162	0.0003	0.0133	0.0096	0.0011	0.0227	0.0052	0.0146	0.0048	0.0098	0.0180	0.0189	0.0015	0.0012	0.0172	0.0236	0.0159	0.0130	0.0015	0.0198	0.0159	0.0158	0.0185	0.0086	0.0194	0.0046	0.0181	0.0196	0.0175	0.0014	0.0083	0.0130	0.0199	0.0172	0.0137	0.0125	0.0234	0.0020	0.0187	0.0123	0.0056	0.0270	0.0211	0.0113	0.0161	0.0211	0.0028	0.0093	0.0236	0.0082	0.0088	0.0088	0.0028	0.0121	0.0223	0.0238	0.0097	0.0044	0.0158	0.0213	0.0045	0.0125	0.0235	0.0035	
0.0025	0.0053	0.0193	0.0088	0.0115	0.0046	0.0006	0.0121	0.0153	0.0154	0.0138	0.0140	0.0192	0.0044	0.0145	0.0198	0.0016	0.0053	0.0201	0.0077	0.0194	0.0244	0.0099	0.0088	0.0195	0.0136	0.0035	0.0140	0.0121	0.0216	0.0065	0.0175	0.0007	0.0183	0.0088	0.0117	0.0187	0.0182	0.0257	0.0146	0.0074	0.0204	0.0134	0.0121	0.0216	0.0054	0.0041	0.0027	0.0109	0.0164	0.0195	0.0247	0.0155	0.0151	0.0112	0.0059	0.0151	0.0137	0.0107	0.0211	0.0008	0.0076	0.0027	0.0191	0.0069	0.0199	0.0128	0.0165	0.0192	0.0037	0.0279	0.0071	0.0076	0.0024	0.0003	0.0232	0.0065	0.0214	0.0103	0.0137	
0.0106	0.0289	0.0060	0.0186	0.0018	0.0106	0.0035	0.0091	0.0096	0.0035	0.0188	0.0088	0.0035	0.0009	0.0166	0.0003	0.0170	0.0173	0.0062	0.0029	0.0174	0.0089	0.0066	0.0078	0.0200	0.0108	0.0178	0.0112	0.0182	0.0141	0.0225	0.0215	0.0029	0.0009	0.0133	0.0012	0.0007	0.0103	0.0249	0.0209	0.0182	0.0075	0.0110	0.0191	0.0124	0.0161	0.0053	0.0062	0.0102	0.0001	0.0060	0.0167	0.0184	0.0083	0.0286	0.0036	0.0168	0.0260	0.0203	0.0162	0.0169	0.0180	0.0200	0.0216	0.0050	0.0233	0.0057	0.0018	0.0140	0.0137	0.0303	0.0072	0.0228	0.0080	0.0106	0.0089	0.0215	0.0128	0.0206	0.0039	
0.0055	0.0110	0.0026	0.0163	0.0073	0.0113	0.0040	0.0187	0.0013	0.0108	0.0082	0.0014	0.0110	0.0048	0.0045	0.0014	0.0128	0.0136	0.0154	0.0177	0.0111	0.0044	0.0177	0.0218	0.0006	0.0228	0.0219	0.0074	0.0274	0.0192	0.0066	0.0061	0.0040	0.0200	0.0128	0.0114	0.0111	0.0031	0.0198	0.0181	0.0205	0.0138	0.0006	0.0058	0.0089	0.0263	0.0218	0.0144	0.0031	0.0097	0.0226	0.0091	0.0266	0.0047	0.0247	0.0027	0.0140	0.0098	0.0117	0.0102	0.0142	0.0253	0.0255	0.0097	0.0019	0.0020	0.0193	0.0104	0.0194	0.0152	0.0190	0.0092	0.0251	0.0190	0.0215	0.0266	0.0029	0.0123	0.0112	0.0028	
0.0218	0.0011	0.0059	0.0134	0.0218	0.0274	0.0075	0.0261	0.0014	0.0089	0.0212	0.0036	0.0156	0.0059	0.0044	0.0252	0.0151	0.0158	0.0044	0.0075	0.0008	0.0124	0.0220	0.0088	0.0219	0.0096	0.0094	0.0050	0.0087	0.0254	0.0264	0.0044	0.0238	0.0134	0.0109	0.0167	0.0122	0.0091	0.0165	0.0021	0.0207	0.0247	0.0123	0.0126	0.0011	0.0097	0.0254	0.0158	0.0125	0.0253	0.0090	0.0139	0.0084	0.0034	0.0021	0.0152	0.0042	0.0264	0.0139	0.0126	0.0143	0.0024	0.0189	0.0030	0.0099	0.0152	0.0049	0.0210	0.0210	0.0133	0.0110	0.0046	0.0028	0.0019	0.0129	0.0032	0.0257	0.0111	0.0077	0.0125	
0.0115	0.0172	0.0142	0.0072	0.0139	0.0130	0.0206	0.0148	0.0076	0.0229	0.0093	0.0135	0.0148	0.0009	0.0107	0.0113	0.0040	0.0058	0.0021	0.0112	0.0049	0.0245	0.0208	0.0231	0.0157	0.0027	0.0113	0.0042	0.0151	0.0222	0.0099	0.0170	0.0124	0.0052	0.0011	0.0213	0.0091	0.0116	0.0137	0.0162	0.0194	0.0111	0.0097	0.0206	0.0027	0.0230	0.0099	0.0010	0.0156	0.0184	0.0191	0.0163	0.0078	0.0214	0.0071	0.0148	0.0149	0.0155	0.0148	0.0111	0.0021	0.0177	0.0046	0.0117	0.0068	0.0183	0.0188	0.0086	0.0002	0.0083	0.0084	0.0154	0.0153	0.0050	0.0144	0.0198	0.0078	0.0193	0.0175	0.0172	
0.0161	0.0103	0.0159	0.0217	0.0015	0.0271	0.0123	0.0200	0.0006	0.0161	0.0047	0.0169	0.0192	0.0022	0.0194	0.0033	0.0056	0.0021	0.0179	0.0137	0.0242	0.0018	0.0010	0.0030	0.0153	0.0018	0.0259	0.0013	0.0036	0.0127	0.0027	0.0230	0.0227	0.0238	0.0239	0.0218	0.0226	0.0102	0.0128	0.0097	0.0049	0.0059	0.0105	0.0125	0.0092	0.0156	0.0051	0.0159	0.0114	0.0157	0.0170	0.0095	0.0083	0.0089	0.0009	0.0181	0.0071	0.0150	0.0057	0.0268	0.0004	0.0129	0.0188	0.0144	0.0120	0.0083	0.0193	0.0154	0.0073	0.0006	0.0051	0.0205	0.0187	0.0058	0.0078	0.0167	0.0177	0.0154	0.0216	0.0272	
0.0209	0.0060	0.0140	0.0130	0.0208	0.0227	0.0137	0.0123	0.0191	0.0063	0.0114	0.0098	0.0027	0.0094	0.0092	0.0168	0.0124	0.0189	0.0009	0.0008	0.0222	0.0149	0.0095	0.0114	0.0119	0.0173	0.0188	0.0016	0.0011	0.0124	0.0213	0.0181	0.0175	0.0068	0.0036	0.0216	0.0180	0.0042	0.0215	0.0137	0.0203	0.0075	0.0180	0.0016	0.0142	0.0198	0.0173	0.0052	0.0202	0.0140	0.0009	0.0237	0.0144	0.0186	0.0062	0.0108	0.0171	0.0048	0.0017	0.0031	0.0029	0.0145	0.0137	0.0107	0.0071	0.0193	0.0146	0.0164	0.0071	0.0111	0.0291	0.0084	0.0020	0.0095	0.0068	0.0137	0.0174	0.0081	0.0217	0.0181	
0.0282	0.0124	0.0066	0.0128	0.0117	0.0030	0.0056	0.0003	0.0018	0.0238	0.0261	0.0165	0.0016	0.0146	0.0141	0.0054	0.0179	0.0081	0.0201	0.0254	0.0013	0.0295	0.0252	0.0070	0.0202	0.0158	0.0246	0.0031	0.0132	0.0204	0.0146	0.0127	0.0084	0.0093	0.0047	0.0198	0.0060	0.0012	0.0007	0.0043	0.0159	0.0207	0.0167	0.0142	0.0147	0.0092	0.0082	0.0115	0.0252	0.0013	0.0196	0.0110	0.0168	0.0286	0.0219	0.0009	0.0107	0.0004	0.0198	0.0225	0.0085	0.0020	0.0168	0.0102	0.0033	0.0162	0.0071	0.0165	0.0120	0.0164	0.0006	0.0167	0.0080	0.0155	0.0086	0.0111	0.0056	0.0104	0.0175	0.0095	
0.0079	0.0082	0.0064	0.0102	0.0250	0.0075	0.0235	0.0081	0.0153	0.0032	0.0064	0.0051	0.0058	0.0055	0.0205	0.0100	0.0025	0.0083	0.0102	0.0018	0.0281	0.0184	0.0250	0.0020	0.0009	0.0001	0.0016	0.0198	0.0177	0.0078	0.0182	0.0017	0.0084	0.0107	0.0134	0.0012	0.0182	0.0045	0.0104	0.0189	0.0161	0.0268	0.0224	0.0089	0.0134	0.0224	0.0124	0.0018	0.0190	0.0226	0.0069	0.0239	0.0275	0.0154	0.0115	0.0201	0.0065	0.0051	0.0079	0.0259	0.0048	0.0290	0.0197	0.0100	0.0080	0.0051	0.0191	0.0164	0.0185	0.0161	0.0205	0.0212	0.0001	0.0136	0.0115	0.0008	0.0158	0.0160	0.0134	0.0059	
0.0128	0.0292	0.0045	0.0175	0.0006	0.0287	0.0018	0.0153	0.0012	0.0242	0.0178	0.0129	0.0194	0.0076	0.0156	0.0115	0.0048	0.0120	0.0009	0.0098	0.0273	0.0224	0.0074	0.0257	0.0068	0.0070	0.0274	0.0078	0.0028	0.0095	0.0001	0.0156	0.0141	0.0029	0.0160	0.0060	0.0169	0.0324	0.0112	0.0072	0.0032	0.0027	0.0136	0.0226	0.0010	0.0023	0.0034	0.0132	0.0233	0.0214	0.0199	0.0028	0.0171	0.0046	0.0092	0.0243	0.0129	0.0061	0.0096	0.0183	0.0018	0.0202	0.0184	0.0182	0.0188	0.0028	0.0181	0.0126	0.0191	0.0070	0.0287	0.0047	0.0040	0.0155	0.0052	0.0242	0.0012	0.0074	0.0221	0.0039	
0.0042	0.0067	0.0137	0.0053	0.0143	0.0284	0.0014	0.0107	0.0182	0.0236	0.0141	0.0127	0.0127	0.0155	0.0075	0.0107	0.0097	0.0235	0.0047	0.0269	0.0043	0.0159	0.0200	0.0132	0.0025	0.0133	0.0296	0.0190	0.0264	0.0121	0.0151	0.0089	0.0082	0.0076	0.0177	0.0239	0.0015	0.0153	0.0043	0.0190	0.0013	0.0137	0.0171	0.0026	0.0203	0.0087	0.0168	0.0115	0.0101	0.0192	0.0114	0.0019	0.0040	0.0257	0.0006	0.0207	0.0099	0.0024	0.0026	0.0001	0.0232	0.0035	0.0157	0.0116	0.0021	0.0061	0.0039	0.0034	0.0030	0.0083	0.0150	0.0205	0.0204	0.0078	0.0214	0.0207	0.0182	0.0162	0.0156	0.0204	
0.0183	0.0121	0.0132	0.0045	0.0001	0.0179	0.0051	0.0095	0.0070	0.0261	0.0109	0.0218	0.0099	0.0033	0.0204	0.0229	0.0220	0.0088	0.0006	0.0177	0.0030	0.0178	0.0092	0.0250	0.0086	0.0114	0.0061	0.0173	0.0014	0.0086	0.0216	0.0198	0.0116	0.0074	0.0060	0.0155	0.0114	0.0098	0.0125	0.0101	0.0000	0.0218	0.0200	0.0049	0.0005	0.0119	0.0148	0.0151	0.0098	0.0241	0.0218	0.0108	0.0169	0.0231	0.0201	0.0053	0.0010	0.0175	0.0163	0.0135	0.0087	0.0108	0.0093	0.0000	0.0011	0.0162	0.0103	0.0005	0.0221	0.0065	0.0124	0.0118	0.0254	0.0143	0.0157	0.0087	0.0196	0.0045	0.0236	0.0234	
0.0221	0.0157	0.0102	0.0022	0.0132	0.0157	0.0037	0.0125	0.0127	0.0011	0.0137	0.0211	0.0143	0.0198	0.0015	0.0138	0.0100	0.0191	0.0040	0.0114	0.0302	0.0187	0.0195	0.0026	0.0167	0.0068	0.0133	0.0016	0.0086	0.0111	0.0090	0.0220	0.0174	0.0238	0.0220	0.0241	0.0222	0.0084	0.0151	0.0113	0.0144	0.0275	0.0096	0.0229	0.0201	0.0161	0.0003	0.0016	0.0133	0.0008	0.0240	0.0278	0.0007	0.0142	0.0277	0.0082	0.0157	0.0087	0.0110	0.0062	0.0021	0.0022	0.0078	0.0055	0.0166	0.0196	0.0034	0.0110	0.0047	0.0033	0.0233	0.0037	0.0088	0.0157	0.0215	0.0020	0.0043	0.0226	0.0078	0.0009	
0.0078	0.0111	0.0138	0.0066	0.0136	0.0148	0.0236	0.0046	0.0025	0.0136	0.0037	0.0153	0.0201	0.0061	0.0113	0.0086	0.0150	0.0047	0.0062	0.0040	0.0116	0.0153	0.0243	0.0095	0.0111	0.0166	0.0203	0.0079	0.0176	0.0224	0.0016	0.0222	0.0007	0.0111	0.0312	0.0201	0.0119	0.0004	0.0216	0.0039	0.0243	0.0314	0.0084	0.0192	0.0006	0.0013	0.0099	0.0018	0.0054	0.0133	0.0108	0.0297	0.0194	0.0045	0.0234	0.0270	0.0105	0.0064	0.0189	0.0223	0.0206	0.0153	0.0179	0.0087	0.0094	0.0089	0.0128	0.0056	0.0075	0.0134	0.0333	0.0137	0.0125	0.0019	0.0077	0.0126	0.0024	0.0030	0.0078	0.0085	
0.0065	0.0150	0.0048	0.0025	0.0097	0.0029	0.0057	0.0221	0.0191	0.0048	0.0072	0.0059	0.0037	0.0215	0.0075	0.0092	0.0090	0.0018	0.0105	0.0199	0.0137	0.0050	0.0196	0.0130	0.0159	0.0190	0.0124	0.0125	0.0246	0.0066	0.0174	0.0092	0.0226	0.0143	0.0141	0.0088	0.0054	0.0126	0.0287	0.0061	0.0017	0.0203	0.0110	0.0035	0.0119	0.0167	0.0135	0.0137	0.0177	0.0248	0.0021	0.0007	0.0195	0.0144	0.0252	0.0032	0.0179	0.0202	0.0099	0.0156	0.0147	0.0187	0.0011	0.0125	0.0134	0.0239	0.0072	0.0115	0.0091	0.0218	0.0035	0.0204	0.0041	0.0034	0.0168	0.0197	0.0188	0.0170	0.0014	0.0266	
0.0050	0.0204	0.0173	0.0200	0.0036	0.0154	0.0133	0.0087	0.0152	0.0097	0.0140	0.0110	0.0275	0.0071	0.0126	0.0098	0.0161	0.0194	0.0159	0.0126	0.0092	0.0244	0.0053	0.0175	0.0192	0.0053	0.0196	0.0127	0.0235	0.0038	0.0090	0.0030	0.0151	0.0135	0.0079	0.0195	0.0169	0.0035	0.0111	0.0184	0.0065	0.0213	0.0210	0.0226	0.0111	0.0123	0.0205	0.0165	0.0102	0.0062	0.0011	0.0219	0.0225	0.0113	0.0131	0.0070	0.0127	0.0017	0.0005	0.0210	0.0153	0.0007	0.0111	0.0100	0.0010	0.0097	0.0185	0.0079	0.0222	0.0168	0.0132	0.0114	0.0113	0.0181	0.0058	0.0096	0.0025	0.0072	0.0075	0.0062	
0.0097	0.0016	0.0019	0.0145	0.0026	0.0135	0.0034	0.0029	0.0188	0.0014	0.0048	0.0175	0.0034	0.0100	0.0020	0.0046	0.0095	0.0065	0.0200	0.0257	0.0198	0.0119	0.0205	0.0176	0.0199	0.0112	0.0133	0.0039	0.0068	0.0043	0.0036	0.0070	0.0158	0.0164	0.0160	0.0169	0.0209	0.0261	0.0114	0.0109	0.0080	0.0204	0.0082	0.0212	0.0128	0.0226	0.0077	0.0200	0.0179	0.0002	0.0216	0.0207	0.0103	0.0082	0.0154	0.0284	0.0043	0.0091	0.0180	0.0144	0.0007	0.0276	0.0234	0.0204	0.0198	0.0253	0.0006	0.0075	0.0203	0.0066	0.0097	0.0119	0.0195	0.0081	0.0149	0.0006	0.0004	0.0204	0.0022	0.0219	
0.0040	0.0140	0.0113	0.0060	0.0054	0.0112	0.0216	0.0094	0.0055	0.0168	0.0119	0.0117	0.0254	0.0183	0.0117	0.0082	0.0188	0.0135	0.0015	0.0178	0.0208	0.0275	0.0003	0.0083	0.0179	0.0076	0.0245	0.0004	0.0165	0.0125	0.0204	0.0072	0.0065	0.0204	0.0110	0.0136	0.0085	0.0168	0.0164	0.0094	0.0251	0.0162	0.0021	0.0075	0.0206	0.0195	0.0139	0.0009	0.0193	0.0078	0.0048	0.0116	0.0217	0.0094	0.0061	0.0052	0.0101	0.0048	0.0103	0.0219	0.0106	0.0254	0.0208	0.0177	0.0167	0.0047	0.0052	0.0004	0.0101	0.0000	0.0288	0.0043	0.0003	0.0144	0.0159	0.0036	0.0212	0.0163	0.0107	0.0234	
0.0153	0.0220	0.0047	0.0074	0.0075	0.0129	0.0114	0.0248	0.0190	0.0055	0.0009	0.0054	0.0022	0.0177	0.0225	0.0021	0.0217	0.0078	0.0175	0.0181	0.0147	0.0169	0.0152	0.0210	0.0096	0.0250	0.0098	0.0066	0.0198	0.0022	0.0079	0.0209	0.0196	0.0170	0.0053	0.0174	0.0171	0.0117	0.0144	0.0048	0.0193	0.0092	0.0084	0.0062	0.0287	0.0172	0.0041	0.0080	0.0151	0.0168	0.0095	0.0159	0.0015	0.0190	0.0113	0.0015	0.0066	0.0106	0.0201	0.0079	0.0023	0.0049	0.0055	0.0133	0.0258	0.0059	0.0118	0.0106	0.0121	0.0073	0.0091	0.0068	0.0240	0.0120	0.0254	0.0037	0.0086	0.0104	0.0219	0.0182	
0.0222	0.0025	0.0149	0.0013	0.0190	0.0219	0.0192	0.0002	0.0038	0.0052	0.0111	0.0081	0.0181	0.0044	0.0023	0.0131	0.0037	0.0166	0.0078	0.0216	0.0090	0.0215	0.0223	0.0108	0.0079	0.0026	0.0247	0.0127	0.0240	0.0086	0.0176	0.0235	0.0127	0.0068	0.0148	0.0005	0.0139	0.0049	0.0284	0.0057	0.0144	0.0136	0.0069	0.0078	0.0225	0.0008	0.0147	0.0143	0.0094	0.0109	0.0284	0.0206	0.0023	0.0032	0.0105	0.0055	0.0047	0.0064	0.0164	0.0174	0.0208	0.0043	0.0064	0.0229	0.0117	0.0150	0.0186	0.0074	0.0181	0.0015	0.0330	0.0224	0.0201	0.0008	0.0061	0.0253	0.0102	0.0148	0.0138	0.0066	
0.0117	0.0042	0.0058	0.0088	0.0071	0.0017	0.0195	0.0086	0.0196	0.0081	0.0194	0.0082	0.0095	0.0059	0.0080	0.0076	0.0052	0.0092	0.0208	0.0091	0.0055	0.0079	0.0217	0.0072	0.0125	0.0227	0.0255	0.0010	0.0229	0.0130	0.0169	0.0153	0.0164	0.0118	0.0043	0.0192	0.0194	0.0239	0.0158	0.0078	0.0188	0.0117	0.0084	0.0101	0.0061	0.0156	0.0136	0.0105	0.0169	0.0213	0.0149	0.0264	0.0184	0.0036	0.0012	0.0055	0.0053	0.0239	0.0181	0.0075	0.0033	0.0215	0.0137	0.0105	0.0124	0.0043	0.0132	0.0175	0.0027	0.0113	0.0144	0.0080	0.0196	0.0119	0.0143	0.0205	0.0208	0.0112	0.0004	0.0218	
0.0085	0.0111	0.0077	0.0217	0.0198	0.0214	0.0204	0.0118	0.0093	0.0258	0.0114	0.0183	0.0229	0.0055	0.0047	0.0196	0.0186	0.0204	0.0210	0.0025	0.0247	0.0207	0.0080	0.0024	0.0103	0.0048	0.0038	0.0037	0.0129	0.0066	0.0060	0.0172	0.0201	0.0000	0.0249	0.0179	0.0078	0.0146	0.0139	0.0135	0.0056	0.0010	0.0071	0.0033	0.0018	0.0145	0.0084	0.0110	0.0062	0.0150	0.0210	0.0243	0.0138	0.0204	0.0245	0.0165	0.0010	0.0062	0.0102	0.0159	0.0129	0.0200	0.0020	0.0050	0.0152	0.0176	0.0181	0.0179	0.0074	0.0084	0.0165	0.0067	0.0093	0.0044	0.0182	0.0233	0.0095	0.0048	0.0003	0.0190	
0.0176	0.0155	0.0210	0.0203	0.0096	0.0093	0.0051	0.0011	0.0012	0.0083	0.0176	0.0028	0.0288	0.0198	0.0011	0.0121	0.0239	0.0030	0.0122	0.0091	0.0182	0.0128	0.0051	0.0197	0.0029	0.0123	0.0132	0.0081	0.0010	0.0010	0.0042	0.0205	0.0061	0.0175	0.0226	0.0021	0.0176	0.0059	0.0236	0.0073	0.0132	0.0235	0.0223	0.0006	0.0215	0.0105	0.0091	0.0125	0.0034	0.0095	0.0246	0.0081	0.0189	0.0160	0.0056	0.0086	0.0086	0.0039	0.0141	0.0215	0.0185	0.0221	0.0002	0.0003	0.0040	0.0211	0.0195	0.0058	0.0228	0.0211	0.0185	0.0167	0.0082	0.0039	0.0202	0.0189	0.0141	0.0049	0.0238	0.0182	
0.0039	0.0248	0.0049	0.0154	0.0020	0.0230	0.0021	0.0135	0.0109	0.0152	0.0171	0.0146	0.0136	0.0209	0.0112	0.0153	0.0204	0.0204	0.0211	0.0246	0.0155	0.0020	0.0145	0.0046	0.0176	0.0057	0.0261	0.0122	0.0213	0.0119	0.0168	0.0044	0.0041	0.0010	0.0187	0.0223	0.0138	0.0092	0.0247	0.0062	0.0190	0.0067	0.0175	0.0089	0.0061	0.0008	0.0039	0.0077	0.0157	0.0038	0.0212	0.0180	0.0081	0.0236	0.0024	0.0025	0.0070	0.0008	0.0194	0.0204	0.0189	0.0134	0.0196	0.0007	0.0201	0.0130	0.0103	0.0102	0.0055	0.0122	0.0013	0.0115	0.0230	0.0138	0.0052	0.0083	0.0071	0.0058	0.0225	0.0163	
0.0021	0.0209	0.0229	0.0176	0.0171	0.0019	0.0247	0.0042	0.0202	0.0201	0.0147	0.0151	0.0112	0.0020	0.0111	0.0052	0.0111	0.0171	0.0137	0.0221	0.0178	0.0222	0.0033	0.0017	0.0037	0.0077	0.0256	0.0151	0.0231	0.0222	0.0175	0.0022	0.0025	0.0067	0.0266	0.0065	0.0145	0.0046	0.0131	0.0170	0.0208	0.0099	0.0116	0.0163	0.0012	0.0156	0.0030	0.0207	0.0047	0.0266	0.0225	0.0173	0.0225	0.0057	0.0042	0.0138	0.0117	0.0235	0.0120	0.0087	0.0081	0.0041	0.0131	0.0053	0.0219	0.0154	0.0109	0.0028	0.0078	0.0035	0.0254	0.0076	0.0085	0.0203	0.0018	0.0081	0.0039	0.0127	0.0002	0.0178	
0.0048	0.0238	0.0130	0.0189	0.0224	0.0068	0.0095	0.0201	0.0034	0.0106	0.0175	0.0162	0.0156	0.0025	0.0104	0.0116	0.0197	0.0074	0.0188	0.0151	0.0277	0.0278	0.0140	0.0250	0.0086	0.0110	0.0061	0.0185	0.0032	0.0218	0.0049	0.0006	0.0188	0.0197	0.0028	0.0118	0.0116	0.0177	0.0075	0.0122	0.0025	0.0166	0.0208	0.0223	0.0112	0.0259	0.0177	0.0048	0.0077	0.0129	0.0096	0.0224	0.0191	0.0110	0.0212	0.0059	0.0063	0.0156	0.0091	0.0107	0.0006	0.0128	0.0214	0.0073	0.0041	0.0184	0.0179	0.0143	0.0002	0.0188	0.0006	0.0051	0.0020	0.0051	0.0109	0.0101	0.0010	0.0153	0.0119	0.0094	
0.0169	0.0271	0.0140	0.0142	0.0108	0.0112	0.0076	0.0099	0.0037	0.0242	0.0044	0.0204	0.0044	0.0187	0.0126	0.0152	0.0184	0.0147	0.0190	0.0205	0.0025	0.0015	0.0051	0.0086	0.0131	0.0037	0.0195	0.0103	0.0259	0.0084	0.0036	0.0161	0.0025	0.0024	0.0185	0.0009	0.0176	0.0054	0.0244	0.0164	0.0093	0.0114	0.0124	0.0026	0.0199	0.0026	0.0018	0.0053	0.0152	0.0200	0.0155	0.0111	0.0225	0.0170	0.0076	0.0192	0.0169	0.0074	0.0015	0.0073	0.0146	0.0226	0.0124	0.0189	0.0186	0.0129	0.0173	0.0012	0.0034	0.0105	0.0241	0.0125	0.0196	0.0244	0.0101	0.0174	0.0126	0.0026	0.0131	0.0104	
0.0021	0.0148	0.0200	0.0030	0.0178	0.0233	0.0191	0.0086	0.0164	0.0003	0.0065	0.0118	0.0035	0.0121	0.0019	0.0115	0.0209	0.0158	0.0092	0.0084	0.0090	0.0006	0.0024	0.0035	0.0287	0.0008	0.0202	0.0164	0.0080	0.0173	0.0034	0.0166	0.0175	0.0149	0.0071	0.0055	0.0215	0.0117	0.0040	0.0202	0.0212	0.0119	0.0051	0.0034	0.0063	0.0094	0.0094	0.0045	0.0238	0.0224	0.0193	0.0248	0.0214	0.0061	0.0033	0.0020	0.0076	0.0184	0.0025	0.0183	0.0025	0.0293	0.0036	0.0053	0.0215	0.0167	0.0160	0.0093	0.0081	0.0155	0.0200	0.0118	0.0134	0.0088	0.0128	0.0265	0.0190	0.0232	0.0227	0.0170	
0.0136	0.0114	0.0230	0.0096	0.0227	0.0085	0.0223	0.0130	0.0132	0.0041	0.0216	0.0060	0.0070	0.0106	0.0208	0.0206	0.0068	0.0007	0.0076	0.0180	0.0155	0.0274	0.0209	0.0009	0.0089	0.0031	0.0075	0.0087	0.0191	0.0056	0.0070	0.0104	0.0212	0.0112	0.0023	0.0179	0.0212	0.0185	0.0086	0.0124	0.0179	0.0063	0.0227	0.0049	0.0017	0.0077	0.0090	0.0023	0.0113	0.0187	0.0166	0.0203	0.0178	0.0046	0.0039	0.0170	0.0130	0.0251	0.0008	0.0200	0.0007	0.0145	0.0228	0.0078	0.0228	0.0106	0.0091	0.0173	0.0089	0.0042	0.0252	0.0126	0.0199	0.0190	0.0003	0.0079	0.0021	0.0177	0.0247	0.0008	
0.0168	0.0047	0.0191	0.0210	0.0130	0.0133	0.0166	0.0149	0.0061	0.0115	0.0030	0.0208	0.0183	0.0110	0.0106	0.0029	0.0087	0.0117	0.0074	0.0158	0.0243	0.0137	0.0167	0.0069	0.0197	0.0022	0.0005	0.0183	0.0043	0.0204	0.0118	0.0203	0.0207	0.0003	0.0243	0.0202	0.0128	0.0216	0.0200	0.0072	0.0157	0.0175	0.0112	0.0203	0.0015	0.0212	0.0179	0.0043	0.0055	0.0199	0.0217	0.0138	0.0085	0.0070	0.0027	0.0063	0.0093	0.0149	0.0019	0.0112	0.0104	0.0205	0.0122	0.0092	0.0219	0.0055	0.0005	0.0135	0.0115	0.0128	0.0130	0.0097	0.0185	0.0223	0.0001	0.0052	0.0007	0.0197	0.0052	0.0221	
0.0067	0.0214	0.0153	0.0070	0.0224	0.0263	0.0131	0.0156	0.0205	0.0194	0.0101	0.0003	0.0227	0.0064	0.0193	0.0201	0.0047	0.0014	0.0240	0.0212	0.0252	0.0030	0.0169	0.0149	0.0098	0.0106	0.0198	0.0087	0.0083	0.0230	0.0051	0.0146	0.0091	0.0046	0.0052	0.0179	0.0033	0.0056	0.0145	0.0215	0.0178	0.0098	0.0190	0.0191	0.0067	0.0119	0.0158	0.0111	0.0027	0.0040	0.0005	0.0261	0.0229	0.0097	0.0004	0.0048	0.0026	0.0021	0.0182	0.0118	0.0049	0.0038	0.0089	0.0002	0.0135	0.0203	0.0139	0.0133	0.0018	0.0031	0.0190	0.0224	0.0140	0.0250	0.0032	0.0136	0.0077	0.0232	0.0080	0.0236	
0.0161	0.0064	0.0065	0.0037	0.0215	0.0057	0.0165	0.0279	0.0046	0.0005	0.0164	0.0017	0.0103	0.0009	0.0163	0.0158	0.0006	0.0193	0.0065	0.0114	0.0242	0.0005	0.0103	0.0234	0.0114	0.0013	0.0091	0.0235	0.0075	0.0125	0.0249	0.0049	0.0194	0.0001	0.0149	0.0239	0.0197	0.0038	0.0039	0.0076	0.0026	0.0148	0.0131	0.0014	0.0171	0.0126	0.0197	0.0117	0.0056	0.0148	0.0135	0.0135	0.0164	0.0210	0.0009	0.0186	0.0214	0.0087	0.0141	0.0201	0.0189	0.0181	0.0183	0.0127	0.0044	0.0093	0.0081	0.0070	0.0092	0.0203	0.0154	0.0226	0.0196	0.0243	0.0093	0.0055	0.0146	0.0109	0.0103	0.0246	
0.0081	0.0228	0.0134	0.0157	0.0219	0.0080	0.0112	0.0204	0.0207	0.0213	0.0029	0.0118	0.0144	0.0068	0.0100	0.0073	0.0211	0.0170	0.0218	0.0040	0.0082	0.0083	0.0032	0.0115	0.0208	0.0153	0.0205	0.0154	0.0134	0.0198	0.0052	0.0105	0.0199	0.0189	0.0099	0.0216	0.0032	0.0010	0.0187	0.0177	0.0208	0.0103	0.0084	0.0111	0.0165	0.0029	0.0069	0.0067	0.0095	0.0010	0.0080	0.0201	0.0114	0.0055	0.0130	0.0019	0.0165	0.0037	0.0145	0.0069	0.0090	0.0185	0.0088	0.0029	0.0161	0.0152	0.0140	0.0136	0.0201	0.0118	0.0037	0.0190	0.0017	0.0013	0.0066	0.0210	0.0225	0.0164	0.0193	0.0190	
0.0100	0.0151	0.0068	0.0118	0.0124	0.0116	0.0251	0.0149	0.0061	0.0093	0.0031	0.0003	0.0067	0.0092	0.0096	0.0024	0.0014	0.0046	0.0194	0.0267	0.0133	0.0162	0.0113	0.0228	0.0252	0.0107	0.0208	0.0094	0.0262	0.0174	0.0025	0.0025	0.0075	0.0009	0.0257	0.0224	0.0115	0.0256	0.0189	0.0057	0.0193	0.0005	0.0099	0.0140	0.0114	0.0039	0.0153	0.0155	0.0173	0.0046	0.0202	0.0207	0.0245	0.0223	0.0086	0.0239	0.0026	0.0106	0.0125	0.0005	0.0162	0.0154	0.0192	0.0147	0.0059	0.0006	0.0157	0.0048	0.0116	0.0104	0.0189	0.0036	0.0134	0.0136	0.0073	0.0121	0.0035	0.0223	0.0101	0.0195	
0.0193	0.0016	0.0172	0.0182	0.0200	0.0086	0.0051	0.0110	0.0161	0.0025	0.0187	0.0015	0.0085	0.0142	0.0129	0.0036	0.0073	0.0183	0.0076	0.0108	0.0115	0.0101	0.0042	0.0041	0.0138	0.0147	0.0056	0.0069	0.0134	0.0203	0.0149	0.0052	0.0227	0.0187	0.0040	0.0148	0.0167	0.0224	0.0192	0.0191	0.0201	0.0050	0.0105	0.0090	0.0172	0.0136	0.0192	0.0191	0.0222	0.0034	0.0032	0.0079	0.0140	0.0231	0.0080	0.0121	0.0188	0.0145	0.0045	0.0049	0.0026	0.0228	0.0240	0.0203	0.0105	0.0137	0.0015	0.0109	0.0112	0.0194	0.0106	0.0089	0.0022	0.0100	0.0145	0.0060	0.0213	0.0191	0.0108	0.0238	
0.0245	0.0114	0.0086	0.0096	0.0183	0.0120	0.0183	0.0005	0.0097	0.0233	0.0188	0.0038	0.0189	0.0120	0.0197	0.0186	0.0052	0.0125	0.0233	0.0047	0.0159	0.0097	0.0110	0.0003	0.0233	0.0171	0.0082	0.0026	0.0098	0.0021	0.0112	0.0020	0.0032	0.0049	0.0131	0.0223	0.0123	0.0223	0.0070	0.0020	0.0273	0.0016	0.0006	0.0197	0.0050	0.0082	0.0149	0.0123	0.0191	0.0191	0.0003	0.0124	0.0270	0.0084	0.0185	0.0199	0.0196	0.0093	0.0125	0.0273	0.0027	0.0188	0.0210	0.0119	0.0040	0.0204	0.0004	0.0100	0.0038	0.0173	0.0149	0.0128	0.0079	0.0220	0.0060	0.0140	0.0066	0.0146	0.0207	0.0134	
0.0005	0.0228	0.0131	0.0172	0.0018	0.0053	0.0061	0.0230	0.0185	0.0280	0.0256	0.0048	0.0317	0.0064	0.0269	0.0106	0.0099	0.0169	0.0193	0.0178	0.0076	0.0079	0.0114	0.0211	0.0116	0.0104	0.0017	0.0004	0.0012	0.0019	0.0073	0.0098	0.0155	0.0032	0.0321	0.0140	0.0008	0.0033	0.0124	0.0000	0.0142	0.0057	0.0204	0.0094	0.0042	0.0060	0.0184	0.0023	0.0248	0.0256	0.0028	0.0223	0.0304	0.0066	0.0098	0.0276	0.0072	0.0252	0.0052	0.0208	0.0027	0.0067	0.0255	0.0183	0.0172	0.0159	0.0157	0.0205	0.0078	0.0125	0.0128	0.0066	0.0076	0.0189	0.0032	0.0015	0.0142	0.0020	0.0159	0.0055	
0.0169	0.0264	0.0036	0.0040	0.0244	0.0167	0.0094	0.0082	0.0190	0.0047	0.0043	0.0052	0.0247	0.0157	0.0214	0.0060	0.0090	0.0019	0.0191	0.0167	0.0167	0.0231	0.0208	0.0085	0.0143	0.0198	0.0112	0.0073	0.0031	0.0064	0.0072	0.0054	0.0068	0.0012	0.0000	0.0037	0.0010	0.0171	0.0202	0.0223	0.0039	0.0077	0.0004	0.0027	0.0096	0.0035	0.0097	0.0134	0.0184	0.0219	0.0175	0.0112	0.0085	0.0234	0.0173	0.0248	0.0035	0.0220	0.0133	0.0034	0.0045	0.0011	0.0063	0.0134	0.0225	0.0257	0.0214	0.0181	0.0161	0.0164	0.0061	0.0169	0.0100	0.0201	0.0118	0.0080	0.0199	0.0183	0.0237	0.0105	
0.0103	0.0230	0.0136	0.0062	0.0138	0.0248	0.0218	0.0096	0.0103	0.0038	0.0266	0.0050	0.0005	0.0134	0.0177	0.0027	0.0011	0.0105	0.0061	0.0112	0.0061	0.0157	0.0227	0.0260	0.0169	0.0237	0.0006	0.0117	0.0120	0.0081	0.0012	0.0112	0.0209	0.0059	0.0180	0.0099	0.0099	0.0243	0.0006	0.0225	0.0014	0.0146	0.0096	0.0134	0.0205	0.0244	0.0177	0.0179	0.0002	0.0095	0.0070	0.0108	0.0125	0.0132	0.0052	0.0257	0.0206	0.0164	0.0118	0.0152	0.0192	0.0101	0.0257	0.0032	0.0024	0.0140	0.0080	0.0161	0.0218	0.0088	0.0188	0.0015	0.0114	0.0062	0.0090	0.0177	0.0044	0.0106	0.0058	0.0181	
0.0061	0.0056	0.0120	0.0009	0.0010	0.0180	0.0231	0.0078	0.0011	0.0203	0.0120	0.0193	0.0106	0.0096	0.0026	0.0165	0.0139	0.0055	0.0110	0.0055	0.0182	0.0253	0.0224	0.0154	0.0184	0.0047	0.0256	0.0052	0.0046	0.0139	0.0177	0.0121	0.0088	0.0223	0.0090	0.0172	0.0186	0.0236	0.0030	0.0096	0.0152	0.0005	0.0172	0.0031	0.0235	0.0201	0.0162	0.0219	0.0030	0.0166	0.0022	0.0255	0.0248	0.0003	0.0003	0.0093	0.0063	0.0239	0.0064	0.0209	0.0153	0.0194	0.0041	0.0116	0.0008	0.0247	0.0105	0.0092	0.0018	0.0095	0.0237	0.0145	0.0033	0.0001	0.0148	0.0164	0.0049	0.0201	0.0166	0.0237	
0.0122	0.0280	0.0024	0.0111	0.0102	0.0233	0.0125	0.0073	0.0171	0.0001	0.0090	0.0191	0.0159	0.0053	0.0160	0.0173	0.0181	0.0042	0.0021	0.0247	0.0098	0.0067	0.0219	0.0173	0.0221	0.0094	0.0237	0.0167	0.0105	0.0099	0.0027	0.0112	0.0052	0.0083	0.0094	0.0179	0.0120	0.0194	0.0020	0.0044	0.0118	0.0031	0.0101	0.0016	0.0015	0.0253	0.0005	0.0168	0.0063	0.0174	0.0184	0.0279	0.0188	0.0171	0.0174	0.0086	0.0011	0.0108	0.0111	0.0001	0.0199	0.0166	0.0256	0.0121	0.0203	0.0235	0.0125	0.0038	0.0197	0.0003	0.0085	0.0036	0.0031	0.0199	0.0106	0.0061	0.0161	0.0192	0.0141	0.0224	
0.0115	0.0300	0.0184	0.0177	0.0171	0.0045	0.0212	0.0140	0.0202	0.0016	0.0189	0.0043	0.0005	0.0017	0.0066	0.0232	0.0035	0.0253	0.0058	0.0053	0.0083	0.0265	0.0257	0.0074	0.0151	0.0155	0.0276	0.0197	0.0066	0.0104	0.0143	0.0058	0.0220	0.0194	0.0188	0.0015	0.0215	0.0108	0.0300	0.0178	0.0038	0.0038	0.0097	0.0245	0.0100	0.0029	0.0045	0.0017	0.0169	0.0169	0.0028	0.0241	0.0196	0.0122	0.0212	0.0202	0.0000	0.0133	0.0032	0.0012	0.0069	0.0303	0.0102	0.0131	0.0142	0.0137	0.0082	0.0066	0.0130	0.0044	0.0016	0.0195	0.0012	0.0131	0.0013	0.0040	0.0122	0.0016	0.0254	0.0115	
0.0092	0.0209	0.0054	0.0142	0.0058	0.0208	0.0133	0.0093	0.0017	0.0252	0.0012	0.0087	0.0055	0.0197	0.0100	0.0047	0.0186	0.0202	0.0094	0.0226	0.0211	0.0236	0.0138	0.0102	0.0139	0.0070	0.0185	0.0036	0.0101	0.0134	0.0037	0.0225	0.0128	0.0168	0.0162	0.0122	0.0144	0.0181	0.0065	0.0154	0.0221	0.0242	0.0047	0.0121	0.0036	0.0157	0.0134	0.0034	0.0005	0.0200	0.0085	0.0148	0.0168	0.0232	0.0168	0.0140	0.0046	0.0210	0.0008	0.0226	0.0014	0.0102	0.0006	0.0118	0.0200	0.0026	0.0176	0.0095	0.0057	0.0197	0.0145	0.0012	0.0161	0.0163	0.0004	0.0214	0.0164	0.0018	0.0063	0.0232	
0.0204	0.0190	0.0040	0.0148	0.0052	0.0206	0.0075	0.0148	0.0024	0.0039	0.0078	0.0213	0.0213	0.0073	0.0172	0.0128	0.0238	0.0175	0.0199	0.0013	0.0278	0.0039	0.0255	0.0016	0.0099	0.0077	0.0309	0.0001	0.0311	0.0247	0.0212	0.0039	0.0147	0.0033	0.0075	0.0156	0.0058	0.0164	0.0120	0.0051	0.0260	0.0078	0.0091	0.0036	0.0188	0.0217	0.0090	0.0087	0.0006	0.0144	0.0281	0.0010	0.0119	0.0062	0.0030	0.0216	0.0155	0.0030	0.0047	0.0262	0.0170	0.0091	0.0191	0.0085	0.0083	0.0041	0.0064	0.0129	0.0019	0.0030	0.0097	0.0099	0.0085	0.0134	0.0053	0.0189	0.0209	0.0216	0.0104	0.0186	
0.0244	0.0158	0.0208	0.0103	0.0206	0.0236	0.0191	0.0065	0.0007	0.0174	0.0191	0.0030	0.0064	0.0090	0.0122	0.0098	0.0119	0.0011	0.0175	0.0147	0.0115	0.0226	0.0071	0.0225	0.0073	0.0103	0.0231	0.0151	0.0005	0.0125	0.0154	0.0198	0.0146	0.0114	0.0302	0.0033	0.0060	0.0057	0.0123	0.0089	0.0105	0.0285	0.0093	0.0103	0.0057	0.0039	0.0028	0.0171	0.0251	0.0146	0.0215	0.0190	0.0268	0.0209	0.0075	0.0037	0.0050	0.0024	0.0036	0.0087	0.0015	0.0270	0.0091	0.0135	0.0169	0.0287	0.0073	0.0135	0.0097	0.0061	0.0104	0.0081	0.0128	0.0079	0.0037	0.0131	0.0058	0.0178	0.0133	0.0030	
0.0102	0.0258	0.0221	0.0097	0.0134	0.0049	0.0235	0.0193	0.0067	0.0259	0.0208	0.0040	0.0242	0.0021	0.0104	0.0104	0.0124	0.0207	0.0163	0.0082	0.0209	0.0130	0.0095	0.0153	0.0095	0.0114	0.0026	0.0108	0.0168	0.0193	0.0165	0.0106	0.0111	0.0014	0.0304	0.0048	0.0200	0.0310	0.0284	0.0117	0.0018	0.0135	0.0069	0.0143	0.0112	0.0040	0.0102	0.0111	0.0250	0.0157	0.0221	0.0086	0.0035	0.0080	0.0129	0.0308	0.0100	0.0097	0.0014	0.0006	0.0018	0.0110	0.0093	0.0163	0.0011	0.0128	0.0136	0.0190	0.0031	0.0041	0.0231	0.0130	0.0224	0.0027	0.0051	0.0080	0.0021	0.0180	0.0014	0.0047	
0.0012	0.0165	0.0158	0.0249	0.0214	0.0152	0.0082	0.0050	0.0147	0.0006	0.0178	0.0115	0.0242	0.0227	0.0125	0.0167	0.0028	0.0171	0.0142	0.0020	0.0137	0.0163	0.0096	0.0188	0.0276	0.0058	0.0093	0.0001	0.0018	0.0032	0.0199	0.0184	0.0081	0.0209	0.0285	0.0137	0.0158	0.0103	0.0230	0.0117	0.0033	0.0131	0.0058	0.0030	0.0139	0.0051	0.0193	0.0002	0.0156	0.0131	0.0044	0.0104	0.0062	0.0260	0.0221	0.0150	0.0044	0.0258	0.0210	0.0159	0.0047	0.0094	0.0041	0.0134	0.0045	0.0270	0.0032	0.0218	0.0000	0.0205	0.0015	0.0173	0.0246	0.0008	0.0230	0.0003	0.0076	0.0066	0.0037	0.0210	
0.0100	0.0087	0.0093	0.0141	0.0235	0.0135	0.0123	0.0091	0.0032	0.0131	0.0088	0.0165	0.0112	0.0043	0.0074	0.0215	0.0080	0.0175	0.0261	0.0158	0.0012	0.0228	0.0002	0.0163	0.0122	0.0103	0.0107	0.0043	0.0010	0.0200	0.0048	0.0240	0.0204	0.0051	0.0039	0.0243	0.0201	0.0143	0.0183	0.0162	0.0121	0.0212	0.0229	0.0136	0.0190	0.0082	0.0106	0.0172	0.0163	0.0038	0.0197	0.0174	0.0083	0.0137	0.0205	0.0187	0.0071	0.0223	0.0017	0.0137	0.0017	0.0087	0.0086	0.0085	0.0083	0.0098	0.0205	0.0033	0.0008	0.0096	0.0253	0.0173	0.0030	0.0066	0.0033	0.0068	0.0241	0.0135	0.0246	0.0035	
0.0002	0.0177	0.0111	0.0217	0.0005	0.0163	0.0155	0.0059	0.0092	0.0136	0.0144	0.0029	0.0130	0.0013	0.0148	0.0029	0.0105	0.0102	0.0050	0.0077	0.0130	0.0067	0.0186	0.0073	0.0070	0.0227	0.0147	0.0013	0.0114	0.0131	0.0159	0.0196	0.0193	0.0217	0.0154	0.0113	0.0194	0.0130	0.0107	0.0156	0.0211	0.0174	0.0154	0.0132	0.0194	0.0223	0.0044	0.0010	0.0166	0.0244	0.0193	0.0127	0.0079	0.0168	0.0197	0.0232	0.0190	0.0050	0.0133	0.0005	0.0016	0.0164	0.0229	0.0235	0.0182	0.0218	0.0058	0.0118	0.0123	0.0032	0.0094	0.0007	0.0018	0.0115	0.0119	0.0232	0.0121	0.0047	0.0107	0.0117	
0.0176	0.0127	0.0097	0.0105	0.0170	0.0075	0.0119	0.0048	0.0067	0.0208	0.0143	0.0139	0.0228	0.0081	0.0149	0.0053	0.0183	0.0189	0.0211	0.0014	0.0144	0.0183	0.0117	0.0123	0.0175	0.0182	0.0101	0.0167	0.0035	0.0214	0.0060	0.0168	0.0179	0.0036	0.0058	0.0162	0.0026	0.0102	0.0060	0.0102	0.0068	0.0017	0.0059	0.0188	0.0158	0.0161	0.0053	0.0150	0.0181	0.0074	0.0026	0.0203	0.0100	0.0090	0.0252	0.0043	0.0204	0.0250	0.0141	0.0240	0.0184	0.0193	0.0021	0.0108	0.0131	0.0213	0.0190	0.0129	0.0034	0.0012	0.0027	0.0078	0.0151	0.0080	0.0184	0.0117	0.0101	0.0188	0.0221	0.0007	
0.0137	0.0187	0.0002	0.0214	0.0187	0.0143	0.0077	0.0089	0.0040	0.0017	0.0170	0.0042	0.0181	0.0055	0.0149	0.0124	0.0234	0.0169	0.0063	0.0205	0.0225	0.0165	0.0149	0.0199	0.0061	0.0175	0.0046	0.0016	0.0167	0.0143	0.0176	0.0051	0.0024	0.0179	0.0132	0.0056	0.0176	0.0077	0.0227	0.0001	0.0165	0.0144	0.0112	0.0022	0.0102	0.0271	0.0177	0.0083	0.0199	0.0061	0.0115	0.0181	0.0141	0.0031	0.0072	0.0283	0.0024	0.0068	0.0140	0.0261	0.0086	0.0065	0.0221	0.0161	0.0079	0.0134	0.0015	0.0223	0.0192	0.0079	0.0260	0.0170	0.0241	0.0063	0.0043	0.0079	0.0025	0.0125	0.0087	0.0073	
0.0016	0.0221	0.0073	0.0087	0.0023	0.0025	0.0174	0.0206	0.0094	0.0140	0.0027	0.0101	0.0162	0.0177	0.0156	0.0069	0.0152	0.0174	0.0176	0.0244	0.0233	0.0198	0.0139	0.0097	0.0106	0.0157	0.0204	0.0047	0.0244	0.0236	0.0172	0.0144	0.0200	0.0071	0.0256	0.0129	0.0202	0.0121	0.0146	0.0045	0.0204	0.0021	0.0099	0.0061	0.0056	0.0117	0.0014	0.0025	0.0150	0.0198	0.0136	0.0070	0.0194	0.0105	0.0124	0.0101	0.0050	0.0226	0.0202	0.0093	0.0084	0.0136	0.0015	0.0130	0.0159	0.0139	0.0110	0.0070	0.0209	0.0023	0.0141	0.0063	0.0069	0.0130	0.0042	0.0206	0.0053	0.0072	0.0032	0.0230	
0.0151	0.0166	0.0145	0.0026	0.0088	0.0159	0.0211	0.0113	0.0187	0.0153	0.0072	0.0207	0.0120	0.0038	0.0188	0.0064	0.0005	0.0214	0.0145	0.0196	0.0253	0.0205	0.0043	0.0121	0.0096	0.0062	0.0263	0.0030	0.0061	0.0165	0.0023	0.0224	0.0182	0.0000	0.0193	0.0201	0.0170	0.0249	0.0046	0.0022	0.0157	0.0006	0.0098	0.0091	0.0206	0.0131	0.0200	0.0026	0.0166	0.0218	0.0198	0.0080	0.0189	0.0094	0.0027	0.0272	0.0086	0.0047	0.0139	0.0026	0.0127	0.0212	0.0075	0.0060	0.0113	0.0090	0.0029	0.0085	0.0109	0.0011	0.0141	0.0016	0.0200	0.0114	0.0034	0.0228	0.0069	0.0197	0.0156	0.0218	
0.0092	0.0216	0.0091	0.0069	0.0195	0.0211	0.0046	0.0079	0.0158	0.0200	0.0080	0.0130	0.0047	0.0011	0.0109	0.0150	0.0139	0.0030	0.0195	0.0120	0.0094	0.0115	0.0142	0.0157	0.0114	0.0137	0.0137	0.0042	0.0059	0.0058	0.0120	0.0131	0.0112	0.0178	0.0196	0.0175	0.0063	0.0276	0.0105	0.0117	0.0037	0.0187	0.0100	0.0156	0.0145	0.0232	0.0178	0.0143	0.0229	0.0069	0.0027	0.0033	0.0229	0.0034	0.0137	0.0275	0.0033	0.0173	0.0163	0.0042	0.0062	0.0272	0.0047	0.0151	0.0024	0.0200	0.0013	0.0060	0.0072	0.0115	0.0162	0.0138	0.0159	0.0058	0.0068	0.0162	0.0181	0.0200	0.0213	0.0127	
0.0216	0.0222	0.0068	0.0240	0.0032	0.0153	0.0186	0.0097	0.0088	0.0217	0.0152	0.0128	0.0028	0.0054	0.0084	0.0044	0.0129	0.0212	0.0158	0.0261	0.0226	0.0162	0.0099	0.0070	0.0220	0.0090	0.0113	0.0133	0.0227	0.0232	0.0015	0.0064	0.0202	0.0069	0.0108	0.0151	0.0164	0.0078	0.0156	0.0136	0.0010	0.0191	0.0221	0.0157	0.0034	0.0003	0.0156	0.0123	0.0251	0.0041	0.0032	0.0009	0.0093	0.0007	0.0243	0.0083	0.0087	0.0006	0.0034	0.0204	0.0033	0.0034	0.0171	0.0142	0.0176	0.0095	0.0162	0.0188	0.0217	0.0164	0.0163	0.0062	0.0086	0.0003	0.0220	0.0033	0.0154	0.0196	0.0031	0.0199	
0.0153	0.0235	0.0134	0.0140	0.0154	0.0009	0.0197	0.0159	0.0086	0.0025	0.0040	0.0127	0.0027	0.0153	0.0093	0.0192	0.0010	0.0084	0.0219	0.0197	0.0085	0.0225	0.0140	0.0041	0.0158	0.0182	0.0186	0.0054	0.0034	0.0175	0.0135	0.0135	0.0184	0.0077	0.0012	0.0070	0.0083	0.0252	0.0225	0.0118	0.0103	0.0233	0.0071	0.0169	0.0132	0.0208	0.0032	0.0103	0.0121	0.0214	0.0017	0.0058	0.0202	0.0069	0.0121	0.0249	0.0038	0.0118	0.0161	0.0200	0.0063	0.0165	0.0161	0.0161	0.0098	0.0133	0.0138	0.0124	0.0153	0.0028	0.0142	0.0014	0.0130	0.0065	0.0078	0.0104	0.0107	0.0192	0.0131	0.0188	
0.0150	0.0033	0.0172	0.0037	0.0148	0.0106	0.0177	0.0138	0.0212	0.0038	0.0018	0.0217	0.0256	0.0215	0.0069	0.0192	0.0057	0.0132	0.0085	0.0010	0.0025	0.0112	0.0189	0.0092	0.0122	0.0228	0.0152	0.0122	0.0240	0.0014	0.0096	0.0078	0.0221	0.0045	0.0046	0.0049	0.0189	0.0115	0.0035	0.0225	0.0196	0.0039	0.0189	0.0140	0.0025	0.0122	0.0023	0.0138	0.0222	0.0132	0.0039	0.0219	0.0127	0.0123	0.0170	0.0058	0.0070	0.0092	0.0139	0.0152	0.0176	0.0056	0.0159	0.0187	0.0182	0.0180	0.0002	0.0172	0.0177	0.0022	0.0242	0.0171	0.0111	0.0085	0.0058	0.0225	0.0154	0.0061	0.0067	0.0238	

Emissions
0.2899	0.0124	0.2309	0.1335	0.3333	
0.0858	0.3022	0.1275	0.1026	0.3819	
0.2158	0.2210	0.3321	0.1443	0.0868	
0.1127	0.2168	0.3182	0.1997	0.1525	
0.1167	0.1236	0.2980	0.2424	0.2193	
0.1320	0.2652	0.0809	0.0981	0.4238	
0.1726	0.0408	0.0466	0.2565	0.4835	
0.1633	0.3316	0.1031	0.2755	0.1264	
0.3212	0.2442	0.1129	0.2719	0.0498	
0.1021	0.3313	0.2871	0.0385	0.2409	
0.0921	0.3213	0.1535	0.2400	0.1931	
0.2028	0.0755	0.2787	0.2759	0.1670	
0.0245	0.4052	0.0762	0.3010	0.1931	
0.2180	0.2086	0.0739	0.2628	0.2367	
0.1910	0.1129	0.3472	0.1552	0.1937	
0.2095	0.5217	0.0321	0.1989	0.0378	
0.2608	0.3137	0.0017	0.2766	0.1473	
0.2797	0.4481	0.0942	0.0952	0.0828	
0.1825	0.4371	0.1715	0.1526	0.0563	
0.0759	0.2591	0.2885	0.1422	0.2343	
0.0314	0.3255	0.0653	0.2061	0.3716	
0.0287	0.3250	0.2785	0.1127	0.2550	
0.2202	0.0458	0.0013	0.2897	0.4430	
0.1438	0.3022	0.2155	0.1100	0.2284	
0.0616	0.0965	0.3656	0.2162	0.2601	
0.2080	0.4024	0.1863	0.1214	0.0820	
0.0927	0.1601	0.2276	0.0711	0.4484	
0.3394	0.1685	0.1192	0.3136	0.0594	
0.0120	0.3490	0.2479	0.2030	0.1882	
0.1245	0.3510	0.2166	0.1418	0.1661	
0.2074	0.3656	0.0897	0.2861	0.0513	
0.2066	0.2417	0.1368	0.2153	0.1997	
0.2093	0.2735	0.3061	0.1967	0.0144	
0.0970	0.2214	0.3196	0.3266	0.0355	
0.0611	0.2120	0.3626	0.0555	0.3088	
0.2221	0.4008	0.1426	0.0935	0.1411	
0.2772	0.0276	0.3172	0.2415	0.1366	
0.1513	0.0560	0.3036	0.0298	0.4593	
0.0101	0.3238	0.1099	0.2045	0.3518	
0.2878	0.1914	0.1573	0.2810	0.0824	
0.0362	0.1647	0.4334	0.1702	0.1955	
0.1340	0.0778	0.0542	0.2174	0.5167	
0.1358	0.3801	0.1998	0.2754	0.0090	
0.1042	0.2098	0.2633	0.2884	0.1342	
0.0429	0.3586	0.2810	0.2976	0.0200	
0.0890	0.0156	0.3518	0.1029	0.4406	
0.0182	0.1402	0.3046	0.4255	0.1115	
0.3070	0.1120	0.2476	0.2168	0.1166	
0.2621	0.0284	0.2473	0.1613	0.3009	
0.1086	0.1956	0.2546	0.2265	0.2147	
0.1118	0.4408	0.2764	0.1294	0.0415	
0.1616	0.3230	0.0389	0.1493	0.3272	
0.0754	0.0975	0.3095	0.2076	0.3100	
0.0939	0.0224	0.3003	0.2645	0.3190	
0.0386	0.0219	0.1169	0.1985	0.6241	
0.0527	0.1904	0.2220	0.1301	0.4049	
0.3246	0.1653	0.0195	0.2938	0.1968	
0.1101	0.3048	0.0919	0.2835	0.2097	
0.2959	0.0368	0.4857	0.1760	0.0056	
0.0872	0.1754	0.3493	0.1830	0.2050	
0.2418	0.0187	0.1673	0.2903	0.2819	
0.0464	0.1783	0.3060	0.0992	0.3701	
0.0659	0.1423	0.2795	0.2303	0.2820	
0.2803	0.0817	0.4094	0.0221	0.2065	
0.1267	0.3088	0.1922	0.2239	0.1484	
0.0319	0.0307	0.4071	0.2269	0.3034	
0.1789	0.2151	0.3165	0.2471	0.0424	
0.3807	0.0545	0.2598	0.2057	0.0993	
0.2320	0.2438	0.2344	0.2154	0.0745	
0.2931	0.1820	0.0817	0.3396	0.1035	
0.0378	0.2174	0.2737	0.0461	0.4251	
0.2159	0.2039	0.1647	0.3320	0.0836	
0.0409	0.3858	0.1584	0.2735	0.1415	
0.2697	0.2420	0.0236	0.2397	0.2249	
0.2610	0.2430	0.1154	0.2467	0.1339	
0.1558	0.3114	0.2044	0.0898	0.2385	
0.2795	0.3908	0.0921	0.1454	0.0922	
0.0914	0.2797	0.2110	0.3019	0.1160	
0.1338	0.4039	0.2768	0.0976	0.0879	
0.1112	0.2934	0.0066	0.3304	0.2584	
