DataSet 43
Learner: Baum Welch Learner
Log Likelihood: 39196.4443638293

Number of States: 80
Number of Symbols: 5
Threshold: 0.01

Initial Distribution:
0.0078	0.0061	0.0071	0.0082	0.0128	0.0161	0.0054	0.0189	0.0145	0.0280	0.0076	0.0030	0.0116	0.0018	0.0230	0.0046	0.0120	0.0068	0.0024	0.0158	0.0195	0.0099	0.0271	0.0087	0.0100	0.0247	0.0227	0.0085	0.0121	0.0037	0.0038	0.0149	0.0193	0.0003	0.0158	0.0110	0.0049	0.0057	0.0117	0.0497	0.0008	0.0078	0.0086	0.0081	0.0129	0.0183	0.0005	0.0171	0.0051	0.0095	0.0168	0.0156	0.0097	0.0079	0.0315	0.0387	0.0050	0.0004	0.0001	0.0399	0.0017	0.0271	0.0263	0.0032	0.0057	0.0173	0.0083	0.0116	0.0104	0.0143	0.0022	0.0100	0.0166	0.0042	0.0273	0.0033	0.0059	0.0131	0.0227	0.0173	

Transitions:
0.0260	0.0271	0.0031	0.0097	0.0242	0.0157	0.0006	0.0161	0.0037	0.0219	0.0011	0.0035	0.0065	0.0205	0.0217	0.0036	0.0156	0.0067	0.0003	0.0025	0.0147	0.0158	0.0157	0.0189	0.0036	0.0035	0.0250	0.0165	0.0136	0.0182	0.0142	0.0173	0.0067	0.0130	0.0034	0.0034	0.0219	0.0148	0.0073	0.0181	0.0148	0.0179	0.0106	0.0133	0.0096	0.0243	0.0029	0.0012	0.0084	0.0185	0.0156	0.0230	0.0205	0.0228	0.0010	0.0078	0.0103	0.0101	0.0049	0.0183	0.0175	0.0129	0.0029	0.0139	0.0093	0.0105	0.0237	0.0204	0.0151	0.0192	0.0083	0.0029	0.0289	0.0092	0.0154	0.0203	0.0047	0.0007	0.0090	0.0038	
0.0005	0.0250	0.0042	0.0220	0.0006	0.0163	0.0231	0.0124	0.0097	0.0183	0.0172	0.0118	0.0090	0.0142	0.0009	0.0000	0.0130	0.0210	0.0043	0.0288	0.0026	0.0097	0.0118	0.0170	0.0097	0.0143	0.0244	0.0108	0.0039	0.0045	0.0043	0.0094	0.0010	0.0009	0.0193	0.0206	0.0091	0.0098	0.0126	0.0180	0.0137	0.0109	0.0100	0.0197	0.0241	0.0217	0.0224	0.0135	0.0060	0.0142	0.0088	0.0074	0.0252	0.0116	0.0013	0.0155	0.0122	0.0129	0.0098	0.0117	0.0172	0.0144	0.0087	0.0066	0.0163	0.0096	0.0098	0.0074	0.0192	0.0065	0.0166	0.0046	0.0105	0.0120	0.0123	0.0164	0.0268	0.0167	0.0176	0.0121	
0.0192	0.0115	0.0023	0.0143	0.0175	0.0182	0.0107	0.0165	0.0218	0.0011	0.0068	0.0205	0.0250	0.0229	0.0014	0.0210	0.0007	0.0021	0.0040	0.0149	0.0127	0.0124	0.0171	0.0005	0.0207	0.0050	0.0221	0.0122	0.0201	0.0081	0.0149	0.0194	0.0181	0.0195	0.0186	0.0052	0.0108	0.0208	0.0097	0.0203	0.0229	0.0188	0.0072	0.0157	0.0208	0.0174	0.0044	0.0096	0.0068	0.0137	0.0146	0.0174	0.0101	0.0035	0.0222	0.0054	0.0181	0.0015	0.0151	0.0129	0.0216	0.0013	0.0154	0.0136	0.0075	0.0118	0.0021	0.0023	0.0043	0.0201	0.0088	0.0059	0.0164	0.0101	0.0149	0.0146	0.0048	0.0203	0.0022	0.0034	
0.0257	0.0140	0.0019	0.0078	0.0194	0.0233	0.0084	0.0122	0.0181	0.0098	0.0093	0.0111	0.0043	0.0212	0.0189	0.0225	0.0248	0.0178	0.0095	0.0111	0.0163	0.0026	0.0041	0.0124	0.0038	0.0104	0.0052	0.0012	0.0126	0.0066	0.0012	0.0218	0.0261	0.0136	0.0138	0.0093	0.0239	0.0105	0.0251	0.0084	0.0035	0.0112	0.0063	0.0157	0.0093	0.0217	0.0019	0.0213	0.0113	0.0166	0.0164	0.0123	0.0157	0.0187	0.0094	0.0160	0.0098	0.0159	0.0032	0.0051	0.0136	0.0077	0.0039	0.0167	0.0119	0.0114	0.0100	0.0175	0.0064	0.0100	0.0217	0.0129	0.0189	0.0237	0.0063	0.0059	0.0201	0.0135	0.0027	0.0040	
0.0102	0.0117	0.0136	0.0178	0.0124	0.0142	0.0080	0.0058	0.0002	0.0133	0.0004	0.0117	0.0079	0.0173	0.0194	0.0216	0.0067	0.0137	0.0042	0.0243	0.0138	0.0103	0.0127	0.0021	0.0208	0.0051	0.0181	0.0155	0.0106	0.0063	0.0011	0.0217	0.0120	0.0265	0.0213	0.0048	0.0199	0.0132	0.0046	0.0186	0.0056	0.0047	0.0188	0.0131	0.0100	0.0092	0.0078	0.0018	0.0012	0.0102	0.0206	0.0064	0.0098	0.0077	0.0130	0.0001	0.0242	0.0111	0.0177	0.0053	0.0180	0.0180	0.0191	0.0197	0.0155	0.0033	0.0226	0.0084	0.0180	0.0151	0.0242	0.0191	0.0107	0.0063	0.0147	0.0080	0.0171	0.0240	0.0153	0.0112	
0.0275	0.0205	0.0160	0.0263	0.0088	0.0244	0.0128	0.0034	0.0069	0.0159	0.0065	0.0129	0.0224	0.0254	0.0035	0.0131	0.0088	0.0270	0.0239	0.0089	0.0116	0.0302	0.0065	0.0106	0.0114	0.0047	0.0233	0.0025	0.0188	0.0098	0.0111	0.0282	0.0238	0.0068	0.0085	0.0032	0.0069	0.0256	0.0161	0.0152	0.0190	0.0235	0.0010	0.0240	0.0099	0.0136	0.0001	0.0151	0.0018	0.0048	0.0010	0.0211	0.0002	0.0115	0.0018	0.0001	0.0134	0.0043	0.0122	0.0019	0.0204	0.0113	0.0138	0.0009	0.0146	0.0063	0.0154	0.0163	0.0154	0.0006	0.0047	0.0100	0.0112	0.0012	0.0161	0.0175	0.0234	0.0097	0.0002	0.0213	
0.0050	0.0116	0.0003	0.0109	0.0078	0.0180	0.0230	0.0073	0.0025	0.0057	0.0161	0.0042	0.0131	0.0115	0.0002	0.0056	0.0073	0.0001	0.0101	0.0029	0.0233	0.0134	0.0219	0.0016	0.0013	0.0166	0.0097	0.0237	0.0211	0.0158	0.0036	0.0030	0.0035	0.0177	0.0230	0.0125	0.0111	0.0039	0.0242	0.0159	0.0094	0.0072	0.0142	0.0069	0.0083	0.0006	0.0335	0.0297	0.0007	0.0098	0.0078	0.0244	0.0337	0.0276	0.0207	0.0129	0.0159	0.0325	0.0092	0.0123	0.0045	0.0002	0.0169	0.0188	0.0057	0.0122	0.0005	0.0260	0.0133	0.0119	0.0214	0.0029	0.0059	0.0125	0.0185	0.0188	0.0240	0.0185	0.0193	0.0007	
0.0180	0.0117	0.0288	0.0060	0.0034	0.0070	0.0044	0.0040	0.0131	0.0033	0.0262	0.0147	0.0212	0.0052	0.0195	0.0094	0.0151	0.0258	0.0016	0.0214	0.0001	0.0312	0.0104	0.0138	0.0170	0.0058	0.0193	0.0108	0.0039	0.0120	0.0270	0.0256	0.0063	0.0093	0.0235	0.0211	0.0018	0.0114	0.0183	0.0177	0.0107	0.0243	0.0123	0.0091	0.0153	0.0074	0.0126	0.0004	0.0176	0.0102	0.0019	0.0043	0.0185	0.0258	0.0006	0.0137	0.0299	0.0155	0.0155	0.0210	0.0113	0.0181	0.0014	0.0051	0.0104	0.0014	0.0060	0.0140	0.0083	0.0215	0.0075	0.0036	0.0078	0.0020	0.0086	0.0058	0.0148	0.0025	0.0258	0.0111	
0.0207	0.0161	0.0214	0.0149	0.0064	0.0158	0.0069	0.0043	0.0058	0.0023	0.0169	0.0166	0.0209	0.0145	0.0095	0.0173	0.0161	0.0053	0.0219	0.0125	0.0005	0.0221	0.0145	0.0151	0.0046	0.0202	0.0205	0.0103	0.0142	0.0239	0.0045	0.0209	0.0110	0.0025	0.0219	0.0195	0.0178	0.0089	0.0240	0.0123	0.0168	0.0005	0.0049	0.0040	0.0042	0.0124	0.0078	0.0148	0.0122	0.0125	0.0081	0.0077	0.0030	0.0107	0.0077	0.0013	0.0245	0.0040	0.0109	0.0064	0.0141	0.0180	0.0115	0.0097	0.0219	0.0179	0.0037	0.0182	0.0141	0.0111	0.0199	0.0080	0.0070	0.0064	0.0161	0.0236	0.0144	0.0114	0.0104	0.0136	
0.0149	0.0071	0.0261	0.0210	0.0128	0.0258	0.0159	0.0001	0.0154	0.0148	0.0228	0.0224	0.0225	0.0143	0.0221	0.0247	0.0100	0.0242	0.0058	0.0072	0.0093	0.0145	0.0187	0.0009	0.0181	0.0008	0.0017	0.0163	0.0170	0.0152	0.0155	0.0129	0.0172	0.0226	0.0164	0.0124	0.0000	0.0152	0.0006	0.0020	0.0035	0.0051	0.0028	0.0191	0.0177	0.0013	0.0191	0.0180	0.0070	0.0180	0.0120	0.0244	0.0089	0.0052	0.0050	0.0030	0.0107	0.0323	0.0033	0.0081	0.0133	0.0210	0.0069	0.0068	0.0116	0.0081	0.0019	0.0036	0.0218	0.0087	0.0267	0.0163	0.0201	0.0025	0.0027	0.0067	0.0087	0.0027	0.0087	0.0189	
0.0166	0.0112	0.0179	0.0194	0.0250	0.0165	0.0051	0.0091	0.0124	0.0092	0.0032	0.0050	0.0144	0.0164	0.0094	0.0068	0.0217	0.0230	0.0096	0.0085	0.0251	0.0101	0.0190	0.0214	0.0027	0.0206	0.0036	0.0047	0.0027	0.0017	0.0253	0.0073	0.0137	0.0094	0.0213	0.0097	0.0081	0.0170	0.0129	0.0173	0.0055	0.0197	0.0174	0.0117	0.0087	0.0165	0.0098	0.0033	0.0152	0.0199	0.0081	0.0140	0.0237	0.0022	0.0186	0.0050	0.0192	0.0250	0.0171	0.0011	0.0099	0.0010	0.0076	0.0128	0.0167	0.0199	0.0161	0.0052	0.0199	0.0002	0.0248	0.0059	0.0109	0.0148	0.0021	0.0078	0.0191	0.0071	0.0119	0.0108	
0.0167	0.0008	0.0155	0.0064	0.0217	0.0086	0.0144	0.0112	0.0123	0.0139	0.0187	0.0179	0.0002	0.0118	0.0122	0.0046	0.0097	0.0033	0.0245	0.0157	0.0298	0.0030	0.0088	0.0202	0.0001	0.0039	0.0050	0.0077	0.0302	0.0181	0.0160	0.0120	0.0093	0.0049	0.0164	0.0121	0.0165	0.0042	0.0231	0.0091	0.0115	0.0090	0.0231	0.0074	0.0078	0.0090	0.0074	0.0326	0.0015	0.0255	0.0252	0.0166	0.0134	0.0007	0.0124	0.0102	0.0231	0.0241	0.0059	0.0144	0.0033	0.0082	0.0113	0.0271	0.0005	0.0092	0.0077	0.0248	0.0229	0.0007	0.0165	0.0062	0.0104	0.0167	0.0030	0.0185	0.0111	0.0004	0.0118	0.0182	
0.0258	0.0053	0.0050	0.0014	0.0170	0.0254	0.0247	0.0068	0.0168	0.0035	0.0164	0.0225	0.0266	0.0062	0.0057	0.0016	0.0222	0.0212	0.0067	0.0279	0.0015	0.0111	0.0039	0.0010	0.0091	0.0206	0.0077	0.0254	0.0248	0.0228	0.0013	0.0199	0.0100	0.0147	0.0180	0.0253	0.0032	0.0105	0.0081	0.0023	0.0100	0.0001	0.0050	0.0174	0.0091	0.0198	0.0082	0.0028	0.0068	0.0013	0.0206	0.0136	0.0226	0.0142	0.0150	0.0122	0.0012	0.0038	0.0187	0.0211	0.0161	0.0028	0.0088	0.0240	0.0027	0.0235	0.0112	0.0110	0.0139	0.0074	0.0252	0.0135	0.0152	0.0047	0.0152	0.0013	0.0055	0.0122	0.0178	0.0146	
0.0119	0.0047	0.0153	0.0205	0.0278	0.0145	0.0205	0.0145	0.0175	0.0022	0.0184	0.0264	0.0166	0.0102	0.0095	0.0064	0.0161	0.0074	0.0132	0.0108	0.0077	0.0238	0.0118	0.0001	0.0024	0.0075	0.0001	0.0128	0.0238	0.0168	0.0095	0.0149	0.0120	0.0032	0.0087	0.0105	0.0122	0.0115	0.0258	0.0086	0.0254	0.0138	0.0139	0.0096	0.0089	0.0199	0.0259	0.0026	0.0136	0.0065	0.0081	0.0227	0.0278	0.0076	0.0044	0.0095	0.0177	0.0177	0.0171	0.0115	0.0105	0.0083	0.0223	0.0087	0.0194	0.0055	0.0113	0.0140	0.0009	0.0202	0.0178	0.0031	0.0078	0.0001	0.0090	0.0199	0.0076	0.0031	0.0143	0.0036	
0.0120	0.0235	0.0250	0.0125	0.0045	0.0117	0.0152	0.0028	0.0186	0.0136	0.0187	0.0261	0.0186	0.0080	0.0017	0.0170	0.0139	0.0049	0.0146	0.0029	0.0095	0.0072	0.0013	0.0174	0.0131	0.0059	0.0150	0.0179	0.0214	0.0147	0.0078	0.0136	0.0256	0.0154	0.0025	0.0145	0.0104	0.0103	0.0052	0.0062	0.0140	0.0104	0.0189	0.0057	0.0043	0.0179	0.0137	0.0258	0.0204	0.0157	0.0037	0.0044	0.0156	0.0121	0.0150	0.0042	0.0236	0.0054	0.0239	0.0182	0.0154	0.0199	0.0061	0.0101	0.0131	0.0055	0.0196	0.0049	0.0052	0.0093	0.0038	0.0038	0.0262	0.0058	0.0120	0.0002	0.0130	0.0206	0.0129	0.0187	
0.0252	0.0170	0.0258	0.0017	0.0074	0.0021	0.0008	0.0117	0.0178	0.0183	0.0165	0.0086	0.0138	0.0072	0.0140	0.0180	0.0024	0.0066	0.0177	0.0265	0.0218	0.0055	0.0198	0.0112	0.0155	0.0001	0.0045	0.0082	0.0244	0.0213	0.0182	0.0011	0.0168	0.0022	0.0005	0.0050	0.0239	0.0063	0.0036	0.0102	0.0068	0.0122	0.0111	0.0091	0.0175	0.0191	0.0188	0.0204	0.0126	0.0206	0.0207	0.0064	0.0024	0.0185	0.0001	0.0147	0.0232	0.0125	0.0100	0.0059	0.0220	0.0178	0.0131	0.0004	0.0033	0.0164	0.0168	0.0104	0.0061	0.0095	0.0171	0.0222	0.0036	0.0077	0.0159	0.0089	0.0206	0.0093	0.0174	0.0197	
0.0089	0.0129	0.0190	0.0013	0.0251	0.0125	0.0214	0.0191	0.0016	0.0062	0.0072	0.0143	0.0228	0.0228	0.0124	0.0143	0.0219	0.0103	0.0062	0.0003	0.0031	0.0079	0.0110	0.0059	0.0041	0.0012	0.0036	0.0206	0.0267	0.0195	0.0266	0.0135	0.0214	0.0161	0.0234	0.0116	0.0020	0.0138	0.0044	0.0122	0.0215	0.0198	0.0101	0.0218	0.0013	0.0047	0.0007	0.0074	0.0152	0.0034	0.0108	0.0097	0.0034	0.0211	0.0145	0.0012	0.0284	0.0129	0.0222	0.0166	0.0064	0.0036	0.0225	0.0121	0.0110	0.0167	0.0171	0.0081	0.0216	0.0020	0.0113	0.0091	0.0066	0.0160	0.0060	0.0097	0.0236	0.0146	0.0046	0.0215	
0.0007	0.0241	0.0019	0.0220	0.0029	0.0121	0.0088	0.0005	0.0170	0.0179	0.0090	0.0174	0.0176	0.0084	0.0091	0.0157	0.0162	0.0193	0.0113	0.0070	0.0118	0.0200	0.0082	0.0150	0.0161	0.0031	0.0037	0.0154	0.0111	0.0093	0.0037	0.0116	0.0060	0.0230	0.0193	0.0097	0.0019	0.0047	0.0080	0.0207	0.0113	0.0197	0.0131	0.0012	0.0148	0.0165	0.0197	0.0245	0.0028	0.0144	0.0139	0.0005	0.0015	0.0265	0.0105	0.0062	0.0144	0.0107	0.0019	0.0201	0.0081	0.0190	0.0115	0.0107	0.0168	0.0215	0.0097	0.0175	0.0117	0.0232	0.0121	0.0138	0.0147	0.0153	0.0186	0.0151	0.0053	0.0064	0.0217	0.0215	
0.0127	0.0081	0.0124	0.0252	0.0202	0.0037	0.0108	0.0079	0.0099	0.0119	0.0209	0.0201	0.0031	0.0100	0.0156	0.0165	0.0046	0.0014	0.0095	0.0222	0.0097	0.0316	0.0100	0.0044	0.0036	0.0033	0.0139	0.0163	0.0034	0.0245	0.0031	0.0090	0.0129	0.0026	0.0176	0.0029	0.0133	0.0237	0.0219	0.0159	0.0183	0.0044	0.0113	0.0023	0.0044	0.0231	0.0143	0.0064	0.0224	0.0077	0.0145	0.0039	0.0293	0.0109	0.0171	0.0103	0.0279	0.0069	0.0199	0.0142	0.0178	0.0244	0.0044	0.0170	0.0103	0.0143	0.0063	0.0003	0.0193	0.0131	0.0017	0.0122	0.0086	0.0237	0.0024	0.0047	0.0183	0.0071	0.0266	0.0073	
0.0191	0.0080	0.0150	0.0239	0.0061	0.0259	0.0097	0.0024	0.0107	0.0048	0.0043	0.0069	0.0024	0.0058	0.0247	0.0186	0.0253	0.0197	0.0191	0.0186	0.0178	0.0131	0.0129	0.0137	0.0059	0.0042	0.0240	0.0053	0.0068	0.0136	0.0216	0.0188	0.0067	0.0110	0.0252	0.0102	0.0105	0.0099	0.0101	0.0108	0.0047	0.0040	0.0167	0.0141	0.0077	0.0210	0.0094	0.0018	0.0190	0.0110	0.0055	0.0212	0.0151	0.0111	0.0164	0.0050	0.0227	0.0001	0.0164	0.0018	0.0021	0.0052	0.0214	0.0252	0.0102	0.0127	0.0003	0.0183	0.0074	0.0151	0.0072	0.0174	0.0114	0.0090	0.0122	0.0120	0.0242	0.0247	0.0058	0.0107	
0.0200	0.0209	0.0100	0.0189	0.0082	0.0295	0.0035	0.0144	0.0157	0.0120	0.0129	0.0108	0.0181	0.0074	0.0073	0.0268	0.0078	0.0197	0.0039	0.0213	0.0180	0.0183	0.0169	0.0061	0.0032	0.0133	0.0105	0.0042	0.0245	0.0050	0.0109	0.0238	0.0211	0.0056	0.0059	0.0063	0.0194	0.0004	0.0202	0.0059	0.0085	0.0037	0.0260	0.0137	0.0003	0.0205	0.0308	0.0023	0.0215	0.0095	0.0039	0.0054	0.0244	0.0107	0.0122	0.0028	0.0011	0.0041	0.0167	0.0137	0.0110	0.0224	0.0223	0.0156	0.0095	0.0126	0.0128	0.0144	0.0014	0.0012	0.0037	0.0060	0.0246	0.0196	0.0104	0.0193	0.0154	0.0055	0.0059	0.0059	
0.0181	0.0086	0.0058	0.0105	0.0231	0.0033	0.0037	0.0080	0.0123	0.0016	0.0047	0.0171	0.0086	0.0231	0.0191	0.0093	0.0044	0.0075	0.0045	0.0097	0.0065	0.0084	0.0007	0.0209	0.0077	0.0220	0.0051	0.0253	0.0222	0.0233	0.0107	0.0199	0.0214	0.0098	0.0228	0.0045	0.0162	0.0131	0.0140	0.0051	0.0118	0.0063	0.0235	0.0209	0.0185	0.0093	0.0229	0.0249	0.0170	0.0018	0.0097	0.0076	0.0248	0.0222	0.0211	0.0077	0.0076	0.0071	0.0015	0.0013	0.0206	0.0042	0.0085	0.0143	0.0137	0.0085	0.0182	0.0211	0.0004	0.0151	0.0147	0.0158	0.0179	0.0243	0.0201	0.0004	0.0085	0.0011	0.0021	0.0200	
0.0245	0.0064	0.0023	0.0223	0.0133	0.0032	0.0198	0.0006	0.0103	0.0138	0.0224	0.0119	0.0124	0.0146	0.0077	0.0077	0.0205	0.0094	0.0098	0.0123	0.0168	0.0001	0.0239	0.0060	0.0102	0.0203	0.0176	0.0006	0.0245	0.0300	0.0006	0.0072	0.0055	0.0035	0.0026	0.0188	0.0027	0.0146	0.0040	0.0109	0.0146	0.0228	0.0146	0.0102	0.0206	0.0063	0.0067	0.0044	0.0169	0.0150	0.0041	0.0261	0.0197	0.0175	0.0074	0.0205	0.0073	0.0256	0.0126	0.0172	0.0107	0.0205	0.0015	0.0110	0.0152	0.0146	0.0051	0.0089	0.0110	0.0141	0.0046	0.0081	0.0062	0.0259	0.0223	0.0214	0.0131	0.0142	0.0115	0.0044	
0.0167	0.0134	0.0103	0.0090	0.0221	0.0006	0.0139	0.0128	0.0189	0.0029	0.0097	0.0077	0.0021	0.0114	0.0003	0.0202	0.0179	0.0021	0.0212	0.0054	0.0010	0.0261	0.0184	0.0014	0.0111	0.0227	0.0207	0.0225	0.0201	0.0150	0.0132	0.0191	0.0109	0.0079	0.0031	0.0003	0.0116	0.0208	0.0169	0.0126	0.0004	0.0189	0.0144	0.0078	0.0047	0.0213	0.0075	0.0225	0.0184	0.0040	0.0019	0.0095	0.0214	0.0078	0.0030	0.0149	0.0214	0.0084	0.0231	0.0215	0.0057	0.0193	0.0178	0.0078	0.0166	0.0166	0.0212	0.0204	0.0074	0.0000	0.0066	0.0257	0.0128	0.0080	0.0040	0.0089	0.0097	0.0097	0.0212	0.0140	
0.0160	0.0000	0.0281	0.0151	0.0139	0.0030	0.0228	0.0022	0.0033	0.0071	0.0058	0.0054	0.0238	0.0177	0.0075	0.0066	0.0239	0.0067	0.0173	0.0142	0.0003	0.0146	0.0109	0.0229	0.0207	0.0023	0.0248	0.0100	0.0031	0.0270	0.0120	0.0114	0.0127	0.0087	0.0091	0.0062	0.0216	0.0048	0.0286	0.0086	0.0204	0.0212	0.0196	0.0230	0.0196	0.0018	0.0042	0.0232	0.0218	0.0194	0.0107	0.0040	0.0253	0.0112	0.0118	0.0023	0.0168	0.0023	0.0183	0.0070	0.0032	0.0138	0.0005	0.0110	0.0015	0.0172	0.0169	0.0174	0.0081	0.0017	0.0103	0.0163	0.0093	0.0036	0.0179	0.0079	0.0201	0.0164	0.0027	0.0196	
0.0233	0.0042	0.0130	0.0037	0.0074	0.0058	0.0155	0.0005	0.0151	0.0042	0.0163	0.0217	0.0124	0.0132	0.0092	0.0045	0.0172	0.0066	0.0203	0.0243	0.0078	0.0135	0.0101	0.0211	0.0131	0.0182	0.0201	0.0124	0.0160	0.0094	0.0093	0.0247	0.0247	0.0220	0.0083	0.0241	0.0015	0.0209	0.0033	0.0148	0.0029	0.0186	0.0247	0.0022	0.0090	0.0123	0.0061	0.0200	0.0163	0.0121	0.0115	0.0142	0.0205	0.0042	0.0107	0.0089	0.0189	0.0182	0.0138	0.0104	0.0080	0.0035	0.0085	0.0091	0.0219	0.0149	0.0184	0.0172	0.0047	0.0087	0.0028	0.0193	0.0034	0.0002	0.0184	0.0157	0.0132	0.0092	0.0122	0.0015	
0.0154	0.0008	0.0247	0.0014	0.0227	0.0218	0.0065	0.0158	0.0071	0.0166	0.0066	0.0131	0.0080	0.0157	0.0107	0.0274	0.0084	0.0158	0.0050	0.0186	0.0171	0.0151	0.0137	0.0077	0.0109	0.0162	0.0113	0.0161	0.0093	0.0292	0.0283	0.0094	0.0027	0.0139	0.0226	0.0092	0.0071	0.0085	0.0173	0.0025	0.0113	0.0016	0.0103	0.0086	0.0038	0.0158	0.0191	0.0138	0.0127	0.0181	0.0059	0.0260	0.0050	0.0221	0.0082	0.0016	0.0130	0.0177	0.0156	0.0027	0.0070	0.0144	0.0099	0.0100	0.0236	0.0203	0.0081	0.0214	0.0179	0.0018	0.0185	0.0001	0.0263	0.0017	0.0056	0.0175	0.0034	0.0059	0.0038	0.0199	
0.0025	0.0246	0.0034	0.0129	0.0184	0.0265	0.0044	0.0053	0.0024	0.0161	0.0212	0.0205	0.0194	0.0119	0.0192	0.0222	0.0159	0.0260	0.0109	0.0061	0.0071	0.0210	0.0181	0.0119	0.0042	0.0065	0.0008	0.0024	0.0162	0.0219	0.0270	0.0062	0.0108	0.0209	0.0006	0.0099	0.0119	0.0233	0.0207	0.0184	0.0194	0.0026	0.0195	0.0230	0.0041	0.0212	0.0076	0.0136	0.0057	0.0092	0.0001	0.0041	0.0235	0.0252	0.0121	0.0068	0.0049	0.0188	0.0081	0.0086	0.0206	0.0022	0.0159	0.0094	0.0214	0.0147	0.0085	0.0005	0.0108	0.0095	0.0091	0.0168	0.0061	0.0129	0.0118	0.0047	0.0010	0.0220	0.0079	0.0063	
0.0004	0.0153	0.0246	0.0051	0.0236	0.0243	0.0110	0.0089	0.0038	0.0122	0.0048	0.0247	0.0164	0.0097	0.0013	0.0191	0.0119	0.0098	0.0022	0.0151	0.0141	0.0071	0.0014	0.0214	0.0017	0.0078	0.0235	0.0070	0.0127	0.0121	0.0095	0.0100	0.0102	0.0018	0.0092	0.0098	0.0062	0.0124	0.0180	0.0010	0.0059	0.0245	0.0256	0.0189	0.0049	0.0117	0.0037	0.0264	0.0091	0.0179	0.0164	0.0184	0.0259	0.0247	0.0148	0.0135	0.0142	0.0003	0.0029	0.0093	0.0197	0.0048	0.0007	0.0229	0.0098	0.0174	0.0114	0.0147	0.0247	0.0154	0.0113	0.0240	0.0205	0.0009	0.0070	0.0171	0.0098	0.0087	0.0167	0.0125	
0.0059	0.0014	0.0244	0.0172	0.0163	0.0149	0.0155	0.0140	0.0078	0.0140	0.0198	0.0062	0.0102	0.0042	0.0046	0.0003	0.0211	0.0007	0.0097	0.0108	0.0007	0.0162	0.0249	0.0189	0.0105	0.0213	0.0248	0.0216	0.0134	0.0022	0.0097	0.0048	0.0101	0.0147	0.0067	0.0210	0.0086	0.0127	0.0042	0.0206	0.0058	0.0273	0.0057	0.0095	0.0194	0.0043	0.0165	0.0166	0.0169	0.0071	0.0183	0.0081	0.0247	0.0083	0.0127	0.0151	0.0046	0.0024	0.0041	0.0201	0.0169	0.0229	0.0001	0.0062	0.0046	0.0178	0.0215	0.0197	0.0209	0.0096	0.0159	0.0118	0.0241	0.0176	0.0039	0.0013	0.0098	0.0120	0.0229	0.0062	
0.0039	0.0112	0.0261	0.0070	0.0092	0.0011	0.0066	0.0023	0.0004	0.0136	0.0150	0.0073	0.0085	0.0082	0.0028	0.0073	0.0258	0.0259	0.0059	0.0020	0.0089	0.0261	0.0190	0.0129	0.0150	0.0098	0.0136	0.0089	0.0035	0.0149	0.0080	0.0201	0.0038	0.0277	0.0204	0.0077	0.0028	0.0225	0.0258	0.0034	0.0139	0.0224	0.0232	0.0072	0.0187	0.0105	0.0047	0.0174	0.0105	0.0218	0.0023	0.0096	0.0080	0.0286	0.0219	0.0064	0.0208	0.0111	0.0174	0.0216	0.0137	0.0246	0.0242	0.0151	0.0093	0.0227	0.0030	0.0104	0.0138	0.0214	0.0037	0.0053	0.0009	0.0023	0.0155	0.0143	0.0014	0.0111	0.0194	0.0048	
0.0055	0.0270	0.0234	0.0060	0.0104	0.0242	0.0109	0.0053	0.0230	0.0104	0.0139	0.0210	0.0042	0.0259	0.0153	0.0137	0.0193	0.0062	0.0244	0.0231	0.0083	0.0227	0.0002	0.0176	0.0185	0.0244	0.0094	0.0048	0.0078	0.0111	0.0066	0.0085	0.0168	0.0117	0.0204	0.0155	0.0043	0.0216	0.0042	0.0104	0.0139	0.0259	0.0121	0.0021	0.0059	0.0099	0.0014	0.0014	0.0103	0.0030	0.0185	0.0199	0.0130	0.0284	0.0206	0.0095	0.0262	0.0031	0.0123	0.0111	0.0131	0.0071	0.0214	0.0150	0.0057	0.0065	0.0032	0.0190	0.0051	0.0007	0.0083	0.0007	0.0025	0.0147	0.0071	0.0098	0.0091	0.0242	0.0112	0.0089	
0.0222	0.0079	0.0190	0.0042	0.0180	0.0130	0.0194	0.0108	0.0106	0.0055	0.0139	0.0018	0.0078	0.0171	0.0198	0.0055	0.0250	0.0234	0.0200	0.0266	0.0065	0.0092	0.0187	0.0105	0.0175	0.0178	0.0172	0.0210	0.0193	0.0152	0.0034	0.0006	0.0187	0.0026	0.0143	0.0062	0.0144	0.0184	0.0285	0.0118	0.0107	0.0128	0.0057	0.0213	0.0089	0.0053	0.0241	0.0115	0.0125	0.0017	0.0091	0.0124	0.0018	0.0137	0.0017	0.0087	0.0131	0.0084	0.0084	0.0167	0.0151	0.0223	0.0219	0.0010	0.0053	0.0118	0.0089	0.0058	0.0015	0.0134	0.0165	0.0050	0.0219	0.0022	0.0127	0.0201	0.0028	0.0263	0.0012	0.0121	
0.0011	0.0093	0.0101	0.0186	0.0018	0.0178	0.0242	0.0038	0.0223	0.0016	0.0170	0.0091	0.0120	0.0043	0.0015	0.0135	0.0159	0.0040	0.0171	0.0252	0.0226	0.0153	0.0098	0.0251	0.0112	0.0060	0.0160	0.0296	0.0273	0.0097	0.0116	0.0148	0.0067	0.0252	0.0209	0.0107	0.0164	0.0091	0.0256	0.0128	0.0202	0.0070	0.0068	0.0245	0.0210	0.0071	0.0244	0.0225	0.0004	0.0023	0.0042	0.0238	0.0088	0.0091	0.0167	0.0114	0.0281	0.0108	0.0036	0.0183	0.0004	0.0001	0.0059	0.0193	0.0172	0.0060	0.0023	0.0162	0.0088	0.0172	0.0217	0.0074	0.0051	0.0027	0.0032	0.0140	0.0073	0.0106	0.0027	0.0039	
0.0114	0.0278	0.0305	0.0237	0.0044	0.0141	0.0067	0.0228	0.0012	0.0062	0.0120	0.0067	0.0053	0.0036	0.0153	0.0200	0.0004	0.0168	0.0093	0.0188	0.0060	0.0066	0.0098	0.0105	0.0058	0.0258	0.0229	0.0047	0.0043	0.0049	0.0086	0.0179	0.0082	0.0299	0.0133	0.0029	0.0014	0.0117	0.0166	0.0045	0.0301	0.0046	0.0175	0.0022	0.0057	0.0180	0.0033	0.0016	0.0133	0.0121	0.0146	0.0201	0.0009	0.0152	0.0238	0.0041	0.0174	0.0196	0.0183	0.0057	0.0168	0.0025	0.0204	0.0255	0.0287	0.0216	0.0244	0.0060	0.0177	0.0118	0.0178	0.0167	0.0009	0.0042	0.0159	0.0019	0.0180	0.0081	0.0046	0.0152	
0.0188	0.0176	0.0161	0.0141	0.0165	0.0158	0.0113	0.0110	0.0002	0.0040	0.0112	0.0123	0.0178	0.0067	0.0104	0.0235	0.0084	0.0187	0.0017	0.0088	0.0146	0.0236	0.0077	0.0015	0.0170	0.0199	0.0149	0.0164	0.0231	0.0269	0.0164	0.0069	0.0105	0.0011	0.0085	0.0203	0.0098	0.0029	0.0093	0.0054	0.0066	0.0041	0.0052	0.0084	0.0199	0.0023	0.0273	0.0186	0.0118	0.0117	0.0133	0.0237	0.0062	0.0195	0.0150	0.0129	0.0093	0.0180	0.0171	0.0107	0.0161	0.0147	0.0184	0.0029	0.0169	0.0044	0.0012	0.0179	0.0204	0.0106	0.0114	0.0041	0.0078	0.0153	0.0016	0.0144	0.0136	0.0262	0.0034	0.0153	
0.0038	0.0272	0.0081	0.0059	0.0060	0.0193	0.0022	0.0100	0.0037	0.0075	0.0134	0.0266	0.0100	0.0190	0.0128	0.0178	0.0092	0.0025	0.0160	0.0200	0.0012	0.0024	0.0195	0.0009	0.0051	0.0124	0.0153	0.0125	0.0222	0.0108	0.0085	0.0096	0.0131	0.0341	0.0113	0.0230	0.0105	0.0156	0.0290	0.0019	0.0047	0.0125	0.0175	0.0109	0.0234	0.0129	0.0309	0.0189	0.0016	0.0095	0.0045	0.0168	0.0130	0.0144	0.0145	0.0009	0.0039	0.0085	0.0250	0.0132	0.0215	0.0136	0.0219	0.0255	0.0056	0.0048	0.0101	0.0108	0.0066	0.0140	0.0054	0.0162	0.0038	0.0146	0.0117	0.0168	0.0119	0.0123	0.0015	0.0142	
0.0187	0.0002	0.0136	0.0068	0.0031	0.0184	0.0002	0.0217	0.0058	0.0091	0.0190	0.0044	0.0174	0.0071	0.0039	0.0174	0.0159	0.0188	0.0056	0.0214	0.0032	0.0131	0.0093	0.0114	0.0071	0.0136	0.0122	0.0216	0.0268	0.0046	0.0156	0.0199	0.0053	0.0098	0.0002	0.0253	0.0018	0.0167	0.0212	0.0122	0.0068	0.0142	0.0043	0.0210	0.0215	0.0009	0.0022	0.0252	0.0084	0.0209	0.0233	0.0210	0.0055	0.0094	0.0125	0.0047	0.0184	0.0011	0.0254	0.0139	0.0046	0.0051	0.0241	0.0024	0.0227	0.0015	0.0239	0.0078	0.0065	0.0047	0.0147	0.0256	0.0262	0.0186	0.0123	0.0157	0.0077	0.0143	0.0153	0.0062	
0.0117	0.0159	0.0121	0.0022	0.0051	0.0200	0.0119	0.0165	0.0166	0.0141	0.0067	0.0009	0.0171	0.0040	0.0082	0.0010	0.0131	0.0016	0.0229	0.0223	0.0016	0.0224	0.0147	0.0044	0.0072	0.0239	0.0210	0.0126	0.0217	0.0279	0.0260	0.0034	0.0120	0.0202	0.0039	0.0143	0.0179	0.0224	0.0242	0.0023	0.0139	0.0029	0.0135	0.0106	0.0206	0.0114	0.0107	0.0218	0.0056	0.0092	0.0014	0.0055	0.0169	0.0220	0.0037	0.0115	0.0269	0.0075	0.0188	0.0039	0.0187	0.0007	0.0005	0.0219	0.0211	0.0037	0.0127	0.0235	0.0000	0.0167	0.0068	0.0152	0.0040	0.0228	0.0060	0.0237	0.0067	0.0038	0.0071	0.0178	
0.0121	0.0022	0.0067	0.0074	0.0221	0.0196	0.0114	0.0114	0.0125	0.0098	0.0172	0.0143	0.0030	0.0157	0.0060	0.0132	0.0018	0.0188	0.0155	0.0168	0.0225	0.0113	0.0151	0.0127	0.0039	0.0085	0.0021	0.0127	0.0117	0.0078	0.0120	0.0208	0.0217	0.0209	0.0143	0.0195	0.0147	0.0152	0.0000	0.0028	0.0131	0.0271	0.0111	0.0112	0.0037	0.0194	0.0205	0.0102	0.0164	0.0156	0.0188	0.0172	0.0146	0.0120	0.0184	0.0041	0.0085	0.0255	0.0058	0.0105	0.0100	0.0194	0.0018	0.0060	0.0032	0.0172	0.0113	0.0057	0.0031	0.0083	0.0222	0.0089	0.0170	0.0127	0.0022	0.0302	0.0230	0.0064	0.0089	0.0108	
0.0280	0.0190	0.0035	0.0230	0.0104	0.0206	0.0076	0.0087	0.0003	0.0072	0.0109	0.0027	0.0131	0.0155	0.0141	0.0208	0.0231	0.0039	0.0097	0.0109	0.0053	0.0095	0.0085	0.0031	0.0027	0.0125	0.0004	0.0029	0.0146	0.0277	0.0084	0.0010	0.0099	0.0239	0.0155	0.0271	0.0213	0.0102	0.0252	0.0096	0.0156	0.0064	0.0061	0.0214	0.0001	0.0145	0.0004	0.0027	0.0192	0.0098	0.0031	0.0204	0.0292	0.0013	0.0058	0.0133	0.0097	0.0000	0.0176	0.0218	0.0192	0.0053	0.0219	0.0025	0.0003	0.0106	0.0201	0.0179	0.0250	0.0150	0.0248	0.0142	0.0063	0.0288	0.0220	0.0234	0.0030	0.0133	0.0029	0.0128	
0.0114	0.0248	0.0055	0.0030	0.0193	0.0117	0.0029	0.0076	0.0128	0.0244	0.0146	0.0196	0.0191	0.0003	0.0167	0.0077	0.0086	0.0026	0.0204	0.0161	0.0219	0.0096	0.0030	0.0082	0.0106	0.0166	0.0149	0.0275	0.0048	0.0070	0.0110	0.0221	0.0224	0.0030	0.0133	0.0196	0.0000	0.0203	0.0066	0.0138	0.0082	0.0130	0.0032	0.0221	0.0222	0.0043	0.0202	0.0054	0.0061	0.0131	0.0137	0.0218	0.0158	0.0146	0.0166	0.0014	0.0205	0.0208	0.0173	0.0042	0.0224	0.0044	0.0019	0.0060	0.0126	0.0193	0.0214	0.0137	0.0111	0.0225	0.0072	0.0169	0.0226	0.0087	0.0065	0.0074	0.0061	0.0031	0.0098	0.0065	
0.0235	0.0109	0.0189	0.0182	0.0220	0.0149	0.0057	0.0070	0.0094	0.0084	0.0224	0.0040	0.0019	0.0027	0.0141	0.0034	0.0107	0.0253	0.0115	0.0037	0.0078	0.0071	0.0177	0.0104	0.0054	0.0246	0.0040	0.0081	0.0080	0.0115	0.0262	0.0192	0.0131	0.0129	0.0093	0.0141	0.0144	0.0111	0.0169	0.0007	0.0159	0.0143	0.0045	0.0013	0.0230	0.0039	0.0197	0.0223	0.0156	0.0032	0.0217	0.0096	0.0236	0.0092	0.0207	0.0107	0.0204	0.0081	0.0113	0.0159	0.0077	0.0233	0.0021	0.0021	0.0164	0.0060	0.0166	0.0184	0.0190	0.0011	0.0157	0.0240	0.0084	0.0119	0.0141	0.0217	0.0021	0.0194	0.0125	0.0015	
0.0096	0.0115	0.0166	0.0030	0.0121	0.0143	0.0004	0.0021	0.0086	0.0126	0.0187	0.0084	0.0252	0.0203	0.0154	0.0179	0.0110	0.0022	0.0101	0.0185	0.0109	0.0267	0.0225	0.0166	0.0120	0.0232	0.0012	0.0055	0.0199	0.0057	0.0154	0.0007	0.0219	0.0115	0.0087	0.0216	0.0076	0.0236	0.0196	0.0020	0.0070	0.0150	0.0070	0.0220	0.0041	0.0060	0.0343	0.0136	0.0141	0.0181	0.0071	0.0001	0.0074	0.0227	0.0113	0.0072	0.0124	0.0297	0.0134	0.0078	0.0089	0.0179	0.0091	0.0067	0.0071	0.0160	0.0109	0.0158	0.0107	0.0166	0.0083	0.0105	0.0104	0.0081	0.0085	0.0238	0.0151	0.0013	0.0123	0.0064	
0.0240	0.0141	0.0138	0.0182	0.0191	0.0113	0.0163	0.0201	0.0162	0.0180	0.0098	0.0100	0.0102	0.0060	0.0152	0.0118	0.0036	0.0216	0.0149	0.0087	0.0180	0.0097	0.0006	0.0202	0.0131	0.0203	0.0143	0.0222	0.0095	0.0185	0.0192	0.0089	0.0094	0.0055	0.0096	0.0195	0.0049	0.0153	0.0100	0.0164	0.0007	0.0144	0.0201	0.0111	0.0075	0.0196	0.0014	0.0032	0.0115	0.0187	0.0145	0.0139	0.0095	0.0040	0.0109	0.0119	0.0131	0.0156	0.0035	0.0191	0.0179	0.0186	0.0100	0.0011	0.0021	0.0019	0.0209	0.0040	0.0170	0.0177	0.0057	0.0124	0.0141	0.0224	0.0065	0.0041	0.0126	0.0107	0.0120	0.0157	
0.0234	0.0145	0.0106	0.0148	0.0293	0.0045	0.0241	0.0059	0.0184	0.0186	0.0083	0.0195	0.0142	0.0133	0.0244	0.0042	0.0011	0.0229	0.0130	0.0077	0.0271	0.0293	0.0074	0.0210	0.0168	0.0045	0.0030	0.0147	0.0233	0.0124	0.0033	0.0020	0.0015	0.0118	0.0037	0.0120	0.0142	0.0305	0.0018	0.0223	0.0029	0.0248	0.0147	0.0019	0.0154	0.0173	0.0030	0.0025	0.0247	0.0043	0.0037	0.0197	0.0009	0.0097	0.0199	0.0208	0.0061	0.0193	0.0275	0.0211	0.0012	0.0123	0.0087	0.0089	0.0193	0.0062	0.0143	0.0019	0.0087	0.0119	0.0176	0.0015	0.0236	0.0170	0.0037	0.0041	0.0117	0.0055	0.0057	0.0008	
0.0026	0.0005	0.0179	0.0222	0.0059	0.0102	0.0010	0.0213	0.0155	0.0046	0.0054	0.0004	0.0038	0.0063	0.0247	0.0186	0.0101	0.0038	0.0111	0.0100	0.0021	0.0005	0.0230	0.0134	0.0164	0.0029	0.0289	0.0182	0.0054	0.0206	0.0154	0.0295	0.0104	0.0248	0.0226	0.0010	0.0254	0.0224	0.0035	0.0091	0.0066	0.0270	0.0143	0.0047	0.0075	0.0147	0.0275	0.0166	0.0136	0.0144	0.0199	0.0058	0.0241	0.0303	0.0253	0.0017	0.0085	0.0021	0.0022	0.0029	0.0109	0.0137	0.0133	0.0250	0.0167	0.0061	0.0185	0.0076	0.0116	0.0250	0.0187	0.0210	0.0006	0.0028	0.0025	0.0053	0.0167	0.0153	0.0054	0.0019	
0.0040	0.0122	0.0241	0.0174	0.0234	0.0084	0.0044	0.0098	0.0198	0.0152	0.0165	0.0221	0.0160	0.0004	0.0216	0.0178	0.0076	0.0136	0.0139	0.0013	0.0227	0.0180	0.0016	0.0180	0.0189	0.0019	0.0054	0.0191	0.0208	0.0199	0.0133	0.0185	0.0225	0.0001	0.0238	0.0231	0.0146	0.0225	0.0244	0.0060	0.0008	0.0063	0.0103	0.0175	0.0026	0.0194	0.0021	0.0001	0.0036	0.0092	0.0204	0.0221	0.0264	0.0044	0.0042	0.0104	0.0102	0.0039	0.0209	0.0189	0.0027	0.0112	0.0133	0.0034	0.0040	0.0001	0.0232	0.0150	0.0012	0.0233	0.0020	0.0116	0.0159	0.0083	0.0004	0.0142	0.0069	0.0075	0.0153	0.0224	
0.0270	0.0061	0.0170	0.0107	0.0289	0.0192	0.0173	0.0115	0.0175	0.0076	0.0125	0.0143	0.0002	0.0034	0.0035	0.0173	0.0179	0.0086	0.0151	0.0032	0.0207	0.0151	0.0221	0.0046	0.0069	0.0103	0.0089	0.0140	0.0042	0.0206	0.0080	0.0029	0.0151	0.0295	0.0211	0.0224	0.0224	0.0039	0.0097	0.0082	0.0065	0.0080	0.0245	0.0144	0.0125	0.0152	0.0187	0.0144	0.0035	0.0090	0.0205	0.0002	0.0267	0.0149	0.0021	0.0082	0.0085	0.0146	0.0031	0.0084	0.0050	0.0030	0.0134	0.0072	0.0068	0.0083	0.0204	0.0038	0.0075	0.0052	0.0187	0.0111	0.0268	0.0002	0.0201	0.0191	0.0156	0.0113	0.0180	0.0158	
0.0232	0.0222	0.0133	0.0156	0.0164	0.0062	0.0082	0.0164	0.0156	0.0052	0.0142	0.0150	0.0011	0.0204	0.0075	0.0028	0.0173	0.0150	0.0077	0.0018	0.0153	0.0091	0.0039	0.0217	0.0171	0.0109	0.0010	0.0146	0.0168	0.0158	0.0258	0.0224	0.0180	0.0116	0.0104	0.0087	0.0140	0.0206	0.0195	0.0004	0.0005	0.0249	0.0100	0.0222	0.0139	0.0017	0.0151	0.0025	0.0137	0.0147	0.0177	0.0030	0.0012	0.0157	0.0005	0.0101	0.0189	0.0184	0.0207	0.0016	0.0034	0.0156	0.0068	0.0064	0.0108	0.0145	0.0179	0.0159	0.0096	0.0194	0.0127	0.0178	0.0216	0.0079	0.0010	0.0185	0.0214	0.0054	0.0074	0.0161	
0.0009	0.0260	0.0013	0.0206	0.0213	0.0250	0.0182	0.0009	0.0078	0.0121	0.0162	0.0014	0.0008	0.0149	0.0190	0.0101	0.0176	0.0037	0.0130	0.0242	0.0049	0.0259	0.0143	0.0174	0.0062	0.0008	0.0065	0.0143	0.0163	0.0125	0.0248	0.0132	0.0079	0.0030	0.0012	0.0056	0.0151	0.0103	0.0209	0.0085	0.0242	0.0221	0.0077	0.0148	0.0073	0.0099	0.0340	0.0075	0.0101	0.0131	0.0005	0.0240	0.0257	0.0122	0.0101	0.0030	0.0085	0.0142	0.0154	0.0118	0.0093	0.0029	0.0111	0.0012	0.0033	0.0037	0.0159	0.0261	0.0137	0.0120	0.0210	0.0051	0.0133	0.0235	0.0210	0.0126	0.0128	0.0021	0.0100	0.0189	
0.0056	0.0261	0.0077	0.0202	0.0092	0.0243	0.0161	0.0126	0.0102	0.0123	0.0196	0.0079	0.0205	0.0003	0.0043	0.0214	0.0077	0.0056	0.0108	0.0027	0.0149	0.0253	0.0150	0.0191	0.0006	0.0173	0.0080	0.0176	0.0132	0.0049	0.0198	0.0051	0.0265	0.0215	0.0085	0.0114	0.0186	0.0148	0.0208	0.0037	0.0101	0.0246	0.0111	0.0158	0.0149	0.0083	0.0144	0.0132	0.0119	0.0032	0.0014	0.0087	0.0199	0.0076	0.0036	0.0049	0.0081	0.0148	0.0201	0.0096	0.0094	0.0212	0.0062	0.0097	0.0043	0.0133	0.0060	0.0028	0.0139	0.0136	0.0246	0.0148	0.0121	0.0054	0.0147	0.0178	0.0105	0.0261	0.0036	0.0124	
0.0115	0.0258	0.0062	0.0098	0.0026	0.0090	0.0153	0.0147	0.0114	0.0004	0.0046	0.0116	0.0229	0.0055	0.0189	0.0124	0.0186	0.0003	0.0137	0.0292	0.0027	0.0092	0.0228	0.0240	0.0058	0.0101	0.0228	0.0107	0.0175	0.0164	0.0270	0.0085	0.0094	0.0070	0.0042	0.0171	0.0213	0.0271	0.0088	0.0170	0.0043	0.0171	0.0186	0.0157	0.0126	0.0127	0.0301	0.0089	0.0089	0.0067	0.0007	0.0121	0.0160	0.0076	0.0115	0.0015	0.0004	0.0093	0.0023	0.0155	0.0104	0.0060	0.0029	0.0296	0.0036	0.0198	0.0022	0.0159	0.0008	0.0034	0.0175	0.0183	0.0199	0.0189	0.0197	0.0125	0.0184	0.0072	0.0108	0.0161	
0.0115	0.0154	0.0246	0.0070	0.0139	0.0120	0.0188	0.0012	0.0137	0.0015	0.0131	0.0123	0.0219	0.0146	0.0102	0.0240	0.0126	0.0154	0.0107	0.0165	0.0107	0.0093	0.0057	0.0069	0.0137	0.0079	0.0175	0.0181	0.0121	0.0012	0.0106	0.0193	0.0246	0.0113	0.0061	0.0194	0.0067	0.0199	0.0136	0.0114	0.0013	0.0005	0.0245	0.0219	0.0113	0.0040	0.0245	0.0029	0.0037	0.0174	0.0206	0.0024	0.0242	0.0216	0.0048	0.0018	0.0093	0.0189	0.0146	0.0030	0.0147	0.0015	0.0144	0.0168	0.0169	0.0165	0.0123	0.0122	0.0077	0.0140	0.0158	0.0152	0.0022	0.0195	0.0126	0.0106	0.0102	0.0083	0.0191	0.0095	
0.0134	0.0199	0.0210	0.0152	0.0020	0.0096	0.0004	0.0023	0.0037	0.0033	0.0133	0.0210	0.0056	0.0100	0.0006	0.0332	0.0103	0.0081	0.0068	0.0211	0.0188	0.0115	0.0189	0.0151	0.0058	0.0080	0.0003	0.0242	0.0063	0.0330	0.0247	0.0013	0.0265	0.0056	0.0187	0.0010	0.0109	0.0008	0.0216	0.0078	0.0245	0.0151	0.0114	0.0044	0.0054	0.0007	0.0221	0.0218	0.0212	0.0132	0.0007	0.0058	0.0027	0.0033	0.0179	0.0035	0.0284	0.0028	0.0113	0.0186	0.0056	0.0008	0.0197	0.0090	0.0145	0.0099	0.0174	0.0003	0.0177	0.0214	0.0193	0.0096	0.0218	0.0282	0.0211	0.0057	0.0289	0.0174	0.0096	0.0056	
0.0152	0.0068	0.0067	0.0124	0.0201	0.0133	0.0173	0.0118	0.0077	0.0072	0.0042	0.0112	0.0149	0.0181	0.0032	0.0223	0.0110	0.0005	0.0161	0.0186	0.0073	0.0140	0.0001	0.0176	0.0009	0.0127	0.0139	0.0047	0.0062	0.0233	0.0076	0.0061	0.0169	0.0034	0.0226	0.0248	0.0141	0.0056	0.0186	0.0004	0.0102	0.0268	0.0171	0.0061	0.0203	0.0031	0.0299	0.0193	0.0170	0.0005	0.0121	0.0243	0.0279	0.0120	0.0155	0.0047	0.0074	0.0173	0.0165	0.0028	0.0136	0.0146	0.0081	0.0146	0.0050	0.0170	0.0125	0.0138	0.0174	0.0024	0.0000	0.0062	0.0123	0.0185	0.0061	0.0099	0.0196	0.0161	0.0211	0.0209	
0.0287	0.0200	0.0178	0.0076	0.0010	0.0072	0.0076	0.0034	0.0057	0.0134	0.0161	0.0093	0.0187	0.0113	0.0024	0.0210	0.0120	0.0221	0.0020	0.0284	0.0130	0.0052	0.0267	0.0129	0.0007	0.0081	0.0130	0.0096	0.0076	0.0159	0.0139	0.0150	0.0149	0.0194	0.0053	0.0067	0.0024	0.0066	0.0168	0.0237	0.0179	0.0155	0.0081	0.0077	0.0107	0.0161	0.0193	0.0012	0.0111	0.0136	0.0204	0.0204	0.0185	0.0008	0.0104	0.0177	0.0202	0.0027	0.0061	0.0173	0.0202	0.0001	0.0201	0.0176	0.0008	0.0041	0.0205	0.0240	0.0052	0.0220	0.0166	0.0072	0.0079	0.0044	0.0079	0.0205	0.0251	0.0165	0.0018	0.0087	
0.0175	0.0121	0.0208	0.0208	0.0160	0.0140	0.0204	0.0138	0.0055	0.0103	0.0101	0.0244	0.0280	0.0223	0.0032	0.0146	0.0150	0.0118	0.0069	0.0077	0.0228	0.0199	0.0229	0.0162	0.0199	0.0163	0.0145	0.0158	0.0164	0.0123	0.0182	0.0028	0.0007	0.0205	0.0041	0.0081	0.0055	0.0032	0.0195	0.0103	0.0069	0.0081	0.0167	0.0164	0.0075	0.0150	0.0059	0.0096	0.0002	0.0173	0.0050	0.0051	0.0078	0.0230	0.0111	0.0201	0.0149	0.0014	0.0215	0.0025	0.0018	0.0093	0.0162	0.0164	0.0125	0.0096	0.0230	0.0028	0.0153	0.0205	0.0075	0.0155	0.0177	0.0253	0.0004	0.0101	0.0016	0.0007	0.0078	0.0047	
0.0097	0.0066	0.0130	0.0288	0.0065	0.0131	0.0181	0.0064	0.0089	0.0086	0.0149	0.0043	0.0075	0.0213	0.0070	0.0202	0.0112	0.0186	0.0057	0.0270	0.0198	0.0036	0.0171	0.0050	0.0085	0.0183	0.0155	0.0134	0.0184	0.0219	0.0161	0.0148	0.0171	0.0147	0.0206	0.0208	0.0225	0.0232	0.0090	0.0290	0.0172	0.0205	0.0185	0.0092	0.0020	0.0043	0.0069	0.0216	0.0123	0.0050	0.0012	0.0018	0.0183	0.0128	0.0119	0.0050	0.0152	0.0056	0.0165	0.0148	0.0003	0.0087	0.0089	0.0100	0.0127	0.0030	0.0121	0.0143	0.0013	0.0121	0.0190	0.0201	0.0148	0.0084	0.0075	0.0176	0.0110	0.0040	0.0027	0.0040	
0.0078	0.0219	0.0236	0.0131	0.0297	0.0238	0.0162	0.0034	0.0029	0.0085	0.0048	0.0219	0.0038	0.0193	0.0206	0.0075	0.0082	0.0109	0.0220	0.0274	0.0167	0.0227	0.0151	0.0049	0.0067	0.0071	0.0145	0.0090	0.0038	0.0217	0.0316	0.0128	0.0040	0.0150	0.0074	0.0054	0.0136	0.0200	0.0205	0.0097	0.0084	0.0069	0.0150	0.0113	0.0068	0.0044	0.0269	0.0211	0.0091	0.0013	0.0129	0.0019	0.0116	0.0039	0.0082	0.0082	0.0014	0.0246	0.0076	0.0109	0.0024	0.0071	0.0022	0.0159	0.0210	0.0133	0.0107	0.0195	0.0118	0.0126	0.0205	0.0101	0.0210	0.0004	0.0140	0.0160	0.0046	0.0082	0.0238	0.0032	
0.0223	0.0230	0.0034	0.0019	0.0280	0.0221	0.0039	0.0194	0.0001	0.0119	0.0038	0.0016	0.0153	0.0001	0.0169	0.0004	0.0037	0.0242	0.0167	0.0164	0.0161	0.0267	0.0064	0.0171	0.0103	0.0036	0.0076	0.0074	0.0148	0.0310	0.0135	0.0208	0.0192	0.0043	0.0195	0.0083	0.0049	0.0009	0.0199	0.0006	0.0164	0.0150	0.0202	0.0207	0.0128	0.0126	0.0307	0.0231	0.0058	0.0136	0.0073	0.0081	0.0208	0.0118	0.0104	0.0159	0.0162	0.0138	0.0154	0.0155	0.0105	0.0218	0.0120	0.0001	0.0051	0.0086	0.0096	0.0111	0.0052	0.0093	0.0215	0.0026	0.0047	0.0181	0.0233	0.0022	0.0050	0.0122	0.0034	0.0199	
0.0046	0.0150	0.0292	0.0204	0.0214	0.0046	0.0035	0.0039	0.0128	0.0139	0.0181	0.0224	0.0106	0.0237	0.0130	0.0205	0.0021	0.0208	0.0155	0.0036	0.0035	0.0166	0.0114	0.0222	0.0167	0.0051	0.0035	0.0189	0.0112	0.0150	0.0235	0.0037	0.0091	0.0223	0.0135	0.0224	0.0201	0.0148	0.0111	0.0007	0.0065	0.0041	0.0237	0.0068	0.0148	0.0020	0.0280	0.0062	0.0014	0.0054	0.0204	0.0145	0.0286	0.0002	0.0135	0.0089	0.0002	0.0039	0.0017	0.0086	0.0001	0.0053	0.0187	0.0059	0.0064	0.0117	0.0086	0.0197	0.0092	0.0132	0.0247	0.0102	0.0091	0.0167	0.0193	0.0297	0.0174	0.0074	0.0071	0.0156	
0.0120	0.0233	0.0236	0.0025	0.0122	0.0045	0.0070	0.0042	0.0170	0.0120	0.0184	0.0223	0.0124	0.0211	0.0011	0.0005	0.0067	0.0155	0.0008	0.0260	0.0155	0.0286	0.0155	0.0080	0.0092	0.0107	0.0043	0.0034	0.0032	0.0264	0.0303	0.0179	0.0226	0.0102	0.0197	0.0021	0.0075	0.0172	0.0251	0.0011	0.0067	0.0028	0.0222	0.0106	0.0175	0.0007	0.0378	0.0117	0.0110	0.0144	0.0130	0.0045	0.0081	0.0077	0.0007	0.0066	0.0024	0.0179	0.0147	0.0159	0.0157	0.0041	0.0036	0.0046	0.0227	0.0022	0.0178	0.0049	0.0209	0.0161	0.0195	0.0111	0.0192	0.0253	0.0142	0.0147	0.0043	0.0089	0.0128	0.0088	
0.0147	0.0186	0.0162	0.0063	0.0018	0.0189	0.0106	0.0091	0.0055	0.0050	0.0188	0.0214	0.0026	0.0210	0.0028	0.0020	0.0215	0.0135	0.0106	0.0183	0.0019	0.0200	0.0100	0.0125	0.0040	0.0029	0.0091	0.0067	0.0149	0.0133	0.0101	0.0176	0.0253	0.0049	0.0070	0.0049	0.0124	0.0217	0.0029	0.0039	0.0160	0.0101	0.0231	0.0146	0.0201	0.0161	0.0129	0.0228	0.0136	0.0118	0.0121	0.0136	0.0256	0.0231	0.0066	0.0129	0.0074	0.0021	0.0012	0.0167	0.0066	0.0048	0.0199	0.0198	0.0206	0.0046	0.0177	0.0214	0.0125	0.0188	0.0121	0.0217	0.0109	0.0061	0.0013	0.0145	0.0189	0.0194	0.0133	0.0073	
0.0178	0.0147	0.0132	0.0246	0.0209	0.0182	0.0190	0.0025	0.0170	0.0103	0.0188	0.0117	0.0225	0.0042	0.0205	0.0099	0.0110	0.0019	0.0175	0.0197	0.0233	0.0140	0.0066	0.0200	0.0020	0.0157	0.0037	0.0159	0.0188	0.0184	0.0227	0.0128	0.0120	0.0169	0.0064	0.0175	0.0162	0.0249	0.0220	0.0030	0.0094	0.0194	0.0031	0.0015	0.0221	0.0015	0.0033	0.0073	0.0059	0.0142	0.0033	0.0164	0.0262	0.0235	0.0088	0.0029	0.0073	0.0154	0.0212	0.0044	0.0137	0.0065	0.0066	0.0023	0.0126	0.0087	0.0217	0.0045	0.0190	0.0040	0.0154	0.0127	0.0034	0.0163	0.0078	0.0041	0.0099	0.0048	0.0193	0.0005	
0.0140	0.0261	0.0089	0.0036	0.0164	0.0056	0.0128	0.0137	0.0064	0.0028	0.0122	0.0031	0.0027	0.0199	0.0137	0.0019	0.0112	0.0007	0.0145	0.0179	0.0025	0.0305	0.0096	0.0041	0.0246	0.0169	0.0189	0.0098	0.0144	0.0081	0.0242	0.0028	0.0212	0.0247	0.0202	0.0210	0.0006	0.0054	0.0178	0.0079	0.0253	0.0121	0.0285	0.0202	0.0203	0.0155	0.0164	0.0118	0.0027	0.0070	0.0186	0.0104	0.0223	0.0088	0.0219	0.0121	0.0156	0.0045	0.0043	0.0226	0.0123	0.0041	0.0017	0.0004	0.0106	0.0089	0.0090	0.0072	0.0007	0.0184	0.0012	0.0065	0.0144	0.0048	0.0181	0.0207	0.0281	0.0163	0.0113	0.0110	
0.0047	0.0063	0.0072	0.0055	0.0141	0.0109	0.0087	0.0070	0.0181	0.0020	0.0051	0.0248	0.0011	0.0153	0.0177	0.0196	0.0077	0.0262	0.0094	0.0098	0.0049	0.0054	0.0081	0.0078	0.0052	0.0115	0.0214	0.0112	0.0161	0.0072	0.0185	0.0236	0.0192	0.0219	0.0166	0.0071	0.0207	0.0198	0.0158	0.0001	0.0247	0.0237	0.0095	0.0209	0.0124	0.0031	0.0071	0.0229	0.0066	0.0187	0.0080	0.0011	0.0058	0.0018	0.0038	0.0000	0.0244	0.0303	0.0236	0.0184	0.0093	0.0202	0.0186	0.0177	0.0127	0.0058	0.0040	0.0080	0.0213	0.0104	0.0218	0.0101	0.0098	0.0106	0.0089	0.0074	0.0189	0.0128	0.0192	0.0023	
0.0072	0.0018	0.0053	0.0137	0.0225	0.0147	0.0150	0.0104	0.0100	0.0115	0.0087	0.0243	0.0202	0.0131	0.0109	0.0018	0.0027	0.0164	0.0083	0.0061	0.0206	0.0237	0.0195	0.0180	0.0034	0.0202	0.0145	0.0160	0.0160	0.0263	0.0041	0.0095	0.0039	0.0236	0.0143	0.0086	0.0144	0.0048	0.0218	0.0140	0.0136	0.0135	0.0201	0.0037	0.0018	0.0177	0.0184	0.0207	0.0161	0.0061	0.0030	0.0044	0.0024	0.0136	0.0029	0.0062	0.0038	0.0116	0.0099	0.0164	0.0174	0.0210	0.0201	0.0143	0.0131	0.0007	0.0157	0.0231	0.0198	0.0028	0.0097	0.0186	0.0193	0.0106	0.0139	0.0092	0.0022	0.0187	0.0160	0.0060	
0.0077	0.0215	0.0234	0.0075	0.0207	0.0253	0.0063	0.0101	0.0132	0.0040	0.0048	0.0070	0.0189	0.0216	0.0009	0.0147	0.0132	0.0045	0.0130	0.0013	0.0017	0.0170	0.0188	0.0161	0.0182	0.0057	0.0086	0.0143	0.0213	0.0228	0.0083	0.0095	0.0177	0.0035	0.0131	0.0014	0.0020	0.0155	0.0217	0.0090	0.0183	0.0047	0.0076	0.0141	0.0191	0.0028	0.0039	0.0229	0.0071	0.0022	0.0150	0.0208	0.0047	0.0175	0.0040	0.0102	0.0252	0.0050	0.0089	0.0092	0.0110	0.0142	0.0149	0.0221	0.0215	0.0152	0.0115	0.0154	0.0072	0.0190	0.0116	0.0199	0.0087	0.0252	0.0067	0.0203	0.0074	0.0054	0.0184	0.0156	
0.0032	0.0134	0.0072	0.0184	0.0271	0.0106	0.0053	0.0002	0.0192	0.0168	0.0021	0.0253	0.0068	0.0079	0.0008	0.0014	0.0106	0.0092	0.0170	0.0013	0.0141	0.0135	0.0120	0.0097	0.0142	0.0205	0.0142	0.0040	0.0088	0.0106	0.0106	0.0191	0.0092	0.0161	0.0093	0.0018	0.0094	0.0254	0.0263	0.0101	0.0159	0.0151	0.0208	0.0105	0.0210	0.0124	0.0216	0.0008	0.0205	0.0058	0.0093	0.0239	0.0153	0.0208	0.0047	0.0116	0.0265	0.0255	0.0024	0.0028	0.0170	0.0017	0.0146	0.0134	0.0126	0.0071	0.0127	0.0173	0.0211	0.0205	0.0174	0.0106	0.0110	0.0041	0.0101	0.0246	0.0176	0.0018	0.0124	0.0022	
0.0045	0.0135	0.0059	0.0016	0.0244	0.0103	0.0052	0.0106	0.0072	0.0128	0.0018	0.0141	0.0222	0.0186	0.0160	0.0136	0.0208	0.0054	0.0211	0.0146	0.0222	0.0266	0.0021	0.0227	0.0129	0.0225	0.0129	0.0080	0.0082	0.0069	0.0251	0.0224	0.0086	0.0265	0.0218	0.0065	0.0187	0.0144	0.0157	0.0020	0.0023	0.0003	0.0084	0.0046	0.0199	0.0021	0.0162	0.0157	0.0077	0.0179	0.0017	0.0112	0.0038	0.0244	0.0023	0.0033	0.0114	0.0068	0.0104	0.0183	0.0174	0.0195	0.0047	0.0025	0.0180	0.0034	0.0043	0.0211	0.0187	0.0095	0.0162	0.0066	0.0148	0.0210	0.0097	0.0229	0.0150	0.0219	0.0022	0.0112	
0.0106	0.0251	0.0258	0.0105	0.0046	0.0132	0.0174	0.0070	0.0187	0.0139	0.0192	0.0167	0.0042	0.0166	0.0060	0.0053	0.0197	0.0061	0.0105	0.0195	0.0215	0.0187	0.0171	0.0232	0.0050	0.0188	0.0220	0.0070	0.0136	0.0047	0.0156	0.0144	0.0039	0.0260	0.0127	0.0220	0.0227	0.0196	0.0269	0.0052	0.0102	0.0215	0.0007	0.0022	0.0144	0.0017	0.0044	0.0254	0.0121	0.0054	0.0038	0.0112	0.0140	0.0105	0.0132	0.0133	0.0058	0.0307	0.0049	0.0078	0.0121	0.0113	0.0201	0.0188	0.0058	0.0060	0.0102	0.0070	0.0034	0.0079	0.0065	0.0226	0.0071	0.0035	0.0074	0.0016	0.0149	0.0176	0.0085	0.0035	
0.0168	0.0251	0.0202	0.0061	0.0261	0.0024	0.0026	0.0162	0.0056	0.0159	0.0156	0.0249	0.0153	0.0139	0.0174	0.0239	0.0233	0.0077	0.0208	0.0085	0.0148	0.0235	0.0190	0.0048	0.0004	0.0045	0.0040	0.0075	0.0017	0.0164	0.0036	0.0143	0.0168	0.0011	0.0177	0.0144	0.0170	0.0155	0.0194	0.0029	0.0045	0.0186	0.0007	0.0086	0.0166	0.0069	0.0114	0.0185	0.0083	0.0090	0.0021	0.0079	0.0219	0.0007	0.0121	0.0162	0.0049	0.0154	0.0058	0.0174	0.0208	0.0188	0.0156	0.0162	0.0157	0.0028	0.0067	0.0137	0.0199	0.0032	0.0046	0.0082	0.0144	0.0190	0.0033	0.0224	0.0202	0.0105	0.0122	0.0168	
0.0184	0.0106	0.0216	0.0149	0.0108	0.0172	0.0153	0.0130	0.0098	0.0180	0.0079	0.0040	0.0089	0.0203	0.0042	0.0082	0.0005	0.0074	0.0153	0.0134	0.0221	0.0197	0.0187	0.0051	0.0046	0.0168	0.0166	0.0016	0.0190	0.0147	0.0204	0.0169	0.0009	0.0111	0.0002	0.0100	0.0182	0.0007	0.0035	0.0168	0.0081	0.0152	0.0014	0.0182	0.0150	0.0001	0.0219	0.0141	0.0092	0.0155	0.0172	0.0092	0.0155	0.0224	0.0143	0.0180	0.0136	0.0148	0.0093	0.0143	0.0008	0.0143	0.0144	0.0179	0.0204	0.0130	0.0028	0.0185	0.0184	0.0153	0.0100	0.0215	0.0046	0.0211	0.0042	0.0064	0.0174	0.0197	0.0105	0.0045	
0.0185	0.0042	0.0158	0.0026	0.0235	0.0154	0.0019	0.0013	0.0158	0.0010	0.0201	0.0061	0.0147	0.0103	0.0173	0.0188	0.0225	0.0064	0.0226	0.0022	0.0205	0.0022	0.0138	0.0191	0.0060	0.0196	0.0066	0.0151	0.0198	0.0140	0.0057	0.0180	0.0043	0.0060	0.0224	0.0219	0.0034	0.0151	0.0029	0.0063	0.0142	0.0015	0.0033	0.0206	0.0212	0.0061	0.0154	0.0210	0.0028	0.0104	0.0083	0.0154	0.0344	0.0112	0.0065	0.0101	0.0144	0.0281	0.0211	0.0174	0.0042	0.0075	0.0072	0.0095	0.0226	0.0030	0.0011	0.0108	0.0112	0.0168	0.0148	0.0062	0.0032	0.0127	0.0115	0.0241	0.0221	0.0216	0.0225	0.0004	
0.0153	0.0139	0.0188	0.0055	0.0250	0.0141	0.0162	0.0184	0.0193	0.0051	0.0082	0.0103	0.0236	0.0054	0.0061	0.0060	0.0167	0.0161	0.0243	0.0224	0.0060	0.0285	0.0083	0.0054	0.0016	0.0031	0.0114	0.0165	0.0226	0.0147	0.0180	0.0182	0.0230	0.0211	0.0098	0.0185	0.0163	0.0041	0.0087	0.0076	0.0131	0.0096	0.0146	0.0056	0.0122	0.0025	0.0128	0.0262	0.0037	0.0072	0.0019	0.0046	0.0218	0.0054	0.0178	0.0116	0.0050	0.0105	0.0033	0.0188	0.0038	0.0044	0.0172	0.0073	0.0113	0.0167	0.0123	0.0001	0.0181	0.0131	0.0125	0.0157	0.0103	0.0199	0.0065	0.0180	0.0119	0.0010	0.0158	0.0220	
0.0148	0.0131	0.0080	0.0138	0.0121	0.0142	0.0185	0.0126	0.0001	0.0152	0.0118	0.0065	0.0005	0.0114	0.0029	0.0063	0.0125	0.0065	0.0176	0.0204	0.0133	0.0127	0.0015	0.0158	0.0156	0.0113	0.0196	0.0026	0.0221	0.0252	0.0024	0.0036	0.0177	0.0042	0.0058	0.0139	0.0194	0.0045	0.0218	0.0153	0.0198	0.0197	0.0252	0.0216	0.0215	0.0061	0.0163	0.0218	0.0111	0.0004	0.0071	0.0040	0.0071	0.0221	0.0072	0.0023	0.0120	0.0175	0.0196	0.0188	0.0140	0.0168	0.0171	0.0022	0.0179	0.0080	0.0114	0.0204	0.0054	0.0106	0.0092	0.0072	0.0099	0.0213	0.0214	0.0191	0.0108	0.0022	0.0168	0.0100	
0.0235	0.0251	0.0149	0.0217	0.0146	0.0235	0.0185	0.0151	0.0156	0.0022	0.0030	0.0065	0.0086	0.0213	0.0047	0.0014	0.0007	0.0208	0.0046	0.0149	0.0176	0.0191	0.0139	0.0007	0.0132	0.0002	0.0175	0.0091	0.0223	0.0164	0.0168	0.0090	0.0232	0.0098	0.0002	0.0167	0.0042	0.0222	0.0133	0.0145	0.0130	0.0186	0.0018	0.0025	0.0080	0.0026	0.0292	0.0135	0.0123	0.0185	0.0151	0.0132	0.0259	0.0047	0.0138	0.0040	0.0092	0.0146	0.0057	0.0107	0.0033	0.0113	0.0184	0.0050	0.0108	0.0148	0.0074	0.0231	0.0186	0.0106	0.0213	0.0031	0.0095	0.0094	0.0010	0.0216	0.0151	0.0124	0.0149	0.0105	
0.0004	0.0058	0.0190	0.0205	0.0249	0.0017	0.0092	0.0092	0.0108	0.0096	0.0069	0.0176	0.0146	0.0217	0.0131	0.0267	0.0196	0.0238	0.0134	0.0153	0.0163	0.0004	0.0117	0.0028	0.0013	0.0122	0.0046	0.0092	0.0032	0.0250	0.0194	0.0203	0.0233	0.0216	0.0111	0.0206	0.0163	0.0198	0.0110	0.0043	0.0066	0.0150	0.0097	0.0026	0.0037	0.0043	0.0181	0.0104	0.0130	0.0009	0.0023	0.0192	0.0304	0.0016	0.0113	0.0001	0.0167	0.0206	0.0203	0.0038	0.0140	0.0205	0.0118	0.0210	0.0036	0.0076	0.0138	0.0226	0.0093	0.0125	0.0055	0.0175	0.0116	0.0053	0.0062	0.0039	0.0134	0.0132	0.0218	0.0157	
0.0033	0.0229	0.0260	0.0017	0.0194	0.0253	0.0223	0.0160	0.0231	0.0102	0.0080	0.0054	0.0003	0.0036	0.0140	0.0089	0.0011	0.0147	0.0252	0.0205	0.0120	0.0177	0.0233	0.0245	0.0195	0.0047	0.0078	0.0156	0.0200	0.0206	0.0112	0.0027	0.0185	0.0018	0.0027	0.0011	0.0033	0.0140	0.0072	0.0058	0.0140	0.0279	0.0273	0.0222	0.0114	0.0007	0.0348	0.0100	0.0149	0.0006	0.0023	0.0046	0.0183	0.0070	0.0081	0.0102	0.0254	0.0322	0.0062	0.0099	0.0115	0.0080	0.0017	0.0105	0.0050	0.0049	0.0118	0.0262	0.0010	0.0117	0.0047	0.0124	0.0075	0.0190	0.0045	0.0152	0.0161	0.0017	0.0126	0.0200	

Emissions
0.0674	0.4047	0.0091	0.2725	0.2463	
0.0426	0.2432	0.1740	0.2499	0.2903	
0.0540	0.0991	0.1367	0.2954	0.4148	
0.0429	0.3660	0.2246	0.2654	0.1011	
0.1411	0.3734	0.1201	0.0392	0.3262	
0.1459	0.2904	0.2958	0.0216	0.2462	
0.2195	0.3466	0.1889	0.1380	0.1070	
0.2191	0.1522	0.1800	0.4448	0.0038	
0.2805	0.0742	0.1650	0.2874	0.1929	
0.3234	0.0918	0.2109	0.3680	0.0059	
0.2644	0.0632	0.2414	0.1673	0.2637	
0.0412	0.1770	0.2662	0.1828	0.3329	
0.0720	0.2575	0.1325	0.3051	0.2328	
0.0758	0.3043	0.3592	0.1619	0.0988	
0.2435	0.1646	0.2062	0.2465	0.1392	
0.0592	0.1941	0.2236	0.1820	0.3411	
0.2424	0.4318	0.0619	0.0464	0.2175	
0.2481	0.1998	0.0626	0.0307	0.4589	
0.1465	0.1211	0.1633	0.2396	0.3294	
0.0101	0.2645	0.1587	0.3071	0.2597	
0.0482	0.1426	0.4329	0.3148	0.0616	
0.0327	0.1642	0.2236	0.2360	0.3436	
0.1722	0.2897	0.0490	0.3378	0.1512	
0.1913	0.2101	0.1028	0.1969	0.2989	
0.2099	0.2216	0.2806	0.2088	0.0791	
0.1225	0.2791	0.1843	0.3037	0.1104	
0.1620	0.0779	0.2797	0.2965	0.1840	
0.0187	0.2975	0.2228	0.4114	0.0496	
0.1321	0.4282	0.1996	0.0671	0.1730	
0.0278	0.1007	0.2475	0.1535	0.4705	
0.0852	0.1771	0.2988	0.0495	0.3894	
0.1707	0.2249	0.0997	0.2155	0.2892	
0.0586	0.3774	0.3070	0.1199	0.1370	
0.0680	0.4496	0.1200	0.0327	0.3298	
0.1349	0.1086	0.2333	0.3152	0.2079	
0.0769	0.1826	0.4714	0.2043	0.0648	
0.1560	0.4743	0.2341	0.0817	0.0540	
0.0163	0.1658	0.2957	0.3362	0.1860	
0.1440	0.1200	0.3377	0.0754	0.3229	
0.3141	0.0851	0.0707	0.5295	0.0007	
0.0258	0.3160	0.1687	0.2239	0.2657	
0.0790	0.0605	0.1516	0.3379	0.3711	
0.0455	0.3003	0.3464	0.1228	0.1851	
0.2108	0.3030	0.2589	0.0839	0.1434	
0.2282	0.0865	0.0989	0.2650	0.3213	
0.3194	0.0921	0.0538	0.2751	0.2595	
0.0042	0.0559	0.3338	0.0891	0.5170	
0.0810	0.3469	0.0935	0.2120	0.2666	
0.2686	0.0288	0.4805	0.1084	0.1138	
0.2062	0.2023	0.2448	0.2913	0.0554	
0.2393	0.2144	0.3397	0.1842	0.0224	
0.2519	0.2477	0.2816	0.0230	0.1958	
0.0147	0.3995	0.2936	0.0106	0.2815	
0.0096	0.4369	0.2471	0.1957	0.1107	
0.4107	0.1971	0.0369	0.2420	0.1133	
0.4477	0.1795	0.0170	0.3375	0.0182	
0.0998	0.2333	0.1225	0.1556	0.3888	
0.0785	0.0928	0.1555	0.0760	0.5971	
0.1105	0.0236	0.0728	0.2957	0.4973	
0.3216	0.1130	0.3145	0.2194	0.0316	
0.2058	0.4434	0.0656	0.1982	0.0871	
0.2479	0.2934	0.2636	0.1146	0.0805	
0.3395	0.4600	0.1307	0.0051	0.0646	
0.1350	0.4355	0.1581	0.0633	0.2081	
0.1961	0.2014	0.0916	0.1677	0.3434	
0.2934	0.1229	0.0886	0.3327	0.1624	
0.1776	0.2858	0.2718	0.2146	0.0502	
0.1378	0.2151	0.3154	0.1325	0.1992	
0.2759	0.3824	0.0992	0.0432	0.1994	
0.2221	0.3371	0.0593	0.2719	0.1096	
0.0842	0.0431	0.4496	0.1382	0.2848	
0.1089	0.2813	0.2347	0.2896	0.0855	
0.0572	0.1215	0.2763	0.3216	0.2235	
0.0146	0.0782	0.2867	0.3127	0.3078	
0.2300	0.2492	0.2613	0.1940	0.0655	
0.2581	0.1305	0.0551	0.0305	0.5258	
0.0305	0.1144	0.3968	0.3375	0.1207	
0.1973	0.3986	0.0954	0.0580	0.2507	
0.2337	0.3096	0.3236	0.0498	0.0834	
0.2604	0.0853	0.2384	0.2499	0.1660	
