DataSet 43
Learner: Baum Welch Learner
Log Likelihood: 39186.6819599180

Number of States: 70
Number of Symbols: 5
Threshold: 0.01

Initial Distribution:
0.0249	0.0106	0.0075	0.0214	0.0092	0.0140	0.0287	0.0201	0.0155	0.0128	0.0332	0.0437	0.0026	0.0295	0.0000	0.0095	0.0021	0.0062	0.0235	0.0266	0.0074	0.0192	0.0237	0.0124	0.0166	0.0026	0.0260	0.0023	0.0024	0.0156	0.0145	0.0242	0.0275	0.0231	0.0241	0.0223	0.0040	0.0072	0.0030	0.0078	0.0133	0.0077	0.0055	0.0105	0.0012	0.0138	0.0025	0.0060	0.0138	0.0091	0.0072	0.0183	0.0201	0.0043	0.0051	0.0011	0.0179	0.0273	0.0008	0.0100	0.0310	0.0252	0.0255	0.0033	0.0216	0.0124	0.0041	0.0048	0.0295	0.0193	

Transitions:
0.0120	0.0127	0.0092	0.0158	0.0101	0.0139	0.0107	0.0204	0.0099	0.0060	0.0239	0.0063	0.0084	0.0202	0.0095	0.0272	0.0224	0.0167	0.0172	0.0238	0.0175	0.0071	0.0100	0.0212	0.0153	0.0173	0.0066	0.0063	0.0326	0.0196	0.0046	0.0210	0.0183	0.0042	0.0249	0.0136	0.0123	0.0029	0.0232	0.0163	0.0158	0.0268	0.0162	0.0258	0.0086	0.0074	0.0135	0.0168	0.0231	0.0241	0.0091	0.0173	0.0150	0.0231	0.0252	0.0053	0.0037	0.0122	0.0005	0.0165	0.0071	0.0042	0.0163	0.0154	0.0015	0.0016	0.0142	0.0038	0.0216	0.0172	
0.0111	0.0189	0.0190	0.0001	0.0080	0.0213	0.0187	0.0153	0.0145	0.0088	0.0054	0.0171	0.0133	0.0021	0.0122	0.0163	0.0072	0.0310	0.0059	0.0179	0.0134	0.0235	0.0020	0.0034	0.0077	0.0118	0.0002	0.0276	0.0254	0.0072	0.0222	0.0086	0.0151	0.0020	0.0126	0.0113	0.0280	0.0170	0.0149	0.0025	0.0132	0.0168	0.0269	0.0227	0.0122	0.0148	0.0201	0.0238	0.0049	0.0142	0.0210	0.0156	0.0232	0.0076	0.0047	0.0126	0.0193	0.0161	0.0214	0.0207	0.0186	0.0166	0.0154	0.0073	0.0151	0.0216	0.0042	0.0115	0.0152	0.0220	
0.0139	0.0173	0.0112	0.0034	0.0046	0.0258	0.0261	0.0103	0.0186	0.0223	0.0192	0.0059	0.0266	0.0066	0.0150	0.0066	0.0103	0.0112	0.0249	0.0251	0.0224	0.0089	0.0230	0.0173	0.0064	0.0239	0.0210	0.0214	0.0060	0.0191	0.0136	0.0082	0.0029	0.0065	0.0304	0.0008	0.0055	0.0258	0.0034	0.0058	0.0139	0.0116	0.0273	0.0351	0.0043	0.0144	0.0277	0.0184	0.0271	0.0086	0.0122	0.0242	0.0117	0.0207	0.0026	0.0053	0.0225	0.0237	0.0292	0.0087	0.0043	0.0066	0.0038	0.0003	0.0083	0.0101	0.0041	0.0187	0.0063	0.0108	
0.0003	0.0149	0.0056	0.0177	0.0108	0.0106	0.0115	0.0242	0.0135	0.0186	0.0242	0.0048	0.0265	0.0201	0.0066	0.0199	0.0210	0.0132	0.0046	0.0204	0.0054	0.0104	0.0219	0.0197	0.0005	0.0062	0.0043	0.0258	0.0246	0.0215	0.0131	0.0077	0.0078	0.0082	0.0097	0.0148	0.0199	0.0236	0.0095	0.0166	0.0207	0.0291	0.0091	0.0066	0.0123	0.0245	0.0100	0.0124	0.0261	0.0188	0.0138	0.0196	0.0111	0.0137	0.0069	0.0153	0.0197	0.0125	0.0224	0.0040	0.0060	0.0119	0.0043	0.0195	0.0061	0.0144	0.0259	0.0188	0.0114	0.0124	
0.0243	0.0017	0.0015	0.0142	0.0273	0.0085	0.0025	0.0198	0.0074	0.0010	0.0242	0.0201	0.0044	0.0009	0.0080	0.0228	0.0221	0.0277	0.0017	0.0198	0.0003	0.0047	0.0031	0.0046	0.0097	0.0086	0.0188	0.0184	0.0312	0.0257	0.0020	0.0190	0.0236	0.0082	0.0216	0.0105	0.0213	0.0277	0.0148	0.0258	0.0141	0.0008	0.0060	0.0212	0.0076	0.0124	0.0104	0.0060	0.0135	0.0135	0.0205	0.0029	0.0144	0.0221	0.0129	0.0203	0.0262	0.0263	0.0044	0.0174	0.0152	0.0116	0.0158	0.0111	0.0291	0.0038	0.0266	0.0258	0.0081	0.0208	
0.0236	0.0002	0.0092	0.0031	0.0050	0.0241	0.0263	0.0124	0.0244	0.0250	0.0253	0.0109	0.0057	0.0115	0.0050	0.0317	0.0041	0.0031	0.0227	0.0243	0.0124	0.0199	0.0180	0.0209	0.0070	0.0013	0.0078	0.0228	0.0224	0.0042	0.0160	0.0127	0.0235	0.0148	0.0152	0.0132	0.0232	0.0124	0.0167	0.0121	0.0205	0.0144	0.0003	0.0081	0.0190	0.0038	0.0072	0.0086	0.0072	0.0264	0.0260	0.0209	0.0256	0.0100	0.0090	0.0045	0.0067	0.0154	0.0261	0.0034	0.0148	0.0035	0.0145	0.0207	0.0098	0.0106	0.0168	0.0186	0.0214	0.0122	
0.0049	0.0147	0.0170	0.0093	0.0047	0.0004	0.0237	0.0132	0.0002	0.0044	0.0215	0.0007	0.0189	0.0147	0.0069	0.0315	0.0135	0.0237	0.0073	0.0087	0.0108	0.0057	0.0135	0.0132	0.0186	0.0174	0.0177	0.0084	0.0464	0.0098	0.0183	0.0158	0.0089	0.0210	0.0260	0.0031	0.0125	0.0214	0.0067	0.0076	0.0109	0.0323	0.0210	0.0285	0.0104	0.0157	0.0162	0.0057	0.0232	0.0203	0.0242	0.0025	0.0114	0.0201	0.0018	0.0001	0.0034	0.0015	0.0261	0.0127	0.0063	0.0127	0.0077	0.0214	0.0187	0.0029	0.0230	0.0309	0.0179	0.0275	
0.0100	0.0215	0.0092	0.0250	0.0269	0.0169	0.0186	0.0260	0.0025	0.0043	0.0029	0.0129	0.0224	0.0077	0.0143	0.0165	0.0069	0.0270	0.0194	0.0216	0.0026	0.0075	0.0008	0.0202	0.0242	0.0246	0.0047	0.0264	0.0027	0.0068	0.0292	0.0172	0.0068	0.0158	0.0068	0.0187	0.0264	0.0139	0.0206	0.0103	0.0101	0.0061	0.0312	0.0156	0.0112	0.0206	0.0227	0.0105	0.0081	0.0044	0.0243	0.0002	0.0059	0.0029	0.0258	0.0030	0.0248	0.0173	0.0350	0.0019	0.0110	0.0189	0.0161	0.0260	0.0064	0.0112	0.0093	0.0057	0.0021	0.0133	
0.0160	0.0195	0.0010	0.0074	0.0114	0.0237	0.0081	0.0160	0.0081	0.0050	0.0026	0.0208	0.0199	0.0240	0.0110	0.0310	0.0106	0.0051	0.0190	0.0026	0.0018	0.0047	0.0117	0.0159	0.0216	0.0173	0.0081	0.0036	0.0074	0.0276	0.0143	0.0147	0.0052	0.0187	0.0145	0.0004	0.0297	0.0281	0.0201	0.0249	0.0213	0.0090	0.0090	0.0268	0.0250	0.0151	0.0023	0.0309	0.0161	0.0072	0.0279	0.0044	0.0121	0.0278	0.0114	0.0118	0.0098	0.0126	0.0126	0.0192	0.0137	0.0042	0.0072	0.0091	0.0200	0.0128	0.0195	0.0290	0.0103	0.0088	
0.0226	0.0122	0.0130	0.0191	0.0073	0.0196	0.0239	0.0176	0.0171	0.0079	0.0146	0.0079	0.0175	0.0238	0.0285	0.0107	0.0028	0.0071	0.0084	0.0005	0.0164	0.0127	0.0132	0.0235	0.0074	0.0174	0.0245	0.0277	0.0037	0.0139	0.0262	0.0035	0.0142	0.0030	0.0093	0.0089	0.0207	0.0203	0.0198	0.0159	0.0153	0.0203	0.0231	0.0035	0.0069	0.0067	0.0142	0.0137	0.0114	0.0091	0.0102	0.0119	0.0160	0.0111	0.0189	0.0104	0.0254	0.0173	0.0131	0.0153	0.0191	0.0212	0.0103	0.0038	0.0109	0.0101	0.0229	0.0156	0.0146	0.0131	
0.0146	0.0074	0.0163	0.0159	0.0115	0.0197	0.0197	0.0105	0.0171	0.0013	0.0026	0.0089	0.0182	0.0153	0.0036	0.0177	0.0122	0.0043	0.0112	0.0214	0.0107	0.0016	0.0061	0.0013	0.0166	0.0179	0.0035	0.0190	0.0348	0.0242	0.0138	0.0002	0.0217	0.0220	0.0215	0.0125	0.0340	0.0295	0.0291	0.0168	0.0192	0.0221	0.0017	0.0147	0.0147	0.0087	0.0060	0.0337	0.0011	0.0289	0.0217	0.0173	0.0034	0.0222	0.0019	0.0132	0.0025	0.0117	0.0377	0.0164	0.0140	0.0002	0.0083	0.0207	0.0178	0.0018	0.0201	0.0271	0.0011	0.0036	
0.0119	0.0121	0.0034	0.0160	0.0044	0.0184	0.0003	0.0228	0.0143	0.0099	0.0125	0.0075	0.0187	0.0169	0.0005	0.0243	0.0241	0.0024	0.0211	0.0033	0.0211	0.0152	0.0005	0.0077	0.0238	0.0167	0.0217	0.0094	0.0329	0.0112	0.0208	0.0094	0.0190	0.0262	0.0129	0.0047	0.0194	0.0144	0.0164	0.0042	0.0154	0.0067	0.0330	0.0169	0.0059	0.0115	0.0093	0.0323	0.0220	0.0296	0.0048	0.0156	0.0027	0.0290	0.0075	0.0235	0.0155	0.0191	0.0271	0.0112	0.0000	0.0162	0.0026	0.0008	0.0171	0.0022	0.0177	0.0230	0.0078	0.0217	
0.0024	0.0122	0.0108	0.0164	0.0143	0.0214	0.0139	0.0141	0.0021	0.0149	0.0107	0.0011	0.0204	0.0285	0.0067	0.0027	0.0067	0.0220	0.0171	0.0142	0.0203	0.0183	0.0216	0.0040	0.0046	0.0280	0.0007	0.0275	0.0193	0.0028	0.0228	0.0148	0.0125	0.0220	0.0228	0.0235	0.0033	0.0140	0.0108	0.0169	0.0106	0.0016	0.0168	0.0067	0.0010	0.0259	0.0278	0.0063	0.0213	0.0125	0.0251	0.0229	0.0030	0.0226	0.0008	0.0076	0.0185	0.0098	0.0098	0.0153	0.0186	0.0134	0.0181	0.0265	0.0181	0.0257	0.0147	0.0219	0.0027	0.0113	
0.0269	0.0191	0.0142	0.0023	0.0028	0.0166	0.0023	0.0144	0.0036	0.0064	0.0287	0.0194	0.0055	0.0067	0.0092	0.0013	0.0122	0.0225	0.0277	0.0145	0.0020	0.0241	0.0029	0.0221	0.0236	0.0225	0.0116	0.0222	0.0245	0.0067	0.0128	0.0057	0.0051	0.0079	0.0194	0.0008	0.0129	0.0015	0.0238	0.0109	0.0064	0.0068	0.0071	0.0066	0.0197	0.0258	0.0122	0.0152	0.0257	0.0197	0.0106	0.0265	0.0276	0.0192	0.0133	0.0047	0.0197	0.0198	0.0076	0.0081	0.0059	0.0089	0.0186	0.0283	0.0248	0.0194	0.0185	0.0304	0.0162	0.0075	
0.0161	0.0099	0.0215	0.0141	0.0076	0.0256	0.0160	0.0262	0.0013	0.0307	0.0109	0.0247	0.0014	0.0006	0.0257	0.0154	0.0077	0.0209	0.0224	0.0117	0.0106	0.0160	0.0232	0.0139	0.0037	0.0285	0.0085	0.0103	0.0115	0.0300	0.0096	0.0125	0.0205	0.0114	0.0291	0.0225	0.0042	0.0111	0.0100	0.0150	0.0154	0.0218	0.0180	0.0086	0.0232	0.0060	0.0086	0.0275	0.0007	0.0087	0.0129	0.0006	0.0024	0.0061	0.0242	0.0257	0.0147	0.0106	0.0112	0.0091	0.0137	0.0062	0.0112	0.0034	0.0214	0.0267	0.0073	0.0188	0.0022	0.0205	
0.0071	0.0237	0.0063	0.0072	0.0207	0.0171	0.0006	0.0160	0.0158	0.0271	0.0164	0.0100	0.0087	0.0002	0.0139	0.0093	0.0083	0.0172	0.0150	0.0245	0.0114	0.0174	0.0256	0.0238	0.0217	0.0095	0.0052	0.0156	0.0161	0.0002	0.0273	0.0166	0.0204	0.0032	0.0016	0.0094	0.0218	0.0229	0.0110	0.0065	0.0236	0.0246	0.0181	0.0145	0.0182	0.0039	0.0265	0.0152	0.0196	0.0076	0.0144	0.0187	0.0222	0.0032	0.0112	0.0122	0.0249	0.0104	0.0089	0.0114	0.0098	0.0105	0.0003	0.0161	0.0282	0.0260	0.0170	0.0050	0.0232	0.0018	
0.0146	0.0161	0.0038	0.0101	0.0001	0.0150	0.0020	0.0157	0.0038	0.0259	0.0104	0.0183	0.0307	0.0077	0.0145	0.0083	0.0175	0.0214	0.0197	0.0162	0.0130	0.0102	0.0145	0.0229	0.0228	0.0150	0.0271	0.0044	0.0152	0.0266	0.0157	0.0207	0.0157	0.0135	0.0247	0.0265	0.0172	0.0211	0.0041	0.0288	0.0119	0.0133	0.0059	0.0172	0.0042	0.0211	0.0178	0.0222	0.0025	0.0159	0.0067	0.0303	0.0116	0.0116	0.0182	0.0040	0.0022	0.0095	0.0158	0.0132	0.0149	0.0224	0.0002	0.0075	0.0081	0.0180	0.0019	0.0132	0.0127	0.0143	
0.0156	0.0013	0.0126	0.0195	0.0028	0.0272	0.0047	0.0263	0.0186	0.0009	0.0252	0.0038	0.0017	0.0251	0.0182	0.0176	0.0064	0.0061	0.0222	0.0171	0.0226	0.0060	0.0031	0.0157	0.0088	0.0152	0.0124	0.0283	0.0071	0.0174	0.0201	0.0032	0.0085	0.0110	0.0287	0.0035	0.0131	0.0208	0.0087	0.0185	0.0238	0.0027	0.0149	0.0167	0.0141	0.0098	0.0249	0.0038	0.0203	0.0154	0.0083	0.0230	0.0122	0.0199	0.0190	0.0098	0.0235	0.0287	0.0099	0.0134	0.0118	0.0049	0.0139	0.0035	0.0098	0.0231	0.0225	0.0173	0.0223	0.0108	
0.0028	0.0136	0.0297	0.0049	0.0211	0.0191	0.0209	0.0175	0.0318	0.0296	0.0181	0.0074	0.0110	0.0138	0.0103	0.0331	0.0157	0.0226	0.0220	0.0157	0.0062	0.0147	0.0099	0.0207	0.0043	0.0214	0.0112	0.0147	0.0081	0.0258	0.0190	0.0083	0.0069	0.0031	0.0198	0.0134	0.0353	0.0129	0.0025	0.0002	0.0209	0.0121	0.0333	0.0144	0.0001	0.0054	0.0272	0.0068	0.0325	0.0151	0.0059	0.0082	0.0254	0.0107	0.0089	0.0164	0.0053	0.0066	0.0005	0.0259	0.0078	0.0058	0.0077	0.0053	0.0133	0.0079	0.0027	0.0083	0.0229	0.0172	
0.0221	0.0050	0.0145	0.0194	0.0239	0.0224	0.0161	0.0005	0.0200	0.0272	0.0235	0.0053	0.0190	0.0177	0.0194	0.0099	0.0126	0.0322	0.0235	0.0003	0.0138	0.0217	0.0090	0.0028	0.0170	0.0140	0.0246	0.0226	0.0359	0.0199	0.0037	0.0167	0.0065	0.0067	0.0189	0.0199	0.0264	0.0030	0.0152	0.0097	0.0012	0.0057	0.0177	0.0017	0.0037	0.0033	0.0163	0.0252	0.0190	0.0037	0.0227	0.0053	0.0122	0.0276	0.0022	0.0020	0.0237	0.0103	0.0026	0.0085	0.0001	0.0203	0.0011	0.0288	0.0250	0.0052	0.0295	0.0128	0.0022	0.0176	
0.0127	0.0110	0.0105	0.0137	0.0279	0.0111	0.0063	0.0094	0.0288	0.0179	0.0289	0.0057	0.0077	0.0273	0.0257	0.0302	0.0056	0.0103	0.0049	0.0169	0.0042	0.0119	0.0007	0.0050	0.0105	0.0090	0.0034	0.0186	0.0063	0.0291	0.0043	0.0044	0.0179	0.0251	0.0214	0.0128	0.0253	0.0304	0.0314	0.0228	0.0248	0.0161	0.0114	0.0183	0.0103	0.0233	0.0170	0.0065	0.0037	0.0239	0.0326	0.0209	0.0065	0.0160	0.0140	0.0003	0.0107	0.0069	0.0024	0.0182	0.0067	0.0161	0.0026	0.0014	0.0126	0.0255	0.0175	0.0103	0.0053	0.0110	
0.0030	0.0060	0.0095	0.0117	0.0194	0.0150	0.0012	0.0126	0.0227	0.0164	0.0194	0.0214	0.0145	0.0075	0.0272	0.0151	0.0228	0.0026	0.0120	0.0175	0.0022	0.0157	0.0219	0.0071	0.0124	0.0059	0.0117	0.0104	0.0054	0.0163	0.0066	0.0054	0.0008	0.0182	0.0236	0.0160	0.0105	0.0263	0.0260	0.0235	0.0257	0.0293	0.0125	0.0172	0.0259	0.0085	0.0052	0.0267	0.0039	0.0254	0.0245	0.0144	0.0229	0.0157	0.0096	0.0137	0.0100	0.0019	0.0325	0.0118	0.0034	0.0162	0.0064	0.0057	0.0095	0.0129	0.0250	0.0242	0.0119	0.0047	
0.0029	0.0026	0.0076	0.0152	0.0206	0.0051	0.0054	0.0108	0.0102	0.0041	0.0012	0.0159	0.0076	0.0056	0.0233	0.0267	0.0092	0.0191	0.0107	0.0081	0.0104	0.0080	0.0215	0.0106	0.0197	0.0079	0.0161	0.0065	0.0070	0.0125	0.0154	0.0107	0.0091	0.0276	0.0271	0.0161	0.0093	0.0111	0.0270	0.0041	0.0101	0.0362	0.0252	0.0305	0.0126	0.0142	0.0136	0.0041	0.0187	0.0198	0.0053	0.0106	0.0132	0.0070	0.0250	0.0223	0.0079	0.0256	0.0305	0.0110	0.0149	0.0250	0.0040	0.0287	0.0203	0.0168	0.0103	0.0104	0.0094	0.0273	
0.0120	0.0001	0.0217	0.0058	0.0289	0.0107	0.0168	0.0002	0.0311	0.0076	0.0257	0.0108	0.0244	0.0150	0.0092	0.0045	0.0249	0.0045	0.0038	0.0290	0.0148	0.0111	0.0143	0.0146	0.0132	0.0123	0.0238	0.0288	0.0079	0.0272	0.0066	0.0038	0.0223	0.0166	0.0061	0.0032	0.0288	0.0085	0.0100	0.0117	0.0092	0.0106	0.0354	0.0256	0.0173	0.0047	0.0082	0.0288	0.0294	0.0176	0.0221	0.0069	0.0056	0.0129	0.0142	0.0017	0.0140	0.0063	0.0297	0.0146	0.0134	0.0183	0.0140	0.0042	0.0015	0.0191	0.0252	0.0058	0.0094	0.0020	
0.0106	0.0207	0.0227	0.0210	0.0205	0.0071	0.0118	0.0283	0.0257	0.0106	0.0039	0.0038	0.0064	0.0187	0.0029	0.0290	0.0266	0.0102	0.0041	0.0033	0.0213	0.0154	0.0157	0.0198	0.0243	0.0186	0.0126	0.0257	0.0163	0.0254	0.0132	0.0026	0.0075	0.0166	0.0058	0.0289	0.0123	0.0155	0.0222	0.0057	0.0187	0.0156	0.0091	0.0108	0.0121	0.0139	0.0154	0.0064	0.0007	0.0025	0.0223	0.0127	0.0004	0.0084	0.0105	0.0240	0.0056	0.0028	0.0274	0.0018	0.0228	0.0147	0.0121	0.0288	0.0257	0.0012	0.0252	0.0192	0.0123	0.0038	
0.0122	0.0112	0.0152	0.0246	0.0113	0.0055	0.0058	0.0050	0.0080	0.0098	0.0037	0.0050	0.0231	0.0122	0.0043	0.0010	0.0016	0.0334	0.0056	0.0093	0.0203	0.0070	0.0152	0.0168	0.0083	0.0021	0.0019	0.0095	0.0127	0.0114	0.0174	0.0208	0.0207	0.0202	0.0160	0.0055	0.0228	0.0017	0.0236	0.0041	0.0147	0.0263	0.0200	0.0184	0.0216	0.0142	0.0206	0.0286	0.0275	0.0192	0.0279	0.0218	0.0089	0.0015	0.0092	0.0051	0.0219	0.0295	0.0165	0.0085	0.0029	0.0197	0.0140	0.0253	0.0219	0.0075	0.0115	0.0280	0.0215	0.0198	
0.0063	0.0004	0.0058	0.0016	0.0218	0.0187	0.0152	0.0008	0.0211	0.0225	0.0089	0.0018	0.0148	0.0140	0.0135	0.0284	0.0119	0.0283	0.0149	0.0089	0.0096	0.0213	0.0113	0.0119	0.0007	0.0190	0.0069	0.0253	0.0347	0.0187	0.0052	0.0204	0.0027	0.0258	0.0191	0.0167	0.0224	0.0105	0.0088	0.0149	0.0189	0.0306	0.0094	0.0293	0.0019	0.0013	0.0114	0.0056	0.0186	0.0283	0.0216	0.0183	0.0120	0.0171	0.0155	0.0116	0.0148	0.0212	0.0013	0.0017	0.0109	0.0160	0.0029	0.0013	0.0182	0.0122	0.0295	0.0184	0.0217	0.0131	
0.0027	0.0044	0.0123	0.0299	0.0191	0.0174	0.0152	0.0216	0.0110	0.0352	0.0098	0.0033	0.0129	0.0316	0.0280	0.0170	0.0100	0.0203	0.0126	0.0046	0.0129	0.0235	0.0095	0.0068	0.0016	0.0012	0.0222	0.0084	0.0061	0.0196	0.0021	0.0242	0.0053	0.0005	0.0290	0.0182	0.0088	0.0157	0.0319	0.0001	0.0288	0.0266	0.0123	0.0021	0.0215	0.0120	0.0094	0.0084	0.0063	0.0036	0.0041	0.0141	0.0042	0.0251	0.0024	0.0058	0.0257	0.0078	0.0286	0.0162	0.0236	0.0067	0.0121	0.0257	0.0330	0.0163	0.0299	0.0126	0.0023	0.0062	
0.0059	0.0273	0.0173	0.0127	0.0053	0.0175	0.0139	0.0076	0.0141	0.0227	0.0232	0.0124	0.0027	0.0019	0.0137	0.0218	0.0176	0.0124	0.0284	0.0199	0.0255	0.0012	0.0184	0.0089	0.0047	0.0247	0.0123	0.0215	0.0044	0.0102	0.0151	0.0261	0.0053	0.0254	0.0310	0.0057	0.0269	0.0261	0.0230	0.0173	0.0211	0.0188	0.0222	0.0087	0.0247	0.0120	0.0062	0.0134	0.0125	0.0075	0.0272	0.0196	0.0108	0.0131	0.0134	0.0050	0.0101	0.0115	0.0078	0.0124	0.0040	0.0221	0.0026	0.0048	0.0061	0.0279	0.0076	0.0051	0.0039	0.0063	
0.0193	0.0219	0.0186	0.0106	0.0248	0.0049	0.0077	0.0096	0.0125	0.0227	0.0149	0.0231	0.0082	0.0230	0.0150	0.0296	0.0116	0.0266	0.0134	0.0207	0.0230	0.0120	0.0129	0.0049	0.0095	0.0254	0.0140	0.0180	0.0021	0.0008	0.0053	0.0008	0.0080	0.0027	0.0153	0.0182	0.0287	0.0006	0.0154	0.0072	0.0237	0.0300	0.0252	0.0174	0.0235	0.0045	0.0165	0.0082	0.0231	0.0079	0.0095	0.0132	0.0171	0.0104	0.0104	0.0075	0.0113	0.0151	0.0323	0.0013	0.0153	0.0153	0.0055	0.0122	0.0174	0.0135	0.0193	0.0053	0.0085	0.0158	
0.0231	0.0115	0.0062	0.0057	0.0231	0.0231	0.0162	0.0001	0.0066	0.0066	0.0080	0.0060	0.0280	0.0200	0.0205	0.0224	0.0084	0.0321	0.0196	0.0050	0.0117	0.0096	0.0006	0.0124	0.0140	0.0061	0.0187	0.0138	0.0300	0.0130	0.0146	0.0100	0.0238	0.0002	0.0103	0.0176	0.0082	0.0135	0.0146	0.0131	0.0182	0.0126	0.0078	0.0258	0.0192	0.0105	0.0205	0.0169	0.0237	0.0224	0.0037	0.0198	0.0110	0.0046	0.0054	0.0140	0.0122	0.0222	0.0199	0.0155	0.0043	0.0030	0.0013	0.0223	0.0216	0.0236	0.0101	0.0291	0.0098	0.0211	
0.0107	0.0200	0.0151	0.0062	0.0151	0.0005	0.0036	0.0071	0.0229	0.0048	0.0142	0.0035	0.0249	0.0012	0.0113	0.0319	0.0260	0.0323	0.0248	0.0220	0.0100	0.0149	0.0193	0.0250	0.0078	0.0159	0.0098	0.0151	0.0025	0.0256	0.0022	0.0200	0.0037	0.0252	0.0160	0.0036	0.0114	0.0074	0.0224	0.0046	0.0130	0.0088	0.0026	0.0194	0.0050	0.0009	0.0112	0.0007	0.0196	0.0328	0.0262	0.0177	0.0044	0.0210	0.0164	0.0241	0.0029	0.0174	0.0408	0.0244	0.0136	0.0163	0.0032	0.0272	0.0030	0.0169	0.0010	0.0332	0.0127	0.0030	
0.0112	0.0149	0.0018	0.0162	0.0106	0.0036	0.0132	0.0093	0.0221	0.0082	0.0061	0.0066	0.0007	0.0020	0.0363	0.0203	0.0161	0.0256	0.0102	0.0152	0.0030	0.0204	0.0062	0.0237	0.0119	0.0224	0.0001	0.0073	0.0212	0.0131	0.0001	0.0105	0.0130	0.0110	0.0175	0.0021	0.0234	0.0184	0.0092	0.0083	0.0142	0.0346	0.0385	0.0299	0.0208	0.0081	0.0186	0.0056	0.0419	0.0235	0.0028	0.0139	0.0196	0.0002	0.0330	0.0189	0.0137	0.0082	0.0061	0.0135	0.0028	0.0048	0.0117	0.0075	0.0088	0.0171	0.0302	0.0241	0.0116	0.0233	
0.0208	0.0027	0.0066	0.0250	0.0022	0.0084	0.0195	0.0161	0.0014	0.0051	0.0053	0.0194	0.0104	0.0167	0.0102	0.0168	0.0199	0.0161	0.0105	0.0195	0.0176	0.0076	0.0087	0.0196	0.0045	0.0078	0.0201	0.0208	0.0149	0.0247	0.0128	0.0227	0.0134	0.0029	0.0240	0.0179	0.0093	0.0199	0.0282	0.0154	0.0005	0.0299	0.0076	0.0330	0.0088	0.0063	0.0250	0.0090	0.0305	0.0223	0.0261	0.0123	0.0071	0.0246	0.0028	0.0142	0.0199	0.0130	0.0294	0.0187	0.0116	0.0001	0.0041	0.0039	0.0209	0.0057	0.0105	0.0074	0.0199	0.0092	
0.0048	0.0051	0.0167	0.0215	0.0215	0.0226	0.0014	0.0129	0.0135	0.0287	0.0137	0.0130	0.0263	0.0160	0.0323	0.0386	0.0179	0.0291	0.0003	0.0070	0.0065	0.0227	0.0213	0.0044	0.0012	0.0004	0.0183	0.0034	0.0077	0.0024	0.0299	0.0168	0.0108	0.0152	0.0202	0.0152	0.0339	0.0168	0.0034	0.0073	0.0151	0.0109	0.0022	0.0353	0.0097	0.0010	0.0049	0.0253	0.0081	0.0238	0.0169	0.0187	0.0069	0.0201	0.0041	0.0101	0.0118	0.0116	0.0271	0.0188	0.0051	0.0258	0.0046	0.0112	0.0005	0.0232	0.0060	0.0111	0.0248	0.0046	
0.0008	0.0046	0.0170	0.0198	0.0207	0.0229	0.0207	0.0238	0.0225	0.0003	0.0229	0.0251	0.0259	0.0105	0.0144	0.0069	0.0103	0.0208	0.0113	0.0066	0.0095	0.0162	0.0197	0.0102	0.0013	0.0148	0.0015	0.0193	0.0290	0.0126	0.0241	0.0221	0.0175	0.0012	0.0211	0.0089	0.0021	0.0143	0.0258	0.0055	0.0171	0.0161	0.0168	0.0203	0.0234	0.0068	0.0009	0.0257	0.0243	0.0233	0.0121	0.0134	0.0265	0.0223	0.0222	0.0120	0.0112	0.0053	0.0216	0.0040	0.0216	0.0007	0.0004	0.0085	0.0041	0.0004	0.0087	0.0249	0.0166	0.0041	
0.0038	0.0216	0.0205	0.0052	0.0160	0.0234	0.0269	0.0023	0.0150	0.0244	0.0152	0.0054	0.0265	0.0028	0.0012	0.0125	0.0204	0.0331	0.0065	0.0075	0.0265	0.0203	0.0209	0.0214	0.0079	0.0182	0.0139	0.0081	0.0171	0.0265	0.0279	0.0042	0.0043	0.0168	0.0189	0.0119	0.0224	0.0224	0.0042	0.0249	0.0120	0.0094	0.0188	0.0318	0.0152	0.0156	0.0042	0.0293	0.0093	0.0192	0.0030	0.0110	0.0151	0.0104	0.0048	0.0074	0.0025	0.0001	0.0271	0.0005	0.0080	0.0171	0.0102	0.0196	0.0278	0.0107	0.0020	0.0064	0.0118	0.0112	
0.0165	0.0055	0.0155	0.0087	0.0206	0.0209	0.0046	0.0254	0.0042	0.0218	0.0123	0.0178	0.0001	0.0257	0.0169	0.0126	0.0124	0.0183	0.0134	0.0095	0.0137	0.0155	0.0264	0.0027	0.0160	0.0225	0.0221	0.0288	0.0007	0.0062	0.0145	0.0242	0.0109	0.0178	0.0042	0.0335	0.0153	0.0085	0.0162	0.0168	0.0026	0.0041	0.0171	0.0043	0.0132	0.0214	0.0213	0.0162	0.0231	0.0063	0.0259	0.0088	0.0143	0.0037	0.0002	0.0250	0.0084	0.0200	0.0152	0.0022	0.0259	0.0041	0.0276	0.0241	0.0033	0.0171	0.0034	0.0060	0.0179	0.0176	
0.0226	0.0064	0.0046	0.0286	0.0058	0.0086	0.0226	0.0200	0.0145	0.0262	0.0001	0.0283	0.0018	0.0236	0.0103	0.0076	0.0056	0.0085	0.0210	0.0061	0.0177	0.0220	0.0181	0.0122	0.0170	0.0292	0.0096	0.0270	0.0012	0.0018	0.0179	0.0132	0.0053	0.0027	0.0126	0.0183	0.0027	0.0198	0.0281	0.0228	0.0016	0.0150	0.0027	0.0270	0.0022	0.0239	0.0040	0.0038	0.0163	0.0181	0.0084	0.0244	0.0099	0.0100	0.0056	0.0244	0.0167	0.0234	0.0085	0.0074	0.0258	0.0219	0.0171	0.0134	0.0048	0.0163	0.0212	0.0283	0.0083	0.0177	
0.0041	0.0120	0.0109	0.0010	0.0040	0.0235	0.0243	0.0183	0.0109	0.0209	0.0211	0.0038	0.0092	0.0047	0.0247	0.0279	0.0015	0.0300	0.0239	0.0125	0.0245	0.0093	0.0088	0.0174	0.0183	0.0020	0.0259	0.0175	0.0270	0.0172	0.0029	0.0047	0.0240	0.0200	0.0199	0.0126	0.0153	0.0120	0.0066	0.0057	0.0016	0.0296	0.0110	0.0196	0.0140	0.0186	0.0174	0.0156	0.0243	0.0102	0.0114	0.0242	0.0015	0.0220	0.0229	0.0197	0.0045	0.0206	0.0083	0.0019	0.0002	0.0059	0.0163	0.0226	0.0203	0.0142	0.0090	0.0178	0.0117	0.0021	
0.0085	0.0162	0.0185	0.0183	0.0129	0.0019	0.0001	0.0231	0.0023	0.0008	0.0125	0.0130	0.0300	0.0105	0.0056	0.0049	0.0035	0.0028	0.0279	0.0247	0.0155	0.0202	0.0043	0.0046	0.0061	0.0252	0.0281	0.0182	0.0355	0.0302	0.0148	0.0017	0.0271	0.0174	0.0014	0.0158	0.0135	0.0138	0.0117	0.0202	0.0232	0.0135	0.0227	0.0085	0.0189	0.0126	0.0091	0.0216	0.0239	0.0162	0.0137	0.0071	0.0188	0.0201	0.0166	0.0163	0.0144	0.0134	0.0158	0.0159	0.0025	0.0114	0.0172	0.0040	0.0190	0.0098	0.0195	0.0114	0.0088	0.0109	
0.0181	0.0192	0.0162	0.0054	0.0017	0.0049	0.0010	0.0254	0.0129	0.0228	0.0141	0.0105	0.0285	0.0107	0.0126	0.0058	0.0094	0.0077	0.0019	0.0121	0.0077	0.0214	0.0269	0.0183	0.0162	0.0112	0.0129	0.0160	0.0158	0.0083	0.0230	0.0235	0.0053	0.0052	0.0225	0.0199	0.0142	0.0128	0.0173	0.0103	0.0138	0.0139	0.0221	0.0193	0.0018	0.0178	0.0136	0.0136	0.0179	0.0078	0.0277	0.0097	0.0056	0.0229	0.0029	0.0205	0.0195	0.0289	0.0145	0.0157	0.0174	0.0106	0.0072	0.0054	0.0255	0.0170	0.0048	0.0212	0.0150	0.0169	
0.0156	0.0229	0.0160	0.0180	0.0220	0.0187	0.0004	0.0082	0.0173	0.0264	0.0229	0.0218	0.0265	0.0075	0.0092	0.0154	0.0150	0.0098	0.0026	0.0002	0.0254	0.0124	0.0219	0.0219	0.0158	0.0018	0.0068	0.0204	0.0209	0.0139	0.0142	0.0167	0.0237	0.0196	0.0191	0.0217	0.0183	0.0159	0.0001	0.0102	0.0188	0.0114	0.0076	0.0199	0.0185	0.0176	0.0159	0.0003	0.0258	0.0084	0.0244	0.0229	0.0139	0.0139	0.0200	0.0029	0.0024	0.0224	0.0010	0.0179	0.0100	0.0061	0.0111	0.0044	0.0111	0.0049	0.0250	0.0019	0.0143	0.0083	
0.0218	0.0041	0.0082	0.0207	0.0063	0.0170	0.0072	0.0070	0.0033	0.0304	0.0153	0.0068	0.0274	0.0120	0.0186	0.0224	0.0022	0.0152	0.0017	0.0164	0.0256	0.0210	0.0150	0.0050	0.0240	0.0163	0.0265	0.0044	0.0074	0.0196	0.0245	0.0134	0.0122	0.0118	0.0172	0.0186	0.0177	0.0281	0.0102	0.0075	0.0240	0.0244	0.0184	0.0043	0.0084	0.0056	0.0126	0.0054	0.0194	0.0178	0.0030	0.0150	0.0002	0.0007	0.0145	0.0264	0.0178	0.0045	0.0231	0.0182	0.0177	0.0028	0.0226	0.0158	0.0038	0.0003	0.0247	0.0134	0.0234	0.0220	
0.0031	0.0054	0.0028	0.0271	0.0212	0.0003	0.0055	0.0129	0.0260	0.0281	0.0026	0.0227	0.0217	0.0200	0.0149	0.0091	0.0127	0.0132	0.0297	0.0186	0.0029	0.0110	0.0055	0.0168	0.0176	0.0277	0.0291	0.0057	0.0003	0.0109	0.0118	0.0000	0.0098	0.0176	0.0215	0.0333	0.0131	0.0068	0.0117	0.0184	0.0238	0.0072	0.0079	0.0010	0.0185	0.0304	0.0190	0.0132	0.0005	0.0202	0.0193	0.0154	0.0116	0.0090	0.0237	0.0213	0.0002	0.0196	0.0071	0.0257	0.0040	0.0007	0.0116	0.0165	0.0125	0.0029	0.0111	0.0329	0.0297	0.0145	
0.0189	0.0054	0.0019	0.0097	0.0191	0.0173	0.0033	0.0031	0.0249	0.0143	0.0054	0.0078	0.0038	0.0035	0.0236	0.0320	0.0119	0.0015	0.0207	0.0214	0.0208	0.0215	0.0198	0.0096	0.0081	0.0183	0.0206	0.0197	0.0248	0.0152	0.0178	0.0130	0.0140	0.0108	0.0265	0.0034	0.0115	0.0009	0.0144	0.0206	0.0134	0.0288	0.0186	0.0224	0.0181	0.0152	0.0225	0.0072	0.0250	0.0121	0.0129	0.0073	0.0027	0.0254	0.0177	0.0219	0.0078	0.0171	0.0017	0.0002	0.0170	0.0083	0.0065	0.0090	0.0259	0.0130	0.0232	0.0206	0.0040	0.0137	
0.0148	0.0155	0.0118	0.0266	0.0104	0.0016	0.0072	0.0091	0.0176	0.0231	0.0262	0.0212	0.0011	0.0078	0.0011	0.0089	0.0116	0.0171	0.0223	0.0306	0.0284	0.0162	0.0313	0.0138	0.0003	0.0064	0.0123	0.0088	0.0168	0.0029	0.0244	0.0047	0.0275	0.0043	0.0277	0.0013	0.0221	0.0070	0.0182	0.0206	0.0197	0.0006	0.0014	0.0111	0.0033	0.0086	0.0104	0.0062	0.0087	0.0137	0.0051	0.0078	0.0216	0.0059	0.0167	0.0244	0.0150	0.0329	0.0214	0.0048	0.0195	0.0228	0.0178	0.0156	0.0249	0.0248	0.0186	0.0265	0.0100	0.0001	
0.0133	0.0064	0.0006	0.0048	0.0077	0.0267	0.0172	0.0177	0.0114	0.0237	0.0251	0.0039	0.0319	0.0031	0.0286	0.0212	0.0055	0.0288	0.0148	0.0008	0.0153	0.0195	0.0112	0.0111	0.0250	0.0238	0.0132	0.0166	0.0176	0.0138	0.0192	0.0122	0.0259	0.0074	0.0031	0.0225	0.0074	0.0251	0.0312	0.0219	0.0067	0.0275	0.0171	0.0048	0.0086	0.0129	0.0002	0.0152	0.0214	0.0050	0.0153	0.0262	0.0083	0.0084	0.0139	0.0197	0.0237	0.0209	0.0063	0.0132	0.0109	0.0026	0.0009	0.0286	0.0031	0.0122	0.0065	0.0229	0.0000	0.0008	
0.0085	0.0102	0.0241	0.0194	0.0200	0.0152	0.0053	0.0070	0.0019	0.0139	0.0200	0.0203	0.0257	0.0090	0.0300	0.0278	0.0028	0.0255	0.0211	0.0094	0.0016	0.0139	0.0139	0.0110	0.0066	0.0041	0.0240	0.0191	0.0013	0.0293	0.0084	0.0077	0.0134	0.0139	0.0255	0.0002	0.0011	0.0170	0.0157	0.0217	0.0136	0.0183	0.0167	0.0276	0.0208	0.0113	0.0055	0.0243	0.0008	0.0091	0.0075	0.0145	0.0227	0.0168	0.0270	0.0185	0.0227	0.0141	0.0157	0.0143	0.0145	0.0130	0.0035	0.0041	0.0066	0.0105	0.0141	0.0111	0.0119	0.0225	
0.0160	0.0118	0.0031	0.0217	0.0214	0.0111	0.0008	0.0206	0.0147	0.0223	0.0228	0.0040	0.0178	0.0157	0.0190	0.0234	0.0094	0.0303	0.0148	0.0012	0.0028	0.0132	0.0024	0.0220	0.0037	0.0259	0.0088	0.0117	0.0181	0.0119	0.0280	0.0189	0.0036	0.0020	0.0180	0.0122	0.0140	0.0305	0.0229	0.0113	0.0181	0.0017	0.0265	0.0216	0.0177	0.0116	0.0261	0.0178	0.0157	0.0124	0.0252	0.0162	0.0179	0.0127	0.0220	0.0035	0.0114	0.0065	0.0245	0.0186	0.0023	0.0133	0.0050	0.0028	0.0231	0.0020	0.0012	0.0160	0.0008	0.0219	
0.0062	0.0121	0.0025	0.0031	0.0090	0.0018	0.0198	0.0145	0.0056	0.0212	0.0019	0.0219	0.0308	0.0008	0.0157	0.0142	0.0027	0.0268	0.0080	0.0148	0.0073	0.0062	0.0068	0.0291	0.0099	0.0047	0.0235	0.0274	0.0293	0.0211	0.0162	0.0110	0.0159	0.0146	0.0095	0.0123	0.0195	0.0215	0.0061	0.0226	0.0155	0.0332	0.0022	0.0044	0.0232	0.0087	0.0208	0.0104	0.0254	0.0133	0.0322	0.0112	0.0082	0.0166	0.0225	0.0000	0.0063	0.0057	0.0261	0.0044	0.0082	0.0222	0.0144	0.0185	0.0052	0.0210	0.0101	0.0155	0.0207	0.0264	
0.0237	0.0137	0.0127	0.0153	0.0283	0.0080	0.0044	0.0036	0.0029	0.0020	0.0144	0.0145	0.0058	0.0116	0.0170	0.0030	0.0028	0.0272	0.0234	0.0087	0.0096	0.0104	0.0280	0.0005	0.0135	0.0220	0.0098	0.0155	0.0257	0.0038	0.0288	0.0061	0.0150	0.0196	0.0193	0.0181	0.0250	0.0235	0.0174	0.0153	0.0243	0.0025	0.0018	0.0192	0.0185	0.0257	0.0195	0.0082	0.0265	0.0010	0.0180	0.0109	0.0174	0.0139	0.0172	0.0128	0.0161	0.0144	0.0015	0.0073	0.0283	0.0165	0.0048	0.0280	0.0020	0.0087	0.0263	0.0144	0.0219	0.0026	
0.0058	0.0072	0.0142	0.0087	0.0138	0.0055	0.0096	0.0070	0.0117	0.0187	0.0026	0.0004	0.0200	0.0226	0.0213	0.0297	0.0150	0.0032	0.0026	0.0056	0.0281	0.0127	0.0177	0.0094	0.0142	0.0059	0.0268	0.0033	0.0312	0.0128	0.0334	0.0039	0.0171	0.0254	0.0287	0.0041	0.0377	0.0135	0.0013	0.0106	0.0038	0.0134	0.0051	0.0214	0.0054	0.0233	0.0024	0.0107	0.0184	0.0145	0.0216	0.0255	0.0123	0.0180	0.0036	0.0221	0.0180	0.0031	0.0367	0.0063	0.0056	0.0056	0.0096	0.0314	0.0219	0.0227	0.0150	0.0280	0.0025	0.0092	
0.0206	0.0062	0.0009	0.0216	0.0023	0.0220	0.0093	0.0083	0.0042	0.0221	0.0040	0.0208	0.0241	0.0056	0.0234	0.0030	0.0216	0.0026	0.0235	0.0008	0.0210	0.0252	0.0175	0.0258	0.0036	0.0313	0.0214	0.0066	0.0301	0.0081	0.0163	0.0100	0.0037	0.0029	0.0256	0.0136	0.0296	0.0257	0.0161	0.0129	0.0157	0.0119	0.0324	0.0055	0.0035	0.0169	0.0180	0.0172	0.0100	0.0174	0.0061	0.0119	0.0002	0.0026	0.0215	0.0260	0.0206	0.0080	0.0204	0.0046	0.0011	0.0029	0.0110	0.0298	0.0056	0.0255	0.0200	0.0214	0.0132	0.0051	
0.0067	0.0014	0.0167	0.0097	0.0150	0.0097	0.0248	0.0128	0.0205	0.0186	0.0116	0.0052	0.0311	0.0077	0.0016	0.0037	0.0081	0.0013	0.0128	0.0266	0.0263	0.0154	0.0045	0.0083	0.0102	0.0133	0.0272	0.0026	0.0307	0.0104	0.0304	0.0252	0.0008	0.0022	0.0106	0.0036	0.0240	0.0226	0.0188	0.0105	0.0275	0.0068	0.0157	0.0002	0.0212	0.0235	0.0054	0.0062	0.0294	0.0013	0.0153	0.0173	0.0041	0.0162	0.0092	0.0185	0.0262	0.0109	0.0304	0.0030	0.0110	0.0197	0.0106	0.0109	0.0191	0.0146	0.0049	0.0285	0.0261	0.0232	
0.0090	0.0177	0.0107	0.0026	0.0238	0.0196	0.0012	0.0041	0.0137	0.0168	0.0066	0.0194	0.0073	0.0301	0.0221	0.0118	0.0171	0.0141	0.0206	0.0192	0.0069	0.0095	0.0212	0.0112	0.0240	0.0054	0.0223	0.0057	0.0103	0.0091	0.0191	0.0080	0.0072	0.0216	0.0205	0.0244	0.0023	0.0020	0.0191	0.0205	0.0156	0.0187	0.0191	0.0130	0.0212	0.0190	0.0169	0.0129	0.0150	0.0036	0.0220	0.0198	0.0018	0.0064	0.0173	0.0247	0.0245	0.0011	0.0043	0.0175	0.0226	0.0187	0.0185	0.0058	0.0248	0.0293	0.0112	0.0094	0.0068	0.0007	
0.0089	0.0181	0.0253	0.0025	0.0021	0.0135	0.0177	0.0086	0.0171	0.0062	0.0178	0.0071	0.0217	0.0072	0.0190	0.0002	0.0061	0.0013	0.0070	0.0218	0.0264	0.0014	0.0246	0.0253	0.0225	0.0224	0.0009	0.0185	0.0211	0.0290	0.0095	0.0067	0.0077	0.0134	0.0266	0.0000	0.0269	0.0327	0.0056	0.0057	0.0094	0.0203	0.0147	0.0337	0.0040	0.0161	0.0054	0.0159	0.0210	0.0238	0.0208	0.0113	0.0021	0.0149	0.0035	0.0077	0.0232	0.0296	0.0092	0.0086	0.0114	0.0002	0.0156	0.0183	0.0278	0.0102	0.0305	0.0069	0.0109	0.0167	
0.0041	0.0054	0.0226	0.0010	0.0110	0.0075	0.0153	0.0242	0.0196	0.0064	0.0154	0.0135	0.0273	0.0196	0.0073	0.0277	0.0040	0.0243	0.0097	0.0148	0.0051	0.0211	0.0176	0.0221	0.0177	0.0083	0.0238	0.0233	0.0022	0.0201	0.0163	0.0238	0.0014	0.0253	0.0187	0.0097	0.0150	0.0010	0.0018	0.0217	0.0183	0.0249	0.0068	0.0011	0.0181	0.0227	0.0003	0.0276	0.0106	0.0257	0.0052	0.0055	0.0222	0.0236	0.0105	0.0076	0.0132	0.0003	0.0089	0.0025	0.0089	0.0160	0.0173	0.0268	0.0174	0.0152	0.0137	0.0290	0.0029	0.0205	
0.0104	0.0037	0.0173	0.0159	0.0232	0.0106	0.0160	0.0200	0.0028	0.0279	0.0087	0.0276	0.0170	0.0032	0.0161	0.0115	0.0026	0.0066	0.0165	0.0096	0.0282	0.0122	0.0216	0.0258	0.0114	0.0321	0.0292	0.0091	0.0108	0.0043	0.0111	0.0003	0.0213	0.0130	0.0175	0.0017	0.0149	0.0095	0.0317	0.0017	0.0192	0.0224	0.0234	0.0143	0.0204	0.0105	0.0055	0.0212	0.0119	0.0061	0.0160	0.0091	0.0095	0.0218	0.0232	0.0244	0.0110	0.0240	0.0034	0.0207	0.0091	0.0072	0.0073	0.0272	0.0147	0.0093	0.0057	0.0001	0.0149	0.0121	
0.0234	0.0196	0.0071	0.0151	0.0187	0.0033	0.0181	0.0086	0.0056	0.0009	0.0240	0.0056	0.0301	0.0034	0.0220	0.0030	0.0164	0.0000	0.0200	0.0195	0.0192	0.0222	0.0048	0.0038	0.0191	0.0122	0.0154	0.0303	0.0410	0.0158	0.0065	0.0046	0.0069	0.0253	0.0134	0.0139	0.0031	0.0312	0.0060	0.0200	0.0086	0.0036	0.0201	0.0037	0.0012	0.0030	0.0128	0.0065	0.0128	0.0124	0.0205	0.0059	0.0101	0.0272	0.0274	0.0028	0.0183	0.0028	0.0330	0.0056	0.0134	0.0175	0.0062	0.0213	0.0274	0.0171	0.0324	0.0021	0.0181	0.0268	
0.0240	0.0143	0.0263	0.0219	0.0110	0.0115	0.0051	0.0023	0.0025	0.0153	0.0002	0.0074	0.0176	0.0114	0.0256	0.0357	0.0214	0.0146	0.0001	0.0077	0.0019	0.0286	0.0008	0.0256	0.0034	0.0149	0.0183	0.0236	0.0115	0.0094	0.0035	0.0079	0.0112	0.0110	0.0118	0.0143	0.0121	0.0131	0.0130	0.0065	0.0244	0.0204	0.0002	0.0080	0.0057	0.0054	0.0007	0.0300	0.0301	0.0277	0.0196	0.0152	0.0017	0.0131	0.0253	0.0236	0.0187	0.0203	0.0311	0.0186	0.0151	0.0068	0.0124	0.0201	0.0124	0.0129	0.0269	0.0073	0.0033	0.0246	
0.0156	0.0089	0.0280	0.0190	0.0117	0.0129	0.0271	0.0214	0.0229	0.0279	0.0165	0.0002	0.0015	0.0098	0.0184	0.0194	0.0071	0.0008	0.0157	0.0116	0.0065	0.0145	0.0143	0.0191	0.0120	0.0168	0.0177	0.0091	0.0342	0.0140	0.0094	0.0189	0.0150	0.0277	0.0071	0.0072	0.0232	0.0116	0.0010	0.0083	0.0001	0.0358	0.0035	0.0328	0.0035	0.0202	0.0076	0.0168	0.0049	0.0301	0.0110	0.0257	0.0201	0.0255	0.0189	0.0027	0.0226	0.0057	0.0105	0.0191	0.0173	0.0149	0.0009	0.0068	0.0170	0.0185	0.0129	0.0018	0.0042	0.0046	
0.0253	0.0240	0.0345	0.0065	0.0137	0.0089	0.0128	0.0222	0.0194	0.0203	0.0114	0.0072	0.0060	0.0199	0.0048	0.0139	0.0024	0.0307	0.0121	0.0036	0.0176	0.0161	0.0021	0.0080	0.0136	0.0088	0.0236	0.0266	0.0111	0.0079	0.0125	0.0054	0.0066	0.0323	0.0046	0.0105	0.0314	0.0177	0.0113	0.0080	0.0219	0.0011	0.0231	0.0202	0.0119	0.0178	0.0164	0.0111	0.0027	0.0087	0.0216	0.0185	0.0235	0.0029	0.0188	0.0107	0.0279	0.0196	0.0323	0.0026	0.0131	0.0149	0.0120	0.0097	0.0082	0.0049	0.0013	0.0074	0.0164	0.0232	
0.0107	0.0126	0.0142	0.0024	0.0109	0.0141	0.0234	0.0130	0.0263	0.0235	0.0221	0.0115	0.0227	0.0003	0.0170	0.0295	0.0112	0.0058	0.0103	0.0191	0.0147	0.0050	0.0166	0.0075	0.0166	0.0046	0.0135	0.0092	0.0103	0.0050	0.0170	0.0068	0.0174	0.0096	0.0231	0.0028	0.0034	0.0183	0.0200	0.0230	0.0131	0.0119	0.0248	0.0357	0.0068	0.0220	0.0204	0.0186	0.0291	0.0136	0.0193	0.0225	0.0216	0.0234	0.0034	0.0062	0.0225	0.0065	0.0121	0.0058	0.0014	0.0130	0.0034	0.0215	0.0088	0.0132	0.0269	0.0134	0.0053	0.0090	
0.0165	0.0202	0.0145	0.0108	0.0075	0.0055	0.0116	0.0208	0.0303	0.0246	0.0126	0.0224	0.0167	0.0196	0.0151	0.0259	0.0107	0.0319	0.0075	0.0141	0.0075	0.0226	0.0060	0.0118	0.0211	0.0285	0.0040	0.0020	0.0273	0.0218	0.0013	0.0077	0.0077	0.0107	0.0272	0.0140	0.0143	0.0131	0.0185	0.0243	0.0239	0.0046	0.0073	0.0213	0.0214	0.0019	0.0286	0.0173	0.0115	0.0175	0.0023	0.0038	0.0046	0.0222	0.0023	0.0197	0.0183	0.0024	0.0188	0.0070	0.0015	0.0078	0.0012	0.0086	0.0242	0.0033	0.0223	0.0051	0.0211	0.0177	
0.0060	0.0009	0.0051	0.0088	0.0172	0.0037	0.0179	0.0179	0.0164	0.0235	0.0271	0.0148	0.0215	0.0017	0.0199	0.0316	0.0032	0.0203	0.0086	0.0006	0.0031	0.0081	0.0215	0.0087	0.0184	0.0142	0.0014	0.0268	0.0289	0.0198	0.0101	0.0202	0.0139	0.0157	0.0103	0.0006	0.0309	0.0234	0.0019	0.0227	0.0041	0.0312	0.0150	0.0231	0.0071	0.0092	0.0147	0.0001	0.0226	0.0234	0.0267	0.0046	0.0221	0.0256	0.0150	0.0218	0.0030	0.0238	0.0178	0.0031	0.0020	0.0163	0.0143	0.0259	0.0149	0.0040	0.0051	0.0050	0.0158	0.0155	
0.0283	0.0104	0.0150	0.0135	0.0281	0.0052	0.0270	0.0090	0.0009	0.0173	0.0335	0.0016	0.0126	0.0342	0.0249	0.0062	0.0002	0.0249	0.0025	0.0140	0.0319	0.0028	0.0096	0.0311	0.0254	0.0177	0.0029	0.0232	0.0060	0.0046	0.0073	0.0120	0.0090	0.0002	0.0346	0.0195	0.0264	0.0162	0.0020	0.0136	0.0034	0.0300	0.0276	0.0031	0.0049	0.0015	0.0133	0.0347	0.0073	0.0098	0.0059	0.0203	0.0026	0.0105	0.0231	0.0268	0.0015	0.0209	0.0210	0.0116	0.0019	0.0059	0.0025	0.0315	0.0095	0.0213	0.0272	0.0126	0.0007	0.0015	
0.0109	0.0145	0.0141	0.0186	0.0081	0.0017	0.0069	0.0059	0.0219	0.0239	0.0030	0.0035	0.0131	0.0237	0.0280	0.0203	0.0068	0.0329	0.0085	0.0024	0.0169	0.0039	0.0233	0.0180	0.0081	0.0274	0.0216	0.0283	0.0246	0.0176	0.0078	0.0008	0.0254	0.0031	0.0270	0.0135	0.0013	0.0121	0.0002	0.0173	0.0152	0.0236	0.0208	0.0267	0.0075	0.0235	0.0224	0.0081	0.0316	0.0151	0.0087	0.0224	0.0004	0.0251	0.0119	0.0073	0.0190	0.0274	0.0104	0.0096	0.0072	0.0075	0.0081	0.0059	0.0162	0.0022	0.0061	0.0098	0.0241	0.0091	
0.0167	0.0230	0.0303	0.0200	0.0163	0.0208	0.0120	0.0019	0.0111	0.0127	0.0039	0.0135	0.0001	0.0056	0.0090	0.0155	0.0005	0.0352	0.0219	0.0189	0.0250	0.0046	0.0016	0.0173	0.0098	0.0075	0.0129	0.0171	0.0114	0.0062	0.0228	0.0128	0.0097	0.0173	0.0016	0.0098	0.0286	0.0112	0.0134	0.0203	0.0273	0.0242	0.0183	0.0322	0.0083	0.0239	0.0098	0.0065	0.0321	0.0020	0.0017	0.0068	0.0199	0.0112	0.0161	0.0121	0.0258	0.0101	0.0130	0.0072	0.0085	0.0219	0.0182	0.0041	0.0200	0.0178	0.0050	0.0150	0.0040	0.0272	
0.0150	0.0149	0.0191	0.0005	0.0218	0.0052	0.0178	0.0032	0.0104	0.0158	0.0265	0.0058	0.0209	0.0053	0.0059	0.0207	0.0214	0.0004	0.0012	0.0170	0.0155	0.0148	0.0234	0.0052	0.0085	0.0017	0.0240	0.0130	0.0118	0.0182	0.0220	0.0217	0.0007	0.0013	0.0158	0.0062	0.0242	0.0228	0.0206	0.0075	0.0235	0.0298	0.0012	0.0349	0.0088	0.0015	0.0062	0.0243	0.0401	0.0068	0.0247	0.0043	0.0122	0.0174	0.0103	0.0018	0.0200	0.0116	0.0300	0.0168	0.0068	0.0049	0.0133	0.0229	0.0279	0.0021	0.0080	0.0211	0.0168	0.0221	

Emissions
0.2681	0.0899	0.1485	0.2890	0.2045	
0.2350	0.2543	0.0750	0.3176	0.1182	
0.2591	0.1801	0.2166	0.0142	0.3300	
0.1646	0.2205	0.1963	0.2954	0.1232	
0.1273	0.0934	0.2751	0.2393	0.2649	
0.1496	0.3711	0.1109	0.3012	0.0672	
0.2857	0.2594	0.3026	0.0668	0.0855	
0.1643	0.2792	0.2058	0.2367	0.1140	
0.1711	0.2406	0.1968	0.1469	0.2445	
0.0057	0.3092	0.2699	0.3036	0.1117	
0.2136	0.3235	0.3078	0.1299	0.0252	
0.2561	0.1333	0.1876	0.3866	0.0364	
0.0013	0.1447	0.1398	0.3290	0.3853	
0.1232	0.3242	0.1436	0.3827	0.0263	
0.1017	0.3020	0.2284	0.0539	0.3141	
0.0409	0.3541	0.2136	0.0478	0.3437	
0.2289	0.0093	0.1694	0.2144	0.3780	
0.0161	0.3983	0.2092	0.0270	0.3494	
0.1335	0.1382	0.3564	0.2430	0.1289	
0.1250	0.1327	0.2861	0.3334	0.1228	
0.1249	0.2377	0.0714	0.3156	0.2504	
0.2742	0.0016	0.2394	0.2033	0.2814	
0.2197	0.3131	0.1075	0.2898	0.0699	
0.2339	0.3721	0.2279	0.0358	0.1303	
0.1958	0.0226	0.1004	0.4016	0.2796	
0.0920	0.4352	0.0752	0.2237	0.1738	
0.2133	0.3348	0.1753	0.1856	0.0910	
0.0667	0.3215	0.1252	0.2208	0.2658	
0.0121	0.0620	0.4170	0.0345	0.4744	
0.1934	0.5079	0.0086	0.1078	0.1822	
0.1298	0.2580	0.2186	0.1585	0.2351	
0.2894	0.2268	0.2364	0.1716	0.0757	
0.3001	0.3413	0.2889	0.0410	0.0288	
0.2806	0.0817	0.2527	0.1628	0.2221	
0.0612	0.2838	0.3292	0.1971	0.1287	
0.2231	0.0734	0.0671	0.5948	0.0416	
0.0785	0.3125	0.2756	0.0675	0.2659	
0.0435	0.1302	0.0101	0.2978	0.5183	
0.0325	0.2539	0.0641	0.2695	0.3800	
0.0606	0.1772	0.3832	0.3483	0.0308	
0.1530	0.1703	0.3131	0.2032	0.1605	
0.0496	0.0396	0.2818	0.1442	0.4847	
0.1339	0.1263	0.2664	0.0773	0.3961	
0.0110	0.3898	0.1788	0.0861	0.3343	
0.1773	0.1151	0.0488	0.1982	0.4606	
0.1877	0.1626	0.3620	0.2449	0.0428	
0.0273	0.1665	0.0588	0.3373	0.4100	
0.0908	0.2201	0.2803	0.0006	0.4082	
0.0287	0.4288	0.3499	0.0095	0.1832	
0.2347	0.0223	0.4109	0.0511	0.2810	
0.0636	0.3456	0.2040	0.2612	0.1257	
0.1152	0.1174	0.0343	0.4169	0.3163	
0.3258	0.1125	0.3515	0.0401	0.1701	
0.0507	0.0501	0.4081	0.2205	0.2705	
0.1513	0.1836	0.1795	0.1448	0.3408	
0.1574	0.1682	0.0273	0.2832	0.3639	
0.1506	0.1283	0.2301	0.2782	0.2128	
0.1288	0.4106	0.0617	0.2638	0.1351	
0.0155	0.1220	0.3195	0.0803	0.4627	
0.2414	0.0830	0.3209	0.1970	0.1577	
0.3088	0.1729	0.1854	0.3284	0.0045	
0.4771	0.2419	0.0411	0.0484	0.1915	
0.3683	0.0572	0.0431	0.4942	0.0373	
0.1112	0.2903	0.3897	0.0978	0.1109	
0.1954	0.5419	0.1033	0.0460	0.1133	
0.1725	0.4566	0.1011	0.2637	0.0061	
0.1231	0.2473	0.1838	0.1419	0.3039	
0.0323	0.2767	0.2541	0.1771	0.2598	
0.2781	0.2434	0.0151	0.3428	0.1206	
0.3110	0.0877	0.3540	0.0838	0.1636	
