DataSet 43
Learner: Baum Welch Learner
Log Likelihood: 39213.7201942378

Number of States: 100
Number of Symbols: 5
Threshold: 0.01

Initial Distribution:
0.0098	0.0030	0.0042	0.0108	0.0275	0.0006	0.0215	0.0055	0.0066	0.0122	0.0032	0.0297	0.0092	0.0065	0.0054	0.0025	0.0018	0.0067	0.0099	0.0270	0.0255	0.0059	0.0081	0.0105	0.0199	0.0042	0.0090	0.0188	0.0107	0.0212	0.0054	0.0129	0.0022	0.0078	0.0129	0.0015	0.0094	0.0021	0.0025	0.0070	0.0197	0.0074	0.0058	0.0107	0.0073	0.0046	0.0190	0.0041	0.0175	0.0060	0.0053	0.0026	0.0000	0.0173	0.0071	0.0090	0.0233	0.0111	0.0109	0.0048	0.0083	0.0081	0.0187	0.0121	0.0016	0.0174	0.0193	0.0007	0.0056	0.0106	0.0158	0.0084	0.0035	0.0084	0.0184	0.0085	0.0010	0.0115	0.0042	0.0085	0.0272	0.0119	0.0022	0.0013	0.0164	0.0062	0.0077	0.0052	0.0011	0.0063	0.0049	0.0293	0.0093	0.0245	0.0077	0.0040	0.0119	0.0170	0.0096	0.0109	

Transitions:
0.0138	0.0133	0.0088	0.0109	0.0124	0.0058	0.0156	0.0083	0.0019	0.0015	0.0084	0.0004	0.0123	0.0181	0.0148	0.0216	0.0101	0.0157	0.0116	0.0132	0.0013	0.0101	0.0195	0.0106	0.0159	0.0238	0.0014	0.0075	0.0039	0.0128	0.0160	0.0034	0.0030	0.0093	0.0131	0.0058	0.0010	0.0129	0.0068	0.0060	0.0063	0.0033	0.0019	0.0174	0.0133	0.0061	0.0039	0.0165	0.0042	0.0090	0.0110	0.0156	0.0224	0.0136	0.0115	0.0010	0.0112	0.0168	0.0077	0.0190	0.0041	0.0121	0.0037	0.0076	0.0080	0.0033	0.0144	0.0024	0.0022	0.0052	0.0157	0.0212	0.0082	0.0116	0.0106	0.0178	0.0081	0.0172	0.0111	0.0113	0.0111	0.0024	0.0039	0.0158	0.0023	0.0151	0.0040	0.0087	0.0181	0.0119	0.0112	0.0020	0.0044	0.0078	0.0008	0.0154	0.0192	0.0119	0.0125	0.0114	
0.0126	0.0016	0.0200	0.0202	0.0099	0.0122	0.0068	0.0077	0.0029	0.0145	0.0150	0.0149	0.0052	0.0182	0.0032	0.0020	0.0065	0.0090	0.0048	0.0079	0.0005	0.0099	0.0076	0.0074	0.0171	0.0198	0.0161	0.0197	0.0120	0.0160	0.0000	0.0162	0.0067	0.0010	0.0027	0.0169	0.0062	0.0072	0.0067	0.0130	0.0118	0.0184	0.0069	0.0023	0.0022	0.0179	0.0171	0.0059	0.0094	0.0216	0.0087	0.0112	0.0094	0.0043	0.0135	0.0015	0.0146	0.0100	0.0004	0.0180	0.0149	0.0086	0.0157	0.0072	0.0163	0.0174	0.0068	0.0034	0.0179	0.0086	0.0156	0.0002	0.0021	0.0150	0.0192	0.0046	0.0029	0.0036	0.0034	0.0196	0.0161	0.0101	0.0131	0.0134	0.0081	0.0086	0.0083	0.0030	0.0099	0.0013	0.0185	0.0129	0.0082	0.0090	0.0172	0.0036	0.0007	0.0186	0.0091	0.0039	
0.0106	0.0151	0.0127	0.0205	0.0032	0.0086	0.0081	0.0133	0.0053	0.0079	0.0203	0.0112	0.0067	0.0011	0.0232	0.0057	0.0139	0.0034	0.0165	0.0039	0.0110	0.0056	0.0163	0.0141	0.0120	0.0003	0.0134	0.0123	0.0177	0.0146	0.0038	0.0040	0.0152	0.0204	0.0102	0.0028	0.0189	0.0138	0.0101	0.0210	0.0011	0.0155	0.0186	0.0009	0.0026	0.0062	0.0088	0.0053	0.0123	0.0125	0.0085	0.0177	0.0220	0.0048	0.0133	0.0044	0.0190	0.0180	0.0054	0.0034	0.0145	0.0180	0.0149	0.0106	0.0050	0.0139	0.0150	0.0059	0.0120	0.0149	0.0065	0.0017	0.0130	0.0006	0.0035	0.0179	0.0084	0.0135	0.0093	0.0059	0.0105	0.0079	0.0013	0.0063	0.0065	0.0056	0.0053	0.0109	0.0079	0.0060	0.0027	0.0000	0.0092	0.0055	0.0045	0.0050	0.0198	0.0063	0.0167	0.0080	
0.0119	0.0030	0.0158	0.0167	0.0043	0.0070	0.0030	0.0185	0.0010	0.0144	0.0176	0.0050	0.0084	0.0000	0.0149	0.0078	0.0122	0.0091	0.0033	0.0149	0.0090	0.0067	0.0201	0.0041	0.0120	0.0085	0.0135	0.0080	0.0149	0.0176	0.0199	0.0014	0.0176	0.0024	0.0145	0.0104	0.0134	0.0067	0.0013	0.0225	0.0025	0.0073	0.0094	0.0111	0.0092	0.0154	0.0109	0.0071	0.0146	0.0197	0.0103	0.0095	0.0023	0.0182	0.0179	0.0039	0.0033	0.0106	0.0004	0.0210	0.0128	0.0174	0.0021	0.0024	0.0198	0.0124	0.0074	0.0050	0.0042	0.0030	0.0127	0.0091	0.0070	0.0048	0.0154	0.0035	0.0178	0.0069	0.0113	0.0159	0.0123	0.0052	0.0149	0.0182	0.0076	0.0072	0.0213	0.0190	0.0047	0.0107	0.0047	0.0016	0.0076	0.0024	0.0060	0.0072	0.0043	0.0062	0.0146	0.0156	
0.0104	0.0077	0.0045	0.0128	0.0034	0.0026	0.0020	0.0219	0.0016	0.0118	0.0076	0.0106	0.0193	0.0038	0.0042	0.0114	0.0010	0.0041	0.0107	0.0081	0.0124	0.0097	0.0015	0.0098	0.0128	0.0158	0.0020	0.0050	0.0187	0.0072	0.0218	0.0098	0.0155	0.0203	0.0084	0.0105	0.0015	0.0040	0.0194	0.0094	0.0053	0.0028	0.0172	0.0124	0.0065	0.0073	0.0039	0.0026	0.0176	0.0234	0.0065	0.0002	0.0142	0.0051	0.0010	0.0190	0.0043	0.0174	0.0066	0.0168	0.0004	0.0249	0.0185	0.0109	0.0190	0.0149	0.0036	0.0004	0.0219	0.0123	0.0063	0.0246	0.0095	0.0099	0.0036	0.0115	0.0118	0.0132	0.0038	0.0100	0.0055	0.0162	0.0062	0.0191	0.0020	0.0184	0.0213	0.0066	0.0194	0.0079	0.0042	0.0062	0.0175	0.0011	0.0057	0.0091	0.0039	0.0037	0.0162	0.0136	
0.0047	0.0039	0.0087	0.0045	0.0113	0.0088	0.0096	0.0038	0.0019	0.0077	0.0072	0.0127	0.0100	0.0193	0.0067	0.0016	0.0102	0.0194	0.0086	0.0135	0.0163	0.0173	0.0046	0.0050	0.0112	0.0213	0.0041	0.0080	0.0025	0.0139	0.0099	0.0084	0.0165	0.0124	0.0067	0.0036	0.0104	0.0013	0.0077	0.0145	0.0088	0.0148	0.0055	0.0072	0.0025	0.0103	0.0160	0.0118	0.0169	0.0043	0.0163	0.0046	0.0149	0.0200	0.0138	0.0083	0.0181	0.0031	0.0107	0.0147	0.0040	0.0019	0.0012	0.0068	0.0197	0.0168	0.0138	0.0148	0.0142	0.0022	0.0101	0.0115	0.0104	0.0164	0.0069	0.0032	0.0117	0.0150	0.0017	0.0010	0.0005	0.0107	0.0128	0.0181	0.0179	0.0041	0.0159	0.0181	0.0198	0.0168	0.0034	0.0061	0.0096	0.0113	0.0093	0.0067	0.0129	0.0168	0.0094	0.0040	
0.0164	0.0010	0.0002	0.0146	0.0104	0.0063	0.0095	0.0174	0.0090	0.0077	0.0178	0.0021	0.0013	0.0115	0.0150	0.0164	0.0064	0.0028	0.0063	0.0102	0.0025	0.0181	0.0154	0.0114	0.0110	0.0043	0.0019	0.0186	0.0059	0.0161	0.0103	0.0108	0.0066	0.0202	0.0058	0.0236	0.0112	0.0191	0.0055	0.0154	0.0103	0.0215	0.0052	0.0108	0.0029	0.0152	0.0049	0.0139	0.0156	0.0190	0.0166	0.0081	0.0091	0.0135	0.0008	0.0151	0.0025	0.0073	0.0090	0.0125	0.0043	0.0169	0.0081	0.0092	0.0229	0.0022	0.0148	0.0027	0.0057	0.0096	0.0017	0.0112	0.0169	0.0179	0.0019	0.0038	0.0113	0.0082	0.0088	0.0151	0.0115	0.0035	0.0197	0.0092	0.0011	0.0000	0.0051	0.0079	0.0180	0.0080	0.0184	0.0030	0.0066	0.0110	0.0057	0.0164	0.0092	0.0129	0.0096	0.0003	
0.0028	0.0024	0.0137	0.0059	0.0136	0.0091	0.0115	0.0112	0.0127	0.0159	0.0033	0.0153	0.0168	0.0149	0.0151	0.0001	0.0132	0.0203	0.0090	0.0177	0.0172	0.0074	0.0073	0.0133	0.0174	0.0201	0.0039	0.0031	0.0108	0.0043	0.0164	0.0191	0.0185	0.0095	0.0169	0.0169	0.0115	0.0133	0.0172	0.0134	0.0080	0.0139	0.0178	0.0007	0.0075	0.0011	0.0068	0.0094	0.0023	0.0070	0.0027	0.0098	0.0039	0.0104	0.0023	0.0161	0.0150	0.0189	0.0069	0.0176	0.0045	0.0095	0.0001	0.0087	0.0006	0.0043	0.0143	0.0059	0.0214	0.0166	0.0078	0.0009	0.0033	0.0179	0.0119	0.0045	0.0108	0.0057	0.0040	0.0155	0.0096	0.0133	0.0012	0.0039	0.0019	0.0050	0.0159	0.0091	0.0078	0.0009	0.0189	0.0106	0.0062	0.0166	0.0079	0.0180	0.0134	0.0071	0.0002	0.0037	
0.0057	0.0010	0.0122	0.0051	0.0157	0.0021	0.0053	0.0062	0.0154	0.0155	0.0059	0.0072	0.0162	0.0124	0.0088	0.0144	0.0059	0.0163	0.0049	0.0116	0.0079	0.0084	0.0196	0.0177	0.0140	0.0222	0.0162	0.0054	0.0087	0.0116	0.0121	0.0029	0.0061	0.0010	0.0103	0.0123	0.0022	0.0174	0.0061	0.0260	0.0187	0.0114	0.0113	0.0104	0.0139	0.0078	0.0155	0.0124	0.0114	0.0203	0.0122	0.0162	0.0002	0.0050	0.0142	0.0198	0.0016	0.0146	0.0039	0.0034	0.0069	0.0014	0.0150	0.0044	0.0086	0.0016	0.0037	0.0118	0.0250	0.0129	0.0084	0.0127	0.0101	0.0077	0.0153	0.0000	0.0170	0.0089	0.0015	0.0088	0.0143	0.0010	0.0151	0.0123	0.0006	0.0117	0.0034	0.0005	0.0075	0.0119	0.0082	0.0060	0.0156	0.0020	0.0120	0.0185	0.0139	0.0060	0.0032	0.0144	
0.0053	0.0032	0.0146	0.0151	0.0070	0.0014	0.0062	0.0133	0.0081	0.0130	0.0001	0.0111	0.0122	0.0153	0.0044	0.0066	0.0063	0.0039	0.0035	0.0122	0.0170	0.0037	0.0078	0.0041	0.0089	0.0009	0.0180	0.0079	0.0141	0.0158	0.0073	0.0099	0.0060	0.0078	0.0046	0.0171	0.0067	0.0186	0.0049	0.0217	0.0062	0.0107	0.0113	0.0116	0.0136	0.0137	0.0142	0.0148	0.0184	0.0074	0.0106	0.0085	0.0020	0.0091	0.0152	0.0011	0.0144	0.0101	0.0028	0.0077	0.0025	0.0206	0.0172	0.0102	0.0078	0.0092	0.0062	0.0037	0.0123	0.0073	0.0178	0.0087	0.0173	0.0052	0.0073	0.0083	0.0122	0.0151	0.0080	0.0146	0.0043	0.0022	0.0099	0.0071	0.0064	0.0164	0.0086	0.0160	0.0134	0.0032	0.0196	0.0145	0.0179	0.0148	0.0162	0.0081	0.0119	0.0183	0.0046	0.0056	
0.0087	0.0120	0.0062	0.0115	0.0077	0.0031	0.0088	0.0168	0.0019	0.0060	0.0093	0.0001	0.0011	0.0078	0.0030	0.0002	0.0073	0.0113	0.0035	0.0078	0.0016	0.0114	0.0125	0.0073	0.0084	0.0019	0.0112	0.0023	0.0082	0.0183	0.0184	0.0135	0.0107	0.0033	0.0083	0.0163	0.0170	0.0192	0.0209	0.0043	0.0088	0.0123	0.0158	0.0061	0.0131	0.0198	0.0147	0.0075	0.0166	0.0175	0.0001	0.0014	0.0180	0.0169	0.0040	0.0196	0.0003	0.0176	0.0014	0.0075	0.0110	0.0079	0.0080	0.0031	0.0104	0.0141	0.0080	0.0158	0.0218	0.0079	0.0032	0.0098	0.0105	0.0004	0.0007	0.0105	0.0170	0.0041	0.0098	0.0084	0.0050	0.0033	0.0078	0.0122	0.0191	0.0136	0.0191	0.0158	0.0206	0.0104	0.0130	0.0147	0.0209	0.0105	0.0124	0.0014	0.0032	0.0108	0.0173	0.0184	
0.0099	0.0185	0.0086	0.0058	0.0111	0.0122	0.0094	0.0170	0.0117	0.0112	0.0007	0.0117	0.0067	0.0128	0.0013	0.0096	0.0170	0.0155	0.0040	0.0136	0.0154	0.0130	0.0173	0.0061	0.0122	0.0055	0.0107	0.0185	0.0077	0.0155	0.0067	0.0040	0.0072	0.0125	0.0181	0.0069	0.0132	0.0017	0.0219	0.0087	0.0047	0.0028	0.0003	0.0067	0.0108	0.0154	0.0097	0.0046	0.0091	0.0047	0.0019	0.0060	0.0066	0.0032	0.0013	0.0133	0.0000	0.0021	0.0064	0.0082	0.0008	0.0119	0.0070	0.0129	0.0069	0.0160	0.0088	0.0121	0.0178	0.0130	0.0136	0.0208	0.0161	0.0191	0.0088	0.0131	0.0120	0.0131	0.0164	0.0172	0.0122	0.0048	0.0086	0.0029	0.0136	0.0002	0.0175	0.0027	0.0110	0.0018	0.0071	0.0116	0.0132	0.0099	0.0061	0.0149	0.0150	0.0044	0.0188	0.0173	
0.0093	0.0179	0.0111	0.0192	0.0094	0.0044	0.0083	0.0097	0.0135	0.0054	0.0027	0.0064	0.0062	0.0101	0.0168	0.0184	0.0011	0.0039	0.0137	0.0054	0.0164	0.0067	0.0039	0.0128	0.0060	0.0016	0.0052	0.0063	0.0105	0.0123	0.0218	0.0090	0.0138	0.0010	0.0108	0.0221	0.0155	0.0122	0.0141	0.0155	0.0107	0.0095	0.0082	0.0050	0.0172	0.0180	0.0060	0.0023	0.0180	0.0123	0.0143	0.0112	0.0073	0.0127	0.0168	0.0014	0.0113	0.0178	0.0075	0.0111	0.0185	0.0033	0.0171	0.0017	0.0070	0.0116	0.0124	0.0043	0.0215	0.0127	0.0002	0.0105	0.0103	0.0054	0.0154	0.0098	0.0189	0.0181	0.0113	0.0070	0.0123	0.0024	0.0095	0.0001	0.0173	0.0072	0.0031	0.0007	0.0048	0.0088	0.0053	0.0136	0.0034	0.0025	0.0134	0.0079	0.0105	0.0059	0.0193	0.0063	
0.0065	0.0018	0.0052	0.0019	0.0100	0.0057	0.0004	0.0010	0.0160	0.0063	0.0035	0.0133	0.0052	0.0021	0.0194	0.0202	0.0123	0.0198	0.0023	0.0157	0.0099	0.0152	0.0007	0.0078	0.0102	0.0037	0.0064	0.0085	0.0114	0.0075	0.0000	0.0127	0.0209	0.0071	0.0023	0.0167	0.0190	0.0075	0.0110	0.0166	0.0079	0.0022	0.0042	0.0174	0.0070	0.0109	0.0118	0.0007	0.0089	0.0201	0.0147	0.0120	0.0041	0.0011	0.0173	0.0137	0.0010	0.0178	0.0090	0.0095	0.0190	0.0144	0.0096	0.0089	0.0076	0.0102	0.0132	0.0163	0.0245	0.0017	0.0182	0.0081	0.0084	0.0095	0.0108	0.0089	0.0107	0.0027	0.0176	0.0001	0.0093	0.0053	0.0004	0.0143	0.0135	0.0076	0.0100	0.0191	0.0121	0.0095	0.0129	0.0006	0.0206	0.0011	0.0152	0.0159	0.0131	0.0145	0.0121	0.0173	
0.0160	0.0120	0.0012	0.0060	0.0174	0.0072	0.0030	0.0128	0.0101	0.0072	0.0016	0.0205	0.0167	0.0096	0.0196	0.0125	0.0104	0.0157	0.0129	0.0160	0.0022	0.0161	0.0080	0.0091	0.0114	0.0174	0.0079	0.0066	0.0133	0.0139	0.0162	0.0161	0.0097	0.0024	0.0039	0.0161	0.0038	0.0124	0.0139	0.0051	0.0049	0.0128	0.0081	0.0024	0.0071	0.0140	0.0028	0.0052	0.0038	0.0013	0.0040	0.0162	0.0199	0.0141	0.0143	0.0209	0.0068	0.0101	0.0147	0.0014	0.0154	0.0143	0.0004	0.0153	0.0102	0.0060	0.0058	0.0132	0.0061	0.0018	0.0083	0.0165	0.0013	0.0087	0.0131	0.0083	0.0087	0.0033	0.0160	0.0158	0.0146	0.0042	0.0040	0.0119	0.0118	0.0001	0.0154	0.0192	0.0079	0.0043	0.0073	0.0103	0.0175	0.0113	0.0084	0.0089	0.0126	0.0102	0.0108	0.0022	
0.0078	0.0089	0.0230	0.0016	0.0122	0.0077	0.0152	0.0100	0.0002	0.0069	0.0122	0.0034	0.0139	0.0210	0.0095	0.0155	0.0106	0.0091	0.0048	0.0102	0.0105	0.0110	0.0075	0.0022	0.0149	0.0218	0.0193	0.0091	0.0012	0.0034	0.0167	0.0194	0.0122	0.0179	0.0109	0.0080	0.0054	0.0031	0.0003	0.0040	0.0061	0.0080	0.0209	0.0020	0.0132	0.0064	0.0193	0.0185	0.0069	0.0170	0.0202	0.0064	0.0081	0.0021	0.0144	0.0206	0.0022	0.0174	0.0077	0.0168	0.0082	0.0067	0.0084	0.0178	0.0142	0.0138	0.0106	0.0147	0.0115	0.0009	0.0085	0.0096	0.0074	0.0019	0.0058	0.0033	0.0137	0.0040	0.0072	0.0079	0.0184	0.0004	0.0035	0.0065	0.0050	0.0081	0.0121	0.0111	0.0052	0.0129	0.0043	0.0071	0.0179	0.0051	0.0169	0.0203	0.0207	0.0008	0.0105	0.0002	
0.0168	0.0044	0.0093	0.0053	0.0060	0.0111	0.0156	0.0047	0.0144	0.0087	0.0053	0.0152	0.0095	0.0006	0.0207	0.0086	0.0020	0.0021	0.0093	0.0030	0.0028	0.0020	0.0109	0.0160	0.0141	0.0006	0.0130	0.0022	0.0056	0.0051	0.0040	0.0107	0.0139	0.0078	0.0120	0.0163	0.0113	0.0178	0.0206	0.0150	0.0097	0.0063	0.0133	0.0140	0.0072	0.0053	0.0159	0.0124	0.0082	0.0087	0.0165	0.0156	0.0092	0.0063	0.0169	0.0135	0.0117	0.0123	0.0061	0.0073	0.0168	0.0177	0.0169	0.0096	0.0064	0.0116	0.0036	0.0014	0.0084	0.0029	0.0147	0.0046	0.0029	0.0189	0.0129	0.0165	0.0087	0.0147	0.0065	0.0099	0.0017	0.0168	0.0145	0.0173	0.0075	0.0059	0.0032	0.0072	0.0112	0.0009	0.0203	0.0141	0.0124	0.0100	0.0141	0.0134	0.0073	0.0023	0.0091	0.0140	
0.0016	0.0158	0.0078	0.0046	0.0114	0.0138	0.0141	0.0091	0.0120	0.0200	0.0038	0.0196	0.0051	0.0166	0.0052	0.0203	0.0015	0.0007	0.0022	0.0179	0.0107	0.0175	0.0124	0.0065	0.0042	0.0193	0.0125	0.0103	0.0040	0.0189	0.0107	0.0066	0.0061	0.0124	0.0099	0.0060	0.0113	0.0094	0.0065	0.0151	0.0131	0.0139	0.0166	0.0096	0.0155	0.0018	0.0126	0.0130	0.0088	0.0161	0.0125	0.0068	0.0226	0.0114	0.0041	0.0051	0.0056	0.0008	0.0005	0.0142	0.0189	0.0029	0.0050	0.0128	0.0099	0.0174	0.0106	0.0107	0.0081	0.0186	0.0073	0.0130	0.0131	0.0074	0.0062	0.0177	0.0016	0.0000	0.0079	0.0022	0.0042	0.0199	0.0032	0.0078	0.0077	0.0031	0.0064	0.0170	0.0095	0.0044	0.0189	0.0101	0.0099	0.0110	0.0159	0.0099	0.0089	0.0021	0.0015	0.0193	
0.0105	0.0019	0.0069	0.0098	0.0078	0.0009	0.0118	0.0148	0.0038	0.0065	0.0036	0.0049	0.0125	0.0191	0.0119	0.0001	0.0175	0.0187	0.0051	0.0057	0.0104	0.0172	0.0024	0.0027	0.0171	0.0199	0.0025	0.0029	0.0125	0.0137	0.0084	0.0194	0.0206	0.0094	0.0135	0.0027	0.0132	0.0143	0.0239	0.0076	0.0109	0.0145	0.0124	0.0027	0.0013	0.0148	0.0167	0.0102	0.0016	0.0170	0.0107	0.0114	0.0192	0.0164	0.0097	0.0127	0.0187	0.0039	0.0070	0.0139	0.0181	0.0112	0.0008	0.0080	0.0219	0.0038	0.0063	0.0025	0.0077	0.0074	0.0067	0.0066	0.0174	0.0223	0.0157	0.0174	0.0048	0.0210	0.0013	0.0046	0.0160	0.0107	0.0015	0.0164	0.0045	0.0152	0.0033	0.0030	0.0006	0.0173	0.0029	0.0087	0.0058	0.0060	0.0078	0.0023	0.0129	0.0026	0.0034	0.0197	
0.0099	0.0225	0.0058	0.0183	0.0075	0.0071	0.0117	0.0225	0.0005	0.0092	0.0112	0.0000	0.0025	0.0055	0.0195	0.0115	0.0063	0.0047	0.0031	0.0029	0.0008	0.0046	0.0025	0.0063	0.0033	0.0261	0.0001	0.0133	0.0124	0.0111	0.0061	0.0020	0.0214	0.0053	0.0178	0.0020	0.0071	0.0088	0.0113	0.0321	0.0025	0.0086	0.0026	0.0142	0.0116	0.0025	0.0070	0.0004	0.0110	0.0007	0.0159	0.0079	0.0238	0.0201	0.0190	0.0035	0.0118	0.0253	0.0057	0.0178	0.0062	0.0028	0.0049	0.0070	0.0077	0.0058	0.0036	0.0151	0.0115	0.0111	0.0012	0.0305	0.0181	0.0062	0.0009	0.0134	0.0015	0.0156	0.0160	0.0022	0.0069	0.0173	0.0238	0.0118	0.0131	0.0167	0.0045	0.0144	0.0094	0.0117	0.0104	0.0058	0.0283	0.0136	0.0132	0.0007	0.0017	0.0157	0.0054	0.0059	
0.0248	0.0123	0.0150	0.0238	0.0172	0.0184	0.0116	0.0179	0.0165	0.0017	0.0023	0.0009	0.0036	0.0073	0.0033	0.0091	0.0018	0.0146	0.0085	0.0084	0.0025	0.0082	0.0117	0.0123	0.0041	0.0198	0.0010	0.0005	0.0122	0.0002	0.0155	0.0069	0.0101	0.0141	0.0034	0.0255	0.0068	0.0015	0.0166	0.0042	0.0044	0.0127	0.0180	0.0072	0.0130	0.0062	0.0038	0.0126	0.0128	0.0096	0.0210	0.0079	0.0047	0.0155	0.0018	0.0124	0.0176	0.0014	0.0088	0.0076	0.0154	0.0169	0.0023	0.0167	0.0115	0.0145	0.0132	0.0105	0.0044	0.0027	0.0213	0.0010	0.0015	0.0096	0.0050	0.0124	0.0106	0.0064	0.0212	0.0184	0.0082	0.0074	0.0085	0.0042	0.0013	0.0052	0.0038	0.0119	0.0119	0.0102	0.0010	0.0044	0.0121	0.0058	0.0089	0.0144	0.0086	0.0192	0.0194	0.0228	
0.0148	0.0115	0.0108	0.0110	0.0069	0.0185	0.0065	0.0160	0.0104	0.0085	0.0014	0.0137	0.0012	0.0132	0.0186	0.0065	0.0040	0.0188	0.0143	0.0033	0.0113	0.0008	0.0027	0.0117	0.0024	0.0168	0.0110	0.0139	0.0190	0.0112	0.0059	0.0127	0.0086	0.0020	0.0058	0.0204	0.0175	0.0160	0.0179	0.0037	0.0183	0.0071	0.0017	0.0008	0.0089	0.0077	0.0036	0.0139	0.0122	0.0025	0.0084	0.0094	0.0010	0.0139	0.0063	0.0138	0.0092	0.0174	0.0069	0.0129	0.0055	0.0125	0.0163	0.0185	0.0031	0.0089	0.0039	0.0170	0.0083	0.0160	0.0075	0.0081	0.0014	0.0135	0.0055	0.0049	0.0200	0.0014	0.0006	0.0144	0.0106	0.0167	0.0042	0.0167	0.0035	0.0145	0.0115	0.0168	0.0164	0.0122	0.0079	0.0167	0.0100	0.0034	0.0178	0.0064	0.0099	0.0022	0.0171	0.0010	
0.0033	0.0050	0.0079	0.0143	0.0136	0.0011	0.0074	0.0073	0.0071	0.0012	0.0140	0.0076	0.0186	0.0131	0.0021	0.0098	0.0067	0.0002	0.0134	0.0060	0.0173	0.0091	0.0030	0.0145	0.0090	0.0097	0.0180	0.0175	0.0155	0.0181	0.0156	0.0171	0.0035	0.0199	0.0114	0.0070	0.0096	0.0108	0.0023	0.0024	0.0084	0.0041	0.0086	0.0139	0.0003	0.0002	0.0013	0.0150	0.0022	0.0093	0.0194	0.0097	0.0071	0.0116	0.0028	0.0158	0.0019	0.0130	0.0032	0.0066	0.0027	0.0109	0.0109	0.0085	0.0071	0.0152	0.0042	0.0168	0.0014	0.0139	0.0186	0.0181	0.0165	0.0137	0.0184	0.0145	0.0004	0.0077	0.0124	0.0089	0.0065	0.0021	0.0161	0.0070	0.0191	0.0044	0.0111	0.0124	0.0176	0.0157	0.0041	0.0141	0.0084	0.0145	0.0191	0.0181	0.0128	0.0187	0.0083	0.0039	
0.0191	0.0032	0.0154	0.0073	0.0083	0.0028	0.0107	0.0130	0.0115	0.0075	0.0152	0.0114	0.0204	0.0145	0.0227	0.0007	0.0118	0.0043	0.0070	0.0015	0.0053	0.0129	0.0015	0.0036	0.0096	0.0039	0.0090	0.0019	0.0133	0.0000	0.0020	0.0010	0.0203	0.0104	0.0121	0.0049	0.0075	0.0092	0.0193	0.0196	0.0124	0.0201	0.0193	0.0084	0.0033	0.0091	0.0152	0.0120	0.0171	0.0208	0.0042	0.0078	0.0110	0.0064	0.0178	0.0036	0.0014	0.0112	0.0116	0.0074	0.0134	0.0115	0.0171	0.0114	0.0073	0.0112	0.0126	0.0085	0.0008	0.0120	0.0124	0.0056	0.0062	0.0129	0.0089	0.0078	0.0133	0.0124	0.0175	0.0014	0.0054	0.0143	0.0053	0.0151	0.0142	0.0122	0.0121	0.0128	0.0129	0.0086	0.0026	0.0128	0.0176	0.0092	0.0028	0.0028	0.0200	0.0062	0.0022	0.0110	
0.0178	0.0077	0.0131	0.0021	0.0052	0.0216	0.0014	0.0200	0.0154	0.0089	0.0113	0.0070	0.0122	0.0143	0.0219	0.0231	0.0045	0.0030	0.0148	0.0125	0.0015	0.0012	0.0186	0.0098	0.0103	0.0204	0.0114	0.0165	0.0103	0.0057	0.0094	0.0063	0.0121	0.0098	0.0058	0.0221	0.0034	0.0033	0.0119	0.0220	0.0117	0.0163	0.0159	0.0023	0.0004	0.0133	0.0045	0.0013	0.0106	0.0056	0.0191	0.0159	0.0107	0.0092	0.0100	0.0145	0.0086	0.0027	0.0071	0.0102	0.0091	0.0069	0.0072	0.0101	0.0012	0.0036	0.0179	0.0025	0.0097	0.0003	0.0152	0.0022	0.0130	0.0227	0.0006	0.0071	0.0054	0.0177	0.0102	0.0180	0.0110	0.0084	0.0051	0.0050	0.0073	0.0124	0.0185	0.0012	0.0216	0.0101	0.0118	0.0010	0.0168	0.0010	0.0083	0.0071	0.0076	0.0046	0.0009	0.0199	
0.0179	0.0019	0.0155	0.0118	0.0096	0.0163	0.0032	0.0094	0.0087	0.0019	0.0094	0.0144	0.0128	0.0100	0.0204	0.0204	0.0007	0.0021	0.0022	0.0076	0.0068	0.0180	0.0038	0.0180	0.0107	0.0155	0.0068	0.0111	0.0117	0.0138	0.0004	0.0010	0.0143	0.0118	0.0031	0.0120	0.0147	0.0131	0.0155	0.0119	0.0093	0.0069	0.0138	0.0135	0.0017	0.0187	0.0079	0.0034	0.0056	0.0082	0.0060	0.0053	0.0021	0.0136	0.0104	0.0223	0.0183	0.0152	0.0012	0.0165	0.0077	0.0116	0.0173	0.0149	0.0015	0.0077	0.0148	0.0179	0.0074	0.0056	0.0043	0.0073	0.0061	0.0098	0.0202	0.0001	0.0049	0.0051	0.0118	0.0117	0.0051	0.0041	0.0074	0.0036	0.0090	0.0135	0.0198	0.0033	0.0031	0.0041	0.0107	0.0151	0.0137	0.0162	0.0042	0.0170	0.0087	0.0161	0.0151	0.0124	
0.0216	0.0084	0.0184	0.0200	0.0032	0.0202	0.0174	0.0120	0.0109	0.0094	0.0145	0.0127	0.0030	0.0091	0.0138	0.0047	0.0034	0.0152	0.0056	0.0053	0.0084	0.0153	0.0186	0.0026	0.0147	0.0076	0.0127	0.0081	0.0061	0.0017	0.0119	0.0073	0.0095	0.0004	0.0120	0.0182	0.0069	0.0080	0.0228	0.0092	0.0164	0.0074	0.0115	0.0110	0.0086	0.0194	0.0127	0.0028	0.0072	0.0000	0.0134	0.0141	0.0122	0.0109	0.0052	0.0051	0.0118	0.0133	0.0030	0.0170	0.0044	0.0098	0.0053	0.0096	0.0195	0.0067	0.0026	0.0021	0.0206	0.0139	0.0156	0.0177	0.0123	0.0184	0.0090	0.0016	0.0044	0.0031	0.0102	0.0150	0.0112	0.0106	0.0026	0.0059	0.0082	0.0147	0.0169	0.0201	0.0157	0.0059	0.0035	0.0112	0.0053	0.0024	0.0040	0.0079	0.0019	0.0001	0.0135	0.0031	
0.0204	0.0146	0.0058	0.0139	0.0027	0.0212	0.0171	0.0143	0.0011	0.0027	0.0009	0.0064	0.0019	0.0085	0.0065	0.0191	0.0048	0.0201	0.0017	0.0014	0.0089	0.0040	0.0073	0.0108	0.0085	0.0043	0.0110	0.0120	0.0134	0.0001	0.0224	0.0041	0.0099	0.0102	0.0006	0.0258	0.0060	0.0117	0.0034	0.0127	0.0163	0.0049	0.0186	0.0136	0.0054	0.0130	0.0104	0.0152	0.0173	0.0124	0.0027	0.0023	0.0210	0.0126	0.0131	0.0132	0.0047	0.0162	0.0130	0.0004	0.0085	0.0104	0.0173	0.0010	0.0044	0.0142	0.0003	0.0103	0.0099	0.0042	0.0077	0.0192	0.0154	0.0146	0.0046	0.0062	0.0056	0.0148	0.0044	0.0154	0.0086	0.0116	0.0158	0.0038	0.0142	0.0154	0.0077	0.0149	0.0193	0.0070	0.0158	0.0084	0.0163	0.0019	0.0006	0.0096	0.0060	0.0162	0.0096	0.0105	
0.0164	0.0206	0.0106	0.0137	0.0021	0.0087	0.0056	0.0047	0.0078	0.0058	0.0069	0.0106	0.0103	0.0025	0.0110	0.0183	0.0126	0.0158	0.0033	0.0061	0.0094	0.0048	0.0180	0.0188	0.0108	0.0203	0.0027	0.0146	0.0134	0.0145	0.0012	0.0087	0.0056	0.0162	0.0029	0.0144	0.0038	0.0022	0.0019	0.0113	0.0115	0.0027	0.0083	0.0108	0.0027	0.0029	0.0015	0.0093	0.0142	0.0059	0.0160	0.0110	0.0157	0.0028	0.0219	0.0105	0.0027	0.0121	0.0005	0.0061	0.0054	0.0135	0.0116	0.0126	0.0055	0.0175	0.0056	0.0129	0.0246	0.0161	0.0117	0.0141	0.0126	0.0154	0.0159	0.0075	0.0176	0.0062	0.0146	0.0084	0.0143	0.0126	0.0012	0.0077	0.0192	0.0097	0.0167	0.0027	0.0169	0.0118	0.0100	0.0112	0.0019	0.0151	0.0043	0.0000	0.0116	0.0147	0.0058	0.0054	
0.0212	0.0084	0.0101	0.0196	0.0105	0.0045	0.0151	0.0215	0.0058	0.0095	0.0151	0.0104	0.0165	0.0123	0.0118	0.0171	0.0076	0.0037	0.0087	0.0115	0.0022	0.0034	0.0185	0.0062	0.0049	0.0256	0.0102	0.0164	0.0089	0.0124	0.0175	0.0020	0.0003	0.0118	0.0098	0.0096	0.0028	0.0047	0.0165	0.0216	0.0104	0.0191	0.0141	0.0037	0.0167	0.0100	0.0140	0.0084	0.0053	0.0138	0.0102	0.0063	0.0011	0.0095	0.0021	0.0142	0.0070	0.0036	0.0052	0.0185	0.0137	0.0018	0.0084	0.0096	0.0190	0.0091	0.0143	0.0042	0.0000	0.0017	0.0090	0.0068	0.0090	0.0191	0.0029	0.0060	0.0078	0.0156	0.0067	0.0131	0.0019	0.0002	0.0116	0.0166	0.0038	0.0079	0.0014	0.0083	0.0096	0.0136	0.0207	0.0141	0.0212	0.0142	0.0011	0.0107	0.0066	0.0026	0.0076	0.0095	
0.0188	0.0114	0.0107	0.0041	0.0018	0.0046	0.0162	0.0029	0.0075	0.0149	0.0055	0.0129	0.0168	0.0133	0.0149	0.0159	0.0093	0.0119	0.0057	0.0059	0.0092	0.0078	0.0190	0.0015	0.0030	0.0124	0.0089	0.0111	0.0166	0.0121	0.0007	0.0057	0.0080	0.0187	0.0189	0.0142	0.0107	0.0071	0.0178	0.0009	0.0124	0.0199	0.0017	0.0118	0.0118	0.0061	0.0034	0.0028	0.0078	0.0077	0.0205	0.0152	0.0184	0.0006	0.0199	0.0099	0.0133	0.0079	0.0005	0.0129	0.0147	0.0063	0.0057	0.0149	0.0161	0.0181	0.0046	0.0156	0.0152	0.0003	0.0032	0.0038	0.0136	0.0063	0.0150	0.0117	0.0060	0.0036	0.0069	0.0165	0.0060	0.0061	0.0046	0.0099	0.0127	0.0051	0.0105	0.0078	0.0210	0.0101	0.0178	0.0020	0.0078	0.0037	0.0057	0.0065	0.0128	0.0058	0.0186	0.0134	
0.0012	0.0081	0.0111	0.0086	0.0038	0.0196	0.0198	0.0113	0.0058	0.0078	0.0034	0.0091	0.0003	0.0042	0.0071	0.0121	0.0012	0.0183	0.0027	0.0085	0.0099	0.0209	0.0201	0.0022	0.0024	0.0013	0.0197	0.0125	0.0006	0.0085	0.0228	0.0211	0.0059	0.0173	0.0164	0.0000	0.0193	0.0198	0.0074	0.0215	0.0062	0.0003	0.0018	0.0139	0.0090	0.0076	0.0022	0.0032	0.0207	0.0212	0.0061	0.0170	0.0037	0.0108	0.0043	0.0037	0.0088	0.0089	0.0036	0.0039	0.0222	0.0117	0.0095	0.0176	0.0115	0.0031	0.0053	0.0061	0.0101	0.0049	0.0132	0.0047	0.0109	0.0085	0.0035	0.0103	0.0183	0.0065	0.0136	0.0157	0.0175	0.0138	0.0145	0.0041	0.0028	0.0027	0.0204	0.0160	0.0125	0.0122	0.0135	0.0083	0.0184	0.0028	0.0168	0.0189	0.0132	0.0044	0.0034	0.0065	
0.0026	0.0160	0.0171	0.0148	0.0041	0.0018	0.0055	0.0159	0.0062	0.0140	0.0073	0.0031	0.0148	0.0088	0.0051	0.0071	0.0149	0.0056	0.0121	0.0055	0.0062	0.0108	0.0177	0.0152	0.0142	0.0038	0.0097	0.0071	0.0115	0.0062	0.0202	0.0127	0.0028	0.0075	0.0129	0.0034	0.0178	0.0180	0.0214	0.0012	0.0170	0.0010	0.0092	0.0141	0.0055	0.0083	0.0132	0.0043	0.0209	0.0098	0.0195	0.0059	0.0109	0.0182	0.0204	0.0135	0.0188	0.0010	0.0164	0.0014	0.0111	0.0203	0.0039	0.0002	0.0169	0.0135	0.0003	0.0058	0.0185	0.0012	0.0080	0.0208	0.0055	0.0137	0.0096	0.0058	0.0018	0.0190	0.0070	0.0058	0.0080	0.0052	0.0088	0.0022	0.0068	0.0113	0.0031	0.0064	0.0090	0.0007	0.0028	0.0142	0.0219	0.0158	0.0093	0.0175	0.0169	0.0079	0.0006	0.0112	
0.0097	0.0085	0.0093	0.0202	0.0008	0.0019	0.0171	0.0160	0.0061	0.0122	0.0115	0.0001	0.0132	0.0131	0.0162	0.0076	0.0077	0.0018	0.0095	0.0023	0.0101	0.0149	0.0192	0.0154	0.0156	0.0147	0.0182	0.0078	0.0038	0.0101	0.0096	0.0132	0.0195	0.0170	0.0164	0.0006	0.0165	0.0108	0.0014	0.0055	0.0122	0.0079	0.0199	0.0138	0.0085	0.0025	0.0036	0.0055	0.0053	0.0034	0.0085	0.0141	0.0173	0.0181	0.0201	0.0157	0.0086	0.0129	0.0142	0.0109	0.0030	0.0135	0.0106	0.0139	0.0052	0.0143	0.0007	0.0131	0.0179	0.0095	0.0088	0.0218	0.0005	0.0088	0.0099	0.0045	0.0153	0.0025	0.0040	0.0142	0.0059	0.0110	0.0033	0.0009	0.0021	0.0116	0.0205	0.0015	0.0181	0.0036	0.0106	0.0023	0.0148	0.0092	0.0014	0.0009	0.0156	0.0032	0.0105	0.0126	
0.0015	0.0070	0.0115	0.0120	0.0118	0.0104	0.0142	0.0060	0.0062	0.0139	0.0176	0.0072	0.0078	0.0030	0.0024	0.0109	0.0077	0.0106	0.0125	0.0103	0.0166	0.0182	0.0194	0.0093	0.0019	0.0063	0.0056	0.0077	0.0074	0.0078	0.0087	0.0108	0.0114	0.0102	0.0149	0.0181	0.0008	0.0091	0.0081	0.0115	0.0170	0.0114	0.0144	0.0016	0.0051	0.0030	0.0123	0.0079	0.0090	0.0097	0.0111	0.0044	0.0103	0.0202	0.0158	0.0020	0.0084	0.0012	0.0084	0.0062	0.0037	0.0057	0.0178	0.0161	0.0056	0.0074	0.0130	0.0137	0.0101	0.0031	0.0094	0.0198	0.0028	0.0014	0.0118	0.0051	0.0047	0.0166	0.0040	0.0171	0.0114	0.0159	0.0175	0.0152	0.0163	0.0039	0.0012	0.0113	0.0152	0.0106	0.0094	0.0180	0.0183	0.0006	0.0075	0.0117	0.0129	0.0148	0.0140	0.0180	
0.0080	0.0156	0.0216	0.0063	0.0006	0.0138	0.0015	0.0077	0.0076	0.0095	0.0167	0.0126	0.0161	0.0106	0.0179	0.0066	0.0051	0.0018	0.0009	0.0013	0.0060	0.0036	0.0218	0.0187	0.0144	0.0111	0.0148	0.0022	0.0127	0.0175	0.0112	0.0096	0.0015	0.0054	0.0108	0.0154	0.0158	0.0119	0.0159	0.0022	0.0028	0.0118	0.0044	0.0052	0.0109	0.0194	0.0027	0.0070	0.0066	0.0009	0.0072	0.0127	0.0168	0.0154	0.0119	0.0044	0.0173	0.0017	0.0119	0.0094	0.0140	0.0183	0.0137	0.0093	0.0182	0.0074	0.0074	0.0089	0.0000	0.0011	0.0083	0.0123	0.0044	0.0166	0.0184	0.0144	0.0201	0.0100	0.0024	0.0132	0.0071	0.0103	0.0160	0.0122	0.0120	0.0150	0.0136	0.0083	0.0139	0.0068	0.0131	0.0123	0.0003	0.0049	0.0064	0.0034	0.0163	0.0124	0.0078	0.0050	
0.0116	0.0136	0.0085	0.0051	0.0098	0.0159	0.0063	0.0170	0.0135	0.0165	0.0048	0.0052	0.0197	0.0194	0.0037	0.0065	0.0017	0.0025	0.0135	0.0004	0.0126	0.0021	0.0167	0.0123	0.0049	0.0178	0.0118	0.0189	0.0112	0.0135	0.0175	0.0050	0.0033	0.0175	0.0040	0.0179	0.0026	0.0120	0.0010	0.0181	0.0106	0.0193	0.0126	0.0150	0.0029	0.0085	0.0144	0.0007	0.0029	0.0014	0.0018	0.0143	0.0179	0.0086	0.0118	0.0085	0.0150	0.0154	0.0140	0.0202	0.0029	0.0085	0.0041	0.0004	0.0025	0.0166	0.0025	0.0015	0.0179	0.0066	0.0025	0.0113	0.0014	0.0034	0.0093	0.0164	0.0099	0.0183	0.0073	0.0152	0.0145	0.0102	0.0178	0.0104	0.0119	0.0008	0.0104	0.0144	0.0059	0.0136	0.0176	0.0052	0.0168	0.0025	0.0119	0.0037	0.0131	0.0108	0.0140	0.0041	
0.0068	0.0137	0.0059	0.0150	0.0153	0.0116	0.0115	0.0111	0.0165	0.0133	0.0177	0.0161	0.0068	0.0017	0.0003	0.0121	0.0081	0.0135	0.0052	0.0010	0.0084	0.0082	0.0168	0.0177	0.0101	0.0181	0.0138	0.0162	0.0098	0.0050	0.0041	0.0173	0.0047	0.0040	0.0092	0.0033	0.0051	0.0024	0.0124	0.0010	0.0069	0.0171	0.0156	0.0085	0.0150	0.0178	0.0164	0.0100	0.0030	0.0007	0.0124	0.0174	0.0049	0.0130	0.0139	0.0193	0.0155	0.0066	0.0025	0.0027	0.0143	0.0153	0.0010	0.0118	0.0108	0.0163	0.0097	0.0021	0.0120	0.0135	0.0053	0.0079	0.0014	0.0057	0.0127	0.0118	0.0124	0.0047	0.0142	0.0103	0.0134	0.0033	0.0148	0.0095	0.0114	0.0040	0.0134	0.0116	0.0098	0.0100	0.0042	0.0131	0.0209	0.0074	0.0042	0.0109	0.0152	0.0019	0.0002	0.0168	
0.0068	0.0155	0.0007	0.0058	0.0139	0.0062	0.0179	0.0180	0.0185	0.0021	0.0052	0.0146	0.0089	0.0109	0.0078	0.0127	0.0184	0.0116	0.0012	0.0053	0.0064	0.0007	0.0141	0.0197	0.0146	0.0087	0.0071	0.0112	0.0017	0.0013	0.0167	0.0112	0.0050	0.0172	0.0054	0.0203	0.0030	0.0092	0.0166	0.0056	0.0076	0.0144	0.0145	0.0065	0.0065	0.0130	0.0082	0.0076	0.0031	0.0115	0.0126	0.0055	0.0010	0.0164	0.0142	0.0062	0.0047	0.0017	0.0119	0.0060	0.0168	0.0052	0.0163	0.0177	0.0060	0.0148	0.0064	0.0087	0.0067	0.0078	0.0092	0.0102	0.0135	0.0152	0.0188	0.0119	0.0079	0.0041	0.0098	0.0008	0.0201	0.0203	0.0093	0.0098	0.0095	0.0098	0.0096	0.0116	0.0061	0.0184	0.0130	0.0012	0.0173	0.0087	0.0081	0.0023	0.0180	0.0145	0.0020	0.0117	
0.0055	0.0211	0.0020	0.0174	0.0023	0.0038	0.0090	0.0058	0.0156	0.0019	0.0207	0.0003	0.0114	0.0124	0.0094	0.0214	0.0134	0.0073	0.0073	0.0127	0.0050	0.0188	0.0036	0.0077	0.0131	0.0107	0.0126	0.0062	0.0072	0.0153	0.0140	0.0128	0.0024	0.0196	0.0160	0.0259	0.0189	0.0149	0.0083	0.0055	0.0009	0.0044	0.0156	0.0040	0.0008	0.0138	0.0098	0.0046	0.0023	0.0109	0.0069	0.0120	0.0074	0.0075	0.0077	0.0091	0.0149	0.0143	0.0009	0.0164	0.0109	0.0042	0.0175	0.0008	0.0112	0.0054	0.0153	0.0104	0.0189	0.0062	0.0000	0.0009	0.0180	0.0046	0.0144	0.0015	0.0029	0.0184	0.0053	0.0191	0.0157	0.0072	0.0045	0.0182	0.0088	0.0002	0.0070	0.0159	0.0126	0.0076	0.0037	0.0027	0.0166	0.0112	0.0134	0.0168	0.0060	0.0131	0.0151	0.0144	
0.0175	0.0191	0.0095	0.0162	0.0078	0.0065	0.0114	0.0016	0.0100	0.0048	0.0052	0.0133	0.0083	0.0012	0.0181	0.0045	0.0156	0.0006	0.0089	0.0079	0.0166	0.0024	0.0003	0.0061	0.0029	0.0192	0.0067	0.0060	0.0101	0.0143	0.0159	0.0086	0.0040	0.0114	0.0036	0.0202	0.0167	0.0086	0.0089	0.0031	0.0067	0.0050	0.0030	0.0057	0.0034	0.0053	0.0128	0.0109	0.0151	0.0105	0.0177	0.0046	0.0013	0.0051	0.0147	0.0132	0.0164	0.0029	0.0075	0.0142	0.0176	0.0071	0.0099	0.0124	0.0109	0.0141	0.0115	0.0136	0.0205	0.0146	0.0053	0.0117	0.0109	0.0097	0.0017	0.0136	0.0180	0.0140	0.0024	0.0157	0.0013	0.0127	0.0104	0.0007	0.0162	0.0092	0.0082	0.0170	0.0173	0.0085	0.0194	0.0121	0.0208	0.0118	0.0034	0.0016	0.0135	0.0071	0.0150	0.0085	
0.0154	0.0194	0.0150	0.0203	0.0034	0.0075	0.0095	0.0113	0.0032	0.0166	0.0151	0.0030	0.0001	0.0127	0.0140	0.0049	0.0115	0.0095	0.0098	0.0139	0.0062	0.0155	0.0002	0.0065	0.0135	0.0135	0.0114	0.0172	0.0050	0.0000	0.0013	0.0104	0.0184	0.0148	0.0045	0.0045	0.0195	0.0117	0.0176	0.0136	0.0170	0.0180	0.0138	0.0153	0.0131	0.0130	0.0126	0.0042	0.0030	0.0211	0.0057	0.0035	0.0139	0.0150	0.0005	0.0197	0.0139	0.0077	0.0141	0.0158	0.0145	0.0155	0.0050	0.0031	0.0207	0.0021	0.0042	0.0045	0.0087	0.0054	0.0038	0.0035	0.0113	0.0035	0.0011	0.0104	0.0006	0.0028	0.0080	0.0020	0.0113	0.0056	0.0155	0.0060	0.0114	0.0140	0.0202	0.0025	0.0148	0.0062	0.0058	0.0077	0.0155	0.0020	0.0137	0.0041	0.0102	0.0096	0.0179	0.0127	
0.0108	0.0086	0.0180	0.0154	0.0133	0.0028	0.0101	0.0083	0.0134	0.0085	0.0159	0.0144	0.0174	0.0161	0.0201	0.0093	0.0164	0.0192	0.0080	0.0010	0.0035	0.0025	0.0123	0.0188	0.0021	0.0136	0.0092	0.0096	0.0076	0.0154	0.0013	0.0098	0.0042	0.0147	0.0113	0.0062	0.0084	0.0180	0.0117	0.0107	0.0062	0.0098	0.0082	0.0041	0.0103	0.0109	0.0119	0.0138	0.0045	0.0063	0.0054	0.0103	0.0013	0.0178	0.0100	0.0082	0.0165	0.0166	0.0111	0.0018	0.0113	0.0202	0.0006	0.0165	0.0076	0.0061	0.0086	0.0014	0.0056	0.0112	0.0000	0.0194	0.0068	0.0176	0.0144	0.0133	0.0142	0.0062	0.0058	0.0103	0.0184	0.0141	0.0060	0.0013	0.0113	0.0093	0.0084	0.0070	0.0061	0.0034	0.0075	0.0093	0.0070	0.0084	0.0180	0.0060	0.0090	0.0092	0.0157	0.0052	
0.0011	0.0139	0.0112	0.0146	0.0056	0.0079	0.0024	0.0031	0.0025	0.0153	0.0162	0.0086	0.0128	0.0022	0.0030	0.0238	0.0112	0.0214	0.0050	0.0138	0.0157	0.0037	0.0171	0.0016	0.0034	0.0131	0.0131	0.0187	0.0198	0.0073	0.0046	0.0044	0.0110	0.0013	0.0101	0.0109	0.0054	0.0151	0.0193	0.0058	0.0079	0.0070	0.0045	0.0105	0.0096	0.0171	0.0166	0.0044	0.0078	0.0015	0.0129	0.0099	0.0045	0.0002	0.0086	0.0196	0.0144	0.0091	0.0054	0.0221	0.0150	0.0056	0.0028	0.0133	0.0158	0.0081	0.0009	0.0085	0.0169	0.0117	0.0121	0.0263	0.0043	0.0026	0.0093	0.0119	0.0207	0.0056	0.0097	0.0061	0.0082	0.0063	0.0122	0.0190	0.0135	0.0124	0.0010	0.0091	0.0156	0.0103	0.0132	0.0127	0.0093	0.0144	0.0090	0.0036	0.0032	0.0092	0.0186	0.0014	
0.0167	0.0080	0.0132	0.0132	0.0070	0.0136	0.0051	0.0012	0.0087	0.0135	0.0178	0.0096	0.0159	0.0008	0.0082	0.0087	0.0105	0.0043	0.0148	0.0150	0.0069	0.0110	0.0171	0.0175	0.0025	0.0171	0.0107	0.0059	0.0121	0.0046	0.0090	0.0093	0.0074	0.0087	0.0095	0.0011	0.0120	0.0155	0.0105	0.0013	0.0069	0.0183	0.0185	0.0150	0.0115	0.0002	0.0154	0.0050	0.0098	0.0010	0.0092	0.0165	0.0102	0.0185	0.0131	0.0047	0.0102	0.0128	0.0072	0.0126	0.0014	0.0200	0.0072	0.0044	0.0064	0.0072	0.0025	0.0055	0.0121	0.0053	0.0126	0.0170	0.0119	0.0177	0.0104	0.0079	0.0120	0.0169	0.0037	0.0022	0.0136	0.0052	0.0156	0.0108	0.0138	0.0086	0.0004	0.0084	0.0159	0.0040	0.0083	0.0150	0.0079	0.0132	0.0178	0.0076	0.0103	0.0115	0.0102	0.0056	
0.0183	0.0121	0.0170	0.0039	0.0064	0.0160	0.0040	0.0116	0.0073	0.0043	0.0128	0.0137	0.0096	0.0076	0.0196	0.0170	0.0018	0.0170	0.0091	0.0151	0.0078	0.0149	0.0114	0.0060	0.0184	0.0163	0.0073	0.0174	0.0195	0.0020	0.0184	0.0209	0.0074	0.0180	0.0060	0.0043	0.0105	0.0129	0.0060	0.0002	0.0067	0.0095	0.0018	0.0115	0.0117	0.0170	0.0099	0.0000	0.0220	0.0041	0.0072	0.0158	0.0037	0.0173	0.0197	0.0029	0.0022	0.0095	0.0057	0.0123	0.0073	0.0063	0.0125	0.0055	0.0074	0.0127	0.0053	0.0098	0.0021	0.0127	0.0049	0.0096	0.0097	0.0102	0.0097	0.0196	0.0130	0.0171	0.0119	0.0013	0.0042	0.0077	0.0186	0.0150	0.0160	0.0017	0.0170	0.0123	0.0006	0.0029	0.0016	0.0010	0.0076	0.0127	0.0132	0.0009	0.0170	0.0156	0.0056	0.0001	
0.0129	0.0232	0.0161	0.0077	0.0127	0.0182	0.0032	0.0136	0.0046	0.0133	0.0113	0.0023	0.0162	0.0048	0.0088	0.0263	0.0046	0.0152	0.0056	0.0033	0.0109	0.0135	0.0086	0.0155	0.0056	0.0052	0.0015	0.0160	0.0133	0.0062	0.0017	0.0126	0.0121	0.0142	0.0078	0.0053	0.0092	0.0108	0.0176	0.0226	0.0137	0.0033	0.0040	0.0012	0.0100	0.0115	0.0033	0.0016	0.0043	0.0148	0.0123	0.0147	0.0057	0.0003	0.0031	0.0162	0.0066	0.0197	0.0081	0.0193	0.0152	0.0093	0.0128	0.0125	0.0208	0.0094	0.0099	0.0026	0.0175	0.0020	0.0085	0.0186	0.0015	0.0136	0.0069	0.0101	0.0083	0.0084	0.0048	0.0106	0.0110	0.0134	0.0119	0.0036	0.0087	0.0017	0.0117	0.0084	0.0100	0.0093	0.0153	0.0060	0.0211	0.0003	0.0149	0.0087	0.0063	0.0054	0.0032	0.0188	
0.0054	0.0006	0.0086	0.0024	0.0021	0.0187	0.0143	0.0119	0.0105	0.0088	0.0074	0.0008	0.0141	0.0010	0.0202	0.0230	0.0124	0.0122	0.0025	0.0120	0.0024	0.0017	0.0151	0.0183	0.0068	0.0002	0.0215	0.0013	0.0138	0.0175	0.0081	0.0029	0.0060	0.0083	0.0089	0.0252	0.0119	0.0100	0.0021	0.0224	0.0045	0.0240	0.0191	0.0202	0.0082	0.0114	0.0152	0.0135	0.0046	0.0016	0.0135	0.0132	0.0035	0.0075	0.0159	0.0029	0.0047	0.0104	0.0094	0.0029	0.0181	0.0201	0.0147	0.0114	0.0034	0.0026	0.0135	0.0049	0.0137	0.0125	0.0063	0.0076	0.0097	0.0067	0.0104	0.0029	0.0024	0.0159	0.0080	0.0142	0.0023	0.0036	0.0182	0.0137	0.0044	0.0113	0.0001	0.0163	0.0129	0.0060	0.0149	0.0008	0.0224	0.0155	0.0172	0.0082	0.0040	0.0060	0.0174	0.0061	
0.0194	0.0115	0.0046	0.0083	0.0130	0.0075	0.0040	0.0170	0.0148	0.0116	0.0002	0.0085	0.0007	0.0166	0.0207	0.0159	0.0172	0.0022	0.0064	0.0090	0.0028	0.0174	0.0147	0.0027	0.0032	0.0064	0.0091	0.0104	0.0073	0.0027	0.0198	0.0155	0.0196	0.0035	0.0169	0.0129	0.0192	0.0085	0.0207	0.0204	0.0080	0.0039	0.0013	0.0184	0.0069	0.0027	0.0004	0.0003	0.0003	0.0050	0.0085	0.0015	0.0191	0.0061	0.0027	0.0003	0.0152	0.0018	0.0032	0.0095	0.0176	0.0151	0.0084	0.0122	0.0144	0.0037	0.0101	0.0154	0.0206	0.0063	0.0140	0.0121	0.0027	0.0097	0.0016	0.0183	0.0157	0.0162	0.0144	0.0008	0.0047	0.0081	0.0105	0.0028	0.0129	0.0166	0.0184	0.0123	0.0007	0.0156	0.0155	0.0155	0.0054	0.0092	0.0192	0.0147	0.0148	0.0073	0.0047	0.0037	
0.0137	0.0030	0.0018	0.0139	0.0085	0.0169	0.0160	0.0084	0.0041	0.0029	0.0042	0.0000	0.0064	0.0029	0.0042	0.0101	0.0026	0.0059	0.0139	0.0123	0.0054	0.0184	0.0171	0.0006	0.0106	0.0197	0.0057	0.0114	0.0088	0.0061	0.0049	0.0082	0.0110	0.0110	0.0079	0.0026	0.0068	0.0160	0.0133	0.0178	0.0182	0.0092	0.0081	0.0146	0.0112	0.0142	0.0095	0.0015	0.0071	0.0107	0.0108	0.0081	0.0095	0.0090	0.0170	0.0152	0.0055	0.0010	0.0008	0.0139	0.0100	0.0064	0.0170	0.0158	0.0195	0.0130	0.0066	0.0122	0.0155	0.0010	0.0020	0.0063	0.0111	0.0018	0.0155	0.0165	0.0100	0.0171	0.0053	0.0147	0.0047	0.0040	0.0055	0.0182	0.0142	0.0133	0.0205	0.0026	0.0142	0.0120	0.0151	0.0045	0.0181	0.0155	0.0055	0.0119	0.0095	0.0091	0.0176	0.0165	
0.0104	0.0219	0.0077	0.0073	0.0070	0.0061	0.0118	0.0072	0.0107	0.0001	0.0048	0.0047	0.0162	0.0051	0.0104	0.0094	0.0004	0.0202	0.0017	0.0018	0.0127	0.0064	0.0008	0.0193	0.0035	0.0250	0.0116	0.0154	0.0140	0.0034	0.0086	0.0181	0.0001	0.0109	0.0077	0.0138	0.0197	0.0219	0.0128	0.0141	0.0004	0.0180	0.0099	0.0164	0.0104	0.0067	0.0106	0.0104	0.0110	0.0252	0.0130	0.0089	0.0092	0.0156	0.0025	0.0016	0.0119	0.0091	0.0001	0.0175	0.0167	0.0022	0.0096	0.0075	0.0170	0.0031	0.0065	0.0049	0.0204	0.0124	0.0091	0.0007	0.0091	0.0136	0.0020	0.0021	0.0164	0.0072	0.0071	0.0150	0.0031	0.0149	0.0026	0.0168	0.0081	0.0156	0.0151	0.0032	0.0073	0.0059	0.0173	0.0059	0.0288	0.0143	0.0119	0.0197	0.0031	0.0015	0.0014	0.0076	
0.0015	0.0064	0.0174	0.0152	0.0083	0.0124	0.0008	0.0147	0.0129	0.0003	0.0065	0.0072	0.0002	0.0031	0.0094	0.0216	0.0159	0.0142	0.0131	0.0124	0.0104	0.0038	0.0000	0.0069	0.0037	0.0015	0.0008	0.0104	0.0180	0.0033	0.0214	0.0136	0.0056	0.0010	0.0140	0.0234	0.0011	0.0089	0.0078	0.0220	0.0161	0.0199	0.0094	0.0053	0.0021	0.0046	0.0076	0.0149	0.0112	0.0167	0.0191	0.0081	0.0041	0.0056	0.0151	0.0205	0.0050	0.0097	0.0070	0.0097	0.0110	0.0119	0.0138	0.0097	0.0008	0.0101	0.0028	0.0165	0.0084	0.0070	0.0160	0.0119	0.0063	0.0188	0.0183	0.0137	0.0147	0.0140	0.0038	0.0177	0.0105	0.0036	0.0205	0.0044	0.0039	0.0097	0.0114	0.0190	0.0062	0.0147	0.0136	0.0086	0.0003	0.0155	0.0070	0.0057	0.0027	0.0176	0.0048	0.0102	
0.0020	0.0078	0.0109	0.0022	0.0169	0.0087	0.0017	0.0042	0.0065	0.0011	0.0033	0.0140	0.0053	0.0087	0.0186	0.0069	0.0104	0.0111	0.0055	0.0088	0.0016	0.0035	0.0158	0.0098	0.0201	0.0064	0.0083	0.0072	0.0117	0.0133	0.0122	0.0178	0.0087	0.0117	0.0178	0.0038	0.0132	0.0155	0.0068	0.0133	0.0095	0.0054	0.0153	0.0032	0.0119	0.0019	0.0054	0.0101	0.0040	0.0002	0.0146	0.0127	0.0138	0.0174	0.0094	0.0209	0.0162	0.0005	0.0060	0.0104	0.0168	0.0131	0.0126	0.0134	0.0092	0.0075	0.0013	0.0105	0.0116	0.0116	0.0121	0.0139	0.0032	0.0100	0.0004	0.0177	0.0106	0.0075	0.0114	0.0144	0.0004	0.0203	0.0047	0.0115	0.0229	0.0172	0.0035	0.0169	0.0050	0.0182	0.0067	0.0124	0.0111	0.0139	0.0178	0.0146	0.0122	0.0004	0.0135	0.0062	
0.0001	0.0134	0.0202	0.0113	0.0070	0.0012	0.0086	0.0015	0.0137	0.0128	0.0084	0.0071	0.0065	0.0116	0.0119	0.0200	0.0083	0.0016	0.0140	0.0099	0.0041	0.0069	0.0065	0.0126	0.0044	0.0191	0.0024	0.0083	0.0143	0.0042	0.0029	0.0099	0.0137	0.0063	0.0153	0.0059	0.0004	0.0128	0.0045	0.0175	0.0110	0.0020	0.0212	0.0114	0.0099	0.0011	0.0068	0.0184	0.0038	0.0176	0.0073	0.0114	0.0064	0.0057	0.0033	0.0123	0.0087	0.0062	0.0061	0.0080	0.0177	0.0205	0.0080	0.0098	0.0101	0.0198	0.0121	0.0181	0.0196	0.0056	0.0187	0.0163	0.0159	0.0178	0.0196	0.0021	0.0069	0.0136	0.0021	0.0032	0.0121	0.0034	0.0051	0.0151	0.0180	0.0111	0.0035	0.0085	0.0037	0.0010	0.0164	0.0142	0.0068	0.0154	0.0197	0.0117	0.0137	0.0094	0.0020	0.0120	
0.0081	0.0071	0.0015	0.0195	0.0199	0.0138	0.0156	0.0098	0.0072	0.0011	0.0063	0.0176	0.0042	0.0038	0.0196	0.0160	0.0143	0.0138	0.0132	0.0194	0.0165	0.0054	0.0188	0.0184	0.0097	0.0046	0.0076	0.0017	0.0200	0.0061	0.0084	0.0198	0.0120	0.0099	0.0178	0.0046	0.0021	0.0069	0.0183	0.0046	0.0185	0.0143	0.0013	0.0025	0.0143	0.0033	0.0101	0.0031	0.0228	0.0040	0.0189	0.0021	0.0196	0.0040	0.0190	0.0029	0.0127	0.0045	0.0098	0.0149	0.0046	0.0133	0.0119	0.0010	0.0138	0.0095	0.0027	0.0131	0.0094	0.0136	0.0135	0.0079	0.0153	0.0090	0.0012	0.0011	0.0042	0.0131	0.0018	0.0055	0.0157	0.0052	0.0027	0.0148	0.0093	0.0057	0.0006	0.0094	0.0144	0.0132	0.0123	0.0180	0.0178	0.0008	0.0219	0.0053	0.0034	0.0002	0.0095	0.0065	
0.0255	0.0181	0.0131	0.0073	0.0077	0.0102	0.0037	0.0072	0.0018	0.0111	0.0197	0.0106	0.0025	0.0045	0.0014	0.0226	0.0060	0.0143	0.0067	0.0045	0.0057	0.0137	0.0166	0.0138	0.0116	0.0195	0.0090	0.0141	0.0061	0.0129	0.0175	0.0030	0.0032	0.0159	0.0034	0.0209	0.0096	0.0142	0.0028	0.0188	0.0002	0.0137	0.0049	0.0167	0.0097	0.0095	0.0118	0.0091	0.0165	0.0001	0.0146	0.0049	0.0070	0.0018	0.0142	0.0061	0.0119	0.0165	0.0044	0.0183	0.0014	0.0106	0.0000	0.0048	0.0190	0.0098	0.0111	0.0051	0.0204	0.0023	0.0076	0.0135	0.0109	0.0141	0.0057	0.0125	0.0079	0.0165	0.0014	0.0043	0.0001	0.0129	0.0158	0.0070	0.0132	0.0084	0.0170	0.0010	0.0182	0.0001	0.0186	0.0062	0.0111	0.0045	0.0112	0.0093	0.0116	0.0154	0.0015	0.0154	
0.0215	0.0089	0.0109	0.0164	0.0075	0.0023	0.0087	0.0102	0.0107	0.0017	0.0173	0.0099	0.0162	0.0012	0.0165	0.0047	0.0096	0.0104	0.0044	0.0044	0.0131	0.0128	0.0083	0.0159	0.0027	0.0229	0.0046	0.0065	0.0020	0.0130	0.0036	0.0073	0.0187	0.0038	0.0050	0.0138	0.0052	0.0006	0.0196	0.0223	0.0159	0.0075	0.0052	0.0164	0.0031	0.0011	0.0106	0.0061	0.0089	0.0117	0.0145	0.0003	0.0125	0.0126	0.0178	0.0051	0.0131	0.0133	0.0062	0.0135	0.0160	0.0060	0.0061	0.0130	0.0205	0.0052	0.0157	0.0096	0.0183	0.0023	0.0156	0.0153	0.0121	0.0093	0.0058	0.0088	0.0065	0.0143	0.0132	0.0025	0.0033	0.0122	0.0151	0.0100	0.0004	0.0026	0.0175	0.0021	0.0037	0.0006	0.0146	0.0084	0.0118	0.0046	0.0156	0.0127	0.0184	0.0072	0.0158	0.0169	
0.0024	0.0002	0.0127	0.0085	0.0099	0.0029	0.0052	0.0029	0.0069	0.0070	0.0189	0.0028	0.0166	0.0070	0.0074	0.0015	0.0073	0.0153	0.0123	0.0116	0.0080	0.0167	0.0096	0.0128	0.0072	0.0070	0.0033	0.0067	0.0089	0.0108	0.0125	0.0171	0.0181	0.0195	0.0010	0.0058	0.0035	0.0070	0.0212	0.0201	0.0151	0.0148	0.0136	0.0144	0.0024	0.0087	0.0124	0.0022	0.0002	0.0191	0.0039	0.0032	0.0121	0.0008	0.0064	0.0055	0.0081	0.0181	0.0127	0.0073	0.0177	0.0215	0.0112	0.0130	0.0176	0.0149	0.0043	0.0134	0.0074	0.0010	0.0154	0.0025	0.0143	0.0191	0.0167	0.0141	0.0023	0.0139	0.0088	0.0163	0.0077	0.0005	0.0069	0.0109	0.0068	0.0070	0.0087	0.0149	0.0129	0.0117	0.0150	0.0033	0.0105	0.0098	0.0155	0.0153	0.0012	0.0167	0.0183	0.0039	
0.0062	0.0215	0.0170	0.0234	0.0004	0.0024	0.0061	0.0125	0.0016	0.0086	0.0037	0.0101	0.0084	0.0197	0.0201	0.0264	0.0091	0.0010	0.0047	0.0058	0.0083	0.0084	0.0049	0.0100	0.0045	0.0184	0.0139	0.0036	0.0015	0.0014	0.0164	0.0036	0.0171	0.0081	0.0125	0.0161	0.0043	0.0083	0.0139	0.0087	0.0009	0.0212	0.0149	0.0025	0.0108	0.0156	0.0145	0.0092	0.0153	0.0228	0.0052	0.0003	0.0127	0.0107	0.0133	0.0189	0.0105	0.0065	0.0078	0.0097	0.0091	0.0050	0.0086	0.0002	0.0196	0.0157	0.0002	0.0006	0.0050	0.0028	0.0139	0.0051	0.0086	0.0012	0.0064	0.0118	0.0124	0.0026	0.0160	0.0068	0.0116	0.0020	0.0079	0.0027	0.0125	0.0126	0.0147	0.0034	0.0159	0.0134	0.0216	0.0128	0.0218	0.0030	0.0155	0.0175	0.0080	0.0141	0.0067	0.0143	
0.0238	0.0171	0.0079	0.0148	0.0036	0.0011	0.0104	0.0104	0.0048	0.0003	0.0046	0.0107	0.0087	0.0045	0.0150	0.0082	0.0151	0.0075	0.0029	0.0013	0.0062	0.0187	0.0086	0.0061	0.0048	0.0219	0.0078	0.0055	0.0043	0.0096	0.0067	0.0192	0.0168	0.0049	0.0091	0.0003	0.0163	0.0149	0.0221	0.0174	0.0039	0.0032	0.0216	0.0117	0.0126	0.0093	0.0097	0.0112	0.0153	0.0110	0.0005	0.0009	0.0145	0.0057	0.0077	0.0028	0.0084	0.0013	0.0069	0.0080	0.0131	0.0061	0.0057	0.0154	0.0169	0.0063	0.0123	0.0029	0.0182	0.0097	0.0111	0.0024	0.0071	0.0083	0.0187	0.0038	0.0197	0.0138	0.0097	0.0158	0.0062	0.0162	0.0138	0.0153	0.0098	0.0045	0.0066	0.0123	0.0197	0.0062	0.0120	0.0119	0.0085	0.0107	0.0025	0.0185	0.0183	0.0035	0.0191	0.0074	
0.0180	0.0078	0.0170	0.0022	0.0152	0.0189	0.0108	0.0036	0.0060	0.0030	0.0052	0.0110	0.0103	0.0120	0.0006	0.0207	0.0097	0.0113	0.0044	0.0073	0.0008	0.0032	0.0054	0.0081	0.0148	0.0220	0.0153	0.0152	0.0050	0.0171	0.0067	0.0131	0.0158	0.0040	0.0010	0.0242	0.0195	0.0104	0.0178	0.0128	0.0112	0.0026	0.0040	0.0138	0.0018	0.0147	0.0037	0.0128	0.0111	0.0060	0.0057	0.0053	0.0196	0.0089	0.0065	0.0128	0.0015	0.0082	0.0018	0.0018	0.0031	0.0202	0.0160	0.0066	0.0198	0.0088	0.0158	0.0050	0.0131	0.0008	0.0159	0.0021	0.0138	0.0157	0.0165	0.0171	0.0190	0.0106	0.0051	0.0022	0.0098	0.0001	0.0046	0.0002	0.0113	0.0003	0.0183	0.0057	0.0186	0.0073	0.0185	0.0081	0.0101	0.0111	0.0066	0.0139	0.0044	0.0151	0.0169	0.0111	
0.0212	0.0192	0.0046	0.0118	0.0075	0.0044	0.0098	0.0015	0.0112	0.0082	0.0139	0.0108	0.0023	0.0207	0.0113	0.0036	0.0117	0.0193	0.0122	0.0150	0.0137	0.0145	0.0102	0.0013	0.0035	0.0079	0.0138	0.0014	0.0086	0.0032	0.0159	0.0027	0.0144	0.0154	0.0049	0.0183	0.0167	0.0144	0.0140	0.0103	0.0107	0.0168	0.0163	0.0086	0.0158	0.0071	0.0086	0.0078	0.0060	0.0045	0.0018	0.0067	0.0026	0.0003	0.0188	0.0054	0.0085	0.0029	0.0062	0.0016	0.0106	0.0101	0.0128	0.0082	0.0157	0.0094	0.0151	0.0067	0.0179	0.0129	0.0070	0.0218	0.0051	0.0050	0.0069	0.0198	0.0200	0.0199	0.0036	0.0164	0.0165	0.0052	0.0170	0.0046	0.0014	0.0071	0.0004	0.0143	0.0188	0.0001	0.0061	0.0113	0.0086	0.0100	0.0188	0.0011	0.0025	0.0065	0.0157	0.0070	
0.0112	0.0019	0.0131	0.0123	0.0140	0.0033	0.0011	0.0188	0.0109	0.0158	0.0069	0.0066	0.0190	0.0102	0.0045	0.0066	0.0104	0.0085	0.0053	0.0052	0.0080	0.0032	0.0097	0.0138	0.0063	0.0171	0.0118	0.0139	0.0058	0.0048	0.0170	0.0107	0.0048	0.0181	0.0062	0.0181	0.0119	0.0047	0.0087	0.0224	0.0058	0.0034	0.0002	0.0201	0.0125	0.0150	0.0120	0.0149	0.0064	0.0146	0.0078	0.0123	0.0215	0.0087	0.0177	0.0067	0.0101	0.0192	0.0019	0.0033	0.0112	0.0081	0.0103	0.0065	0.0025	0.0128	0.0038	0.0014	0.0045	0.0068	0.0124	0.0098	0.0010	0.0091	0.0191	0.0058	0.0028	0.0110	0.0012	0.0101	0.0158	0.0121	0.0076	0.0120	0.0140	0.0022	0.0130	0.0136	0.0207	0.0158	0.0039	0.0111	0.0024	0.0038	0.0058	0.0185	0.0119	0.0118	0.0168	0.0202	
0.0147	0.0134	0.0143	0.0212	0.0171	0.0002	0.0115	0.0117	0.0079	0.0097	0.0043	0.0009	0.0173	0.0113	0.0034	0.0216	0.0160	0.0184	0.0079	0.0166	0.0022	0.0092	0.0022	0.0036	0.0038	0.0239	0.0061	0.0161	0.0023	0.0004	0.0156	0.0101	0.0149	0.0024	0.0178	0.0089	0.0005	0.0088	0.0149	0.0209	0.0092	0.0014	0.0064	0.0088	0.0141	0.0023	0.0154	0.0099	0.0017	0.0096	0.0002	0.0129	0.0023	0.0167	0.0168	0.0037	0.0091	0.0103	0.0103	0.0009	0.0137	0.0193	0.0081	0.0076	0.0186	0.0120	0.0062	0.0122	0.0146	0.0126	0.0163	0.0123	0.0049	0.0136	0.0100	0.0012	0.0026	0.0134	0.0071	0.0020	0.0016	0.0135	0.0155	0.0132	0.0002	0.0007	0.0091	0.0162	0.0063	0.0130	0.0180	0.0085	0.0181	0.0101	0.0030	0.0133	0.0130	0.0168	0.0125	0.0025	
0.0170	0.0027	0.0199	0.0065	0.0099	0.0096	0.0074	0.0082	0.0063	0.0144	0.0009	0.0165	0.0020	0.0108	0.0223	0.0194	0.0012	0.0147	0.0063	0.0124	0.0046	0.0102	0.0091	0.0163	0.0179	0.0073	0.0132	0.0118	0.0092	0.0153	0.0088	0.0048	0.0009	0.0048	0.0062	0.0215	0.0149	0.0077	0.0022	0.0098	0.0120	0.0189	0.0105	0.0082	0.0118	0.0003	0.0074	0.0029	0.0144	0.0038	0.0112	0.0170	0.0103	0.0175	0.0172	0.0059	0.0127	0.0024	0.0067	0.0049	0.0130	0.0151	0.0170	0.0095	0.0066	0.0137	0.0124	0.0140	0.0051	0.0164	0.0027	0.0134	0.0104	0.0166	0.0030	0.0055	0.0201	0.0154	0.0009	0.0163	0.0160	0.0110	0.0001	0.0058	0.0045	0.0089	0.0155	0.0043	0.0078	0.0012	0.0042	0.0102	0.0006	0.0141	0.0145	0.0156	0.0005	0.0175	0.0037	0.0163	
0.0058	0.0154	0.0200	0.0168	0.0008	0.0223	0.0046	0.0138	0.0121	0.0109	0.0067	0.0123	0.0019	0.0116	0.0090	0.0040	0.0130	0.0141	0.0048	0.0142	0.0005	0.0132	0.0091	0.0035	0.0114	0.0139	0.0153	0.0174	0.0026	0.0054	0.0058	0.0001	0.0166	0.0029	0.0134	0.0081	0.0153	0.0074	0.0067	0.0077	0.0057	0.0054	0.0112	0.0205	0.0168	0.0078	0.0108	0.0099	0.0098	0.0163	0.0026	0.0074	0.0172	0.0086	0.0204	0.0142	0.0030	0.0182	0.0138	0.0151	0.0074	0.0129	0.0089	0.0072	0.0088	0.0050	0.0027	0.0170	0.0245	0.0009	0.0098	0.0114	0.0082	0.0006	0.0106	0.0157	0.0010	0.0146	0.0074	0.0066	0.0152	0.0018	0.0064	0.0102	0.0027	0.0173	0.0075	0.0050	0.0048	0.0004	0.0034	0.0157	0.0116	0.0126	0.0182	0.0170	0.0175	0.0030	0.0108	0.0129	
0.0076	0.0158	0.0137	0.0115	0.0024	0.0161	0.0001	0.0160	0.0134	0.0015	0.0149	0.0059	0.0082	0.0121	0.0162	0.0076	0.0028	0.0189	0.0028	0.0068	0.0141	0.0184	0.0153	0.0149	0.0101	0.0169	0.0230	0.0139	0.0019	0.0116	0.0010	0.0157	0.0036	0.0209	0.0013	0.0087	0.0091	0.0172	0.0085	0.0143	0.0154	0.0166	0.0070	0.0024	0.0076	0.0092	0.0089	0.0146	0.0012	0.0175	0.0122	0.0140	0.0216	0.0177	0.0113	0.0088	0.0124	0.0203	0.0059	0.0176	0.0143	0.0093	0.0101	0.0027	0.0015	0.0107	0.0066	0.0078	0.0145	0.0043	0.0152	0.0103	0.0118	0.0175	0.0117	0.0056	0.0097	0.0146	0.0070	0.0054	0.0001	0.0019	0.0138	0.0082	0.0015	0.0038	0.0002	0.0026	0.0067	0.0092	0.0116	0.0074	0.0088	0.0100	0.0128	0.0108	0.0014	0.0037	0.0009	0.0170	
0.0056	0.0003	0.0083	0.0192	0.0148	0.0051	0.0032	0.0024	0.0068	0.0043	0.0225	0.0024	0.0104	0.0043	0.0170	0.0161	0.0114	0.0028	0.0008	0.0126	0.0118	0.0054	0.0055	0.0172	0.0128	0.0078	0.0015	0.0200	0.0012	0.0018	0.0065	0.0059	0.0139	0.0160	0.0024	0.0291	0.0169	0.0187	0.0139	0.0239	0.0005	0.0230	0.0163	0.0009	0.0140	0.0056	0.0020	0.0019	0.0020	0.0031	0.0168	0.0176	0.0034	0.0042	0.0012	0.0251	0.0124	0.0120	0.0142	0.0160	0.0035	0.0069	0.0010	0.0051	0.0249	0.0097	0.0093	0.0138	0.0016	0.0090	0.0163	0.0216	0.0107	0.0037	0.0153	0.0153	0.0098	0.0045	0.0007	0.0097	0.0023	0.0172	0.0191	0.0197	0.0047	0.0061	0.0041	0.0081	0.0146	0.0027	0.0057	0.0023	0.0269	0.0159	0.0132	0.0156	0.0190	0.0103	0.0017	0.0033	
0.0155	0.0052	0.0011	0.0097	0.0054	0.0201	0.0088	0.0194	0.0082	0.0062	0.0101	0.0146	0.0108	0.0072	0.0104	0.0041	0.0094	0.0025	0.0001	0.0128	0.0097	0.0023	0.0048	0.0197	0.0105	0.0141	0.0157	0.0100	0.0104	0.0013	0.0200	0.0220	0.0027	0.0150	0.0175	0.0179	0.0170	0.0066	0.0148	0.0056	0.0203	0.0038	0.0008	0.0051	0.0121	0.0176	0.0121	0.0116	0.0142	0.0093	0.0060	0.0162	0.0119	0.0114	0.0171	0.0143	0.0024	0.0030	0.0020	0.0099	0.0010	0.0168	0.0105	0.0072	0.0065	0.0128	0.0069	0.0126	0.0134	0.0134	0.0061	0.0021	0.0077	0.0139	0.0148	0.0054	0.0016	0.0163	0.0039	0.0143	0.0017	0.0070	0.0191	0.0204	0.0200	0.0041	0.0086	0.0162	0.0031	0.0011	0.0134	0.0154	0.0049	0.0025	0.0060	0.0023	0.0137	0.0138	0.0185	0.0015	
0.0064	0.0195	0.0191	0.0202	0.0034	0.0044	0.0055	0.0180	0.0129	0.0085	0.0126	0.0038	0.0184	0.0083	0.0106	0.0170	0.0142	0.0105	0.0095	0.0021	0.0027	0.0139	0.0098	0.0107	0.0140	0.0121	0.0167	0.0057	0.0079	0.0090	0.0104	0.0069	0.0180	0.0027	0.0071	0.0019	0.0068	0.0004	0.0176	0.0124	0.0165	0.0119	0.0177	0.0136	0.0080	0.0097	0.0135	0.0145	0.0118	0.0110	0.0053	0.0034	0.0029	0.0174	0.0194	0.0109	0.0088	0.0075	0.0018	0.0138	0.0069	0.0226	0.0081	0.0043	0.0204	0.0045	0.0062	0.0129	0.0017	0.0071	0.0071	0.0195	0.0138	0.0004	0.0040	0.0102	0.0153	0.0163	0.0027	0.0060	0.0127	0.0002	0.0132	0.0161	0.0045	0.0059	0.0048	0.0178	0.0043	0.0127	0.0120	0.0001	0.0193	0.0019	0.0033	0.0170	0.0032	0.0120	0.0136	0.0041	
0.0034	0.0000	0.0151	0.0052	0.0026	0.0097	0.0070	0.0024	0.0110	0.0060	0.0174	0.0096	0.0042	0.0158	0.0213	0.0090	0.0047	0.0109	0.0142	0.0101	0.0001	0.0077	0.0116	0.0059	0.0114	0.0093	0.0194	0.0127	0.0154	0.0047	0.0083	0.0031	0.0022	0.0207	0.0035	0.0179	0.0050	0.0088	0.0164	0.0199	0.0166	0.0028	0.0059	0.0180	0.0171	0.0158	0.0135	0.0020	0.0036	0.0183	0.0119	0.0108	0.0145	0.0012	0.0037	0.0157	0.0067	0.0092	0.0059	0.0188	0.0104	0.0184	0.0049	0.0067	0.0222	0.0102	0.0097	0.0039	0.0149	0.0026	0.0021	0.0206	0.0154	0.0041	0.0138	0.0156	0.0014	0.0147	0.0062	0.0151	0.0086	0.0135	0.0095	0.0006	0.0103	0.0136	0.0114	0.0007	0.0166	0.0066	0.0071	0.0120	0.0006	0.0145	0.0044	0.0026	0.0172	0.0169	0.0180	0.0071	
0.0069	0.0100	0.0118	0.0005	0.0141	0.0159	0.0165	0.0091	0.0065	0.0065	0.0138	0.0166	0.0017	0.0106	0.0053	0.0147	0.0062	0.0052	0.0149	0.0037	0.0020	0.0113	0.0109	0.0034	0.0206	0.0064	0.0152	0.0172	0.0205	0.0120	0.0007	0.0037	0.0163	0.0003	0.0120	0.0003	0.0053	0.0083	0.0071	0.0162	0.0001	0.0013	0.0165	0.0078	0.0135	0.0150	0.0137	0.0093	0.0163	0.0096	0.0160	0.0130	0.0035	0.0164	0.0056	0.0168	0.0016	0.0068	0.0035	0.0073	0.0179	0.0172	0.0102	0.0150	0.0053	0.0109	0.0148	0.0012	0.0002	0.0045	0.0092	0.0190	0.0166	0.0175	0.0039	0.0005	0.0173	0.0191	0.0076	0.0040	0.0129	0.0074	0.0046	0.0093	0.0187	0.0079	0.0003	0.0031	0.0147	0.0146	0.0176	0.0178	0.0051	0.0187	0.0198	0.0030	0.0111	0.0196	0.0039	0.0039	
0.0170	0.0117	0.0099	0.0098	0.0006	0.0185	0.0127	0.0055	0.0090	0.0042	0.0000	0.0015	0.0179	0.0179	0.0188	0.0121	0.0100	0.0009	0.0143	0.0135	0.0091	0.0139	0.0063	0.0057	0.0054	0.0121	0.0106	0.0165	0.0171	0.0003	0.0090	0.0162	0.0145	0.0038	0.0073	0.0204	0.0156	0.0132	0.0087	0.0156	0.0132	0.0134	0.0129	0.0083	0.0114	0.0170	0.0158	0.0045	0.0028	0.0067	0.0099	0.0099	0.0013	0.0076	0.0142	0.0023	0.0064	0.0031	0.0032	0.0092	0.0058	0.0149	0.0068	0.0089	0.0155	0.0032	0.0043	0.0116	0.0130	0.0149	0.0126	0.0184	0.0101	0.0020	0.0026	0.0156	0.0015	0.0130	0.0086	0.0074	0.0104	0.0063	0.0156	0.0105	0.0094	0.0150	0.0148	0.0085	0.0099	0.0044	0.0101	0.0107	0.0112	0.0152	0.0092	0.0168	0.0062	0.0021	0.0135	0.0094	
0.0125	0.0049	0.0144	0.0053	0.0116	0.0146	0.0173	0.0199	0.0040	0.0176	0.0008	0.0120	0.0125	0.0158	0.0214	0.0220	0.0160	0.0173	0.0006	0.0154	0.0081	0.0180	0.0043	0.0068	0.0063	0.0006	0.0060	0.0133	0.0124	0.0030	0.0096	0.0195	0.0199	0.0007	0.0173	0.0078	0.0132	0.0114	0.0210	0.0163	0.0003	0.0164	0.0046	0.0115	0.0042	0.0196	0.0014	0.0137	0.0006	0.0104	0.0017	0.0103	0.0021	0.0197	0.0022	0.0148	0.0009	0.0065	0.0155	0.0127	0.0074	0.0045	0.0066	0.0011	0.0096	0.0016	0.0109	0.0100	0.0225	0.0104	0.0060	0.0069	0.0163	0.0055	0.0171	0.0126	0.0133	0.0112	0.0018	0.0071	0.0178	0.0107	0.0134	0.0022	0.0014	0.0170	0.0183	0.0015	0.0189	0.0022	0.0058	0.0060	0.0146	0.0058	0.0074	0.0152	0.0093	0.0029	0.0035	0.0029	
0.0088	0.0136	0.0174	0.0121	0.0036	0.0183	0.0112	0.0197	0.0011	0.0091	0.0018	0.0073	0.0054	0.0130	0.0178	0.0237	0.0093	0.0050	0.0160	0.0090	0.0040	0.0131	0.0137	0.0175	0.0041	0.0286	0.0161	0.0132	0.0178	0.0008	0.0036	0.0098	0.0094	0.0251	0.0011	0.0125	0.0182	0.0046	0.0234	0.0081	0.0063	0.0010	0.0003	0.0115	0.0011	0.0150	0.0023	0.0022	0.0132	0.0143	0.0059	0.0048	0.0041	0.0138	0.0201	0.0184	0.0154	0.0229	0.0032	0.0064	0.0037	0.0018	0.0190	0.0004	0.0088	0.0104	0.0018	0.0050	0.0143	0.0037	0.0015	0.0090	0.0067	0.0165	0.0046	0.0036	0.0120	0.0044	0.0155	0.0089	0.0139	0.0097	0.0218	0.0074	0.0130	0.0182	0.0084	0.0138	0.0007	0.0050	0.0148	0.0134	0.0002	0.0124	0.0021	0.0049	0.0024	0.0219	0.0030	0.0112	
0.0171	0.0180	0.0130	0.0098	0.0085	0.0197	0.0174	0.0094	0.0080	0.0139	0.0048	0.0119	0.0037	0.0149	0.0089	0.0153	0.0027	0.0121	0.0040	0.0074	0.0045	0.0077	0.0051	0.0042	0.0115	0.0067	0.0066	0.0122	0.0117	0.0001	0.0018	0.0109	0.0013	0.0065	0.0140	0.0002	0.0184	0.0095	0.0195	0.0191	0.0190	0.0196	0.0060	0.0056	0.0014	0.0170	0.0115	0.0052	0.0066	0.0100	0.0013	0.0098	0.0168	0.0142	0.0046	0.0080	0.0111	0.0082	0.0129	0.0045	0.0120	0.0075	0.0162	0.0079	0.0148	0.0123	0.0110	0.0154	0.0229	0.0062	0.0144	0.0155	0.0132	0.0086	0.0093	0.0072	0.0015	0.0189	0.0023	0.0143	0.0115	0.0009	0.0062	0.0030	0.0176	0.0106	0.0174	0.0072	0.0019	0.0068	0.0085	0.0083	0.0165	0.0118	0.0043	0.0127	0.0008	0.0166	0.0126	0.0081	
0.0071	0.0158	0.0067	0.0223	0.0133	0.0081	0.0151	0.0065	0.0047	0.0177	0.0062	0.0132	0.0060	0.0006	0.0143	0.0127	0.0006	0.0150	0.0078	0.0015	0.0172	0.0057	0.0179	0.0132	0.0199	0.0063	0.0190	0.0009	0.0040	0.0169	0.0074	0.0046	0.0067	0.0147	0.0090	0.0229	0.0157	0.0068	0.0097	0.0118	0.0167	0.0104	0.0027	0.0039	0.0020	0.0156	0.0042	0.0126	0.0031	0.0142	0.0126	0.0071	0.0090	0.0120	0.0111	0.0006	0.0187	0.0132	0.0182	0.0102	0.0080	0.0165	0.0023	0.0082	0.0121	0.0013	0.0054	0.0103	0.0126	0.0112	0.0156	0.0156	0.0046	0.0187	0.0061	0.0087	0.0029	0.0104	0.0081	0.0038	0.0006	0.0064	0.0196	0.0115	0.0047	0.0179	0.0186	0.0173	0.0044	0.0079	0.0187	0.0009	0.0082	0.0174	0.0030	0.0010	0.0074	0.0138	0.0139	0.0008	
0.0101	0.0135	0.0023	0.0107	0.0148	0.0195	0.0016	0.0093	0.0042	0.0023	0.0191	0.0077	0.0046	0.0160	0.0103	0.0020	0.0142	0.0120	0.0031	0.0095	0.0042	0.0109	0.0077	0.0023	0.0133	0.0180	0.0068	0.0052	0.0158	0.0045	0.0010	0.0084	0.0177	0.0086	0.0149	0.0085	0.0041	0.0083	0.0164	0.0068	0.0172	0.0084	0.0118	0.0014	0.0099	0.0099	0.0143	0.0097	0.0115	0.0013	0.0043	0.0150	0.0122	0.0030	0.0176	0.0191	0.0057	0.0199	0.0116	0.0020	0.0108	0.0188	0.0124	0.0180	0.0017	0.0087	0.0095	0.0132	0.0016	0.0012	0.0167	0.0095	0.0156	0.0185	0.0133	0.0163	0.0195	0.0055	0.0096	0.0042	0.0166	0.0150	0.0146	0.0143	0.0005	0.0047	0.0192	0.0140	0.0129	0.0138	0.0011	0.0036	0.0153	0.0105	0.0143	0.0015	0.0150	0.0108	0.0000	0.0017	
0.0244	0.0009	0.0094	0.0115	0.0029	0.0172	0.0137	0.0136	0.0078	0.0163	0.0228	0.0004	0.0091	0.0110	0.0041	0.0203	0.0013	0.0182	0.0126	0.0117	0.0090	0.0182	0.0033	0.0049	0.0002	0.0185	0.0164	0.0053	0.0027	0.0100	0.0014	0.0069	0.0060	0.0112	0.0051	0.0241	0.0071	0.0050	0.0128	0.0054	0.0066	0.0063	0.0044	0.0140	0.0150	0.0003	0.0131	0.0024	0.0081	0.0233	0.0189	0.0145	0.0143	0.0036	0.0099	0.0016	0.0131	0.0045	0.0063	0.0139	0.0021	0.0163	0.0085	0.0147	0.0227	0.0088	0.0127	0.0148	0.0060	0.0037	0.0078	0.0212	0.0069	0.0157	0.0082	0.0055	0.0125	0.0109	0.0071	0.0166	0.0119	0.0093	0.0175	0.0036	0.0085	0.0037	0.0182	0.0014	0.0221	0.0033	0.0006	0.0016	0.0205	0.0002	0.0015	0.0134	0.0163	0.0062	0.0152	0.0053	
0.0062	0.0179	0.0176	0.0039	0.0084	0.0030	0.0075	0.0166	0.0117	0.0031	0.0095	0.0047	0.0155	0.0092	0.0151	0.0126	0.0124	0.0056	0.0043	0.0103	0.0124	0.0133	0.0186	0.0182	0.0034	0.0078	0.0014	0.0066	0.0115	0.0131	0.0110	0.0053	0.0161	0.0036	0.0118	0.0009	0.0128	0.0119	0.0139	0.0101	0.0132	0.0207	0.0065	0.0151	0.0130	0.0111	0.0055	0.0049	0.0064	0.0119	0.0159	0.0081	0.0212	0.0003	0.0086	0.0125	0.0131	0.0179	0.0129	0.0050	0.0016	0.0031	0.0029	0.0154	0.0144	0.0023	0.0086	0.0095	0.0172	0.0088	0.0153	0.0047	0.0112	0.0171	0.0172	0.0146	0.0059	0.0038	0.0034	0.0093	0.0142	0.0125	0.0199	0.0022	0.0141	0.0010	0.0064	0.0135	0.0148	0.0021	0.0040	0.0102	0.0166	0.0065	0.0058	0.0110	0.0150	0.0072	0.0025	0.0121	
0.0037	0.0172	0.0112	0.0171	0.0115	0.0145	0.0150	0.0023	0.0007	0.0105	0.0063	0.0088	0.0151	0.0082	0.0052	0.0085	0.0024	0.0010	0.0006	0.0107	0.0143	0.0153	0.0181	0.0110	0.0060	0.0040	0.0120	0.0044	0.0113	0.0065	0.0017	0.0167	0.0018	0.0137	0.0079	0.0063	0.0046	0.0055	0.0116	0.0079	0.0042	0.0050	0.0147	0.0022	0.0177	0.0100	0.0003	0.0060	0.0036	0.0006	0.0092	0.0130	0.0082	0.0102	0.0169	0.0081	0.0144	0.0232	0.0041	0.0130	0.0027	0.0164	0.0106	0.0113	0.0129	0.0067	0.0107	0.0022	0.0274	0.0166	0.0019	0.0233	0.0120	0.0175	0.0075	0.0112	0.0191	0.0188	0.0148	0.0157	0.0023	0.0033	0.0001	0.0103	0.0142	0.0071	0.0124	0.0095	0.0179	0.0164	0.0107	0.0046	0.0243	0.0164	0.0029	0.0123	0.0144	0.0017	0.0120	0.0123	
0.0218	0.0180	0.0066	0.0051	0.0147	0.0113	0.0021	0.0122	0.0026	0.0025	0.0089	0.0140	0.0042	0.0080	0.0080	0.0216	0.0094	0.0185	0.0104	0.0028	0.0130	0.0003	0.0065	0.0177	0.0073	0.0190	0.0176	0.0119	0.0106	0.0127	0.0190	0.0158	0.0054	0.0045	0.0150	0.0058	0.0157	0.0140	0.0129	0.0081	0.0041	0.0196	0.0069	0.0124	0.0091	0.0078	0.0008	0.0091	0.0102	0.0043	0.0183	0.0116	0.0071	0.0066	0.0129	0.0191	0.0086	0.0069	0.0099	0.0024	0.0120	0.0107	0.0001	0.0063	0.0042	0.0087	0.0118	0.0154	0.0123	0.0016	0.0018	0.0190	0.0068	0.0076	0.0172	0.0150	0.0117	0.0133	0.0076	0.0007	0.0116	0.0060	0.0014	0.0071	0.0122	0.0046	0.0113	0.0154	0.0108	0.0137	0.0144	0.0073	0.0007	0.0076	0.0120	0.0138	0.0176	0.0174	0.0083	0.0003	
0.0182	0.0012	0.0002	0.0104	0.0018	0.0025	0.0047	0.0182	0.0075	0.0145	0.0071	0.0136	0.0181	0.0134	0.0083	0.0067	0.0064	0.0120	0.0084	0.0138	0.0165	0.0169	0.0093	0.0124	0.0063	0.0152	0.0159	0.0171	0.0124	0.0035	0.0203	0.0125	0.0052	0.0088	0.0050	0.0176	0.0071	0.0115	0.0061	0.0144	0.0190	0.0131	0.0093	0.0128	0.0095	0.0158	0.0101	0.0057	0.0030	0.0082	0.0065	0.0057	0.0084	0.0102	0.0008	0.0213	0.0098	0.0070	0.0014	0.0109	0.0056	0.0082	0.0044	0.0042	0.0187	0.0108	0.0089	0.0075	0.0090	0.0094	0.0165	0.0177	0.0055	0.0179	0.0169	0.0069	0.0070	0.0133	0.0008	0.0084	0.0003	0.0085	0.0153	0.0060	0.0149	0.0107	0.0060	0.0141	0.0082	0.0056	0.0023	0.0140	0.0121	0.0125	0.0063	0.0113	0.0071	0.0042	0.0168	0.0164	
0.0090	0.0029	0.0223	0.0128	0.0087	0.0120	0.0200	0.0090	0.0119	0.0145	0.0135	0.0184	0.0075	0.0130	0.0129	0.0196	0.0116	0.0211	0.0066	0.0038	0.0080	0.0185	0.0015	0.0009	0.0109	0.0255	0.0059	0.0107	0.0124	0.0068	0.0002	0.0026	0.0181	0.0032	0.0027	0.0234	0.0117	0.0048	0.0203	0.0068	0.0140	0.0197	0.0041	0.0130	0.0142	0.0053	0.0125	0.0179	0.0079	0.0120	0.0213	0.0090	0.0211	0.0155	0.0112	0.0140	0.0014	0.0179	0.0003	0.0111	0.0052	0.0112	0.0168	0.0053	0.0159	0.0089	0.0003	0.0035	0.0114	0.0107	0.0056	0.0094	0.0013	0.0020	0.0123	0.0120	0.0144	0.0070	0.0046	0.0055	0.0065	0.0079	0.0044	0.0015	0.0074	0.0111	0.0065	0.0043	0.0147	0.0108	0.0174	0.0112	0.0054	0.0072	0.0010	0.0034	0.0008	0.0185	0.0009	0.0064	
0.0047	0.0088	0.0080	0.0148	0.0041	0.0115	0.0060	0.0145	0.0014	0.0157	0.0180	0.0106	0.0119	0.0138	0.0030	0.0189	0.0044	0.0136	0.0139	0.0014	0.0030	0.0150	0.0098	0.0154	0.0115	0.0132	0.0032	0.0123	0.0009	0.0067	0.0094	0.0123	0.0059	0.0180	0.0006	0.0175	0.0171	0.0081	0.0168	0.0159	0.0040	0.0108	0.0018	0.0131	0.0112	0.0016	0.0001	0.0079	0.0041	0.0034	0.0165	0.0048	0.0191	0.0167	0.0025	0.0075	0.0155	0.0106	0.0136	0.0126	0.0076	0.0141	0.0121	0.0110	0.0094	0.0037	0.0070	0.0112	0.0154	0.0044	0.0165	0.0172	0.0158	0.0036	0.0157	0.0108	0.0127	0.0159	0.0040	0.0114	0.0099	0.0117	0.0084	0.0153	0.0082	0.0036	0.0137	0.0060	0.0155	0.0098	0.0179	0.0064	0.0102	0.0031	0.0055	0.0103	0.0158	0.0074	0.0038	0.0087	
0.0155	0.0062	0.0143	0.0204	0.0037	0.0013	0.0054	0.0157	0.0016	0.0081	0.0142	0.0009	0.0060	0.0055	0.0227	0.0164	0.0032	0.0152	0.0021	0.0038	0.0078	0.0012	0.0171	0.0017	0.0046	0.0126	0.0063	0.0135	0.0151	0.0047	0.0158	0.0052	0.0126	0.0155	0.0165	0.0075	0.0180	0.0090	0.0136	0.0102	0.0153	0.0191	0.0046	0.0057	0.0152	0.0148	0.0015	0.0032	0.0035	0.0124	0.0062	0.0008	0.0056	0.0174	0.0177	0.0125	0.0063	0.0123	0.0085	0.0158	0.0131	0.0132	0.0156	0.0129	0.0153	0.0060	0.0064	0.0079	0.0070	0.0096	0.0129	0.0162	0.0029	0.0135	0.0069	0.0101	0.0152	0.0107	0.0025	0.0070	0.0063	0.0021	0.0107	0.0051	0.0147	0.0119	0.0008	0.0119	0.0170	0.0054	0.0182	0.0043	0.0196	0.0136	0.0121	0.0047	0.0187	0.0076	0.0112	0.0102	
0.0106	0.0108	0.0186	0.0110	0.0142	0.0123	0.0157	0.0105	0.0098	0.0065	0.0162	0.0149	0.0096	0.0038	0.0066	0.0130	0.0007	0.0125	0.0130	0.0157	0.0062	0.0142	0.0143	0.0184	0.0139	0.0101	0.0154	0.0045	0.0000	0.0023	0.0122	0.0075	0.0186	0.0114	0.0171	0.0195	0.0044	0.0006	0.0093	0.0064	0.0162	0.0098	0.0030	0.0081	0.0092	0.0018	0.0141	0.0114	0.0132	0.0019	0.0042	0.0067	0.0123	0.0127	0.0038	0.0165	0.0156	0.0174	0.0121	0.0079	0.0137	0.0130	0.0099	0.0076	0.0157	0.0073	0.0134	0.0145	0.0055	0.0069	0.0068	0.0002	0.0032	0.0105	0.0020	0.0166	0.0111	0.0035	0.0059	0.0119	0.0109	0.0037	0.0121	0.0171	0.0173	0.0041	0.0165	0.0070	0.0084	0.0030	0.0183	0.0042	0.0059	0.0008	0.0104	0.0045	0.0180	0.0128	0.0134	0.0026	
0.0076	0.0245	0.0088	0.0055	0.0134	0.0048	0.0029	0.0001	0.0101	0.0064	0.0052	0.0108	0.0141	0.0024	0.0206	0.0152	0.0000	0.0139	0.0079	0.0087	0.0112	0.0111	0.0097	0.0016	0.0069	0.0032	0.0175	0.0032	0.0000	0.0177	0.0221	0.0171	0.0108	0.0054	0.0072	0.0194	0.0189	0.0091	0.0044	0.0193	0.0017	0.0215	0.0174	0.0021	0.0189	0.0055	0.0132	0.0032	0.0060	0.0255	0.0054	0.0059	0.0049	0.0044	0.0112	0.0205	0.0089	0.0073	0.0130	0.0168	0.0102	0.0005	0.0001	0.0125	0.0109	0.0064	0.0043	0.0072	0.0187	0.0013	0.0152	0.0150	0.0095	0.0181	0.0089	0.0159	0.0144	0.0078	0.0019	0.0027	0.0073	0.0108	0.0204	0.0001	0.0109	0.0120	0.0159	0.0051	0.0169	0.0102	0.0045	0.0077	0.0178	0.0099	0.0043	0.0013	0.0189	0.0036	0.0154	0.0134	
0.0020	0.0059	0.0096	0.0045	0.0042	0.0131	0.0141	0.0072	0.0139	0.0139	0.0030	0.0024	0.0046	0.0126	0.0043	0.0205	0.0026	0.0000	0.0006	0.0123	0.0127	0.0205	0.0149	0.0020	0.0155	0.0070	0.0189	0.0172	0.0111	0.0072	0.0214	0.0093	0.0135	0.0101	0.0010	0.0042	0.0024	0.0127	0.0164	0.0215	0.0154	0.0060	0.0099	0.0164	0.0079	0.0008	0.0045	0.0173	0.0084	0.0069	0.0173	0.0151	0.0030	0.0178	0.0175	0.0027	0.0096	0.0066	0.0049	0.0219	0.0130	0.0209	0.0137	0.0070	0.0172	0.0109	0.0075	0.0123	0.0133	0.0001	0.0141	0.0114	0.0043	0.0015	0.0004	0.0088	0.0100	0.0145	0.0100	0.0155	0.0003	0.0175	0.0102	0.0057	0.0091	0.0030	0.0075	0.0157	0.0130	0.0149	0.0122	0.0112	0.0085	0.0127	0.0051	0.0158	0.0104	0.0018	0.0032	0.0150	
0.0149	0.0124	0.0089	0.0096	0.0097	0.0086	0.0103	0.0012	0.0154	0.0081	0.0149	0.0128	0.0160	0.0097	0.0241	0.0188	0.0078	0.0100	0.0143	0.0102	0.0057	0.0143	0.0026	0.0131	0.0067	0.0006	0.0034	0.0095	0.0159	0.0035	0.0213	0.0076	0.0139	0.0186	0.0052	0.0127	0.0120	0.0020	0.0183	0.0027	0.0123	0.0070	0.0202	0.0039	0.0059	0.0155	0.0005	0.0170	0.0171	0.0131	0.0079	0.0009	0.0049	0.0119	0.0106	0.0212	0.0073	0.0169	0.0155	0.0129	0.0048	0.0028	0.0050	0.0122	0.0120	0.0046	0.0031	0.0160	0.0048	0.0078	0.0033	0.0091	0.0141	0.0173	0.0199	0.0004	0.0144	0.0202	0.0062	0.0112	0.0169	0.0045	0.0137	0.0051	0.0143	0.0168	0.0042	0.0009	0.0074	0.0055	0.0020	0.0130	0.0027	0.0040	0.0170	0.0102	0.0009	0.0061	0.0147	0.0012	
0.0150	0.0022	0.0172	0.0085	0.0072	0.0006	0.0069	0.0087	0.0116	0.0100	0.0056	0.0103	0.0092	0.0080	0.0135	0.0224	0.0092	0.0001	0.0147	0.0110	0.0015	0.0027	0.0143	0.0191	0.0085	0.0090	0.0047	0.0091	0.0195	0.0095	0.0221	0.0087	0.0053	0.0053	0.0201	0.0212	0.0101	0.0048	0.0201	0.0161	0.0115	0.0158	0.0106	0.0141	0.0011	0.0139	0.0066	0.0135	0.0172	0.0182	0.0001	0.0008	0.0108	0.0018	0.0223	0.0120	0.0105	0.0166	0.0177	0.0002	0.0149	0.0192	0.0099	0.0021	0.0108	0.0174	0.0034	0.0027	0.0105	0.0123	0.0095	0.0058	0.0025	0.0017	0.0012	0.0069	0.0147	0.0142	0.0137	0.0152	0.0004	0.0113	0.0161	0.0011	0.0111	0.0172	0.0205	0.0042	0.0064	0.0080	0.0070	0.0114	0.0056	0.0158	0.0000	0.0137	0.0056	0.0067	0.0069	0.0036	
0.0103	0.0052	0.0049	0.0014	0.0058	0.0169	0.0138	0.0087	0.0003	0.0099	0.0202	0.0082	0.0015	0.0053	0.0226	0.0067	0.0010	0.0086	0.0084	0.0084	0.0134	0.0004	0.0158	0.0004	0.0031	0.0230	0.0236	0.0057	0.0015	0.0053	0.0007	0.0052	0.0092	0.0147	0.0058	0.0203	0.0059	0.0144	0.0173	0.0224	0.0008	0.0144	0.0030	0.0164	0.0107	0.0093	0.0091	0.0166	0.0139	0.0191	0.0121	0.0137	0.0163	0.0140	0.0052	0.0074	0.0054	0.0056	0.0083	0.0152	0.0147	0.0171	0.0050	0.0098	0.0159	0.0087	0.0066	0.0066	0.0279	0.0025	0.0175	0.0099	0.0150	0.0205	0.0095	0.0054	0.0156	0.0047	0.0084	0.0112	0.0033	0.0000	0.0088	0.0055	0.0090	0.0034	0.0135	0.0089	0.0082	0.0130	0.0108	0.0009	0.0252	0.0014	0.0168	0.0083	0.0064	0.0094	0.0214	0.0007	
0.0050	0.0025	0.0016	0.0159	0.0146	0.0056	0.0010	0.0161	0.0055	0.0171	0.0120	0.0026	0.0161	0.0014	0.0077	0.0173	0.0033	0.0196	0.0138	0.0070	0.0171	0.0170	0.0022	0.0208	0.0128	0.0220	0.0080	0.0133	0.0172	0.0015	0.0007	0.0072	0.0042	0.0088	0.0088	0.0034	0.0188	0.0139	0.0101	0.0097	0.0027	0.0169	0.0059	0.0079	0.0063	0.0056	0.0053	0.0156	0.0169	0.0044	0.0045	0.0066	0.0124	0.0113	0.0016	0.0097	0.0002	0.0015	0.0163	0.0215	0.0165	0.0082	0.0162	0.0040	0.0197	0.0032	0.0158	0.0059	0.0127	0.0027	0.0153	0.0108	0.0087	0.0099	0.0059	0.0037	0.0108	0.0122	0.0103	0.0078	0.0100	0.0100	0.0187	0.0146	0.0161	0.0120	0.0179	0.0132	0.0076	0.0017	0.0025	0.0129	0.0176	0.0085	0.0108	0.0149	0.0180	0.0012	0.0111	0.0034	
0.0084	0.0216	0.0058	0.0141	0.0056	0.0160	0.0138	0.0005	0.0036	0.0138	0.0196	0.0043	0.0091	0.0114	0.0082	0.0087	0.0072	0.0030	0.0052	0.0030	0.0056	0.0054	0.0188	0.0080	0.0006	0.0251	0.0162	0.0189	0.0174	0.0084	0.0064	0.0077	0.0021	0.0097	0.0009	0.0149	0.0047	0.0053	0.0090	0.0032	0.0144	0.0182	0.0076	0.0106	0.0040	0.0128	0.0063	0.0030	0.0024	0.0058	0.0055	0.0121	0.0151	0.0067	0.0163	0.0017	0.0153	0.0191	0.0067	0.0093	0.0186	0.0222	0.0014	0.0108	0.0136	0.0073	0.0044	0.0002	0.0141	0.0110	0.0015	0.0053	0.0145	0.0055	0.0066	0.0093	0.0157	0.0112	0.0044	0.0045	0.0085	0.0091	0.0172	0.0124	0.0036	0.0103	0.0163	0.0117	0.0136	0.0142	0.0149	0.0061	0.0173	0.0150	0.0022	0.0187	0.0144	0.0131	0.0177	0.0178	
0.0130	0.0088	0.0139	0.0099	0.0031	0.0017	0.0160	0.0097	0.0005	0.0045	0.0053	0.0067	0.0127	0.0063	0.0194	0.0105	0.0004	0.0080	0.0069	0.0166	0.0120	0.0117	0.0081	0.0112	0.0008	0.0178	0.0112	0.0170	0.0024	0.0069	0.0189	0.0030	0.0144	0.0105	0.0141	0.0059	0.0196	0.0088	0.0121	0.0045	0.0133	0.0073	0.0139	0.0082	0.0137	0.0046	0.0151	0.0074	0.0039	0.0167	0.0195	0.0063	0.0061	0.0175	0.0022	0.0222	0.0171	0.0023	0.0057	0.0126	0.0117	0.0027	0.0060	0.0119	0.0096	0.0013	0.0140	0.0023	0.0135	0.0089	0.0098	0.0146	0.0169	0.0058	0.0065	0.0071	0.0177	0.0002	0.0150	0.0147	0.0138	0.0018	0.0135	0.0084	0.0070	0.0095	0.0206	0.0148	0.0079	0.0130	0.0056	0.0127	0.0015	0.0003	0.0113	0.0112	0.0213	0.0005	0.0209	0.0139	
0.0144	0.0181	0.0189	0.0169	0.0035	0.0080	0.0077	0.0218	0.0098	0.0134	0.0031	0.0141	0.0065	0.0127	0.0183	0.0133	0.0079	0.0192	0.0035	0.0137	0.0031	0.0227	0.0167	0.0156	0.0045	0.0219	0.0128	0.0189	0.0126	0.0155	0.0093	0.0161	0.0007	0.0043	0.0054	0.0046	0.0053	0.0214	0.0053	0.0013	0.0008	0.0242	0.0052	0.0138	0.0126	0.0048	0.0096	0.0090	0.0073	0.0031	0.0011	0.0017	0.0195	0.0018	0.0098	0.0133	0.0150	0.0030	0.0052	0.0138	0.0173	0.0163	0.0058	0.0135	0.0092	0.0048	0.0171	0.0019	0.0071	0.0074	0.0049	0.0136	0.0136	0.0045	0.0164	0.0052	0.0160	0.0036	0.0012	0.0006	0.0029	0.0008	0.0117	0.0118	0.0121	0.0054	0.0013	0.0178	0.0172	0.0124	0.0062	0.0013	0.0183	0.0118	0.0041	0.0088	0.0139	0.0104	0.0061	0.0081	
0.0082	0.0087	0.0046	0.0193	0.0136	0.0105	0.0066	0.0111	0.0038	0.0035	0.0170	0.0106	0.0014	0.0059	0.0070	0.0186	0.0019	0.0142	0.0002	0.0008	0.0039	0.0199	0.0082	0.0086	0.0036	0.0041	0.0174	0.0178	0.0172	0.0076	0.0139	0.0039	0.0179	0.0142	0.0114	0.0192	0.0159	0.0120	0.0151	0.0048	0.0160	0.0110	0.0134	0.0090	0.0002	0.0084	0.0003	0.0054	0.0081	0.0096	0.0055	0.0150	0.0108	0.0040	0.0025	0.0075	0.0156	0.0149	0.0084	0.0162	0.0116	0.0106	0.0098	0.0129	0.0123	0.0090	0.0135	0.0059	0.0143	0.0072	0.0169	0.0111	0.0009	0.0155	0.0032	0.0133	0.0055	0.0174	0.0072	0.0126	0.0021	0.0094	0.0105	0.0102	0.0025	0.0133	0.0154	0.0121	0.0119	0.0052	0.0163	0.0005	0.0008	0.0148	0.0100	0.0078	0.0183	0.0164	0.0180	0.0083	
0.0155	0.0138	0.0157	0.0214	0.0081	0.0180	0.0156	0.0157	0.0007	0.0070	0.0013	0.0008	0.0069	0.0179	0.0133	0.0017	0.0164	0.0003	0.0102	0.0133	0.0151	0.0033	0.0180	0.0051	0.0120	0.0233	0.0093	0.0011	0.0050	0.0133	0.0180	0.0072	0.0002	0.0002	0.0015	0.0119	0.0168	0.0117	0.0021	0.0090	0.0187	0.0010	0.0137	0.0037	0.0054	0.0150	0.0125	0.0031	0.0088	0.0112	0.0097	0.0177	0.0068	0.0038	0.0129	0.0103	0.0153	0.0101	0.0032	0.0123	0.0066	0.0189	0.0086	0.0050	0.0130	0.0135	0.0007	0.0053	0.0208	0.0010	0.0043	0.0091	0.0171	0.0061	0.0160	0.0156	0.0103	0.0135	0.0180	0.0177	0.0040	0.0053	0.0132	0.0146	0.0052	0.0169	0.0015	0.0161	0.0093	0.0097	0.0145	0.0067	0.0090	0.0095	0.0004	0.0048	0.0125	0.0070	0.0125	0.0131	
0.0184	0.0087	0.0084	0.0090	0.0050	0.0026	0.0179	0.0004	0.0078	0.0147	0.0231	0.0029	0.0107	0.0058	0.0080	0.0013	0.0021	0.0147	0.0151	0.0109	0.0115	0.0048	0.0197	0.0048	0.0065	0.0220	0.0206	0.0078	0.0050	0.0096	0.0045	0.0031	0.0007	0.0081	0.0043	0.0219	0.0191	0.0051	0.0110	0.0041	0.0186	0.0011	0.0084	0.0129	0.0101	0.0099	0.0164	0.0018	0.0051	0.0224	0.0024	0.0180	0.0088	0.0203	0.0204	0.0118	0.0089	0.0031	0.0156	0.0112	0.0027	0.0147	0.0148	0.0169	0.0139	0.0151	0.0024	0.0021	0.0013	0.0077	0.0028	0.0218	0.0043	0.0176	0.0149	0.0118	0.0176	0.0049	0.0117	0.0163	0.0157	0.0166	0.0032	0.0058	0.0073	0.0050	0.0181	0.0014	0.0095	0.0121	0.0075	0.0120	0.0064	0.0169	0.0006	0.0065	0.0060	0.0092	0.0014	0.0150	
0.0101	0.0198	0.0011	0.0203	0.0167	0.0061	0.0142	0.0134	0.0046	0.0079	0.0175	0.0050	0.0117	0.0033	0.0157	0.0071	0.0088	0.0117	0.0098	0.0060	0.0011	0.0017	0.0172	0.0075	0.0024	0.0113	0.0152	0.0053	0.0183	0.0085	0.0077	0.0080	0.0043	0.0232	0.0112	0.0039	0.0198	0.0086	0.0127	0.0041	0.0133	0.0066	0.0206	0.0013	0.0009	0.0020	0.0055	0.0024	0.0106	0.0200	0.0194	0.0175	0.0259	0.0185	0.0166	0.0074	0.0017	0.0172	0.0115	0.0117	0.0140	0.0126	0.0161	0.0171	0.0016	0.0067	0.0016	0.0104	0.0193	0.0081	0.0091	0.0022	0.0003	0.0094	0.0164	0.0178	0.0053	0.0153	0.0057	0.0007	0.0022	0.0106	0.0189	0.0007	0.0112	0.0105	0.0107	0.0090	0.0070	0.0036	0.0013	0.0022	0.0200	0.0005	0.0115	0.0028	0.0126	0.0006	0.0234	0.0174	

Emissions
0.0046	0.4849	0.2840	0.0236	0.2029	
0.1495	0.2763	0.1864	0.0108	0.3771	
0.0246	0.2484	0.2303	0.2803	0.2164	
0.0437	0.3107	0.2997	0.1196	0.2263	
0.3678	0.2625	0.0923	0.1924	0.0850	
0.0445	0.1196	0.3195	0.2242	0.2922	
0.1409	0.1240	0.3823	0.3417	0.0111	
0.0983	0.0156	0.2965	0.2387	0.3509	
0.2036	0.4096	0.1645	0.1698	0.0525	
0.1978	0.3059	0.0450	0.2901	0.1612	
0.0794	0.2716	0.2263	0.1091	0.3136	
0.2066	0.2967	0.0005	0.4674	0.0288	
0.1152	0.2950	0.2334	0.1510	0.2055	
0.1551	0.2192	0.2231	0.1449	0.2577	
0.0225	0.3926	0.0128	0.1951	0.3770	
0.0122	0.1306	0.3449	0.1226	0.3897	
0.2158	0.1795	0.1957	0.2762	0.1329	
0.1149	0.2015	0.0895	0.2791	0.3150	
0.3895	0.0239	0.0422	0.3478	0.1966	
0.3091	0.0552	0.2946	0.2917	0.0495	
0.2629	0.2670	0.1515	0.2547	0.0639	
0.1227	0.3110	0.0697	0.1866	0.3100	
0.0119	0.2457	0.2313	0.3221	0.1889	
0.1037	0.3945	0.1607	0.2102	0.1309	
0.1821	0.3018	0.0569	0.4477	0.0115	
0.0118	0.3358	0.1676	0.0803	0.4045	
0.3108	0.1833	0.0176	0.0639	0.4244	
0.2800	0.2931	0.1905	0.0588	0.1776	
0.1547	0.0904	0.2088	0.3324	0.2137	
0.2662	0.4148	0.1320	0.1234	0.0637	
0.0753	0.3024	0.1879	0.1693	0.2651	
0.0824	0.2950	0.2311	0.2984	0.0931	
0.1084	0.1127	0.2761	0.1598	0.3429	
0.2129	0.2675	0.2132	0.0040	0.3024	
0.2295	0.0008	0.0463	0.4361	0.2873	
0.0384	0.4005	0.0493	0.0883	0.4235	
0.2071	0.3445	0.1393	0.0663	0.2428	
0.1661	0.2766	0.1368	0.1024	0.3181	
0.0188	0.0414	0.2621	0.2605	0.4171	
0.0736	0.1229	0.3871	0.0487	0.3677	
0.2413	0.3607	0.0462	0.1819	0.1699	
0.0990	0.3338	0.3308	0.0181	0.2183	
0.0744	0.2212	0.1185	0.3293	0.2567	
0.3127	0.0159	0.3081	0.0331	0.3302	
0.3310	0.0962	0.0704	0.1690	0.3334	
0.1191	0.1371	0.1102	0.3991	0.2346	
0.2494	0.3240	0.3080	0.1066	0.0121	
0.1651	0.2393	0.3349	0.1806	0.0801	
0.0559	0.3628	0.1460	0.3334	0.1020	
0.1099	0.2523	0.2435	0.0759	0.3184	
0.0716	0.2953	0.5086	0.1166	0.0079	
0.0924	0.2769	0.2612	0.2504	0.1191	
0.0288	0.2620	0.0427	0.2222	0.4443	
0.1387	0.2326	0.0041	0.3815	0.2431	
0.1076	0.0718	0.0990	0.3687	0.3529	
0.0522	0.6337	0.2719	0.0118	0.0303	
0.1913	0.1634	0.3182	0.3023	0.0248	
0.1653	0.0126	0.3932	0.1621	0.2668	
0.3744	0.4777	0.0023	0.1449	0.0007	
0.1115	0.2751	0.2188	0.0210	0.3737	
0.1922	0.2519	0.2539	0.1205	0.1814	
0.0176	0.1038	0.3655	0.1933	0.3199	
0.2087	0.1326	0.2228	0.2791	0.1568	
0.2204	0.3089	0.1025	0.2466	0.1216	
0.0543	0.2684	0.2047	0.1001	0.3725	
0.1787	0.0603	0.3348	0.3495	0.0767	
0.3517	0.2030	0.2912	0.0832	0.0708	
0.2201	0.3586	0.2613	0.1346	0.0253	
0.0581	0.0163	0.1420	0.2384	0.5452	
0.2950	0.0299	0.1114	0.3977	0.1660	
0.1951	0.1488	0.2864	0.2279	0.1418	
0.0373	0.0354	0.1936	0.2890	0.4446	
0.2850	0.1745	0.0470	0.1190	0.3744	
0.1416	0.0389	0.2471	0.2523	0.3201	
0.0660	0.1367	0.4198	0.3105	0.0670	
0.1138	0.3241	0.1438	0.2783	0.1399	
0.0909	0.3652	0.1140	0.1772	0.2527	
0.2410	0.0788	0.1799	0.1745	0.3258	
0.2226	0.0936	0.4696	0.1346	0.0796	
0.1469	0.2836	0.2651	0.2205	0.0839	
0.2254	0.1719	0.1809	0.3863	0.0355	
0.1824	0.2688	0.1708	0.2754	0.1025	
0.0871	0.3028	0.2902	0.0931	0.2269	
0.1329	0.3043	0.1253	0.1823	0.2553	
0.1405	0.3212	0.0889	0.3974	0.0520	
0.2387	0.1669	0.2574	0.1679	0.1691	
0.1108	0.2839	0.1637	0.1362	0.3054	
0.0598	0.3455	0.3198	0.2670	0.0079	
0.0626	0.2932	0.3193	0.0749	0.2500	
0.2252	0.1601	0.2173	0.2962	0.1011	
0.2039	0.2121	0.0711	0.0823	0.4307	
0.3661	0.0775	0.2498	0.2744	0.0322	
0.0246	0.3241	0.3094	0.0642	0.2776	
0.3311	0.1578	0.1732	0.2573	0.0806	
0.0961	0.1848	0.3467	0.2753	0.0969	
0.1205	0.2942	0.4166	0.0816	0.0870	
0.1621	0.3077	0.2626	0.0977	0.1699	
0.3140	0.2016	0.0721	0.1703	0.2420	
0.1848	0.2400	0.2251	0.1035	0.2465	
0.1913	0.0025	0.3302	0.1930	0.2830	
