DataSet 43
Learner: Baum Welch Learner
Log Likelihood: 39230.7596025311

Number of States: 70
Number of Symbols: 5
Threshold: 0.01

Initial Distribution:
0.0089	0.0061	0.0166	0.0075	0.0203	0.0085	0.0237	0.0215	0.0210	0.0209	0.0168	0.0035	0.0147	0.0131	0.0225	0.0119	0.0228	0.0083	0.0030	0.0214	0.0164	0.0031	0.0049	0.0254	0.0131	0.0215	0.0167	0.0034	0.0138	0.0136	0.0162	0.0099	0.0017	0.0070	0.0390	0.0056	0.0061	0.0005	0.0105	0.0210	0.0133	0.0229	0.0074	0.0286	0.0044	0.0206	0.0153	0.0217	0.0001	0.0066	0.0066	0.0085	0.0324	0.0132	0.0159	0.0013	0.0102	0.0195	0.0346	0.0020	0.0218	0.0156	0.0357	0.0235	0.0152	0.0066	0.0009	0.0009	0.0407	0.0117	

Transitions:
0.0263	0.0270	0.0244	0.0157	0.0044	0.0247	0.0232	0.0098	0.0138	0.0127	0.0257	0.0231	0.0051	0.0131	0.0116	0.0197	0.0070	0.0158	0.0190	0.0213	0.0207	0.0035	0.0037	0.0088	0.0198	0.0251	0.0201	0.0081	0.0271	0.0032	0.0268	0.0157	0.0061	0.0103	0.0084	0.0069	0.0090	0.0119	0.0102	0.0235	0.0072	0.0244	0.0004	0.0122	0.0037	0.0011	0.0169	0.0097	0.0185	0.0046	0.0004	0.0134	0.0111	0.0283	0.0247	0.0243	0.0217	0.0174	0.0229	0.0057	0.0023	0.0161	0.0128	0.0112	0.0165	0.0109	0.0160	0.0252	0.0047	0.0035	
0.0099	0.0252	0.0050	0.0210	0.0157	0.0291	0.0028	0.0162	0.0054	0.0200	0.0093	0.0119	0.0190	0.0186	0.0029	0.0126	0.0043	0.0072	0.0144	0.0116	0.0133	0.0209	0.0138	0.0043	0.0241	0.0186	0.0127	0.0165	0.0280	0.0223	0.0150	0.0226	0.0045	0.0145	0.0232	0.0038	0.0075	0.0192	0.0122	0.0003	0.0238	0.0019	0.0117	0.0044	0.0260	0.0224	0.0243	0.0222	0.0096	0.0034	0.0081	0.0092	0.0097	0.0230	0.0161	0.0188	0.0088	0.0013	0.0246	0.0217	0.0118	0.0151	0.0221	0.0138	0.0064	0.0153	0.0064	0.0073	0.0258	0.0259	
0.0036	0.0168	0.0211	0.0130	0.0195	0.0147	0.0061	0.0097	0.0082	0.0034	0.0228	0.0209	0.0093	0.0215	0.0133	0.0052	0.0108	0.0133	0.0249	0.0038	0.0214	0.0068	0.0179	0.0164	0.0165	0.0073	0.0085	0.0284	0.0296	0.0076	0.0149	0.0163	0.0235	0.0113	0.0002	0.0170	0.0151	0.0294	0.0009	0.0037	0.0143	0.0241	0.0208	0.0223	0.0316	0.0208	0.0043	0.0003	0.0006	0.0012	0.0061	0.0214	0.0099	0.0233	0.0022	0.0270	0.0241	0.0066	0.0224	0.0122	0.0044	0.0073	0.0110	0.0015	0.0194	0.0076	0.0254	0.0319	0.0199	0.0215	
0.0139	0.0152	0.0087	0.0190	0.0190	0.0327	0.0133	0.0197	0.0156	0.0235	0.0031	0.0080	0.0213	0.0260	0.0008	0.0199	0.0067	0.0014	0.0080	0.0028	0.0214	0.0062	0.0012	0.0172	0.0247	0.0058	0.0154	0.0219	0.0072	0.0190	0.0280	0.0036	0.0076	0.0092	0.0075	0.0165	0.0132	0.0190	0.0028	0.0032	0.0145	0.0212	0.0165	0.0228	0.0105	0.0275	0.0078	0.0146	0.0007	0.0256	0.0014	0.0237	0.0171	0.0184	0.0217	0.0147	0.0105	0.0202	0.0183	0.0116	0.0118	0.0244	0.0137	0.0274	0.0038	0.0252	0.0011	0.0238	0.0110	0.0094	
0.0074	0.0177	0.0193	0.0038	0.0175	0.0288	0.0153	0.0028	0.0078	0.0033	0.0215	0.0002	0.0158	0.0077	0.0162	0.0275	0.0132	0.0153	0.0131	0.0217	0.0070	0.0154	0.0198	0.0181	0.0169	0.0142	0.0099	0.0190	0.0243	0.0094	0.0257	0.0136	0.0245	0.0208	0.0131	0.0090	0.0262	0.0150	0.0244	0.0196	0.0264	0.0064	0.0116	0.0141	0.0147	0.0125	0.0029	0.0084	0.0095	0.0034	0.0109	0.0115	0.0037	0.0186	0.0261	0.0211	0.0178	0.0058	0.0104	0.0012	0.0142	0.0257	0.0070	0.0264	0.0089	0.0084	0.0018	0.0289	0.0152	0.0046	
0.0026	0.0289	0.0154	0.0172	0.0300	0.0006	0.0027	0.0065	0.0071	0.0089	0.0136	0.0022	0.0113	0.0169	0.0282	0.0120	0.0134	0.0071	0.0240	0.0206	0.0205	0.0211	0.0024	0.0276	0.0110	0.0000	0.0271	0.0127	0.0103	0.0036	0.0120	0.0051	0.0164	0.0040	0.0015	0.0108	0.0205	0.0161	0.0199	0.0246	0.0222	0.0104	0.0002	0.0040	0.0163	0.0162	0.0138	0.0196	0.0024	0.0210	0.0299	0.0262	0.0053	0.0302	0.0104	0.0121	0.0271	0.0197	0.0068	0.0252	0.0010	0.0199	0.0284	0.0037	0.0298	0.0091	0.0140	0.0084	0.0186	0.0118	
0.0109	0.0297	0.0117	0.0201	0.0040	0.0129	0.0175	0.0219	0.0098	0.0225	0.0127	0.0090	0.0095	0.0113	0.0057	0.0151	0.0281	0.0177	0.0200	0.0163	0.0135	0.0035	0.0064	0.0187	0.0221	0.0015	0.0134	0.0279	0.0071	0.0043	0.0002	0.0033	0.0007	0.0195	0.0074	0.0205	0.0094	0.0127	0.0188	0.0227	0.0269	0.0195	0.0075	0.0088	0.0167	0.0213	0.0050	0.0160	0.0340	0.0113	0.0094	0.0208	0.0132	0.0005	0.0225	0.0135	0.0151	0.0213	0.0205	0.0022	0.0248	0.0228	0.0154	0.0071	0.0281	0.0097	0.0085	0.0286	0.0007	0.0083	
0.0054	0.0176	0.0186	0.0184	0.0201	0.0215	0.0224	0.0206	0.0052	0.0059	0.0199	0.0221	0.0220	0.0223	0.0180	0.0066	0.0171	0.0001	0.0207	0.0243	0.0073	0.0097	0.0119	0.0173	0.0016	0.0015	0.0058	0.0013	0.0150	0.0025	0.0119	0.0076	0.0147	0.0185	0.0024	0.0166	0.0306	0.0241	0.0057	0.0033	0.0180	0.0142	0.0165	0.0139	0.0067	0.0011	0.0202	0.0246	0.0179	0.0173	0.0161	0.0076	0.0220	0.0027	0.0242	0.0275	0.0232	0.0057	0.0153	0.0201	0.0117	0.0230	0.0086	0.0036	0.0258	0.0124	0.0093	0.0125	0.0125	0.0276	
0.0088	0.0275	0.0173	0.0184	0.0095	0.0216	0.0208	0.0234	0.0125	0.0009	0.0074	0.0084	0.0136	0.0248	0.0094	0.0021	0.0134	0.0113	0.0201	0.0059	0.0214	0.0162	0.0028	0.0143	0.0173	0.0193	0.0078	0.0159	0.0245	0.0198	0.0225	0.0089	0.0063	0.0178	0.0055	0.0199	0.0187	0.0084	0.0199	0.0061	0.0058	0.0009	0.0207	0.0163	0.0148	0.0050	0.0068	0.0165	0.0278	0.0224	0.0006	0.0260	0.0156	0.0135	0.0006	0.0253	0.0192	0.0068	0.0255	0.0159	0.0109	0.0064	0.0042	0.0227	0.0113	0.0243	0.0023	0.0333	0.0129	0.0148	
0.0121	0.0056	0.0157	0.0131	0.0010	0.0274	0.0234	0.0122	0.0024	0.0140	0.0146	0.0192	0.0181	0.0284	0.0182	0.0207	0.0246	0.0190	0.0159	0.0119	0.0045	0.0076	0.0072	0.0061	0.0227	0.0251	0.0265	0.0307	0.0093	0.0148	0.0026	0.0061	0.0292	0.0093	0.0058	0.0214	0.0099	0.0038	0.0116	0.0047	0.0325	0.0060	0.0048	0.0120	0.0336	0.0217	0.0134	0.0060	0.0030	0.0183	0.0022	0.0102	0.0107	0.0054	0.0080	0.0082	0.0231	0.0120	0.0166	0.0017	0.0273	0.0252	0.0044	0.0165	0.0143	0.0079	0.0206	0.0149	0.0161	0.0269	
0.0115	0.0231	0.0069	0.0109	0.0121	0.0314	0.0028	0.0215	0.0059	0.0049	0.0131	0.0196	0.0250	0.0192	0.0131	0.0235	0.0250	0.0235	0.0007	0.0278	0.0236	0.0254	0.0131	0.0111	0.0055	0.0043	0.0020	0.0187	0.0321	0.0220	0.0320	0.0008	0.0138	0.0077	0.0047	0.0090	0.0023	0.0006	0.0228	0.0093	0.0054	0.0010	0.0064	0.0121	0.0193	0.0103	0.0275	0.0154	0.0038	0.0201	0.0114	0.0265	0.0109	0.0227	0.0270	0.0187	0.0049	0.0235	0.0047	0.0078	0.0251	0.0152	0.0219	0.0150	0.0058	0.0133	0.0052	0.0229	0.0122	0.0013	
0.0136	0.0276	0.0002	0.0180	0.0248	0.0344	0.0175	0.0010	0.0226	0.0234	0.0058	0.0168	0.0115	0.0078	0.0080	0.0009	0.0201	0.0182	0.0104	0.0158	0.0061	0.0051	0.0189	0.0151	0.0136	0.0171	0.0059	0.0232	0.0100	0.0021	0.0056	0.0056	0.0009	0.0020	0.0016	0.0130	0.0331	0.0224	0.0230	0.0234	0.0368	0.0027	0.0015	0.0076	0.0011	0.0104	0.0285	0.0178	0.0077	0.0042	0.0227	0.0142	0.0082	0.0271	0.0221	0.0154	0.0003	0.0138	0.0039	0.0032	0.0216	0.0294	0.0178	0.0239	0.0253	0.0261	0.0154	0.0166	0.0040	0.0247	
0.0029	0.0303	0.0235	0.0117	0.0192	0.0043	0.0038	0.0162	0.0149	0.0069	0.0226	0.0197	0.0165	0.0042	0.0069	0.0240	0.0311	0.0038	0.0087	0.0187	0.0163	0.0144	0.0183	0.0265	0.0077	0.0029	0.0118	0.0095	0.0193	0.0023	0.0266	0.0158	0.0126	0.0158	0.0017	0.0282	0.0231	0.0331	0.0105	0.0205	0.0125	0.0141	0.0011	0.0290	0.0134	0.0046	0.0121	0.0209	0.0206	0.0011	0.0002	0.0131	0.0058	0.0205	0.0063	0.0221	0.0084	0.0299	0.0039	0.0162	0.0245	0.0283	0.0302	0.0134	0.0151	0.0072	0.0068	0.0024	0.0023	0.0074	
0.0009	0.0004	0.0187	0.0169	0.0069	0.0032	0.0121	0.0170	0.0123	0.0031	0.0193	0.0226	0.0188	0.0163	0.0018	0.0119	0.0105	0.0226	0.0082	0.0116	0.0181	0.0218	0.0198	0.0252	0.0254	0.0143	0.0162	0.0217	0.0184	0.0047	0.0356	0.0070	0.0181	0.0115	0.0239	0.0230	0.0244	0.0205	0.0111	0.0029	0.0101	0.0140	0.0152	0.0005	0.0312	0.0009	0.0028	0.0147	0.0147	0.0022	0.0254	0.0134	0.0220	0.0219	0.0148	0.0121	0.0055	0.0269	0.0178	0.0209	0.0181	0.0269	0.0042	0.0096	0.0065	0.0124	0.0056	0.0166	0.0117	0.0023	
0.0199	0.0228	0.0098	0.0043	0.0036	0.0044	0.0046	0.0210	0.0013	0.0261	0.0121	0.0011	0.0078	0.0121	0.0068	0.0150	0.0147	0.0246	0.0245	0.0182	0.0215	0.0186	0.0245	0.0207	0.0146	0.0133	0.0123	0.0068	0.0262	0.0102	0.0268	0.0182	0.0266	0.0085	0.0087	0.0045	0.0015	0.0197	0.0159	0.0093	0.0059	0.0104	0.0260	0.0213	0.0073	0.0172	0.0141	0.0219	0.0018	0.0191	0.0260	0.0092	0.0152	0.0262	0.0078	0.0037	0.0232	0.0186	0.0174	0.0180	0.0208	0.0284	0.0256	0.0207	0.0016	0.0213	0.0034	0.0002	0.0026	0.0017	
0.0147	0.0275	0.0089	0.0153	0.0146	0.0141	0.0210	0.0040	0.0155	0.0322	0.0004	0.0233	0.0056	0.0044	0.0141	0.0179	0.0040	0.0011	0.0004	0.0058	0.0111	0.0129	0.0006	0.0297	0.0209	0.0080	0.0135	0.0067	0.0241	0.0158	0.0146	0.0166	0.0194	0.0337	0.0078	0.0019	0.0004	0.0020	0.0140	0.0256	0.0142	0.0198	0.0054	0.0197	0.0198	0.0014	0.0239	0.0261	0.0094	0.0143	0.0224	0.0027	0.0300	0.0312	0.0209	0.0021	0.0276	0.0114	0.0258	0.0056	0.0311	0.0157	0.0135	0.0007	0.0178	0.0154	0.0009	0.0058	0.0305	0.0107	
0.0129	0.0027	0.0147	0.0047	0.0245	0.0290	0.0063	0.0098	0.0094	0.0193	0.0141	0.0218	0.0268	0.0068	0.0254	0.0124	0.0160	0.0236	0.0103	0.0051	0.0064	0.0212	0.0052	0.0077	0.0258	0.0261	0.0082	0.0056	0.0045	0.0027	0.0006	0.0141	0.0295	0.0334	0.0002	0.0128	0.0189	0.0302	0.0041	0.0256	0.0339	0.0118	0.0016	0.0076	0.0286	0.0119	0.0166	0.0069	0.0087	0.0058	0.0015	0.0091	0.0243	0.0252	0.0038	0.0311	0.0275	0.0106	0.0071	0.0263	0.0153	0.0011	0.0064	0.0081	0.0219	0.0293	0.0241	0.0013	0.0047	0.0094	
0.0263	0.0190	0.0164	0.0099	0.0083	0.0244	0.0163	0.0237	0.0165	0.0177	0.0125	0.0013	0.0279	0.0244	0.0009	0.0227	0.0196	0.0038	0.0242	0.0037	0.0185	0.0033	0.0164	0.0095	0.0149	0.0234	0.0060	0.0216	0.0207	0.0220	0.0167	0.0150	0.0003	0.0289	0.0092	0.0102	0.0184	0.0154	0.0140	0.0092	0.0083	0.0262	0.0216	0.0181	0.0101	0.0128	0.0020	0.0094	0.0065	0.0214	0.0081	0.0182	0.0060	0.0018	0.0158	0.0213	0.0012	0.0076	0.0230	0.0119	0.0162	0.0238	0.0065	0.0248	0.0007	0.0261	0.0010	0.0006	0.0187	0.0171	
0.0013	0.0059	0.0155	0.0131	0.0259	0.0273	0.0084	0.0217	0.0281	0.0023	0.0199	0.0293	0.0152	0.0224	0.0134	0.0287	0.0077	0.0258	0.0120	0.0140	0.0093	0.0129	0.0157	0.0008	0.0230	0.0128	0.0212	0.0262	0.0215	0.0114	0.0138	0.0013	0.0201	0.0191	0.0212	0.0015	0.0277	0.0223	0.0056	0.0201	0.0162	0.0024	0.0074	0.0198	0.0223	0.0228	0.0052	0.0113	0.0144	0.0022	0.0226	0.0026	0.0167	0.0027	0.0067	0.0186	0.0156	0.0177	0.0177	0.0093	0.0004	0.0122	0.0081	0.0189	0.0228	0.0187	0.0060	0.0003	0.0016	0.0114	
0.0238	0.0182	0.0181	0.0163	0.0021	0.0097	0.0035	0.0226	0.0100	0.0038	0.0085	0.0109	0.0143	0.0165	0.0183	0.0100	0.0125	0.0185	0.0103	0.0042	0.0131	0.0098	0.0014	0.0248	0.0216	0.0025	0.0247	0.0216	0.0028	0.0288	0.0159	0.0041	0.0094	0.0008	0.0030	0.0048	0.0124	0.0024	0.0003	0.0250	0.0180	0.0162	0.0079	0.0148	0.0012	0.0212	0.0255	0.0233	0.0389	0.0112	0.0087	0.0169	0.0178	0.0281	0.0261	0.0214	0.0131	0.0241	0.0202	0.0301	0.0138	0.0149	0.0199	0.0136	0.0226	0.0046	0.0017	0.0191	0.0100	0.0141	
0.0153	0.0113	0.0108	0.0091	0.0162	0.0300	0.0013	0.0108	0.0179	0.0036	0.0056	0.0013	0.0132	0.0203	0.0134	0.0229	0.0147	0.0091	0.0043	0.0125	0.0156	0.0106	0.0060	0.0009	0.0107	0.0017	0.0257	0.0278	0.0296	0.0216	0.0205	0.0049	0.0098	0.0163	0.0070	0.0189	0.0405	0.0085	0.0066	0.0202	0.0204	0.0176	0.0024	0.0134	0.0277	0.0124	0.0206	0.0027	0.0331	0.0231	0.0129	0.0171	0.0076	0.0239	0.0176	0.0177	0.0007	0.0128	0.0195	0.0149	0.0005	0.0063	0.0106	0.0265	0.0182	0.0243	0.0185	0.0045	0.0042	0.0211	
0.0248	0.0065	0.0021	0.0054	0.0253	0.0273	0.0088	0.0162	0.0091	0.0029	0.0078	0.0249	0.0001	0.0024	0.0067	0.0284	0.0282	0.0102	0.0277	0.0216	0.0237	0.0132	0.0105	0.0223	0.0284	0.0100	0.0099	0.0041	0.0012	0.0248	0.0227	0.0197	0.0218	0.0063	0.0260	0.0096	0.0147	0.0041	0.0025	0.0218	0.0070	0.0082	0.0063	0.0194	0.0069	0.0087	0.0061	0.0149	0.0230	0.0146	0.0300	0.0109	0.0057	0.0137	0.0187	0.0126	0.0238	0.0087	0.0061	0.0121	0.0127	0.0055	0.0188	0.0154	0.0128	0.0160	0.0278	0.0233	0.0053	0.0216	
0.0086	0.0288	0.0070	0.0006	0.0195	0.0221	0.0049	0.0170	0.0154	0.0203	0.0048	0.0262	0.0118	0.0118	0.0248	0.0104	0.0136	0.0111	0.0156	0.0128	0.0164	0.0081	0.0230	0.0181	0.0126	0.0012	0.0208	0.0229	0.0120	0.0177	0.0109	0.0103	0.0098	0.0303	0.0075	0.0019	0.0026	0.0065	0.0223	0.0018	0.0104	0.0034	0.0217	0.0146	0.0109	0.0185	0.0221	0.0083	0.0253	0.0023	0.0060	0.0169	0.0079	0.0231	0.0042	0.0027	0.0270	0.0186	0.0153	0.0178	0.0282	0.0147	0.0079	0.0304	0.0128	0.0220	0.0165	0.0188	0.0025	0.0254	
0.0054	0.0084	0.0131	0.0126	0.0040	0.0184	0.0148	0.0090	0.0079	0.0250	0.0079	0.0119	0.0012	0.0083	0.0096	0.0228	0.0038	0.0157	0.0225	0.0060	0.0031	0.0114	0.0148	0.0053	0.0031	0.0209	0.0257	0.0261	0.0055	0.0154	0.0004	0.0043	0.0050	0.0285	0.0185	0.0210	0.0364	0.0266	0.0159	0.0153	0.0209	0.0131	0.0104	0.0171	0.0110	0.0182	0.0117	0.0010	0.0245	0.0186	0.0160	0.0283	0.0188	0.0261	0.0195	0.0285	0.0165	0.0111	0.0085	0.0083	0.0198	0.0230	0.0046	0.0238	0.0303	0.0031	0.0069	0.0061	0.0090	0.0133	
0.0191	0.0086	0.0217	0.0040	0.0170	0.0175	0.0006	0.0221	0.0235	0.0162	0.0112	0.0233	0.0044	0.0138	0.0240	0.0011	0.0132	0.0071	0.0066	0.0246	0.0087	0.0151	0.0122	0.0091	0.0250	0.0214	0.0102	0.0164	0.0244	0.0048	0.0095	0.0057	0.0158	0.0068	0.0207	0.0077	0.0003	0.0167	0.0072	0.0026	0.0258	0.0152	0.0133	0.0181	0.0259	0.0269	0.0145	0.0190	0.0288	0.0208	0.0171	0.0270	0.0229	0.0139	0.0007	0.0074	0.0210	0.0162	0.0048	0.0192	0.0046	0.0125	0.0038	0.0205	0.0085	0.0058	0.0059	0.0288	0.0165	0.0150	
0.0007	0.0288	0.0247	0.0035	0.0034	0.0220	0.0001	0.0195	0.0137	0.0025	0.0092	0.0202	0.0202	0.0263	0.0152	0.0102	0.0084	0.0030	0.0057	0.0156	0.0146	0.0109	0.0102	0.0148	0.0249	0.0109	0.0138	0.0224	0.0138	0.0174	0.0198	0.0156	0.0270	0.0108	0.0217	0.0163	0.0301	0.0252	0.0105	0.0082	0.0076	0.0254	0.0032	0.0027	0.0118	0.0138	0.0195	0.0056	0.0065	0.0253	0.0252	0.0031	0.0193	0.0036	0.0271	0.0189	0.0145	0.0118	0.0047	0.0201	0.0056	0.0062	0.0081	0.0263	0.0126	0.0211	0.0198	0.0116	0.0037	0.0233	
0.0083	0.0157	0.0158	0.0228	0.0081	0.0198	0.0067	0.0062	0.0042	0.0135	0.0167	0.0089	0.0148	0.0127	0.0180	0.0163	0.0219	0.0235	0.0117	0.0040	0.0051	0.0148	0.0140	0.0173	0.0030	0.0013	0.0174	0.0050	0.0207	0.0171	0.0235	0.0079	0.0014	0.0119	0.0146	0.0077	0.0107	0.0253	0.0219	0.0073	0.0118	0.0048	0.0072	0.0160	0.0310	0.0270	0.0164	0.0223	0.0089	0.0202	0.0254	0.0225	0.0222	0.0284	0.0150	0.0228	0.0241	0.0020	0.0178	0.0065	0.0254	0.0021	0.0142	0.0157	0.0218	0.0100	0.0068	0.0062	0.0210	0.0070	
0.0046	0.0277	0.0011	0.0025	0.0207	0.0006	0.0054	0.0191	0.0183	0.0065	0.0105	0.0259	0.0236	0.0183	0.0185	0.0273	0.0098	0.0020	0.0242	0.0180	0.0114	0.0089	0.0022	0.0147	0.0110	0.0079	0.0153	0.0172	0.0284	0.0170	0.0190	0.0120	0.0223	0.0004	0.0187	0.0189	0.0196	0.0243	0.0058	0.0124	0.0180	0.0222	0.0091	0.0124	0.0232	0.0018	0.0039	0.0224	0.0291	0.0168	0.0011	0.0050	0.0087	0.0042	0.0183	0.0221	0.0246	0.0120	0.0158	0.0106	0.0111	0.0153	0.0254	0.0037	0.0171	0.0010	0.0267	0.0262	0.0030	0.0169	
0.0029	0.0190	0.0217	0.0091	0.0052	0.0225	0.0277	0.0145	0.0232	0.0108	0.0049	0.0290	0.0216	0.0047	0.0164	0.0155	0.0014	0.0230	0.0096	0.0240	0.0024	0.0107	0.0036	0.0248	0.0042	0.0029	0.0007	0.0080	0.0354	0.0258	0.0037	0.0065	0.0219	0.0092	0.0200	0.0120	0.0107	0.0022	0.0293	0.0046	0.0377	0.0083	0.0210	0.0102	0.0105	0.0220	0.0235	0.0264	0.0248	0.0038	0.0000	0.0068	0.0179	0.0101	0.0182	0.0261	0.0126	0.0031	0.0046	0.0016	0.0177	0.0237	0.0175	0.0333	0.0089	0.0273	0.0047	0.0193	0.0119	0.0006	
0.0040	0.0271	0.0196	0.0031	0.0227	0.0226	0.0151	0.0184	0.0134	0.0160	0.0097	0.0069	0.0169	0.0198	0.0218	0.0259	0.0159	0.0106	0.0190	0.0228	0.0025	0.0061	0.0230	0.0249	0.0178	0.0083	0.0180	0.0178	0.0034	0.0094	0.0125	0.0057	0.0088	0.0172	0.0280	0.0005	0.0099	0.0142	0.0125	0.0206	0.0059	0.0160	0.0154	0.0154	0.0184	0.0089	0.0005	0.0221	0.0066	0.0080	0.0102	0.0209	0.0216	0.0155	0.0245	0.0237	0.0022	0.0229	0.0123	0.0128	0.0016	0.0245	0.0179	0.0045	0.0034	0.0047	0.0242	0.0007	0.0232	0.0191	
0.0094	0.0028	0.0180	0.0219	0.0195	0.0165	0.0155	0.0063	0.0062	0.0085	0.0069	0.0260	0.0105	0.0204	0.0245	0.0185	0.0100	0.0192	0.0189	0.0014	0.0214	0.0149	0.0007	0.0259	0.0187	0.0079	0.0276	0.0128	0.0161	0.0128	0.0150	0.0194	0.0280	0.0145	0.0181	0.0049	0.0253	0.0270	0.0188	0.0097	0.0117	0.0153	0.0148	0.0033	0.0071	0.0052	0.0094	0.0242	0.0065	0.0108	0.0209	0.0019	0.0080	0.0212	0.0206	0.0273	0.0014	0.0001	0.0023	0.0087	0.0135	0.0045	0.0173	0.0222	0.0294	0.0077	0.0242	0.0004	0.0175	0.0222	
0.0279	0.0110	0.0288	0.0071	0.0215	0.0053	0.0273	0.0250	0.0225	0.0196	0.0004	0.0035	0.0082	0.0014	0.0201	0.0115	0.0188	0.0072	0.0215	0.0261	0.0057	0.0257	0.0268	0.0144	0.0297	0.0056	0.0276	0.0231	0.0071	0.0282	0.0078	0.0111	0.0271	0.0142	0.0184	0.0131	0.0019	0.0035	0.0013	0.0183	0.0008	0.0050	0.0077	0.0145	0.0101	0.0122	0.0267	0.0230	0.0044	0.0151	0.0218	0.0204	0.0092	0.0001	0.0165	0.0017	0.0148	0.0155	0.0082	0.0152	0.0061	0.0024	0.0205	0.0256	0.0109	0.0191	0.0045	0.0233	0.0156	0.0040	
0.0082	0.0179	0.0048	0.0021	0.0284	0.0010	0.0155	0.0097	0.0044	0.0183	0.0084	0.0073	0.0195	0.0183	0.0070	0.0197	0.0006	0.0287	0.0308	0.0140	0.0010	0.0193	0.0214	0.0161	0.0136	0.0263	0.0154	0.0123	0.0050	0.0228	0.0089	0.0022	0.0084	0.0002	0.0079	0.0031	0.0147	0.0081	0.0036	0.0134	0.0191	0.0013	0.0102	0.0187	0.0076	0.0364	0.0120	0.0328	0.0243	0.0193	0.0228	0.0065	0.0251	0.0345	0.0029	0.0225	0.0218	0.0196	0.0170	0.0260	0.0167	0.0044	0.0079	0.0158	0.0118	0.0065	0.0301	0.0245	0.0116	0.0024	
0.0025	0.0219	0.0193	0.0104	0.0272	0.0318	0.0044	0.0031	0.0081	0.0123	0.0139	0.0158	0.0196	0.0088	0.0280	0.0013	0.0046	0.0081	0.0261	0.0129	0.0106	0.0238	0.0142	0.0048	0.0276	0.0097	0.0204	0.0220	0.0108	0.0285	0.0018	0.0188	0.0151	0.0165	0.0181	0.0188	0.0089	0.0139	0.0263	0.0026	0.0171	0.0129	0.0091	0.0050	0.0107	0.0307	0.0093	0.0252	0.0152	0.0066	0.0022	0.0177	0.0195	0.0260	0.0163	0.0075	0.0049	0.0170	0.0098	0.0145	0.0057	0.0086	0.0206	0.0091	0.0112	0.0213	0.0259	0.0063	0.0180	0.0029	
0.0138	0.0205	0.0074	0.0206	0.0247	0.0248	0.0120	0.0102	0.0190	0.0001	0.0013	0.0212	0.0092	0.0021	0.0210	0.0116	0.0243	0.0183	0.0222	0.0109	0.0171	0.0167	0.0024	0.0099	0.0200	0.0065	0.0219	0.0014	0.0234	0.0115	0.0016	0.0022	0.0061	0.0104	0.0127	0.0094	0.0104	0.0283	0.0219	0.0177	0.0239	0.0180	0.0229	0.0101	0.0173	0.0083	0.0234	0.0183	0.0141	0.0286	0.0000	0.0053	0.0073	0.0070	0.0112	0.0298	0.0136	0.0228	0.0229	0.0202	0.0031	0.0103	0.0119	0.0092	0.0270	0.0259	0.0168	0.0001	0.0088	0.0153	
0.0035	0.0278	0.0174	0.0049	0.0143	0.0320	0.0214	0.0146	0.0211	0.0161	0.0087	0.0018	0.0147	0.0214	0.0127	0.0250	0.0220	0.0246	0.0275	0.0150	0.0173	0.0100	0.0021	0.0053	0.0156	0.0113	0.0056	0.0136	0.0140	0.0179	0.0204	0.0222	0.0064	0.0283	0.0187	0.0018	0.0118	0.0029	0.0204	0.0105	0.0044	0.0186	0.0026	0.0068	0.0102	0.0018	0.0211	0.0199	0.0306	0.0025	0.0032	0.0203	0.0005	0.0252	0.0170	0.0223	0.0212	0.0147	0.0130	0.0014	0.0194	0.0106	0.0059	0.0066	0.0287	0.0116	0.0226	0.0223	0.0019	0.0103	
0.0138	0.0213	0.0041	0.0133	0.0131	0.0323	0.0058	0.0173	0.0252	0.0172	0.0177	0.0165	0.0183	0.0077	0.0154	0.0295	0.0224	0.0118	0.0084	0.0238	0.0066	0.0255	0.0127	0.0191	0.0229	0.0209	0.0155	0.0203	0.0103	0.0277	0.0070	0.0034	0.0149	0.0157	0.0207	0.0079	0.0136	0.0158	0.0118	0.0171	0.0168	0.0004	0.0179	0.0010	0.0098	0.0062	0.0203	0.0267	0.0233	0.0010	0.0213	0.0123	0.0102	0.0033	0.0022	0.0164	0.0068	0.0118	0.0176	0.0165	0.0098	0.0114	0.0134	0.0017	0.0091	0.0143	0.0264	0.0036	0.0214	0.0024	
0.0118	0.0103	0.0005	0.0166	0.0119	0.0089	0.0013	0.0110	0.0112	0.0193	0.0022	0.0255	0.0038	0.0069	0.0075	0.0276	0.0181	0.0163	0.0136	0.0005	0.0045	0.0045	0.0219	0.0201	0.0120	0.0061	0.0140	0.0148	0.0210	0.0260	0.0085	0.0251	0.0058	0.0211	0.0268	0.0057	0.0084	0.0249	0.0235	0.0221	0.0174	0.0221	0.0025	0.0050	0.0157	0.0198	0.0072	0.0042	0.0242	0.0102	0.0361	0.0122	0.0195	0.0230	0.0258	0.0045	0.0205	0.0090	0.0059	0.0049	0.0218	0.0123	0.0257	0.0177	0.0079	0.0120	0.0148	0.0116	0.0223	0.0231	
0.0131	0.0276	0.0244	0.0183	0.0127	0.0137	0.0009	0.0160	0.0033	0.0244	0.0284	0.0144	0.0262	0.0062	0.0269	0.0298	0.0256	0.0189	0.0233	0.0158	0.0191	0.0032	0.0177	0.0148	0.0036	0.0066	0.0004	0.0130	0.0285	0.0032	0.0041	0.0277	0.0163	0.0289	0.0037	0.0010	0.0160	0.0035	0.0075	0.0149	0.0048	0.0004	0.0061	0.0143	0.0070	0.0085	0.0173	0.0162	0.0258	0.0101	0.0215	0.0276	0.0214	0.0006	0.0089	0.0086	0.0094	0.0100	0.0143	0.0056	0.0126	0.0180	0.0214	0.0004	0.0190	0.0052	0.0270	0.0281	0.0037	0.0225	
0.0086	0.0311	0.0099	0.0075	0.0131	0.0260	0.0307	0.0032	0.0079	0.0285	0.0198	0.0167	0.0205	0.0188	0.0150	0.0087	0.0020	0.0188	0.0195	0.0275	0.0214	0.0082	0.0179	0.0011	0.0031	0.0178	0.0122	0.0074	0.0336	0.0016	0.0156	0.0169	0.0143	0.0009	0.0018	0.0223	0.0230	0.0192	0.0206	0.0187	0.0155	0.0050	0.0025	0.0194	0.0226	0.0330	0.0305	0.0043	0.0242	0.0127	0.0037	0.0101	0.0104	0.0100	0.0009	0.0027	0.0048	0.0099	0.0038	0.0284	0.0101	0.0255	0.0064	0.0075	0.0171	0.0014	0.0031	0.0276	0.0123	0.0233	
0.0149	0.0169	0.0185	0.0246	0.0111	0.0199	0.0043	0.0207	0.0127	0.0053	0.0160	0.0067	0.0144	0.0129	0.0239	0.0024	0.0080	0.0028	0.0281	0.0242	0.0161	0.0058	0.0079	0.0227	0.0086	0.0162	0.0258	0.0235	0.0063	0.0136	0.0280	0.0054	0.0178	0.0278	0.0150	0.0109	0.0112	0.0106	0.0214	0.0098	0.0302	0.0037	0.0197	0.0212	0.0030	0.0025	0.0009	0.0201	0.0100	0.0085	0.0197	0.0280	0.0151	0.0138	0.0234	0.0140	0.0049	0.0025	0.0147	0.0169	0.0176	0.0093	0.0175	0.0004	0.0122	0.0111	0.0155	0.0225	0.0176	0.0105	
0.0156	0.0290	0.0052	0.0144	0.0023	0.0163	0.0106	0.0113	0.0182	0.0069	0.0171	0.0057	0.0144	0.0239	0.0186	0.0242	0.0167	0.0047	0.0010	0.0045	0.0087	0.0076	0.0186	0.0054	0.0195	0.0149	0.0115	0.0248	0.0161	0.0170	0.0150	0.0069	0.0252	0.0272	0.0149	0.0192	0.0269	0.0029	0.0105	0.0089	0.0036	0.0175	0.0099	0.0089	0.0331	0.0116	0.0201	0.0261	0.0099	0.0160	0.0201	0.0103	0.0171	0.0180	0.0280	0.0128	0.0034	0.0005	0.0183	0.0142	0.0034	0.0164	0.0206	0.0031	0.0228	0.0102	0.0090	0.0221	0.0037	0.0270	
0.0020	0.0159	0.0181	0.0178	0.0011	0.0212	0.0249	0.0097	0.0056	0.0114	0.0218	0.0134	0.0134	0.0259	0.0214	0.0029	0.0181	0.0057	0.0269	0.0064	0.0170	0.0217	0.0087	0.0251	0.0063	0.0140	0.0233	0.0072	0.0185	0.0185	0.0024	0.0023	0.0213	0.0125	0.0118	0.0076	0.0195	0.0000	0.0176	0.0087	0.0156	0.0169	0.0210	0.0080	0.0199	0.0206	0.0011	0.0272	0.0118	0.0169	0.0205	0.0036	0.0178	0.0279	0.0041	0.0101	0.0040	0.0222	0.0109	0.0131	0.0224	0.0207	0.0207	0.0168	0.0102	0.0203	0.0198	0.0040	0.0123	0.0123	
0.0087	0.0204	0.0111	0.0143	0.0180	0.0002	0.0244	0.0009	0.0066	0.0140	0.0111	0.0217	0.0203	0.0252	0.0204	0.0259	0.0101	0.0211	0.0061	0.0032	0.0041	0.0185	0.0118	0.0038	0.0116	0.0177	0.0237	0.0065	0.0288	0.0206	0.0285	0.0166	0.0112	0.0253	0.0039	0.0017	0.0197	0.0033	0.0046	0.0030	0.0121	0.0021	0.0142	0.0192	0.0326	0.0242	0.0191	0.0228	0.0243	0.0102	0.0080	0.0202	0.0192	0.0095	0.0059	0.0208	0.0019	0.0090	0.0006	0.0254	0.0027	0.0192	0.0010	0.0124	0.0174	0.0151	0.0117	0.0337	0.0126	0.0239	
0.0134	0.0116	0.0197	0.0042	0.0279	0.0048	0.0069	0.0209	0.0070	0.0255	0.0024	0.0002	0.0176	0.0211	0.0172	0.0038	0.0023	0.0012	0.0288	0.0170	0.0004	0.0060	0.0027	0.0105	0.0012	0.0249	0.0020	0.0036	0.0121	0.0156	0.0195	0.0275	0.0064	0.0386	0.0346	0.0032	0.0092	0.0300	0.0254	0.0040	0.0238	0.0124	0.0078	0.0122	0.0382	0.0049	0.0068	0.0182	0.0017	0.0164	0.0223	0.0187	0.0105	0.0100	0.0285	0.0097	0.0074	0.0133	0.0029	0.0335	0.0018	0.0043	0.0148	0.0327	0.0107	0.0106	0.0334	0.0276	0.0212	0.0128	
0.0164	0.0091	0.0066	0.0142	0.0254	0.0195	0.0232	0.0154	0.0099	0.0228	0.0121	0.0165	0.0012	0.0196	0.0198	0.0251	0.0124	0.0215	0.0029	0.0177	0.0204	0.0224	0.0135	0.0188	0.0018	0.0089	0.0262	0.0113	0.0036	0.0136	0.0088	0.0103	0.0220	0.0197	0.0135	0.0044	0.0031	0.0191	0.0057	0.0036	0.0107	0.0092	0.0222	0.0036	0.0135	0.0132	0.0010	0.0169	0.0320	0.0067	0.0198	0.0240	0.0116	0.0231	0.0104	0.0271	0.0158	0.0148	0.0116	0.0139	0.0165	0.0142	0.0124	0.0239	0.0196	0.0003	0.0197	0.0106	0.0020	0.0175	
0.0216	0.0220	0.0158	0.0251	0.0108	0.0144	0.0247	0.0116	0.0082	0.0181	0.0093	0.0098	0.0112	0.0219	0.0188	0.0108	0.0007	0.0256	0.0084	0.0172	0.0137	0.0140	0.0057	0.0188	0.0143	0.0209	0.0234	0.0017	0.0154	0.0116	0.0204	0.0178	0.0146	0.0111	0.0106	0.0029	0.0064	0.0168	0.0134	0.0233	0.0019	0.0037	0.0080	0.0211	0.0059	0.0091	0.0016	0.0216	0.0067	0.0071	0.0274	0.0235	0.0013	0.0129	0.0010	0.0106	0.0135	0.0255	0.0102	0.0145	0.0163	0.0260	0.0251	0.0256	0.0297	0.0174	0.0219	0.0020	0.0106	0.0154	
0.0041	0.0148	0.0117	0.0100	0.0176	0.0139	0.0049	0.0099	0.0145	0.0077	0.0211	0.0033	0.0251	0.0061	0.0127	0.0264	0.0183	0.0031	0.0102	0.0009	0.0172	0.0073	0.0045	0.0277	0.0111	0.0056	0.0048	0.0113	0.0275	0.0159	0.0164	0.0301	0.0094	0.0211	0.0044	0.0124	0.0115	0.0225	0.0256	0.0167	0.0067	0.0027	0.0137	0.0045	0.0247	0.0155	0.0000	0.0232	0.0168	0.0046	0.0016	0.0204	0.0200	0.0127	0.0270	0.0266	0.0091	0.0142	0.0266	0.0114	0.0075	0.0246	0.0147	0.0299	0.0233	0.0217	0.0229	0.0061	0.0020	0.0261	
0.0127	0.0241	0.0063	0.0178	0.0215	0.0171	0.0169	0.0000	0.0050	0.0266	0.0048	0.0126	0.0243	0.0141	0.0136	0.0246	0.0063	0.0254	0.0224	0.0052	0.0054	0.0278	0.0178	0.0113	0.0111	0.0110	0.0133	0.0101	0.0117	0.0303	0.0200	0.0281	0.0158	0.0180	0.0229	0.0024	0.0081	0.0005	0.0168	0.0082	0.0048	0.0070	0.0072	0.0014	0.0050	0.0255	0.0227	0.0226	0.0151	0.0164	0.0183	0.0234	0.0104	0.0265	0.0156	0.0118	0.0052	0.0208	0.0077	0.0079	0.0268	0.0072	0.0168	0.0056	0.0051	0.0085	0.0192	0.0070	0.0297	0.0072	
0.0093	0.0078	0.0079	0.0105	0.0019	0.0338	0.0149	0.0153	0.0063	0.0146	0.0143	0.0218	0.0233	0.0133	0.0119	0.0270	0.0103	0.0239	0.0280	0.0061	0.0208	0.0177	0.0153	0.0059	0.0103	0.0229	0.0201	0.0032	0.0280	0.0241	0.0049	0.0141	0.0248	0.0072	0.0124	0.0059	0.0155	0.0008	0.0211	0.0159	0.0313	0.0108	0.0149	0.0193	0.0261	0.0062	0.0086	0.0018	0.0287	0.0076	0.0009	0.0232	0.0077	0.0211	0.0100	0.0236	0.0151	0.0034	0.0004	0.0037	0.0065	0.0142	0.0199	0.0129	0.0119	0.0007	0.0247	0.0249	0.0228	0.0041	
0.0110	0.0103	0.0025	0.0082	0.0078	0.0157	0.0001	0.0208	0.0127	0.0059	0.0160	0.0215	0.0088	0.0146	0.0228	0.0097	0.0073	0.0053	0.0262	0.0185	0.0188	0.0106	0.0003	0.0183	0.0133	0.0133	0.0183	0.0036	0.0137	0.0229	0.0107	0.0172	0.0019	0.0200	0.0261	0.0156	0.0191	0.0006	0.0122	0.0229	0.0256	0.0175	0.0179	0.0213	0.0161	0.0190	0.0035	0.0073	0.0220	0.0015	0.0240	0.0207	0.0224	0.0087	0.0116	0.0016	0.0099	0.0131	0.0223	0.0195	0.0240	0.0275	0.0121	0.0205	0.0272	0.0010	0.0171	0.0198	0.0184	0.0019	
0.0118	0.0069	0.0145	0.0233	0.0242	0.0011	0.0159	0.0039	0.0027	0.0220	0.0085	0.0118	0.0095	0.0091	0.0242	0.0173	0.0200	0.0186	0.0062	0.0200	0.0077	0.0070	0.0037	0.0177	0.0026	0.0203	0.0069	0.0263	0.0295	0.0127	0.0325	0.0091	0.0157	0.0177	0.0101	0.0100	0.0264	0.0240	0.0083	0.0080	0.0132	0.0027	0.0082	0.0210	0.0117	0.0116	0.0108	0.0017	0.0243	0.0051	0.0076	0.0218	0.0102	0.0220	0.0175	0.0088	0.0014	0.0019	0.0191	0.0234	0.0204	0.0193	0.0052	0.0173	0.0270	0.0220	0.0214	0.0258	0.0178	0.0124	
0.0163	0.0282	0.0098	0.0232	0.0117	0.0070	0.0256	0.0055	0.0079	0.0205	0.0126	0.0054	0.0069	0.0209	0.0045	0.0057	0.0268	0.0229	0.0238	0.0041	0.0111	0.0228	0.0011	0.0101	0.0145	0.0183	0.0250	0.0218	0.0020	0.0112	0.0170	0.0128	0.0047	0.0084	0.0117	0.0096	0.0125	0.0189	0.0096	0.0116	0.0128	0.0195	0.0207	0.0029	0.0157	0.0166	0.0105	0.0141	0.0165	0.0197	0.0230	0.0006	0.0229	0.0204	0.0284	0.0268	0.0213	0.0015	0.0061	0.0203	0.0087	0.0051	0.0035	0.0257	0.0055	0.0258	0.0008	0.0336	0.0047	0.0221	
0.0215	0.0113	0.0107	0.0116	0.0201	0.0206	0.0022	0.0220	0.0250	0.0011	0.0094	0.0119	0.0066	0.0094	0.0123	0.0154	0.0182	0.0112	0.0090	0.0161	0.0169	0.0087	0.0089	0.0186	0.0045	0.0065	0.0182	0.0222	0.0285	0.0148	0.0170	0.0106	0.0078	0.0224	0.0232	0.0131	0.0154	0.0140	0.0008	0.0080	0.0243	0.0211	0.0036	0.0051	0.0094	0.0290	0.0255	0.0224	0.0150	0.0159	0.0085	0.0177	0.0172	0.0176	0.0011	0.0145	0.0007	0.0209	0.0069	0.0118	0.0277	0.0072	0.0259	0.0115	0.0150	0.0247	0.0028	0.0146	0.0129	0.0238	
0.0209	0.0052	0.0089	0.0267	0.0247	0.0283	0.0045	0.0039	0.0094	0.0062	0.0088	0.0250	0.0088	0.0084	0.0058	0.0273	0.0223	0.0185	0.0204	0.0094	0.0136	0.0229	0.0053	0.0165	0.0092	0.0141	0.0274	0.0235	0.0235	0.0094	0.0288	0.0090	0.0092	0.0195	0.0159	0.0032	0.0081	0.0212	0.0197	0.0059	0.0130	0.0198	0.0116	0.0009	0.0041	0.0030	0.0256	0.0209	0.0071	0.0164	0.0068	0.0118	0.0209	0.0047	0.0084	0.0053	0.0243	0.0215	0.0165	0.0081	0.0260	0.0134	0.0109	0.0009	0.0132	0.0259	0.0167	0.0274	0.0126	0.0027	
0.0223	0.0013	0.0253	0.0139	0.0304	0.0265	0.0103	0.0047	0.0143	0.0085	0.0191	0.0065	0.0162	0.0034	0.0022	0.0148	0.0188	0.0044	0.0110	0.0146	0.0053	0.0144	0.0011	0.0146	0.0105	0.0274	0.0121	0.0112	0.0217	0.0064	0.0181	0.0043	0.0030	0.0037	0.0273	0.0052	0.0132	0.0107	0.0066	0.0166	0.0281	0.0201	0.0098	0.0106	0.0201	0.0262	0.0281	0.0109	0.0349	0.0238	0.0116	0.0144	0.0119	0.0023	0.0260	0.0089	0.0327	0.0137	0.0040	0.0001	0.0090	0.0340	0.0176	0.0089	0.0250	0.0150	0.0026	0.0146	0.0085	0.0249	
0.0224	0.0098	0.0227	0.0205	0.0224	0.0166	0.0014	0.0173	0.0246	0.0167	0.0020	0.0025	0.0109	0.0200	0.0240	0.0023	0.0229	0.0012	0.0068	0.0166	0.0060	0.0300	0.0043	0.0061	0.0093	0.0225	0.0060	0.0025	0.0224	0.0011	0.0236	0.0102	0.0020	0.0040	0.0005	0.0006	0.0181	0.0221	0.0092	0.0110	0.0090	0.0085	0.0169	0.0155	0.0341	0.0066	0.0161	0.0279	0.0159	0.0200	0.0234	0.0012	0.0059	0.0212	0.0183	0.0315	0.0035	0.0209	0.0106	0.0261	0.0083	0.0318	0.0002	0.0265	0.0320	0.0184	0.0006	0.0113	0.0146	0.0281	
0.0120	0.0352	0.0151	0.0225	0.0089	0.0314	0.0119	0.0150	0.0070	0.0039	0.0078	0.0082	0.0157	0.0300	0.0048	0.0185	0.0069	0.0100	0.0142	0.0016	0.0214	0.0217	0.0076	0.0133	0.0035	0.0069	0.0105	0.0251	0.0216	0.0084	0.0063	0.0044	0.0082	0.0186	0.0019	0.0183	0.0130	0.0130	0.0101	0.0177	0.0197	0.0116	0.0130	0.0060	0.0218	0.0325	0.0092	0.0007	0.0261	0.0096	0.0098	0.0186	0.0205	0.0167	0.0279	0.0269	0.0179	0.0062	0.0173	0.0009	0.0154	0.0207	0.0216	0.0298	0.0328	0.0028	0.0005	0.0026	0.0176	0.0112	
0.0049	0.0348	0.0207	0.0229	0.0155	0.0157	0.0101	0.0023	0.0235	0.0041	0.0253	0.0091	0.0024	0.0112	0.0230	0.0167	0.0149	0.0197	0.0190	0.0092	0.0045	0.0028	0.0173	0.0114	0.0049	0.0234	0.0201	0.0213	0.0114	0.0134	0.0419	0.0040	0.0049	0.0116	0.0010	0.0135	0.0378	0.0015	0.0024	0.0140	0.0216	0.0128	0.0107	0.0139	0.0030	0.0080	0.0174	0.0224	0.0043	0.0168	0.0151	0.0101	0.0115	0.0182	0.0049	0.0075	0.0021	0.0166	0.0156	0.0204	0.0255	0.0288	0.0162	0.0155	0.0069	0.0239	0.0057	0.0395	0.0040	0.0132	
0.0206	0.0097	0.0128	0.0020	0.0186	0.0173	0.0173	0.0044	0.0072	0.0253	0.0086	0.0228	0.0097	0.0180	0.0200	0.0174	0.0198	0.0127	0.0047	0.0194	0.0104	0.0016	0.0104	0.0127	0.0182	0.0163	0.0182	0.0203	0.0091	0.0093	0.0009	0.0202	0.0100	0.0211	0.0147	0.0060	0.0173	0.0088	0.0221	0.0120	0.0112	0.0187	0.0071	0.0126	0.0047	0.0266	0.0098	0.0251	0.0190	0.0108	0.0243	0.0170	0.0135	0.0104	0.0189	0.0185	0.0226	0.0016	0.0078	0.0009	0.0203	0.0234	0.0213	0.0237	0.0248	0.0136	0.0106	0.0165	0.0057	0.0108	
0.0186	0.0159	0.0139	0.0168	0.0127	0.0218	0.0209	0.0219	0.0088	0.0195	0.0079	0.0228	0.0051	0.0235	0.0115	0.0101	0.0050	0.0014	0.0271	0.0224	0.0103	0.0185	0.0221	0.0233	0.0185	0.0135	0.0296	0.0112	0.0207	0.0151	0.0193	0.0156	0.0221	0.0066	0.0139	0.0088	0.0011	0.0285	0.0230	0.0038	0.0014	0.0218	0.0192	0.0156	0.0256	0.0001	0.0181	0.0018	0.0185	0.0167	0.0112	0.0105	0.0164	0.0115	0.0009	0.0072	0.0136	0.0213	0.0228	0.0249	0.0183	0.0117	0.0061	0.0234	0.0059	0.0150	0.0019	0.0001	0.0036	0.0018	
0.0085	0.0062	0.0031	0.0232	0.0234	0.0151	0.0267	0.0086	0.0030	0.0218	0.0242	0.0295	0.0224	0.0010	0.0027	0.0058	0.0035	0.0091	0.0057	0.0109	0.0227	0.0064	0.0021	0.0013	0.0146	0.0174	0.0212	0.0268	0.0145	0.0049	0.0322	0.0173	0.0258	0.0144	0.0072	0.0063	0.0073	0.0251	0.0177	0.0155	0.0098	0.0046	0.0194	0.0039	0.0324	0.0245	0.0157	0.0071	0.0241	0.0261	0.0132	0.0228	0.0220	0.0245	0.0055	0.0036	0.0033	0.0023	0.0085	0.0032	0.0215	0.0003	0.0246	0.0286	0.0262	0.0076	0.0013	0.0128	0.0202	0.0252	
0.0270	0.0105	0.0195	0.0187	0.0033	0.0223	0.0161	0.0283	0.0022	0.0255	0.0039	0.0150	0.0074	0.0147	0.0220	0.0067	0.0250	0.0034	0.0078	0.0046	0.0043	0.0049	0.0157	0.0159	0.0249	0.0081	0.0086	0.0256	0.0112	0.0215	0.0226	0.0035	0.0145	0.0286	0.0014	0.0040	0.0016	0.0081	0.0216	0.0149	0.0200	0.0052	0.0002	0.0160	0.0355	0.0074	0.0242	0.0143	0.0082	0.0199	0.0129	0.0271	0.0040	0.0193	0.0232	0.0264	0.0244	0.0052	0.0216	0.0281	0.0126	0.0231	0.0164	0.0123	0.0029	0.0002	0.0006	0.0129	0.0109	0.0195	
0.0035	0.0199	0.0098	0.0213	0.0149	0.0346	0.0045	0.0243	0.0144	0.0189	0.0128	0.0248	0.0140	0.0214	0.0062	0.0229	0.0300	0.0233	0.0055	0.0073	0.0096	0.0258	0.0130	0.0247	0.0028	0.0233	0.0174	0.0192	0.0153	0.0290	0.0075	0.0095	0.0019	0.0209	0.0111	0.0194	0.0177	0.0120	0.0032	0.0175	0.0216	0.0185	0.0177	0.0011	0.0118	0.0196	0.0045	0.0259	0.0062	0.0096	0.0005	0.0055	0.0046	0.0041	0.0054	0.0091	0.0015	0.0156	0.0172	0.0169	0.0117	0.0175	0.0129	0.0170	0.0149	0.0027	0.0218	0.0318	0.0062	0.0114	
0.0057	0.0202	0.0168	0.0139	0.0193	0.0223	0.0064	0.0121	0.0148	0.0153	0.0200	0.0231	0.0116	0.0031	0.0281	0.0008	0.0072	0.0259	0.0147	0.0047	0.0211	0.0293	0.0181	0.0163	0.0089	0.0024	0.0079	0.0027	0.0209	0.0070	0.0309	0.0064	0.0179	0.0269	0.0029	0.0094	0.0153	0.0217	0.0140	0.0148	0.0025	0.0135	0.0018	0.0035	0.0297	0.0239	0.0026	0.0131	0.0225	0.0114	0.0255	0.0260	0.0115	0.0035	0.0156	0.0095	0.0255	0.0051	0.0046	0.0152	0.0105	0.0044	0.0233	0.0093	0.0233	0.0142	0.0038	0.0221	0.0243	0.0177	
0.0159	0.0191	0.0112	0.0267	0.0032	0.0101	0.0264	0.0158	0.0220	0.0204	0.0003	0.0281	0.0143	0.0052	0.0116	0.0004	0.0264	0.0152	0.0094	0.0240	0.0142	0.0098	0.0142	0.0305	0.0076	0.0271	0.0211	0.0246	0.0164	0.0101	0.0204	0.0135	0.0135	0.0018	0.0250	0.0080	0.0140	0.0191	0.0003	0.0075	0.0160	0.0073	0.0135	0.0152	0.0196	0.0180	0.0208	0.0242	0.0371	0.0187	0.0228	0.0209	0.0102	0.0066	0.0003	0.0088	0.0004	0.0133	0.0178	0.0049	0.0191	0.0033	0.0042	0.0141	0.0027	0.0163	0.0133	0.0165	0.0088	0.0010	
0.0178	0.0084	0.0115	0.0003	0.0108	0.0096	0.0218	0.0222	0.0128	0.0230	0.0077	0.0319	0.0227	0.0193	0.0187	0.0292	0.0028	0.0067	0.0013	0.0149	0.0077	0.0314	0.0224	0.0248	0.0209	0.0092	0.0035	0.0008	0.0149	0.0319	0.0032	0.0064	0.0110	0.0292	0.0017	0.0090	0.0044	0.0102	0.0245	0.0185	0.0147	0.0007	0.0005	0.0228	0.0269	0.0221	0.0076	0.0108	0.0276	0.0036	0.0158	0.0054	0.0105	0.0242	0.0196	0.0177	0.0117	0.0171	0.0084	0.0003	0.0042	0.0263	0.0153	0.0139	0.0205	0.0025	0.0161	0.0276	0.0219	0.0048	
0.0270	0.0203	0.0107	0.0078	0.0041	0.0092	0.0218	0.0000	0.0294	0.0011	0.0023	0.0267	0.0061	0.0060	0.0171	0.0305	0.0192	0.0210	0.0060	0.0088	0.0009	0.0189	0.0001	0.0218	0.0198	0.0173	0.0114	0.0107	0.0070	0.0263	0.0031	0.0142	0.0138	0.0202	0.0151	0.0138	0.0135	0.0030	0.0186	0.0107	0.0201	0.0102	0.0145	0.0073	0.0227	0.0112	0.0165	0.0064	0.0262	0.0124	0.0120	0.0245	0.0186	0.0116	0.0035	0.0040	0.0250	0.0156	0.0161	0.0109	0.0229	0.0119	0.0251	0.0062	0.0253	0.0163	0.0044	0.0127	0.0334	0.0173	
0.0042	0.0242	0.0036	0.0234	0.0193	0.0198	0.0301	0.0220	0.0251	0.0075	0.0018	0.0082	0.0175	0.0178	0.0129	0.0086	0.0178	0.0092	0.0145	0.0081	0.0277	0.0048	0.0125	0.0021	0.0174	0.0101	0.0199	0.0132	0.0119	0.0046	0.0064	0.0013	0.0110	0.0052	0.0154	0.0170	0.0271	0.0328	0.0204	0.0140	0.0077	0.0015	0.0225	0.0134	0.0149	0.0144	0.0243	0.0062	0.0274	0.0223	0.0044	0.0236	0.0006	0.0176	0.0281	0.0330	0.0082	0.0017	0.0033	0.0106	0.0009	0.0160	0.0086	0.0224	0.0012	0.0003	0.0272	0.0142	0.0248	0.0286	
0.0117	0.0183	0.0125	0.0012	0.0265	0.0304	0.0119	0.0205	0.0155	0.0043	0.0123	0.0117	0.0135	0.0184	0.0251	0.0097	0.0009	0.0181	0.0085	0.0141	0.0071	0.0182	0.0182	0.0093	0.0109	0.0165	0.0197	0.0267	0.0125	0.0118	0.0179	0.0085	0.0065	0.0277	0.0019	0.0109	0.0073	0.0276	0.0155	0.0206	0.0165	0.0062	0.0101	0.0211	0.0253	0.0185	0.0246	0.0163	0.0259	0.0164	0.0248	0.0055	0.0023	0.0110	0.0129	0.0253	0.0183	0.0063	0.0137	0.0064	0.0045	0.0150	0.0127	0.0057	0.0188	0.0037	0.0049	0.0219	0.0132	0.0121	

Emissions
0.1115	0.1241	0.1582	0.5035	0.1027	
0.0074	0.1053	0.3474	0.2018	0.3382	
0.2998	0.0808	0.1066	0.3132	0.1997	
0.1116	0.1799	0.4307	0.1787	0.0991	
0.2304	0.3628	0.1041	0.1167	0.1861	
0.0063	0.4437	0.1072	0.1432	0.2996	
0.1986	0.1200	0.3669	0.1545	0.1601	
0.3474	0.0514	0.2995	0.1420	0.1597	
0.1930	0.2834	0.1918	0.2364	0.0955	
0.0156	0.1539	0.3688	0.3748	0.0870	
0.3133	0.1763	0.0985	0.1951	0.2168	
0.0333	0.4026	0.3330	0.2082	0.0229	
0.1053	0.0064	0.2745	0.4389	0.1749	
0.2105	0.1079	0.3979	0.0565	0.2272	
0.0805	0.2389	0.1681	0.3660	0.1466	
0.0080	0.1415	0.2107	0.3714	0.2685	
0.2749	0.3599	0.1513	0.0218	0.1920	
0.0340	0.0042	0.2847	0.3968	0.2803	
0.0963	0.3912	0.1410	0.1894	0.1821	
0.2687	0.0900	0.2499	0.1558	0.2356	
0.3173	0.2216	0.3557	0.0957	0.0097	
0.0560	0.3517	0.0959	0.2626	0.2338	
0.2031	0.0534	0.3244	0.2771	0.1420	
0.2029	0.3174	0.2452	0.1229	0.1116	
0.1759	0.3616	0.0678	0.2657	0.1290	
0.2756	0.1601	0.0732	0.2700	0.2210	
0.2889	0.2863	0.0912	0.0255	0.3081	
0.1817	0.1524	0.2159	0.0219	0.4281	
0.0987	0.3806	0.2178	0.0710	0.2319	
0.0315	0.2533	0.1136	0.3704	0.2311	
0.0690	0.4829	0.2795	0.0100	0.1585	
0.0590	0.1858	0.0387	0.6080	0.1086	
0.1777	0.2730	0.1906	0.0347	0.3240	
0.0418	0.2822	0.1867	0.2194	0.2698	
0.1531	0.1695	0.2106	0.4471	0.0197	
0.4678	0.2277	0.0063	0.0434	0.2548	
0.1754	0.0461	0.1901	0.0024	0.5859	
0.0473	0.0760	0.1073	0.2636	0.5058	
0.0580	0.0554	0.1798	0.4421	0.2647	
0.3042	0.1247	0.1970	0.2234	0.1506	
0.0962	0.4932	0.1927	0.0203	0.1975	
0.2701	0.0438	0.2269	0.3368	0.1225	
0.1921	0.0749	0.2953	0.1765	0.2612	
0.3607	0.1610	0.1854	0.1587	0.1342	
0.0249	0.2750	0.3365	0.0403	0.3233	
0.0775	0.4544	0.2348	0.1163	0.1170	
0.1556	0.2610	0.1485	0.1964	0.2385	
0.1676	0.2879	0.0707	0.2169	0.2569	
0.0201	0.2437	0.1203	0.1027	0.5132	
0.2960	0.0491	0.3135	0.0060	0.3353	
0.0829	0.4076	0.0033	0.3662	0.1400	
0.1738	0.4734	0.1324	0.0917	0.1286	
0.3227	0.1804	0.1259	0.2005	0.1706	
0.0448	0.3474	0.1390	0.2912	0.1776	
0.1002	0.0901	0.4263	0.2203	0.1630	
0.1218	0.1533	0.2503	0.0722	0.4024	
0.0449	0.2008	0.3596	0.3306	0.0641	
0.2705	0.3038	0.2010	0.1326	0.0921	
0.2861	0.1680	0.4058	0.1193	0.0209	
0.1368	0.0214	0.3130	0.1544	0.3745	
0.0986	0.3045	0.2881	0.2118	0.0969	
0.0503	0.3379	0.2103	0.1966	0.2048	
0.2487	0.2435	0.0293	0.3751	0.1034	
0.1738	0.2918	0.2262	0.1279	0.1803	
0.0886	0.3459	0.2471	0.1006	0.2179	
0.2163	0.0947	0.2734	0.1220	0.2936	
0.1301	0.3118	0.0647	0.1859	0.3074	
0.0824	0.1839	0.0241	0.0798	0.6298	
0.1757	0.1699	0.0970	0.5279	0.0294	
0.1681	0.2013	0.3386	0.0267	0.2653	
