DataSet 43
Learner: Baum Welch Learner
Log Likelihood: 39226.4767441983

Number of States: 90
Number of Symbols: 5
Threshold: 0.01

Initial Distribution:
0.0030	0.0211	0.0079	0.0007	0.0027	0.0175	0.0044	0.0162	0.0077	0.0128	0.0085	0.0146	0.0152	0.0028	0.0304	0.0131	0.0046	0.0146	0.0012	0.0223	0.0073	0.0055	0.0101	0.0143	0.0082	0.0182	0.0228	0.0146	0.0045	0.0043	0.0020	0.0150	0.0109	0.0076	0.0311	0.0098	0.0043	0.0156	0.0010	0.0078	0.0135	0.0114	0.0234	0.0094	0.0093	0.0219	0.0150	0.0251	0.0180	0.0173	0.0049	0.0212	0.0132	0.0104	0.0024	0.0002	0.0072	0.0146	0.0175	0.0049	0.0050	0.0031	0.0030	0.0057	0.0113	0.0076	0.0017	0.0041	0.0044	0.0047	0.0080	0.0075	0.0188	0.0154	0.0256	0.0211	0.0047	0.0019	0.0108	0.0212	0.0024	0.0126	0.0159	0.0199	0.0157	0.0041	0.0224	0.0020	0.0048	0.0179	

Transitions:
0.0136	0.0148	0.0042	0.0225	0.0068	0.0130	0.0090	0.0127	0.0136	0.0158	0.0114	0.0109	0.0108	0.0192	0.0049	0.0214	0.0034	0.0049	0.0128	0.0078	0.0177	0.0014	0.0012	0.0180	0.0037	0.0067	0.0043	0.0119	0.0119	0.0097	0.0186	0.0208	0.0191	0.0155	0.0114	0.0201	0.0044	0.0189	0.0100	0.0076	0.0074	0.0139	0.0145	0.0158	0.0032	0.0133	0.0082	0.0025	0.0100	0.0193	0.0035	0.0114	0.0183	0.0173	0.0238	0.0104	0.0148	0.0079	0.0154	0.0228	0.0077	0.0231	0.0044	0.0014	0.0196	0.0157	0.0136	0.0164	0.0063	0.0084	0.0160	0.0072	0.0140	0.0031	0.0018	0.0039	0.0082	0.0074	0.0152	0.0120	0.0214	0.0019	0.0016	0.0103	0.0079	0.0074	0.0041	0.0031	0.0139	0.0027	
0.0019	0.0195	0.0052	0.0127	0.0196	0.0086	0.0087	0.0132	0.0225	0.0128	0.0018	0.0123	0.0183	0.0221	0.0038	0.0201	0.0180	0.0140	0.0221	0.0166	0.0021	0.0083	0.0149	0.0016	0.0232	0.0073	0.0180	0.0164	0.0192	0.0129	0.0104	0.0095	0.0029	0.0036	0.0084	0.0230	0.0019	0.0075	0.0061	0.0171	0.0196	0.0183	0.0083	0.0047	0.0097	0.0098	0.0057	0.0026	0.0087	0.0116	0.0141	0.0130	0.0093	0.0202	0.0010	0.0165	0.0056	0.0035	0.0107	0.0142	0.0102	0.0182	0.0221	0.0079	0.0012	0.0173	0.0102	0.0160	0.0138	0.0060	0.0182	0.0108	0.0074	0.0010	0.0215	0.0069	0.0005	0.0114	0.0137	0.0108	0.0018	0.0185	0.0071	0.0041	0.0006	0.0215	0.0010	0.0057	0.0027	0.0165	
0.0139	0.0171	0.0147	0.0170	0.0039	0.0013	0.0163	0.0006	0.0037	0.0173	0.0010	0.0110	0.0114	0.0013	0.0129	0.0021	0.0052	0.0066	0.0261	0.0124	0.0136	0.0151	0.0122	0.0195	0.0102	0.0139	0.0073	0.0157	0.0077	0.0036	0.0120	0.0039	0.0109	0.0156	0.0105	0.0208	0.0129	0.0140	0.0188	0.0193	0.0096	0.0207	0.0041	0.0144	0.0075	0.0090	0.0029	0.0040	0.0088	0.0173	0.0143	0.0128	0.0061	0.0072	0.0020	0.0161	0.0067	0.0154	0.0029	0.0099	0.0100	0.0038	0.0156	0.0189	0.0038	0.0199	0.0225	0.0161	0.0089	0.0138	0.0100	0.0120	0.0080	0.0006	0.0051	0.0120	0.0125	0.0208	0.0104	0.0180	0.0121	0.0044	0.0060	0.0064	0.0119	0.0201	0.0164	0.0044	0.0130	0.0172	
0.0125	0.0185	0.0095	0.0104	0.0081	0.0064	0.0056	0.0053	0.0141	0.0126	0.0117	0.0066	0.0231	0.0121	0.0091	0.0009	0.0058	0.0053	0.0028	0.0099	0.0030	0.0161	0.0078	0.0034	0.0167	0.0086	0.0214	0.0088	0.0089	0.0057	0.0221	0.0206	0.0030	0.0116	0.0106	0.0175	0.0007	0.0029	0.0171	0.0000	0.0099	0.0096	0.0028	0.0268	0.0112	0.0083	0.0098	0.0196	0.0221	0.0142	0.0186	0.0165	0.0013	0.0057	0.0191	0.0228	0.0131	0.0113	0.0175	0.0210	0.0083	0.0218	0.0198	0.0069	0.0163	0.0156	0.0034	0.0076	0.0010	0.0168	0.0002	0.0026	0.0088	0.0026	0.0004	0.0181	0.0113	0.0076	0.0150	0.0166	0.0013	0.0022	0.0101	0.0189	0.0147	0.0053	0.0193	0.0221	0.0129	0.0146	
0.0045	0.0133	0.0116	0.0249	0.0140	0.0101	0.0106	0.0154	0.0072	0.0170	0.0033	0.0219	0.0164	0.0038	0.0112	0.0124	0.0048	0.0219	0.0067	0.0008	0.0097	0.0040	0.0156	0.0203	0.0178	0.0054	0.0106	0.0009	0.0197	0.0086	0.0208	0.0053	0.0149	0.0117	0.0112	0.0093	0.0116	0.0128	0.0119	0.0124	0.0052	0.0163	0.0007	0.0187	0.0077	0.0016	0.0092	0.0047	0.0063	0.0013	0.0004	0.0176	0.0165	0.0132	0.0034	0.0217	0.0214	0.0140	0.0022	0.0085	0.0184	0.0120	0.0006	0.0176	0.0180	0.0227	0.0067	0.0048	0.0136	0.0034	0.0005	0.0152	0.0081	0.0155	0.0177	0.0152	0.0032	0.0195	0.0127	0.0152	0.0185	0.0061	0.0183	0.0131	0.0093	0.0028	0.0121	0.0021	0.0074	0.0126	
0.0090	0.0200	0.0105	0.0036	0.0119	0.0164	0.0145	0.0035	0.0032	0.0108	0.0169	0.0036	0.0137	0.0018	0.0008	0.0089	0.0092	0.0219	0.0224	0.0086	0.0196	0.0051	0.0005	0.0082	0.0113	0.0150	0.0146	0.0083	0.0115	0.0151	0.0079	0.0040	0.0195	0.0002	0.0161	0.0029	0.0034	0.0066	0.0039	0.0018	0.0015	0.0226	0.0128	0.0031	0.0187	0.0148	0.0147	0.0144	0.0149	0.0008	0.0180	0.0131	0.0065	0.0203	0.0177	0.0031	0.0193	0.0027	0.0140	0.0203	0.0004	0.0077	0.0169	0.0099	0.0023	0.0155	0.0068	0.0140	0.0064	0.0179	0.0053	0.0026	0.0162	0.0160	0.0075	0.0186	0.0146	0.0239	0.0098	0.0168	0.0009	0.0008	0.0163	0.0086	0.0223	0.0176	0.0192	0.0246	0.0060	0.0150	
0.0059	0.0004	0.0135	0.0086	0.0013	0.0167	0.0058	0.0032	0.0013	0.0070	0.0090	0.0005	0.0098	0.0171	0.0167	0.0146	0.0194	0.0128	0.0178	0.0182	0.0115	0.0003	0.0171	0.0194	0.0192	0.0214	0.0131	0.0075	0.0125	0.0078	0.0165	0.0081	0.0079	0.0135	0.0138	0.0058	0.0111	0.0116	0.0171	0.0148	0.0149	0.0121	0.0182	0.0033	0.0074	0.0005	0.0146	0.0208	0.0146	0.0086	0.0242	0.0082	0.0086	0.0088	0.0054	0.0051	0.0075	0.0179	0.0113	0.0018	0.0023	0.0246	0.0168	0.0155	0.0140	0.0020	0.0172	0.0193	0.0008	0.0111	0.0032	0.0082	0.0169	0.0000	0.0060	0.0216	0.0045	0.0155	0.0115	0.0178	0.0088	0.0154	0.0172	0.0015	0.0106	0.0086	0.0003	0.0264	0.0078	0.0108	
0.0234	0.0153	0.0004	0.0182	0.0103	0.0146	0.0182	0.0026	0.0156	0.0075	0.0073	0.0179	0.0202	0.0004	0.0052	0.0142	0.0131	0.0081	0.0047	0.0046	0.0004	0.0163	0.0069	0.0168	0.0172	0.0106	0.0054	0.0164	0.0075	0.0053	0.0014	0.0164	0.0128	0.0133	0.0127	0.0130	0.0081	0.0059	0.0144	0.0157	0.0047	0.0017	0.0212	0.0048	0.0088	0.0129	0.0168	0.0137	0.0203	0.0191	0.0222	0.0146	0.0225	0.0027	0.0126	0.0017	0.0094	0.0071	0.0191	0.0006	0.0068	0.0048	0.0229	0.0084	0.0057	0.0186	0.0062	0.0092	0.0087	0.0140	0.0064	0.0074	0.0167	0.0118	0.0009	0.0199	0.0204	0.0013	0.0054	0.0010	0.0171	0.0158	0.0209	0.0074	0.0103	0.0106	0.0182	0.0119	0.0019	0.0143	
0.0009	0.0224	0.0065	0.0147	0.0068	0.0001	0.0042	0.0124	0.0005	0.0190	0.0089	0.0076	0.0094	0.0005	0.0127	0.0133	0.0217	0.0074	0.0023	0.0114	0.0050	0.0089	0.0028	0.0196	0.0062	0.0165	0.0083	0.0136	0.0253	0.0181	0.0181	0.0206	0.0067	0.0164	0.0159	0.0077	0.0235	0.0080	0.0062	0.0010	0.0193	0.0070	0.0005	0.0110	0.0141	0.0097	0.0058	0.0179	0.0182	0.0215	0.0145	0.0130	0.0082	0.0124	0.0116	0.0168	0.0214	0.0121	0.0059	0.0127	0.0126	0.0174	0.0161	0.0040	0.0005	0.0147	0.0005	0.0156	0.0059	0.0067	0.0136	0.0132	0.0013	0.0009	0.0181	0.0211	0.0085	0.0184	0.0051	0.0222	0.0128	0.0133	0.0200	0.0006	0.0079	0.0050	0.0122	0.0207	0.0043	0.0026	
0.0099	0.0105	0.0021	0.0206	0.0091	0.0018	0.0130	0.0168	0.0104	0.0013	0.0080	0.0109	0.0117	0.0091	0.0067	0.0225	0.0114	0.0062	0.0226	0.0104	0.0071	0.0047	0.0057	0.0073	0.0217	0.0006	0.0183	0.0152	0.0225	0.0171	0.0012	0.0060	0.0110	0.0032	0.0181	0.0019	0.0101	0.0074	0.0151	0.0161	0.0073	0.0120	0.0047	0.0036	0.0096	0.0008	0.0016	0.0076	0.0159	0.0077	0.0177	0.0054	0.0234	0.0145	0.0195	0.0042	0.0055	0.0169	0.0178	0.0092	0.0033	0.0241	0.0224	0.0129	0.0001	0.0031	0.0239	0.0083	0.0110	0.0048	0.0117	0.0043	0.0121	0.0026	0.0045	0.0168	0.0220	0.0019	0.0187	0.0201	0.0216	0.0121	0.0223	0.0099	0.0031	0.0192	0.0067	0.0224	0.0073	0.0165	
0.0191	0.0135	0.0104	0.0064	0.0103	0.0064	0.0107	0.0114	0.0038	0.0079	0.0014	0.0141	0.0184	0.0088	0.0154	0.0111	0.0134	0.0175	0.0130	0.0001	0.0039	0.0036	0.0204	0.0174	0.0087	0.0123	0.0010	0.0107	0.0118	0.0041	0.0164	0.0025	0.0010	0.0150	0.0077	0.0209	0.0136	0.0083	0.0142	0.0199	0.0057	0.0084	0.0176	0.0099	0.0157	0.0055	0.0136	0.0098	0.0142	0.0126	0.0041	0.0096	0.0087	0.0065	0.0135	0.0137	0.0158	0.0144	0.0173	0.0196	0.0045	0.0017	0.0033	0.0190	0.0124	0.0224	0.0148	0.0043	0.0225	0.0001	0.0188	0.0051	0.0036	0.0117	0.0148	0.0154	0.0060	0.0106	0.0197	0.0026	0.0204	0.0114	0.0184	0.0152	0.0008	0.0071	0.0143	0.0179	0.0022	0.0166	
0.0014	0.0164	0.0104	0.0197	0.0113	0.0033	0.0043	0.0162	0.0225	0.0201	0.0111	0.0087	0.0101	0.0127	0.0133	0.0193	0.0059	0.0170	0.0179	0.0128	0.0073	0.0067	0.0149	0.0137	0.0191	0.0137	0.0044	0.0067	0.0249	0.0044	0.0040	0.0180	0.0022	0.0031	0.0139	0.0249	0.0139	0.0094	0.0224	0.0120	0.0124	0.0075	0.0086	0.0014	0.0079	0.0095	0.0199	0.0026	0.0017	0.0017	0.0004	0.0171	0.0028	0.0060	0.0113	0.0134	0.0036	0.0154	0.0150	0.0197	0.0140	0.0218	0.0004	0.0140	0.0146	0.0181	0.0078	0.0078	0.0173	0.0106	0.0056	0.0187	0.0139	0.0003	0.0037	0.0173	0.0180	0.0182	0.0041	0.0051	0.0139	0.0023	0.0051	0.0131	0.0046	0.0060	0.0137	0.0199	0.0133	0.0048	
0.0200	0.0176	0.0137	0.0014	0.0146	0.0145	0.0073	0.0153	0.0101	0.0187	0.0053	0.0142	0.0103	0.0065	0.0179	0.0047	0.0030	0.0025	0.0037	0.0102	0.0180	0.0123	0.0158	0.0122	0.0040	0.0183	0.0144	0.0048	0.0139	0.0098	0.0212	0.0126	0.0175	0.0106	0.0006	0.0128	0.0046	0.0185	0.0094	0.0136	0.0164	0.0055	0.0054	0.0098	0.0014	0.0030	0.0154	0.0199	0.0239	0.0006	0.0031	0.0154	0.0171	0.0037	0.0137	0.0047	0.0034	0.0024	0.0197	0.0206	0.0188	0.0035	0.0056	0.0214	0.0199	0.0189	0.0230	0.0005	0.0066	0.0065	0.0001	0.0085	0.0153	0.0131	0.0182	0.0111	0.0076	0.0053	0.0102	0.0006	0.0036	0.0181	0.0051	0.0094	0.0077	0.0063	0.0191	0.0154	0.0208	0.0186	
0.0081	0.0020	0.0177	0.0142	0.0163	0.0126	0.0221	0.0061	0.0151	0.0080	0.0063	0.0141	0.0178	0.0156	0.0005	0.0200	0.0236	0.0020	0.0082	0.0003	0.0204	0.0243	0.0176	0.0188	0.0142	0.0047	0.0217	0.0200	0.0151	0.0126	0.0196	0.0073	0.0023	0.0104	0.0008	0.0235	0.0102	0.0056	0.0226	0.0079	0.0130	0.0012	0.0113	0.0027	0.0176	0.0136	0.0014	0.0138	0.0104	0.0134	0.0076	0.0186	0.0055	0.0203	0.0235	0.0093	0.0107	0.0017	0.0250	0.0093	0.0131	0.0052	0.0154	0.0017	0.0133	0.0227	0.0122	0.0056	0.0128	0.0023	0.0084	0.0166	0.0024	0.0009	0.0122	0.0196	0.0106	0.0135	0.0022	0.0042	0.0040	0.0078	0.0083	0.0021	0.0073	0.0006	0.0018	0.0057	0.0095	0.0171	
0.0118	0.0064	0.0078	0.0163	0.0107	0.0057	0.0076	0.0073	0.0142	0.0194	0.0003	0.0169	0.0154	0.0063	0.0030	0.0111	0.0144	0.0039	0.0151	0.0022	0.0204	0.0126	0.0196	0.0154	0.0049	0.0044	0.0125	0.0125	0.0241	0.0095	0.0168	0.0054	0.0194	0.0193	0.0071	0.0272	0.0078	0.0107	0.0088	0.0036	0.0094	0.0217	0.0187	0.0049	0.0018	0.0053	0.0076	0.0000	0.0193	0.0125	0.0081	0.0148	0.0205	0.0053	0.0185	0.0122	0.0073	0.0103	0.0051	0.0105	0.0057	0.0212	0.0155	0.0016	0.0196	0.0204	0.0260	0.0007	0.0216	0.0021	0.0042	0.0035	0.0143	0.0048	0.0112	0.0146	0.0176	0.0213	0.0108	0.0108	0.0147	0.0222	0.0150	0.0003	0.0031	0.0006	0.0070	0.0143	0.0039	0.0000	
0.0131	0.0140	0.0031	0.0202	0.0171	0.0124	0.0067	0.0180	0.0104	0.0083	0.0080	0.0079	0.0063	0.0160	0.0112	0.0046	0.0009	0.0122	0.0132	0.0171	0.0150	0.0170	0.0031	0.0110	0.0135	0.0111	0.0041	0.0149	0.0204	0.0169	0.0056	0.0109	0.0167	0.0157	0.0123	0.0122	0.0214	0.0001	0.0106	0.0034	0.0136	0.0002	0.0026	0.0039	0.0095	0.0094	0.0135	0.0198	0.0097	0.0207	0.0237	0.0186	0.0200	0.0075	0.0066	0.0185	0.0114	0.0146	0.0041	0.0042	0.0076	0.0146	0.0209	0.0133	0.0030	0.0190	0.0114	0.0112	0.0027	0.0006	0.0048	0.0007	0.0017	0.0089	0.0044	0.0148	0.0143	0.0219	0.0015	0.0060	0.0209	0.0056	0.0045	0.0206	0.0183	0.0079	0.0128	0.0114	0.0083	0.0176	
0.0005	0.0070	0.0163	0.0078	0.0162	0.0191	0.0009	0.0091	0.0008	0.0122	0.0177	0.0007	0.0166	0.0089	0.0142	0.0207	0.0169	0.0103	0.0043	0.0117	0.0034	0.0114	0.0124	0.0186	0.0051	0.0020	0.0092	0.0217	0.0201	0.0151	0.0063	0.0008	0.0029	0.0074	0.0002	0.0216	0.0042	0.0167	0.0151	0.0058	0.0144	0.0041	0.0193	0.0099	0.0068	0.0185	0.0109	0.0156	0.0058	0.0181	0.0134	0.0027	0.0076	0.0165	0.0148	0.0100	0.0163	0.0194	0.0014	0.0151	0.0088	0.0016	0.0139	0.0056	0.0057	0.0200	0.0209	0.0092	0.0092	0.0148	0.0160	0.0004	0.0148	0.0186	0.0199	0.0196	0.0129	0.0012	0.0117	0.0064	0.0127	0.0145	0.0160	0.0175	0.0041	0.0038	0.0143	0.0081	0.0142	0.0111	
0.0020	0.0058	0.0138	0.0268	0.0173	0.0123	0.0112	0.0125	0.0057	0.0114	0.0006	0.0009	0.0081	0.0091	0.0027	0.0128	0.0080	0.0090	0.0240	0.0130	0.0190	0.0149	0.0086	0.0167	0.0013	0.0162	0.0068	0.0175	0.0022	0.0019	0.0033	0.0123	0.0163	0.0199	0.0132	0.0122	0.0069	0.0184	0.0029	0.0091	0.0101	0.0227	0.0160	0.0018	0.0055	0.0115	0.0068	0.0058	0.0176	0.0135	0.0212	0.0058	0.0117	0.0005	0.0168	0.0079	0.0205	0.0213	0.0208	0.0228	0.0038	0.0198	0.0133	0.0031	0.0080	0.0117	0.0070	0.0103	0.0154	0.0113	0.0059	0.0122	0.0055	0.0100	0.0049	0.0174	0.0211	0.0075	0.0095	0.0106	0.0103	0.0015	0.0225	0.0086	0.0061	0.0214	0.0016	0.0193	0.0035	0.0093	
0.0133	0.0073	0.0146	0.0031	0.0047	0.0137	0.0082	0.0130	0.0157	0.0163	0.0060	0.0162	0.0165	0.0029	0.0072	0.0069	0.0230	0.0001	0.0166	0.0185	0.0086	0.0163	0.0135	0.0087	0.0095	0.0028	0.0202	0.0031	0.0190	0.0092	0.0091	0.0134	0.0059	0.0052	0.0025	0.0224	0.0151	0.0045	0.0065	0.0163	0.0111	0.0071	0.0102	0.0184	0.0050	0.0178	0.0109	0.0196	0.0015	0.0243	0.0244	0.0017	0.0218	0.0076	0.0008	0.0230	0.0198	0.0124	0.0194	0.0005	0.0150	0.0060	0.0166	0.0056	0.0096	0.0149	0.0098	0.0078	0.0002	0.0097	0.0133	0.0161	0.0122	0.0030	0.0085	0.0021	0.0029	0.0185	0.0044	0.0248	0.0171	0.0016	0.0014	0.0200	0.0129	0.0067	0.0148	0.0232	0.0034	0.0049	
0.0029	0.0053	0.0130	0.0075	0.0182	0.0045	0.0120	0.0046	0.0064	0.0125	0.0047	0.0002	0.0159	0.0138	0.0078	0.0023	0.0087	0.0182	0.0005	0.0186	0.0185	0.0183	0.0050	0.0185	0.0072	0.0138	0.0040	0.0208	0.0203	0.0017	0.0024	0.0100	0.0056	0.0184	0.0056	0.0094	0.0050	0.0094	0.0058	0.0030	0.0130	0.0208	0.0124	0.0142	0.0112	0.0135	0.0063	0.0084	0.0119	0.0095	0.0238	0.0166	0.0244	0.0051	0.0100	0.0034	0.0006	0.0155	0.0184	0.0071	0.0183	0.0171	0.0119	0.0043	0.0094	0.0204	0.0196	0.0222	0.0084	0.0004	0.0210	0.0233	0.0116	0.0195	0.0080	0.0179	0.0088	0.0148	0.0042	0.0112	0.0072	0.0195	0.0082	0.0053	0.0029	0.0075	0.0095	0.0276	0.0096	0.0036	
0.0085	0.0086	0.0086	0.0260	0.0032	0.0185	0.0086	0.0079	0.0083	0.0187	0.0189	0.0070	0.0031	0.0113	0.0114	0.0234	0.0057	0.0021	0.0239	0.0104	0.0175	0.0117	0.0150	0.0082	0.0215	0.0044	0.0071	0.0054	0.0015	0.0018	0.0065	0.0180	0.0119	0.0030	0.0133	0.0131	0.0120	0.0150	0.0181	0.0133	0.0117	0.0000	0.0033	0.0083	0.0135	0.0004	0.0154	0.0178	0.0162	0.0031	0.0011	0.0085	0.0036	0.0190	0.0105	0.0186	0.0177	0.0014	0.0229	0.0223	0.0096	0.0047	0.0078	0.0053	0.0122	0.0036	0.0189	0.0002	0.0192	0.0016	0.0106	0.0142	0.0065	0.0064	0.0006	0.0160	0.0085	0.0062	0.0155	0.0212	0.0127	0.0111	0.0128	0.0181	0.0010	0.0221	0.0138	0.0177	0.0148	0.0197	
0.0190	0.0097	0.0144	0.0248	0.0010	0.0063	0.0141	0.0181	0.0230	0.0126	0.0055	0.0151	0.0008	0.0138	0.0140	0.0106	0.0013	0.0210	0.0278	0.0133	0.0103	0.0126	0.0083	0.0218	0.0085	0.0214	0.0137	0.0104	0.0062	0.0129	0.0114	0.0018	0.0068	0.0229	0.0073	0.0001	0.0211	0.0122	0.0065	0.0180	0.0022	0.0121	0.0080	0.0040	0.0138	0.0195	0.0113	0.0188	0.0057	0.0127	0.0217	0.0171	0.0214	0.0007	0.0124	0.0029	0.0028	0.0163	0.0107	0.0011	0.0117	0.0064	0.0163	0.0054	0.0004	0.0052	0.0094	0.0026	0.0055	0.0110	0.0128	0.0135	0.0114	0.0032	0.0126	0.0198	0.0048	0.0042	0.0068	0.0088	0.0117	0.0176	0.0048	0.0117	0.0185	0.0193	0.0059	0.0074	0.0100	0.0059	
0.0190	0.0038	0.0013	0.0047	0.0023	0.0179	0.0161	0.0020	0.0038	0.0099	0.0122	0.0071	0.0156	0.0121	0.0009	0.0068	0.0042	0.0136	0.0094	0.0111	0.0189	0.0218	0.0092	0.0005	0.0099	0.0174	0.0011	0.0016	0.0097	0.0062	0.0192	0.0015	0.0125	0.0202	0.0169	0.0081	0.0095	0.0084	0.0008	0.0163	0.0030	0.0025	0.0190	0.0188	0.0176	0.0040	0.0012	0.0136	0.0119	0.0102	0.0117	0.0130	0.0174	0.0190	0.0076	0.0199	0.0168	0.0010	0.0171	0.0048	0.0162	0.0152	0.0131	0.0169	0.0125	0.0106	0.0143	0.0146	0.0148	0.0139	0.0178	0.0164	0.0117	0.0144	0.0086	0.0169	0.0006	0.0124	0.0038	0.0080	0.0177	0.0082	0.0108	0.0208	0.0170	0.0059	0.0055	0.0161	0.0112	0.0198	
0.0151	0.0086	0.0148	0.0235	0.0193	0.0089	0.0103	0.0016	0.0062	0.0075	0.0100	0.0068	0.0182	0.0202	0.0125	0.0163	0.0001	0.0022	0.0169	0.0112	0.0205	0.0037	0.0200	0.0079	0.0097	0.0079	0.0043	0.0153	0.0020	0.0061	0.0060	0.0208	0.0038	0.0198	0.0013	0.0125	0.0026	0.0179	0.0199	0.0226	0.0073	0.0223	0.0077	0.0166	0.0161	0.0103	0.0131	0.0122	0.0090	0.0022	0.0073	0.0034	0.0051	0.0003	0.0009	0.0095	0.0116	0.0068	0.0087	0.0139	0.0037	0.0216	0.0002	0.0214	0.0009	0.0144	0.0033	0.0224	0.0219	0.0028	0.0135	0.0050	0.0059	0.0124	0.0056	0.0189	0.0181	0.0297	0.0117	0.0171	0.0177	0.0145	0.0060	0.0183	0.0000	0.0027	0.0150	0.0043	0.0187	0.0135	
0.0198	0.0154	0.0065	0.0056	0.0167	0.0090	0.0179	0.0070	0.0173	0.0059	0.0071	0.0111	0.0165	0.0045	0.0088	0.0019	0.0185	0.0123	0.0181	0.0023	0.0120	0.0116	0.0189	0.0105	0.0142	0.0109	0.0109	0.0009	0.0216	0.0173	0.0160	0.0202	0.0030	0.0035	0.0048	0.0190	0.0170	0.0016	0.0173	0.0184	0.0210	0.0093	0.0023	0.0050	0.0089	0.0044	0.0175	0.0006	0.0092	0.0188	0.0060	0.0022	0.0091	0.0131	0.0015	0.0067	0.0199	0.0185	0.0106	0.0038	0.0144	0.0194	0.0094	0.0167	0.0109	0.0091	0.0089	0.0114	0.0192	0.0120	0.0056	0.0158	0.0133	0.0174	0.0031	0.0029	0.0095	0.0140	0.0011	0.0121	0.0161	0.0108	0.0130	0.0006	0.0143	0.0146	0.0110	0.0111	0.0018	0.0202	
0.0201	0.0184	0.0125	0.0172	0.0176	0.0013	0.0195	0.0039	0.0183	0.0013	0.0144	0.0039	0.0018	0.0151	0.0118	0.0098	0.0062	0.0106	0.0174	0.0159	0.0188	0.0068	0.0172	0.0194	0.0090	0.0056	0.0053	0.0094	0.0063	0.0156	0.0172	0.0192	0.0116	0.0206	0.0133	0.0083	0.0037	0.0041	0.0237	0.0020	0.0036	0.0054	0.0166	0.0000	0.0125	0.0102	0.0098	0.0149	0.0085	0.0043	0.0096	0.0016	0.0224	0.0034	0.0031	0.0096	0.0033	0.0127	0.0041	0.0157	0.0122	0.0141	0.0225	0.0203	0.0045	0.0222	0.0165	0.0027	0.0229	0.0048	0.0063	0.0022	0.0092	0.0093	0.0139	0.0110	0.0114	0.0241	0.0035	0.0133	0.0161	0.0106	0.0005	0.0168	0.0082	0.0193	0.0006	0.0095	0.0178	0.0079	
0.0037	0.0095	0.0218	0.0077	0.0064	0.0124	0.0055	0.0170	0.0211	0.0234	0.0177	0.0082	0.0197	0.0012	0.0192	0.0071	0.0136	0.0108	0.0149	0.0098	0.0216	0.0070	0.0125	0.0105	0.0218	0.0067	0.0101	0.0245	0.0179	0.0093	0.0178	0.0067	0.0077	0.0103	0.0030	0.0235	0.0031	0.0057	0.0033	0.0042	0.0087	0.0171	0.0218	0.0055	0.0157	0.0083	0.0098	0.0177	0.0010	0.0016	0.0050	0.0115	0.0248	0.0062	0.0141	0.0172	0.0196	0.0100	0.0067	0.0010	0.0004	0.0069	0.0072	0.0087	0.0010	0.0182	0.0013	0.0129	0.0258	0.0018	0.0044	0.0084	0.0068	0.0056	0.0034	0.0036	0.0088	0.0079	0.0125	0.0073	0.0178	0.0157	0.0242	0.0091	0.0053	0.0073	0.0071	0.0295	0.0216	0.0088	
0.0202	0.0130	0.0170	0.0018	0.0038	0.0021	0.0088	0.0128	0.0056	0.0046	0.0089	0.0186	0.0024	0.0208	0.0185	0.0200	0.0052	0.0147	0.0028	0.0077	0.0078	0.0155	0.0227	0.0196	0.0040	0.0088	0.0066	0.0182	0.0032	0.0163	0.0057	0.0013	0.0128	0.0093	0.0046	0.0132	0.0098	0.0059	0.0018	0.0019	0.0170	0.0173	0.0201	0.0083	0.0004	0.0221	0.0112	0.0006	0.0130	0.0080	0.0005	0.0151	0.0188	0.0120	0.0016	0.0055	0.0138	0.0220	0.0223	0.0163	0.0170	0.0134	0.0099	0.0099	0.0217	0.0074	0.0049	0.0138	0.0146	0.0068	0.0091	0.0204	0.0118	0.0010	0.0135	0.0129	0.0156	0.0135	0.0196	0.0061	0.0214	0.0055	0.0044	0.0174	0.0166	0.0117	0.0045	0.0024	0.0071	0.0220	
0.0226	0.0103	0.0065	0.0093	0.0065	0.0028	0.0062	0.0089	0.0084	0.0134	0.0135	0.0161	0.0066	0.0060	0.0166	0.0011	0.0022	0.0169	0.0236	0.0094	0.0111	0.0001	0.0227	0.0120	0.0151	0.0095	0.0082	0.0147	0.0168	0.0074	0.0032	0.0026	0.0058	0.0163	0.0062	0.0216	0.0121	0.0050	0.0162	0.0099	0.0053	0.0046	0.0044	0.0054	0.0099	0.0029	0.0217	0.0181	0.0182	0.0144	0.0109	0.0077	0.0030	0.0165	0.0098	0.0206	0.0111	0.0168	0.0140	0.0170	0.0126	0.0148	0.0158	0.0180	0.0108	0.0130	0.0109	0.0102	0.0189	0.0006	0.0093	0.0182	0.0008	0.0103	0.0053	0.0063	0.0157	0.0175	0.0023	0.0140	0.0111	0.0097	0.0176	0.0003	0.0196	0.0167	0.0199	0.0109	0.0056	0.0077	
0.0083	0.0173	0.0124	0.0256	0.0156	0.0119	0.0089	0.0046	0.0170	0.0200	0.0127	0.0086	0.0203	0.0180	0.0047	0.0132	0.0075	0.0129	0.0156	0.0024	0.0041	0.0164	0.0146	0.0190	0.0049	0.0039	0.0168	0.0175	0.0011	0.0147	0.0129	0.0003	0.0048	0.0126	0.0126	0.0152	0.0045	0.0013	0.0183	0.0155	0.0197	0.0118	0.0192	0.0042	0.0190	0.0026	0.0123	0.0193	0.0166	0.0073	0.0103	0.0077	0.0201	0.0038	0.0041	0.0124	0.0045	0.0156	0.0169	0.0119	0.0128	0.0157	0.0044	0.0004	0.0068	0.0148	0.0039	0.0076	0.0034	0.0113	0.0082	0.0062	0.0142	0.0184	0.0052	0.0133	0.0177	0.0110	0.0194	0.0023	0.0139	0.0190	0.0223	0.0132	0.0069	0.0051	0.0030	0.0014	0.0081	0.0027	
0.0094	0.0097	0.0054	0.0075	0.0226	0.0037	0.0065	0.0179	0.0198	0.0071	0.0183	0.0036	0.0181	0.0027	0.0179	0.0030	0.0130	0.0202	0.0232	0.0101	0.0154	0.0171	0.0183	0.0126	0.0173	0.0150	0.0138	0.0116	0.0164	0.0014	0.0105	0.0025	0.0180	0.0005	0.0045	0.0222	0.0207	0.0109	0.0205	0.0014	0.0072	0.0197	0.0103	0.0129	0.0030	0.0100	0.0022	0.0177	0.0155	0.0040	0.0153	0.0040	0.0026	0.0175	0.0093	0.0134	0.0149	0.0154	0.0101	0.0045	0.0088	0.0187	0.0055	0.0156	0.0186	0.0185	0.0046	0.0150	0.0182	0.0012	0.0033	0.0021	0.0002	0.0175	0.0042	0.0171	0.0056	0.0043	0.0097	0.0092	0.0146	0.0162	0.0179	0.0096	0.0097	0.0066	0.0001	0.0021	0.0115	0.0135	
0.0053	0.0068	0.0021	0.0210	0.0128	0.0110	0.0138	0.0147	0.0196	0.0079	0.0057	0.0073	0.0218	0.0149	0.0007	0.0125	0.0044	0.0057	0.0210	0.0119	0.0083	0.0112	0.0043	0.0232	0.0123	0.0145	0.0008	0.0186	0.0107	0.0120	0.0191	0.0025	0.0042	0.0062	0.0168	0.0234	0.0001	0.0065	0.0078	0.0171	0.0054	0.0141	0.0096	0.0037	0.0029	0.0081	0.0205	0.0030	0.0113	0.0202	0.0028	0.0168	0.0105	0.0009	0.0075	0.0161	0.0030	0.0022	0.0050	0.0231	0.0090	0.0226	0.0077	0.0049	0.0117	0.0043	0.0034	0.0163	0.0206	0.0033	0.0124	0.0231	0.0192	0.0226	0.0078	0.0166	0.0023	0.0295	0.0195	0.0027	0.0177	0.0218	0.0071	0.0092	0.0103	0.0017	0.0152	0.0038	0.0225	0.0040	
0.0192	0.0177	0.0011	0.0116	0.0047	0.0071	0.0052	0.0038	0.0193	0.0248	0.0048	0.0034	0.0073	0.0063	0.0079	0.0046	0.0183	0.0105	0.0255	0.0092	0.0142	0.0025	0.0055	0.0020	0.0039	0.0117	0.0104	0.0210	0.0247	0.0084	0.0098	0.0212	0.0170	0.0138	0.0074	0.0189	0.0197	0.0122	0.0198	0.0001	0.0127	0.0215	0.0066	0.0143	0.0152	0.0111	0.0119	0.0179	0.0010	0.0046	0.0058	0.0055	0.0121	0.0091	0.0160	0.0127	0.0131	0.0179	0.0040	0.0172	0.0128	0.0105	0.0101	0.0065	0.0123	0.0077	0.0114	0.0173	0.0242	0.0111	0.0079	0.0073	0.0126	0.0149	0.0001	0.0131	0.0174	0.0126	0.0049	0.0087	0.0006	0.0147	0.0205	0.0092	0.0041	0.0046	0.0100	0.0090	0.0001	0.0170	
0.0236	0.0174	0.0068	0.0013	0.0049	0.0025	0.0095	0.0002	0.0088	0.0136	0.0044	0.0167	0.0037	0.0052	0.0174	0.0207	0.0127	0.0175	0.0128	0.0169	0.0169	0.0063	0.0164	0.0140	0.0145	0.0036	0.0107	0.0196	0.0027	0.0069	0.0152	0.0022	0.0157	0.0211	0.0147	0.0117	0.0200	0.0134	0.0105	0.0197	0.0045	0.0187	0.0210	0.0111	0.0054	0.0051	0.0091	0.0110	0.0142	0.0046	0.0134	0.0155	0.0209	0.0017	0.0032	0.0134	0.0032	0.0136	0.0083	0.0014	0.0098	0.0148	0.0198	0.0001	0.0192	0.0032	0.0001	0.0049	0.0096	0.0071	0.0005	0.0228	0.0057	0.0118	0.0144	0.0182	0.0064	0.0034	0.0082	0.0074	0.0157	0.0214	0.0054	0.0154	0.0170	0.0234	0.0048	0.0172	0.0166	0.0040	
0.0073	0.0060	0.0060	0.0107	0.0063	0.0139	0.0219	0.0210	0.0188	0.0047	0.0052	0.0043	0.0034	0.0044	0.0045	0.0147	0.0121	0.0069	0.0129	0.0041	0.0082	0.0006	0.0065	0.0274	0.0072	0.0141	0.0070	0.0011	0.0066	0.0225	0.0195	0.0076	0.0122	0.0049	0.0028	0.0210	0.0193	0.0230	0.0071	0.0030	0.0004	0.0081	0.0088	0.0050	0.0027	0.0115	0.0178	0.0008	0.0160	0.0042	0.0128	0.0202	0.0082	0.0127	0.0231	0.0063	0.0231	0.0048	0.0017	0.0181	0.0040	0.0234	0.0210	0.0196	0.0078	0.0269	0.0202	0.0236	0.0006	0.0080	0.0227	0.0138	0.0011	0.0059	0.0037	0.0001	0.0157	0.0010	0.0196	0.0130	0.0173	0.0095	0.0103	0.0005	0.0115	0.0266	0.0005	0.0257	0.0086	0.0202	
0.0172	0.0099	0.0141	0.0120	0.0223	0.0030	0.0108	0.0115	0.0192	0.0041	0.0170	0.0169	0.0005	0.0043	0.0059	0.0210	0.0197	0.0011	0.0087	0.0180	0.0125	0.0221	0.0092	0.0078	0.0177	0.0168	0.0100	0.0170	0.0068	0.0066	0.0188	0.0202	0.0112	0.0022	0.0141	0.0090	0.0147	0.0122	0.0070	0.0009	0.0098	0.0010	0.0013	0.0157	0.0177	0.0210	0.0072	0.0041	0.0148	0.0115	0.0008	0.0203	0.0089	0.0094	0.0068	0.0180	0.0019	0.0108	0.0140	0.0005	0.0129	0.0169	0.0057	0.0111	0.0068	0.0188	0.0045	0.0167	0.0094	0.0179	0.0050	0.0069	0.0123	0.0075	0.0091	0.0119	0.0193	0.0153	0.0109	0.0017	0.0122	0.0053	0.0010	0.0165	0.0067	0.0191	0.0111	0.0035	0.0140	0.0201	
0.0079	0.0057	0.0006	0.0087	0.0086	0.0142	0.0163	0.0093	0.0083	0.0206	0.0144	0.0088	0.0152	0.0180	0.0057	0.0160	0.0059	0.0006	0.0017	0.0156	0.0208	0.0077	0.0210	0.0097	0.0101	0.0078	0.0158	0.0113	0.0078	0.0079	0.0097	0.0012	0.0029	0.0147	0.0118	0.0255	0.0073	0.0090	0.0002	0.0180	0.0188	0.0104	0.0084	0.0143	0.0077	0.0038	0.0148	0.0053	0.0122	0.0138	0.0171	0.0103	0.0025	0.0006	0.0240	0.0225	0.0088	0.0133	0.0207	0.0001	0.0177	0.0073	0.0035	0.0206	0.0108	0.0156	0.0062	0.0008	0.0048	0.0056	0.0082	0.0203	0.0004	0.0067	0.0214	0.0099	0.0213	0.0055	0.0017	0.0062	0.0168	0.0112	0.0225	0.0136	0.0160	0.0230	0.0206	0.0029	0.0138	0.0137	
0.0161	0.0184	0.0129	0.0001	0.0216	0.0123	0.0072	0.0102	0.0057	0.0194	0.0223	0.0152	0.0012	0.0059	0.0065	0.0214	0.0119	0.0214	0.0020	0.0126	0.0004	0.0048	0.0134	0.0147	0.0068	0.0096	0.0086	0.0129	0.0077	0.0125	0.0176	0.0036	0.0097	0.0153	0.0167	0.0182	0.0088	0.0004	0.0124	0.0125	0.0045	0.0143	0.0253	0.0084	0.0085	0.0039	0.0123	0.0174	0.0108	0.0223	0.0139	0.0040	0.0014	0.0030	0.0168	0.0102	0.0060	0.0237	0.0192	0.0127	0.0032	0.0226	0.0042	0.0176	0.0009	0.0218	0.0056	0.0117	0.0140	0.0142	0.0122	0.0122	0.0080	0.0149	0.0091	0.0118	0.0049	0.0045	0.0058	0.0024	0.0238	0.0167	0.0019	0.0085	0.0004	0.0147	0.0022	0.0079	0.0248	0.0083	
0.0094	0.0084	0.0050	0.0266	0.0081	0.0077	0.0078	0.0060	0.0073	0.0125	0.0198	0.0214	0.0050	0.0174	0.0084	0.0010	0.0186	0.0101	0.0191	0.0027	0.0044	0.0021	0.0178	0.0133	0.0112	0.0100	0.0157	0.0192	0.0164	0.0103	0.0154	0.0213	0.0093	0.0040	0.0053	0.0020	0.0040	0.0082	0.0060	0.0002	0.0023	0.0208	0.0171	0.0150	0.0029	0.0210	0.0103	0.0067	0.0212	0.0219	0.0183	0.0136	0.0122	0.0180	0.0033	0.0070	0.0151	0.0152	0.0116	0.0197	0.0120	0.0136	0.0139	0.0163	0.0205	0.0006	0.0121	0.0008	0.0109	0.0068	0.0191	0.0103	0.0035	0.0157	0.0007	0.0066	0.0058	0.0016	0.0107	0.0150	0.0015	0.0090	0.0203	0.0144	0.0179	0.0013	0.0093	0.0158	0.0007	0.0219	
0.0098	0.0120	0.0180	0.0111	0.0094	0.0111	0.0057	0.0004	0.0178	0.0025	0.0087	0.0085	0.0183	0.0130	0.0023	0.0056	0.0100	0.0171	0.0205	0.0176	0.0008	0.0138	0.0027	0.0175	0.0164	0.0035	0.0155	0.0213	0.0003	0.0170	0.0134	0.0199	0.0001	0.0126	0.0197	0.0076	0.0122	0.0173	0.0081	0.0122	0.0007	0.0056	0.0062	0.0087	0.0042	0.0152	0.0152	0.0061	0.0134	0.0122	0.0150	0.0144	0.0194	0.0043	0.0218	0.0181	0.0099	0.0021	0.0162	0.0054	0.0159	0.0085	0.0001	0.0196	0.0115	0.0124	0.0091	0.0052	0.0139	0.0156	0.0153	0.0154	0.0078	0.0066	0.0182	0.0173	0.0071	0.0177	0.0135	0.0021	0.0116	0.0094	0.0074	0.0095	0.0047	0.0219	0.0014	0.0196	0.0128	0.0034	
0.0190	0.0090	0.0020	0.0029	0.0151	0.0132	0.0046	0.0062	0.0187	0.0136	0.0056	0.0079	0.0132	0.0161	0.0159	0.0196	0.0055	0.0104	0.0093	0.0025	0.0097	0.0143	0.0099	0.0111	0.0139	0.0066	0.0008	0.0118	0.0167	0.0108	0.0095	0.0118	0.0121	0.0100	0.0170	0.0053	0.0118	0.0058	0.0123	0.0030	0.0118	0.0208	0.0161	0.0194	0.0150	0.0025	0.0169	0.0102	0.0123	0.0055	0.0154	0.0108	0.0090	0.0093	0.0147	0.0031	0.0000	0.0113	0.0088	0.0081	0.0113	0.0149	0.0122	0.0062	0.0039	0.0154	0.0165	0.0032	0.0177	0.0109	0.0074	0.0204	0.0164	0.0050	0.0115	0.0094	0.0180	0.0113	0.0149	0.0119	0.0110	0.0102	0.0203	0.0087	0.0182	0.0197	0.0032	0.0034	0.0153	0.0160	
0.0059	0.0005	0.0177	0.0055	0.0111	0.0182	0.0082	0.0101	0.0196	0.0018	0.0074	0.0144	0.0148	0.0215	0.0188	0.0159	0.0140	0.0037	0.0266	0.0039	0.0060	0.0110	0.0181	0.0176	0.0192	0.0023	0.0151	0.0030	0.0119	0.0055	0.0123	0.0136	0.0080	0.0014	0.0074	0.0090	0.0026	0.0163	0.0182	0.0167	0.0021	0.0090	0.0154	0.0136	0.0043	0.0187	0.0195	0.0197	0.0126	0.0040	0.0072	0.0001	0.0060	0.0126	0.0134	0.0159	0.0054	0.0010	0.0080	0.0096	0.0022	0.0068	0.0016	0.0111	0.0119	0.0191	0.0068	0.0131	0.0142	0.0099	0.0130	0.0218	0.0079	0.0044	0.0023	0.0181	0.0176	0.0023	0.0132	0.0188	0.0058	0.0174	0.0140	0.0047	0.0220	0.0140	0.0078	0.0202	0.0113	0.0143	
0.0027	0.0015	0.0092	0.0119	0.0127	0.0193	0.0076	0.0038	0.0054	0.0141	0.0132	0.0062	0.0087	0.0237	0.0135	0.0104	0.0159	0.0010	0.0210	0.0133	0.0251	0.0034	0.0117	0.0116	0.0038	0.0085	0.0136	0.0233	0.0203	0.0230	0.0092	0.0123	0.0026	0.0246	0.0082	0.0175	0.0145	0.0019	0.0195	0.0079	0.0159	0.0179	0.0224	0.0029	0.0057	0.0008	0.0095	0.0124	0.0169	0.0127	0.0283	0.0075	0.0087	0.0191	0.0238	0.0235	0.0150	0.0201	0.0042	0.0069	0.0023	0.0154	0.0180	0.0053	0.0022	0.0051	0.0045	0.0122	0.0161	0.0015	0.0239	0.0155	0.0091	0.0051	0.0022	0.0056	0.0065	0.0116	0.0035	0.0018	0.0227	0.0022	0.0057	0.0192	0.0002	0.0014	0.0045	0.0081	0.0037	0.0131	
0.0224	0.0134	0.0203	0.0097	0.0038	0.0016	0.0001	0.0160	0.0018	0.0033	0.0207	0.0219	0.0035	0.0128	0.0164	0.0108	0.0217	0.0020	0.0210	0.0115	0.0162	0.0078	0.0198	0.0026	0.0071	0.0012	0.0068	0.0164	0.0054	0.0008	0.0221	0.0217	0.0082	0.0215	0.0047	0.0081	0.0158	0.0017	0.0009	0.0009	0.0065	0.0138	0.0053	0.0002	0.0044	0.0014	0.0226	0.0152	0.0065	0.0131	0.0034	0.0032	0.0122	0.0150	0.0232	0.0133	0.0179	0.0176	0.0017	0.0028	0.0172	0.0087	0.0121	0.0008	0.0049	0.0255	0.0144	0.0062	0.0082	0.0085	0.0191	0.0212	0.0010	0.0170	0.0057	0.0023	0.0028	0.0219	0.0217	0.0052	0.0030	0.0156	0.0098	0.0143	0.0218	0.0202	0.0099	0.0188	0.0234	0.0154	
0.0128	0.0166	0.0194	0.0241	0.0049	0.0175	0.0013	0.0034	0.0191	0.0045	0.0089	0.0140	0.0065	0.0174	0.0144	0.0062	0.0020	0.0167	0.0117	0.0142	0.0094	0.0175	0.0177	0.0172	0.0216	0.0026	0.0165	0.0185	0.0035	0.0077	0.0113	0.0171	0.0061	0.0139	0.0134	0.0229	0.0178	0.0025	0.0106	0.0068	0.0006	0.0202	0.0199	0.0118	0.0125	0.0081	0.0060	0.0092	0.0183	0.0111	0.0158	0.0124	0.0073	0.0029	0.0054	0.0117	0.0008	0.0028	0.0170	0.0029	0.0159	0.0050	0.0011	0.0082	0.0135	0.0158	0.0092	0.0140	0.0005	0.0128	0.0095	0.0224	0.0055	0.0015	0.0146	0.0091	0.0191	0.0038	0.0024	0.0087	0.0164	0.0093	0.0223	0.0089	0.0146	0.0219	0.0098	0.0035	0.0087	0.0050	
0.0200	0.0137	0.0040	0.0081	0.0065	0.0164	0.0181	0.0112	0.0019	0.0020	0.0017	0.0133	0.0096	0.0201	0.0030	0.0155	0.0078	0.0052	0.0106	0.0134	0.0135	0.0163	0.0007	0.0092	0.0065	0.0115	0.0039	0.0117	0.0187	0.0150	0.0019	0.0049	0.0062	0.0163	0.0004	0.0191	0.0176	0.0209	0.0176	0.0210	0.0139	0.0088	0.0012	0.0006	0.0078	0.0043	0.0187	0.0003	0.0082	0.0187	0.0123	0.0061	0.0187	0.0134	0.0157	0.0199	0.0133	0.0141	0.0006	0.0178	0.0103	0.0086	0.0200	0.0075	0.0224	0.0215	0.0083	0.0162	0.0250	0.0061	0.0207	0.0087	0.0100	0.0081	0.0021	0.0039	0.0176	0.0280	0.0202	0.0008	0.0126	0.0048	0.0034	0.0130	0.0041	0.0196	0.0084	0.0150	0.0020	0.0015	
0.0027	0.0002	0.0204	0.0246	0.0089	0.0060	0.0115	0.0151	0.0012	0.0141	0.0193	0.0038	0.0014	0.0229	0.0009	0.0041	0.0193	0.0093	0.0159	0.0098	0.0024	0.0148	0.0197	0.0230	0.0040	0.0089	0.0044	0.0042	0.0042	0.0046	0.0090	0.0179	0.0153	0.0213	0.0057	0.0242	0.0100	0.0145	0.0000	0.0210	0.0170	0.0035	0.0212	0.0092	0.0030	0.0105	0.0033	0.0036	0.0160	0.0005	0.0254	0.0013	0.0000	0.0138	0.0245	0.0106	0.0050	0.0228	0.0176	0.0236	0.0012	0.0087	0.0132	0.0185	0.0045	0.0037	0.0126	0.0041	0.0172	0.0021	0.0179	0.0046	0.0082	0.0165	0.0172	0.0211	0.0168	0.0106	0.0188	0.0161	0.0059	0.0010	0.0123	0.0030	0.0053	0.0086	0.0169	0.0008	0.0201	0.0195	
0.0167	0.0091	0.0186	0.0005	0.0153	0.0074	0.0126	0.0021	0.0051	0.0240	0.0186	0.0210	0.0089	0.0120	0.0052	0.0175	0.0148	0.0060	0.0249	0.0004	0.0162	0.0151	0.0028	0.0007	0.0161	0.0003	0.0158	0.0095	0.0161	0.0178	0.0080	0.0098	0.0067	0.0188	0.0066	0.0078	0.0074	0.0083	0.0228	0.0090	0.0083	0.0137	0.0037	0.0165	0.0138	0.0058	0.0122	0.0176	0.0193	0.0087	0.0161	0.0096	0.0037	0.0175	0.0028	0.0201	0.0066	0.0160	0.0055	0.0174	0.0090	0.0043	0.0113	0.0083	0.0143	0.0125	0.0160	0.0128	0.0045	0.0162	0.0106	0.0065	0.0068	0.0099	0.0128	0.0022	0.0138	0.0076	0.0062	0.0077	0.0089	0.0219	0.0123	0.0036	0.0036	0.0221	0.0059	0.0107	0.0166	0.0098	
0.0001	0.0109	0.0018	0.0042	0.0213	0.0042	0.0028	0.0170	0.0061	0.0056	0.0136	0.0232	0.0174	0.0219	0.0204	0.0097	0.0033	0.0163	0.0064	0.0001	0.0064	0.0009	0.0138	0.0206	0.0081	0.0129	0.0137	0.0077	0.0059	0.0156	0.0045	0.0061	0.0195	0.0168	0.0187	0.0264	0.0048	0.0047	0.0141	0.0119	0.0245	0.0207	0.0006	0.0015	0.0166	0.0096	0.0040	0.0131	0.0053	0.0174	0.0204	0.0137	0.0048	0.0162	0.0055	0.0237	0.0219	0.0048	0.0190	0.0083	0.0107	0.0209	0.0142	0.0122	0.0008	0.0098	0.0037	0.0014	0.0251	0.0189	0.0048	0.0229	0.0028	0.0170	0.0004	0.0094	0.0003	0.0136	0.0022	0.0209	0.0094	0.0012	0.0020	0.0097	0.0223	0.0148	0.0016	0.0030	0.0108	0.0225	
0.0013	0.0221	0.0086	0.0056	0.0209	0.0037	0.0058	0.0102	0.0009	0.0095	0.0062	0.0024	0.0133	0.0056	0.0120	0.0194	0.0112	0.0102	0.0195	0.0168	0.0222	0.0096	0.0026	0.0202	0.0211	0.0106	0.0155	0.0030	0.0157	0.0099	0.0069	0.0008	0.0132	0.0005	0.0185	0.0053	0.0128	0.0213	0.0195	0.0202	0.0039	0.0124	0.0098	0.0154	0.0132	0.0065	0.0102	0.0179	0.0206	0.0023	0.0024	0.0136	0.0095	0.0149	0.0005	0.0142	0.0198	0.0114	0.0064	0.0110	0.0086	0.0033	0.0205	0.0130	0.0021	0.0063	0.0127	0.0130	0.0080	0.0070	0.0065	0.0132	0.0133	0.0192	0.0138	0.0092	0.0002	0.0108	0.0055	0.0137	0.0008	0.0211	0.0056	0.0107	0.0082	0.0166	0.0139	0.0233	0.0225	0.0071	
0.0069	0.0005	0.0108	0.0075	0.0113	0.0006	0.0135	0.0173	0.0116	0.0071	0.0164	0.0169	0.0124	0.0118	0.0158	0.0121	0.0220	0.0102	0.0011	0.0134	0.0120	0.0114	0.0066	0.0129	0.0075	0.0100	0.0200	0.0081	0.0044	0.0080	0.0130	0.0141	0.0101	0.0000	0.0006	0.0052	0.0195	0.0068	0.0084	0.0141	0.0161	0.0032	0.0150	0.0236	0.0192	0.0043	0.0091	0.0164	0.0143	0.0192	0.0166	0.0027	0.0173	0.0083	0.0149	0.0200	0.0176	0.0259	0.0262	0.0193	0.0026	0.0061	0.0129	0.0039	0.0169	0.0028	0.0054	0.0093	0.0085	0.0129	0.0125	0.0130	0.0016	0.0090	0.0199	0.0100	0.0153	0.0073	0.0157	0.0073	0.0029	0.0036	0.0144	0.0092	0.0154	0.0092	0.0184	0.0038	0.0049	0.0043	
0.0140	0.0208	0.0094	0.0162	0.0098	0.0102	0.0119	0.0122	0.0033	0.0195	0.0184	0.0222	0.0041	0.0027	0.0046	0.0245	0.0009	0.0096	0.0207	0.0056	0.0042	0.0073	0.0043	0.0163	0.0207	0.0217	0.0125	0.0056	0.0164	0.0063	0.0083	0.0021	0.0064	0.0082	0.0012	0.0201	0.0076	0.0136	0.0284	0.0096	0.0243	0.0030	0.0066	0.0019	0.0071	0.0050	0.0003	0.0111	0.0051	0.0151	0.0120	0.0090	0.0176	0.0216	0.0005	0.0034	0.0174	0.0151	0.0145	0.0144	0.0152	0.0086	0.0019	0.0205	0.0088	0.0242	0.0187	0.0210	0.0015	0.0090	0.0178	0.0130	0.0083	0.0042	0.0074	0.0010	0.0020	0.0025	0.0069	0.0097	0.0205	0.0021	0.0004	0.0154	0.0203	0.0280	0.0096	0.0078	0.0079	0.0199	
0.0215	0.0113	0.0158	0.0112	0.0127	0.0129	0.0009	0.0084	0.0175	0.0121	0.0123	0.0033	0.0113	0.0141	0.0002	0.0220	0.0006	0.0099	0.0166	0.0192	0.0013	0.0151	0.0105	0.0042	0.0138	0.0149	0.0058	0.0065	0.0005	0.0079	0.0071	0.0083	0.0111	0.0028	0.0126	0.0038	0.0139	0.0213	0.0139	0.0169	0.0001	0.0149	0.0065	0.0152	0.0181	0.0158	0.0128	0.0074	0.0172	0.0176	0.0222	0.0006	0.0147	0.0069	0.0205	0.0041	0.0021	0.0140	0.0180	0.0188	0.0063	0.0179	0.0090	0.0073	0.0049	0.0057	0.0145	0.0078	0.0219	0.0150	0.0074	0.0014	0.0154	0.0190	0.0206	0.0084	0.0083	0.0182	0.0062	0.0193	0.0038	0.0193	0.0118	0.0034	0.0106	0.0073	0.0159	0.0051	0.0051	0.0102	
0.0014	0.0003	0.0041	0.0219	0.0092	0.0056	0.0053	0.0197	0.0126	0.0162	0.0031	0.0039	0.0085	0.0216	0.0101	0.0210	0.0046	0.0164	0.0108	0.0098	0.0190	0.0083	0.0083	0.0201	0.0144	0.0090	0.0052	0.0061	0.0235	0.0199	0.0109	0.0093	0.0031	0.0124	0.0156	0.0089	0.0209	0.0014	0.0130	0.0181	0.0042	0.0108	0.0042	0.0148	0.0159	0.0002	0.0133	0.0127	0.0161	0.0144	0.0032	0.0012	0.0213	0.0171	0.0171	0.0168	0.0160	0.0079	0.0033	0.0240	0.0196	0.0000	0.0017	0.0134	0.0047	0.0191	0.0009	0.0187	0.0030	0.0032	0.0238	0.0031	0.0038	0.0146	0.0066	0.0078	0.0044	0.0195	0.0024	0.0147	0.0199	0.0154	0.0140	0.0052	0.0188	0.0106	0.0123	0.0095	0.0184	0.0029	
0.0151	0.0103	0.0157	0.0137	0.0164	0.0033	0.0071	0.0107	0.0097	0.0203	0.0184	0.0140	0.0103	0.0108	0.0115	0.0217	0.0182	0.0037	0.0119	0.0062	0.0102	0.0213	0.0052	0.0095	0.0024	0.0062	0.0086	0.0184	0.0189	0.0142	0.0039	0.0147	0.0004	0.0218	0.0097	0.0113	0.0042	0.0141	0.0199	0.0029	0.0214	0.0133	0.0046	0.0023	0.0128	0.0033	0.0044	0.0009	0.0129	0.0165	0.0135	0.0077	0.0192	0.0100	0.0143	0.0141	0.0063	0.0098	0.0100	0.0086	0.0130	0.0122	0.0157	0.0127	0.0175	0.0062	0.0152	0.0087	0.0198	0.0028	0.0161	0.0042	0.0040	0.0072	0.0072	0.0177	0.0156	0.0027	0.0163	0.0216	0.0028	0.0075	0.0046	0.0004	0.0042	0.0174	0.0172	0.0118	0.0065	0.0182	
0.0042	0.0189	0.0050	0.0140	0.0112	0.0103	0.0192	0.0121	0.0066	0.0083	0.0111	0.0162	0.0013	0.0109	0.0003	0.0091	0.0036	0.0106	0.0039	0.0183	0.0207	0.0047	0.0158	0.0098	0.0051	0.0071	0.0082	0.0189	0.0111	0.0002	0.0105	0.0041	0.0023	0.0032	0.0238	0.0002	0.0225	0.0177	0.0220	0.0238	0.0008	0.0051	0.0174	0.0131	0.0117	0.0109	0.0089	0.0191	0.0003	0.0214	0.0178	0.0086	0.0080	0.0136	0.0228	0.0257	0.0049	0.0230	0.0087	0.0018	0.0019	0.0026	0.0014	0.0061	0.0233	0.0071	0.0139	0.0189	0.0092	0.0001	0.0097	0.0097	0.0102	0.0058	0.0186	0.0167	0.0092	0.0028	0.0211	0.0247	0.0242	0.0119	0.0178	0.0155	0.0086	0.0018	0.0208	0.0126	0.0034	0.0002	
0.0207	0.0025	0.0086	0.0253	0.0163	0.0184	0.0030	0.0101	0.0138	0.0038	0.0155	0.0097	0.0063	0.0001	0.0087	0.0046	0.0182	0.0017	0.0273	0.0051	0.0143	0.0013	0.0188	0.0094	0.0022	0.0104	0.0074	0.0093	0.0264	0.0170	0.0105	0.0019	0.0167	0.0101	0.0032	0.0078	0.0006	0.0128	0.0108	0.0180	0.0126	0.0196	0.0130	0.0136	0.0006	0.0104	0.0060	0.0135	0.0050	0.0028	0.0053	0.0152	0.0163	0.0181	0.0098	0.0157	0.0054	0.0189	0.0159	0.0077	0.0095	0.0187	0.0132	0.0149	0.0148	0.0187	0.0178	0.0188	0.0213	0.0022	0.0040	0.0063	0.0120	0.0014	0.0146	0.0150	0.0098	0.0019	0.0089	0.0094	0.0047	0.0156	0.0046	0.0141	0.0135	0.0190	0.0086	0.0230	0.0012	0.0085	
0.0004	0.0013	0.0177	0.0031	0.0060	0.0176	0.0059	0.0191	0.0032	0.0078	0.0187	0.0099	0.0202	0.0017	0.0215	0.0227	0.0030	0.0142	0.0046	0.0131	0.0066	0.0045	0.0130	0.0063	0.0023	0.0195	0.0116	0.0188	0.0020	0.0206	0.0062	0.0186	0.0193	0.0094	0.0025	0.0032	0.0107	0.0119	0.0202	0.0222	0.0121	0.0143	0.0220	0.0019	0.0136	0.0175	0.0182	0.0025	0.0198	0.0139	0.0147	0.0192	0.0184	0.0093	0.0042	0.0183	0.0114	0.0116	0.0004	0.0099	0.0051	0.0123	0.0195	0.0042	0.0010	0.0020	0.0160	0.0116	0.0243	0.0153	0.0121	0.0156	0.0165	0.0052	0.0029	0.0148	0.0060	0.0130	0.0141	0.0056	0.0021	0.0103	0.0240	0.0086	0.0081	0.0108	0.0021	0.0102	0.0052	0.0070	
0.0148	0.0201	0.0105	0.0094	0.0152	0.0005	0.0165	0.0159	0.0012	0.0132	0.0046	0.0059	0.0038	0.0215	0.0028	0.0222	0.0019	0.0110	0.0073	0.0101	0.0123	0.0009	0.0205	0.0166	0.0068	0.0181	0.0110	0.0091	0.0207	0.0136	0.0214	0.0049	0.0065	0.0147	0.0045	0.0140	0.0025	0.0090	0.0128	0.0025	0.0212	0.0121	0.0091	0.0011	0.0012	0.0183	0.0059	0.0209	0.0066	0.0077	0.0075	0.0134	0.0021	0.0158	0.0182	0.0128	0.0006	0.0172	0.0016	0.0190	0.0103	0.0086	0.0204	0.0087	0.0135	0.0001	0.0233	0.0114	0.0173	0.0104	0.0195	0.0158	0.0195	0.0042	0.0120	0.0005	0.0140	0.0203	0.0146	0.0103	0.0122	0.0120	0.0025	0.0103	0.0072	0.0090	0.0027	0.0129	0.0186	0.0144	
0.0137	0.0077	0.0060	0.0184	0.0153	0.0125	0.0128	0.0202	0.0101	0.0010	0.0180	0.0154	0.0051	0.0174	0.0093	0.0153	0.0155	0.0195	0.0046	0.0164	0.0211	0.0042	0.0019	0.0123	0.0054	0.0197	0.0056	0.0103	0.0022	0.0045	0.0196	0.0101	0.0130	0.0028	0.0206	0.0130	0.0080	0.0057	0.0132	0.0246	0.0096	0.0148	0.0079	0.0159	0.0136	0.0202	0.0080	0.0079	0.0003	0.0158	0.0186	0.0049	0.0081	0.0021	0.0163	0.0095	0.0064	0.0192	0.0119	0.0145	0.0062	0.0044	0.0202	0.0048	0.0040	0.0094	0.0009	0.0018	0.0160	0.0192	0.0063	0.0091	0.0057	0.0043	0.0080	0.0071	0.0180	0.0104	0.0201	0.0113	0.0148	0.0179	0.0097	0.0090	0.0116	0.0146	0.0020	0.0141	0.0081	0.0137	
0.0057	0.0116	0.0143	0.0240	0.0136	0.0042	0.0135	0.0026	0.0100	0.0040	0.0143	0.0046	0.0109	0.0013	0.0068	0.0060	0.0185	0.0028	0.0193	0.0068	0.0124	0.0157	0.0167	0.0191	0.0192	0.0072	0.0138	0.0105	0.0171	0.0094	0.0066	0.0091	0.0125	0.0044	0.0114	0.0158	0.0123	0.0070	0.0112	0.0025	0.0124	0.0134	0.0180	0.0146	0.0109	0.0076	0.0073	0.0062	0.0006	0.0043	0.0172	0.0175	0.0182	0.0007	0.0212	0.0089	0.0164	0.0163	0.0204	0.0062	0.0073	0.0054	0.0085	0.0179	0.0182	0.0078	0.0124	0.0064	0.0082	0.0114	0.0138	0.0118	0.0102	0.0121	0.0153	0.0179	0.0170	0.0247	0.0072	0.0110	0.0008	0.0087	0.0097	0.0089	0.0155	0.0084	0.0117	0.0151	0.0046	0.0050	
0.0191	0.0148	0.0061	0.0059	0.0145	0.0065	0.0042	0.0003	0.0203	0.0054	0.0155	0.0002	0.0202	0.0062	0.0096	0.0038	0.0069	0.0038	0.0061	0.0001	0.0119	0.0175	0.0099	0.0078	0.0050	0.0183	0.0148	0.0197	0.0045	0.0084	0.0145	0.0190	0.0017	0.0026	0.0160	0.0222	0.0042	0.0080	0.0207	0.0101	0.0159	0.0182	0.0013	0.0021	0.0132	0.0006	0.0105	0.0029	0.0203	0.0117	0.0012	0.0087	0.0091	0.0046	0.0155	0.0202	0.0067	0.0203	0.0224	0.0149	0.0093	0.0073	0.0169	0.0085	0.0114	0.0205	0.0210	0.0155	0.0082	0.0101	0.0196	0.0201	0.0036	0.0151	0.0054	0.0140	0.0156	0.0083	0.0135	0.0046	0.0104	0.0122	0.0205	0.0105	0.0085	0.0059	0.0102	0.0202	0.0079	0.0187	
0.0141	0.0061	0.0082	0.0075	0.0236	0.0096	0.0004	0.0130	0.0131	0.0179	0.0025	0.0144	0.0187	0.0081	0.0129	0.0026	0.0056	0.0141	0.0239	0.0220	0.0043	0.0241	0.0064	0.0165	0.0035	0.0194	0.0089	0.0059	0.0012	0.0061	0.0095	0.0014	0.0082	0.0112	0.0015	0.0180	0.0125	0.0230	0.0203	0.0219	0.0171	0.0044	0.0165	0.0233	0.0026	0.0212	0.0222	0.0140	0.0229	0.0074	0.0009	0.0206	0.0217	0.0104	0.0181	0.0144	0.0004	0.0173	0.0031	0.0002	0.0003	0.0187	0.0130	0.0061	0.0094	0.0012	0.0057	0.0061	0.0059	0.0198	0.0134	0.0066	0.0148	0.0025	0.0064	0.0001	0.0055	0.0084	0.0141	0.0079	0.0004	0.0170	0.0063	0.0167	0.0058	0.0117	0.0041	0.0239	0.0149	0.0121	
0.0157	0.0183	0.0152	0.0220	0.0191	0.0196	0.0127	0.0092	0.0115	0.0013	0.0124	0.0121	0.0071	0.0012	0.0135	0.0171	0.0035	0.0161	0.0050	0.0150	0.0073	0.0143	0.0007	0.0168	0.0197	0.0042	0.0103	0.0194	0.0010	0.0174	0.0185	0.0066	0.0109	0.0169	0.0044	0.0170	0.0100	0.0199	0.0060	0.0081	0.0085	0.0167	0.0154	0.0131	0.0132	0.0090	0.0108	0.0043	0.0002	0.0110	0.0089	0.0081	0.0169	0.0196	0.0035	0.0001	0.0180	0.0004	0.0210	0.0142	0.0074	0.0181	0.0097	0.0131	0.0042	0.0073	0.0004	0.0108	0.0177	0.0006	0.0061	0.0057	0.0089	0.0169	0.0080	0.0122	0.0193	0.0112	0.0030	0.0134	0.0163	0.0065	0.0181	0.0107	0.0114	0.0104	0.0117	0.0149	0.0120	0.0049	
0.0191	0.0095	0.0004	0.0154	0.0216	0.0119	0.0065	0.0029	0.0086	0.0070	0.0085	0.0192	0.0084	0.0217	0.0045	0.0017	0.0192	0.0192	0.0135	0.0121	0.0026	0.0085	0.0200	0.0061	0.0185	0.0014	0.0004	0.0204	0.0030	0.0145	0.0166	0.0091	0.0180	0.0129	0.0036	0.0192	0.0053	0.0188	0.0193	0.0184	0.0060	0.0161	0.0011	0.0183	0.0035	0.0179	0.0214	0.0179	0.0068	0.0098	0.0138	0.0143	0.0001	0.0011	0.0022	0.0109	0.0123	0.0164	0.0180	0.0198	0.0112	0.0090	0.0001	0.0143	0.0125	0.0211	0.0214	0.0160	0.0170	0.0080	0.0178	0.0009	0.0191	0.0160	0.0066	0.0083	0.0072	0.0011	0.0027	0.0018	0.0029	0.0040	0.0127	0.0144	0.0027	0.0018	0.0090	0.0203	0.0101	0.0150	
0.0064	0.0109	0.0020	0.0006	0.0065	0.0181	0.0149	0.0069	0.0058	0.0039	0.0162	0.0034	0.0003	0.0206	0.0117	0.0124	0.0158	0.0047	0.0191	0.0146	0.0032	0.0116	0.0144	0.0136	0.0152	0.0067	0.0168	0.0075	0.0138	0.0094	0.0124	0.0025	0.0053	0.0028	0.0023	0.0077	0.0204	0.0215	0.0115	0.0104	0.0146	0.0223	0.0159	0.0210	0.0052	0.0211	0.0043	0.0138	0.0015	0.0127	0.0096	0.0041	0.0029	0.0158	0.0127	0.0170	0.0204	0.0103	0.0068	0.0216	0.0005	0.0098	0.0173	0.0153	0.0139	0.0160	0.0206	0.0174	0.0173	0.0057	0.0131	0.0165	0.0125	0.0066	0.0019	0.0035	0.0160	0.0162	0.0085	0.0184	0.0035	0.0035	0.0057	0.0194	0.0021	0.0086	0.0211	0.0125	0.0112	0.0083	
0.0095	0.0100	0.0123	0.0162	0.0094	0.0043	0.0038	0.0001	0.0082	0.0119	0.0017	0.0062	0.0191	0.0165	0.0185	0.0143	0.0106	0.0182	0.0188	0.0074	0.0001	0.0063	0.0005	0.0095	0.0164	0.0166	0.0036	0.0187	0.0176	0.0043	0.0156	0.0083	0.0060	0.0102	0.0178	0.0029	0.0015	0.0030	0.0211	0.0208	0.0226	0.0169	0.0062	0.0177	0.0138	0.0184	0.0079	0.0101	0.0001	0.0100	0.0226	0.0039	0.0200	0.0040	0.0090	0.0021	0.0102	0.0048	0.0199	0.0131	0.0006	0.0094	0.0070	0.0024	0.0185	0.0168	0.0242	0.0079	0.0178	0.0146	0.0119	0.0081	0.0153	0.0168	0.0088	0.0058	0.0208	0.0040	0.0161	0.0201	0.0112	0.0140	0.0188	0.0040	0.0073	0.0126	0.0118	0.0030	0.0014	0.0181	
0.0144	0.0178	0.0060	0.0092	0.0191	0.0121	0.0080	0.0033	0.0008	0.0207	0.0171	0.0187	0.0146	0.0028	0.0163	0.0122	0.0066	0.0206	0.0193	0.0018	0.0024	0.0068	0.0101	0.0175	0.0007	0.0064	0.0114	0.0026	0.0181	0.0058	0.0031	0.0184	0.0060	0.0210	0.0046	0.0167	0.0003	0.0116	0.0212	0.0190	0.0194	0.0176	0.0021	0.0176	0.0003	0.0122	0.0004	0.0136	0.0063	0.0170	0.0056	0.0111	0.0074	0.0194	0.0164	0.0070	0.0093	0.0104	0.0079	0.0113	0.0181	0.0065	0.0084	0.0141	0.0192	0.0008	0.0134	0.0133	0.0185	0.0041	0.0112	0.0161	0.0004	0.0188	0.0047	0.0063	0.0046	0.0155	0.0172	0.0106	0.0070	0.0181	0.0182	0.0191	0.0017	0.0125	0.0109	0.0084	0.0045	0.0201	
0.0056	0.0120	0.0035	0.0116	0.0205	0.0125	0.0083	0.0073	0.0195	0.0200	0.0196	0.0063	0.0180	0.0015	0.0049	0.0103	0.0121	0.0071	0.0164	0.0089	0.0019	0.0182	0.0149	0.0173	0.0034	0.0011	0.0099	0.0095	0.0139	0.0049	0.0108	0.0058	0.0080	0.0207	0.0202	0.0224	0.0124	0.0127	0.0030	0.0154	0.0199	0.0184	0.0125	0.0222	0.0101	0.0001	0.0035	0.0166	0.0156	0.0146	0.0012	0.0037	0.0130	0.0168	0.0184	0.0106	0.0213	0.0084	0.0078	0.0172	0.0018	0.0004	0.0156	0.0135	0.0111	0.0146	0.0180	0.0155	0.0017	0.0061	0.0185	0.0195	0.0036	0.0022	0.0121	0.0055	0.0032	0.0160	0.0077	0.0048	0.0206	0.0136	0.0149	0.0004	0.0044	0.0066	0.0148	0.0149	0.0019	0.0124	
0.0004	0.0061	0.0063	0.0112	0.0142	0.0223	0.0029	0.0227	0.0110	0.0206	0.0034	0.0081	0.0167	0.0112	0.0179	0.0016	0.0257	0.0122	0.0090	0.0143	0.0077	0.0061	0.0265	0.0028	0.0218	0.0088	0.0082	0.0197	0.0146	0.0036	0.0011	0.0057	0.0178	0.0144	0.0064	0.0182	0.0191	0.0222	0.0154	0.0180	0.0037	0.0049	0.0072	0.0158	0.0008	0.0144	0.0019	0.0060	0.0064	0.0037	0.0106	0.0048	0.0096	0.0125	0.0067	0.0210	0.0073	0.0041	0.0134	0.0052	0.0119	0.0113	0.0122	0.0066	0.0203	0.0255	0.0163	0.0028	0.0039	0.0034	0.0090	0.0035	0.0206	0.0156	0.0115	0.0027	0.0247	0.0103	0.0018	0.0072	0.0076	0.0027	0.0125	0.0086	0.0206	0.0228	0.0214	0.0064	0.0076	0.0132	
0.0080	0.0122	0.0064	0.0096	0.0031	0.0158	0.0154	0.0007	0.0202	0.0025	0.0205	0.0206	0.0024	0.0021	0.0160	0.0053	0.0065	0.0158	0.0013	0.0029	0.0182	0.0211	0.0021	0.0049	0.0190	0.0086	0.0199	0.0021	0.0114	0.0184	0.0010	0.0086	0.0161	0.0141	0.0166	0.0192	0.0180	0.0123	0.0114	0.0176	0.0087	0.0210	0.0091	0.0219	0.0060	0.0073	0.0234	0.0080	0.0126	0.0125	0.0141	0.0035	0.0038	0.0036	0.0164	0.0091	0.0105	0.0024	0.0116	0.0166	0.0153	0.0149	0.0126	0.0002	0.0015	0.0139	0.0036	0.0099	0.0062	0.0005	0.0095	0.0166	0.0040	0.0066	0.0171	0.0195	0.0115	0.0032	0.0200	0.0136	0.0095	0.0124	0.0123	0.0190	0.0074	0.0200	0.0048	0.0158	0.0188	0.0096	
0.0076	0.0139	0.0013	0.0219	0.0213	0.0148	0.0071	0.0080	0.0209	0.0151	0.0033	0.0110	0.0019	0.0114	0.0025	0.0182	0.0209	0.0186	0.0115	0.0152	0.0193	0.0071	0.0037	0.0183	0.0062	0.0034	0.0021	0.0151	0.0177	0.0035	0.0082	0.0112	0.0112	0.0193	0.0126	0.0191	0.0149	0.0094	0.0080	0.0008	0.0123	0.0019	0.0047	0.0053	0.0075	0.0181	0.0113	0.0195	0.0172	0.0108	0.0235	0.0074	0.0056	0.0021	0.0134	0.0212	0.0114	0.0038	0.0112	0.0185	0.0107	0.0173	0.0166	0.0140	0.0066	0.0158	0.0234	0.0047	0.0185	0.0066	0.0027	0.0119	0.0087	0.0076	0.0056	0.0156	0.0024	0.0244	0.0101	0.0082	0.0141	0.0024	0.0203	0.0028	0.0054	0.0003	0.0058	0.0118	0.0058	0.0159	
0.0040	0.0087	0.0173	0.0136	0.0065	0.0145	0.0060	0.0084	0.0217	0.0166	0.0147	0.0051	0.0030	0.0069	0.0064	0.0081	0.0170	0.0169	0.0260	0.0117	0.0172	0.0095	0.0134	0.0019	0.0027	0.0091	0.0123	0.0127	0.0123	0.0050	0.0066	0.0089	0.0195	0.0010	0.0028	0.0154	0.0121	0.0184	0.0224	0.0091	0.0095	0.0119	0.0163	0.0114	0.0065	0.0059	0.0167	0.0074	0.0149	0.0139	0.0032	0.0070	0.0141	0.0088	0.0203	0.0105	0.0142	0.0128	0.0060	0.0189	0.0132	0.0166	0.0012	0.0136	0.0079	0.0112	0.0074	0.0026	0.0037	0.0097	0.0167	0.0194	0.0143	0.0069	0.0050	0.0040	0.0135	0.0272	0.0120	0.0103	0.0104	0.0081	0.0177	0.0093	0.0026	0.0217	0.0132	0.0111	0.0027	0.0114	
0.0182	0.0129	0.0103	0.0011	0.0085	0.0127	0.0097	0.0037	0.0092	0.0217	0.0014	0.0160	0.0062	0.0183	0.0004	0.0048	0.0105	0.0052	0.0063	0.0103	0.0169	0.0151	0.0038	0.0133	0.0073	0.0109	0.0141	0.0089	0.0152	0.0078	0.0110	0.0169	0.0204	0.0092	0.0136	0.0019	0.0068	0.0163	0.0202	0.0121	0.0152	0.0106	0.0098	0.0099	0.0099	0.0123	0.0002	0.0137	0.0123	0.0150	0.0086	0.0106	0.0050	0.0084	0.0202	0.0165	0.0099	0.0146	0.0115	0.0194	0.0119	0.0025	0.0137	0.0185	0.0081	0.0046	0.0194	0.0174	0.0245	0.0119	0.0182	0.0154	0.0062	0.0116	0.0158	0.0050	0.0075	0.0150	0.0009	0.0082	0.0105	0.0007	0.0179	0.0102	0.0008	0.0234	0.0111	0.0131	0.0113	0.0020	
0.0111	0.0092	0.0032	0.0215	0.0146	0.0124	0.0174	0.0105	0.0059	0.0103	0.0181	0.0023	0.0163	0.0132	0.0188	0.0149	0.0052	0.0123	0.0138	0.0108	0.0098	0.0006	0.0177	0.0031	0.0069	0.0162	0.0050	0.0218	0.0219	0.0087	0.0098	0.0056	0.0074	0.0180	0.0071	0.0100	0.0117	0.0091	0.0189	0.0071	0.0097	0.0181	0.0047	0.0117	0.0105	0.0086	0.0031	0.0031	0.0143	0.0065	0.0164	0.0014	0.0217	0.0188	0.0141	0.0104	0.0127	0.0003	0.0109	0.0207	0.0056	0.0190	0.0140	0.0176	0.0216	0.0162	0.0172	0.0000	0.0053	0.0093	0.0039	0.0172	0.0151	0.0041	0.0024	0.0114	0.0166	0.0060	0.0111	0.0158	0.0125	0.0025	0.0065	0.0112	0.0147	0.0098	0.0055	0.0081	0.0048	0.0188	
0.0207	0.0116	0.0182	0.0223	0.0003	0.0135	0.0050	0.0083	0.0159	0.0220	0.0144	0.0036	0.0207	0.0035	0.0032	0.0223	0.0070	0.0179	0.0257	0.0007	0.0164	0.0078	0.0112	0.0181	0.0086	0.0048	0.0115	0.0011	0.0042	0.0116	0.0092	0.0103	0.0187	0.0064	0.0134	0.0176	0.0244	0.0231	0.0050	0.0132	0.0097	0.0098	0.0129	0.0157	0.0036	0.0100	0.0038	0.0031	0.0103	0.0173	0.0039	0.0113	0.0119	0.0042	0.0067	0.0110	0.0013	0.0017	0.0098	0.0193	0.0004	0.0045	0.0059	0.0032	0.0116	0.0065	0.0097	0.0154	0.0117	0.0092	0.0228	0.0078	0.0122	0.0075	0.0138	0.0061	0.0188	0.0216	0.0127	0.0192	0.0011	0.0103	0.0152	0.0080	0.0087	0.0229	0.0207	0.0162	0.0001	0.0059	
0.0132	0.0174	0.0090	0.0092	0.0106	0.0041	0.0031	0.0082	0.0053	0.0186	0.0017	0.0095	0.0143	0.0191	0.0152	0.0171	0.0189	0.0028	0.0128	0.0182	0.0132	0.0060	0.0109	0.0106	0.0146	0.0112	0.0106	0.0181	0.0170	0.0104	0.0053	0.0161	0.0125	0.0036	0.0156	0.0007	0.0163	0.0039	0.0168	0.0090	0.0024	0.0071	0.0093	0.0125	0.0149	0.0109	0.0147	0.0125	0.0109	0.0105	0.0211	0.0160	0.0005	0.0004	0.0129	0.0063	0.0077	0.0194	0.0136	0.0191	0.0114	0.0065	0.0135	0.0130	0.0136	0.0061	0.0172	0.0100	0.0017	0.0137	0.0002	0.0152	0.0057	0.0024	0.0171	0.0059	0.0161	0.0199	0.0144	0.0039	0.0178	0.0176	0.0066	0.0043	0.0123	0.0089	0.0150	0.0146	0.0105	0.0111	
0.0152	0.0210	0.0096	0.0228	0.0238	0.0196	0.0147	0.0171	0.0199	0.0106	0.0171	0.0036	0.0155	0.0181	0.0105	0.0051	0.0128	0.0187	0.0031	0.0075	0.0108	0.0141	0.0056	0.0093	0.0005	0.0148	0.0238	0.0114	0.0017	0.0048	0.0120	0.0039	0.0170	0.0127	0.0042	0.0034	0.0044	0.0112	0.0073	0.0014	0.0150	0.0004	0.0176	0.0074	0.0109	0.0202	0.0092	0.0153	0.0162	0.0110	0.0257	0.0209	0.0114	0.0058	0.0016	0.0032	0.0173	0.0035	0.0303	0.0014	0.0187	0.0052	0.0162	0.0144	0.0001	0.0120	0.0044	0.0008	0.0100	0.0095	0.0002	0.0016	0.0101	0.0022	0.0180	0.0118	0.0158	0.0199	0.0001	0.0104	0.0095	0.0073	0.0175	0.0163	0.0076	0.0128	0.0172	0.0165	0.0083	0.0013	
0.0119	0.0018	0.0113	0.0079	0.0054	0.0088	0.0064	0.0026	0.0054	0.0198	0.0104	0.0067	0.0004	0.0073	0.0079	0.0200	0.0079	0.0087	0.0161	0.0123	0.0111	0.0150	0.0026	0.0125	0.0146	0.0087	0.0102	0.0013	0.0113	0.0079	0.0206	0.0113	0.0126	0.0121	0.0173	0.0241	0.0119	0.0062	0.0212	0.0069	0.0042	0.0120	0.0151	0.0038	0.0163	0.0016	0.0091	0.0087	0.0060	0.0108	0.0078	0.0058	0.0031	0.0180	0.0139	0.0189	0.0221	0.0004	0.0146	0.0195	0.0170	0.0060	0.0165	0.0181	0.0225	0.0005	0.0174	0.0104	0.0099	0.0090	0.0076	0.0016	0.0098	0.0065	0.0092	0.0207	0.0223	0.0256	0.0163	0.0138	0.0005	0.0021	0.0192	0.0196	0.0019	0.0159	0.0078	0.0195	0.0200	0.0028	
0.0198	0.0106	0.0136	0.0011	0.0083	0.0199	0.0172	0.0182	0.0054	0.0167	0.0075	0.0187	0.0207	0.0167	0.0032	0.0048	0.0164	0.0171	0.0094	0.0127	0.0169	0.0008	0.0055	0.0001	0.0163	0.0167	0.0095	0.0161	0.0163	0.0051	0.0135	0.0208	0.0116	0.0060	0.0109	0.0174	0.0091	0.0100	0.0194	0.0105	0.0035	0.0021	0.0138	0.0221	0.0050	0.0027	0.0021	0.0001	0.0168	0.0183	0.0201	0.0114	0.0062	0.0074	0.0066	0.0203	0.0051	0.0136	0.0054	0.0126	0.0097	0.0015	0.0021	0.0004	0.0026	0.0080	0.0072	0.0147	0.0055	0.0068	0.0171	0.0061	0.0190	0.0196	0.0092	0.0150	0.0078	0.0055	0.0158	0.0146	0.0148	0.0096	0.0200	0.0197	0.0072	0.0022	0.0145	0.0042	0.0205	0.0131	
0.0131	0.0163	0.0035	0.0073	0.0006	0.0019	0.0000	0.0125	0.0171	0.0169	0.0155	0.0076	0.0171	0.0104	0.0010	0.0136	0.0138	0.0068	0.0188	0.0126	0.0112	0.0219	0.0210	0.0114	0.0162	0.0002	0.0027	0.0040	0.0139	0.0002	0.0144	0.0034	0.0128	0.0139	0.0148	0.0007	0.0018	0.0132	0.0186	0.0079	0.0152	0.0152	0.0072	0.0222	0.0186	0.0070	0.0161	0.0100	0.0180	0.0162	0.0114	0.0071	0.0057	0.0073	0.0013	0.0142	0.0197	0.0154	0.0109	0.0002	0.0187	0.0170	0.0201	0.0157	0.0037	0.0123	0.0134	0.0019	0.0138	0.0005	0.0108	0.0007	0.0072	0.0112	0.0201	0.0179	0.0128	0.0202	0.0135	0.0155	0.0066	0.0121	0.0067	0.0196	0.0115	0.0069	0.0194	0.0080	0.0104	0.0022	
0.0037	0.0103	0.0041	0.0278	0.0087	0.0202	0.0163	0.0109	0.0192	0.0066	0.0136	0.0141	0.0158	0.0202	0.0041	0.0109	0.0223	0.0166	0.0150	0.0045	0.0007	0.0198	0.0240	0.0185	0.0168	0.0062	0.0105	0.0005	0.0092	0.0180	0.0170	0.0067	0.0116	0.0162	0.0169	0.0019	0.0206	0.0122	0.0053	0.0003	0.0028	0.0016	0.0052	0.0095	0.0194	0.0150	0.0239	0.0100	0.0184	0.0024	0.0118	0.0046	0.0240	0.0081	0.0018	0.0056	0.0120	0.0089	0.0050	0.0025	0.0072	0.0187	0.0051	0.0209	0.0135	0.0099	0.0023	0.0006	0.0257	0.0025	0.0144	0.0106	0.0093	0.0102	0.0025	0.0210	0.0159	0.0154	0.0195	0.0001	0.0072	0.0010	0.0069	0.0043	0.0095	0.0136	0.0083	0.0045	0.0135	0.0148	
0.0136	0.0095	0.0060	0.0029	0.0141	0.0083	0.0180	0.0064	0.0226	0.0136	0.0125	0.0217	0.0113	0.0136	0.0107	0.0229	0.0165	0.0104	0.0074	0.0021	0.0128	0.0009	0.0125	0.0045	0.0182	0.0069	0.0091	0.0232	0.0140	0.0001	0.0216	0.0208	0.0093	0.0070	0.0114	0.0036	0.0030	0.0082	0.0198	0.0168	0.0024	0.0085	0.0128	0.0054	0.0078	0.0073	0.0123	0.0134	0.0160	0.0083	0.0193	0.0200	0.0226	0.0104	0.0028	0.0110	0.0199	0.0018	0.0070	0.0076	0.0180	0.0218	0.0182	0.0193	0.0139	0.0172	0.0134	0.0047	0.0003	0.0067	0.0195	0.0090	0.0121	0.0118	0.0001	0.0039	0.0100	0.0074	0.0178	0.0090	0.0173	0.0178	0.0072	0.0024	0.0050	0.0007	0.0007	0.0245	0.0040	0.0023	
0.0054	0.0010	0.0013	0.0138	0.0152	0.0050	0.0123	0.0138	0.0170	0.0179	0.0167	0.0072	0.0131	0.0069	0.0110	0.0096	0.0075	0.0086	0.0156	0.0182	0.0007	0.0125	0.0061	0.0205	0.0128	0.0035	0.0109	0.0164	0.0194	0.0127	0.0143	0.0128	0.0008	0.0206	0.0030	0.0223	0.0074	0.0029	0.0201	0.0179	0.0152	0.0186	0.0132	0.0023	0.0117	0.0093	0.0032	0.0194	0.0139	0.0167	0.0178	0.0137	0.0115	0.0055	0.0020	0.0130	0.0165	0.0037	0.0186	0.0148	0.0124	0.0226	0.0243	0.0021	0.0012	0.0066	0.0073	0.0173	0.0039	0.0123	0.0024	0.0050	0.0122	0.0159	0.0060	0.0049	0.0012	0.0044	0.0058	0.0007	0.0003	0.0147	0.0020	0.0170	0.0200	0.0256	0.0027	0.0219	0.0196	0.0125	
0.0009	0.0026	0.0032	0.0044	0.0024	0.0158	0.0171	0.0104	0.0019	0.0089	0.0041	0.0092	0.0184	0.0198	0.0147	0.0117	0.0019	0.0176	0.0291	0.0167	0.0120	0.0134	0.0217	0.0209	0.0141	0.0017	0.0161	0.0028	0.0060	0.0014	0.0025	0.0114	0.0208	0.0123	0.0125	0.0266	0.0011	0.0097	0.0151	0.0131	0.0106	0.0130	0.0015	0.0174	0.0165	0.0124	0.0166	0.0039	0.0038	0.0077	0.0225	0.0084	0.0206	0.0210	0.0025	0.0089	0.0042	0.0045	0.0119	0.0008	0.0177	0.0174	0.0069	0.0002	0.0060	0.0180	0.0126	0.0073	0.0055	0.0126	0.0106	0.0161	0.0027	0.0090	0.0084	0.0200	0.0126	0.0010	0.0023	0.0194	0.0078	0.0145	0.0232	0.0165	0.0038	0.0184	0.0144	0.0252	0.0097	0.0059	
0.0188	0.0153	0.0153	0.0153	0.0127	0.0143	0.0047	0.0011	0.0148	0.0029	0.0023	0.0081	0.0201	0.0088	0.0162	0.0052	0.0053	0.0087	0.0163	0.0024	0.0175	0.0032	0.0024	0.0109	0.0140	0.0059	0.0133	0.0097	0.0213	0.0098	0.0200	0.0113	0.0168	0.0201	0.0158	0.0162	0.0158	0.0116	0.0174	0.0140	0.0155	0.0112	0.0077	0.0170	0.0151	0.0179	0.0136	0.0095	0.0198	0.0174	0.0105	0.0057	0.0079	0.0055	0.0107	0.0127	0.0141	0.0060	0.0190	0.0068	0.0004	0.0188	0.0046	0.0019	0.0030	0.0134	0.0120	0.0010	0.0109	0.0041	0.0096	0.0155	0.0102	0.0186	0.0083	0.0057	0.0150	0.0038	0.0141	0.0134	0.0137	0.0043	0.0113	0.0155	0.0019	0.0161	0.0041	0.0148	0.0089	0.0061	
0.0224	0.0101	0.0150	0.0127	0.0122	0.0194	0.0064	0.0058	0.0202	0.0070	0.0090	0.0133	0.0005	0.0143	0.0092	0.0173	0.0159	0.0089	0.0269	0.0031	0.0201	0.0110	0.0131	0.0042	0.0143	0.0179	0.0057	0.0072	0.0002	0.0098	0.0076	0.0195	0.0144	0.0040	0.0064	0.0261	0.0003	0.0033	0.0087	0.0122	0.0003	0.0113	0.0070	0.0087	0.0048	0.0023	0.0042	0.0163	0.0109	0.0069	0.0002	0.0170	0.0188	0.0063	0.0115	0.0074	0.0195	0.0098	0.0162	0.0188	0.0107	0.0250	0.0068	0.0083	0.0226	0.0152	0.0255	0.0190	0.0077	0.0076	0.0174	0.0131	0.0011	0.0075	0.0029	0.0075	0.0058	0.0038	0.0200	0.0090	0.0131	0.0114	0.0202	0.0130	0.0102	0.0138	0.0029	0.0077	0.0166	0.0011	
0.0023	0.0129	0.0055	0.0144	0.0281	0.0006	0.0046	0.0217	0.0119	0.0152	0.0031	0.0078	0.0158	0.0005	0.0129	0.0126	0.0201	0.0093	0.0037	0.0021	0.0015	0.0214	0.0166	0.0083	0.0040	0.0031	0.0040	0.0166	0.0213	0.0089	0.0105	0.0187	0.0026	0.0058	0.0092	0.0058	0.0062	0.0140	0.0093	0.0034	0.0045	0.0078	0.0131	0.0076	0.0092	0.0076	0.0243	0.0216	0.0018	0.0262	0.0217	0.0184	0.0028	0.0150	0.0242	0.0086	0.0248	0.0281	0.0111	0.0200	0.0204	0.0139	0.0007	0.0029	0.0065	0.0094	0.0050	0.0072	0.0133	0.0092	0.0053	0.0055	0.0001	0.0009	0.0247	0.0195	0.0047	0.0077	0.0001	0.0300	0.0066	0.0072	0.0138	0.0238	0.0163	0.0155	0.0159	0.0127	0.0049	0.0013	
0.0075	0.0071	0.0039	0.0174	0.0058	0.0128	0.0057	0.0091	0.0242	0.0219	0.0012	0.0119	0.0033	0.0160	0.0143	0.0119	0.0168	0.0016	0.0211	0.0046	0.0030	0.0126	0.0224	0.0086	0.0119	0.0104	0.0009	0.0020	0.0129	0.0117	0.0181	0.0159	0.0021	0.0140	0.0013	0.0241	0.0011	0.0090	0.0190	0.0075	0.0116	0.0169	0.0068	0.0014	0.0170	0.0147	0.0048	0.0172	0.0047	0.0032	0.0251	0.0108	0.0194	0.0002	0.0227	0.0166	0.0092	0.0178	0.0016	0.0182	0.0103	0.0048	0.0228	0.0091	0.0029	0.0087	0.0110	0.0113	0.0155	0.0152	0.0103	0.0081	0.0053	0.0088	0.0161	0.0087	0.0059	0.0243	0.0116	0.0182	0.0068	0.0046	0.0211	0.0066	0.0141	0.0071	0.0194	0.0026	0.0145	0.0079	
0.0108	0.0050	0.0067	0.0007	0.0149	0.0059	0.0152	0.0177	0.0224	0.0119	0.0053	0.0146	0.0041	0.0071	0.0141	0.0130	0.0051	0.0080	0.0074	0.0096	0.0097	0.0114	0.0056	0.0052	0.0102	0.0072	0.0061	0.0141	0.0209	0.0169	0.0087	0.0073	0.0186	0.0059	0.0072	0.0050	0.0005	0.0056	0.0157	0.0100	0.0151	0.0082	0.0192	0.0004	0.0106	0.0122	0.0001	0.0104	0.0141	0.0005	0.0013	0.0116	0.0198	0.0038	0.0220	0.0187	0.0202	0.0016	0.0113	0.0093	0.0178	0.0026	0.0019	0.0025	0.0022	0.0225	0.0200	0.0199	0.0230	0.0084	0.0126	0.0229	0.0135	0.0170	0.0166	0.0013	0.0142	0.0064	0.0144	0.0150	0.0070	0.0178	0.0226	0.0147	0.0166	0.0202	0.0100	0.0166	0.0073	0.0105	

Emissions
0.0528	0.4102	0.2410	0.0835	0.2125	
0.1862	0.1029	0.2242	0.3258	0.1610	
0.3386	0.0453	0.2988	0.0719	0.2454	
0.0174	0.4039	0.0103	0.1165	0.4519	
0.0572	0.4097	0.1774	0.3133	0.0424	
0.1578	0.1096	0.2254	0.3172	0.1899	
0.1658	0.1066	0.3251	0.2126	0.1898	
0.3115	0.1746	0.2070	0.1800	0.1269	
0.2019	0.3450	0.0934	0.0164	0.3433	
0.1142	0.0902	0.3556	0.1605	0.2795	
0.3027	0.2395	0.1186	0.1914	0.1479	
0.1871	0.2637	0.3581	0.0809	0.1102	
0.1415	0.4019	0.1399	0.2453	0.0713	
0.1483	0.1953	0.0665	0.2551	0.3348	
0.4151	0.2288	0.2853	0.0425	0.0283	
0.1027	0.1928	0.1233	0.2956	0.2856	
0.0051	0.1395	0.3986	0.2872	0.1695	
0.3204	0.3519	0.0400	0.0288	0.2589	
0.0334	0.2340	0.1379	0.0054	0.5893	
0.2619	0.1691	0.1863	0.2948	0.0879	
0.1465	0.2697	0.2291	0.1189	0.2358	
0.1812	0.4911	0.1095	0.1972	0.0210	
0.0099	0.2120	0.1391	0.3654	0.2736	
0.1084	0.0147	0.4721	0.2268	0.1781	
0.3325	0.2175	0.0614	0.0094	0.3793	
0.2434	0.1167	0.3527	0.1579	0.1293	
0.3101	0.3342	0.1745	0.1733	0.0079	
0.0196	0.1341	0.1711	0.3609	0.3142	
0.0489	0.3005	0.2856	0.0149	0.3501	
0.1987	0.0781	0.2734	0.2052	0.2447	
0.1743	0.2967	0.1152	0.1723	0.2416	
0.1162	0.2727	0.2543	0.2413	0.1156	
0.1814	0.0499	0.5835	0.0581	0.1271	
0.0788	0.3495	0.3106	0.1435	0.1175	
0.4295	0.2833	0.0107	0.2370	0.0395	
0.0686	0.3683	0.0410	0.1066	0.4155	
0.0574	0.1315	0.3507	0.2282	0.2322	
0.0475	0.1726	0.2890	0.3221	0.1689	
0.0595	0.1722	0.3007	0.1140	0.3536	
0.0271	0.2722	0.2111	0.2796	0.2100	
0.0988	0.2281	0.2052	0.2194	0.2486	
0.0681	0.3000	0.3096	0.1663	0.1561	
0.3317	0.3199	0.2615	0.0059	0.0809	
0.0137	0.0974	0.2995	0.5353	0.0541	
0.1983	0.2761	0.2641	0.2465	0.0151	
0.1892	0.3110	0.1937	0.3003	0.0058	
0.1553	0.3764	0.0772	0.2211	0.1700	
0.2323	0.2551	0.1319	0.3030	0.0777	
0.1695	0.2456	0.1687	0.1870	0.2291	
0.1329	0.1882	0.1736	0.3631	0.1421	
0.0028	0.1794	0.0375	0.3500	0.4303	
0.2166	0.2750	0.2849	0.1889	0.0346	
0.0695	0.3099	0.2391	0.1280	0.2535	
0.2922	0.2377	0.0691	0.1853	0.2156	
0.0825	0.3112	0.2017	0.0980	0.3066	
0.0386	0.0779	0.1567	0.3619	0.3650	
0.0531	0.2468	0.4317	0.2571	0.0114	
0.0497	0.4220	0.1822	0.3413	0.0048	
0.0443	0.5046	0.0206	0.3965	0.0340	
0.1380	0.2876	0.0480	0.1687	0.3577	
0.3428	0.2090	0.0790	0.2261	0.1431	
0.0879	0.3280	0.2601	0.0570	0.2671	
0.0790	0.0903	0.2458	0.2307	0.3541	
0.2618	0.0679	0.1628	0.1458	0.3616	
0.0076	0.0373	0.2837	0.3746	0.2969	
0.1127	0.2258	0.2363	0.0604	0.3648	
0.0819	0.3717	0.2556	0.0139	0.2768	
0.2793	0.1143	0.1475	0.1016	0.3574	
0.1621	0.0224	0.2023	0.0747	0.5386	
0.3255	0.0345	0.1127	0.3980	0.1293	
0.1150	0.1173	0.2338	0.2348	0.2992	
0.2134	0.3210	0.2015	0.0023	0.2617	
0.4118	0.0778	0.2942	0.1073	0.1089	
0.2060	0.2501	0.3690	0.0898	0.0851	
0.2544	0.2924	0.0538	0.2871	0.1123	
0.2765	0.2508	0.0776	0.2525	0.1426	
0.0744	0.1310	0.2898	0.2925	0.2122	
0.0413	0.1778	0.0501	0.0952	0.6356	
0.2802	0.2076	0.1016	0.1452	0.2654	
0.0785	0.2387	0.0310	0.5440	0.1077	
0.1514	0.1681	0.0272	0.2881	0.3652	
0.2189	0.0494	0.3396	0.0914	0.3007	
0.0464	0.2820	0.3213	0.1805	0.1698	
0.2251	0.1061	0.2767	0.3265	0.0656	
0.0995	0.2183	0.3146	0.2319	0.1356	
0.0712	0.3132	0.3846	0.0114	0.2196	
0.2416	0.2994	0.1521	0.2540	0.0529	
0.0232	0.1459	0.1405	0.1825	0.5079	
0.2592	0.0954	0.2930	0.0783	0.2741	
0.0926	0.2386	0.2769	0.3256	0.0663	
