DataSet 43
Learner: Baum Welch Learner
Log Likelihood: 39208.6790419745

Number of States: 80
Number of Symbols: 5
Threshold: 0.01

Initial Distribution:
0.0006	0.0263	0.0112	0.0019	0.0336	0.0135	0.0340	0.0146	0.0103	0.0051	0.0042	0.0032	0.0077	0.0022	0.0095	0.0123	0.0123	0.0205	0.0049	0.0269	0.0297	0.0078	0.0204	0.0022	0.0092	0.0188	0.0238	0.0005	0.0069	0.0023	0.0209	0.0106	0.0090	0.0113	0.0019	0.0195	0.0057	0.0111	0.0087	0.0080	0.0048	0.0267	0.0263	0.0002	0.0042	0.0062	0.0037	0.0052	0.0256	0.0180	0.0014	0.0205	0.0033	0.0350	0.0235	0.0091	0.0486	0.0048	0.0203	0.0017	0.0130	0.0115	0.0071	0.0056	0.0207	0.0109	0.0302	0.0034	0.0036	0.0185	0.0065	0.0058	0.0028	0.0216	0.0083	0.0016	0.0074	0.0221	0.0207	0.0066	

Transitions:
0.0184	0.0103	0.0081	0.0179	0.0026	0.0062	0.0130	0.0061	0.0079	0.0092	0.0232	0.0178	0.0229	0.0091	0.0204	0.0124	0.0126	0.0189	0.0162	0.0194	0.0079	0.0200	0.0088	0.0011	0.0119	0.0233	0.0104	0.0045	0.0152	0.0238	0.0102	0.0053	0.0135	0.0091	0.0086	0.0001	0.0086	0.0139	0.0020	0.0038	0.0020	0.0123	0.0209	0.0197	0.0230	0.0085	0.0061	0.0207	0.0038	0.0239	0.0165	0.0130	0.0031	0.0217	0.0189	0.0212	0.0031	0.0077	0.0045	0.0044	0.0242	0.0066	0.0162	0.0126	0.0172	0.0138	0.0108	0.0128	0.0014	0.0234	0.0049	0.0268	0.0173	0.0138	0.0186	0.0195	0.0005	0.0154	0.0080	0.0063	
0.0194	0.0123	0.0014	0.0262	0.0040	0.0179	0.0016	0.0153	0.0113	0.0107	0.0169	0.0008	0.0094	0.0324	0.0084	0.0197	0.0266	0.0084	0.0275	0.0028	0.0178	0.0159	0.0161	0.0081	0.0178	0.0165	0.0183	0.0235	0.0087	0.0012	0.0212	0.0198	0.0011	0.0164	0.0083	0.0058	0.0035	0.0230	0.0066	0.0224	0.0150	0.0184	0.0001	0.0176	0.0323	0.0030	0.0136	0.0283	0.0023	0.0209	0.0231	0.0112	0.0139	0.0015	0.0084	0.0022	0.0140	0.0204	0.0034	0.0087	0.0020	0.0136	0.0056	0.0093	0.0106	0.0054	0.0187	0.0099	0.0099	0.0015	0.0152	0.0017	0.0056	0.0000	0.0167	0.0333	0.0161	0.0031	0.0080	0.0108	
0.0257	0.0003	0.0134	0.0119	0.0040	0.0057	0.0021	0.0272	0.0166	0.0110	0.0102	0.0097	0.0204	0.0209	0.0242	0.0019	0.0185	0.0122	0.0263	0.0171	0.0036	0.0102	0.0091	0.0016	0.0050	0.0216	0.0106	0.0163	0.0125	0.0105	0.0106	0.0193	0.0081	0.0145	0.0167	0.0022	0.0222	0.0256	0.0093	0.0113	0.0029	0.0001	0.0170	0.0020	0.0212	0.0058	0.0106	0.0166	0.0033	0.0164	0.0103	0.0036	0.0059	0.0149	0.0089	0.0170	0.0139	0.0137	0.0054	0.0085	0.0226	0.0159	0.0140	0.0079	0.0208	0.0199	0.0030	0.0011	0.0255	0.0210	0.0051	0.0177	0.0049	0.0148	0.0181	0.0048	0.0207	0.0072	0.0110	0.0260	
0.0096	0.0193	0.0095	0.0219	0.0227	0.0059	0.0109	0.0176	0.0075	0.0035	0.0104	0.0079	0.0173	0.0265	0.0155	0.0131	0.0118	0.0075	0.0023	0.0204	0.0022	0.0085	0.0131	0.0090	0.0099	0.0159	0.0253	0.0177	0.0267	0.0052	0.0189	0.0099	0.0021	0.0059	0.0002	0.0249	0.0027	0.0201	0.0087	0.0176	0.0066	0.0092	0.0172	0.0219	0.0110	0.0199	0.0024	0.0060	0.0214	0.0022	0.0184	0.0094	0.0048	0.0106	0.0201	0.0000	0.0069	0.0017	0.0101	0.0077	0.0067	0.0215	0.0169	0.0032	0.0065	0.0006	0.0070	0.0098	0.0223	0.0172	0.0114	0.0161	0.0260	0.0093	0.0170	0.0186	0.0172	0.0169	0.0269	0.0160	
0.0122	0.0166	0.0182	0.0212	0.0109	0.0093	0.0040	0.0143	0.0091	0.0001	0.0109	0.0010	0.0073	0.0258	0.0117	0.0115	0.0190	0.0133	0.0106	0.0070	0.0102	0.0174	0.0058	0.0053	0.0160	0.0003	0.0088	0.0215	0.0191	0.0040	0.0083	0.0171	0.0015	0.0168	0.0172	0.0109	0.0229	0.0189	0.0147	0.0232	0.0194	0.0140	0.0246	0.0199	0.0021	0.0089	0.0083	0.0256	0.0175	0.0034	0.0229	0.0009	0.0029	0.0142	0.0026	0.0210	0.0112	0.0125	0.0054	0.0095	0.0233	0.0076	0.0172	0.0055	0.0144	0.0212	0.0229	0.0122	0.0041	0.0001	0.0122	0.0188	0.0236	0.0133	0.0118	0.0199	0.0165	0.0064	0.0032	0.0048	
0.0154	0.0093	0.0255	0.0172	0.0057	0.0087	0.0168	0.0105	0.0190	0.0001	0.0237	0.0086	0.0141	0.0060	0.0267	0.0123	0.0251	0.0190	0.0074	0.0053	0.0094	0.0239	0.0227	0.0234	0.0156	0.0023	0.0029	0.0133	0.0034	0.0084	0.0016	0.0052	0.0113	0.0012	0.0245	0.0159	0.0095	0.0041	0.0017	0.0092	0.0073	0.0126	0.0200	0.0043	0.0012	0.0036	0.0100	0.0185	0.0164	0.0010	0.0254	0.0012	0.0002	0.0223	0.0197	0.0183	0.0134	0.0035	0.0010	0.0028	0.0058	0.0012	0.0076	0.0113	0.0232	0.0184	0.0281	0.0133	0.0101	0.0123	0.0035	0.0211	0.0170	0.0297	0.0248	0.0217	0.0053	0.0186	0.0247	0.0138	
0.0205	0.0108	0.0258	0.0031	0.0109	0.0003	0.0047	0.0141	0.0069	0.0045	0.0226	0.0054	0.0032	0.0317	0.0042	0.0072	0.0083	0.0091	0.0061	0.0072	0.0038	0.0257	0.0091	0.0053	0.0279	0.0051	0.0104	0.0015	0.0007	0.0263	0.0145	0.0285	0.0083	0.0133	0.0092	0.0211	0.0030	0.0053	0.0006	0.0277	0.0165	0.0135	0.0068	0.0060	0.0124	0.0235	0.0156	0.0209	0.0204	0.0177	0.0177	0.0204	0.0121	0.0132	0.0101	0.0289	0.0017	0.0205	0.0049	0.0052	0.0167	0.0044	0.0118	0.0086	0.0188	0.0014	0.0247	0.0177	0.0167	0.0094	0.0038	0.0020	0.0096	0.0083	0.0209	0.0190	0.0167	0.0033	0.0192	0.0254	
0.0136	0.0152	0.0046	0.0098	0.0063	0.0135	0.0100	0.0208	0.0049	0.0119	0.0166	0.0070	0.0270	0.0233	0.0081	0.0086	0.0017	0.0181	0.0141	0.0074	0.0008	0.0020	0.0019	0.0112	0.0130	0.0130	0.0131	0.0032	0.0218	0.0204	0.0061	0.0241	0.0206	0.0038	0.0146	0.0214	0.0198	0.0025	0.0008	0.0013	0.0134	0.0012	0.0071	0.0029	0.0189	0.0177	0.0020	0.0150	0.0204	0.0089	0.0140	0.0155	0.0146	0.0078	0.0222	0.0133	0.0114	0.0194	0.0186	0.0145	0.0018	0.0113	0.0010	0.0110	0.0038	0.0195	0.0080	0.0209	0.0028	0.0106	0.0105	0.0193	0.0226	0.0117	0.0209	0.0275	0.0192	0.0222	0.0203	0.0181	
0.0121	0.0010	0.0035	0.0121	0.0035	0.0129	0.0073	0.0165	0.0061	0.0062	0.0056	0.0041	0.0076	0.0078	0.0267	0.0034	0.0004	0.0192	0.0253	0.0186	0.0089	0.0073	0.0097	0.0136	0.0247	0.0161	0.0232	0.0041	0.0160	0.0297	0.0180	0.0191	0.0216	0.0018	0.0083	0.0010	0.0061	0.0180	0.0098	0.0179	0.0130	0.0186	0.0140	0.0249	0.0074	0.0068	0.0179	0.0189	0.0117	0.0195	0.0263	0.0227	0.0021	0.0005	0.0096	0.0047	0.0140	0.0176	0.0127	0.0122	0.0170	0.0055	0.0015	0.0065	0.0113	0.0147	0.0069	0.0051	0.0227	0.0245	0.0230	0.0088	0.0130	0.0052	0.0096	0.0177	0.0202	0.0121	0.0075	0.0169	
0.0202	0.0060	0.0152	0.0190	0.0004	0.0183	0.0170	0.0197	0.0176	0.0052	0.0093	0.0126	0.0027	0.0190	0.0014	0.0067	0.0176	0.0071	0.0086	0.0169	0.0203	0.0118	0.0175	0.0138	0.0181	0.0138	0.0118	0.0185	0.0148	0.0190	0.0095	0.0041	0.0090	0.0201	0.0186	0.0096	0.0129	0.0062	0.0060	0.0195	0.0206	0.0090	0.0108	0.0167	0.0143	0.0067	0.0074	0.0146	0.0035	0.0016	0.0213	0.0107	0.0027	0.0134	0.0144	0.0081	0.0125	0.0023	0.0223	0.0111	0.0063	0.0171	0.0051	0.0243	0.0172	0.0039	0.0071	0.0056	0.0032	0.0192	0.0193	0.0132	0.0009	0.0154	0.0183	0.0122	0.0018	0.0266	0.0281	0.0153	
0.0090	0.0202	0.0172	0.0184	0.0192	0.0218	0.0016	0.0213	0.0053	0.0085	0.0213	0.0094	0.0075	0.0254	0.0154	0.0057	0.0057	0.0114	0.0305	0.0085	0.0226	0.0004	0.0130	0.0115	0.0081	0.0100	0.0116	0.0167	0.0275	0.0032	0.0074	0.0181	0.0030	0.0096	0.0027	0.0106	0.0215	0.0173	0.0007	0.0194	0.0030	0.0127	0.0007	0.0240	0.0316	0.0084	0.0061	0.0073	0.0227	0.0142	0.0096	0.0136	0.0002	0.0136	0.0147	0.0096	0.0065	0.0095	0.0081	0.0110	0.0137	0.0168	0.0213	0.0028	0.0006	0.0039	0.0065	0.0226	0.0163	0.0048	0.0072	0.0131	0.0142	0.0037	0.0077	0.0142	0.0277	0.0181	0.0137	0.0260	
0.0035	0.0040	0.0120	0.0101	0.0131	0.0151	0.0102	0.0145	0.0180	0.0189	0.0011	0.0119	0.0085	0.0150	0.0067	0.0129	0.0174	0.0168	0.0218	0.0135	0.0006	0.0094	0.0115	0.0179	0.0058	0.0188	0.0012	0.0260	0.0095	0.0039	0.0073	0.0179	0.0152	0.0062	0.0079	0.0085	0.0182	0.0143	0.0093	0.0064	0.0140	0.0154	0.0212	0.0233	0.0047	0.0143	0.0065	0.0005	0.0163	0.0167	0.0201	0.0015	0.0225	0.0153	0.0228	0.0228	0.0109	0.0228	0.0030	0.0164	0.0152	0.0230	0.0049	0.0147	0.0075	0.0109	0.0153	0.0264	0.0014	0.0191	0.0153	0.0016	0.0153	0.0113	0.0061	0.0086	0.0112	0.0133	0.0140	0.0130	
0.0107	0.0007	0.0000	0.0159	0.0075	0.0058	0.0175	0.0012	0.0094	0.0197	0.0170	0.0017	0.0106	0.0101	0.0154	0.0177	0.0134	0.0054	0.0103	0.0161	0.0167	0.0081	0.0238	0.0242	0.0237	0.0181	0.0132	0.0106	0.0131	0.0190	0.0057	0.0010	0.0044	0.0121	0.0146	0.0175	0.0175	0.0173	0.0105	0.0062	0.0169	0.0168	0.0131	0.0088	0.0068	0.0151	0.0180	0.0047	0.0212	0.0129	0.0193	0.0051	0.0060	0.0200	0.0173	0.0018	0.0017	0.0011	0.0141	0.0133	0.0188	0.0075	0.0130	0.0176	0.0090	0.0152	0.0211	0.0213	0.0187	0.0251	0.0005	0.0209	0.0210	0.0036	0.0006	0.0007	0.0215	0.0157	0.0202	0.0105	
0.0009	0.0077	0.0135	0.0006	0.0257	0.0005	0.0234	0.0063	0.0208	0.0153	0.0149	0.0140	0.0003	0.0209	0.0141	0.0101	0.0064	0.0210	0.0225	0.0147	0.0144	0.0191	0.0100	0.0245	0.0106	0.0221	0.0101	0.0026	0.0213	0.0198	0.0063	0.0115	0.0087	0.0054	0.0161	0.0100	0.0180	0.0146	0.0201	0.0113	0.0193	0.0139	0.0009	0.0069	0.0108	0.0084	0.0258	0.0001	0.0157	0.0167	0.0206	0.0230	0.0177	0.0031	0.0157	0.0051	0.0202	0.0156	0.0129	0.0013	0.0180	0.0177	0.0098	0.0024	0.0052	0.0015	0.0101	0.0189	0.0067	0.0057	0.0192	0.0197	0.0013	0.0133	0.0196	0.0013	0.0226	0.0023	0.0169	0.0042	
0.0001	0.0087	0.0128	0.0077	0.0244	0.0081	0.0204	0.0046	0.0134	0.0100	0.0092	0.0014	0.0249	0.0204	0.0216	0.0040	0.0071	0.0228	0.0014	0.0074	0.0199	0.0021	0.0191	0.0100	0.0217	0.0017	0.0224	0.0066	0.0101	0.0178	0.0098	0.0226	0.0026	0.0095	0.0012	0.0062	0.0035	0.0023	0.0038	0.0232	0.0067	0.0044	0.0059	0.0226	0.0237	0.0168	0.0207	0.0084	0.0152	0.0156	0.0209	0.0200	0.0006	0.0051	0.0052	0.0251	0.0136	0.0039	0.0097	0.0210	0.0116	0.0142	0.0197	0.0230	0.0203	0.0112	0.0241	0.0138	0.0173	0.0164	0.0007	0.0045	0.0208	0.0037	0.0012	0.0188	0.0230	0.0223	0.0159	0.0061	
0.0077	0.0127	0.0145	0.0228	0.0177	0.0122	0.0169	0.0231	0.0046	0.0032	0.0127	0.0196	0.0186	0.0082	0.0128	0.0171	0.0111	0.0071	0.0251	0.0071	0.0144	0.0055	0.0141	0.0001	0.0145	0.0157	0.0014	0.0255	0.0051	0.0143	0.0016	0.0226	0.0125	0.0040	0.0123	0.0206	0.0190	0.0261	0.0015	0.0097	0.0152	0.0018	0.0076	0.0147	0.0009	0.0010	0.0114	0.0163	0.0131	0.0074	0.0082	0.0107	0.0217	0.0042	0.0132	0.0019	0.0183	0.0175	0.0059	0.0043	0.0117	0.0280	0.0153	0.0156	0.0011	0.0192	0.0083	0.0128	0.0157	0.0152	0.0208	0.0084	0.0078	0.0136	0.0197	0.0178	0.0227	0.0008	0.0229	0.0121	
0.0021	0.0098	0.0057	0.0184	0.0045	0.0134	0.0256	0.0079	0.0150	0.0138	0.0184	0.0034	0.0148	0.0184	0.0209	0.0125	0.0087	0.0140	0.0104	0.0064	0.0116	0.0012	0.0196	0.0227	0.0083	0.0197	0.0047	0.0061	0.0079	0.0208	0.0031	0.0184	0.0167	0.0152	0.0033	0.0231	0.0167	0.0198	0.0118	0.0116	0.0153	0.0185	0.0176	0.0036	0.0181	0.0159	0.0183	0.0091	0.0150	0.0047	0.0052	0.0062	0.0116	0.0136	0.0170	0.0009	0.0133	0.0058	0.0087	0.0064	0.0086	0.0133	0.0226	0.0176	0.0076	0.0178	0.0126	0.0208	0.0161	0.0257	0.0205	0.0141	0.0013	0.0001	0.0116	0.0126	0.0064	0.0167	0.0046	0.0184	
0.0060	0.0201	0.0180	0.0072	0.0169	0.0219	0.0087	0.0001	0.0229	0.0023	0.0061	0.0103	0.0120	0.0099	0.0053	0.0039	0.0003	0.0014	0.0238	0.0197	0.0043	0.0209	0.0197	0.0179	0.0105	0.0200	0.0068	0.0181	0.0061	0.0068	0.0225	0.0017	0.0029	0.0167	0.0016	0.0151	0.0241	0.0230	0.0009	0.0146	0.0154	0.0127	0.0019	0.0185	0.0245	0.0112	0.0045	0.0285	0.0191	0.0100	0.0188	0.0049	0.0245	0.0070	0.0165	0.0168	0.0008	0.0013	0.0230	0.0006	0.0161	0.0289	0.0203	0.0169	0.0067	0.0062	0.0076	0.0209	0.0056	0.0162	0.0055	0.0054	0.0009	0.0079	0.0114	0.0231	0.0186	0.0029	0.0239	0.0235	
0.0126	0.0101	0.0141	0.0223	0.0101	0.0116	0.0040	0.0220	0.0039	0.0140	0.0124	0.0177	0.0242	0.0000	0.0223	0.0127	0.0172	0.0071	0.0092	0.0098	0.0026	0.0119	0.0126	0.0045	0.0039	0.0098	0.0045	0.0149	0.0264	0.0263	0.0184	0.0242	0.0021	0.0198	0.0110	0.0031	0.0041	0.0002	0.0033	0.0154	0.0250	0.0100	0.0095	0.0161	0.0038	0.0071	0.0080	0.0008	0.0073	0.0200	0.0233	0.0066	0.0187	0.0090	0.0179	0.0273	0.0156	0.0136	0.0157	0.0028	0.0087	0.0201	0.0201	0.0059	0.0129	0.0148	0.0148	0.0223	0.0095	0.0173	0.0087	0.0125	0.0064	0.0140	0.0128	0.0192	0.0027	0.0214	0.0017	0.0199	
0.0010	0.0035	0.0045	0.0026	0.0210	0.0116	0.0022	0.0193	0.0052	0.0153	0.0048	0.0153	0.0107	0.0328	0.0091	0.0081	0.0150	0.0039	0.0216	0.0105	0.0118	0.0128	0.0135	0.0141	0.0119	0.0079	0.0012	0.0068	0.0279	0.0035	0.0225	0.0283	0.0091	0.0162	0.0027	0.0061	0.0111	0.0242	0.0095	0.0083	0.0140	0.0027	0.0168	0.0242	0.0178	0.0159	0.0072	0.0088	0.0056	0.0054	0.0040	0.0198	0.0042	0.0120	0.0089	0.0189	0.0123	0.0175	0.0158	0.0121	0.0110	0.0266	0.0177	0.0022	0.0167	0.0080	0.0063	0.0170	0.0207	0.0020	0.0208	0.0132	0.0247	0.0123	0.0013	0.0127	0.0207	0.0157	0.0224	0.0170	
0.0267	0.0167	0.0196	0.0241	0.0177	0.0173	0.0110	0.0266	0.0104	0.0132	0.0133	0.0165	0.0069	0.0275	0.0240	0.0136	0.0099	0.0112	0.0017	0.0047	0.0086	0.0198	0.0092	0.0044	0.0107	0.0139	0.0027	0.0252	0.0180	0.0301	0.0202	0.0280	0.0118	0.0157	0.0125	0.0156	0.0194	0.0027	0.0037	0.0222	0.0155	0.0083	0.0012	0.0088	0.0151	0.0210	0.0082	0.0037	0.0110	0.0121	0.0018	0.0049	0.0170	0.0130	0.0083	0.0066	0.0060	0.0224	0.0072	0.0066	0.0168	0.0037	0.0077	0.0104	0.0136	0.0229	0.0037	0.0088	0.0010	0.0044	0.0137	0.0041	0.0138	0.0034	0.0207	0.0008	0.0186	0.0028	0.0154	0.0081	
0.0024	0.0005	0.0015	0.0005	0.0224	0.0127	0.0051	0.0258	0.0161	0.0149	0.0077	0.0044	0.0224	0.0207	0.0043	0.0096	0.0004	0.0119	0.0123	0.0146	0.0177	0.0043	0.0015	0.0109	0.0240	0.0225	0.0215	0.0144	0.0256	0.0089	0.0110	0.0058	0.0253	0.0210	0.0097	0.0208	0.0012	0.0106	0.0190	0.0091	0.0156	0.0052	0.0163	0.0142	0.0286	0.0101	0.0125	0.0233	0.0246	0.0117	0.0003	0.0059	0.0190	0.0030	0.0147	0.0283	0.0200	0.0181	0.0031	0.0009	0.0188	0.0201	0.0018	0.0089	0.0018	0.0025	0.0054	0.0242	0.0078	0.0117	0.0090	0.0160	0.0227	0.0030	0.0014	0.0166	0.0154	0.0141	0.0145	0.0141	
0.0095	0.0015	0.0136	0.0136	0.0076	0.0046	0.0128	0.0235	0.0093	0.0128	0.0187	0.0087	0.0064	0.0199	0.0190	0.0234	0.0046	0.0072	0.0120	0.0192	0.0040	0.0162	0.0119	0.0152	0.0021	0.0098	0.0114	0.0166	0.0022	0.0001	0.0101	0.0123	0.0040	0.0144	0.0179	0.0162	0.0039	0.0169	0.0018	0.0248	0.0156	0.0080	0.0127	0.0229	0.0190	0.0245	0.0111	0.0038	0.0105	0.0042	0.0114	0.0062	0.0017	0.0165	0.0087	0.0222	0.0140	0.0257	0.0096	0.0220	0.0200	0.0255	0.0203	0.0091	0.0019	0.0084	0.0060	0.0173	0.0258	0.0024	0.0201	0.0145	0.0060	0.0156	0.0061	0.0230	0.0036	0.0157	0.0251	0.0036	
0.0234	0.0071	0.0040	0.0237	0.0146	0.0027	0.0098	0.0114	0.0073	0.0258	0.0251	0.0036	0.0051	0.0039	0.0049	0.0153	0.0141	0.0029	0.0205	0.0076	0.0152	0.0186	0.0038	0.0084	0.0096	0.0211	0.0012	0.0123	0.0120	0.0138	0.0145	0.0004	0.0014	0.0059	0.0254	0.0105	0.0176	0.0235	0.0193	0.0232	0.0222	0.0168	0.0070	0.0011	0.0029	0.0144	0.0098	0.0018	0.0087	0.0153	0.0073	0.0002	0.0202	0.0131	0.0095	0.0031	0.0035	0.0213	0.0121	0.0175	0.0016	0.0236	0.0242	0.0200	0.0065	0.0228	0.0029	0.0231	0.0039	0.0213	0.0231	0.0165	0.0091	0.0225	0.0103	0.0242	0.0141	0.0028	0.0064	0.0226	
0.0123	0.0211	0.0040	0.0244	0.0060	0.0159	0.0053	0.0119	0.0218	0.0264	0.0055	0.0177	0.0092	0.0003	0.0247	0.0015	0.0216	0.0124	0.0190	0.0032	0.0092	0.0104	0.0243	0.0150	0.0162	0.0161	0.0161	0.0004	0.0047	0.0133	0.0148	0.0017	0.0162	0.0152	0.0077	0.0022	0.0178	0.0028	0.0155	0.0188	0.0191	0.0140	0.0021	0.0076	0.0176	0.0004	0.0095	0.0097	0.0234	0.0097	0.0052	0.0006	0.0101	0.0021	0.0093	0.0013	0.0016	0.0157	0.0056	0.0150	0.0281	0.0050	0.0075	0.0104	0.0058	0.0036	0.0075	0.0178	0.0189	0.0244	0.0097	0.0178	0.0244	0.0310	0.0100	0.0208	0.0100	0.0172	0.0297	0.0185	
0.0066	0.0061	0.0026	0.0215	0.0062	0.0130	0.0149	0.0126	0.0067	0.0058	0.0222	0.0017	0.0214	0.0265	0.0188	0.0134	0.0091	0.0152	0.0007	0.0091	0.0147	0.0152	0.0144	0.0016	0.0235	0.0125	0.0026	0.0096	0.0184	0.0156	0.0164	0.0116	0.0145	0.0123	0.0077	0.0163	0.0013	0.0116	0.0031	0.0167	0.0111	0.0158	0.0084	0.0123	0.0227	0.0063	0.0196	0.0247	0.0052	0.0192	0.0110	0.0140	0.0138	0.0111	0.0209	0.0164	0.0131	0.0013	0.0186	0.0157	0.0112	0.0076	0.0178	0.0160	0.0104	0.0123	0.0099	0.0060	0.0149	0.0025	0.0126	0.0201	0.0142	0.0082	0.0237	0.0245	0.0076	0.0024	0.0058	0.0173	
0.0183	0.0042	0.0038	0.0301	0.0038	0.0008	0.0202	0.0033	0.0178	0.0201	0.0235	0.0001	0.0175	0.0125	0.0073	0.0044	0.0274	0.0168	0.0283	0.0068	0.0188	0.0155	0.0072	0.0036	0.0065	0.0148	0.0024	0.0078	0.0165	0.0279	0.0085	0.0165	0.0199	0.0032	0.0015	0.0072	0.0035	0.0246	0.0159	0.0136	0.0177	0.0076	0.0131	0.0280	0.0037	0.0131	0.0081	0.0055	0.0015	0.0226	0.0287	0.0148	0.0032	0.0201	0.0231	0.0033	0.0193	0.0006	0.0175	0.0130	0.0252	0.0193	0.0140	0.0178	0.0095	0.0108	0.0047	0.0134	0.0082	0.0267	0.0006	0.0032	0.0029	0.0138	0.0190	0.0148	0.0015	0.0090	0.0004	0.0187	
0.0050	0.0170	0.0039	0.0169	0.0215	0.0147	0.0106	0.0191	0.0061	0.0247	0.0084	0.0021	0.0030	0.0225	0.0128	0.0196	0.0182	0.0160	0.0116	0.0145	0.0061	0.0176	0.0200	0.0017	0.0167	0.0195	0.0123	0.0132	0.0053	0.0091	0.0009	0.0116	0.0002	0.0193	0.0090	0.0005	0.0097	0.0199	0.0178	0.0164	0.0197	0.0053	0.0033	0.0075	0.0160	0.0207	0.0243	0.0036	0.0203	0.0176	0.0173	0.0055	0.0190	0.0060	0.0076	0.0082	0.0008	0.0026	0.0191	0.0018	0.0027	0.0197	0.0142	0.0209	0.0157	0.0173	0.0025	0.0031	0.0120	0.0133	0.0117	0.0207	0.0223	0.0192	0.0178	0.0012	0.0177	0.0125	0.0123	0.0219	
0.0243	0.0092	0.0177	0.0148	0.0160	0.0203	0.0188	0.0192	0.0164	0.0013	0.0276	0.0071	0.0240	0.0214	0.0183	0.0032	0.0180	0.0058	0.0134	0.0191	0.0177	0.0208	0.0162	0.0105	0.0054	0.0221	0.0079	0.0029	0.0156	0.0102	0.0160	0.0145	0.0176	0.0022	0.0061	0.0213	0.0024	0.0045	0.0087	0.0036	0.0036	0.0096	0.0133	0.0145	0.0190	0.0051	0.0035	0.0084	0.0022	0.0193	0.0121	0.0127	0.0018	0.0166	0.0024	0.0005	0.0166	0.0099	0.0079	0.0200	0.0144	0.0183	0.0046	0.0080	0.0088	0.0114	0.0172	0.0205	0.0127	0.0276	0.0010	0.0124	0.0260	0.0096	0.0183	0.0109	0.0098	0.0018	0.0251	0.0007	
0.0160	0.0002	0.0006	0.0210	0.0249	0.0031	0.0145	0.0217	0.0254	0.0060	0.0247	0.0142	0.0194	0.0119	0.0160	0.0126	0.0057	0.0058	0.0024	0.0033	0.0100	0.0081	0.0207	0.0037	0.0129	0.0230	0.0142	0.0153	0.0010	0.0189	0.0158	0.0162	0.0153	0.0066	0.0040	0.0136	0.0137	0.0077	0.0099	0.0074	0.0209	0.0154	0.0171	0.0070	0.0011	0.0079	0.0197	0.0098	0.0183	0.0025	0.0037	0.0022	0.0233	0.0150	0.0111	0.0072	0.0046	0.0209	0.0066	0.0251	0.0159	0.0183	0.0238	0.0076	0.0105	0.0032	0.0050	0.0125	0.0089	0.0049	0.0264	0.0268	0.0192	0.0242	0.0042	0.0170	0.0178	0.0145	0.0032	0.0092	
0.0079	0.0029	0.0021	0.0264	0.0107	0.0125	0.0134	0.0227	0.0160	0.0190	0.0052	0.0127	0.0275	0.0134	0.0185	0.0056	0.0212	0.0090	0.0206	0.0160	0.0020	0.0019	0.0013	0.0113	0.0024	0.0046	0.0060	0.0052	0.0148	0.0213	0.0158	0.0204	0.0153	0.0182	0.0123	0.0096	0.0125	0.0245	0.0172	0.0200	0.0094	0.0064	0.0176	0.0136	0.0277	0.0071	0.0196	0.0120	0.0005	0.0214	0.0238	0.0032	0.0163	0.0043	0.0050	0.0069	0.0014	0.0158	0.0188	0.0066	0.0077	0.0170	0.0076	0.0003	0.0025	0.0124	0.0170	0.0002	0.0172	0.0073	0.0144	0.0149	0.0207	0.0206	0.0125	0.0232	0.0069	0.0108	0.0125	0.0171	
0.0065	0.0207	0.0040	0.0181	0.0205	0.0140	0.0021	0.0163	0.0208	0.0128	0.0090	0.0001	0.0030	0.0103	0.0163	0.0198	0.0287	0.0196	0.0116	0.0104	0.0103	0.0246	0.0160	0.0195	0.0071	0.0043	0.0110	0.0226	0.0210	0.0141	0.0253	0.0160	0.0007	0.0023	0.0045	0.0143	0.0116	0.0243	0.0074	0.0172	0.0114	0.0071	0.0062	0.0116	0.0006	0.0182	0.0214	0.0143	0.0088	0.0231	0.0247	0.0130	0.0038	0.0037	0.0083	0.0086	0.0064	0.0139	0.0088	0.0150	0.0037	0.0092	0.0236	0.0093	0.0101	0.0209	0.0254	0.0000	0.0043	0.0025	0.0091	0.0044	0.0155	0.0239	0.0006	0.0045	0.0220	0.0047	0.0206	0.0183	
0.0104	0.0212	0.0104	0.0247	0.0136	0.0098	0.0095	0.0221	0.0185	0.0228	0.0041	0.0201	0.0113	0.0177	0.0128	0.0027	0.0107	0.0201	0.0244	0.0055	0.0145	0.0171	0.0068	0.0061	0.0108	0.0168	0.0242	0.0099	0.0035	0.0045	0.0132	0.0036	0.0188	0.0158	0.0047	0.0044	0.0191	0.0252	0.0189	0.0013	0.0084	0.0023	0.0051	0.0068	0.0259	0.0085	0.0179	0.0244	0.0055	0.0231	0.0187	0.0188	0.0056	0.0091	0.0224	0.0190	0.0135	0.0054	0.0115	0.0196	0.0107	0.0012	0.0172	0.0145	0.0071	0.0007	0.0035	0.0180	0.0104	0.0083	0.0069	0.0101	0.0037	0.0227	0.0229	0.0151	0.0132	0.0003	0.0084	0.0021	
0.0234	0.0023	0.0030	0.0064	0.0088	0.0152	0.0173	0.0103	0.0177	0.0126	0.0112	0.0118	0.0128	0.0245	0.0156	0.0066	0.0094	0.0122	0.0245	0.0168	0.0040	0.0010	0.0099	0.0214	0.0153	0.0071	0.0160	0.0097	0.0140	0.0105	0.0039	0.0172	0.0183	0.0078	0.0212	0.0078	0.0190	0.0135	0.0048	0.0146	0.0030	0.0154	0.0197	0.0242	0.0251	0.0150	0.0218	0.0093	0.0052	0.0155	0.0052	0.0192	0.0023	0.0091	0.0207	0.0267	0.0119	0.0062	0.0136	0.0025	0.0006	0.0158	0.0196	0.0091	0.0061	0.0208	0.0153	0.0015	0.0185	0.0069	0.0091	0.0168	0.0107	0.0069	0.0188	0.0127	0.0037	0.0114	0.0016	0.0225	
0.0076	0.0084	0.0023	0.0226	0.0037	0.0057	0.0132	0.0107	0.0127	0.0025	0.0163	0.0140	0.0234	0.0015	0.0153	0.0130	0.0213	0.0105	0.0155	0.0223	0.0203	0.0213	0.0116	0.0236	0.0056	0.0090	0.0131	0.0204	0.0180	0.0117	0.0179	0.0042	0.0041	0.0147	0.0204	0.0170	0.0106	0.0011	0.0068	0.0026	0.0070	0.0072	0.0123	0.0190	0.0185	0.0180	0.0239	0.0094	0.0158	0.0055	0.0155	0.0162	0.0226	0.0018	0.0007	0.0101	0.0185	0.0039	0.0153	0.0177	0.0182	0.0202	0.0176	0.0024	0.0072	0.0117	0.0113	0.0060	0.0052	0.0241	0.0024	0.0184	0.0049	0.0124	0.0177	0.0158	0.0104	0.0183	0.0078	0.0129	
0.0117	0.0045	0.0043	0.0140	0.0239	0.0016	0.0068	0.0026	0.0176	0.0139	0.0205	0.0075	0.0117	0.0146	0.0113	0.0153	0.0173	0.0119	0.0111	0.0045	0.0060	0.0197	0.0036	0.0205	0.0032	0.0237	0.0134	0.0130	0.0108	0.0126	0.0279	0.0050	0.0239	0.0035	0.0111	0.0162	0.0164	0.0080	0.0083	0.0086	0.0067	0.0104	0.0173	0.0217	0.0060	0.0224	0.0115	0.0213	0.0024	0.0045	0.0009	0.0255	0.0094	0.0033	0.0073	0.0218	0.0011	0.0125	0.0095	0.0266	0.0170	0.0231	0.0199	0.0058	0.0125	0.0162	0.0129	0.0078	0.0025	0.0250	0.0280	0.0087	0.0040	0.0030	0.0270	0.0240	0.0028	0.0105	0.0153	0.0093	
0.0103	0.0162	0.0084	0.0055	0.0102	0.0000	0.0220	0.0172	0.0213	0.0189	0.0122	0.0026	0.0224	0.0078	0.0185	0.0104	0.0179	0.0096	0.0070	0.0142	0.0070	0.0031	0.0161	0.0064	0.0044	0.0180	0.0201	0.0053	0.0047	0.0114	0.0146	0.0161	0.0235	0.0009	0.0149	0.0211	0.0102	0.0132	0.0202	0.0117	0.0170	0.0152	0.0092	0.0099	0.0090	0.0209	0.0108	0.0213	0.0091	0.0128	0.0039	0.0156	0.0019	0.0197	0.0222	0.0076	0.0028	0.0027	0.0007	0.0159	0.0045	0.0158	0.0129	0.0113	0.0011	0.0189	0.0049	0.0214	0.0178	0.0256	0.0006	0.0049	0.0145	0.0230	0.0224	0.0150	0.0199	0.0057	0.0263	0.0097	
0.0084	0.0234	0.0214	0.0185	0.0073	0.0243	0.0167	0.0010	0.0018	0.0078	0.0175	0.0068	0.0119	0.0041	0.0082	0.0029	0.0051	0.0234	0.0098	0.0127	0.0143	0.0130	0.0027	0.0114	0.0115	0.0250	0.0028	0.0065	0.0003	0.0098	0.0136	0.0231	0.0051	0.0163	0.0093	0.0046	0.0192	0.0227	0.0046	0.0032	0.0052	0.0037	0.0201	0.0118	0.0080	0.0192	0.0208	0.0116	0.0131	0.0213	0.0115	0.0203	0.0219	0.0100	0.0177	0.0212	0.0198	0.0113	0.0062	0.0080	0.0231	0.0093	0.0007	0.0192	0.0163	0.0180	0.0030	0.0201	0.0207	0.0041	0.0097	0.0098	0.0198	0.0071	0.0079	0.0121	0.0206	0.0179	0.0043	0.0210	
0.0062	0.0160	0.0183	0.0072	0.0210	0.0178	0.0018	0.0216	0.0235	0.0148	0.0070	0.0068	0.0165	0.0263	0.0081	0.0214	0.0037	0.0018	0.0216	0.0122	0.0137	0.0234	0.0159	0.0091	0.0110	0.0017	0.0014	0.0173	0.0036	0.0079	0.0013	0.0073	0.0070	0.0116	0.0022	0.0041	0.0135	0.0223	0.0217	0.0247	0.0178	0.0080	0.0208	0.0073	0.0284	0.0014	0.0204	0.0288	0.0223	0.0117	0.0093	0.0161	0.0237	0.0142	0.0038	0.0085	0.0011	0.0121	0.0213	0.0186	0.0178	0.0148	0.0160	0.0170	0.0099	0.0003	0.0004	0.0014	0.0187	0.0038	0.0079	0.0078	0.0080	0.0205	0.0243	0.0078	0.0032	0.0091	0.0125	0.0093	
0.0061	0.0032	0.0147	0.0174	0.0220	0.0093	0.0085	0.0166	0.0085	0.0216	0.0022	0.0027	0.0235	0.0249	0.0077	0.0038	0.0179	0.0032	0.0185	0.0187	0.0008	0.0174	0.0032	0.0193	0.0029	0.0243	0.0090	0.0035	0.0175	0.0237	0.0036	0.0169	0.0222	0.0104	0.0146	0.0135	0.0193	0.0251	0.0188	0.0027	0.0152	0.0066	0.0162	0.0222	0.0014	0.0040	0.0102	0.0091	0.0101	0.0184	0.0144	0.0210	0.0143	0.0131	0.0071	0.0132	0.0004	0.0208	0.0124	0.0203	0.0001	0.0056	0.0229	0.0113	0.0133	0.0094	0.0043	0.0110	0.0078	0.0196	0.0083	0.0163	0.0092	0.0174	0.0055	0.0182	0.0020	0.0045	0.0193	0.0240	
0.0156	0.0009	0.0164	0.0270	0.0075	0.0045	0.0027	0.0093	0.0048	0.0032	0.0132	0.0197	0.0110	0.0253	0.0028	0.0101	0.0091	0.0046	0.0079	0.0147	0.0212	0.0233	0.0003	0.0175	0.0102	0.0231	0.0161	0.0248	0.0110	0.0179	0.0104	0.0224	0.0030	0.0138	0.0087	0.0268	0.0124	0.0009	0.0045	0.0120	0.0074	0.0185	0.0060	0.0057	0.0084	0.0098	0.0085	0.0155	0.0134	0.0222	0.0108	0.0208	0.0236	0.0020	0.0238	0.0179	0.0006	0.0011	0.0138	0.0101	0.0156	0.0054	0.0236	0.0153	0.0135	0.0173	0.0199	0.0209	0.0125	0.0038	0.0237	0.0068	0.0009	0.0230	0.0100	0.0044	0.0205	0.0212	0.0114	0.0003	
0.0141	0.0020	0.0072	0.0185	0.0029	0.0096	0.0120	0.0009	0.0129	0.0154	0.0180	0.0087	0.0139	0.0245	0.0224	0.0022	0.0228	0.0112	0.0148	0.0088	0.0104	0.0123	0.0195	0.0089	0.0235	0.0027	0.0185	0.0033	0.0240	0.0245	0.0211	0.0071	0.0105	0.0089	0.0149	0.0103	0.0145	0.0098	0.0106	0.0033	0.0209	0.0160	0.0023	0.0220	0.0067	0.0086	0.0145	0.0108	0.0146	0.0061	0.0070	0.0018	0.0062	0.0146	0.0117	0.0353	0.0017	0.0268	0.0154	0.0010	0.0137	0.0260	0.0058	0.0145	0.0128	0.0186	0.0141	0.0264	0.0162	0.0081	0.0062	0.0072	0.0063	0.0078	0.0201	0.0240	0.0099	0.0039	0.0037	0.0088	
0.0059	0.0099	0.0044	0.0108	0.0128	0.0171	0.0196	0.0181	0.0018	0.0219	0.0066	0.0144	0.0159	0.0091	0.0109	0.0196	0.0124	0.0060	0.0180	0.0097	0.0109	0.0215	0.0107	0.0104	0.0220	0.0184	0.0167	0.0215	0.0214	0.0178	0.0126	0.0202	0.0159	0.0045	0.0179	0.0037	0.0139	0.0208	0.0070	0.0030	0.0163	0.0001	0.0180	0.0200	0.0016	0.0098	0.0173	0.0208	0.0186	0.0216	0.0055	0.0030	0.0076	0.0129	0.0183	0.0083	0.0008	0.0158	0.0087	0.0142	0.0213	0.0016	0.0183	0.0069	0.0069	0.0103	0.0014	0.0108	0.0121	0.0069	0.0059	0.0136	0.0231	0.0187	0.0178	0.0137	0.0035	0.0120	0.0090	0.0112	
0.0002	0.0001	0.0221	0.0300	0.0102	0.0088	0.0105	0.0021	0.0098	0.0120	0.0030	0.0191	0.0121	0.0189	0.0065	0.0153	0.0040	0.0095	0.0174	0.0119	0.0093	0.0091	0.0082	0.0153	0.0200	0.0164	0.0058	0.0178	0.0305	0.0077	0.0042	0.0144	0.0077	0.0207	0.0149	0.0227	0.0019	0.0243	0.0217	0.0223	0.0260	0.0228	0.0000	0.0016	0.0059	0.0092	0.0052	0.0129	0.0108	0.0034	0.0120	0.0160	0.0258	0.0185	0.0026	0.0210	0.0127	0.0111	0.0074	0.0173	0.0043	0.0319	0.0035	0.0041	0.0055	0.0180	0.0106	0.0120	0.0200	0.0085	0.0137	0.0051	0.0195	0.0157	0.0179	0.0139	0.0098	0.0065	0.0105	0.0081	
0.0079	0.0161	0.0012	0.0166	0.0184	0.0106	0.0129	0.0115	0.0196	0.0022	0.0050	0.0124	0.0121	0.0191	0.0168	0.0189	0.0181	0.0176	0.0171	0.0118	0.0156	0.0157	0.0112	0.0033	0.0110	0.0041	0.0007	0.0066	0.0024	0.0161	0.0052	0.0075	0.0224	0.0201	0.0139	0.0083	0.0199	0.0090	0.0088	0.0178	0.0028	0.0186	0.0110	0.0168	0.0039	0.0202	0.0181	0.0163	0.0205	0.0186	0.0132	0.0122	0.0116	0.0183	0.0090	0.0119	0.0065	0.0195	0.0046	0.0135	0.0110	0.0033	0.0101	0.0045	0.0153	0.0160	0.0172	0.0123	0.0072	0.0110	0.0000	0.0109	0.0088	0.0236	0.0089	0.0180	0.0068	0.0178	0.0268	0.0180	
0.0126	0.0058	0.0116	0.0097	0.0025	0.0171	0.0214	0.0007	0.0125	0.0278	0.0251	0.0002	0.0040	0.0221	0.0102	0.0238	0.0134	0.0084	0.0262	0.0078	0.0018	0.0019	0.0111	0.0111	0.0182	0.0033	0.0033	0.0160	0.0134	0.0161	0.0069	0.0169	0.0236	0.0116	0.0024	0.0050	0.0155	0.0023	0.0024	0.0033	0.0243	0.0168	0.0025	0.0089	0.0133	0.0254	0.0082	0.0166	0.0126	0.0109	0.0100	0.0221	0.0180	0.0146	0.0147	0.0114	0.0169	0.0019	0.0146	0.0227	0.0153	0.0053	0.0127	0.0234	0.0147	0.0071	0.0019	0.0163	0.0174	0.0057	0.0092	0.0108	0.0067	0.0238	0.0090	0.0086	0.0267	0.0023	0.0273	0.0208	
0.0206	0.0116	0.0034	0.0030	0.0046	0.0084	0.0233	0.0072	0.0218	0.0177	0.0092	0.0120	0.0120	0.0032	0.0141	0.0186	0.0059	0.0042	0.0172	0.0037	0.0200	0.0152	0.0223	0.0073	0.0010	0.0236	0.0168	0.0216	0.0078	0.0078	0.0107	0.0184	0.0026	0.0192	0.0036	0.0014	0.0010	0.0105	0.0186	0.0083	0.0081	0.0179	0.0171	0.0011	0.0242	0.0196	0.0249	0.0037	0.0065	0.0145	0.0025	0.0191	0.0109	0.0183	0.0198	0.0042	0.0126	0.0218	0.0019	0.0055	0.0177	0.0022	0.0238	0.0149	0.0047	0.0146	0.0107	0.0151	0.0228	0.0131	0.0188	0.0198	0.0113	0.0076	0.0210	0.0032	0.0245	0.0222	0.0116	0.0067	
0.0231	0.0106	0.0143	0.0176	0.0056	0.0170	0.0095	0.0067	0.0002	0.0312	0.0118	0.0034	0.0074	0.0118	0.0165	0.0058	0.0199	0.0033	0.0204	0.0061	0.0062	0.0076	0.0044	0.0203	0.0168	0.0064	0.0084	0.0032	0.0214	0.0191	0.0053	0.0162	0.0119	0.0188	0.0080	0.0049	0.0117	0.0067	0.0105	0.0143	0.0067	0.0033	0.0141	0.0227	0.0020	0.0155	0.0164	0.0221	0.0178	0.0167	0.0086	0.0192	0.0010	0.0043	0.0197	0.0150	0.0071	0.0199	0.0211	0.0253	0.0092	0.0035	0.0086	0.0079	0.0159	0.0143	0.0204	0.0114	0.0057	0.0150	0.0212	0.0162	0.0164	0.0075	0.0242	0.0034	0.0216	0.0054	0.0229	0.0067	
0.0184	0.0085	0.0117	0.0108	0.0083	0.0095	0.0134	0.0058	0.0196	0.0145	0.0171	0.0128	0.0076	0.0142	0.0069	0.0040	0.0220	0.0069	0.0058	0.0077	0.0175	0.0005	0.0166	0.0034	0.0206	0.0192	0.0020	0.0230	0.0074	0.0207	0.0219	0.0051	0.0035	0.0147	0.0039	0.0217	0.0134	0.0234	0.0219	0.0077	0.0250	0.0119	0.0144	0.0154	0.0188	0.0039	0.0058	0.0063	0.0195	0.0178	0.0081	0.0089	0.0229	0.0063	0.0104	0.0211	0.0131	0.0097	0.0136	0.0117	0.0079	0.0241	0.0206	0.0023	0.0148	0.0158	0.0095	0.0147	0.0068	0.0078	0.0129	0.0180	0.0116	0.0213	0.0104	0.0072	0.0096	0.0028	0.0101	0.0138	
0.0131	0.0212	0.0209	0.0141	0.0110	0.0114	0.0060	0.0237	0.0082	0.0126	0.0073	0.0051	0.0091	0.0077	0.0260	0.0013	0.0162	0.0123	0.0237	0.0015	0.0174	0.0185	0.0237	0.0159	0.0051	0.0114	0.0261	0.0008	0.0241	0.0046	0.0082	0.0137	0.0229	0.0232	0.0032	0.0127	0.0013	0.0123	0.0177	0.0073	0.0097	0.0135	0.0054	0.0225	0.0019	0.0087	0.0147	0.0047	0.0231	0.0102	0.0178	0.0222	0.0071	0.0098	0.0225	0.0218	0.0214	0.0067	0.0080	0.0004	0.0122	0.0063	0.0005	0.0041	0.0034	0.0202	0.0075	0.0092	0.0036	0.0132	0.0260	0.0035	0.0230	0.0157	0.0184	0.0050	0.0142	0.0021	0.0144	0.0227	
0.0230	0.0195	0.0024	0.0130	0.0135	0.0111	0.0068	0.0134	0.0029	0.0112	0.0142	0.0174	0.0035	0.0181	0.0223	0.0037	0.0151	0.0013	0.0190	0.0074	0.0007	0.0055	0.0006	0.0118	0.0097	0.0141	0.0016	0.0174	0.0190	0.0205	0.0059	0.0224	0.0194	0.0112	0.0043	0.0184	0.0032	0.0156	0.0181	0.0192	0.0135	0.0185	0.0059	0.0201	0.0299	0.0054	0.0004	0.0055	0.0205	0.0159	0.0177	0.0121	0.0105	0.0061	0.0203	0.0179	0.0176	0.0178	0.0026	0.0252	0.0103	0.0155	0.0213	0.0114	0.0031	0.0162	0.0026	0.0176	0.0128	0.0056	0.0007	0.0001	0.0102	0.0290	0.0210	0.0065	0.0290	0.0073	0.0137	0.0055	
0.0142	0.0204	0.0213	0.0054	0.0011	0.0163	0.0085	0.0137	0.0150	0.0127	0.0192	0.0099	0.0137	0.0242	0.0106	0.0248	0.0280	0.0178	0.0195	0.0066	0.0022	0.0088	0.0165	0.0143	0.0148	0.0175	0.0023	0.0151	0.0165	0.0183	0.0176	0.0174	0.0047	0.0182	0.0098	0.0123	0.0130	0.0183	0.0101	0.0095	0.0049	0.0149	0.0006	0.0305	0.0125	0.0132	0.0126	0.0234	0.0117	0.0203	0.0072	0.0040	0.0160	0.0022	0.0024	0.0058	0.0032	0.0113	0.0163	0.0074	0.0157	0.0011	0.0219	0.0013	0.0164	0.0073	0.0050	0.0159	0.0056	0.0208	0.0097	0.0067	0.0139	0.0063	0.0048	0.0152	0.0084	0.0161	0.0044	0.0227	
0.0017	0.0095	0.0227	0.0191	0.0096	0.0130	0.0296	0.0031	0.0228	0.0096	0.0090	0.0045	0.0001	0.0260	0.0200	0.0033	0.0189	0.0258	0.0030	0.0030	0.0074	0.0016	0.0127	0.0189	0.0092	0.0251	0.0195	0.0087	0.0238	0.0184	0.0216	0.0111	0.0055	0.0170	0.0109	0.0075	0.0040	0.0075	0.0202	0.0111	0.0076	0.0026	0.0178	0.0241	0.0173	0.0053	0.0105	0.0140	0.0152	0.0015	0.0224	0.0091	0.0165	0.0020	0.0152	0.0001	0.0215	0.0059	0.0086	0.0111	0.0230	0.0164	0.0054	0.0059	0.0105	0.0215	0.0007	0.0084	0.0158	0.0149	0.0281	0.0122	0.0060	0.0228	0.0227	0.0056	0.0116	0.0155	0.0028	0.0057	
0.0154	0.0044	0.0191	0.0287	0.0193	0.0110	0.0148	0.0030	0.0015	0.0089	0.0055	0.0186	0.0276	0.0123	0.0189	0.0185	0.0266	0.0110	0.0134	0.0131	0.0033	0.0004	0.0216	0.0014	0.0019	0.0101	0.0027	0.0307	0.0086	0.0118	0.0172	0.0143	0.0030	0.0030	0.0177	0.0129	0.0168	0.0091	0.0101	0.0256	0.0011	0.0199	0.0060	0.0070	0.0062	0.0013	0.0112	0.0277	0.0004	0.0021	0.0085	0.0179	0.0000	0.0075	0.0007	0.0203	0.0053	0.0211	0.0180	0.0082	0.0090	0.0269	0.0185	0.0137	0.0151	0.0218	0.0181	0.0239	0.0131	0.0034	0.0240	0.0126	0.0032	0.0139	0.0174	0.0073	0.0195	0.0150	0.0194	0.0002	
0.0266	0.0062	0.0235	0.0068	0.0025	0.0190	0.0111	0.0241	0.0039	0.0071	0.0068	0.0223	0.0177	0.0342	0.0188	0.0032	0.0032	0.0152	0.0159	0.0093	0.0069	0.0226	0.0095	0.0258	0.0035	0.0219	0.0224	0.0164	0.0250	0.0277	0.0244	0.0189	0.0236	0.0181	0.0160	0.0035	0.0007	0.0207	0.0175	0.0009	0.0100	0.0004	0.0163	0.0098	0.0326	0.0002	0.0020	0.0074	0.0236	0.0167	0.0045	0.0042	0.0058	0.0111	0.0214	0.0025	0.0199	0.0006	0.0022	0.0087	0.0265	0.0004	0.0012	0.0093	0.0093	0.0212	0.0010	0.0250	0.0084	0.0137	0.0025	0.0115	0.0008	0.0146	0.0027	0.0094	0.0064	0.0008	0.0288	0.0030	
0.0155	0.0128	0.0121	0.0041	0.0162	0.0158	0.0101	0.0111	0.0017	0.0151	0.0053	0.0002	0.0134	0.0046	0.0034	0.0068	0.0249	0.0052	0.0225	0.0045	0.0197	0.0078	0.0227	0.0116	0.0107	0.0167	0.0037	0.0162	0.0089	0.0125	0.0197	0.0204	0.0006	0.0218	0.0198	0.0077	0.0114	0.0235	0.0174	0.0184	0.0069	0.0120	0.0153	0.0179	0.0075	0.0020	0.0250	0.0217	0.0083	0.0210	0.0074	0.0228	0.0035	0.0179	0.0030	0.0072	0.0138	0.0018	0.0158	0.0231	0.0132	0.0173	0.0026	0.0155	0.0135	0.0076	0.0235	0.0136	0.0102	0.0229	0.0208	0.0023	0.0127	0.0031	0.0226	0.0098	0.0188	0.0035	0.0054	0.0105	
0.0208	0.0063	0.0079	0.0205	0.0029	0.0169	0.0086	0.0066	0.0168	0.0101	0.0098	0.0075	0.0058	0.0295	0.0078	0.0152	0.0139	0.0008	0.0024	0.0135	0.0018	0.0089	0.0083	0.0110	0.0288	0.0054	0.0095	0.0012	0.0327	0.0233	0.0157	0.0193	0.0143	0.0049	0.0034	0.0040	0.0053	0.0144	0.0118	0.0196	0.0189	0.0150	0.0163	0.0289	0.0095	0.0082	0.0153	0.0298	0.0131	0.0058	0.0252	0.0111	0.0010	0.0045	0.0079	0.0170	0.0146	0.0259	0.0130	0.0124	0.0087	0.0220	0.0058	0.0019	0.0143	0.0292	0.0096	0.0300	0.0116	0.0020	0.0081	0.0141	0.0196	0.0063	0.0085	0.0120	0.0143	0.0076	0.0037	0.0105	
0.0065	0.0133	0.0042	0.0157	0.0169	0.0197	0.0121	0.0143	0.0008	0.0199	0.0067	0.0064	0.0217	0.0120	0.0089	0.0185	0.0107	0.0124	0.0019	0.0058	0.0170	0.0016	0.0055	0.0167	0.0191	0.0005	0.0015	0.0168	0.0222	0.0252	0.0171	0.0101	0.0155	0.0016	0.0158	0.0180	0.0103	0.0164	0.0076	0.0207	0.0097	0.0173	0.0167	0.0172	0.0225	0.0002	0.0004	0.0029	0.0198	0.0112	0.0204	0.0002	0.0083	0.0185	0.0131	0.0050	0.0075	0.0115	0.0165	0.0155	0.0204	0.0205	0.0157	0.0017	0.0169	0.0180	0.0138	0.0189	0.0169	0.0158	0.0091	0.0170	0.0067	0.0027	0.0198	0.0006	0.0068	0.0120	0.0231	0.0216	
0.0001	0.0193	0.0162	0.0139	0.0015	0.0138	0.0011	0.0209	0.0089	0.0100	0.0059	0.0001	0.0256	0.0176	0.0028	0.0138	0.0040	0.0128	0.0213	0.0153	0.0067	0.0040	0.0062	0.0051	0.0013	0.0017	0.0162	0.0083	0.0025	0.0177	0.0219	0.0268	0.0100	0.0149	0.0131	0.0196	0.0166	0.0064	0.0244	0.0045	0.0205	0.0178	0.0074	0.0089	0.0118	0.0077	0.0167	0.0239	0.0168	0.0044	0.0205	0.0104	0.0167	0.0169	0.0124	0.0269	0.0100	0.0169	0.0093	0.0003	0.0012	0.0247	0.0131	0.0150	0.0080	0.0085	0.0071	0.0269	0.0154	0.0042	0.0151	0.0140	0.0204	0.0114	0.0052	0.0143	0.0184	0.0185	0.0164	0.0134	
0.0037	0.0217	0.0065	0.0228	0.0188	0.0093	0.0056	0.0162	0.0094	0.0267	0.0067	0.0060	0.0214	0.0254	0.0040	0.0222	0.0048	0.0127	0.0204	0.0008	0.0205	0.0216	0.0240	0.0198	0.0109	0.0243	0.0201	0.0048	0.0177	0.0020	0.0002	0.0156	0.0194	0.0170	0.0234	0.0019	0.0127	0.0223	0.0026	0.0043	0.0028	0.0168	0.0139	0.0214	0.0276	0.0111	0.0017	0.0206	0.0096	0.0077	0.0070	0.0065	0.0058	0.0188	0.0159	0.0053	0.0011	0.0130	0.0101	0.0185	0.0158	0.0002	0.0239	0.0078	0.0192	0.0143	0.0131	0.0022	0.0022	0.0024	0.0107	0.0095	0.0109	0.0167	0.0237	0.0053	0.0098	0.0023	0.0232	0.0008	
0.0205	0.0002	0.0193	0.0097	0.0214	0.0185	0.0109	0.0208	0.0014	0.0180	0.0003	0.0002	0.0088	0.0078	0.0145	0.0026	0.0197	0.0070	0.0206	0.0083	0.0184	0.0223	0.0173	0.0071	0.0197	0.0212	0.0190	0.0141	0.0201	0.0116	0.0195	0.0216	0.0177	0.0088	0.0229	0.0144	0.0044	0.0137	0.0118	0.0047	0.0043	0.0130	0.0007	0.0093	0.0019	0.0098	0.0258	0.0026	0.0243	0.0201	0.0103	0.0015	0.0039	0.0100	0.0030	0.0220	0.0067	0.0121	0.0118	0.0224	0.0240	0.0176	0.0003	0.0143	0.0188	0.0008	0.0076	0.0233	0.0108	0.0006	0.0230	0.0063	0.0184	0.0195	0.0037	0.0062	0.0236	0.0072	0.0057	0.0119	
0.0250	0.0174	0.0158	0.0032	0.0014	0.0186	0.0193	0.0072	0.0067	0.0264	0.0072	0.0142	0.0289	0.0178	0.0078	0.0107	0.0164	0.0105	0.0180	0.0009	0.0024	0.0001	0.0173	0.0258	0.0231	0.0047	0.0079	0.0123	0.0091	0.0265	0.0258	0.0009	0.0082	0.0021	0.0002	0.0051	0.0023	0.0262	0.0144	0.0015	0.0062	0.0009	0.0174	0.0144	0.0250	0.0077	0.0068	0.0059	0.0109	0.0207	0.0186	0.0126	0.0182	0.0041	0.0091	0.0275	0.0012	0.0202	0.0061	0.0198	0.0129	0.0117	0.0240	0.0103	0.0190	0.0060	0.0072	0.0246	0.0143	0.0028	0.0088	0.0164	0.0260	0.0149	0.0222	0.0019	0.0081	0.0044	0.0055	0.0162	
0.0244	0.0022	0.0001	0.0162	0.0040	0.0119	0.0077	0.0041	0.0179	0.0029	0.0031	0.0084	0.0188	0.0184	0.0151	0.0207	0.0021	0.0072	0.0151	0.0119	0.0219	0.0085	0.0152	0.0085	0.0101	0.0259	0.0146	0.0046	0.0105	0.0086	0.0156	0.0242	0.0120	0.0143	0.0235	0.0105	0.0086	0.0106	0.0062	0.0115	0.0234	0.0036	0.0040	0.0127	0.0300	0.0237	0.0006	0.0091	0.0225	0.0255	0.0261	0.0228	0.0160	0.0153	0.0151	0.0168	0.0100	0.0183	0.0047	0.0041	0.0241	0.0049	0.0189	0.0107	0.0099	0.0059	0.0205	0.0006	0.0158	0.0045	0.0126	0.0158	0.0022	0.0021	0.0170	0.0235	0.0051	0.0032	0.0092	0.0115	
0.0234	0.0056	0.0049	0.0106	0.0077	0.0156	0.0070	0.0204	0.0010	0.0111	0.0226	0.0138	0.0048	0.0012	0.0134	0.0168	0.0093	0.0170	0.0256	0.0173	0.0012	0.0001	0.0162	0.0197	0.0106	0.0072	0.0217	0.0128	0.0005	0.0210	0.0090	0.0087	0.0081	0.0166	0.0059	0.0177	0.0225	0.0100	0.0034	0.0204	0.0226	0.0009	0.0228	0.0063	0.0076	0.0203	0.0135	0.0008	0.0135	0.0247	0.0117	0.0109	0.0034	0.0132	0.0087	0.0251	0.0123	0.0108	0.0222	0.0003	0.0201	0.0195	0.0200	0.0065	0.0006	0.0125	0.0087	0.0108	0.0195	0.0231	0.0193	0.0245	0.0146	0.0039	0.0202	0.0004	0.0006	0.0104	0.0140	0.0171	
0.0225	0.0193	0.0224	0.0031	0.0065	0.0206	0.0035	0.0214	0.0082	0.0065	0.0012	0.0107	0.0134	0.0043	0.0024	0.0053	0.0069	0.0149	0.0061	0.0132	0.0099	0.0018	0.0049	0.0165	0.0049	0.0129	0.0212	0.0355	0.0274	0.0117	0.0249	0.0071	0.0181	0.0060	0.0044	0.0220	0.0165	0.0203	0.0250	0.0030	0.0096	0.0136	0.0017	0.0154	0.0272	0.0055	0.0114	0.0174	0.0010	0.0142	0.0216	0.0060	0.0045	0.0165	0.0053	0.0267	0.0122	0.0093	0.0212	0.0146	0.0008	0.0069	0.0195	0.0001	0.0061	0.0248	0.0122	0.0030	0.0209	0.0040	0.0114	0.0088	0.0252	0.0026	0.0109	0.0290	0.0001	0.0134	0.0186	0.0206	
0.0248	0.0094	0.0232	0.0066	0.0148	0.0165	0.0014	0.0046	0.0034	0.0152	0.0067	0.0087	0.0233	0.0025	0.0023	0.0023	0.0210	0.0014	0.0062	0.0226	0.0147	0.0123	0.0156	0.0241	0.0026	0.0086	0.0138	0.0016	0.0105	0.0118	0.0190	0.0273	0.0116	0.0005	0.0261	0.0181	0.0070	0.0213	0.0123	0.0186	0.0212	0.0095	0.0248	0.0107	0.0306	0.0018	0.0193	0.0221	0.0007	0.0095	0.0032	0.0227	0.0124	0.0210	0.0064	0.0129	0.0170	0.0021	0.0031	0.0060	0.0033	0.0000	0.0208	0.0197	0.0164	0.0075	0.0244	0.0225	0.0029	0.0130	0.0223	0.0000	0.0180	0.0156	0.0055	0.0073	0.0153	0.0052	0.0280	0.0008	
0.0148	0.0173	0.0007	0.0007	0.0058	0.0179	0.0099	0.0136	0.0167	0.0131	0.0152	0.0040	0.0151	0.0052	0.0146	0.0178	0.0166	0.0045	0.0132	0.0125	0.0022	0.0225	0.0133	0.0131	0.0134	0.0027	0.0071	0.0259	0.0183	0.0000	0.0211	0.0168	0.0027	0.0020	0.0132	0.0069	0.0221	0.0191	0.0115	0.0004	0.0188	0.0084	0.0246	0.0126	0.0174	0.0133	0.0086	0.0123	0.0183	0.0094	0.0156	0.0061	0.0144	0.0063	0.0227	0.0196	0.0044	0.0110	0.0106	0.0029	0.0105	0.0143	0.0180	0.0163	0.0140	0.0036	0.0016	0.0131	0.0124	0.0064	0.0183	0.0164	0.0191	0.0137	0.0212	0.0189	0.0211	0.0009	0.0196	0.0198	
0.0166	0.0187	0.0004	0.0069	0.0096	0.0145	0.0017	0.0194	0.0044	0.0278	0.0020	0.0098	0.0065	0.0088	0.0143	0.0037	0.0146	0.0053	0.0212	0.0123	0.0109	0.0215	0.0233	0.0163	0.0142	0.0205	0.0147	0.0222	0.0097	0.0061	0.0177	0.0040	0.0143	0.0138	0.0127	0.0151	0.0141	0.0155	0.0103	0.0029	0.0018	0.0050	0.0072	0.0135	0.0058	0.0077	0.0155	0.0093	0.0005	0.0198	0.0035	0.0163	0.0045	0.0086	0.0081	0.0188	0.0198	0.0091	0.0146	0.0132	0.0269	0.0016	0.0105	0.0248	0.0041	0.0206	0.0241	0.0157	0.0215	0.0004	0.0152	0.0256	0.0197	0.0219	0.0113	0.0072	0.0177	0.0088	0.0126	0.0088	
0.0070	0.0052	0.0234	0.0177	0.0024	0.0013	0.0258	0.0042	0.0066	0.0207	0.0141	0.0039	0.0236	0.0244	0.0042	0.0004	0.0222	0.0083	0.0101	0.0072	0.0074	0.0216	0.0127	0.0001	0.0036	0.0038	0.0230	0.0108	0.0247	0.0016	0.0021	0.0171	0.0245	0.0081	0.0069	0.0199	0.0020	0.0209	0.0222	0.0037	0.0224	0.0175	0.0095	0.0040	0.0132	0.0103	0.0024	0.0252	0.0148	0.0117	0.0129	0.0074	0.0239	0.0027	0.0234	0.0101	0.0155	0.0250	0.0123	0.0228	0.0041	0.0153	0.0055	0.0053	0.0136	0.0215	0.0058	0.0142	0.0156	0.0119	0.0244	0.0016	0.0127	0.0070	0.0105	0.0145	0.0144	0.0090	0.0159	0.0207	
0.0013	0.0210	0.0187	0.0121	0.0130	0.0177	0.0163	0.0191	0.0084	0.0210	0.0207	0.0021	0.0052	0.0223	0.0232	0.0078	0.0138	0.0039	0.0113	0.0122	0.0034	0.0123	0.0066	0.0035	0.0115	0.0097	0.0183	0.0159	0.0166	0.0099	0.0190	0.0096	0.0093	0.0162	0.0197	0.0037	0.0160	0.0164	0.0143	0.0199	0.0029	0.0082	0.0038	0.0162	0.0108	0.0185	0.0188	0.0136	0.0052	0.0011	0.0228	0.0073	0.0186	0.0209	0.0132	0.0125	0.0144	0.0155	0.0006	0.0031	0.0222	0.0015	0.0026	0.0213	0.0011	0.0127	0.0154	0.0104	0.0007	0.0194	0.0145	0.0189	0.0127	0.0154	0.0102	0.0179	0.0087	0.0124	0.0162	0.0151	
0.0155	0.0062	0.0110	0.0187	0.0112	0.0127	0.0158	0.0120	0.0050	0.0106	0.0122	0.0003	0.0187	0.0142	0.0250	0.0016	0.0077	0.0050	0.0189	0.0216	0.0034	0.0100	0.0143	0.0109	0.0107	0.0033	0.0216	0.0042	0.0148	0.0240	0.0036	0.0037	0.0258	0.0086	0.0153	0.0192	0.0157	0.0128	0.0144	0.0146	0.0250	0.0054	0.0063	0.0178	0.0115	0.0167	0.0053	0.0014	0.0189	0.0108	0.0137	0.0044	0.0234	0.0197	0.0130	0.0051	0.0158	0.0012	0.0066	0.0075	0.0191	0.0130	0.0236	0.0100	0.0050	0.0083	0.0006	0.0084	0.0235	0.0066	0.0120	0.0211	0.0184	0.0034	0.0255	0.0255	0.0045	0.0240	0.0007	0.0221	
0.0243	0.0177	0.0098	0.0040	0.0070	0.0225	0.0056	0.0048	0.0201	0.0099	0.0228	0.0124	0.0050	0.0064	0.0227	0.0121	0.0084	0.0194	0.0117	0.0012	0.0136	0.0214	0.0032	0.0123	0.0247	0.0173	0.0129	0.0211	0.0250	0.0168	0.0004	0.0232	0.0005	0.0105	0.0086	0.0233	0.0005	0.0205	0.0017	0.0065	0.0016	0.0193	0.0111	0.0137	0.0082	0.0211	0.0152	0.0131	0.0052	0.0109	0.0156	0.0067	0.0108	0.0222	0.0046	0.0013	0.0132	0.0247	0.0050	0.0135	0.0111	0.0140	0.0070	0.0059	0.0077	0.0024	0.0124	0.0189	0.0199	0.0231	0.0118	0.0116	0.0218	0.0043	0.0254	0.0216	0.0109	0.0144	0.0053	0.0016	
0.0006	0.0014	0.0130	0.0115	0.0285	0.0196	0.0132	0.0014	0.0078	0.0104	0.0079	0.0019	0.0143	0.0112	0.0218	0.0136	0.0147	0.0052	0.0039	0.0048	0.0068	0.0223	0.0166	0.0074	0.0225	0.0020	0.0128	0.0058	0.0240	0.0121	0.0151	0.0006	0.0201	0.0034	0.0186	0.0113	0.0252	0.0247	0.0071	0.0169	0.0156	0.0109	0.0101	0.0127	0.0197	0.0109	0.0300	0.0099	0.0099	0.0128	0.0060	0.0056	0.0120	0.0007	0.0172	0.0019	0.0097	0.0066	0.0119	0.0245	0.0070	0.0048	0.0023	0.0245	0.0155	0.0062	0.0101	0.0105	0.0207	0.0132	0.0164	0.0195	0.0237	0.0157	0.0144	0.0204	0.0161	0.0025	0.0196	0.0167	
0.0026	0.0027	0.0232	0.0132	0.0057	0.0107	0.0155	0.0170	0.0104	0.0150	0.0227	0.0163	0.0086	0.0094	0.0110	0.0122	0.0110	0.0138	0.0193	0.0105	0.0003	0.0141	0.0153	0.0240	0.0216	0.0136	0.0074	0.0235	0.0122	0.0234	0.0132	0.0096	0.0174	0.0238	0.0216	0.0032	0.0073	0.0145	0.0166	0.0083	0.0170	0.0166	0.0004	0.0061	0.0132	0.0232	0.0094	0.0143	0.0017	0.0011	0.0110	0.0005	0.0071	0.0048	0.0135	0.0140	0.0132	0.0241	0.0164	0.0180	0.0028	0.0148	0.0047	0.0131	0.0006	0.0131	0.0012	0.0098	0.0147	0.0084	0.0055	0.0228	0.0223	0.0134	0.0183	0.0079	0.0141	0.0086	0.0111	0.0257	
0.0045	0.0161	0.0210	0.0119	0.0123	0.0125	0.0029	0.0117	0.0104	0.0070	0.0147	0.0059	0.0222	0.0265	0.0055	0.0024	0.0134	0.0123	0.0061	0.0229	0.0180	0.0225	0.0001	0.0196	0.0202	0.0144	0.0038	0.0190	0.0124	0.0059	0.0004	0.0052	0.0146	0.0164	0.0131	0.0100	0.0167	0.0197	0.0003	0.0127	0.0101	0.0126	0.0230	0.0078	0.0206	0.0234	0.0266	0.0235	0.0068	0.0163	0.0210	0.0004	0.0023	0.0095	0.0027	0.0056	0.0148	0.0036	0.0145	0.0216	0.0095	0.0088	0.0243	0.0052	0.0049	0.0089	0.0173	0.0033	0.0117	0.0227	0.0105	0.0195	0.0130	0.0202	0.0147	0.0070	0.0002	0.0185	0.0011	0.0248	
0.0156	0.0061	0.0131	0.0234	0.0126	0.0287	0.0041	0.0041	0.0174	0.0101	0.0195	0.0113	0.0026	0.0026	0.0046	0.0023	0.0164	0.0203	0.0022	0.0097	0.0046	0.0206	0.0119	0.0128	0.0048	0.0006	0.0144	0.0086	0.0220	0.0258	0.0051	0.0009	0.0032	0.0180	0.0112	0.0026	0.0223	0.0036	0.0224	0.0064	0.0061	0.0126	0.0134	0.0050	0.0061	0.0259	0.0238	0.0113	0.0169	0.0155	0.0203	0.0069	0.0168	0.0170	0.0168	0.0198	0.0184	0.0022	0.0169	0.0112	0.0160	0.0220	0.0090	0.0238	0.0020	0.0148	0.0127	0.0100	0.0205	0.0027	0.0082	0.0141	0.0251	0.0296	0.0030	0.0169	0.0110	0.0069	0.0088	0.0114	
0.0090	0.0023	0.0206	0.0104	0.0036	0.0246	0.0111	0.0114	0.0001	0.0179	0.0057	0.0167	0.0122	0.0121	0.0206	0.0128	0.0065	0.0185	0.0030	0.0144	0.0098	0.0076	0.0179	0.0129	0.0054	0.0065	0.0084	0.0208	0.0167	0.0013	0.0099	0.0181	0.0222	0.0084	0.0014	0.0112	0.0236	0.0274	0.0175	0.0037	0.0050	0.0007	0.0098	0.0037	0.0270	0.0148	0.0007	0.0156	0.0023	0.0173	0.0119	0.0155	0.0026	0.0164	0.0238	0.0007	0.0097	0.0097	0.0043	0.0222	0.0180	0.0193	0.0217	0.0257	0.0053	0.0141	0.0226	0.0025	0.0094	0.0101	0.0156	0.0073	0.0030	0.0281	0.0109	0.0108	0.0265	0.0147	0.0174	0.0188	
0.0052	0.0180	0.0164	0.0256	0.0149	0.0186	0.0129	0.0046	0.0099	0.0007	0.0216	0.0127	0.0201	0.0198	0.0126	0.0133	0.0050	0.0101	0.0218	0.0075	0.0149	0.0231	0.0040	0.0177	0.0006	0.0036	0.0116	0.0035	0.0067	0.0138	0.0026	0.0231	0.0174	0.0112	0.0163	0.0213	0.0229	0.0214	0.0087	0.0116	0.0241	0.0164	0.0166	0.0084	0.0104	0.0000	0.0119	0.0097	0.0107	0.0209	0.0047	0.0112	0.0154	0.0060	0.0001	0.0075	0.0137	0.0235	0.0222	0.0104	0.0070	0.0111	0.0216	0.0203	0.0214	0.0011	0.0201	0.0072	0.0011	0.0154	0.0143	0.0081	0.0018	0.0108	0.0092	0.0240	0.0064	0.0195	0.0077	0.0006	
0.0153	0.0028	0.0170	0.0101	0.0101	0.0160	0.0080	0.0117	0.0128	0.0111	0.0066	0.0224	0.0216	0.0221	0.0047	0.0131	0.0204	0.0211	0.0097	0.0093	0.0040	0.0057	0.0086	0.0216	0.0064	0.0211	0.0105	0.0046	0.0206	0.0014	0.0005	0.0184	0.0170	0.0228	0.0226	0.0043	0.0201	0.0129	0.0127	0.0084	0.0179	0.0081	0.0200	0.0152	0.0088	0.0153	0.0122	0.0044	0.0065	0.0220	0.0041	0.0111	0.0105	0.0233	0.0207	0.0101	0.0194	0.0196	0.0036	0.0136	0.0047	0.0021	0.0152	0.0116	0.0099	0.0117	0.0094	0.0238	0.0015	0.0006	0.0197	0.0078	0.0070	0.0025	0.0154	0.0192	0.0118	0.0184	0.0131	0.0177	
0.0101	0.0057	0.0238	0.0012	0.0251	0.0149	0.0105	0.0173	0.0023	0.0124	0.0103	0.0205	0.0091	0.0001	0.0040	0.0167	0.0199	0.0085	0.0069	0.0225	0.0057	0.0119	0.0036	0.0062	0.0023	0.0229	0.0046	0.0078	0.0090	0.0004	0.0243	0.0025	0.0099	0.0119	0.0035	0.0266	0.0036	0.0155	0.0145	0.0214	0.0032	0.0157	0.0219	0.0166	0.0186	0.0225	0.0278	0.0074	0.0261	0.0270	0.0023	0.0033	0.0113	0.0148	0.0101	0.0238	0.0025	0.0187	0.0236	0.0007	0.0112	0.0009	0.0089	0.0019	0.0106	0.0065	0.0154	0.0220	0.0228	0.0065	0.0145	0.0056	0.0201	0.0129	0.0199	0.0147	0.0179	0.0145	0.0177	0.0080	

Emissions
0.1433	0.2588	0.1081	0.1016	0.3883	
0.3617	0.2613	0.2840	0.0339	0.0591	
0.2423	0.1559	0.2170	0.2070	0.1778	
0.0306	0.1824	0.4146	0.0912	0.2812	
0.1456	0.0340	0.1842	0.5120	0.1242	
0.2404	0.1192	0.0029	0.3315	0.3060	
0.1518	0.2986	0.0674	0.4531	0.0291	
0.1684	0.2411	0.3245	0.0598	0.2061	
0.1446	0.2638	0.2373	0.2208	0.1335	
0.0279	0.2284	0.0921	0.3647	0.2868	
0.1068	0.5465	0.1934	0.1246	0.0288	
0.2997	0.2911	0.3677	0.0055	0.0360	
0.1141	0.2118	0.2550	0.0829	0.3361	
0.0381	0.0890	0.2909	0.1306	0.4514	
0.1227	0.1478	0.2191	0.2196	0.2909	
0.1737	0.1399	0.3600	0.1822	0.1442	
0.2145	0.0690	0.0170	0.2463	0.4532	
0.1665	0.1222	0.3397	0.3024	0.0693	
0.0010	0.4661	0.4087	0.0422	0.0821	
0.2721	0.2753	0.1515	0.2543	0.0468	
0.3733	0.2626	0.2921	0.0251	0.0468	
0.2367	0.0583	0.2750	0.1687	0.2611	
0.1825	0.2389	0.1004	0.2853	0.1928	
0.0860	0.2360	0.2141	0.2306	0.2333	
0.2811	0.1262	0.1038	0.0956	0.3934	
0.1741	0.1909	0.1997	0.1973	0.2379	
0.2993	0.4253	0.0062	0.0902	0.1790	
0.1238	0.0936	0.3493	0.0157	0.4176	
0.1144	0.2828	0.2499	0.0080	0.3449	
0.0633	0.2871	0.0774	0.1370	0.4352	
0.1504	0.1561	0.4197	0.1398	0.1341	
0.1906	0.1742	0.2592	0.0501	0.3259	
0.1226	0.2970	0.1667	0.3109	0.1029	
0.3082	0.3628	0.1030	0.1409	0.0851	
0.0372	0.2728	0.2271	0.3639	0.0990	
0.1233	0.2962	0.0934	0.2810	0.2061	
0.2225	0.1360	0.0934	0.2705	0.2776	
0.0290	0.2384	0.2095	0.2509	0.2722	
0.0664	0.2698	0.3462	0.1534	0.1641	
0.1565	0.0646	0.2684	0.2541	0.2564	
0.1344	0.1659	0.3493	0.0679	0.2825	
0.2834	0.3050	0.3700	0.0388	0.0027	
0.3878	0.0636	0.0104	0.2628	0.2754	
0.0097	0.3002	0.5742	0.0457	0.0704	
0.0116	0.3294	0.1378	0.1230	0.3982	
0.1429	0.3160	0.0962	0.2393	0.2056	
0.0252	0.3555	0.1638	0.3444	0.1109	
0.1654	0.2243	0.0337	0.0477	0.5290	
0.1271	0.2981	0.2136	0.3183	0.0429	
0.0273	0.3230	0.2266	0.2705	0.1526	
0.0671	0.1699	0.2645	0.2044	0.2940	
0.2169	0.4333	0.2186	0.1127	0.0185	
0.1724	0.1560	0.1030	0.1898	0.3787	
0.4207	0.2790	0.0593	0.1183	0.1227	
0.2930	0.1284	0.2512	0.1141	0.2133	
0.0614	0.1315	0.2961	0.1151	0.3959	
0.4460	0.1219	0.2941	0.1262	0.0118	
0.1275	0.3196	0.2086	0.0574	0.2869	
0.1944	0.4085	0.3681	0.0195	0.0096	
0.2187	0.2479	0.0243	0.3486	0.1605	
0.1042	0.1593	0.0842	0.3882	0.2642	
0.0405	0.4030	0.2881	0.0570	0.2114	
0.1279	0.2556	0.2467	0.2464	0.1234	
0.1632	0.3048	0.0481	0.2874	0.1964	
0.3225	0.0273	0.3860	0.2453	0.0189	
0.2322	0.1721	0.2166	0.0728	0.3062	
0.2010	0.0677	0.2280	0.3850	0.1183	
0.1022	0.0296	0.2942	0.1547	0.4194	
0.1607	0.1231	0.2151	0.2503	0.2507	
0.0489	0.2124	0.1795	0.4139	0.1453	
0.0988	0.2196	0.2169	0.2616	0.2031	
0.0768	0.2069	0.3035	0.3836	0.0292	
0.1410	0.1302	0.1663	0.1271	0.4353	
0.0023	0.2222	0.1483	0.4311	0.1961	
0.1013	0.2292	0.1903	0.2174	0.2617	
0.1475	0.2093	0.1262	0.0265	0.4905	
0.0270	0.3191	0.2188	0.2464	0.1886	
0.0632	0.3525	0.1135	0.3693	0.1015	
0.0291	0.3031	0.0363	0.4429	0.1886	
0.0734	0.3266	0.0595	0.2990	0.2415	
