DataSet 43
Learner: Baum Welch Learner
Log Likelihood: 39193.6876141528

Number of States: 100
Number of Symbols: 5
Threshold: 0.01

Initial Distribution:
0.0107	0.0198	0.0000	0.0096	0.0276	0.0116	0.0125	0.0055	0.0001	0.0048	0.0076	0.0096	0.0085	0.0048	0.0080	0.0030	0.0016	0.0090	0.0123	0.0215	0.0038	0.0018	0.0149	0.0153	0.0056	0.0209	0.0109	0.0196	0.0265	0.0083	0.0065	0.0131	0.0085	0.0055	0.0069	0.0155	0.0245	0.0019	0.0067	0.0052	0.0059	0.0024	0.0027	0.0127	0.0075	0.0117	0.0044	0.0094	0.0351	0.0126	0.0100	0.0046	0.0026	0.0123	0.0132	0.0120	0.0196	0.0050	0.0049	0.0078	0.0142	0.0045	0.0242	0.0120	0.0012	0.0111	0.0161	0.0002	0.0001	0.0215	0.0079	0.0253	0.0024	0.0132	0.0065	0.0034	0.0166	0.0007	0.0034	0.0218	0.0018	0.0027	0.0104	0.0046	0.0037	0.0002	0.0072	0.0163	0.0262	0.0000	0.0237	0.0076	0.0176	0.0022	0.0055	0.0045	0.0065	0.0187	0.0171	0.0107	

Transitions:
0.0140	0.0078	0.0061	0.0179	0.0044	0.0105	0.0070	0.0149	0.0235	0.0056	0.0101	0.0178	0.0003	0.0150	0.0049	0.0149	0.0101	0.0080	0.0026	0.0007	0.0206	0.0030	0.0004	0.0003	0.0070	0.0130	0.0028	0.0139	0.0028	0.0105	0.0157	0.0018	0.0029	0.0085	0.0178	0.0140	0.0141	0.0143	0.0192	0.0115	0.0135	0.0161	0.0169	0.0162	0.0091	0.0126	0.0118	0.0009	0.0124	0.0132	0.0127	0.0015	0.0136	0.0151	0.0177	0.0115	0.0072	0.0071	0.0141	0.0073	0.0075	0.0054	0.0081	0.0085	0.0091	0.0101	0.0187	0.0132	0.0198	0.0087	0.0179	0.0142	0.0114	0.0079	0.0079	0.0180	0.0068	0.0054	0.0117	0.0114	0.0053	0.0020	0.0025	0.0115	0.0156	0.0129	0.0085	0.0056	0.0073	0.0059	0.0052	0.0101	0.0005	0.0101	0.0048	0.0068	0.0105	0.0068	0.0045	0.0216	
0.0158	0.0171	0.0030	0.0072	0.0128	0.0144	0.0107	0.0045	0.0112	0.0202	0.0051	0.0015	0.0153	0.0201	0.0016	0.0061	0.0039	0.0180	0.0127	0.0164	0.0015	0.0103	0.0046	0.0108	0.0028	0.0068	0.0156	0.0152	0.0037	0.0203	0.0104	0.0187	0.0012	0.0122	0.0159	0.0078	0.0169	0.0148	0.0157	0.0004	0.0014	0.0028	0.0155	0.0086	0.0002	0.0053	0.0137	0.0009	0.0071	0.0190	0.0030	0.0107	0.0120	0.0060	0.0163	0.0066	0.0125	0.0111	0.0046	0.0061	0.0180	0.0101	0.0167	0.0089	0.0086	0.0058	0.0004	0.0036	0.0039	0.0123	0.0074	0.0084	0.0029	0.0117	0.0169	0.0165	0.0137	0.0153	0.0112	0.0146	0.0130	0.0151	0.0106	0.0049	0.0154	0.0184	0.0071	0.0137	0.0124	0.0083	0.0123	0.0067	0.0091	0.0088	0.0010	0.0085	0.0035	0.0050	0.0180	0.0148	
0.0051	0.0086	0.0124	0.0150	0.0080	0.0097	0.0072	0.0200	0.0135	0.0236	0.0108	0.0114	0.0005	0.0081	0.0114	0.0046	0.0008	0.0145	0.0125	0.0084	0.0198	0.0055	0.0102	0.0124	0.0166	0.0004	0.0165	0.0086	0.0093	0.0071	0.0151	0.0084	0.0138	0.0185	0.0117	0.0038	0.0132	0.0163	0.0139	0.0019	0.0097	0.0055	0.0044	0.0141	0.0170	0.0160	0.0071	0.0024	0.0104	0.0146	0.0067	0.0092	0.0097	0.0071	0.0122	0.0154	0.0001	0.0022	0.0178	0.0085	0.0144	0.0087	0.0039	0.0023	0.0034	0.0034	0.0189	0.0033	0.0166	0.0061	0.0049	0.0039	0.0011	0.0080	0.0206	0.0108	0.0013	0.0156	0.0201	0.0129	0.0128	0.0148	0.0172	0.0116	0.0152	0.0059	0.0204	0.0070	0.0013	0.0116	0.0025	0.0165	0.0161	0.0023	0.0078	0.0144	0.0009	0.0006	0.0087	0.0125	
0.0208	0.0029	0.0064	0.0097	0.0095	0.0026	0.0086	0.0237	0.0161	0.0054	0.0172	0.0035	0.0038	0.0206	0.0181	0.0223	0.0167	0.0120	0.0054	0.0191	0.0067	0.0117	0.0019	0.0025	0.0037	0.0070	0.0075	0.0127	0.0026	0.0232	0.0116	0.0006	0.0068	0.0086	0.0001	0.0113	0.0071	0.0084	0.0045	0.0126	0.0183	0.0150	0.0190	0.0203	0.0162	0.0005	0.0153	0.0005	0.0043	0.0104	0.0016	0.0109	0.0152	0.0093	0.0058	0.0088	0.0010	0.0056	0.0072	0.0012	0.0162	0.0072	0.0122	0.0097	0.0117	0.0194	0.0200	0.0178	0.0221	0.0040	0.0101	0.0082	0.0086	0.0084	0.0254	0.0076	0.0154	0.0045	0.0093	0.0023	0.0163	0.0075	0.0140	0.0131	0.0172	0.0008	0.0065	0.0164	0.0005	0.0116	0.0074	0.0038	0.0010	0.0027	0.0198	0.0087	0.0022	0.0051	0.0039	0.0195	
0.0037	0.0156	0.0027	0.0019	0.0151	0.0113	0.0016	0.0052	0.0136	0.0213	0.0161	0.0133	0.0173	0.0043	0.0041	0.0100	0.0171	0.0037	0.0146	0.0118	0.0147	0.0248	0.0158	0.0071	0.0130	0.0050	0.0093	0.0036	0.0082	0.0130	0.0074	0.0091	0.0008	0.0131	0.0229	0.0018	0.0045	0.0124	0.0152	0.0044	0.0192	0.0005	0.0077	0.0018	0.0140	0.0146	0.0070	0.0169	0.0161	0.0125	0.0138	0.0240	0.0112	0.0103	0.0042	0.0040	0.0000	0.0154	0.0094	0.0131	0.0030	0.0150	0.0113	0.0160	0.0131	0.0077	0.0153	0.0057	0.0057	0.0024	0.0050	0.0058	0.0103	0.0093	0.0177	0.0114	0.0122	0.0146	0.0141	0.0148	0.0003	0.0124	0.0063	0.0167	0.0178	0.0072	0.0221	0.0099	0.0073	0.0157	0.0012	0.0089	0.0026	0.0000	0.0026	0.0016	0.0071	0.0064	0.0084	0.0092	
0.0199	0.0011	0.0118	0.0197	0.0057	0.0053	0.0089	0.0007	0.0229	0.0164	0.0114	0.0044	0.0047	0.0105	0.0140	0.0158	0.0108	0.0176	0.0022	0.0060	0.0116	0.0065	0.0205	0.0099	0.0006	0.0107	0.0036	0.0079	0.0061	0.0154	0.0066	0.0068	0.0061	0.0054	0.0021	0.0203	0.0166	0.0109	0.0142	0.0092	0.0172	0.0151	0.0168	0.0173	0.0040	0.0162	0.0043	0.0136	0.0057	0.0104	0.0099	0.0141	0.0050	0.0018	0.0167	0.0114	0.0034	0.0035	0.0192	0.0102	0.0031	0.0149	0.0098	0.0026	0.0061	0.0051	0.0203	0.0220	0.0076	0.0138	0.0146	0.0020	0.0033	0.0095	0.0105	0.0135	0.0124	0.0035	0.0079	0.0036	0.0139	0.0093	0.0033	0.0142	0.0023	0.0153	0.0018	0.0042	0.0066	0.0102	0.0120	0.0168	0.0132	0.0012	0.0098	0.0183	0.0040	0.0100	0.0085	0.0221	
0.0168	0.0035	0.0078	0.0134	0.0142	0.0077	0.0093	0.0156	0.0168	0.0060	0.0010	0.0180	0.0189	0.0119	0.0185	0.0163	0.0152	0.0176	0.0010	0.0133	0.0042	0.0156	0.0133	0.0156	0.0198	0.0145	0.0097	0.0015	0.0017	0.0095	0.0095	0.0002	0.0148	0.0093	0.0083	0.0098	0.0182	0.0106	0.0006	0.0128	0.0056	0.0064	0.0111	0.0021	0.0094	0.0153	0.0195	0.0012	0.0024	0.0151	0.0037	0.0068	0.0098	0.0133	0.0142	0.0015	0.0111	0.0126	0.0177	0.0151	0.0186	0.0054	0.0099	0.0046	0.0143	0.0008	0.0051	0.0093	0.0037	0.0077	0.0142	0.0052	0.0199	0.0057	0.0082	0.0162	0.0051	0.0113	0.0089	0.0015	0.0025	0.0086	0.0219	0.0074	0.0043	0.0020	0.0116	0.0007	0.0125	0.0067	0.0139	0.0087	0.0135	0.0044	0.0160	0.0192	0.0154	0.0049	0.0057	0.0085	
0.0113	0.0091	0.0156	0.0125	0.0005	0.0185	0.0117	0.0036	0.0083	0.0189	0.0156	0.0221	0.0046	0.0121	0.0138	0.0096	0.0076	0.0044	0.0010	0.0168	0.0106	0.0036	0.0151	0.0151	0.0116	0.0062	0.0121	0.0099	0.0098	0.0076	0.0014	0.0174	0.0054	0.0005	0.0095	0.0131	0.0093	0.0042	0.0066	0.0069	0.0123	0.0063	0.0121	0.0158	0.0097	0.0188	0.0039	0.0001	0.0087	0.0064	0.0120	0.0091	0.0036	0.0094	0.0163	0.0082	0.0129	0.0011	0.0049	0.0136	0.0049	0.0165	0.0124	0.0005	0.0150	0.0202	0.0170	0.0034	0.0039	0.0157	0.0188	0.0030	0.0204	0.0120	0.0029	0.0034	0.0126	0.0188	0.0066	0.0111	0.0019	0.0121	0.0012	0.0057	0.0150	0.0113	0.0150	0.0157	0.0031	0.0022	0.0011	0.0099	0.0180	0.0119	0.0015	0.0140	0.0166	0.0143	0.0200	0.0115	
0.0054	0.0005	0.0140	0.0091	0.0086	0.0103	0.0159	0.0111	0.0073	0.0138	0.0151	0.0183	0.0175	0.0108	0.0126	0.0113	0.0175	0.0060	0.0048	0.0063	0.0022	0.0166	0.0002	0.0013	0.0243	0.0115	0.0037	0.0046	0.0119	0.0083	0.0078	0.0155	0.0008	0.0179	0.0042	0.0016	0.0133	0.0084	0.0163	0.0073	0.0218	0.0055	0.0072	0.0098	0.0054	0.0081	0.0153	0.0062	0.0007	0.0099	0.0185	0.0054	0.0061	0.0129	0.0091	0.0085	0.0002	0.0174	0.0139	0.0169	0.0046	0.0063	0.0200	0.0214	0.0038	0.0234	0.0176	0.0177	0.0095	0.0073	0.0163	0.0074	0.0114	0.0153	0.0049	0.0146	0.0127	0.0093	0.0128	0.0122	0.0098	0.0182	0.0047	0.0054	0.0105	0.0026	0.0103	0.0073	0.0056	0.0167	0.0016	0.0013	0.0135	0.0007	0.0011	0.0134	0.0112	0.0126	0.0062	0.0063	
0.0154	0.0194	0.0133	0.0091	0.0130	0.0115	0.0209	0.0090	0.0093	0.0136	0.0156	0.0118	0.0222	0.0040	0.0035	0.0061	0.0016	0.0113	0.0080	0.0016	0.0067	0.0053	0.0121	0.0107	0.0101	0.0156	0.0122	0.0071	0.0159	0.0119	0.0072	0.0008	0.0040	0.0104	0.0124	0.0144	0.0026	0.0130	0.0113	0.0202	0.0060	0.0032	0.0163	0.0130	0.0203	0.0113	0.0026	0.0112	0.0131	0.0159	0.0119	0.0134	0.0003	0.0040	0.0002	0.0110	0.0049	0.0036	0.0031	0.0155	0.0167	0.0074	0.0106	0.0173	0.0046	0.0195	0.0072	0.0092	0.0113	0.0055	0.0032	0.0075	0.0017	0.0074	0.0156	0.0029	0.0093	0.0182	0.0108	0.0180	0.0099	0.0025	0.0121	0.0034	0.0192	0.0123	0.0006	0.0201	0.0082	0.0032	0.0094	0.0205	0.0095	0.0144	0.0013	0.0173	0.0154	0.0005	0.0082	0.0032	
0.0066	0.0137	0.0161	0.0110	0.0098	0.0036	0.0153	0.0134	0.0125	0.0217	0.0025	0.0049	0.0124	0.0080	0.0036	0.0191	0.0161	0.0083	0.0177	0.0127	0.0188	0.0064	0.0006	0.0076	0.0174	0.0025	0.0180	0.0043	0.0064	0.0216	0.0119	0.0077	0.0114	0.0111	0.0112	0.0198	0.0033	0.0015	0.0127	0.0132	0.0188	0.0079	0.0124	0.0140	0.0008	0.0060	0.0109	0.0037	0.0090	0.0063	0.0017	0.0061	0.0026	0.0143	0.0070	0.0006	0.0134	0.0117	0.0173	0.0076	0.0068	0.0064	0.0028	0.0091	0.0059	0.0166	0.0162	0.0022	0.0209	0.0030	0.0124	0.0129	0.0189	0.0018	0.0171	0.0068	0.0168	0.0091	0.0082	0.0083	0.0140	0.0149	0.0156	0.0016	0.0159	0.0053	0.0059	0.0161	0.0014	0.0101	0.0052	0.0150	0.0064	0.0032	0.0095	0.0103	0.0067	0.0203	0.0058	0.0066	
0.0133	0.0081	0.0074	0.0101	0.0151	0.0078	0.0100	0.0005	0.0024	0.0011	0.0067	0.0046	0.0046	0.0055	0.0162	0.0148	0.0164	0.0023	0.0168	0.0020	0.0124	0.0209	0.0005	0.0080	0.0193	0.0199	0.0096	0.0127	0.0130	0.0030	0.0010	0.0165	0.0039	0.0019	0.0209	0.0087	0.0075	0.0052	0.0089	0.0096	0.0189	0.0045	0.0168	0.0007	0.0037	0.0036	0.0105	0.0022	0.0094	0.0202	0.0196	0.0043	0.0051	0.0038	0.0169	0.0170	0.0074	0.0229	0.0157	0.0165	0.0201	0.0162	0.0080	0.0206	0.0001	0.0138	0.0009	0.0025	0.0087	0.0064	0.0069	0.0108	0.0174	0.0066	0.0066	0.0064	0.0032	0.0220	0.0044	0.0138	0.0106	0.0076	0.0045	0.0191	0.0064	0.0193	0.0121	0.0225	0.0070	0.0033	0.0012	0.0082	0.0122	0.0145	0.0116	0.0013	0.0212	0.0181	0.0006	0.0145	
0.0027	0.0076	0.0142	0.0039	0.0111	0.0070	0.0112	0.0216	0.0228	0.0114	0.0124	0.0068	0.0190	0.0001	0.0053	0.0140	0.0119	0.0121	0.0144	0.0033	0.0015	0.0009	0.0179	0.0042	0.0057	0.0167	0.0197	0.0015	0.0154	0.0050	0.0102	0.0080	0.0195	0.0146	0.0112	0.0034	0.0112	0.0001	0.0060	0.0188	0.0083	0.0116	0.0021	0.0194	0.0126	0.0153	0.0129	0.0124	0.0069	0.0207	0.0101	0.0059	0.0013	0.0175	0.0109	0.0018	0.0121	0.0122	0.0219	0.0121	0.0091	0.0071	0.0025	0.0132	0.0002	0.0052	0.0089	0.0045	0.0113	0.0014	0.0003	0.0108	0.0073	0.0138	0.0180	0.0100	0.0233	0.0207	0.0148	0.0103	0.0079	0.0078	0.0162	0.0187	0.0152	0.0041	0.0075	0.0019	0.0014	0.0094	0.0106	0.0011	0.0012	0.0140	0.0112	0.0005	0.0107	0.0090	0.0195	0.0071	
0.0080	0.0085	0.0014	0.0061	0.0215	0.0217	0.0254	0.0081	0.0034	0.0014	0.0027	0.0155	0.0230	0.0088	0.0047	0.0012	0.0159	0.0057	0.0196	0.0208	0.0205	0.0060	0.0028	0.0010	0.0124	0.0213	0.0110	0.0104	0.0041	0.0172	0.0002	0.0108	0.0022	0.0092	0.0028	0.0012	0.0052	0.0079	0.0194	0.0174	0.0052	0.0000	0.0201	0.0004	0.0066	0.0004	0.0041	0.0150	0.0076	0.0117	0.0076	0.0034	0.0091	0.0004	0.0083	0.0025	0.0046	0.0007	0.0199	0.0204	0.0086	0.0068	0.0022	0.0089	0.0010	0.0156	0.0141	0.0114	0.0076	0.0024	0.0172	0.0070	0.0095	0.0030	0.0139	0.0180	0.0081	0.0023	0.0149	0.0102	0.0135	0.0200	0.0037	0.0201	0.0086	0.0182	0.0022	0.0021	0.0192	0.0005	0.0154	0.0059	0.0096	0.0195	0.0072	0.0183	0.0259	0.0150	0.0222	0.0158	
0.0112	0.0155	0.0059	0.0067	0.0156	0.0000	0.0186	0.0065	0.0099	0.0118	0.0161	0.0023	0.0067	0.0089	0.0041	0.0114	0.0037	0.0071	0.0005	0.0047	0.0108	0.0088	0.0124	0.0058	0.0069	0.0111	0.0180	0.0079	0.0153	0.0163	0.0000	0.0157	0.0030	0.0011	0.0194	0.0024	0.0113	0.0179	0.0008	0.0081	0.0016	0.0163	0.0142	0.0098	0.0049	0.0163	0.0216	0.0014	0.0136	0.0196	0.0157	0.0115	0.0107	0.0157	0.0044	0.0028	0.0020	0.0005	0.0013	0.0038	0.0033	0.0066	0.0104	0.0147	0.0103	0.0007	0.0242	0.0050	0.0120	0.0011	0.0206	0.0073	0.0074	0.0121	0.0029	0.0134	0.0174	0.0029	0.0012	0.0117	0.0100	0.0170	0.0149	0.0228	0.0215	0.0097	0.0055	0.0084	0.0170	0.0167	0.0005	0.0126	0.0154	0.0178	0.0044	0.0153	0.0086	0.0242	0.0205	0.0043	
0.0162	0.0150	0.0085	0.0128	0.0161	0.0066	0.0053	0.0197	0.0156	0.0129	0.0070	0.0179	0.0214	0.0102	0.0129	0.0082	0.0120	0.0103	0.0128	0.0010	0.0163	0.0111	0.0083	0.0125	0.0006	0.0056	0.0108	0.0064	0.0070	0.0083	0.0064	0.0136	0.0036	0.0201	0.0137	0.0141	0.0037	0.0200	0.0008	0.0109	0.0043	0.0061	0.0144	0.0058	0.0085	0.0014	0.0134	0.0046	0.0029	0.0166	0.0016	0.0151	0.0049	0.0147	0.0074	0.0042	0.0066	0.0170	0.0144	0.0088	0.0155	0.0118	0.0071	0.0041	0.0035	0.0141	0.0181	0.0020	0.0174	0.0128	0.0026	0.0110	0.0117	0.0010	0.0185	0.0077	0.0199	0.0025	0.0069	0.0170	0.0129	0.0066	0.0052	0.0118	0.0054	0.0108	0.0102	0.0062	0.0074	0.0097	0.0063	0.0093	0.0051	0.0096	0.0154	0.0083	0.0199	0.0098	0.0012	0.0148	
0.0069	0.0109	0.0077	0.0074	0.0143	0.0082	0.0061	0.0047	0.0014	0.0005	0.0074	0.0045	0.0106	0.0147	0.0155	0.0096	0.0107	0.0173	0.0190	0.0149	0.0038	0.0085	0.0140	0.0057	0.0086	0.0130	0.0084	0.0163	0.0042	0.0078	0.0100	0.0070	0.0014	0.0146	0.0127	0.0057	0.0164	0.0182	0.0182	0.0173	0.0060	0.0050	0.0057	0.0091	0.0026	0.0052	0.0216	0.0117	0.0132	0.0086	0.0191	0.0005	0.0101	0.0073	0.0109	0.0192	0.0174	0.0029	0.0004	0.0194	0.0201	0.0049	0.0183	0.0135	0.0098	0.0006	0.0034	0.0175	0.0023	0.0074	0.0108	0.0127	0.0006	0.0013	0.0085	0.0180	0.0031	0.0049	0.0036	0.0022	0.0131	0.0180	0.0038	0.0188	0.0081	0.0095	0.0181	0.0142	0.0011	0.0144	0.0077	0.0173	0.0163	0.0172	0.0173	0.0005	0.0069	0.0129	0.0193	0.0020	
0.0024	0.0028	0.0071	0.0081	0.0140	0.0049	0.0223	0.0104	0.0001	0.0167	0.0146	0.0101	0.0212	0.0208	0.0055	0.0030	0.0018	0.0030	0.0059	0.0014	0.0043	0.0099	0.0168	0.0073	0.0210	0.0097	0.0164	0.0020	0.0028	0.0086	0.0138	0.0113	0.0065	0.0021	0.0212	0.0114	0.0070	0.0179	0.0216	0.0019	0.0087	0.0063	0.0149	0.0092	0.0205	0.0168	0.0202	0.0178	0.0081	0.0159	0.0174	0.0034	0.0050	0.0143	0.0163	0.0125	0.0074	0.0008	0.0103	0.0021	0.0093	0.0128	0.0037	0.0097	0.0007	0.0048	0.0056	0.0184	0.0226	0.0112	0.0139	0.0051	0.0040	0.0030	0.0154	0.0159	0.0178	0.0078	0.0110	0.0014	0.0168	0.0189	0.0123	0.0077	0.0082	0.0096	0.0075	0.0101	0.0031	0.0068	0.0031	0.0089	0.0062	0.0167	0.0134	0.0110	0.0030	0.0008	0.0079	0.0159	
0.0119	0.0190	0.0001	0.0186	0.0011	0.0111	0.0195	0.0015	0.0051	0.0028	0.0161	0.0169	0.0117	0.0075	0.0041	0.0118	0.0060	0.0166	0.0039	0.0112	0.0200	0.0150	0.0134	0.0107	0.0086	0.0046	0.0190	0.0043	0.0078	0.0227	0.0143	0.0139	0.0003	0.0184	0.0097	0.0179	0.0155	0.0124	0.0069	0.0131	0.0093	0.0038	0.0069	0.0012	0.0084	0.0049	0.0180	0.0188	0.0090	0.0028	0.0058	0.0059	0.0159	0.0135	0.0136	0.0173	0.0055	0.0083	0.0119	0.0135	0.0118	0.0103	0.0083	0.0033	0.0079	0.0036	0.0210	0.0150	0.0207	0.0043	0.0129	0.0122	0.0111	0.0065	0.0023	0.0125	0.0075	0.0121	0.0033	0.0025	0.0085	0.0001	0.0141	0.0072	0.0131	0.0074	0.0200	0.0045	0.0006	0.0106	0.0092	0.0104	0.0006	0.0111	0.0035	0.0147	0.0154	0.0025	0.0119	0.0057	
0.0057	0.0017	0.0017	0.0085	0.0082	0.0103	0.0142	0.0088	0.0160	0.0020	0.0109	0.0110	0.0053	0.0084	0.0055	0.0138	0.0188	0.0036	0.0097	0.0017	0.0059	0.0156	0.0140	0.0069	0.0114	0.0024	0.0140	0.0148	0.0035	0.0060	0.0225	0.0046	0.0009	0.0195	0.0184	0.0082	0.0174	0.0056	0.0188	0.0023	0.0121	0.0082	0.0121	0.0204	0.0189	0.0003	0.0046	0.0125	0.0051	0.0116	0.0167	0.0114	0.0124	0.0093	0.0186	0.0108	0.0077	0.0143	0.0182	0.0064	0.0167	0.0136	0.0034	0.0066	0.0019	0.0068	0.0121	0.0073	0.0116	0.0169	0.0148	0.0127	0.0061	0.0068	0.0103	0.0151	0.0028	0.0151	0.0084	0.0092	0.0181	0.0009	0.0134	0.0117	0.0080	0.0094	0.0137	0.0102	0.0172	0.0057	0.0002	0.0035	0.0080	0.0109	0.0055	0.0155	0.0055	0.0033	0.0171	0.0139	
0.0083	0.0175	0.0023	0.0082	0.0155	0.0022	0.0051	0.0054	0.0010	0.0045	0.0079	0.0117	0.0078	0.0052	0.0082	0.0175	0.0031	0.0109	0.0184	0.0130	0.0153	0.0011	0.0090	0.0040	0.0190	0.0084	0.0057	0.0110	0.0017	0.0134	0.0104	0.0180	0.0162	0.0176	0.0030	0.0014	0.0147	0.0040	0.0161	0.0053	0.0047	0.0063	0.0101	0.0152	0.0184	0.0075	0.0179	0.0033	0.0021	0.0093	0.0123	0.0138	0.0035	0.0037	0.0161	0.0067	0.0084	0.0191	0.0124	0.0054	0.0163	0.0077	0.0023	0.0070	0.0110	0.0101	0.0163	0.0118	0.0023	0.0052	0.0170	0.0165	0.0172	0.0107	0.0084	0.0069	0.0126	0.0140	0.0075	0.0082	0.0127	0.0026	0.0129	0.0129	0.0179	0.0165	0.0166	0.0134	0.0152	0.0157	0.0095	0.0212	0.0113	0.0091	0.0090	0.0139	0.0050	0.0017	0.0012	0.0077	
0.0131	0.0046	0.0010	0.0138	0.0110	0.0136	0.0197	0.0108	0.0173	0.0109	0.0140	0.0152	0.0116	0.0023	0.0113	0.0127	0.0169	0.0086	0.0084	0.0176	0.0133	0.0186	0.0135	0.0053	0.0147	0.0175	0.0070	0.0045	0.0034	0.0120	0.0023	0.0081	0.0117	0.0214	0.0137	0.0089	0.0012	0.0146	0.0014	0.0048	0.0183	0.0045	0.0159	0.0067	0.0000	0.0179	0.0087	0.0095	0.0140	0.0162	0.0172	0.0129	0.0109	0.0039	0.0121	0.0143	0.0094	0.0154	0.0031	0.0115	0.0058	0.0108	0.0059	0.0044	0.0071	0.0072	0.0013	0.0101	0.0077	0.0005	0.0115	0.0018	0.0089	0.0035	0.0177	0.0076	0.0023	0.0067	0.0053	0.0142	0.0073	0.0171	0.0070	0.0089	0.0132	0.0077	0.0160	0.0084	0.0056	0.0005	0.0003	0.0063	0.0108	0.0079	0.0157	0.0057	0.0219	0.0143	0.0182	0.0125	
0.0174	0.0195	0.0017	0.0178	0.0032	0.0167	0.0060	0.0090	0.0078	0.0056	0.0118	0.0026	0.0104	0.0093	0.0035	0.0093	0.0050	0.0181	0.0101	0.0209	0.0110	0.0141	0.0044	0.0068	0.0003	0.0049	0.0099	0.0147	0.0046	0.0141	0.0111	0.0093	0.0090	0.0153	0.0179	0.0115	0.0154	0.0104	0.0049	0.0164	0.0029	0.0080	0.0025	0.0016	0.0083	0.0180	0.0190	0.0038	0.0043	0.0116	0.0016	0.0009	0.0022	0.0178	0.0036	0.0054	0.0145	0.0157	0.0204	0.0174	0.0063	0.0051	0.0020	0.0129	0.0142	0.0034	0.0164	0.0171	0.0146	0.0111	0.0134	0.0139	0.0157	0.0112	0.0199	0.0004	0.0114	0.0030	0.0200	0.0023	0.0077	0.0065	0.0160	0.0166	0.0104	0.0091	0.0081	0.0096	0.0088	0.0118	0.0134	0.0015	0.0107	0.0070	0.0110	0.0168	0.0081	0.0086	0.0066	0.0061	
0.0040	0.0013	0.0096	0.0155	0.0140	0.0053	0.0073	0.0113	0.0030	0.0042	0.0149	0.0089	0.0176	0.0199	0.0104	0.0006	0.0113	0.0079	0.0042	0.0061	0.0194	0.0051	0.0077	0.0009	0.0153	0.0072	0.0039	0.0047	0.0010	0.0254	0.0170	0.0025	0.0169	0.0169	0.0223	0.0074	0.0135	0.0008	0.0203	0.0033	0.0017	0.0144	0.0091	0.0072	0.0179	0.0066	0.0066	0.0157	0.0129	0.0117	0.0058	0.0255	0.0039	0.0187	0.0088	0.0185	0.0152	0.0107	0.0231	0.0068	0.0025	0.0003	0.0059	0.0016	0.0084	0.0134	0.0154	0.0029	0.0219	0.0018	0.0062	0.0092	0.0108	0.0173	0.0063	0.0191	0.0179	0.0011	0.0058	0.0063	0.0057	0.0079	0.0104	0.0092	0.0142	0.0148	0.0241	0.0167	0.0037	0.0208	0.0091	0.0053	0.0017	0.0104	0.0020	0.0012	0.0111	0.0055	0.0178	0.0044	
0.0129	0.0027	0.0003	0.0156	0.0047	0.0139	0.0116	0.0041	0.0182	0.0133	0.0030	0.0121	0.0062	0.0108	0.0017	0.0173	0.0107	0.0182	0.0077	0.0163	0.0154	0.0168	0.0195	0.0158	0.0100	0.0010	0.0089	0.0156	0.0163	0.0037	0.0091	0.0103	0.0043	0.0015	0.0160	0.0028	0.0059	0.0143	0.0054	0.0171	0.0036	0.0132	0.0023	0.0135	0.0180	0.0187	0.0214	0.0114	0.0063	0.0067	0.0093	0.0116	0.0169	0.0005	0.0089	0.0151	0.0043	0.0033	0.0076	0.0036	0.0062	0.0084	0.0045	0.0098	0.0024	0.0134	0.0099	0.0044	0.0156	0.0162	0.0081	0.0152	0.0152	0.0073	0.0139	0.0192	0.0170	0.0061	0.0014	0.0083	0.0023	0.0176	0.0132	0.0115	0.0128	0.0177	0.0145	0.0038	0.0108	0.0005	0.0138	0.0040	0.0062	0.0011	0.0131	0.0131	0.0095	0.0104	0.0108	0.0035	
0.0099	0.0138	0.0152	0.0100	0.0144	0.0110	0.0143	0.0090	0.0101	0.0103	0.0010	0.0155	0.0018	0.0208	0.0014	0.0085	0.0185	0.0143	0.0170	0.0049	0.0209	0.0052	0.0114	0.0142	0.0001	0.0043	0.0119	0.0092	0.0119	0.0201	0.0113	0.0041	0.0175	0.0185	0.0204	0.0081	0.0008	0.0021	0.0132	0.0013	0.0193	0.0032	0.0162	0.0019	0.0159	0.0005	0.0017	0.0077	0.0175	0.0051	0.0162	0.0178	0.0130	0.0040	0.0033	0.0063	0.0020	0.0027	0.0100	0.0128	0.0180	0.0057	0.0114	0.0088	0.0003	0.0160	0.0018	0.0039	0.0233	0.0139	0.0084	0.0161	0.0011	0.0163	0.0071	0.0140	0.0076	0.0097	0.0152	0.0152	0.0030	0.0035	0.0112	0.0093	0.0030	0.0140	0.0123	0.0119	0.0139	0.0111	0.0053	0.0178	0.0107	0.0198	0.0016	0.0110	0.0124	0.0049	0.0014	0.0027	
0.0192	0.0176	0.0075	0.0071	0.0142	0.0162	0.0144	0.0178	0.0234	0.0097	0.0169	0.0097	0.0091	0.0115	0.0109	0.0197	0.0136	0.0026	0.0071	0.0052	0.0062	0.0107	0.0103	0.0080	0.0074	0.0066	0.0039	0.0012	0.0125	0.0166	0.0056	0.0039	0.0084	0.0142	0.0012	0.0051	0.0125	0.0060	0.0149	0.0036	0.0012	0.0132	0.0160	0.0072	0.0146	0.0142	0.0110	0.0025	0.0068	0.0052	0.0170	0.0094	0.0175	0.0147	0.0155	0.0080	0.0084	0.0004	0.0222	0.0069	0.0153	0.0095	0.0006	0.0025	0.0024	0.0144	0.0027	0.0172	0.0104	0.0046	0.0021	0.0076	0.0098	0.0024	0.0050	0.0097	0.0166	0.0033	0.0171	0.0100	0.0004	0.0013	0.0137	0.0089	0.0154	0.0172	0.0072	0.0121	0.0135	0.0128	0.0121	0.0158	0.0054	0.0057	0.0099	0.0083	0.0165	0.0110	0.0038	0.0218	
0.0113	0.0113	0.0110	0.0051	0.0017	0.0070	0.0157	0.0166	0.0196	0.0095	0.0124	0.0029	0.0050	0.0100	0.0078	0.0183	0.0180	0.0128	0.0064	0.0048	0.0102	0.0125	0.0012	0.0155	0.0070	0.0036	0.0034	0.0017	0.0080	0.0202	0.0202	0.0038	0.0199	0.0194	0.0006	0.0080	0.0065	0.0101	0.0079	0.0042	0.0156	0.0075	0.0009	0.0095	0.0185	0.0115	0.0110	0.0154	0.0112	0.0165	0.0091	0.0058	0.0047	0.0149	0.0095	0.0020	0.0118	0.0160	0.0209	0.0130	0.0055	0.0105	0.0009	0.0100	0.0104	0.0092	0.0050	0.0097	0.0093	0.0192	0.0069	0.0082	0.0046	0.0001	0.0122	0.0162	0.0083	0.0138	0.0226	0.0085	0.0198	0.0053	0.0052	0.0119	0.0050	0.0104	0.0263	0.0019	0.0041	0.0191	0.0085	0.0110	0.0097	0.0118	0.0014	0.0011	0.0101	0.0027	0.0148	0.0126	
0.0060	0.0000	0.0103	0.0227	0.0058	0.0152	0.0159	0.0047	0.0133	0.0174	0.0129	0.0114	0.0008	0.0004	0.0176	0.0011	0.0111	0.0057	0.0106	0.0025	0.0141	0.0041	0.0039	0.0086	0.0034	0.0087	0.0001	0.0074	0.0118	0.0101	0.0108	0.0059	0.0210	0.0096	0.0118	0.0221	0.0128	0.0071	0.0082	0.0052	0.0099	0.0106	0.0162	0.0129	0.0042	0.0173	0.0100	0.0103	0.0102	0.0005	0.0102	0.0063	0.0132	0.0103	0.0165	0.0031	0.0165	0.0032	0.0199	0.0121	0.0165	0.0048	0.0032	0.0009	0.0062	0.0078	0.0178	0.0139	0.0152	0.0177	0.0097	0.0044	0.0194	0.0033	0.0173	0.0151	0.0088	0.0139	0.0053	0.0035	0.0088	0.0098	0.0205	0.0140	0.0166	0.0029	0.0183	0.0063	0.0090	0.0063	0.0019	0.0110	0.0087	0.0147	0.0108	0.0034	0.0101	0.0099	0.0033	0.0233	
0.0196	0.0166	0.0005	0.0179	0.0118	0.0035	0.0075	0.0092	0.0234	0.0026	0.0132	0.0022	0.0218	0.0094	0.0050	0.0099	0.0088	0.0071	0.0037	0.0048	0.0159	0.0119	0.0030	0.0047	0.0157	0.0151	0.0152	0.0035	0.0122	0.0096	0.0068	0.0170	0.0096	0.0091	0.0077	0.0117	0.0069	0.0206	0.0063	0.0126	0.0158	0.0048	0.0088	0.0084	0.0134	0.0009	0.0113	0.0015	0.0068	0.0016	0.0139	0.0023	0.0079	0.0172	0.0014	0.0067	0.0134	0.0167	0.0049	0.0126	0.0087	0.0016	0.0123	0.0090	0.0132	0.0181	0.0139	0.0121	0.0015	0.0106	0.0007	0.0089	0.0014	0.0083	0.0093	0.0095	0.0038	0.0154	0.0136	0.0122	0.0081	0.0140	0.0171	0.0123	0.0137	0.0046	0.0100	0.0117	0.0057	0.0009	0.0150	0.0139	0.0143	0.0119	0.0054	0.0135	0.0119	0.0191	0.0133	0.0159	
0.0100	0.0177	0.0002	0.0171	0.0006	0.0039	0.0011	0.0212	0.0147	0.0157	0.0033	0.0148	0.0023	0.0136	0.0048	0.0176	0.0058	0.0031	0.0159	0.0107	0.0084	0.0206	0.0060	0.0005	0.0136	0.0051	0.0148	0.0063	0.0038	0.0157	0.0201	0.0050	0.0024	0.0215	0.0038	0.0101	0.0110	0.0216	0.0121	0.0073	0.0031	0.0086	0.0014	0.0157	0.0202	0.0013	0.0129	0.0026	0.0053	0.0107	0.0071	0.0087	0.0018	0.0011	0.0068	0.0085	0.0129	0.0204	0.0040	0.0110	0.0099	0.0089	0.0094	0.0125	0.0105	0.0190	0.0172	0.0044	0.0094	0.0116	0.0006	0.0058	0.0130	0.0056	0.0094	0.0177	0.0212	0.0118	0.0036	0.0091	0.0166	0.0127	0.0013	0.0120	0.0052	0.0112	0.0037	0.0014	0.0087	0.0144	0.0121	0.0159	0.0151	0.0175	0.0204	0.0099	0.0179	0.0040	0.0007	0.0205	
0.0060	0.0062	0.0121	0.0140	0.0084	0.0007	0.0162	0.0166	0.0181	0.0129	0.0100	0.0013	0.0176	0.0133	0.0159	0.0189	0.0104	0.0005	0.0106	0.0024	0.0173	0.0151	0.0142	0.0126	0.0161	0.0047	0.0116	0.0092	0.0056	0.0187	0.0000	0.0139	0.0099	0.0054	0.0059	0.0107	0.0150	0.0078	0.0031	0.0038	0.0145	0.0066	0.0082	0.0215	0.0033	0.0163	0.0199	0.0033	0.0023	0.0035	0.0005	0.0182	0.0126	0.0161	0.0027	0.0114	0.0123	0.0012	0.0207	0.0034	0.0087	0.0017	0.0056	0.0136	0.0091	0.0175	0.0120	0.0122	0.0077	0.0031	0.0190	0.0032	0.0187	0.0054	0.0088	0.0069	0.0064	0.0143	0.0113	0.0149	0.0082	0.0087	0.0110	0.0036	0.0149	0.0037	0.0014	0.0116	0.0013	0.0134	0.0132	0.0182	0.0076	0.0185	0.0151	0.0113	0.0008	0.0100	0.0088	0.0072	
0.0063	0.0057	0.0145	0.0218	0.0037	0.0142	0.0195	0.0073	0.0151	0.0205	0.0061	0.0150	0.0113	0.0249	0.0161	0.0005	0.0115	0.0042	0.0020	0.0068	0.0181	0.0208	0.0115	0.0128	0.0046	0.0017	0.0154	0.0139	0.0092	0.0173	0.0074	0.0168	0.0056	0.0050	0.0144	0.0032	0.0100	0.0122	0.0218	0.0153	0.0048	0.0124	0.0020	0.0065	0.0078	0.0012	0.0072	0.0080	0.0033	0.0157	0.0009	0.0204	0.0084	0.0013	0.0098	0.0069	0.0161	0.0041	0.0175	0.0019	0.0014	0.0002	0.0114	0.0126	0.0081	0.0108	0.0129	0.0070	0.0086	0.0108	0.0091	0.0013	0.0048	0.0026	0.0026	0.0008	0.0183	0.0050	0.0071	0.0027	0.0167	0.0071	0.0157	0.0137	0.0134	0.0100	0.0093	0.0044	0.0122	0.0057	0.0058	0.0085	0.0150	0.0174	0.0185	0.0043	0.0217	0.0053	0.0173	0.0192	
0.0102	0.0234	0.0017	0.0124	0.0076	0.0225	0.0166	0.0063	0.0229	0.0117	0.0110	0.0135	0.0229	0.0116	0.0063	0.0159	0.0068	0.0003	0.0027	0.0250	0.0032	0.0079	0.0144	0.0015	0.0048	0.0018	0.0069	0.0067	0.0056	0.0198	0.0016	0.0111	0.0087	0.0121	0.0146	0.0175	0.0048	0.0014	0.0096	0.0160	0.0194	0.0025	0.0054	0.0041	0.0169	0.0185	0.0109	0.0041	0.0103	0.0035	0.0205	0.0193	0.0030	0.0166	0.0144	0.0023	0.0070	0.0003	0.0105	0.0050	0.0139	0.0053	0.0216	0.0024	0.0084	0.0250	0.0031	0.0089	0.0203	0.0075	0.0104	0.0051	0.0144	0.0078	0.0030	0.0004	0.0029	0.0100	0.0069	0.0078	0.0109	0.0032	0.0182	0.0033	0.0202	0.0027	0.0089	0.0136	0.0167	0.0131	0.0103	0.0055	0.0125	0.0043	0.0011	0.0131	0.0036	0.0038	0.0179	0.0161	
0.0147	0.0016	0.0046	0.0032	0.0127	0.0134	0.0084	0.0163	0.0161	0.0148	0.0180	0.0174	0.0150	0.0027	0.0134	0.0104	0.0093	0.0158	0.0035	0.0062	0.0120	0.0104	0.0121	0.0052	0.0194	0.0043	0.0125	0.0055	0.0063	0.0113	0.0174	0.0180	0.0130	0.0136	0.0115	0.0095	0.0148	0.0124	0.0092	0.0041	0.0149	0.0117	0.0181	0.0032	0.0126	0.0138	0.0120	0.0093	0.0086	0.0114	0.0026	0.0056	0.0181	0.0085	0.0031	0.0047	0.0094	0.0209	0.0065	0.0078	0.0010	0.0002	0.0064	0.0029	0.0137	0.0006	0.0033	0.0016	0.0123	0.0017	0.0124	0.0158	0.0085	0.0158	0.0119	0.0169	0.0132	0.0086	0.0129	0.0032	0.0115	0.0037	0.0162	0.0176	0.0076	0.0118	0.0207	0.0049	0.0076	0.0068	0.0008	0.0188	0.0054	0.0008	0.0032	0.0133	0.0076	0.0167	0.0077	0.0121	
0.0122	0.0083	0.0133	0.0111	0.0108	0.0035	0.0173	0.0000	0.0305	0.0079	0.0118	0.0003	0.0062	0.0040	0.0149	0.0251	0.0037	0.0130	0.0148	0.0028	0.0007	0.0200	0.0150	0.0038	0.0009	0.0059	0.0106	0.0042	0.0115	0.0207	0.0144	0.0177	0.0012	0.0020	0.0137	0.0039	0.0042	0.0080	0.0220	0.0015	0.0113	0.0139	0.0078	0.0034	0.0170	0.0004	0.0157	0.0024	0.0036	0.0055	0.0081	0.0202	0.0193	0.0033	0.0093	0.0103	0.0168	0.0132	0.0103	0.0026	0.0156	0.0061	0.0020	0.0011	0.0094	0.0148	0.0191	0.0051	0.0140	0.0094	0.0108	0.0117	0.0138	0.0093	0.0131	0.0006	0.0121	0.0114	0.0135	0.0003	0.0037	0.0085	0.0013	0.0065	0.0054	0.0168	0.0236	0.0140	0.0080	0.0194	0.0038	0.0140	0.0170	0.0143	0.0096	0.0032	0.0148	0.0034	0.0097	0.0218	
0.0014	0.0060	0.0097	0.0193	0.0087	0.0085	0.0025	0.0082	0.0262	0.0155	0.0020	0.0038	0.0036	0.0124	0.0216	0.0081	0.0084	0.0184	0.0159	0.0148	0.0251	0.0022	0.0165	0.0116	0.0030	0.0001	0.0003	0.0112	0.0032	0.0068	0.0066	0.0076	0.0013	0.0160	0.0238	0.0174	0.0136	0.0076	0.0192	0.0090	0.0116	0.0072	0.0031	0.0246	0.0197	0.0013	0.0112	0.0079	0.0097	0.0030	0.0131	0.0013	0.0095	0.0099	0.0157	0.0160	0.0130	0.0005	0.0154	0.0121	0.0133	0.0030	0.0013	0.0059	0.0044	0.0144	0.0047	0.0124	0.0125	0.0027	0.0095	0.0026	0.0206	0.0012	0.0069	0.0106	0.0202	0.0164	0.0207	0.0011	0.0135	0.0115	0.0035	0.0008	0.0098	0.0044	0.0257	0.0091	0.0121	0.0214	0.0026	0.0193	0.0131	0.0011	0.0029	0.0071	0.0079	0.0098	0.0152	0.0018	
0.0172	0.0181	0.0009	0.0114	0.0131	0.0105	0.0017	0.0084	0.0078	0.0103	0.0002	0.0178	0.0062	0.0101	0.0021	0.0012	0.0016	0.0013	0.0185	0.0019	0.0189	0.0143	0.0173	0.0082	0.0212	0.0111	0.0097	0.0138	0.0168	0.0176	0.0020	0.0063	0.0005	0.0162	0.0052	0.0136	0.0078	0.0113	0.0077	0.0176	0.0025	0.0089	0.0041	0.0062	0.0216	0.0066	0.0115	0.0036	0.0137	0.0015	0.0065	0.0060	0.0122	0.0110	0.0034	0.0022	0.0007	0.0129	0.0152	0.0182	0.0011	0.0025	0.0070	0.0090	0.0056	0.0151	0.0214	0.0119	0.0053	0.0057	0.0110	0.0095	0.0158	0.0001	0.0216	0.0072	0.0123	0.0106	0.0097	0.0107	0.0031	0.0065	0.0212	0.0189	0.0088	0.0160	0.0147	0.0080	0.0089	0.0031	0.0106	0.0193	0.0157	0.0072	0.0171	0.0181	0.0022	0.0148	0.0207	0.0061	
0.0098	0.0185	0.0149	0.0116	0.0084	0.0139	0.0137	0.0146	0.0170	0.0196	0.0108	0.0090	0.0024	0.0030	0.0167	0.0166	0.0034	0.0106	0.0012	0.0109	0.0216	0.0092	0.0017	0.0015	0.0138	0.0097	0.0138	0.0044	0.0017	0.0218	0.0056	0.0157	0.0101	0.0045	0.0017	0.0047	0.0063	0.0078	0.0081	0.0109	0.0035	0.0006	0.0153	0.0148	0.0124	0.0040	0.0178	0.0131	0.0077	0.0035	0.0144	0.0115	0.0115	0.0071	0.0053	0.0005	0.0168	0.0177	0.0211	0.0139	0.0014	0.0045	0.0081	0.0108	0.0087	0.0162	0.0217	0.0186	0.0012	0.0091	0.0064	0.0133	0.0035	0.0063	0.0083	0.0189	0.0162	0.0079	0.0109	0.0071	0.0163	0.0008	0.0164	0.0180	0.0033	0.0143	0.0047	0.0030	0.0152	0.0012	0.0056	0.0118	0.0073	0.0112	0.0112	0.0159	0.0106	0.0012	0.0030	0.0167	
0.0060	0.0165	0.0106	0.0003	0.0131	0.0165	0.0085	0.0048	0.0016	0.0085	0.0061	0.0070	0.0070	0.0129	0.0177	0.0008	0.0100	0.0135	0.0101	0.0159	0.0129	0.0164	0.0005	0.0185	0.0029	0.0099	0.0085	0.0080	0.0139	0.0108	0.0108	0.0132	0.0047	0.0174	0.0031	0.0015	0.0070	0.0170	0.0020	0.0031	0.0057	0.0164	0.0023	0.0124	0.0170	0.0186	0.0051	0.0157	0.0106	0.0109	0.0064	0.0198	0.0107	0.0055	0.0042	0.0094	0.0173	0.0131	0.0202	0.0005	0.0116	0.0126	0.0053	0.0089	0.0139	0.0138	0.0042	0.0125	0.0096	0.0139	0.0122	0.0128	0.0120	0.0052	0.0130	0.0117	0.0148	0.0100	0.0058	0.0026	0.0116	0.0121	0.0189	0.0048	0.0020	0.0126	0.0025	0.0172	0.0088	0.0129	0.0033	0.0175	0.0167	0.0013	0.0136	0.0087	0.0125	0.0091	0.0150	0.0015	
0.0149	0.0125	0.0074	0.0176	0.0174	0.0103	0.0069	0.0048	0.0173	0.0141	0.0156	0.0071	0.0083	0.0136	0.0087	0.0188	0.0005	0.0021	0.0092	0.0053	0.0115	0.0048	0.0017	0.0141	0.0112	0.0153	0.0183	0.0074	0.0114	0.0007	0.0185	0.0028	0.0146	0.0040	0.0075	0.0178	0.0027	0.0167	0.0067	0.0102	0.0054	0.0151	0.0030	0.0170	0.0149	0.0171	0.0076	0.0029	0.0100	0.0143	0.0088	0.0096	0.0001	0.0076	0.0089	0.0104	0.0102	0.0133	0.0088	0.0012	0.0109	0.0151	0.0100	0.0136	0.0128	0.0147	0.0125	0.0040	0.0067	0.0077	0.0153	0.0033	0.0159	0.0157	0.0203	0.0128	0.0018	0.0046	0.0002	0.0120	0.0082	0.0158	0.0166	0.0198	0.0110	0.0087	0.0029	0.0071	0.0127	0.0162	0.0074	0.0101	0.0073	0.0052	0.0177	0.0076	0.0070	0.0084	0.0024	0.0012	
0.0069	0.0033	0.0132	0.0041	0.0141	0.0045	0.0160	0.0018	0.0126	0.0207	0.0084	0.0043	0.0138	0.0192	0.0120	0.0196	0.0005	0.0131	0.0035	0.0050	0.0130	0.0043	0.0114	0.0086	0.0208	0.0034	0.0149	0.0068	0.0158	0.0135	0.0087	0.0140	0.0022	0.0231	0.0069	0.0060	0.0158	0.0150	0.0010	0.0046	0.0130	0.0011	0.0207	0.0206	0.0095	0.0033	0.0216	0.0111	0.0093	0.0041	0.0069	0.0164	0.0042	0.0150	0.0090	0.0020	0.0137	0.0074	0.0046	0.0107	0.0110	0.0032	0.0017	0.0123	0.0062	0.0157	0.0035	0.0149	0.0114	0.0045	0.0148	0.0059	0.0126	0.0136	0.0135	0.0104	0.0063	0.0128	0.0017	0.0123	0.0085	0.0034	0.0186	0.0129	0.0033	0.0142	0.0118	0.0047	0.0075	0.0043	0.0083	0.0146	0.0086	0.0083	0.0166	0.0090	0.0195	0.0012	0.0112	0.0144	
0.0005	0.0038	0.0027	0.0093	0.0096	0.0002	0.0041	0.0090	0.0096	0.0004	0.0179	0.0015	0.0076	0.0087	0.0043	0.0084	0.0098	0.0085	0.0151	0.0185	0.0072	0.0210	0.0061	0.0054	0.0167	0.0032	0.0214	0.0023	0.0017	0.0002	0.0127	0.0045	0.0020	0.0122	0.0181	0.0061	0.0005	0.0088	0.0074	0.0036	0.0123	0.0027	0.0213	0.0108	0.0092	0.0135	0.0087	0.0014	0.0042	0.0113	0.0020	0.0126	0.0081	0.0164	0.0073	0.0031	0.0210	0.0223	0.0206	0.0056	0.0016	0.0003	0.0052	0.0070	0.0093	0.0168	0.0282	0.0199	0.0154	0.0168	0.0070	0.0013	0.0022	0.0098	0.0051	0.0035	0.0267	0.0188	0.0202	0.0004	0.0160	0.0208	0.0221	0.0162	0.0209	0.0001	0.0206	0.0072	0.0021	0.0153	0.0069	0.0038	0.0116	0.0011	0.0020	0.0110	0.0242	0.0152	0.0242	0.0176	
0.0123	0.0100	0.0076	0.0069	0.0026	0.0005	0.0099	0.0185	0.0138	0.0042	0.0030	0.0015	0.0211	0.0164	0.0089	0.0039	0.0026	0.0120	0.0078	0.0093	0.0167	0.0132	0.0149	0.0168	0.0105	0.0026	0.0100	0.0005	0.0073	0.0147	0.0055	0.0072	0.0153	0.0036	0.0078	0.0059	0.0071	0.0106	0.0096	0.0154	0.0103	0.0165	0.0144	0.0191	0.0103	0.0060	0.0035	0.0140	0.0091	0.0181	0.0069	0.0050	0.0031	0.0090	0.0166	0.0182	0.0149	0.0108	0.0182	0.0177	0.0097	0.0070	0.0068	0.0151	0.0154	0.0162	0.0051	0.0164	0.0090	0.0019	0.0145	0.0108	0.0033	0.0086	0.0202	0.0157	0.0204	0.0160	0.0087	0.0032	0.0000	0.0157	0.0088	0.0103	0.0059	0.0005	0.0046	0.0066	0.0041	0.0084	0.0085	0.0188	0.0117	0.0092	0.0073	0.0021	0.0123	0.0167	0.0001	0.0147	
0.0018	0.0066	0.0050	0.0092	0.0025	0.0134	0.0022	0.0142	0.0146	0.0024	0.0005	0.0165	0.0020	0.0136	0.0196	0.0156	0.0001	0.0171	0.0106	0.0180	0.0121	0.0173	0.0120	0.0167	0.0125	0.0114	0.0187	0.0088	0.0022	0.0180	0.0054	0.0019	0.0140	0.0167	0.0017	0.0123	0.0077	0.0197	0.0078	0.0094	0.0168	0.0093	0.0151	0.0028	0.0089	0.0113	0.0181	0.0185	0.0065	0.0136	0.0020	0.0131	0.0043	0.0020	0.0028	0.0039	0.0148	0.0070	0.0206	0.0048	0.0147	0.0066	0.0073	0.0121	0.0129	0.0199	0.0029	0.0074	0.0133	0.0049	0.0040	0.0012	0.0122	0.0004	0.0221	0.0186	0.0029	0.0090	0.0117	0.0157	0.0011	0.0011	0.0034	0.0089	0.0126	0.0118	0.0192	0.0122	0.0094	0.0172	0.0117	0.0032	0.0178	0.0018	0.0150	0.0089	0.0015	0.0189	0.0063	0.0100	
0.0106	0.0099	0.0063	0.0040	0.0097	0.0008	0.0031	0.0051	0.0044	0.0042	0.0017	0.0063	0.0183	0.0003	0.0050	0.0159	0.0062	0.0013	0.0019	0.0055	0.0013	0.0102	0.0176	0.0151	0.0093	0.0014	0.0021	0.0072	0.0040	0.0110	0.0209	0.0032	0.0036	0.0024	0.0099	0.0131	0.0146	0.0219	0.0215	0.0129	0.0104	0.0124	0.0116	0.0090	0.0170	0.0140	0.0088	0.0216	0.0154	0.0025	0.0048	0.0003	0.0190	0.0009	0.0085	0.0015	0.0135	0.0136	0.0187	0.0085	0.0196	0.0139	0.0196	0.0142	0.0055	0.0220	0.0029	0.0148	0.0144	0.0115	0.0221	0.0066	0.0022	0.0085	0.0187	0.0082	0.0212	0.0090	0.0203	0.0153	0.0133	0.0028	0.0121	0.0025	0.0052	0.0193	0.0062	0.0027	0.0139	0.0080	0.0003	0.0029	0.0032	0.0120	0.0144	0.0153	0.0173	0.0192	0.0026	0.0204	
0.0100	0.0152	0.0064	0.0052	0.0027	0.0178	0.0222	0.0097	0.0058	0.0004	0.0027	0.0041	0.0157	0.0006	0.0147	0.0162	0.0032	0.0153	0.0085	0.0082	0.0134	0.0188	0.0195	0.0036	0.0136	0.0146	0.0030	0.0078	0.0124	0.0006	0.0138	0.0019	0.0054	0.0015	0.0045	0.0169	0.0117	0.0045	0.0188	0.0065	0.0192	0.0143	0.0160	0.0133	0.0044	0.0154	0.0093	0.0027	0.0116	0.0185	0.0110	0.0140	0.0058	0.0128	0.0035	0.0104	0.0141	0.0039	0.0153	0.0052	0.0137	0.0065	0.0127	0.0042	0.0047	0.0011	0.0224	0.0119	0.0163	0.0114	0.0016	0.0161	0.0208	0.0020	0.0081	0.0151	0.0033	0.0063	0.0001	0.0148	0.0062	0.0006	0.0148	0.0192	0.0084	0.0186	0.0155	0.0108	0.0152	0.0140	0.0036	0.0115	0.0086	0.0124	0.0105	0.0111	0.0026	0.0141	0.0079	0.0031	
0.0193	0.0154	0.0056	0.0017	0.0125	0.0104	0.0173	0.0042	0.0093	0.0086	0.0070	0.0059	0.0035	0.0002	0.0175	0.0168	0.0120	0.0188	0.0150	0.0058	0.0058	0.0065	0.0155	0.0011	0.0099	0.0066	0.0086	0.0034	0.0088	0.0175	0.0158	0.0102	0.0170	0.0186	0.0164	0.0110	0.0117	0.0137	0.0003	0.0123	0.0018	0.0095	0.0043	0.0109	0.0078	0.0158	0.0087	0.0084	0.0117	0.0168	0.0162	0.0050	0.0161	0.0010	0.0160	0.0109	0.0019	0.0054	0.0125	0.0048	0.0039	0.0094	0.0090	0.0084	0.0101	0.0165	0.0087	0.0068	0.0047	0.0057	0.0003	0.0010	0.0184	0.0160	0.0051	0.0137	0.0023	0.0047	0.0157	0.0099	0.0031	0.0192	0.0094	0.0105	0.0157	0.0098	0.0156	0.0159	0.0162	0.0033	0.0064	0.0089	0.0009	0.0142	0.0125	0.0082	0.0177	0.0107	0.0181	0.0107	
0.0079	0.0006	0.0041	0.0120	0.0088	0.0125	0.0053	0.0192	0.0292	0.0057	0.0096	0.0093	0.0108	0.0286	0.0025	0.0058	0.0037	0.0011	0.0130	0.0021	0.0051	0.0145	0.0078	0.0008	0.0137	0.0052	0.0003	0.0013	0.0043	0.0207	0.0225	0.0109	0.0074	0.0052	0.0063	0.0026	0.0129	0.0247	0.0182	0.0110	0.0024	0.0103	0.0016	0.0183	0.0123	0.0118	0.0209	0.0020	0.0075	0.0082	0.0052	0.0266	0.0202	0.0126	0.0048	0.0141	0.0128	0.0039	0.0164	0.0046	0.0166	0.0028	0.0047	0.0010	0.0072	0.0006	0.0087	0.0080	0.0203	0.0202	0.0111	0.0035	0.0057	0.0119	0.0004	0.0076	0.0081	0.0136	0.0107	0.0023	0.0168	0.0200	0.0113	0.0124	0.0088	0.0182	0.0162	0.0104	0.0153	0.0074	0.0051	0.0117	0.0052	0.0099	0.0031	0.0143	0.0071	0.0143	0.0055	0.0181	
0.0021	0.0097	0.0081	0.0129	0.0168	0.0002	0.0122	0.0043	0.0174	0.0212	0.0083	0.0185	0.0179	0.0085	0.0106	0.0214	0.0140	0.0105	0.0122	0.0113	0.0100	0.0183	0.0093	0.0063	0.0108	0.0001	0.0185	0.0136	0.0103	0.0023	0.0013	0.0100	0.0073	0.0174	0.0029	0.0057	0.0077	0.0189	0.0012	0.0083	0.0062	0.0066	0.0194	0.0003	0.0196	0.0099	0.0146	0.0182	0.0159	0.0038	0.0037	0.0175	0.0069	0.0137	0.0029	0.0046	0.0007	0.0027	0.0027	0.0171	0.0017	0.0129	0.0106	0.0106	0.0152	0.0195	0.0132	0.0015	0.0055	0.0038	0.0106	0.0156	0.0098	0.0026	0.0055	0.0018	0.0205	0.0087	0.0087	0.0003	0.0067	0.0204	0.0182	0.0075	0.0180	0.0051	0.0032	0.0132	0.0114	0.0183	0.0043	0.0064	0.0147	0.0029	0.0077	0.0106	0.0166	0.0065	0.0035	0.0210	
0.0172	0.0107	0.0111	0.0148	0.0105	0.0057	0.0066	0.0042	0.0115	0.0014	0.0053	0.0101	0.0140	0.0024	0.0110	0.0018	0.0160	0.0047	0.0128	0.0107	0.0161	0.0190	0.0091	0.0061	0.0179	0.0035	0.0017	0.0046	0.0123	0.0140	0.0068	0.0120	0.0046	0.0092	0.0024	0.0138	0.0050	0.0020	0.0146	0.0088	0.0163	0.0150	0.0037	0.0113	0.0120	0.0122	0.0123	0.0112	0.0088	0.0057	0.0122	0.0107	0.0115	0.0101	0.0033	0.0167	0.0023	0.0067	0.0165	0.0071	0.0049	0.0004	0.0066	0.0125	0.0119	0.0127	0.0069	0.0055	0.0215	0.0136	0.0145	0.0133	0.0099	0.0021	0.0149	0.0161	0.0149	0.0172	0.0147	0.0046	0.0119	0.0087	0.0143	0.0080	0.0180	0.0157	0.0001	0.0126	0.0041	0.0031	0.0097	0.0193	0.0051	0.0058	0.0058	0.0147	0.0104	0.0069	0.0159	0.0192	
0.0055	0.0059	0.0099	0.0127	0.0097	0.0165	0.0209	0.0100	0.0180	0.0068	0.0033	0.0044	0.0130	0.0087	0.0146	0.0141	0.0056	0.0155	0.0138	0.0180	0.0122	0.0119	0.0008	0.0134	0.0026	0.0150	0.0090	0.0027	0.0130	0.0153	0.0060	0.0062	0.0013	0.0165	0.0171	0.0058	0.0122	0.0164	0.0165	0.0017	0.0158	0.0082	0.0138	0.0169	0.0174	0.0080	0.0060	0.0146	0.0078	0.0099	0.0104	0.0089	0.0093	0.0156	0.0045	0.0122	0.0044	0.0164	0.0127	0.0115	0.0065	0.0132	0.0117	0.0015	0.0163	0.0171	0.0030	0.0148	0.0106	0.0057	0.0000	0.0067	0.0007	0.0108	0.0010	0.0025	0.0178	0.0024	0.0141	0.0127	0.0075	0.0136	0.0115	0.0066	0.0041	0.0147	0.0146	0.0026	0.0087	0.0059	0.0017	0.0184	0.0037	0.0046	0.0112	0.0007	0.0191	0.0155	0.0168	0.0024	
0.0072	0.0119	0.0042	0.0040	0.0109	0.0041	0.0122	0.0215	0.0247	0.0031	0.0167	0.0025	0.0246	0.0003	0.0038	0.0155	0.0037	0.0078	0.0186	0.0037	0.0002	0.0234	0.0072	0.0043	0.0068	0.0006	0.0037	0.0132	0.0002	0.0002	0.0071	0.0031	0.0049	0.0195	0.0085	0.0005	0.0103	0.0107	0.0188	0.0008	0.0081	0.0194	0.0059	0.0099	0.0131	0.0002	0.0001	0.0049	0.0020	0.0020	0.0192	0.0116	0.0187	0.0157	0.0026	0.0070	0.0044	0.0004	0.0224	0.0101	0.0005	0.0138	0.0159	0.0175	0.0161	0.0163	0.0236	0.0054	0.0165	0.0026	0.0022	0.0148	0.0138	0.0154	0.0204	0.0004	0.0192	0.0202	0.0151	0.0055	0.0005	0.0220	0.0156	0.0222	0.0030	0.0186	0.0069	0.0109	0.0125	0.0013	0.0146	0.0128	0.0113	0.0070	0.0003	0.0135	0.0045	0.0093	0.0142	0.0213	
0.0026	0.0153	0.0096	0.0200	0.0159	0.0028	0.0184	0.0009	0.0248	0.0025	0.0107	0.0050	0.0075	0.0149	0.0097	0.0016	0.0013	0.0179	0.0139	0.0190	0.0083	0.0087	0.0126	0.0110	0.0061	0.0086	0.0038	0.0033	0.0125	0.0034	0.0190	0.0072	0.0059	0.0179	0.0027	0.0048	0.0067	0.0145	0.0200	0.0158	0.0171	0.0038	0.0111	0.0110	0.0096	0.0107	0.0036	0.0165	0.0127	0.0196	0.0114	0.0063	0.0126	0.0108	0.0092	0.0139	0.0029	0.0197	0.0152	0.0074	0.0186	0.0113	0.0037	0.0129	0.0046	0.0044	0.0210	0.0119	0.0128	0.0037	0.0143	0.0070	0.0196	0.0129	0.0027	0.0026	0.0180	0.0025	0.0022	0.0121	0.0077	0.0067	0.0077	0.0160	0.0109	0.0113	0.0165	0.0135	0.0047	0.0077	0.0015	0.0085	0.0174	0.0106	0.0004	0.0032	0.0000	0.0141	0.0048	0.0061	
0.0114	0.0104	0.0052	0.0148	0.0033	0.0026	0.0064	0.0194	0.0142	0.0097	0.0159	0.0002	0.0175	0.0236	0.0200	0.0166	0.0058	0.0085	0.0046	0.0118	0.0114	0.0060	0.0067	0.0027	0.0018	0.0030	0.0082	0.0052	0.0111	0.0226	0.0032	0.0032	0.0157	0.0195	0.0045	0.0162	0.0161	0.0165	0.0139	0.0054	0.0040	0.0126	0.0052	0.0201	0.0114	0.0016	0.0126	0.0009	0.0070	0.0072	0.0145	0.0151	0.0091	0.0092	0.0134	0.0046	0.0055	0.0035	0.0134	0.0158	0.0156	0.0122	0.0015	0.0068	0.0036	0.0134	0.0025	0.0011	0.0177	0.0028	0.0124	0.0091	0.0164	0.0131	0.0120	0.0130	0.0009	0.0089	0.0156	0.0001	0.0158	0.0077	0.0196	0.0054	0.0016	0.0105	0.0176	0.0059	0.0008	0.0187	0.0064	0.0183	0.0023	0.0128	0.0136	0.0052	0.0142	0.0109	0.0135	0.0188	
0.0190	0.0084	0.0055	0.0080	0.0114	0.0034	0.0165	0.0130	0.0022	0.0035	0.0044	0.0134	0.0108	0.0128	0.0030	0.0082	0.0012	0.0158	0.0085	0.0132	0.0007	0.0161	0.0001	0.0145	0.0116	0.0114	0.0098	0.0017	0.0032	0.0031	0.0196	0.0070	0.0142	0.0186	0.0009	0.0067	0.0008	0.0100	0.0132	0.0138	0.0119	0.0011	0.0055	0.0190	0.0142	0.0132	0.0056	0.0099	0.0076	0.0056	0.0045	0.0208	0.0045	0.0161	0.0134	0.0034	0.0088	0.0104	0.0169	0.0153	0.0137	0.0113	0.0060	0.0142	0.0041	0.0170	0.0013	0.0138	0.0117	0.0143	0.0060	0.0097	0.0031	0.0094	0.0015	0.0187	0.0103	0.0021	0.0022	0.0137	0.0113	0.0190	0.0127	0.0155	0.0164	0.0186	0.0026	0.0157	0.0017	0.0165	0.0128	0.0107	0.0125	0.0143	0.0039	0.0162	0.0131	0.0057	0.0130	0.0174	
0.0135	0.0110	0.0005	0.0159	0.0150	0.0113	0.0167	0.0155	0.0245	0.0204	0.0132	0.0053	0.0095	0.0222	0.0060	0.0186	0.0025	0.0115	0.0010	0.0056	0.0186	0.0044	0.0129	0.0131	0.0186	0.0099	0.0187	0.0056	0.0059	0.0033	0.0077	0.0040	0.0089	0.0073	0.0059	0.0008	0.0168	0.0215	0.0217	0.0038	0.0029	0.0073	0.0007	0.0071	0.0037	0.0111	0.0015	0.0149	0.0067	0.0099	0.0153	0.0033	0.0055	0.0064	0.0006	0.0083	0.0205	0.0072	0.0197	0.0031	0.0155	0.0061	0.0041	0.0105	0.0080	0.0102	0.0192	0.0031	0.0159	0.0045	0.0163	0.0039	0.0134	0.0137	0.0036	0.0067	0.0036	0.0063	0.0124	0.0050	0.0150	0.0029	0.0219	0.0157	0.0065	0.0038	0.0235	0.0020	0.0048	0.0172	0.0009	0.0137	0.0014	0.0155	0.0109	0.0139	0.0031	0.0058	0.0181	0.0163	
0.0130	0.0183	0.0026	0.0041	0.0127	0.0104	0.0120	0.0096	0.0047	0.0150	0.0051	0.0129	0.0181	0.0088	0.0083	0.0119	0.0087	0.0075	0.0067	0.0062	0.0115	0.0146	0.0169	0.0141	0.0037	0.0033	0.0032	0.0123	0.0051	0.0078	0.0034	0.0150	0.0084	0.0184	0.0121	0.0148	0.0160	0.0137	0.0038	0.0139	0.0118	0.0079	0.0168	0.0111	0.0105	0.0072	0.0152	0.0117	0.0047	0.0181	0.0053	0.0135	0.0167	0.0088	0.0016	0.0173	0.0009	0.0069	0.0013	0.0086	0.0071	0.0117	0.0026	0.0142	0.0087	0.0094	0.0045	0.0190	0.0168	0.0095	0.0115	0.0129	0.0048	0.0094	0.0140	0.0020	0.0194	0.0060	0.0056	0.0142	0.0075	0.0110	0.0105	0.0080	0.0016	0.0086	0.0181	0.0177	0.0131	0.0140	0.0115	0.0129	0.0114	0.0128	0.0070	0.0168	0.0066	0.0012	0.0005	0.0014	
0.0042	0.0152	0.0127	0.0141	0.0054	0.0094	0.0115	0.0078	0.0210	0.0234	0.0006	0.0136	0.0009	0.0060	0.0004	0.0179	0.0038	0.0151	0.0143	0.0016	0.0117	0.0047	0.0051	0.0015	0.0182	0.0148	0.0026	0.0077	0.0035	0.0164	0.0163	0.0157	0.0052	0.0053	0.0114	0.0133	0.0136	0.0167	0.0017	0.0100	0.0179	0.0095	0.0024	0.0165	0.0159	0.0011	0.0135	0.0068	0.0100	0.0120	0.0135	0.0112	0.0059	0.0169	0.0097	0.0186	0.0102	0.0144	0.0197	0.0056	0.0078	0.0161	0.0023	0.0018	0.0031	0.0045	0.0101	0.0165	0.0159	0.0051	0.0185	0.0071	0.0154	0.0028	0.0029	0.0196	0.0026	0.0095	0.0075	0.0136	0.0070	0.0157	0.0181	0.0122	0.0002	0.0051	0.0112	0.0066	0.0124	0.0120	0.0031	0.0031	0.0166	0.0146	0.0036	0.0176	0.0091	0.0003	0.0126	0.0106	
0.0126	0.0149	0.0103	0.0079	0.0097	0.0052	0.0174	0.0030	0.0214	0.0129	0.0157	0.0006	0.0064	0.0034	0.0187	0.0137	0.0029	0.0111	0.0018	0.0175	0.0154	0.0018	0.0023	0.0020	0.0017	0.0111	0.0106	0.0130	0.0160	0.0037	0.0123	0.0020	0.0160	0.0196	0.0028	0.0116	0.0026	0.0097	0.0211	0.0109	0.0072	0.0059	0.0110	0.0034	0.0159	0.0034	0.0189	0.0129	0.0122	0.0116	0.0146	0.0193	0.0175	0.0114	0.0142	0.0097	0.0133	0.0104	0.0065	0.0136	0.0153	0.0143	0.0021	0.0099	0.0158	0.0150	0.0032	0.0092	0.0004	0.0053	0.0084	0.0116	0.0116	0.0064	0.0128	0.0066	0.0119	0.0191	0.0078	0.0140	0.0003	0.0168	0.0013	0.0069	0.0067	0.0138	0.0042	0.0043	0.0011	0.0118	0.0130	0.0137	0.0026	0.0040	0.0185	0.0080	0.0046	0.0158	0.0037	0.0218	
0.0005	0.0076	0.0117	0.0108	0.0026	0.0016	0.0067	0.0116	0.0028	0.0107	0.0178	0.0128	0.0037	0.0082	0.0162	0.0208	0.0172	0.0148	0.0054	0.0056	0.0130	0.0202	0.0077	0.0077	0.0079	0.0116	0.0115	0.0046	0.0070	0.0019	0.0026	0.0135	0.0150	0.0088	0.0186	0.0126	0.0025	0.0113	0.0050	0.0046	0.0074	0.0108	0.0026	0.0133	0.0125	0.0044	0.0102	0.0152	0.0062	0.0005	0.0116	0.0101	0.0111	0.0159	0.0076	0.0022	0.0200	0.0057	0.0044	0.0065	0.0096	0.0159	0.0009	0.0005	0.0060	0.0061	0.0218	0.0165	0.0122	0.0021	0.0163	0.0060	0.0118	0.0004	0.0215	0.0168	0.0174	0.0156	0.0172	0.0022	0.0061	0.0173	0.0199	0.0088	0.0096	0.0131	0.0030	0.0161	0.0171	0.0157	0.0090	0.0193	0.0055	0.0174	0.0145	0.0074	0.0139	0.0020	0.0052	0.0078	
0.0067	0.0149	0.0046	0.0082	0.0045	0.0041	0.0223	0.0141	0.0314	0.0146	0.0070	0.0036	0.0113	0.0017	0.0000	0.0189	0.0018	0.0155	0.0119	0.0153	0.0039	0.0019	0.0209	0.0162	0.0108	0.0138	0.0012	0.0107	0.0048	0.0135	0.0077	0.0165	0.0117	0.0126	0.0214	0.0154	0.0118	0.0147	0.0049	0.0053	0.0149	0.0111	0.0221	0.0114	0.0114	0.0104	0.0108	0.0054	0.0150	0.0022	0.0068	0.0266	0.0130	0.0113	0.0039	0.0043	0.0195	0.0115	0.0227	0.0069	0.0039	0.0055	0.0048	0.0086	0.0042	0.0145	0.0158	0.0001	0.0057	0.0068	0.0019	0.0100	0.0106	0.0046	0.0000	0.0133	0.0050	0.0096	0.0078	0.0001	0.0118	0.0190	0.0192	0.0031	0.0040	0.0073	0.0035	0.0002	0.0057	0.0154	0.0139	0.0025	0.0153	0.0196	0.0031	0.0081	0.0073	0.0080	0.0055	0.0217	
0.0167	0.0076	0.0010	0.0143	0.0002	0.0142	0.0094	0.0075	0.0160	0.0157	0.0001	0.0065	0.0041	0.0254	0.0188	0.0093	0.0114	0.0034	0.0066	0.0160	0.0126	0.0170	0.0156	0.0123	0.0084	0.0143	0.0181	0.0088	0.0017	0.0157	0.0072	0.0197	0.0040	0.0112	0.0048	0.0031	0.0160	0.0046	0.0034	0.0059	0.0154	0.0133	0.0116	0.0161	0.0128	0.0095	0.0215	0.0150	0.0009	0.0169	0.0183	0.0044	0.0015	0.0065	0.0061	0.0034	0.0143	0.0096	0.0026	0.0004	0.0205	0.0167	0.0033	0.0146	0.0073	0.0035	0.0047	0.0164	0.0188	0.0157	0.0146	0.0070	0.0201	0.0189	0.0043	0.0149	0.0031	0.0016	0.0237	0.0004	0.0022	0.0002	0.0116	0.0055	0.0159	0.0023	0.0200	0.0173	0.0032	0.0000	0.0077	0.0058	0.0016	0.0027	0.0095	0.0143	0.0134	0.0098	0.0058	0.0127	
0.0040	0.0036	0.0027	0.0087	0.0026	0.0088	0.0032	0.0032	0.0043	0.0155	0.0004	0.0103	0.0131	0.0019	0.0212	0.0241	0.0095	0.0203	0.0035	0.0053	0.0103	0.0094	0.0126	0.0143	0.0043	0.0056	0.0063	0.0139	0.0088	0.0099	0.0033	0.0142	0.0169	0.0109	0.0203	0.0202	0.0172	0.0036	0.0043	0.0052	0.0196	0.0111	0.0169	0.0134	0.0217	0.0190	0.0162	0.0001	0.0033	0.0105	0.0066	0.0177	0.0081	0.0003	0.0009	0.0159	0.0133	0.0099	0.0043	0.0158	0.0037	0.0049	0.0102	0.0128	0.0091	0.0083	0.0175	0.0033	0.0059	0.0207	0.0020	0.0058	0.0158	0.0164	0.0081	0.0171	0.0148	0.0003	0.0171	0.0053	0.0150	0.0065	0.0159	0.0004	0.0017	0.0096	0.0068	0.0158	0.0079	0.0010	0.0052	0.0094	0.0196	0.0085	0.0029	0.0131	0.0232	0.0192	0.0016	0.0151	
0.0020	0.0109	0.0136	0.0040	0.0073	0.0000	0.0219	0.0114	0.0174	0.0058	0.0024	0.0117	0.0172	0.0183	0.0018	0.0194	0.0120	0.0121	0.0132	0.0008	0.0026	0.0002	0.0157	0.0035	0.0149	0.0119	0.0068	0.0049	0.0129	0.0143	0.0169	0.0142	0.0180	0.0024	0.0046	0.0036	0.0090	0.0102	0.0133	0.0015	0.0091	0.0134	0.0015	0.0034	0.0194	0.0148	0.0139	0.0023	0.0048	0.0052	0.0015	0.0081	0.0054	0.0007	0.0089	0.0017	0.0156	0.0127	0.0116	0.0132	0.0134	0.0120	0.0135	0.0012	0.0079	0.0090	0.0151	0.0139	0.0147	0.0161	0.0077	0.0023	0.0212	0.0103	0.0133	0.0071	0.0211	0.0119	0.0054	0.0175	0.0012	0.0047	0.0000	0.0101	0.0113	0.0087	0.0097	0.0183	0.0117	0.0028	0.0069	0.0200	0.0180	0.0185	0.0081	0.0143	0.0232	0.0002	0.0151	0.0110	
0.0017	0.0184	0.0079	0.0076	0.0154	0.0171	0.0083	0.0139	0.0098	0.0024	0.0026	0.0031	0.0068	0.0114	0.0121	0.0088	0.0124	0.0053	0.0091	0.0002	0.0193	0.0142	0.0008	0.0089	0.0096	0.0074	0.0034	0.0005	0.0030	0.0167	0.0072	0.0170	0.0156	0.0159	0.0161	0.0021	0.0128	0.0117	0.0121	0.0107	0.0005	0.0128	0.0087	0.0101	0.0196	0.0046	0.0117	0.0066	0.0048	0.0189	0.0016	0.0135	0.0092	0.0123	0.0096	0.0064	0.0175	0.0189	0.0189	0.0070	0.0144	0.0061	0.0082	0.0106	0.0125	0.0043	0.0062	0.0110	0.0151	0.0086	0.0127	0.0015	0.0139	0.0145	0.0204	0.0039	0.0059	0.0100	0.0099	0.0038	0.0152	0.0158	0.0145	0.0038	0.0133	0.0126	0.0085	0.0031	0.0038	0.0094	0.0030	0.0157	0.0117	0.0041	0.0155	0.0118	0.0052	0.0159	0.0151	0.0152	
0.0172	0.0000	0.0105	0.0140	0.0054	0.0187	0.0005	0.0119	0.0141	0.0062	0.0011	0.0071	0.0091	0.0128	0.0093	0.0175	0.0117	0.0054	0.0160	0.0015	0.0150	0.0023	0.0065	0.0042	0.0063	0.0152	0.0082	0.0072	0.0005	0.0061	0.0179	0.0082	0.0138	0.0146	0.0046	0.0165	0.0040	0.0171	0.0168	0.0130	0.0117	0.0139	0.0080	0.0169	0.0083	0.0146	0.0061	0.0176	0.0115	0.0176	0.0002	0.0170	0.0161	0.0118	0.0178	0.0156	0.0121	0.0070	0.0094	0.0070	0.0098	0.0100	0.0103	0.0071	0.0064	0.0117	0.0124	0.0130	0.0088	0.0103	0.0130	0.0126	0.0082	0.0030	0.0084	0.0172	0.0136	0.0083	0.0144	0.0090	0.0095	0.0097	0.0143	0.0022	0.0055	0.0181	0.0104	0.0016	0.0136	0.0077	0.0040	0.0162	0.0075	0.0092	0.0030	0.0012	0.0041	0.0007	0.0100	0.0158	
0.0042	0.0129	0.0072	0.0019	0.0042	0.0053	0.0130	0.0161	0.0055	0.0218	0.0027	0.0037	0.0130	0.0182	0.0166	0.0005	0.0161	0.0085	0.0019	0.0081	0.0008	0.0099	0.0189	0.0008	0.0084	0.0141	0.0059	0.0131	0.0002	0.0078	0.0148	0.0115	0.0164	0.0216	0.0052	0.0167	0.0014	0.0124	0.0175	0.0005	0.0086	0.0141	0.0161	0.0159	0.0057	0.0012	0.0060	0.0087	0.0098	0.0030	0.0042	0.0136	0.0166	0.0025	0.0145	0.0137	0.0131	0.0084	0.0153	0.0067	0.0184	0.0112	0.0124	0.0154	0.0034	0.0111	0.0059	0.0123	0.0151	0.0133	0.0174	0.0038	0.0130	0.0012	0.0197	0.0040	0.0156	0.0031	0.0144	0.0057	0.0090	0.0172	0.0040	0.0190	0.0028	0.0010	0.0145	0.0153	0.0025	0.0112	0.0043	0.0145	0.0159	0.0095	0.0011	0.0142	0.0024	0.0212	0.0121	0.0151	
0.0163	0.0159	0.0130	0.0139	0.0052	0.0001	0.0036	0.0196	0.0044	0.0124	0.0005	0.0140	0.0158	0.0074	0.0179	0.0014	0.0104	0.0143	0.0138	0.0038	0.0157	0.0087	0.0097	0.0025	0.0153	0.0060	0.0071	0.0012	0.0003	0.0030	0.0020	0.0125	0.0116	0.0001	0.0088	0.0165	0.0034	0.0068	0.0124	0.0033	0.0209	0.0172	0.0109	0.0114	0.0113	0.0162	0.0014	0.0103	0.0120	0.0231	0.0068	0.0044	0.0046	0.0083	0.0196	0.0091	0.0034	0.0134	0.0055	0.0200	0.0123	0.0015	0.0199	0.0016	0.0098	0.0083	0.0255	0.0124	0.0205	0.0148	0.0185	0.0025	0.0048	0.0103	0.0047	0.0167	0.0212	0.0176	0.0098	0.0199	0.0027	0.0190	0.0073	0.0009	0.0175	0.0171	0.0085	0.0035	0.0004	0.0016	0.0142	0.0129	0.0016	0.0132	0.0083	0.0172	0.0010	0.0143	0.0014	0.0045	
0.0165	0.0080	0.0064	0.0176	0.0012	0.0029	0.0008	0.0145	0.0057	0.0017	0.0094	0.0030	0.0192	0.0126	0.0164	0.0183	0.0126	0.0170	0.0043	0.0101	0.0201	0.0176	0.0120	0.0162	0.0027	0.0028	0.0006	0.0059	0.0014	0.0097	0.0208	0.0069	0.0155	0.0079	0.0208	0.0132	0.0078	0.0124	0.0206	0.0080	0.0140	0.0107	0.0214	0.0215	0.0110	0.0095	0.0147	0.0095	0.0108	0.0142	0.0021	0.0059	0.0054	0.0073	0.0057	0.0015	0.0164	0.0097	0.0151	0.0133	0.0032	0.0067	0.0061	0.0096	0.0028	0.0035	0.0069	0.0135	0.0144	0.0012	0.0047	0.0026	0.0166	0.0091	0.0209	0.0015	0.0152	0.0126	0.0084	0.0076	0.0126	0.0089	0.0132	0.0052	0.0050	0.0126	0.0016	0.0073	0.0156	0.0166	0.0097	0.0214	0.0148	0.0022	0.0092	0.0045	0.0051	0.0030	0.0149	0.0086	
0.0032	0.0197	0.0008	0.0174	0.0090	0.0168	0.0080	0.0155	0.0165	0.0070	0.0059	0.0040	0.0038	0.0003	0.0034	0.0171	0.0175	0.0043	0.0102	0.0109	0.0029	0.0203	0.0148	0.0140	0.0045	0.0044	0.0062	0.0118	0.0023	0.0120	0.0184	0.0126	0.0166	0.0000	0.0108	0.0136	0.0069	0.0181	0.0186	0.0059	0.0053	0.0068	0.0176	0.0157	0.0117	0.0129	0.0186	0.0165	0.0152	0.0153	0.0077	0.0007	0.0137	0.0042	0.0042	0.0042	0.0060	0.0068	0.0136	0.0041	0.0135	0.0105	0.0087	0.0017	0.0077	0.0147	0.0077	0.0036	0.0123	0.0086	0.0068	0.0017	0.0077	0.0028	0.0066	0.0155	0.0026	0.0204	0.0043	0.0100	0.0097	0.0094	0.0172	0.0074	0.0025	0.0168	0.0216	0.0130	0.0143	0.0058	0.0065	0.0015	0.0038	0.0125	0.0146	0.0118	0.0191	0.0143	0.0056	0.0184	
0.0052	0.0119	0.0061	0.0108	0.0062	0.0057	0.0109	0.0110	0.0242	0.0106	0.0020	0.0053	0.0025	0.0008	0.0160	0.0040	0.0170	0.0033	0.0183	0.0109	0.0173	0.0172	0.0075	0.0048	0.0009	0.0045	0.0183	0.0105	0.0066	0.0148	0.0214	0.0086	0.0154	0.0081	0.0068	0.0177	0.0021	0.0062	0.0206	0.0126	0.0028	0.0064	0.0154	0.0065	0.0030	0.0020	0.0194	0.0030	0.0148	0.0115	0.0174	0.0171	0.0158	0.0124	0.0009	0.0111	0.0043	0.0020	0.0101	0.0025	0.0075	0.0164	0.0011	0.0052	0.0117	0.0134	0.0113	0.0157	0.0188	0.0176	0.0018	0.0105	0.0033	0.0030	0.0112	0.0068	0.0174	0.0020	0.0013	0.0143	0.0066	0.0161	0.0161	0.0159	0.0164	0.0040	0.0152	0.0014	0.0061	0.0142	0.0109	0.0210	0.0141	0.0174	0.0078	0.0033	0.0081	0.0076	0.0129	0.0117	
0.0118	0.0037	0.0074	0.0015	0.0076	0.0042	0.0128	0.0146	0.0045	0.0196	0.0125	0.0018	0.0011	0.0130	0.0176	0.0192	0.0023	0.0037	0.0105	0.0081	0.0005	0.0121	0.0109	0.0009	0.0040	0.0010	0.0152	0.0051	0.0141	0.0079	0.0009	0.0132	0.0077	0.0153	0.0107	0.0033	0.0055	0.0197	0.0119	0.0099	0.0130	0.0018	0.0224	0.0157	0.0023	0.0112	0.0268	0.0066	0.0007	0.0151	0.0012	0.0045	0.0187	0.0058	0.0092	0.0183	0.0171	0.0085	0.0226	0.0069	0.0127	0.0027	0.0113	0.0128	0.0103	0.0004	0.0173	0.0109	0.0007	0.0119	0.0071	0.0057	0.0176	0.0151	0.0196	0.0219	0.0159	0.0192	0.0251	0.0102	0.0029	0.0085	0.0075	0.0001	0.0048	0.0198	0.0192	0.0020	0.0021	0.0117	0.0055	0.0241	0.0194	0.0022	0.0015	0.0103	0.0056	0.0016	0.0249	0.0016	
0.0176	0.0089	0.0048	0.0091	0.0052	0.0111	0.0093	0.0228	0.0191	0.0140	0.0062	0.0133	0.0082	0.0072	0.0049	0.0033	0.0164	0.0185	0.0116	0.0137	0.0077	0.0139	0.0075	0.0096	0.0043	0.0047	0.0094	0.0074	0.0124	0.0038	0.0160	0.0112	0.0151	0.0215	0.0176	0.0128	0.0015	0.0211	0.0143	0.0073	0.0064	0.0103	0.0110	0.0135	0.0041	0.0093	0.0132	0.0103	0.0117	0.0185	0.0119	0.0113	0.0099	0.0036	0.0128	0.0046	0.0026	0.0155	0.0041	0.0168	0.0047	0.0129	0.0019	0.0063	0.0143	0.0155	0.0028	0.0110	0.0134	0.0107	0.0008	0.0002	0.0042	0.0012	0.0116	0.0129	0.0022	0.0161	0.0076	0.0100	0.0179	0.0186	0.0157	0.0142	0.0097	0.0044	0.0011	0.0108	0.0026	0.0102	0.0067	0.0066	0.0129	0.0131	0.0062	0.0073	0.0119	0.0001	0.0142	0.0095	
0.0079	0.0005	0.0018	0.0064	0.0194	0.0137	0.0064	0.0106	0.0211	0.0032	0.0034	0.0081	0.0127	0.0092	0.0019	0.0087	0.0046	0.0054	0.0207	0.0166	0.0187	0.0122	0.0085	0.0004	0.0011	0.0136	0.0067	0.0094	0.0156	0.0001	0.0019	0.0022	0.0017	0.0250	0.0095	0.0182	0.0148	0.0099	0.0003	0.0185	0.0216	0.0126	0.0191	0.0008	0.0083	0.0038	0.0205	0.0070	0.0094	0.0223	0.0049	0.0067	0.0010	0.0004	0.0131	0.0181	0.0154	0.0019	0.0064	0.0029	0.0075	0.0131	0.0121	0.0150	0.0007	0.0015	0.0077	0.0129	0.0246	0.0040	0.0123	0.0155	0.0062	0.0013	0.0180	0.0029	0.0191	0.0074	0.0158	0.0187	0.0185	0.0001	0.0247	0.0203	0.0171	0.0181	0.0013	0.0014	0.0064	0.0143	0.0033	0.0177	0.0033	0.0188	0.0121	0.0063	0.0000	0.0019	0.0248	0.0063	
0.0190	0.0054	0.0053	0.0067	0.0075	0.0086	0.0015	0.0234	0.0083	0.0117	0.0018	0.0071	0.0092	0.0078	0.0040	0.0072	0.0142	0.0155	0.0189	0.0057	0.0001	0.0044	0.0051	0.0064	0.0005	0.0139	0.0129	0.0053	0.0090	0.0092	0.0027	0.0117	0.0060	0.0106	0.0194	0.0132	0.0115	0.0135	0.0093	0.0064	0.0147	0.0013	0.0151	0.0184	0.0120	0.0170	0.0075	0.0164	0.0096	0.0051	0.0114	0.0038	0.0018	0.0134	0.0050	0.0142	0.0001	0.0217	0.0076	0.0099	0.0159	0.0118	0.0079	0.0164	0.0060	0.0113	0.0004	0.0201	0.0098	0.0077	0.0125	0.0016	0.0091	0.0102	0.0123	0.0184	0.0120	0.0083	0.0168	0.0032	0.0091	0.0184	0.0155	0.0063	0.0161	0.0196	0.0117	0.0116	0.0029	0.0057	0.0103	0.0167	0.0053	0.0176	0.0106	0.0007	0.0146	0.0182	0.0107	0.0011	
0.0167	0.0073	0.0059	0.0043	0.0107	0.0095	0.0176	0.0097	0.0052	0.0074	0.0040	0.0107	0.0029	0.0036	0.0201	0.0200	0.0003	0.0038	0.0022	0.0083	0.0209	0.0089	0.0160	0.0028	0.0167	0.0136	0.0162	0.0072	0.0015	0.0109	0.0070	0.0131	0.0179	0.0173	0.0065	0.0035	0.0103	0.0100	0.0144	0.0056	0.0025	0.0014	0.0074	0.0178	0.0014	0.0021	0.0130	0.0021	0.0144	0.0136	0.0004	0.0088	0.0134	0.0012	0.0019	0.0080	0.0118	0.0037	0.0099	0.0133	0.0135	0.0059	0.0060	0.0125	0.0002	0.0114	0.0148	0.0074	0.0187	0.0147	0.0067	0.0093	0.0119	0.0139	0.0064	0.0168	0.0016	0.0195	0.0018	0.0116	0.0056	0.0143	0.0121	0.0084	0.0089	0.0181	0.0218	0.0161	0.0125	0.0182	0.0091	0.0082	0.0003	0.0191	0.0123	0.0152	0.0146	0.0122	0.0177	0.0115	
0.0095	0.0049	0.0040	0.0021	0.0061	0.0086	0.0224	0.0208	0.0201	0.0055	0.0062	0.0118	0.0023	0.0159	0.0083	0.0220	0.0154	0.0182	0.0052	0.0026	0.0121	0.0158	0.0149	0.0166	0.0051	0.0141	0.0103	0.0079	0.0031	0.0110	0.0033	0.0083	0.0026	0.0135	0.0041	0.0013	0.0072	0.0092	0.0019	0.0178	0.0188	0.0017	0.0016	0.0097	0.0132	0.0190	0.0066	0.0045	0.0077	0.0131	0.0178	0.0153	0.0065	0.0121	0.0176	0.0127	0.0111	0.0066	0.0195	0.0067	0.0192	0.0056	0.0112	0.0049	0.0010	0.0202	0.0116	0.0112	0.0131	0.0051	0.0097	0.0063	0.0200	0.0042	0.0029	0.0092	0.0177	0.0049	0.0077	0.0041	0.0114	0.0063	0.0221	0.0113	0.0098	0.0082	0.0021	0.0087	0.0101	0.0111	0.0073	0.0036	0.0102	0.0134	0.0013	0.0117	0.0087	0.0166	0.0086	0.0140	
0.0107	0.0143	0.0096	0.0045	0.0021	0.0100	0.0198	0.0017	0.0141	0.0118	0.0160	0.0053	0.0194	0.0134	0.0139	0.0132	0.0066	0.0034	0.0140	0.0129	0.0166	0.0193	0.0193	0.0005	0.0169	0.0048	0.0154	0.0019	0.0033	0.0104	0.0014	0.0168	0.0141	0.0161	0.0129	0.0160	0.0102	0.0151	0.0080	0.0147	0.0088	0.0002	0.0172	0.0016	0.0131	0.0041	0.0054	0.0158	0.0002	0.0086	0.0046	0.0041	0.0000	0.0120	0.0147	0.0097	0.0149	0.0123	0.0094	0.0129	0.0144	0.0112	0.0124	0.0013	0.0067	0.0001	0.0103	0.0041	0.0217	0.0117	0.0167	0.0099	0.0166	0.0126	0.0037	0.0148	0.0026	0.0168	0.0080	0.0093	0.0019	0.0188	0.0026	0.0143	0.0039	0.0165	0.0199	0.0023	0.0136	0.0026	0.0020	0.0013	0.0050	0.0112	0.0031	0.0123	0.0031	0.0153	0.0130	0.0124	
0.0164	0.0008	0.0173	0.0064	0.0084	0.0125	0.0081	0.0032	0.0163	0.0022	0.0093	0.0151	0.0045	0.0245	0.0154	0.0199	0.0136	0.0028	0.0185	0.0111	0.0019	0.0085	0.0082	0.0193	0.0124	0.0133	0.0082	0.0025	0.0119	0.0115	0.0180	0.0076	0.0057	0.0196	0.0204	0.0019	0.0029	0.0222	0.0060	0.0099	0.0094	0.0144	0.0141	0.0190	0.0151	0.0056	0.0211	0.0080	0.0174	0.0098	0.0021	0.0008	0.0218	0.0014	0.0112	0.0092	0.0152	0.0002	0.0169	0.0133	0.0059	0.0049	0.0073	0.0022	0.0090	0.0023	0.0138	0.0095	0.0025	0.0134	0.0152	0.0146	0.0199	0.0059	0.0035	0.0060	0.0159	0.0139	0.0039	0.0056	0.0004	0.0230	0.0044	0.0050	0.0072	0.0137	0.0106	0.0036	0.0055	0.0077	0.0069	0.0030	0.0044	0.0140	0.0072	0.0036	0.0082	0.0085	0.0069	0.0165	
0.0128	0.0098	0.0049	0.0078	0.0147	0.0060	0.0037	0.0155	0.0255	0.0066	0.0131	0.0008	0.0200	0.0066	0.0137	0.0071	0.0017	0.0035	0.0156	0.0179	0.0161	0.0104	0.0033	0.0139	0.0038	0.0076	0.0110	0.0039	0.0168	0.0223	0.0197	0.0064	0.0058	0.0138	0.0159	0.0103	0.0109	0.0176	0.0101	0.0003	0.0091	0.0127	0.0051	0.0000	0.0146	0.0075	0.0063	0.0184	0.0138	0.0002	0.0018	0.0038	0.0124	0.0086	0.0162	0.0022	0.0063	0.0121	0.0053	0.0057	0.0162	0.0144	0.0106	0.0165	0.0055	0.0085	0.0182	0.0067	0.0133	0.0010	0.0126	0.0052	0.0162	0.0125	0.0092	0.0197	0.0059	0.0030	0.0025	0.0142	0.0042	0.0134	0.0065	0.0202	0.0170	0.0158	0.0159	0.0169	0.0118	0.0134	0.0037	0.0028	0.0106	0.0031	0.0048	0.0104	0.0020	0.0056	0.0149	0.0058	
0.0126	0.0196	0.0060	0.0164	0.0070	0.0151	0.0103	0.0186	0.0021	0.0201	0.0154	0.0032	0.0093	0.0083	0.0014	0.0025	0.0114	0.0127	0.0023	0.0119	0.0139	0.0170	0.0128	0.0159	0.0177	0.0090	0.0141	0.0083	0.0092	0.0167	0.0166	0.0179	0.0084	0.0190	0.0026	0.0050	0.0045	0.0072	0.0115	0.0011	0.0057	0.0141	0.0144	0.0150	0.0157	0.0019	0.0144	0.0021	0.0013	0.0024	0.0183	0.0071	0.0024	0.0018	0.0101	0.0151	0.0058	0.0096	0.0025	0.0153	0.0009	0.0156	0.0057	0.0052	0.0009	0.0189	0.0160	0.0110	0.0064	0.0128	0.0160	0.0042	0.0025	0.0010	0.0058	0.0161	0.0027	0.0171	0.0023	0.0133	0.0136	0.0124	0.0094	0.0088	0.0157	0.0096	0.0172	0.0071	0.0052	0.0070	0.0153	0.0167	0.0043	0.0137	0.0003	0.0069	0.0112	0.0099	0.0139	0.0176	
0.0089	0.0024	0.0131	0.0064	0.0042	0.0122	0.0059	0.0015	0.0232	0.0180	0.0122	0.0061	0.0073	0.0098	0.0003	0.0103	0.0081	0.0197	0.0090	0.0107	0.0006	0.0067	0.0061	0.0171	0.0173	0.0005	0.0194	0.0052	0.0008	0.0213	0.0084	0.0133	0.0039	0.0055	0.0061	0.0139	0.0138	0.0038	0.0034	0.0014	0.0043	0.0129	0.0118	0.0134	0.0171	0.0111	0.0118	0.0152	0.0098	0.0118	0.0164	0.0132	0.0191	0.0023	0.0160	0.0016	0.0177	0.0178	0.0115	0.0040	0.0160	0.0129	0.0002	0.0134	0.0049	0.0205	0.0038	0.0023	0.0031	0.0053	0.0106	0.0043	0.0179	0.0058	0.0080	0.0049	0.0184	0.0147	0.0054	0.0033	0.0109	0.0037	0.0152	0.0079	0.0180	0.0164	0.0165	0.0016	0.0061	0.0042	0.0108	0.0229	0.0131	0.0180	0.0074	0.0064	0.0155	0.0109	0.0062	0.0162	
0.0091	0.0074	0.0124	0.0088	0.0009	0.0122	0.0189	0.0141	0.0207	0.0152	0.0060	0.0031	0.0139	0.0062	0.0137	0.0129	0.0049	0.0123	0.0193	0.0113	0.0074	0.0016	0.0163	0.0179	0.0100	0.0089	0.0126	0.0138	0.0004	0.0217	0.0101	0.0034	0.0078	0.0120	0.0164	0.0043	0.0092	0.0048	0.0086	0.0058	0.0183	0.0007	0.0056	0.0159	0.0205	0.0137	0.0082	0.0077	0.0043	0.0164	0.0020	0.0041	0.0128	0.0137	0.0076	0.0069	0.0130	0.0161	0.0218	0.0089	0.0005	0.0170	0.0100	0.0151	0.0031	0.0030	0.0174	0.0024	0.0111	0.0082	0.0010	0.0007	0.0045	0.0113	0.0141	0.0061	0.0189	0.0006	0.0007	0.0138	0.0044	0.0050	0.0132	0.0044	0.0167	0.0056	0.0120	0.0132	0.0024	0.0091	0.0094	0.0168	0.0049	0.0185	0.0062	0.0188	0.0091	0.0077	0.0122	0.0165	
0.0191	0.0051	0.0153	0.0155	0.0146	0.0013	0.0231	0.0000	0.0033	0.0021	0.0100	0.0119	0.0165	0.0043	0.0051	0.0167	0.0083	0.0073	0.0005	0.0197	0.0133	0.0016	0.0205	0.0010	0.0196	0.0052	0.0158	0.0042	0.0062	0.0138	0.0175	0.0082	0.0091	0.0066	0.0164	0.0185	0.0062	0.0159	0.0097	0.0146	0.0055	0.0092	0.0110	0.0007	0.0193	0.0004	0.0005	0.0005	0.0104	0.0110	0.0109	0.0011	0.0069	0.0117	0.0025	0.0175	0.0051	0.0180	0.0210	0.0085	0.0054	0.0127	0.0116	0.0093	0.0042	0.0024	0.0023	0.0090	0.0089	0.0043	0.0085	0.0121	0.0205	0.0041	0.0143	0.0020	0.0124	0.0189	0.0030	0.0160	0.0048	0.0157	0.0128	0.0182	0.0014	0.0163	0.0015	0.0170	0.0028	0.0193	0.0117	0.0114	0.0147	0.0004	0.0096	0.0103	0.0202	0.0006	0.0171	0.0168	
0.0213	0.0134	0.0113	0.0089	0.0019	0.0181	0.0037	0.0028	0.0272	0.0008	0.0066	0.0064	0.0171	0.0032	0.0039	0.0122	0.0027	0.0173	0.0093	0.0102	0.0009	0.0052	0.0068	0.0086	0.0130	0.0151	0.0188	0.0145	0.0143	0.0022	0.0052	0.0105	0.0029	0.0092	0.0194	0.0138	0.0025	0.0037	0.0169	0.0036	0.0139	0.0180	0.0190	0.0028	0.0157	0.0093	0.0212	0.0140	0.0131	0.0002	0.0084	0.0009	0.0118	0.0071	0.0153	0.0147	0.0065	0.0045	0.0219	0.0038	0.0000	0.0044	0.0066	0.0168	0.0142	0.0201	0.0039	0.0074	0.0059	0.0084	0.0074	0.0180	0.0022	0.0045	0.0193	0.0017	0.0102	0.0039	0.0180	0.0013	0.0011	0.0056	0.0010	0.0170	0.0142	0.0043	0.0223	0.0165	0.0113	0.0048	0.0063	0.0232	0.0049	0.0112	0.0038	0.0084	0.0142	0.0219	0.0078	0.0183	
0.0064	0.0111	0.0066	0.0073	0.0124	0.0087	0.0235	0.0077	0.0156	0.0169	0.0057	0.0024	0.0088	0.0179	0.0029	0.0171	0.0042	0.0129	0.0046	0.0133	0.0201	0.0075	0.0162	0.0004	0.0017	0.0065	0.0149	0.0082	0.0014	0.0081	0.0106	0.0085	0.0158	0.0002	0.0158	0.0105	0.0148	0.0148	0.0018	0.0042	0.0047	0.0107	0.0038	0.0203	0.0212	0.0057	0.0137	0.0079	0.0060	0.0094	0.0040	0.0197	0.0139	0.0132	0.0174	0.0191	0.0162	0.0082	0.0069	0.0045	0.0147	0.0071	0.0041	0.0045	0.0032	0.0200	0.0068	0.0077	0.0021	0.0098	0.0174	0.0096	0.0134	0.0001	0.0088	0.0059	0.0044	0.0174	0.0022	0.0150	0.0147	0.0076	0.0029	0.0141	0.0028	0.0118	0.0164	0.0026	0.0018	0.0172	0.0117	0.0116	0.0070	0.0166	0.0103	0.0157	0.0085	0.0203	0.0163	0.0011	
0.0004	0.0049	0.0055	0.0179	0.0112	0.0145	0.0078	0.0166	0.0090	0.0143	0.0159	0.0200	0.0061	0.0120	0.0098	0.0076	0.0064	0.0127	0.0024	0.0135	0.0035	0.0034	0.0056	0.0056	0.0179	0.0075	0.0042	0.0123	0.0087	0.0132	0.0220	0.0055	0.0026	0.0013	0.0180	0.0130	0.0018	0.0067	0.0017	0.0093	0.0044	0.0001	0.0173	0.0113	0.0014	0.0191	0.0054	0.0184	0.0079	0.0044	0.0124	0.0182	0.0180	0.0021	0.0184	0.0192	0.0206	0.0004	0.0008	0.0041	0.0096	0.0132	0.0046	0.0162	0.0148	0.0116	0.0188	0.0046	0.0189	0.0169	0.0060	0.0211	0.0115	0.0129	0.0101	0.0028	0.0079	0.0163	0.0043	0.0186	0.0026	0.0080	0.0063	0.0067	0.0002	0.0035	0.0102	0.0004	0.0032	0.0195	0.0125	0.0015	0.0051	0.0193	0.0001	0.0109	0.0204	0.0227	0.0168	0.0136	
0.0007	0.0007	0.0015	0.0152	0.0127	0.0087	0.0044	0.0040	0.0208	0.0202	0.0101	0.0023	0.0168	0.0025	0.0014	0.0034	0.0070	0.0220	0.0160	0.0092	0.0016	0.0199	0.0013	0.0174	0.0027	0.0022	0.0150	0.0087	0.0096	0.0231	0.0094	0.0091	0.0001	0.0154	0.0223	0.0020	0.0048	0.0164	0.0089	0.0066	0.0174	0.0042	0.0085	0.0094	0.0081	0.0100	0.0062	0.0030	0.0119	0.0180	0.0033	0.0232	0.0034	0.0048	0.0090	0.0042	0.0206	0.0044	0.0121	0.0134	0.0175	0.0087	0.0068	0.0106	0.0068	0.0022	0.0032	0.0042	0.0047	0.0196	0.0185	0.0115	0.0116	0.0058	0.0164	0.0168	0.0090	0.0145	0.0127	0.0086	0.0205	0.0124	0.0188	0.0118	0.0141	0.0108	0.0066	0.0138	0.0024	0.0146	0.0016	0.0008	0.0032	0.0134	0.0144	0.0059	0.0162	0.0100	0.0209	0.0068	
0.0064	0.0010	0.0000	0.0145	0.0003	0.0084	0.0066	0.0176	0.0145	0.0153	0.0136	0.0060	0.0158	0.0151	0.0155	0.0049	0.0142	0.0138	0.0009	0.0184	0.0170	0.0077	0.0011	0.0084	0.0188	0.0132	0.0099	0.0132	0.0113	0.0054	0.0010	0.0150	0.0115	0.0051	0.0058	0.0151	0.0087	0.0188	0.0140	0.0046	0.0039	0.0069	0.0017	0.0084	0.0180	0.0148	0.0061	0.0064	0.0116	0.0080	0.0100	0.0173	0.0093	0.0016	0.0068	0.0173	0.0188	0.0102	0.0197	0.0032	0.0171	0.0060	0.0025	0.0066	0.0105	0.0197	0.0145	0.0096	0.0106	0.0137	0.0124	0.0134	0.0012	0.0118	0.0141	0.0081	0.0072	0.0116	0.0113	0.0008	0.0084	0.0041	0.0016	0.0055	0.0128	0.0021	0.0065	0.0110	0.0141	0.0074	0.0130	0.0012	0.0173	0.0097	0.0060	0.0146	0.0058	0.0145	0.0156	0.0180	
0.0033	0.0134	0.0125	0.0206	0.0084	0.0117	0.0126	0.0151	0.0114	0.0209	0.0105	0.0047	0.0158	0.0248	0.0134	0.0159	0.0053	0.0184	0.0119	0.0080	0.0136	0.0007	0.0121	0.0023	0.0157	0.0073	0.0156	0.0058	0.0053	0.0200	0.0044	0.0128	0.0170	0.0144	0.0198	0.0143	0.0074	0.0029	0.0115	0.0116	0.0041	0.0078	0.0039	0.0197	0.0133	0.0100	0.0037	0.0003	0.0121	0.0128	0.0106	0.0099	0.0002	0.0041	0.0055	0.0026	0.0023	0.0114	0.0214	0.0014	0.0164	0.0053	0.0038	0.0072	0.0130	0.0166	0.0085	0.0041	0.0027	0.0177	0.0061	0.0025	0.0059	0.0125	0.0074	0.0004	0.0137	0.0142	0.0072	0.0053	0.0089	0.0169	0.0116	0.0110	0.0052	0.0147	0.0146	0.0104	0.0055	0.0135	0.0078	0.0152	0.0028	0.0089	0.0003	0.0131	0.0058	0.0097	0.0021	0.0210	
0.0002	0.0211	0.0163	0.0198	0.0073	0.0077	0.0010	0.0062	0.0232	0.0078	0.0061	0.0071	0.0087	0.0101	0.0137	0.0027	0.0158	0.0107	0.0056	0.0218	0.0078	0.0190	0.0192	0.0079	0.0069	0.0093	0.0201	0.0142	0.0136	0.0108	0.0161	0.0048	0.0126	0.0114	0.0095	0.0096	0.0159	0.0134	0.0090	0.0174	0.0152	0.0066	0.0147	0.0001	0.0085	0.0055	0.0083	0.0149	0.0130	0.0192	0.0013	0.0156	0.0065	0.0026	0.0097	0.0023	0.0020	0.0112	0.0160	0.0158	0.0085	0.0029	0.0094	0.0083	0.0102	0.0017	0.0171	0.0192	0.0006	0.0025	0.0046	0.0032	0.0027	0.0063	0.0054	0.0203	0.0049	0.0183	0.0009	0.0004	0.0036	0.0059	0.0011	0.0185	0.0082	0.0003	0.0206	0.0106	0.0184	0.0072	0.0063	0.0090	0.0179	0.0120	0.0101	0.0115	0.0192	0.0054	0.0099	0.0064	
0.0112	0.0084	0.0109	0.0148	0.0090	0.0151	0.0117	0.0211	0.0255	0.0120	0.0165	0.0031	0.0094	0.0165	0.0129	0.0030	0.0021	0.0148	0.0009	0.0097	0.0040	0.0037	0.0183	0.0126	0.0145	0.0093	0.0055	0.0063	0.0121	0.0160	0.0041	0.0194	0.0085	0.0175	0.0096	0.0153	0.0108	0.0083	0.0038	0.0074	0.0071	0.0141	0.0135	0.0108	0.0087	0.0033	0.0216	0.0037	0.0126	0.0077	0.0091	0.0032	0.0039	0.0151	0.0023	0.0076	0.0107	0.0188	0.0228	0.0147	0.0117	0.0015	0.0012	0.0036	0.0055	0.0187	0.0161	0.0148	0.0065	0.0160	0.0108	0.0112	0.0115	0.0086	0.0041	0.0041	0.0111	0.0091	0.0059	0.0076	0.0170	0.0016	0.0123	0.0082	0.0030	0.0006	0.0189	0.0094	0.0107	0.0001	0.0025	0.0141	0.0069	0.0066	0.0179	0.0050	0.0180	0.0060	0.0027	0.0120	
0.0090	0.0053	0.0172	0.0021	0.0169	0.0141	0.0150	0.0167	0.0205	0.0243	0.0180	0.0015	0.0180	0.0091	0.0218	0.0133	0.0119	0.0133	0.0022	0.0070	0.0045	0.0053	0.0020	0.0051	0.0162	0.0145	0.0077	0.0031	0.0118	0.0218	0.0084	0.0043	0.0065	0.0200	0.0039	0.0135	0.0024	0.0106	0.0145	0.0085	0.0090	0.0019	0.0189	0.0171	0.0029	0.0029	0.0225	0.0004	0.0062	0.0084	0.0148	0.0058	0.0051	0.0161	0.0059	0.0033	0.0033	0.0161	0.0104	0.0194	0.0081	0.0072	0.0007	0.0153	0.0100	0.0162	0.0193	0.0222	0.0053	0.0052	0.0085	0.0023	0.0241	0.0115	0.0229	0.0019	0.0103	0.0084	0.0031	0.0102	0.0003	0.0075	0.0195	0.0054	0.0032	0.0025	0.0238	0.0107	0.0091	0.0004	0.0081	0.0108	0.0002	0.0136	0.0021	0.0004	0.0015	0.0218	0.0038	0.0103	
0.0082	0.0182	0.0130	0.0023	0.0156	0.0103	0.0059	0.0140	0.0266	0.0054	0.0138	0.0129	0.0124	0.0206	0.0204	0.0004	0.0114	0.0166	0.0133	0.0087	0.0170	0.0052	0.0109	0.0035	0.0169	0.0120	0.0022	0.0045	0.0090	0.0208	0.0005	0.0086	0.0039	0.0173	0.0031	0.0021	0.0086	0.0160	0.0061	0.0089	0.0158	0.0058	0.0124	0.0059	0.0061	0.0143	0.0217	0.0021	0.0089	0.0016	0.0076	0.0060	0.0054	0.0126	0.0127	0.0028	0.0083	0.0131	0.0081	0.0002	0.0101	0.0136	0.0005	0.0011	0.0029	0.0069	0.0132	0.0182	0.0185	0.0143	0.0096	0.0143	0.0121	0.0022	0.0149	0.0075	0.0156	0.0051	0.0209	0.0004	0.0015	0.0001	0.0153	0.0090	0.0085	0.0158	0.0037	0.0090	0.0170	0.0205	0.0089	0.0211	0.0065	0.0051	0.0015	0.0166	0.0072	0.0095	0.0016	0.0217	
0.0042	0.0006	0.0059	0.0191	0.0088	0.0080	0.0163	0.0033	0.0044	0.0093	0.0093	0.0024	0.0148	0.0084	0.0198	0.0131	0.0048	0.0131	0.0128	0.0081	0.0042	0.0014	0.0200	0.0145	0.0030	0.0064	0.0114	0.0037	0.0011	0.0162	0.0009	0.0037	0.0031	0.0245	0.0189	0.0011	0.0110	0.0204	0.0215	0.0144	0.0004	0.0002	0.0082	0.0156	0.0128	0.0107	0.0057	0.0004	0.0046	0.0117	0.0120	0.0190	0.0176	0.0116	0.0143	0.0022	0.0036	0.0124	0.0167	0.0177	0.0212	0.0068	0.0009	0.0069	0.0047	0.0063	0.0221	0.0157	0.0121	0.0161	0.0161	0.0067	0.0154	0.0110	0.0112	0.0036	0.0166	0.0046	0.0062	0.0087	0.0078	0.0115	0.0227	0.0079	0.0187	0.0059	0.0081	0.0095	0.0037	0.0154	0.0112	0.0013	0.0028	0.0181	0.0005	0.0098	0.0193	0.0148	0.0081	0.0050	
0.0104	0.0120	0.0107	0.0075	0.0201	0.0057	0.0023	0.0040	0.0043	0.0115	0.0078	0.0278	0.0083	0.0013	0.0136	0.0063	0.0121	0.0099	0.0099	0.0007	0.0001	0.0092	0.0094	0.0146	0.0246	0.0226	0.0062	0.0153	0.0133	0.0166	0.0039	0.0155	0.0175	0.0009	0.0009	0.0158	0.0000	0.0086	0.0126	0.0179	0.0041	0.0024	0.0051	0.0118	0.0057	0.0194	0.0126	0.0013	0.0053	0.0149	0.0001	0.0057	0.0065	0.0067	0.0040	0.0020	0.0001	0.0176	0.0087	0.0210	0.0167	0.0075	0.0144	0.0095	0.0085	0.0132	0.0029	0.0059	0.0007	0.0135	0.0079	0.0015	0.0190	0.0149	0.0151	0.0157	0.0042	0.0162	0.0072	0.0021	0.0011	0.0050	0.0095	0.0003	0.0182	0.0170	0.0088	0.0121	0.0177	0.0188	0.0198	0.0042	0.0003	0.0137	0.0138	0.0176	0.0152	0.0252	0.0042	0.0141	
0.0153	0.0083	0.0004	0.0103	0.0054	0.0194	0.0084	0.0120	0.0100	0.0062	0.0178	0.0022	0.0072	0.0079	0.0197	0.0134	0.0168	0.0101	0.0103	0.0100	0.0006	0.0128	0.0091	0.0014	0.0181	0.0034	0.0010	0.0035	0.0176	0.0000	0.0064	0.0058	0.0143	0.0143	0.0058	0.0133	0.0047	0.0199	0.0149	0.0178	0.0099	0.0178	0.0010	0.0112	0.0013	0.0159	0.0172	0.0129	0.0152	0.0031	0.0009	0.0012	0.0077	0.0147	0.0144	0.0042	0.0188	0.0191	0.0131	0.0021	0.0171	0.0048	0.0131	0.0095	0.0205	0.0127	0.0087	0.0133	0.0022	0.0051	0.0095	0.0174	0.0154	0.0120	0.0005	0.0017	0.0109	0.0178	0.0000	0.0024	0.0054	0.0086	0.0079	0.0168	0.0196	0.0049	0.0182	0.0204	0.0192	0.0015	0.0148	0.0057	0.0066	0.0129	0.0005	0.0044	0.0071	0.0128	0.0106	0.0097	
0.0064	0.0036	0.0079	0.0104	0.0094	0.0032	0.0055	0.0156	0.0174	0.0145	0.0111	0.0001	0.0180	0.0111	0.0150	0.0109	0.0136	0.0164	0.0088	0.0125	0.0147	0.0088	0.0139	0.0005	0.0095	0.0017	0.0084	0.0017	0.0085	0.0173	0.0166	0.0176	0.0063	0.0114	0.0149	0.0014	0.0136	0.0183	0.0022	0.0103	0.0153	0.0020	0.0054	0.0061	0.0086	0.0123	0.0073	0.0137	0.0101	0.0097	0.0063	0.0098	0.0013	0.0125	0.0126	0.0142	0.0092	0.0090	0.0005	0.0083	0.0141	0.0020	0.0023	0.0114	0.0120	0.0125	0.0121	0.0078	0.0158	0.0118	0.0103	0.0130	0.0150	0.0109	0.0179	0.0104	0.0037	0.0081	0.0130	0.0103	0.0146	0.0119	0.0066	0.0004	0.0068	0.0058	0.0200	0.0092	0.0120	0.0164	0.0066	0.0079	0.0146	0.0103	0.0001	0.0133	0.0168	0.0059	0.0088	0.0150	
0.0023	0.0177	0.0013	0.0015	0.0166	0.0070	0.0159	0.0066	0.0006	0.0045	0.0122	0.0012	0.0182	0.0049	0.0136	0.0019	0.0150	0.0032	0.0088	0.0106	0.0161	0.0006	0.0127	0.0146	0.0032	0.0030	0.0023	0.0021	0.0125	0.0196	0.0118	0.0147	0.0164	0.0194	0.0125	0.0155	0.0088	0.0046	0.0011	0.0162	0.0100	0.0093	0.0107	0.0115	0.0040	0.0095	0.0107	0.0108	0.0124	0.0172	0.0170	0.0151	0.0158	0.0152	0.0156	0.0015	0.0054	0.0046	0.0185	0.0129	0.0056	0.0093	0.0084	0.0012	0.0092	0.0177	0.0019	0.0191	0.0122	0.0124	0.0093	0.0100	0.0023	0.0075	0.0212	0.0042	0.0102	0.0011	0.0127	0.0107	0.0119	0.0100	0.0051	0.0157	0.0176	0.0161	0.0189	0.0017	0.0161	0.0109	0.0088	0.0068	0.0055	0.0053	0.0127	0.0161	0.0005	0.0093	0.0196	0.0059	

Emissions
0.2430	0.4013	0.0138	0.0859	0.2560	
0.1182	0.2393	0.1293	0.3550	0.1582	
0.2011	0.1914	0.3976	0.1584	0.0514	
0.2272	0.1572	0.2891	0.0393	0.2871	
0.2763	0.3328	0.0079	0.3475	0.0356	
0.0650	0.1615	0.3815	0.3767	0.0153	
0.0792	0.5848	0.0342	0.1952	0.1066	
0.0685	0.2935	0.0676	0.2177	0.3527	
0.0345	0.2199	0.0678	0.0792	0.5986	
0.1060	0.3502	0.0074	0.0979	0.4386	
0.2296	0.2013	0.2184	0.1439	0.2068	
0.1414	0.2535	0.0117	0.4900	0.1034	
0.0153	0.3231	0.1915	0.2935	0.1767	
0.2171	0.0985	0.1082	0.0385	0.5378	
0.0999	0.1387	0.1515	0.2807	0.3292	
0.0911	0.3204	0.2497	0.0047	0.3342	
0.0915	0.1298	0.2223	0.3054	0.2511	
0.2194	0.2355	0.2697	0.0123	0.2630	
0.2881	0.2619	0.0874	0.1257	0.2369	
0.1226	0.3590	0.1125	0.3143	0.0916	
0.0463	0.2174	0.3118	0.1289	0.2955	
0.0709	0.0148	0.2880	0.2160	0.4102	
0.2562	0.3667	0.0044	0.0987	0.2740	
0.2588	0.1117	0.2751	0.1758	0.1786	
0.0061	0.4273	0.1702	0.2909	0.1055	
0.3294	0.0177	0.0084	0.5720	0.0725	
0.1322	0.1809	0.3064	0.2138	0.1667	
0.5024	0.2604	0.0984	0.1184	0.0204	
0.4293	0.3896	0.0307	0.1018	0.0485	
0.0061	0.1896	0.3462	0.1681	0.2901	
0.0361	0.1066	0.5242	0.1019	0.2312	
0.2521	0.1468	0.2181	0.1209	0.2621	
0.1218	0.0118	0.4429	0.2639	0.1597	
0.0312	0.2904	0.1189	0.2070	0.3527	
0.1374	0.0645	0.2651	0.1719	0.3611	
0.1337	0.1878	0.5619	0.0859	0.0307	
0.2331	0.0415	0.4790	0.1972	0.0492	
0.0702	0.2506	0.2602	0.0884	0.3305	
0.1146	0.2695	0.2779	0.0755	0.2625	
0.1790	0.3423	0.1772	0.2970	0.0045	
0.1056	0.0884	0.1996	0.3619	0.2445	
0.2409	0.3190	0.2258	0.1731	0.0412	
0.1411	0.1947	0.2109	0.1017	0.3515	
0.0955	0.1904	0.2498	0.1815	0.2828	
0.1796	0.5585	0.0293	0.0039	0.2287	
0.2078	0.1216	0.1221	0.2726	0.2760	
0.1249	0.3736	0.0554	0.0506	0.3955	
0.0407	0.2839	0.3202	0.3108	0.0445	
0.5003	0.0882	0.2101	0.1669	0.0346	
0.0462	0.1203	0.3029	0.3449	0.1858	
0.0933	0.0296	0.3565	0.3455	0.1751	
0.1406	0.0481	0.2222	0.1214	0.4677	
0.1402	0.0950	0.2840	0.1759	0.3049	
0.2636	0.1287	0.1646	0.2276	0.2156	
0.1921	0.2610	0.3481	0.1537	0.0451	
0.0982	0.2340	0.2573	0.3155	0.0950	
0.1759	0.2826	0.2659	0.1351	0.1406	
0.1011	0.3540	0.0781	0.2386	0.2281	
0.0295	0.2172	0.3475	0.1358	0.2699	
0.1470	0.1694	0.2937	0.2554	0.1345	
0.2955	0.3686	0.0346	0.0426	0.2587	
0.2114	0.1332	0.2852	0.3257	0.0446	
0.2687	0.1126	0.1589	0.4581	0.0017	
0.2425	0.1923	0.1402	0.3753	0.0497	
0.1907	0.0134	0.2677	0.3133	0.2148	
0.0487	0.3071	0.1630	0.3129	0.1683	
0.0040	0.4447	0.0671	0.3178	0.1664	
0.1005	0.2306	0.1881	0.1501	0.3308	
0.0342	0.0872	0.1560	0.1930	0.5297	
0.3332	0.0081	0.3549	0.1424	0.1613	
0.0607	0.0140	0.4341	0.2907	0.2005	
0.3662	0.0554	0.0507	0.3688	0.1589	
0.0057	0.4590	0.3665	0.1228	0.0459	
0.2923	0.0483	0.3417	0.2070	0.1107	
0.0509	0.2977	0.2438	0.0714	0.3362	
0.2162	0.3536	0.0573	0.0550	0.3179	
0.0768	0.5134	0.0802	0.1835	0.1461	
0.1493	0.3432	0.1697	0.0617	0.2761	
0.1246	0.2197	0.3181	0.0163	0.3213	
0.2288	0.3302	0.0646	0.3744	0.0020	
0.2344	0.1627	0.2508	0.0281	0.3240	
0.0930	0.1264	0.2470	0.2176	0.3159	
0.0521	0.3928	0.3428	0.0759	0.1364	
0.0321	0.3339	0.1826	0.4000	0.0514	
0.1499	0.1862	0.1586	0.2406	0.2646	
0.1009	0.2985	0.2126	0.1242	0.2638	
0.0924	0.2588	0.2631	0.0508	0.3349	
0.2475	0.1569	0.0296	0.3308	0.2353	
0.2393	0.1208	0.3051	0.2549	0.0799	
0.0915	0.2057	0.2289	0.1621	0.3119	
0.4625	0.0576	0.0965	0.3125	0.0709	
0.0657	0.2920	0.2144	0.1472	0.2807	
0.3212	0.3844	0.0994	0.0618	0.1332	
0.1333	0.1694	0.3077	0.1543	0.2353	
0.2273	0.3144	0.2243	0.0108	0.2232	
0.1287	0.2928	0.3800	0.1793	0.0192	
0.0371	0.0431	0.0196	0.4655	0.4347	
0.0840	0.1802	0.0660	0.5038	0.1660	
0.0914	0.4056	0.2844	0.1178	0.1008	
0.0478	0.0885	0.3850	0.1717	0.3069	
