DataSet 43
Learner: Baum Welch Learner
Log Likelihood: 39178.7625826705

Number of States: 90
Number of Symbols: 5
Threshold: 0.01

Initial Distribution:
0.0361	0.0217	0.0066	0.0124	0.0008	0.0016	0.0158	0.0141	0.0062	0.0072	0.0016	0.0063	0.0173	0.0134	0.0052	0.0148	0.0034	0.0054	0.0029	0.0081	0.0031	0.0232	0.0034	0.0260	0.0029	0.0281	0.0218	0.0046	0.0128	0.0008	0.0091	0.0162	0.0324	0.0317	0.0180	0.0095	0.0035	0.0132	0.0169	0.0017	0.0238	0.0153	0.0009	0.0029	0.0145	0.0134	0.0053	0.0219	0.0312	0.0063	0.0025	0.0075	0.0070	0.0064	0.0002	0.0020	0.0073	0.0097	0.0068	0.0007	0.0157	0.0044	0.0005	0.0043	0.0157	0.0087	0.0169	0.0037	0.0085	0.0092	0.0019	0.0062	0.0184	0.0017	0.0131	0.0265	0.0174	0.0002	0.0237	0.0123	0.0123	0.0081	0.0041	0.0079	0.0439	0.0065	0.0161	0.0095	0.0090	0.0086	

Transitions:
0.0082	0.0119	0.0080	0.0120	0.0148	0.0063	0.0102	0.0259	0.0101	0.0096	0.0057	0.0017	0.0157	0.0161	0.0049	0.0132	0.0129	0.0126	0.0155	0.0092	0.0084	0.0098	0.0210	0.0136	0.0111	0.0013	0.0120	0.0207	0.0078	0.0088	0.0109	0.0176	0.0063	0.0009	0.0104	0.0134	0.0015	0.0055	0.0091	0.0167	0.0002	0.0202	0.0179	0.0100	0.0054	0.0136	0.0214	0.0200	0.0036	0.0024	0.0137	0.0082	0.0273	0.0114	0.0004	0.0000	0.0212	0.0085	0.0014	0.0197	0.0099	0.0229	0.0068	0.0009	0.0011	0.0093	0.0106	0.0119	0.0157	0.0144	0.0189	0.0104	0.0000	0.0246	0.0105	0.0057	0.0205	0.0127	0.0148	0.0161	0.0046	0.0203	0.0168	0.0052	0.0123	0.0002	0.0276	0.0001	0.0014	0.0159	
0.0127	0.0141	0.0051	0.0027	0.0004	0.0009	0.0082	0.0140	0.0071	0.0189	0.0200	0.0091	0.0029	0.0125	0.0103	0.0040	0.0091	0.0234	0.0003	0.0141	0.0015	0.0067	0.0157	0.0044	0.0080	0.0147	0.0103	0.0090	0.0048	0.0009	0.0105	0.0144	0.0089	0.0151	0.0009	0.0009	0.0062	0.0223	0.0174	0.0093	0.0002	0.0108	0.0058	0.0251	0.0223	0.0186	0.0182	0.0231	0.0160	0.0138	0.0146	0.0223	0.0298	0.0131	0.0197	0.0089	0.0026	0.0251	0.0228	0.0107	0.0093	0.0027	0.0045	0.0068	0.0103	0.0066	0.0158	0.0055	0.0093	0.0079	0.0001	0.0139	0.0018	0.0182	0.0166	0.0096	0.0026	0.0186	0.0084	0.0113	0.0263	0.0157	0.0171	0.0141	0.0073	0.0085	0.0190	0.0007	0.0020	0.0144	
0.0176	0.0052	0.0019	0.0132	0.0166	0.0207	0.0040	0.0195	0.0102	0.0131	0.0198	0.0113	0.0118	0.0097	0.0135	0.0014	0.0196	0.0069	0.0196	0.0046	0.0063	0.0080	0.0125	0.0066	0.0070	0.0195	0.0119	0.0148	0.0186	0.0014	0.0138	0.0196	0.0035	0.0148	0.0096	0.0190	0.0092	0.0111	0.0181	0.0155	0.0077	0.0040	0.0056	0.0171	0.0151	0.0101	0.0016	0.0006	0.0193	0.0085	0.0113	0.0084	0.0038	0.0189	0.0080	0.0113	0.0160	0.0196	0.0075	0.0218	0.0058	0.0088	0.0017	0.0087	0.0005	0.0001	0.0066	0.0172	0.0002	0.0185	0.0127	0.0099	0.0114	0.0043	0.0197	0.0013	0.0026	0.0161	0.0138	0.0183	0.0167	0.0147	0.0176	0.0097	0.0103	0.0047	0.0162	0.0070	0.0071	0.0204	
0.0002	0.0117	0.0035	0.0177	0.0083	0.0207	0.0020	0.0203	0.0172	0.0133	0.0020	0.0057	0.0004	0.0009	0.0160	0.0008	0.0175	0.0201	0.0006	0.0072	0.0104	0.0194	0.0027	0.0087	0.0050	0.0135	0.0113	0.0144	0.0177	0.0163	0.0069	0.0007	0.0095	0.0021	0.0161	0.0272	0.0064	0.0163	0.0156	0.0205	0.0152	0.0048	0.0230	0.0009	0.0182	0.0112	0.0120	0.0156	0.0136	0.0115	0.0085	0.0170	0.0077	0.0225	0.0091	0.0010	0.0122	0.0177	0.0149	0.0197	0.0055	0.0087	0.0013	0.0220	0.0070	0.0014	0.0125	0.0189	0.0031	0.0143	0.0154	0.0037	0.0038	0.0037	0.0100	0.0032	0.0199	0.0017	0.0135	0.0143	0.0013	0.0222	0.0237	0.0058	0.0067	0.0106	0.0172	0.0119	0.0161	0.0178	
0.0097	0.0126	0.0022	0.0001	0.0115	0.0142	0.0041	0.0007	0.0177	0.0163	0.0210	0.0165	0.0135	0.0231	0.0173	0.0041	0.0150	0.0034	0.0129	0.0066	0.0020	0.0096	0.0000	0.0258	0.0189	0.0095	0.0108	0.0167	0.0143	0.0197	0.0089	0.0056	0.0064	0.0074	0.0082	0.0049	0.0016	0.0049	0.0157	0.0225	0.0006	0.0206	0.0080	0.0219	0.0262	0.0093	0.0076	0.0202	0.0122	0.0067	0.0248	0.0164	0.0003	0.0084	0.0143	0.0003	0.0139	0.0052	0.0080	0.0051	0.0267	0.0064	0.0097	0.0223	0.0089	0.0124	0.0090	0.0066	0.0182	0.0140	0.0027	0.0097	0.0154	0.0155	0.0070	0.0037	0.0015	0.0001	0.0227	0.0081	0.0004	0.0174	0.0072	0.0064	0.0176	0.0181	0.0045	0.0205	0.0141	0.0072	
0.0110	0.0173	0.0196	0.0069	0.0166	0.0160	0.0097	0.0110	0.0148	0.0087	0.0216	0.0012	0.0043	0.0188	0.0020	0.0100	0.0005	0.0073	0.0020	0.0123	0.0227	0.0121	0.0049	0.0220	0.0050	0.0085	0.0003	0.0041	0.0219	0.0135	0.0085	0.0121	0.0157	0.0098	0.0006	0.0062	0.0103	0.0056	0.0174	0.0128	0.0137	0.0110	0.0075	0.0120	0.0096	0.0213	0.0084	0.0089	0.0041	0.0085	0.0168	0.0201	0.0193	0.0202	0.0057	0.0204	0.0147	0.0231	0.0026	0.0109	0.0153	0.0040	0.0097	0.0000	0.0007	0.0087	0.0063	0.0154	0.0182	0.0177	0.0001	0.0176	0.0135	0.0114	0.0221	0.0089	0.0043	0.0133	0.0114	0.0056	0.0197	0.0140	0.0005	0.0129	0.0164	0.0112	0.0160	0.0169	0.0036	0.0007	
0.0120	0.0129	0.0032	0.0048	0.0190	0.0120	0.0220	0.0097	0.0127	0.0221	0.0157	0.0156	0.0135	0.0079	0.0082	0.0180	0.0061	0.0066	0.0002	0.0199	0.0191	0.0007	0.0091	0.0193	0.0153	0.0023	0.0039	0.0208	0.0023	0.0116	0.0170	0.0130	0.0127	0.0174	0.0065	0.0104	0.0148	0.0092	0.0144	0.0106	0.0080	0.0182	0.0024	0.0127	0.0161	0.0062	0.0004	0.0150	0.0059	0.0239	0.0062	0.0104	0.0203	0.0063	0.0049	0.0119	0.0054	0.0072	0.0159	0.0196	0.0068	0.0011	0.0051	0.0006	0.0072	0.0021	0.0022	0.0166	0.0013	0.0212	0.0061	0.0213	0.0154	0.0138	0.0125	0.0216	0.0211	0.0184	0.0048	0.0072	0.0020	0.0129	0.0178	0.0025	0.0050	0.0057	0.0183	0.0070	0.0153	0.0179	
0.0025	0.0060	0.0181	0.0214	0.0030	0.0068	0.0098	0.0021	0.0056	0.0134	0.0024	0.0062	0.0172	0.0081	0.0189	0.0070	0.0131	0.0042	0.0240	0.0054	0.0181	0.0095	0.0018	0.0036	0.0156	0.0132	0.0056	0.0055	0.0142	0.0015	0.0092	0.0129	0.0020	0.0046	0.0078	0.0313	0.0033	0.0201	0.0071	0.0029	0.0052	0.0183	0.0197	0.0203	0.0040	0.0179	0.0182	0.0093	0.0056	0.0151	0.0115	0.0113	0.0154	0.0096	0.0035	0.0172	0.0085	0.0136	0.0028	0.0133	0.0161	0.0087	0.0045	0.0037	0.0040	0.0092	0.0020	0.0068	0.0100	0.0148	0.0059	0.0255	0.0133	0.0190	0.0247	0.0080	0.0169	0.0110	0.0019	0.0200	0.0205	0.0234	0.0271	0.0228	0.0076	0.0150	0.0074	0.0197	0.0047	0.0003	
0.0108	0.0123	0.0187	0.0032	0.0026	0.0014	0.0121	0.0114	0.0127	0.0216	0.0139	0.0138	0.0236	0.0152	0.0166	0.0114	0.0172	0.0201	0.0135	0.0081	0.0284	0.0223	0.0098	0.0037	0.0106	0.0001	0.0113	0.0113	0.0129	0.0099	0.0031	0.0075	0.0032	0.0103	0.0040	0.0211	0.0048	0.0169	0.0119	0.0210	0.0041	0.0093	0.0260	0.0087	0.0076	0.0080	0.0031	0.0044	0.0048	0.0010	0.0269	0.0098	0.0096	0.0220	0.0019	0.0166	0.0072	0.0169	0.0191	0.0034	0.0099	0.0019	0.0150	0.0009	0.0153	0.0080	0.0075	0.0082	0.0081	0.0218	0.0081	0.0051	0.0077	0.0196	0.0046	0.0095	0.0218	0.0016	0.0189	0.0027	0.0207	0.0115	0.0057	0.0137	0.0072	0.0167	0.0003	0.0095	0.0119	0.0123	
0.0057	0.0107	0.0208	0.0094	0.0063	0.0030	0.0106	0.0212	0.0147	0.0226	0.0169	0.0163	0.0193	0.0057	0.0157	0.0140	0.0010	0.0129	0.0155	0.0099	0.0200	0.0043	0.0149	0.0098	0.0053	0.0007	0.0140	0.0075	0.0120	0.0197	0.0073	0.0010	0.0164	0.0144	0.0097	0.0209	0.0053	0.0214	0.0067	0.0001	0.0000	0.0004	0.0107	0.0225	0.0051	0.0016	0.0117	0.0201	0.0138	0.0122	0.0158	0.0080	0.0189	0.0217	0.0150	0.0034	0.0000	0.0096	0.0044	0.0077	0.0047	0.0039	0.0046	0.0144	0.0132	0.0194	0.0129	0.0197	0.0119	0.0183	0.0109	0.0037	0.0058	0.0155	0.0144	0.0111	0.0150	0.0164	0.0065	0.0037	0.0088	0.0226	0.0129	0.0220	0.0043	0.0183	0.0075	0.0009	0.0017	0.0094	
0.0138	0.0178	0.0167	0.0013	0.0157	0.0177	0.0150	0.0195	0.0052	0.0083	0.0044	0.0142	0.0074	0.0195	0.0015	0.0101	0.0015	0.0026	0.0080	0.0007	0.0100	0.0059	0.0232	0.0000	0.0201	0.0066	0.0137	0.0076	0.0073	0.0166	0.0131	0.0179	0.0186	0.0032	0.0053	0.0174	0.0097	0.0055	0.0185	0.0175	0.0007	0.0202	0.0118	0.0231	0.0231	0.0174	0.0137	0.0142	0.0187	0.0174	0.0200	0.0043	0.0172	0.0009	0.0011	0.0095	0.0209	0.0177	0.0044	0.0111	0.0020	0.0077	0.0086	0.0105	0.0175	0.0086	0.0141	0.0034	0.0123	0.0083	0.0018	0.0198	0.0052	0.0141	0.0248	0.0092	0.0165	0.0001	0.0006	0.0021	0.0149	0.0014	0.0104	0.0122	0.0167	0.0076	0.0032	0.0193	0.0025	0.0183	
0.0158	0.0149	0.0013	0.0102	0.0137	0.0170	0.0110	0.0013	0.0043	0.0147	0.0008	0.0115	0.0014	0.0127	0.0171	0.0004	0.0226	0.0024	0.0011	0.0130	0.0185	0.0203	0.0178	0.0020	0.0202	0.0009	0.0191	0.0217	0.0136	0.0111	0.0065	0.0217	0.0012	0.0164	0.0147	0.0109	0.0183	0.0217	0.0232	0.0084	0.0004	0.0160	0.0199	0.0104	0.0017	0.0043	0.0000	0.0207	0.0185	0.0228	0.0105	0.0008	0.0229	0.0133	0.0033	0.0204	0.0005	0.0275	0.0173	0.0153	0.0173	0.0107	0.0095	0.0177	0.0084	0.0038	0.0086	0.0073	0.0212	0.0077	0.0053	0.0035	0.0038	0.0181	0.0155	0.0217	0.0012	0.0063	0.0005	0.0144	0.0008	0.0017	0.0031	0.0154	0.0014	0.0050	0.0014	0.0126	0.0155	0.0185	
0.0053	0.0131	0.0037	0.0072	0.0117	0.0098	0.0034	0.0033	0.0013	0.0190	0.0133	0.0136	0.0225	0.0105	0.0142	0.0043	0.0157	0.0020	0.0226	0.0034	0.0203	0.0149	0.0206	0.0004	0.0121	0.0119	0.0059	0.0195	0.0119	0.0029	0.0023	0.0162	0.0119	0.0027	0.0139	0.0116	0.0210	0.0178	0.0018	0.0011	0.0106	0.0173	0.0049	0.0026	0.0192	0.0069	0.0014	0.0129	0.0159	0.0150	0.0072	0.0192	0.0138	0.0095	0.0172	0.0117	0.0197	0.0035	0.0177	0.0256	0.0021	0.0062	0.0071	0.0194	0.0148	0.0183	0.0140	0.0159	0.0091	0.0040	0.0058	0.0015	0.0184	0.0211	0.0101	0.0131	0.0104	0.0180	0.0028	0.0045	0.0120	0.0166	0.0228	0.0173	0.0111	0.0027	0.0077	0.0066	0.0066	0.0074	
0.0113	0.0172	0.0013	0.0034	0.0187	0.0115	0.0089	0.0070	0.0072	0.0006	0.0095	0.0058	0.0032	0.0176	0.0115	0.0050	0.0228	0.0153	0.0231	0.0212	0.0011	0.0006	0.0243	0.0129	0.0096	0.0092	0.0090	0.0151	0.0021	0.0150	0.0131	0.0164	0.0123	0.0021	0.0166	0.0127	0.0003	0.0217	0.0239	0.0237	0.0108	0.0053	0.0118	0.0030	0.0225	0.0077	0.0138	0.0020	0.0069	0.0144	0.0048	0.0168	0.0088	0.0074	0.0068	0.0115	0.0196	0.0139	0.0204	0.0128	0.0238	0.0131	0.0039	0.0157	0.0116	0.0164	0.0141	0.0009	0.0024	0.0009	0.0054	0.0025	0.0165	0.0009	0.0106	0.0187	0.0111	0.0188	0.0149	0.0010	0.0177	0.0096	0.0100	0.0115	0.0088	0.0194	0.0077	0.0051	0.0189	0.0035	
0.0115	0.0094	0.0017	0.0100	0.0196	0.0211	0.0006	0.0212	0.0160	0.0035	0.0139	0.0132	0.0245	0.0063	0.0073	0.0017	0.0217	0.0065	0.0232	0.0116	0.0010	0.0222	0.0216	0.0157	0.0193	0.0147	0.0047	0.0161	0.0038	0.0150	0.0106	0.0109	0.0061	0.0195	0.0084	0.0235	0.0008	0.0066	0.0019	0.0132	0.0139	0.0127	0.0055	0.0129	0.0112	0.0043	0.0081	0.0034	0.0044	0.0090	0.0219	0.0009	0.0091	0.0050	0.0021	0.0142	0.0158	0.0097	0.0167	0.0084	0.0140	0.0068	0.0127	0.0237	0.0164	0.0033	0.0051	0.0006	0.0189	0.0115	0.0011	0.0188	0.0048	0.0096	0.0216	0.0087	0.0170	0.0081	0.0063	0.0142	0.0058	0.0029	0.0123	0.0184	0.0137	0.0080	0.0039	0.0022	0.0225	0.0183	
0.0022	0.0127	0.0157	0.0183	0.0206	0.0095	0.0157	0.0078	0.0174	0.0062	0.0185	0.0077	0.0076	0.0166	0.0080	0.0018	0.0170	0.0205	0.0111	0.0138	0.0227	0.0061	0.0008	0.0002	0.0018	0.0101	0.0139	0.0261	0.0031	0.0081	0.0260	0.0040	0.0029	0.0013	0.0060	0.0107	0.0032	0.0109	0.0088	0.0089	0.0081	0.0104	0.0166	0.0004	0.0184	0.0201	0.0178	0.0178	0.0083	0.0147	0.0125	0.0045	0.0194	0.0057	0.0194	0.0184	0.0172	0.0163	0.0187	0.0132	0.0106	0.0185	0.0019	0.0090	0.0063	0.0170	0.0029	0.0047	0.0055	0.0192	0.0230	0.0099	0.0092	0.0021	0.0012	0.0057	0.0152	0.0004	0.0056	0.0034	0.0177	0.0015	0.0171	0.0100	0.0123	0.0159	0.0138	0.0215	0.0053	0.0115	
0.0157	0.0119	0.0201	0.0023	0.0165	0.0198	0.0092	0.0053	0.0188	0.0008	0.0196	0.0151	0.0133	0.0121	0.0178	0.0031	0.0190	0.0151	0.0042	0.0125	0.0035	0.0156	0.0086	0.0139	0.0183	0.0143	0.0085	0.0165	0.0133	0.0133	0.0050	0.0061	0.0008	0.0169	0.0077	0.0137	0.0148	0.0103	0.0089	0.0084	0.0006	0.0120	0.0073	0.0061	0.0124	0.0026	0.0129	0.0004	0.0177	0.0203	0.0011	0.0252	0.0223	0.0169	0.0096	0.0009	0.0049	0.0070	0.0115	0.0053	0.0091	0.0141	0.0149	0.0047	0.0212	0.0123	0.0128	0.0206	0.0051	0.0061	0.0120	0.0094	0.0071	0.0215	0.0138	0.0161	0.0084	0.0018	0.0018	0.0145	0.0249	0.0102	0.0002	0.0186	0.0105	0.0066	0.0113	0.0092	0.0068	0.0067	
0.0052	0.0073	0.0216	0.0023	0.0179	0.0091	0.0174	0.0029	0.0091	0.0202	0.0123	0.0150	0.0175	0.0097	0.0045	0.0123	0.0144	0.0202	0.0035	0.0164	0.0165	0.0024	0.0038	0.0190	0.0052	0.0227	0.0117	0.0186	0.0158	0.0125	0.0013	0.0045	0.0122	0.0194	0.0226	0.0036	0.0081	0.0036	0.0199	0.0025	0.0159	0.0041	0.0134	0.0025	0.0013	0.0064	0.0112	0.0112	0.0115	0.0192	0.0140	0.0116	0.0051	0.0096	0.0099	0.0032	0.0045	0.0032	0.0212	0.0204	0.0170	0.0151	0.0077	0.0184	0.0189	0.0070	0.0024	0.0181	0.0104	0.0015	0.0054	0.0111	0.0016	0.0012	0.0231	0.0107	0.0094	0.0010	0.0161	0.0196	0.0092	0.0020	0.0089	0.0181	0.0174	0.0121	0.0216	0.0028	0.0093	0.0190	
0.0188	0.0056	0.0064	0.0194	0.0065	0.0006	0.0196	0.0182	0.0058	0.0174	0.0043	0.0161	0.0015	0.0107	0.0119	0.0020	0.0103	0.0037	0.0110	0.0012	0.0193	0.0035	0.0089	0.0263	0.0138	0.0182	0.0081	0.0112	0.0212	0.0079	0.0092	0.0262	0.0111	0.0157	0.0040	0.0002	0.0050	0.0051	0.0188	0.0234	0.0160	0.0126	0.0166	0.0012	0.0209	0.0185	0.0003	0.0206	0.0081	0.0243	0.0038	0.0228	0.0180	0.0081	0.0020	0.0169	0.0214	0.0087	0.0088	0.0137	0.0161	0.0034	0.0008	0.0224	0.0087	0.0038	0.0047	0.0091	0.0079	0.0118	0.0169	0.0056	0.0121	0.0124	0.0085	0.0032	0.0076	0.0065	0.0043	0.0188	0.0144	0.0131	0.0049	0.0210	0.0036	0.0124	0.0079	0.0024	0.0137	0.0100	
0.0019	0.0201	0.0208	0.0005	0.0068	0.0144	0.0128	0.0208	0.0157	0.0129	0.0136	0.0142	0.0135	0.0185	0.0004	0.0173	0.0092	0.0031	0.0007	0.0221	0.0107	0.0127	0.0027	0.0137	0.0005	0.0034	0.0192	0.0021	0.0181	0.0192	0.0204	0.0033	0.0193	0.0210	0.0116	0.0235	0.0084	0.0109	0.0047	0.0185	0.0122	0.0084	0.0131	0.0124	0.0073	0.0009	0.0195	0.0086	0.0221	0.0075	0.0035	0.0051	0.0020	0.0133	0.0176	0.0101	0.0187	0.0081	0.0002	0.0044	0.0150	0.0084	0.0045	0.0199	0.0180	0.0085	0.0162	0.0145	0.0092	0.0023	0.0111	0.0216	0.0232	0.0060	0.0096	0.0012	0.0000	0.0113	0.0058	0.0216	0.0064	0.0142	0.0041	0.0088	0.0141	0.0143	0.0012	0.0054	0.0011	0.0246	
0.0017	0.0014	0.0106	0.0223	0.0028	0.0041	0.0039	0.0178	0.0226	0.0230	0.0067	0.0053	0.0003	0.0189	0.0176	0.0041	0.0064	0.0190	0.0046	0.0183	0.0133	0.0071	0.0016	0.0008	0.0229	0.0017	0.0053	0.0161	0.0026	0.0038	0.0093	0.0140	0.0148	0.0103	0.0005	0.0140	0.0104	0.0268	0.0033	0.0060	0.0196	0.0044	0.0147	0.0084	0.0201	0.0013	0.0116	0.0080	0.0154	0.0141	0.0098	0.0070	0.0016	0.0041	0.0095	0.0176	0.0001	0.0120	0.0018	0.0018	0.0233	0.0063	0.0135	0.0169	0.0128	0.0173	0.0127	0.0137	0.0189	0.0066	0.0138	0.0078	0.0184	0.0238	0.0272	0.0067	0.0137	0.0160	0.0069	0.0211	0.0117	0.0258	0.0036	0.0137	0.0152	0.0023	0.0117	0.0101	0.0231	0.0065	
0.0074	0.0021	0.0226	0.0008	0.0083	0.0118	0.0088	0.0020	0.0189	0.0001	0.0081	0.0208	0.0152	0.0094	0.0216	0.0008	0.0108	0.0022	0.0055	0.0046	0.0052	0.0066	0.0024	0.0028	0.0142	0.0182	0.0025	0.0032	0.0185	0.0094	0.0067	0.0039	0.0107	0.0085	0.0100	0.0176	0.0114	0.0156	0.0102	0.0106	0.0093	0.0113	0.0280	0.0084	0.0112	0.0128	0.0077	0.0184	0.0126	0.0143	0.0128	0.0078	0.0066	0.0205	0.0010	0.0036	0.0008	0.0189	0.0130	0.0142	0.0070	0.0086	0.0027	0.0085	0.0149	0.0057	0.0042	0.0216	0.0108	0.0053	0.0153	0.0247	0.0093	0.0224	0.0136	0.0087	0.0086	0.0203	0.0142	0.0203	0.0161	0.0089	0.0135	0.0027	0.0124	0.0176	0.0280	0.0222	0.0158	0.0126	
0.0098	0.0139	0.0042	0.0049	0.0182	0.0088	0.0071	0.0118	0.0129	0.0052	0.0066	0.0080	0.0053	0.0104	0.0027	0.0116	0.0186	0.0092	0.0056	0.0075	0.0190	0.0049	0.0219	0.0108	0.0169	0.0013	0.0005	0.0020	0.0092	0.0190	0.0059	0.0075	0.0098	0.0181	0.0163	0.0240	0.0148	0.0065	0.0185	0.0018	0.0066	0.0174	0.0054	0.0114	0.0166	0.0056	0.0026	0.0186	0.0200	0.0072	0.0002	0.0130	0.0174	0.0033	0.0170	0.0062	0.0176	0.0180	0.0117	0.0197	0.0078	0.0041	0.0024	0.0151	0.0207	0.0210	0.0166	0.0075	0.0155	0.0046	0.0175	0.0138	0.0138	0.0039	0.0006	0.0188	0.0205	0.0091	0.0164	0.0108	0.0195	0.0036	0.0026	0.0021	0.0152	0.0151	0.0145	0.0069	0.0228	0.0103	
0.0024	0.0006	0.0188	0.0211	0.0170	0.0030	0.0140	0.0164	0.0110	0.0148	0.0077	0.0171	0.0034	0.0175	0.0095	0.0079	0.0207	0.0117	0.0028	0.0226	0.0071	0.0076	0.0205	0.0194	0.0247	0.0042	0.0021	0.0011	0.0184	0.0061	0.0074	0.0130	0.0075	0.0055	0.0021	0.0200	0.0201	0.0153	0.0089	0.0215	0.0037	0.0081	0.0225	0.0016	0.0036	0.0034	0.0000	0.0079	0.0149	0.0101	0.0165	0.0021	0.0048	0.0238	0.0025	0.0165	0.0031	0.0176	0.0225	0.0145	0.0007	0.0146	0.0144	0.0055	0.0089	0.0172	0.0081	0.0189	0.0139	0.0118	0.0143	0.0055	0.0018	0.0052	0.0189	0.0191	0.0101	0.0186	0.0186	0.0173	0.0050	0.0167	0.0102	0.0070	0.0104	0.0047	0.0095	0.0083	0.0045	0.0075	
0.0178	0.0004	0.0213	0.0229	0.0195	0.0155	0.0148	0.0168	0.0180	0.0104	0.0220	0.0038	0.0183	0.0034	0.0219	0.0119	0.0004	0.0255	0.0051	0.0039	0.0083	0.0076	0.0264	0.0024	0.0091	0.0084	0.0072	0.0121	0.0201	0.0049	0.0099	0.0003	0.0181	0.0074	0.0243	0.0168	0.0112	0.0048	0.0106	0.0067	0.0102	0.0197	0.0038	0.0104	0.0022	0.0014	0.0008	0.0056	0.0118	0.0003	0.0056	0.0121	0.0054	0.0005	0.0013	0.0104	0.0013	0.0202	0.0169	0.0136	0.0066	0.0006	0.0210	0.0130	0.0014	0.0190	0.0113	0.0109	0.0083	0.0075	0.0016	0.0224	0.0167	0.0245	0.0207	0.0141	0.0039	0.0135	0.0002	0.0070	0.0068	0.0022	0.0018	0.0174	0.0228	0.0245	0.0216	0.0166	0.0062	0.0114	
0.0101	0.0150	0.0136	0.0195	0.0003	0.0080	0.0159	0.0190	0.0080	0.0071	0.0117	0.0132	0.0227	0.0035	0.0225	0.0068	0.0168	0.0049	0.0071	0.0118	0.0063	0.0111	0.0160	0.0054	0.0070	0.0031	0.0181	0.0067	0.0106	0.0026	0.0222	0.0161	0.0036	0.0161	0.0118	0.0079	0.0069	0.0172	0.0173	0.0084	0.0105	0.0102	0.0048	0.0168	0.0159	0.0143	0.0036	0.0210	0.0143	0.0125	0.0021	0.0122	0.0093	0.0172	0.0030	0.0005	0.0016	0.0059	0.0129	0.0261	0.0079	0.0131	0.0032	0.0056	0.0085	0.0185	0.0074	0.0216	0.0077	0.0130	0.0019	0.0013	0.0057	0.0231	0.0227	0.0131	0.0070	0.0004	0.0130	0.0132	0.0243	0.0007	0.0154	0.0201	0.0005	0.0067	0.0112	0.0116	0.0205	0.0146	
0.0043	0.0004	0.0071	0.0024	0.0252	0.0017	0.0050	0.0302	0.0061	0.0208	0.0050	0.0040	0.0158	0.0032	0.0151	0.0008	0.0064	0.0101	0.0242	0.0078	0.0195	0.0011	0.0166	0.0134	0.0239	0.0076	0.0014	0.0115	0.0050	0.0018	0.0094	0.0180	0.0037	0.0099	0.0050	0.0020	0.0256	0.0051	0.0005	0.0235	0.0071	0.0092	0.0268	0.0218	0.0102	0.0196	0.0118	0.0098	0.0057	0.0203	0.0006	0.0001	0.0232	0.0143	0.0013	0.0047	0.0116	0.0103	0.0066	0.0223	0.0178	0.0228	0.0103	0.0046	0.0128	0.0097	0.0153	0.0218	0.0159	0.0101	0.0066	0.0028	0.0078	0.0283	0.0242	0.0042	0.0068	0.0252	0.0103	0.0007	0.0259	0.0177	0.0010	0.0058	0.0009	0.0070	0.0045	0.0186	0.0191	0.0040	
0.0129	0.0083	0.0226	0.0100	0.0137	0.0161	0.0165	0.0107	0.0031	0.0005	0.0239	0.0125	0.0133	0.0168	0.0145	0.0160	0.0147	0.0171	0.0134	0.0155	0.0213	0.0092	0.0204	0.0054	0.0147	0.0080	0.0167	0.0085	0.0030	0.0055	0.0050	0.0051	0.0078	0.0114	0.0256	0.0207	0.0023	0.0226	0.0041	0.0042	0.0132	0.0141	0.0133	0.0088	0.0040	0.0076	0.0005	0.0038	0.0114	0.0038	0.0175	0.0099	0.0024	0.0171	0.0049	0.0032	0.0112	0.0204	0.0228	0.0088	0.0183	0.0027	0.0080	0.0206	0.0181	0.0135	0.0049	0.0032	0.0000	0.0196	0.0144	0.0151	0.0156	0.0097	0.0027	0.0047	0.0154	0.0078	0.0008	0.0055	0.0059	0.0186	0.0004	0.0188	0.0096	0.0187	0.0020	0.0099	0.0048	0.0178	
0.0053	0.0064	0.0201	0.0129	0.0091	0.0100	0.0054	0.0179	0.0134	0.0092	0.0018	0.0177	0.0039	0.0114	0.0065	0.0002	0.0161	0.0125	0.0147	0.0026	0.0092	0.0027	0.0156	0.0140	0.0048	0.0208	0.0027	0.0095	0.0076	0.0196	0.0124	0.0160	0.0188	0.0066	0.0137	0.0104	0.0155	0.0205	0.0207	0.0136	0.0172	0.0164	0.0148	0.0111	0.0037	0.0085	0.0103	0.0091	0.0132	0.0112	0.0011	0.0103	0.0172	0.0018	0.0041	0.0026	0.0119	0.0063	0.0092	0.0099	0.0067	0.0146	0.0094	0.0140	0.0181	0.0065	0.0177	0.0172	0.0187	0.0169	0.0049	0.0167	0.0128	0.0016	0.0046	0.0124	0.0078	0.0035	0.0100	0.0161	0.0099	0.0149	0.0173	0.0166	0.0172	0.0019	0.0202	0.0167	0.0024	0.0108	
0.0147	0.0082	0.0120	0.0112	0.0061	0.0028	0.0063	0.0017	0.0165	0.0194	0.0095	0.0138	0.0126	0.0177	0.0058	0.0044	0.0172	0.0143	0.0210	0.0118	0.0194	0.0087	0.0184	0.0118	0.0000	0.0135	0.0161	0.0150	0.0152	0.0165	0.0086	0.0018	0.0143	0.0077	0.0177	0.0226	0.0058	0.0024	0.0155	0.0019	0.0051	0.0063	0.0112	0.0154	0.0081	0.0184	0.0028	0.0007	0.0104	0.0147	0.0053	0.0067	0.0247	0.0118	0.0149	0.0098	0.0156	0.0247	0.0123	0.0164	0.0036	0.0116	0.0056	0.0203	0.0099	0.0086	0.0149	0.0028	0.0165	0.0092	0.0186	0.0183	0.0200	0.0189	0.0080	0.0074	0.0186	0.0032	0.0051	0.0037	0.0101	0.0222	0.0028	0.0008	0.0088	0.0011	0.0026	0.0054	0.0152	0.0107	
0.0023	0.0073	0.0145	0.0017	0.0187	0.0176	0.0231	0.0147	0.0041	0.0237	0.0221	0.0002	0.0053	0.0025	0.0176	0.0093	0.0082	0.0043	0.0046	0.0073	0.0153	0.0123	0.0165	0.0080	0.0047	0.0064	0.0097	0.0070	0.0078	0.0104	0.0073	0.0160	0.0113	0.0071	0.0082	0.0179	0.0041	0.0226	0.0213	0.0151	0.0094	0.0069	0.0229	0.0078	0.0067	0.0118	0.0157	0.0003	0.0067	0.0029	0.0181	0.0238	0.0016	0.0075	0.0196	0.0134	0.0172	0.0069	0.0231	0.0156	0.0054	0.0138	0.0053	0.0179	0.0153	0.0061	0.0102	0.0207	0.0169	0.0026	0.0058	0.0125	0.0073	0.0147	0.0238	0.0056	0.0124	0.0079	0.0019	0.0167	0.0128	0.0123	0.0002	0.0050	0.0141	0.0082	0.0154	0.0046	0.0099	0.0191	
0.0191	0.0199	0.0233	0.0055	0.0082	0.0187	0.0005	0.0067	0.0145	0.0002	0.0220	0.0183	0.0062	0.0045	0.0194	0.0042	0.0140	0.0108	0.0101	0.0150	0.0012	0.0079	0.0037	0.0036	0.0023	0.0169	0.0132	0.0017	0.0227	0.0072	0.0154	0.0072	0.0108	0.0201	0.0041	0.0082	0.0119	0.0014	0.0046	0.0013	0.0046	0.0058	0.0166	0.0018	0.0177	0.0169	0.0045	0.0183	0.0077	0.0123	0.0166	0.0029	0.0192	0.0170	0.0155	0.0123	0.0182	0.0196	0.0035	0.0153	0.0038	0.0205	0.0058	0.0072	0.0082	0.0149	0.0062	0.0066	0.0221	0.0114	0.0157	0.0134	0.0060	0.0087	0.0108	0.0164	0.0147	0.0019	0.0095	0.0078	0.0132	0.0197	0.0183	0.0098	0.0120	0.0113	0.0132	0.0177	0.0062	0.0143	
0.0099	0.0130	0.0215	0.0139	0.0207	0.0055	0.0163	0.0111	0.0141	0.0017	0.0085	0.0189	0.0196	0.0190	0.0190	0.0026	0.0168	0.0080	0.0066	0.0198	0.0195	0.0141	0.0087	0.0120	0.0012	0.0062	0.0041	0.0234	0.0150	0.0163	0.0022	0.0097	0.0007	0.0056	0.0135	0.0004	0.0166	0.0139	0.0083	0.0038	0.0114	0.0057	0.0103	0.0082	0.0206	0.0134	0.0002	0.0191	0.0110	0.0086	0.0137	0.0031	0.0130	0.0079	0.0162	0.0178	0.0071	0.0029	0.0135	0.0173	0.0008	0.0017	0.0098	0.0191	0.0196	0.0212	0.0144	0.0095	0.0166	0.0157	0.0121	0.0045	0.0160	0.0027	0.0025	0.0093	0.0066	0.0011	0.0171	0.0075	0.0084	0.0075	0.0090	0.0053	0.0031	0.0181	0.0244	0.0151	0.0163	0.0025	
0.0134	0.0101	0.0030	0.0236	0.0027	0.0156	0.0099	0.0166	0.0071	0.0196	0.0167	0.0121	0.0010	0.0188	0.0230	0.0078	0.0055	0.0088	0.0055	0.0028	0.0120	0.0053	0.0065	0.0025	0.0053	0.0130	0.0142	0.0130	0.0153	0.0012	0.0232	0.0029	0.0143	0.0108	0.0013	0.0257	0.0020	0.0206	0.0001	0.0091	0.0005	0.0174	0.0208	0.0221	0.0145	0.0166	0.0071	0.0110	0.0056	0.0147	0.0148	0.0114	0.0138	0.0134	0.0138	0.0102	0.0062	0.0224	0.0204	0.0149	0.0161	0.0027	0.0116	0.0069	0.0011	0.0160	0.0120	0.0072	0.0140	0.0192	0.0101	0.0082	0.0074	0.0219	0.0022	0.0110	0.0120	0.0097	0.0116	0.0081	0.0107	0.0070	0.0060	0.0213	0.0060	0.0074	0.0168	0.0075	0.0030	0.0120	
0.0173	0.0027	0.0043	0.0141	0.0092	0.0212	0.0201	0.0111	0.0176	0.0201	0.0017	0.0225	0.0192	0.0079	0.0079	0.0071	0.0040	0.0148	0.0095	0.0209	0.0200	0.0187	0.0094	0.0076	0.0005	0.0145	0.0215	0.0228	0.0221	0.0152	0.0005	0.0086	0.0049	0.0011	0.0044	0.0063	0.0037	0.0182	0.0103	0.0040	0.0155	0.0033	0.0144	0.0137	0.0082	0.0092	0.0118	0.0187	0.0136	0.0010	0.0044	0.0217	0.0230	0.0050	0.0161	0.0205	0.0168	0.0185	0.0143	0.0194	0.0206	0.0001	0.0098	0.0029	0.0213	0.0165	0.0168	0.0173	0.0031	0.0015	0.0047	0.0086	0.0038	0.0057	0.0029	0.0170	0.0057	0.0182	0.0001	0.0134	0.0039	0.0032	0.0098	0.0195	0.0107	0.0008	0.0103	0.0004	0.0082	0.0066	
0.0097	0.0057	0.0044	0.0125	0.0030	0.0166	0.0133	0.0083	0.0143	0.0127	0.0143	0.0137	0.0124	0.0088	0.0150	0.0137	0.0161	0.0129	0.0015	0.0160	0.0136	0.0168	0.0162	0.0222	0.0115	0.0185	0.0111	0.0092	0.0127	0.0175	0.0057	0.0159	0.0090	0.0170	0.0125	0.0184	0.0020	0.0094	0.0009	0.0066	0.0025	0.0136	0.0019	0.0062	0.0205	0.0080	0.0078	0.0147	0.0001	0.0147	0.0047	0.0162	0.0184	0.0065	0.0093	0.0112	0.0091	0.0060	0.0028	0.0055	0.0027	0.0150	0.0138	0.0154	0.0067	0.0169	0.0055	0.0154	0.0000	0.0183	0.0111	0.0070	0.0142	0.0137	0.0170	0.0195	0.0146	0.0078	0.0185	0.0034	0.0064	0.0171	0.0103	0.0171	0.0112	0.0107	0.0149	0.0012	0.0038	0.0193	
0.0076	0.0178	0.0068	0.0119	0.0035	0.0043	0.0241	0.0061	0.0221	0.0013	0.0029	0.0131	0.0157	0.0004	0.0180	0.0149	0.0021	0.0042	0.0100	0.0157	0.0189	0.0008	0.0064	0.0300	0.0006	0.0092	0.0063	0.0136	0.0027	0.0181	0.0022	0.0069	0.0160	0.0031	0.0221	0.0191	0.0012	0.0001	0.0147	0.0148	0.0217	0.0084	0.0072	0.0158	0.0020	0.0171	0.0197	0.0115	0.0253	0.0242	0.0108	0.0163	0.0128	0.0087	0.0004	0.0062	0.0113	0.0085	0.0149	0.0131	0.0232	0.0008	0.0048	0.0038	0.0220	0.0161	0.0203	0.0152	0.0097	0.0033	0.0136	0.0015	0.0178	0.0163	0.0178	0.0126	0.0122	0.0064	0.0200	0.0056	0.0078	0.0181	0.0150	0.0051	0.0073	0.0109	0.0137	0.0034	0.0022	0.0082	
0.0050	0.0151	0.0088	0.0138	0.0161	0.0216	0.0041	0.0069	0.0231	0.0051	0.0194	0.0052	0.0050	0.0181	0.0006	0.0076	0.0219	0.0145	0.0145	0.0128	0.0179	0.0050	0.0110	0.0088	0.0118	0.0035	0.0031	0.0193	0.0190	0.0111	0.0032	0.0190	0.0139	0.0026	0.0223	0.0017	0.0141	0.0008	0.0008	0.0212	0.0048	0.0059	0.0081	0.0141	0.0117	0.0036	0.0101	0.0014	0.0058	0.0240	0.0124	0.0017	0.0127	0.0111	0.0106	0.0002	0.0057	0.0004	0.0034	0.0144	0.0173	0.0040	0.0094	0.0110	0.0020	0.0225	0.0128	0.0023	0.0203	0.0210	0.0143	0.0214	0.0148	0.0169	0.0094	0.0109	0.0184	0.0174	0.0197	0.0075	0.0149	0.0021	0.0159	0.0179	0.0191	0.0015	0.0062	0.0026	0.0132	0.0219	
0.0192	0.0165	0.0250	0.0094	0.0044	0.0008	0.0189	0.0283	0.0150	0.0124	0.0139	0.0095	0.0041	0.0082	0.0080	0.0137	0.0114	0.0201	0.0031	0.0020	0.0048	0.0115	0.0035	0.0187	0.0005	0.0166	0.0113	0.0192	0.0131	0.0007	0.0207	0.0129	0.0129	0.0005	0.0032	0.0003	0.0008	0.0075	0.0140	0.0100	0.0147	0.0233	0.0073	0.0114	0.0227	0.0081	0.0244	0.0111	0.0128	0.0098	0.0167	0.0129	0.0003	0.0141	0.0184	0.0096	0.0155	0.0028	0.0095	0.0160	0.0132	0.0023	0.0091	0.0147	0.0190	0.0008	0.0188	0.0032	0.0039	0.0071	0.0152	0.0049	0.0051	0.0214	0.0114	0.0061	0.0049	0.0193	0.0250	0.0180	0.0201	0.0018	0.0051	0.0029	0.0090	0.0059	0.0143	0.0012	0.0086	0.0196	
0.0084	0.0176	0.0210	0.0012	0.0144	0.0141	0.0103	0.0145	0.0152	0.0168	0.0111	0.0172	0.0055	0.0051	0.0169	0.0080	0.0063	0.0053	0.0023	0.0090	0.0044	0.0168	0.0024	0.0141	0.0179	0.0111	0.0170	0.0064	0.0026	0.0111	0.0126	0.0178	0.0178	0.0079	0.0195	0.0162	0.0044	0.0034	0.0218	0.0173	0.0155	0.0092	0.0012	0.0044	0.0054	0.0198	0.0161	0.0185	0.0060	0.0230	0.0218	0.0058	0.0226	0.0179	0.0105	0.0124	0.0177	0.0085	0.0061	0.0064	0.0153	0.0021	0.0105	0.0029	0.0051	0.0147	0.0180	0.0182	0.0087	0.0037	0.0041	0.0033	0.0068	0.0072	0.0154	0.0156	0.0161	0.0182	0.0078	0.0190	0.0137	0.0003	0.0010	0.0030	0.0103	0.0062	0.0183	0.0001	0.0179	0.0050	
0.0130	0.0149	0.0192	0.0129	0.0021	0.0126	0.0130	0.0240	0.0170	0.0088	0.0171	0.0174	0.0108	0.0022	0.0153	0.0112	0.0172	0.0112	0.0040	0.0166	0.0165	0.0162	0.0196	0.0051	0.0150	0.0108	0.0010	0.0109	0.0111	0.0162	0.0181	0.0175	0.0011	0.0027	0.0048	0.0074	0.0062	0.0128	0.0035	0.0212	0.0101	0.0155	0.0226	0.0182	0.0204	0.0136	0.0100	0.0176	0.0066	0.0143	0.0065	0.0041	0.0190	0.0211	0.0070	0.0163	0.0198	0.0105	0.0223	0.0130	0.0094	0.0072	0.0045	0.0003	0.0119	0.0192	0.0125	0.0057	0.0132	0.0073	0.0110	0.0058	0.0061	0.0049	0.0002	0.0139	0.0001	0.0019	0.0068	0.0153	0.0034	0.0026	0.0022	0.0143	0.0082	0.0108	0.0035	0.0027	0.0204	0.0083	
0.0069	0.0136	0.0164	0.0179	0.0070	0.0100	0.0089	0.0225	0.0042	0.0009	0.0182	0.0045	0.0049	0.0225	0.0065	0.0012	0.0175	0.0124	0.0229	0.0078	0.0218	0.0172	0.0034	0.0012	0.0070	0.0099	0.0055	0.0159	0.0090	0.0009	0.0194	0.0145	0.0085	0.0042	0.0004	0.0214	0.0142	0.0138	0.0172	0.0132	0.0080	0.0020	0.0232	0.0082	0.0006	0.0205	0.0195	0.0022	0.0084	0.0114	0.0175	0.0124	0.0059	0.0113	0.0127	0.0118	0.0146	0.0158	0.0126	0.0242	0.0027	0.0164	0.0074	0.0033	0.0053	0.0040	0.0120	0.0205	0.0195	0.0101	0.0104	0.0066	0.0137	0.0093	0.0220	0.0128	0.0195	0.0185	0.0009	0.0072	0.0133	0.0053	0.0054	0.0193	0.0044	0.0042	0.0120	0.0004	0.0165	0.0095	
0.0030	0.0180	0.0020	0.0013	0.0065	0.0183	0.0144	0.0134	0.0018	0.0175	0.0052	0.0203	0.0030	0.0189	0.0012	0.0084	0.0207	0.0181	0.0122	0.0166	0.0150	0.0149	0.0131	0.0039	0.0060	0.0232	0.0111	0.0106	0.0209	0.0011	0.0163	0.0180	0.0076	0.0105	0.0103	0.0133	0.0034	0.0154	0.0251	0.0027	0.0038	0.0034	0.0124	0.0037	0.0037	0.0135	0.0013	0.0047	0.0179	0.0214	0.0076	0.0164	0.0103	0.0160	0.0132	0.0070	0.0077	0.0245	0.0193	0.0080	0.0024	0.0154	0.0155	0.0006	0.0033	0.0095	0.0117	0.0139	0.0132	0.0111	0.0052	0.0057	0.0212	0.0098	0.0152	0.0112	0.0014	0.0072	0.0208	0.0137	0.0167	0.0097	0.0151	0.0011	0.0128	0.0010	0.0061	0.0108	0.0141	0.0256	
0.0026	0.0046	0.0195	0.0115	0.0005	0.0057	0.0067	0.0153	0.0011	0.0161	0.0233	0.0091	0.0156	0.0062	0.0116	0.0009	0.0181	0.0212	0.0034	0.0082	0.0083	0.0220	0.0239	0.0038	0.0150	0.0178	0.0023	0.0180	0.0071	0.0025	0.0049	0.0022	0.0005	0.0129	0.0095	0.0020	0.0104	0.0093	0.0112	0.0105	0.0033	0.0078	0.0075	0.0080	0.0179	0.0111	0.0155	0.0128	0.0116	0.0173	0.0066	0.0100	0.0112	0.0063	0.0135	0.0031	0.0070	0.0189	0.0235	0.0071	0.0025	0.0083	0.0073	0.0233	0.0106	0.0206	0.0068	0.0013	0.0196	0.0094	0.0113	0.0112	0.0115	0.0176	0.0061	0.0199	0.0147	0.0140	0.0103	0.0037	0.0217	0.0151	0.0068	0.0139	0.0148	0.0185	0.0168	0.0178	0.0229	0.0066	
0.0149	0.0164	0.0099	0.0033	0.0062	0.0165	0.0206	0.0090	0.0197	0.0173	0.0018	0.0142	0.0157	0.0026	0.0026	0.0154	0.0193	0.0146	0.0007	0.0154	0.0112	0.0143	0.0034	0.0156	0.0070	0.0122	0.0026	0.0165	0.0016	0.0143	0.0047	0.0132	0.0032	0.0123	0.0138	0.0182	0.0001	0.0071	0.0085	0.0107	0.0184	0.0053	0.0159	0.0152	0.0018	0.0071	0.0173	0.0036	0.0100	0.0013	0.0202	0.0226	0.0173	0.0031	0.0152	0.0021	0.0151	0.0172	0.0196	0.0167	0.0129	0.0029	0.0059	0.0042	0.0122	0.0104	0.0098	0.0022	0.0096	0.0079	0.0162	0.0138	0.0065	0.0124	0.0189	0.0045	0.0193	0.0096	0.0135	0.0210	0.0151	0.0225	0.0071	0.0003	0.0143	0.0043	0.0198	0.0003	0.0187	0.0123	
0.0009	0.0059	0.0113	0.0142	0.0181	0.0196	0.0205	0.0138	0.0027	0.0135	0.0192	0.0166	0.0166	0.0023	0.0060	0.0054	0.0159	0.0040	0.0081	0.0120	0.0044	0.0051	0.0014	0.0188	0.0015	0.0148	0.0163	0.0071	0.0096	0.0085	0.0150	0.0117	0.0061	0.0186	0.0074	0.0136	0.0031	0.0164	0.0154	0.0236	0.0056	0.0076	0.0077	0.0011	0.0046	0.0223	0.0058	0.0047	0.0163	0.0121	0.0121	0.0166	0.0174	0.0063	0.0076	0.0177	0.0054	0.0159	0.0145	0.0057	0.0220	0.0123	0.0030	0.0176	0.0002	0.0071	0.0088	0.0177	0.0169	0.0162	0.0031	0.0008	0.0113	0.0089	0.0067	0.0176	0.0199	0.0002	0.0146	0.0020	0.0088	0.0155	0.0144	0.0200	0.0162	0.0202	0.0200	0.0005	0.0134	0.0123	
0.0055	0.0103	0.0024	0.0097	0.0193	0.0165	0.0041	0.0133	0.0010	0.0189	0.0122	0.0103	0.0100	0.0000	0.0079	0.0087	0.0045	0.0065	0.0000	0.0117	0.0224	0.0045	0.0224	0.0109	0.0207	0.0086	0.0008	0.0059	0.0202	0.0023	0.0115	0.0101	0.0056	0.0049	0.0109	0.0163	0.0204	0.0011	0.0092	0.0135	0.0123	0.0059	0.0208	0.0172	0.0141	0.0206	0.0037	0.0119	0.0114	0.0102	0.0166	0.0128	0.0005	0.0226	0.0116	0.0014	0.0128	0.0158	0.0147	0.0136	0.0149	0.0174	0.0134	0.0220	0.0088	0.0018	0.0039	0.0046	0.0119	0.0157	0.0108	0.0035	0.0206	0.0097	0.0223	0.0138	0.0054	0.0035	0.0193	0.0205	0.0045	0.0119	0.0174	0.0091	0.0073	0.0205	0.0094	0.0060	0.0153	0.0096	
0.0009	0.0054	0.0104	0.0173	0.0187	0.0152	0.0094	0.0008	0.0082	0.0097	0.0141	0.0196	0.0007	0.0172	0.0194	0.0088	0.0127	0.0119	0.0019	0.0190	0.0191	0.0078	0.0163	0.0108	0.0094	0.0034	0.0025	0.0080	0.0115	0.0090	0.0160	0.0183	0.0099	0.0021	0.0107	0.0058	0.0160	0.0020	0.0093	0.0038	0.0017	0.0043	0.0189	0.0095	0.0058	0.0050	0.0090	0.0195	0.0096	0.0173	0.0064	0.0170	0.0051	0.0159	0.0113	0.0131	0.0136	0.0197	0.0098	0.0208	0.0105	0.0032	0.0067	0.0206	0.0157	0.0170	0.0060	0.0183	0.0020	0.0124	0.0177	0.0129	0.0014	0.0213	0.0215	0.0094	0.0125	0.0066	0.0073	0.0031	0.0166	0.0046	0.0227	0.0143	0.0025	0.0165	0.0172	0.0188	0.0138	0.0006	
0.0113	0.0167	0.0156	0.0175	0.0136	0.0185	0.0129	0.0212	0.0116	0.0092	0.0161	0.0113	0.0196	0.0203	0.0003	0.0129	0.0146	0.0058	0.0195	0.0213	0.0006	0.0058	0.0094	0.0038	0.0003	0.0068	0.0065	0.0221	0.0158	0.0185	0.0010	0.0089	0.0061	0.0011	0.0005	0.0233	0.0228	0.0064	0.0058	0.0211	0.0130	0.0160	0.0191	0.0213	0.0067	0.0039	0.0074	0.0199	0.0121	0.0085	0.0020	0.0085	0.0027	0.0135	0.0002	0.0070	0.0107	0.0098	0.0178	0.0060	0.0102	0.0192	0.0017	0.0136	0.0088	0.0083	0.0031	0.0163	0.0169	0.0011	0.0195	0.0100	0.0172	0.0205	0.0026	0.0039	0.0118	0.0118	0.0182	0.0160	0.0009	0.0094	0.0046	0.0065	0.0143	0.0115	0.0086	0.0166	0.0016	0.0128	
0.0105	0.0089	0.0128	0.0031	0.0063	0.0239	0.0157	0.0018	0.0112	0.0206	0.0002	0.0126	0.0019	0.0133	0.0127	0.0132	0.0117	0.0046	0.0096	0.0161	0.0178	0.0203	0.0121	0.0232	0.0037	0.0035	0.0156	0.0161	0.0182	0.0188	0.0004	0.0092	0.0168	0.0033	0.0143	0.0110	0.0183	0.0193	0.0141	0.0032	0.0125	0.0108	0.0010	0.0002	0.0201	0.0109	0.0077	0.0117	0.0166	0.0054	0.0024	0.0040	0.0088	0.0068	0.0183	0.0119	0.0200	0.0153	0.0240	0.0037	0.0055	0.0170	0.0063	0.0151	0.0202	0.0141	0.0179	0.0207	0.0011	0.0031	0.0159	0.0161	0.0150	0.0068	0.0041	0.0061	0.0199	0.0108	0.0026	0.0151	0.0176	0.0049	0.0021	0.0116	0.0150	0.0196	0.0003	0.0090	0.0047	0.0002	
0.0105	0.0054	0.0199	0.0095	0.0184	0.0178	0.0042	0.0096	0.0028	0.0048	0.0147	0.0097	0.0124	0.0139	0.0110	0.0081	0.0121	0.0014	0.0035	0.0145	0.0186	0.0092	0.0128	0.0070	0.0094	0.0008	0.0148	0.0177	0.0212	0.0011	0.0168	0.0100	0.0163	0.0009	0.0129	0.0151	0.0199	0.0058	0.0095	0.0111	0.0015	0.0109	0.0095	0.0232	0.0012	0.0091	0.0153	0.0121	0.0017	0.0081	0.0083	0.0246	0.0075	0.0130	0.0073	0.0035	0.0192	0.0146	0.0002	0.0213	0.0225	0.0080	0.0092	0.0014	0.0127	0.0049	0.0129	0.0104	0.0220	0.0211	0.0107	0.0083	0.0160	0.0179	0.0171	0.0035	0.0225	0.0138	0.0056	0.0005	0.0074	0.0065	0.0177	0.0137	0.0132	0.0155	0.0040	0.0053	0.0178	0.0107	
0.0142	0.0078	0.0050	0.0120	0.0095	0.0164	0.0224	0.0083	0.0089	0.0201	0.0159	0.0057	0.0127	0.0028	0.0193	0.0197	0.0064	0.0128	0.0214	0.0036	0.0043	0.0042	0.0058	0.0220	0.0128	0.0171	0.0131	0.0200	0.0074	0.0203	0.0012	0.0106	0.0165	0.0116	0.0050	0.0031	0.0024	0.0032	0.0050	0.0222	0.0036	0.0139	0.0050	0.0098	0.0083	0.0017	0.0153	0.0131	0.0154	0.0173	0.0093	0.0141	0.0082	0.0125	0.0055	0.0119	0.0036	0.0059	0.0247	0.0175	0.0005	0.0010	0.0004	0.0110	0.0173	0.0054	0.0096	0.0218	0.0193	0.0155	0.0187	0.0040	0.0083	0.0237	0.0259	0.0109	0.0213	0.0187	0.0141	0.0107	0.0002	0.0022	0.0048	0.0135	0.0096	0.0106	0.0034	0.0054	0.0068	0.0163	
0.0216	0.0197	0.0034	0.0093	0.0157	0.0038	0.0164	0.0149	0.0149	0.0023	0.0164	0.0166	0.0141	0.0003	0.0173	0.0043	0.0056	0.0080	0.0106	0.0160	0.0135	0.0067	0.0132	0.0157	0.0181	0.0262	0.0185	0.0073	0.0243	0.0078	0.0021	0.0072	0.0186	0.0051	0.0259	0.0236	0.0003	0.0227	0.0022	0.0193	0.0226	0.0041	0.0035	0.0105	0.0230	0.0065	0.0086	0.0037	0.0190	0.0090	0.0061	0.0213	0.0170	0.0108	0.0020	0.0133	0.0067	0.0162	0.0174	0.0153	0.0080	0.0032	0.0175	0.0068	0.0004	0.0065	0.0007	0.0109	0.0062	0.0199	0.0038	0.0071	0.0073	0.0140	0.0195	0.0117	0.0026	0.0002	0.0144	0.0107	0.0113	0.0174	0.0126	0.0125	0.0018	0.0071	0.0115	0.0036	0.0019	0.0033	
0.0125	0.0073	0.0040	0.0024	0.0108	0.0177	0.0082	0.0203	0.0133	0.0136	0.0057	0.0202	0.0212	0.0195	0.0025	0.0174	0.0117	0.0006	0.0163	0.0151	0.0137	0.0068	0.0008	0.0057	0.0102	0.0148	0.0086	0.0046	0.0048	0.0160	0.0193	0.0200	0.0087	0.0030	0.0045	0.0232	0.0034	0.0041	0.0027	0.0026	0.0006	0.0040	0.0102	0.0004	0.0058	0.0147	0.0157	0.0183	0.0106	0.0039	0.0190	0.0131	0.0126	0.0085	0.0113	0.0075	0.0080	0.0250	0.0171	0.0212	0.0061	0.0025	0.0126	0.0196	0.0180	0.0087	0.0093	0.0171	0.0148	0.0061	0.0153	0.0086	0.0215	0.0138	0.0182	0.0071	0.0184	0.0004	0.0005	0.0178	0.0191	0.0160	0.0166	0.0010	0.0167	0.0051	0.0089	0.0010	0.0135	0.0205	
0.0079	0.0041	0.0108	0.0036	0.0151	0.0203	0.0102	0.0126	0.0043	0.0185	0.0027	0.0202	0.0038	0.0047	0.0084	0.0071	0.0128	0.0187	0.0151	0.0049	0.0131	0.0065	0.0205	0.0185	0.0014	0.0142	0.0068	0.0138	0.0187	0.0124	0.0002	0.0099	0.0044	0.0157	0.0169	0.0149	0.0182	0.0181	0.0161	0.0182	0.0150	0.0037	0.0174	0.0040	0.0162	0.0202	0.0086	0.0102	0.0121	0.0126	0.0144	0.0115	0.0100	0.0067	0.0061	0.0030	0.0076	0.0163	0.0027	0.0043	0.0105	0.0140	0.0127	0.0132	0.0170	0.0139	0.0120	0.0073	0.0085	0.0169	0.0095	0.0200	0.0033	0.0191	0.0096	0.0060	0.0100	0.0150	0.0039	0.0032	0.0040	0.0227	0.0007	0.0064	0.0153	0.0108	0.0017	0.0196	0.0112	0.0149	
0.0034	0.0054	0.0157	0.0132	0.0067	0.0022	0.0095	0.0058	0.0093	0.0001	0.0040	0.0021	0.0023	0.0193	0.0006	0.0146	0.0078	0.0125	0.0240	0.0005	0.0190	0.0146	0.0104	0.0220	0.0248	0.0139	0.0144	0.0116	0.0144	0.0073	0.0164	0.0194	0.0194	0.0162	0.0154	0.0081	0.0063	0.0165	0.0128	0.0077	0.0179	0.0056	0.0090	0.0052	0.0266	0.0029	0.0185	0.0060	0.0060	0.0068	0.0049	0.0144	0.0006	0.0120	0.0000	0.0127	0.0224	0.0198	0.0151	0.0195	0.0080	0.0190	0.0119	0.0010	0.0095	0.0088	0.0041	0.0080	0.0021	0.0170	0.0098	0.0192	0.0244	0.0159	0.0027	0.0084	0.0061	0.0048	0.0212	0.0210	0.0173	0.0137	0.0054	0.0078	0.0022	0.0010	0.0206	0.0100	0.0201	0.0035	
0.0067	0.0110	0.0010	0.0166	0.0180	0.0007	0.0127	0.0071	0.0185	0.0138	0.0194	0.0102	0.0037	0.0112	0.0177	0.0080	0.0115	0.0085	0.0083	0.0116	0.0072	0.0139	0.0159	0.0140	0.0002	0.0184	0.0120	0.0069	0.0201	0.0077	0.0138	0.0174	0.0118	0.0182	0.0078	0.0232	0.0144	0.0050	0.0140	0.0015	0.0141	0.0188	0.0087	0.0077	0.0235	0.0057	0.0067	0.0144	0.0097	0.0151	0.0115	0.0089	0.0012	0.0036	0.0159	0.0144	0.0206	0.0095	0.0188	0.0028	0.0072	0.0048	0.0067	0.0096	0.0012	0.0020	0.0153	0.0045	0.0027	0.0192	0.0147	0.0080	0.0165	0.0069	0.0195	0.0067	0.0056	0.0073	0.0138	0.0158	0.0105	0.0242	0.0193	0.0051	0.0143	0.0038	0.0174	0.0092	0.0023	0.0151	
0.0200	0.0071	0.0108	0.0124	0.0145	0.0145	0.0132	0.0239	0.0079	0.0228	0.0094	0.0029	0.0139	0.0127	0.0221	0.0030	0.0152	0.0177	0.0092	0.0107	0.0119	0.0137	0.0171	0.0006	0.0154	0.0092	0.0091	0.0037	0.0134	0.0215	0.0090	0.0118	0.0029	0.0109	0.0006	0.0124	0.0193	0.0060	0.0150	0.0056	0.0183	0.0066	0.0012	0.0194	0.0104	0.0095	0.0098	0.0067	0.0074	0.0193	0.0147	0.0003	0.0014	0.0147	0.0050	0.0085	0.0162	0.0117	0.0241	0.0083	0.0032	0.0073	0.0089	0.0106	0.0129	0.0223	0.0000	0.0025	0.0120	0.0114	0.0049	0.0104	0.0044	0.0039	0.0183	0.0036	0.0122	0.0200	0.0147	0.0058	0.0210	0.0038	0.0201	0.0192	0.0066	0.0080	0.0104	0.0126	0.0053	0.0173	
0.0134	0.0090	0.0065	0.0038	0.0016	0.0103	0.0174	0.0124	0.0054	0.0100	0.0079	0.0066	0.0155	0.0164	0.0101	0.0025	0.0166	0.0176	0.0189	0.0017	0.0189	0.0154	0.0161	0.0139	0.0098	0.0210	0.0085	0.0118	0.0017	0.0046	0.0106	0.0099	0.0176	0.0165	0.0149	0.0169	0.0017	0.0213	0.0013	0.0037	0.0055	0.0165	0.0113	0.0029	0.0188	0.0117	0.0069	0.0005	0.0053	0.0039	0.0104	0.0112	0.0130	0.0024	0.0139	0.0184	0.0149	0.0148	0.0156	0.0020	0.0206	0.0034	0.0092	0.0004	0.0001	0.0179	0.0076	0.0177	0.0022	0.0152	0.0009	0.0179	0.0175	0.0154	0.0174	0.0191	0.0038	0.0120	0.0154	0.0178	0.0119	0.0102	0.0073	0.0176	0.0124	0.0192	0.0183	0.0151	0.0011	0.0159	
0.0182	0.0083	0.0055	0.0172	0.0028	0.0029	0.0075	0.0099	0.0031	0.0188	0.0034	0.0093	0.0168	0.0092	0.0024	0.0104	0.0159	0.0176	0.0062	0.0162	0.0174	0.0020	0.0182	0.0223	0.0110	0.0134	0.0146	0.0103	0.0066	0.0008	0.0001	0.0168	0.0196	0.0079	0.0248	0.0143	0.0106	0.0211	0.0146	0.0143	0.0136	0.0112	0.0076	0.0148	0.0185	0.0036	0.0107	0.0160	0.0174	0.0034	0.0065	0.0015	0.0104	0.0042	0.0146	0.0161	0.0117	0.0107	0.0110	0.0100	0.0074	0.0101	0.0054	0.0023	0.0201	0.0086	0.0112	0.0110	0.0146	0.0106	0.0002	0.0159	0.0064	0.0124	0.0037	0.0043	0.0126	0.0176	0.0010	0.0063	0.0188	0.0232	0.0151	0.0026	0.0133	0.0203	0.0044	0.0120	0.0082	0.0244	
0.0233	0.0041	0.0102	0.0225	0.0086	0.0002	0.0069	0.0102	0.0219	0.0071	0.0154	0.0002	0.0055	0.0059	0.0028	0.0099	0.0204	0.0189	0.0013	0.0193	0.0059	0.0146	0.0100	0.0042	0.0178	0.0090	0.0173	0.0041	0.0095	0.0003	0.0060	0.0253	0.0035	0.0163	0.0134	0.0218	0.0100	0.0083	0.0071	0.0042	0.0188	0.0060	0.0020	0.0174	0.0197	0.0240	0.0175	0.0151	0.0007	0.0073	0.0035	0.0115	0.0155	0.0148	0.0155	0.0086	0.0192	0.0058	0.0075	0.0006	0.0060	0.0025	0.0005	0.0229	0.0018	0.0148	0.0196	0.0122	0.0174	0.0066	0.0013	0.0119	0.0122	0.0218	0.0246	0.0247	0.0133	0.0153	0.0105	0.0156	0.0166	0.0031	0.0040	0.0018	0.0189	0.0191	0.0097	0.0130	0.0001	0.0041	
0.0010	0.0034	0.0011	0.0058	0.0184	0.0167	0.0048	0.0043	0.0156	0.0031	0.0025	0.0045	0.0217	0.0175	0.0051	0.0116	0.0195	0.0146	0.0166	0.0145	0.0218	0.0027	0.0190	0.0114	0.0089	0.0026	0.0156	0.0222	0.0003	0.0060	0.0055	0.0063	0.0093	0.0099	0.0038	0.0257	0.0100	0.0057	0.0196	0.0041	0.0118	0.0072	0.0240	0.0068	0.0135	0.0096	0.0039	0.0085	0.0153	0.0045	0.0195	0.0160	0.0244	0.0069	0.0067	0.0194	0.0094	0.0120	0.0221	0.0212	0.0161	0.0055	0.0027	0.0087	0.0189	0.0181	0.0111	0.0079	0.0112	0.0070	0.0048	0.0175	0.0150	0.0119	0.0256	0.0078	0.0030	0.0117	0.0011	0.0202	0.0203	0.0142	0.0025	0.0179	0.0071	0.0106	0.0100	0.0049	0.0054	0.0061	
0.0075	0.0168	0.0081	0.0041	0.0070	0.0104	0.0037	0.0127	0.0089	0.0172	0.0146	0.0174	0.0199	0.0112	0.0219	0.0015	0.0197	0.0084	0.0076	0.0166	0.0215	0.0184	0.0090	0.0179	0.0186	0.0049	0.0031	0.0080	0.0189	0.0085	0.0103	0.0099	0.0030	0.0048	0.0166	0.0077	0.0080	0.0132	0.0025	0.0116	0.0048	0.0108	0.0036	0.0077	0.0056	0.0027	0.0140	0.0130	0.0149	0.0085	0.0129	0.0003	0.0243	0.0081	0.0095	0.0122	0.0142	0.0123	0.0083	0.0036	0.0059	0.0152	0.0112	0.0222	0.0068	0.0054	0.0104	0.0127	0.0122	0.0138	0.0134	0.0112	0.0061	0.0196	0.0155	0.0042	0.0147	0.0014	0.0129	0.0158	0.0104	0.0147	0.0125	0.0111	0.0130	0.0080	0.0135	0.0183	0.0183	0.0067	
0.0128	0.0190	0.0045	0.0222	0.0043	0.0119	0.0194	0.0047	0.0249	0.0236	0.0109	0.0025	0.0001	0.0031	0.0159	0.0013	0.0167	0.0025	0.0181	0.0054	0.0232	0.0121	0.0185	0.0140	0.0154	0.0169	0.0054	0.0047	0.0019	0.0217	0.0176	0.0199	0.0189	0.0063	0.0014	0.0220	0.0062	0.0080	0.0141	0.0024	0.0084	0.0113	0.0017	0.0166	0.0070	0.0096	0.0127	0.0089	0.0176	0.0199	0.0165	0.0115	0.0020	0.0122	0.0087	0.0025	0.0046	0.0159	0.0087	0.0122	0.0049	0.0124	0.0023	0.0008	0.0070	0.0145	0.0050	0.0162	0.0016	0.0200	0.0165	0.0104	0.0124	0.0159	0.0219	0.0077	0.0105	0.0011	0.0072	0.0053	0.0026	0.0230	0.0096	0.0062	0.0055	0.0051	0.0188	0.0081	0.0216	0.0232	
0.0122	0.0150	0.0239	0.0017	0.0190	0.0202	0.0088	0.0010	0.0088	0.0141	0.0036	0.0198	0.0074	0.0208	0.0006	0.0044	0.0225	0.0098	0.0156	0.0017	0.0154	0.0030	0.0060	0.0025	0.0104	0.0077	0.0043	0.0193	0.0187	0.0020	0.0209	0.0223	0.0189	0.0026	0.0079	0.0022	0.0105	0.0107	0.0178	0.0001	0.0190	0.0092	0.0150	0.0151	0.0022	0.0057	0.0128	0.0107	0.0056	0.0017	0.0067	0.0082	0.0178	0.0187	0.0061	0.0095	0.0105	0.0216	0.0173	0.0136	0.0141	0.0108	0.0055	0.0072	0.0184	0.0053	0.0003	0.0046	0.0133	0.0208	0.0171	0.0118	0.0155	0.0154	0.0026	0.0051	0.0109	0.0127	0.0005	0.0034	0.0184	0.0182	0.0156	0.0147	0.0158	0.0116	0.0055	0.0015	0.0207	0.0216	
0.0099	0.0099	0.0174	0.0047	0.0083	0.0087	0.0023	0.0088	0.0206	0.0196	0.0042	0.0076	0.0228	0.0071	0.0070	0.0138	0.0125	0.0001	0.0178	0.0015	0.0256	0.0191	0.0197	0.0082	0.0173	0.0169	0.0146	0.0159	0.0096	0.0060	0.0001	0.0174	0.0065	0.0113	0.0043	0.0057	0.0177	0.0108	0.0049	0.0160	0.0015	0.0025	0.0185	0.0044	0.0216	0.0089	0.0159	0.0071	0.0061	0.0007	0.0195	0.0049	0.0101	0.0191	0.0199	0.0159	0.0185	0.0065	0.0102	0.0152	0.0093	0.0100	0.0128	0.0131	0.0164	0.0068	0.0145	0.0050	0.0192	0.0019	0.0007	0.0055	0.0142	0.0004	0.0264	0.0116	0.0037	0.0159	0.0108	0.0081	0.0018	0.0141	0.0074	0.0104	0.0066	0.0153	0.0143	0.0145	0.0189	0.0108	
0.0078	0.0095	0.0013	0.0196	0.0038	0.0130	0.0045	0.0036	0.0072	0.0137	0.0084	0.0128	0.0086	0.0071	0.0001	0.0110	0.0100	0.0083	0.0216	0.0026	0.0150	0.0016	0.0160	0.0004	0.0109	0.0171	0.0039	0.0134	0.0024	0.0014	0.0192	0.0066	0.0087	0.0070	0.0089	0.0160	0.0050	0.0230	0.0152	0.0095	0.0081	0.0012	0.0111	0.0270	0.0237	0.0118	0.0064	0.0234	0.0079	0.0172	0.0067	0.0039	0.0256	0.0176	0.0236	0.0084	0.0230	0.0006	0.0093	0.0088	0.0071	0.0187	0.0003	0.0062	0.0191	0.0023	0.0009	0.0201	0.0131	0.0096	0.0109	0.0138	0.0097	0.0108	0.0149	0.0074	0.0159	0.0173	0.0014	0.0192	0.0167	0.0058	0.0359	0.0061	0.0119	0.0112	0.0126	0.0207	0.0134	0.0057	
0.0122	0.0027	0.0140	0.0132	0.0176	0.0179	0.0008	0.0020	0.0017	0.0187	0.0105	0.0084	0.0080	0.0206	0.0088	0.0137	0.0146	0.0101	0.0019	0.0094	0.0157	0.0038	0.0218	0.0097	0.0134	0.0036	0.0147	0.0151	0.0106	0.0074	0.0152	0.0037	0.0090	0.0065	0.0180	0.0077	0.0182	0.0209	0.0100	0.0170	0.0088	0.0126	0.0121	0.0043	0.0106	0.0054	0.0176	0.0005	0.0170	0.0006	0.0202	0.0230	0.0199	0.0217	0.0117	0.0097	0.0041	0.0048	0.0011	0.0169	0.0213	0.0049	0.0105	0.0164	0.0048	0.0064	0.0173	0.0010	0.0034	0.0024	0.0164	0.0181	0.0007	0.0074	0.0241	0.0003	0.0123	0.0157	0.0201	0.0073	0.0060	0.0192	0.0204	0.0093	0.0083	0.0140	0.0079	0.0095	0.0156	0.0075	
0.0023	0.0155	0.0200	0.0139	0.0156	0.0054	0.0002	0.0192	0.0229	0.0031	0.0076	0.0189	0.0190	0.0159	0.0035	0.0011	0.0236	0.0110	0.0216	0.0141	0.0213	0.0090	0.0047	0.0188	0.0130	0.0044	0.0070	0.0035	0.0062	0.0131	0.0231	0.0133	0.0089	0.0192	0.0003	0.0038	0.0209	0.0097	0.0141	0.0190	0.0002	0.0156	0.0159	0.0179	0.0016	0.0110	0.0209	0.0046	0.0069	0.0116	0.0173	0.0226	0.0121	0.0010	0.0083	0.0146	0.0114	0.0031	0.0034	0.0127	0.0222	0.0160	0.0122	0.0096	0.0046	0.0170	0.0098	0.0006	0.0167	0.0003	0.0015	0.0128	0.0233	0.0043	0.0153	0.0043	0.0146	0.0073	0.0149	0.0010	0.0056	0.0030	0.0197	0.0173	0.0178	0.0013	0.0008	0.0070	0.0096	0.0087	
0.0128	0.0181	0.0066	0.0237	0.0216	0.0044	0.0020	0.0106	0.0169	0.0071	0.0003	0.0220	0.0138	0.0070	0.0092	0.0030	0.0224	0.0066	0.0117	0.0063	0.0010	0.0041	0.0128	0.0019	0.0098	0.0176	0.0186	0.0220	0.0131	0.0034	0.0205	0.0031	0.0133	0.0076	0.0074	0.0065	0.0082	0.0263	0.0063	0.0119	0.0014	0.0059	0.0189	0.0094	0.0008	0.0085	0.0142	0.0154	0.0097	0.0173	0.0022	0.0190	0.0262	0.0036	0.0069	0.0112	0.0101	0.0046	0.0155	0.0048	0.0055	0.0061	0.0155	0.0134	0.0129	0.0227	0.0054	0.0035	0.0210	0.0033	0.0199	0.0264	0.0233	0.0265	0.0056	0.0153	0.0116	0.0035	0.0014	0.0008	0.0040	0.0083	0.0112	0.0205	0.0011	0.0228	0.0064	0.0122	0.0020	0.0215	
0.0146	0.0028	0.0102	0.0028	0.0042	0.0179	0.0082	0.0039	0.0186	0.0033	0.0012	0.0100	0.0172	0.0073	0.0205	0.0020	0.0158	0.0199	0.0235	0.0108	0.0257	0.0051	0.0023	0.0100	0.0000	0.0195	0.0155	0.0013	0.0100	0.0121	0.0164	0.0165	0.0015	0.0184	0.0056	0.0198	0.0131	0.0213	0.0159	0.0092	0.0066	0.0067	0.0085	0.0222	0.0237	0.0159	0.0123	0.0013	0.0172	0.0207	0.0050	0.0072	0.0150	0.0138	0.0191	0.0127	0.0013	0.0241	0.0031	0.0071	0.0189	0.0068	0.0116	0.0051	0.0105	0.0062	0.0064	0.0159	0.0213	0.0042	0.0117	0.0215	0.0028	0.0134	0.0031	0.0115	0.0190	0.0043	0.0109	0.0065	0.0078	0.0205	0.0036	0.0114	0.0059	0.0069	0.0057	0.0116	0.0018	0.0155	
0.0115	0.0122	0.0184	0.0125	0.0098	0.0015	0.0137	0.0030	0.0107	0.0173	0.0071	0.0197	0.0016	0.0174	0.0095	0.0063	0.0040	0.0001	0.0114	0.0055	0.0196	0.0200	0.0091	0.0171	0.0218	0.0019	0.0037	0.0051	0.0194	0.0038	0.0011	0.0190	0.0138	0.0056	0.0114	0.0289	0.0034	0.0159	0.0020	0.0014	0.0011	0.0171	0.0194	0.0219	0.0253	0.0120	0.0167	0.0099	0.0023	0.0011	0.0039	0.0057	0.0024	0.0210	0.0005	0.0171	0.0069	0.0266	0.0162	0.0102	0.0190	0.0083	0.0048	0.0061	0.0144	0.0113	0.0034	0.0178	0.0028	0.0097	0.0038	0.0148	0.0210	0.0098	0.0056	0.0172	0.0020	0.0123	0.0176	0.0095	0.0071	0.0203	0.0026	0.0194	0.0003	0.0182	0.0200	0.0204	0.0068	0.0192	
0.0141	0.0047	0.0251	0.0171	0.0044	0.0160	0.0110	0.0144	0.0046	0.0117	0.0074	0.0231	0.0074	0.0159	0.0209	0.0117	0.0073	0.0164	0.0150	0.0023	0.0165	0.0174	0.0019	0.0043	0.0018	0.0021	0.0061	0.0115	0.0056	0.0192	0.0177	0.0080	0.0114	0.0063	0.0167	0.0255	0.0139	0.0050	0.0041	0.0135	0.0081	0.0128	0.0079	0.0081	0.0028	0.0075	0.0112	0.0101	0.0209	0.0104	0.0121	0.0015	0.0065	0.0040	0.0035	0.0206	0.0035	0.0204	0.0168	0.0028	0.0083	0.0005	0.0055	0.0085	0.0186	0.0237	0.0095	0.0230	0.0196	0.0205	0.0001	0.0027	0.0120	0.0019	0.0179	0.0022	0.0103	0.0176	0.0021	0.0169	0.0154	0.0215	0.0153	0.0188	0.0068	0.0146	0.0023	0.0085	0.0038	0.0208	
0.0139	0.0139	0.0130	0.0018	0.0029	0.0091	0.0057	0.0210	0.0129	0.0034	0.0177	0.0106	0.0134	0.0005	0.0100	0.0073	0.0110	0.0037	0.0119	0.0011	0.0125	0.0086	0.0168	0.0179	0.0110	0.0116	0.0082	0.0111	0.0213	0.0040	0.0226	0.0020	0.0169	0.0190	0.0017	0.0067	0.0117	0.0111	0.0197	0.0064	0.0146	0.0097	0.0052	0.0229	0.0221	0.0027	0.0058	0.0115	0.0065	0.0212	0.0023	0.0221	0.0232	0.0022	0.0086	0.0089	0.0017	0.0191	0.0146	0.0152	0.0197	0.0146	0.0162	0.0077	0.0055	0.0173	0.0106	0.0127	0.0194	0.0042	0.0165	0.0023	0.0055	0.0052	0.0055	0.0177	0.0036	0.0171	0.0191	0.0083	0.0049	0.0241	0.0037	0.0007	0.0015	0.0203	0.0051	0.0171	0.0131	0.0150	
0.0028	0.0161	0.0195	0.0066	0.0067	0.0021	0.0104	0.0208	0.0168	0.0033	0.0101	0.0150	0.0139	0.0032	0.0026	0.0193	0.0138	0.0142	0.0210	0.0089	0.0065	0.0070	0.0163	0.0043	0.0088	0.0215	0.0109	0.0206	0.0050	0.0067	0.0137	0.0186	0.0012	0.0053	0.0011	0.0277	0.0052	0.0231	0.0186	0.0026	0.0091	0.0057	0.0017	0.0201	0.0216	0.0123	0.0075	0.0003	0.0176	0.0021	0.0069	0.0127	0.0219	0.0020	0.0083	0.0179	0.0038	0.0169	0.0220	0.0089	0.0106	0.0107	0.0114	0.0087	0.0122	0.0139	0.0112	0.0068	0.0018	0.0025	0.0154	0.0173	0.0176	0.0186	0.0243	0.0182	0.0051	0.0190	0.0063	0.0186	0.0129	0.0141	0.0009	0.0032	0.0004	0.0001	0.0001	0.0219	0.0205	0.0049	
0.0173	0.0129	0.0013	0.0122	0.0155	0.0209	0.0117	0.0194	0.0053	0.0061	0.0194	0.0011	0.0227	0.0195	0.0080	0.0112	0.0161	0.0025	0.0036	0.0101	0.0134	0.0069	0.0077	0.0009	0.0195	0.0181	0.0099	0.0148	0.0082	0.0121	0.0140	0.0139	0.0089	0.0156	0.0049	0.0038	0.0182	0.0066	0.0030	0.0239	0.0065	0.0122	0.0166	0.0003	0.0219	0.0122	0.0154	0.0056	0.0166	0.0094	0.0057	0.0183	0.0215	0.0108	0.0147	0.0115	0.0067	0.0001	0.0182	0.0219	0.0095	0.0017	0.0060	0.0157	0.0156	0.0059	0.0114	0.0014	0.0110	0.0039	0.0227	0.0107	0.0189	0.0043	0.0012	0.0010	0.0162	0.0075	0.0024	0.0047	0.0069	0.0056	0.0228	0.0209	0.0062	0.0147	0.0208	0.0009	0.0064	0.0157	
0.0150	0.0117	0.0128	0.0102	0.0095	0.0062	0.0035	0.0215	0.0064	0.0139	0.0190	0.0121	0.0165	0.0134	0.0116	0.0139	0.0183	0.0131	0.0086	0.0112	0.0180	0.0189	0.0197	0.0086	0.0094	0.0047	0.0058	0.0103	0.0072	0.0001	0.0098	0.0105	0.0146	0.0121	0.0049	0.0065	0.0195	0.0104	0.0131	0.0169	0.0130	0.0160	0.0002	0.0095	0.0058	0.0139	0.0102	0.0023	0.0065	0.0101	0.0163	0.0036	0.0163	0.0156	0.0195	0.0185	0.0171	0.0018	0.0012	0.0059	0.0176	0.0143	0.0084	0.0066	0.0052	0.0092	0.0124	0.0003	0.0062	0.0053	0.0196	0.0105	0.0180	0.0142	0.0169	0.0158	0.0189	0.0102	0.0046	0.0146	0.0161	0.0053	0.0023	0.0177	0.0038	0.0048	0.0201	0.0032	0.0175	0.0074	
0.0098	0.0161	0.0107	0.0113	0.0154	0.0035	0.0063	0.0154	0.0042	0.0211	0.0234	0.0119	0.0193	0.0019	0.0131	0.0059	0.0059	0.0009	0.0242	0.0006	0.0282	0.0065	0.0219	0.0081	0.0123	0.0193	0.0128	0.0154	0.0013	0.0005	0.0155	0.0159	0.0071	0.0219	0.0213	0.0052	0.0010	0.0128	0.0225	0.0147	0.0156	0.0055	0.0070	0.0098	0.0236	0.0062	0.0099	0.0002	0.0066	0.0263	0.0001	0.0234	0.0055	0.0174	0.0080	0.0047	0.0235	0.0036	0.0001	0.0014	0.0126	0.0102	0.0125	0.0035	0.0066	0.0069	0.0040	0.0203	0.0070	0.0089	0.0050	0.0202	0.0051	0.0098	0.0083	0.0174	0.0226	0.0100	0.0104	0.0060	0.0062	0.0185	0.0102	0.0021	0.0003	0.0176	0.0105	0.0143	0.0136	0.0159	
0.0042	0.0191	0.0114	0.0199	0.0024	0.0049	0.0121	0.0052	0.0030	0.0123	0.0009	0.0138	0.0187	0.0232	0.0181	0.0041	0.0141	0.0185	0.0110	0.0162	0.0063	0.0117	0.0165	0.0138	0.0206	0.0170	0.0013	0.0165	0.0029	0.0120	0.0227	0.0131	0.0062	0.0128	0.0029	0.0091	0.0100	0.0099	0.0058	0.0020	0.0021	0.0179	0.0089	0.0241	0.0051	0.0162	0.0220	0.0130	0.0075	0.0177	0.0019	0.0138	0.0055	0.0232	0.0080	0.0161	0.0071	0.0176	0.0270	0.0090	0.0030	0.0007	0.0010	0.0142	0.0154	0.0107	0.0048	0.0001	0.0163	0.0086	0.0213	0.0060	0.0105	0.0085	0.0153	0.0080	0.0051	0.0191	0.0120	0.0021	0.0237	0.0130	0.0063	0.0077	0.0084	0.0054	0.0111	0.0113	0.0108	0.0102	
0.0008	0.0122	0.0094	0.0007	0.0181	0.0022	0.0145	0.0169	0.0050	0.0164	0.0091	0.0194	0.0186	0.0213	0.0208	0.0148	0.0025	0.0180	0.0066	0.0172	0.0114	0.0106	0.0030	0.0174	0.0082	0.0131	0.0145	0.0162	0.0020	0.0089	0.0005	0.0162	0.0121	0.0045	0.0065	0.0052	0.0177	0.0109	0.0081	0.0107	0.0121	0.0100	0.0120	0.0178	0.0157	0.0212	0.0144	0.0046	0.0071	0.0136	0.0029	0.0121	0.0050	0.0117	0.0002	0.0109	0.0122	0.0127	0.0164	0.0073	0.0052	0.0187	0.0098	0.0178	0.0150	0.0145	0.0049	0.0119	0.0125	0.0148	0.0005	0.0151	0.0096	0.0191	0.0032	0.0175	0.0202	0.0074	0.0046	0.0077	0.0200	0.0146	0.0094	0.0098	0.0049	0.0097	0.0135	0.0028	0.0057	0.0175	
0.0123	0.0061	0.0192	0.0025	0.0045	0.0176	0.0188	0.0180	0.0009	0.0003	0.0147	0.0032	0.0149	0.0155	0.0147	0.0093	0.0018	0.0086	0.0098	0.0008	0.0146	0.0042	0.0067	0.0060	0.0093	0.0137	0.0111	0.0046	0.0109	0.0060	0.0020	0.0034	0.0067	0.0153	0.0016	0.0210	0.0223	0.0089	0.0130	0.0089	0.0020	0.0052	0.0081	0.0057	0.0171	0.0183	0.0004	0.0175	0.0167	0.0187	0.0094	0.0046	0.0210	0.0051	0.0061	0.0106	0.0010	0.0129	0.0188	0.0162	0.0038	0.0149	0.0047	0.0185	0.0207	0.0126	0.0144	0.0184	0.0119	0.0189	0.0136	0.0183	0.0164	0.0005	0.0247	0.0056	0.0196	0.0012	0.0130	0.0136	0.0146	0.0213	0.0093	0.0152	0.0154	0.0191	0.0102	0.0032	0.0137	0.0137	
0.0130	0.0074	0.0139	0.0014	0.0031	0.0099	0.0216	0.0114	0.0067	0.0032	0.0226	0.0044	0.0045	0.0196	0.0046	0.0124	0.0098	0.0156	0.0057	0.0190	0.0136	0.0204	0.0193	0.0028	0.0208	0.0078	0.0068	0.0117	0.0197	0.0012	0.0031	0.0152	0.0064	0.0195	0.0053	0.0057	0.0018	0.0159	0.0195	0.0110	0.0069	0.0068	0.0145	0.0097	0.0149	0.0090	0.0128	0.0077	0.0089	0.0054	0.0098	0.0155	0.0201	0.0116	0.0005	0.0138	0.0109	0.0125	0.0031	0.0161	0.0016	0.0061	0.0121	0.0052	0.0003	0.0065	0.0178	0.0062	0.0152	0.0205	0.0108	0.0168	0.0205	0.0166	0.0146	0.0056	0.0048	0.0079	0.0101	0.0111	0.0144	0.0232	0.0044	0.0133	0.0116	0.0103	0.0173	0.0156	0.0194	0.0126	
0.0129	0.0108	0.0123	0.0000	0.0080	0.0004	0.0151	0.0105	0.0107	0.0072	0.0109	0.0072	0.0142	0.0094	0.0143	0.0121	0.0164	0.0020	0.0211	0.0159	0.0114	0.0024	0.0007	0.0134	0.0033	0.0021	0.0020	0.0006	0.0136	0.0113	0.0123	0.0038	0.0085	0.0037	0.0059	0.0267	0.0047	0.0218	0.0078	0.0139	0.0107	0.0142	0.0197	0.0034	0.0008	0.0081	0.0067	0.0164	0.0194	0.0227	0.0168	0.0167	0.0210	0.0024	0.0017	0.0123	0.0123	0.0243	0.0206	0.0073	0.0203	0.0120	0.0158	0.0211	0.0173	0.0068	0.0164	0.0098	0.0035	0.0139	0.0083	0.0197	0.0169	0.0071	0.0049	0.0152	0.0040	0.0186	0.0116	0.0169	0.0158	0.0081	0.0012	0.0135	0.0140	0.0170	0.0078	0.0064	0.0023	0.0154	
0.0072	0.0050	0.0009	0.0004	0.0143	0.0208	0.0163	0.0002	0.0083	0.0165	0.0089	0.0189	0.0152	0.0067	0.0124	0.0152	0.0195	0.0108	0.0231	0.0068	0.0111	0.0147	0.0088	0.0013	0.0131	0.0121	0.0099	0.0068	0.0022	0.0003	0.0254	0.0130	0.0070	0.0091	0.0046	0.0049	0.0193	0.0181	0.0124	0.0063	0.0154	0.0038	0.0132	0.0217	0.0088	0.0205	0.0145	0.0171	0.0020	0.0212	0.0206	0.0197	0.0106	0.0192	0.0051	0.0160	0.0225	0.0267	0.0116	0.0036	0.0071	0.0098	0.0140	0.0077	0.0151	0.0188	0.0080	0.0027	0.0004	0.0073	0.0000	0.0058	0.0190	0.0163	0.0101	0.0038	0.0031	0.0115	0.0139	0.0143	0.0192	0.0204	0.0049	0.0026	0.0027	0.0027	0.0059	0.0139	0.0063	0.0112	
0.0043	0.0164	0.0072	0.0121	0.0249	0.0096	0.0043	0.0070	0.0024	0.0100	0.0081	0.0127	0.0195	0.0188	0.0243	0.0093	0.0194	0.0162	0.0106	0.0006	0.0138	0.0082	0.0062	0.0106	0.0076	0.0089	0.0050	0.0264	0.0035	0.0113	0.0141	0.0171	0.0132	0.0065	0.0014	0.0035	0.0306	0.0090	0.0114	0.0245	0.0105	0.0200	0.0126	0.0044	0.0062	0.0060	0.0016	0.0098	0.0023	0.0109	0.0038	0.0091	0.0066	0.0063	0.0217	0.0181	0.0162	0.0111	0.0059	0.0164	0.0027	0.0108	0.0007	0.0125	0.0200	0.0125	0.0106	0.0054	0.0128	0.0165	0.0173	0.0135	0.0000	0.0128	0.0021	0.0088	0.0011	0.0022	0.0107	0.0183	0.0136	0.0198	0.0286	0.0133	0.0060	0.0016	0.0180	0.0140	0.0187	0.0052	
0.0083	0.0081	0.0043	0.0078	0.0134	0.0092	0.0165	0.0181	0.0039	0.0151	0.0111	0.0162	0.0177	0.0058	0.0193	0.0109	0.0090	0.0141	0.0032	0.0046	0.0179	0.0104	0.0202	0.0040	0.0187	0.0058	0.0133	0.0101	0.0017	0.0172	0.0195	0.0007	0.0116	0.0056	0.0056	0.0042	0.0068	0.0135	0.0144	0.0132	0.0121	0.0039	0.0197	0.0174	0.0085	0.0131	0.0010	0.0077	0.0113	0.0153	0.0128	0.0192	0.0120	0.0074	0.0096	0.0190	0.0115	0.0228	0.0108	0.0098	0.0118	0.0072	0.0113	0.0060	0.0164	0.0115	0.0026	0.0095	0.0175	0.0138	0.0059	0.0189	0.0182	0.0118	0.0107	0.0091	0.0120	0.0031	0.0152	0.0050	0.0051	0.0095	0.0195	0.0061	0.0045	0.0177	0.0116	0.0065	0.0183	0.0071	
0.0097	0.0058	0.0030	0.0078	0.0182	0.0078	0.0082	0.0138	0.0201	0.0175	0.0087	0.0110	0.0101	0.0191	0.0103	0.0121	0.0178	0.0188	0.0202	0.0171	0.0085	0.0075	0.0028	0.0036	0.0033	0.0038	0.0087	0.0100	0.0190	0.0179	0.0006	0.0153	0.0114	0.0092	0.0018	0.0255	0.0152	0.0125	0.0100	0.0012	0.0017	0.0002	0.0052	0.0001	0.0171	0.0139	0.0183	0.0186	0.0133	0.0107	0.0205	0.0110	0.0107	0.0199	0.0002	0.0050	0.0051	0.0222	0.0048	0.0193	0.0147	0.0185	0.0088	0.0208	0.0148	0.0137	0.0129	0.0171	0.0144	0.0094	0.0002	0.0093	0.0077	0.0188	0.0202	0.0050	0.0030	0.0027	0.0078	0.0091	0.0045	0.0142	0.0161	0.0088	0.0001	0.0091	0.0091	0.0168	0.0131	0.0164	
0.0144	0.0169	0.0098	0.0210	0.0051	0.0033	0.0089	0.0068	0.0052	0.0036	0.0192	0.0025	0.0038	0.0078	0.0149	0.0110	0.0029	0.0152	0.0009	0.0153	0.0029	0.0026	0.0127	0.0159	0.0143	0.0046	0.0069	0.0057	0.0244	0.0078	0.0071	0.0015	0.0071	0.0192	0.0162	0.0067	0.0013	0.0168	0.0140	0.0192	0.0178	0.0217	0.0259	0.0086	0.0186	0.0031	0.0120	0.0086	0.0183	0.0117	0.0099	0.0201	0.0236	0.0254	0.0177	0.0151	0.0093	0.0190	0.0078	0.0008	0.0179	0.0037	0.0049	0.0233	0.0209	0.0198	0.0148	0.0054	0.0116	0.0082	0.0115	0.0145	0.0005	0.0095	0.0212	0.0038	0.0041	0.0041	0.0016	0.0101	0.0175	0.0002	0.0111	0.0129	0.0174	0.0114	0.0078	0.0110	0.0044	0.0045	
0.0169	0.0085	0.0078	0.0125	0.0178	0.0193	0.0148	0.0015	0.0099	0.0210	0.0081	0.0064	0.0191	0.0111	0.0220	0.0165	0.0168	0.0100	0.0044	0.0121	0.0113	0.0039	0.0130	0.0200	0.0079	0.0184	0.0156	0.0161	0.0209	0.0094	0.0115	0.0080	0.0015	0.0067	0.0116	0.0014	0.0039	0.0109	0.0100	0.0208	0.0112	0.0021	0.0158	0.0033	0.0016	0.0091	0.0033	0.0187	0.0107	0.0030	0.0175	0.0202	0.0060	0.0131	0.0142	0.0146	0.0198	0.0124	0.0058	0.0029	0.0002	0.0169	0.0032	0.0233	0.0099	0.0001	0.0043	0.0118	0.0001	0.0202	0.0132	0.0071	0.0005	0.0068	0.0004	0.0077	0.0095	0.0087	0.0168	0.0211	0.0133	0.0233	0.0061	0.0170	0.0131	0.0143	0.0024	0.0109	0.0136	0.0194	
0.0033	0.0131	0.0044	0.0058	0.0161	0.0150	0.0190	0.0160	0.0151	0.0013	0.0037	0.0125	0.0180	0.0113	0.0095	0.0075	0.0164	0.0189	0.0116	0.0073	0.0055	0.0094	0.0148	0.0059	0.0111	0.0016	0.0105	0.0076	0.0062	0.0164	0.0200	0.0153	0.0190	0.0038	0.0155	0.0225	0.0019	0.0161	0.0086	0.0068	0.0075	0.0133	0.0139	0.0148	0.0172	0.0000	0.0015	0.0142	0.0060	0.0059	0.0181	0.0036	0.0210	0.0042	0.0101	0.0139	0.0002	0.0211	0.0173	0.0167	0.0025	0.0097	0.0076	0.0190	0.0033	0.0093	0.0119	0.0132	0.0157	0.0100	0.0061	0.0016	0.0110	0.0051	0.0218	0.0112	0.0153	0.0193	0.0102	0.0103	0.0204	0.0192	0.0020	0.0003	0.0169	0.0148	0.0170	0.0153	0.0139	0.0011	

Emissions
0.3633	0.0640	0.2940	0.2433	0.0353	
0.2984	0.0897	0.2919	0.2287	0.0912	
0.0720	0.1391	0.2847	0.2310	0.2733	
0.2188	0.2235	0.2244	0.0813	0.2520	
0.2105	0.0225	0.1911	0.1063	0.4697	
0.0549	0.2056	0.1881	0.3348	0.2167	
0.1974	0.3493	0.0091	0.2851	0.1592	
0.0911	0.0972	0.7290	0.0415	0.0412	
0.1076	0.5178	0.2008	0.0908	0.0830	
0.1804	0.5333	0.1486	0.0273	0.1104	
0.0315	0.0837	0.3879	0.4033	0.0936	
0.1478	0.2243	0.1844	0.1961	0.2473	
0.1598	0.3012	0.3209	0.0480	0.1701	
0.2068	0.2197	0.0910	0.1363	0.3462	
0.1447	0.2991	0.2443	0.0591	0.2528	
0.4118	0.3499	0.1034	0.0432	0.0917	
0.0962	0.0920	0.2264	0.3480	0.2374	
0.1350	0.1726	0.1538	0.2519	0.2867	
0.1240	0.2934	0.0855	0.0649	0.4323	
0.2040	0.0149	0.1444	0.2887	0.3480	
0.0578	0.4664	0.0341	0.1138	0.3278	
0.2971	0.3912	0.2535	0.0018	0.0563	
0.0573	0.2470	0.2375	0.1976	0.2606	
0.1615	0.2181	0.1147	0.4664	0.0393	
0.0174	0.0052	0.3376	0.3247	0.3150	
0.1252	0.3013	0.2326	0.3174	0.0235	
0.3776	0.1635	0.2889	0.1591	0.0109	
0.2103	0.0539	0.0891	0.0602	0.5865	
0.0543	0.0313	0.2651	0.4186	0.2307	
0.1428	0.3337	0.2233	0.1653	0.1349	
0.0531	0.3401	0.2072	0.1604	0.2392	
0.0816	0.1219	0.2469	0.4123	0.1373	
0.2328	0.2588	0.1862	0.3012	0.0209	
0.3399	0.3408	0.0933	0.2124	0.0137	
0.1255	0.1836	0.0862	0.5884	0.0162	
0.0069	0.4729	0.0128	0.1316	0.3758	
0.1851	0.0023	0.0180	0.1564	0.6382	
0.0588	0.3341	0.1019	0.2567	0.2485	
0.1174	0.2849	0.1582	0.3712	0.0682	
0.0447	0.1601	0.2649	0.2014	0.3289	
0.4079	0.2835	0.0302	0.2524	0.0261	
0.2605	0.2217	0.2314	0.1210	0.1655	
0.1349	0.1107	0.1631	0.0273	0.5640	
0.1431	0.3305	0.1756	0.0032	0.3476	
0.0287	0.2524	0.2312	0.2775	0.2103	
0.1658	0.2909	0.1089	0.1983	0.2362	
0.1681	0.0700	0.2326	0.2320	0.2974	
0.2905	0.2873	0.1707	0.0604	0.1911	
0.2002	0.0446	0.2957	0.4006	0.0588	
0.0401	0.1564	0.1625	0.4198	0.2212	
0.0581	0.3749	0.2071	0.1690	0.1908	
0.0679	0.3682	0.1422	0.2658	0.1559	
0.0221	0.1746	0.0608	0.2683	0.4743	
0.1026	0.2374	0.2370	0.0910	0.3320	
0.2338	0.2161	0.2075	0.0089	0.3338	
0.1641	0.2585	0.2253	0.1119	0.2402	
0.1198	0.2859	0.2179	0.0942	0.2821	
0.0102	0.4491	0.1156	0.1801	0.2449	
0.0153	0.1913	0.2744	0.2354	0.2836	
0.0727	0.0077	0.2615	0.0281	0.6301	
0.1651	0.2660	0.0230	0.3791	0.1667	
0.2861	0.2394	0.2335	0.0044	0.2366	
0.3842	0.3606	0.0053	0.1336	0.1162	
0.0761	0.2412	0.2340	0.2061	0.2425	
0.2134	0.1439	0.1057	0.2810	0.2559	
0.1357	0.3203	0.3896	0.0509	0.1035	
0.3468	0.1303	0.2864	0.2270	0.0094	
0.1416	0.1919	0.1909	0.1998	0.2757	
0.1610	0.1238	0.0765	0.3122	0.3265	
0.1855	0.2001	0.2588	0.2201	0.1355	
0.1605	0.0769	0.4382	0.0996	0.2248	
0.1094	0.3360	0.2679	0.0755	0.2111	
0.1480	0.3103	0.1124	0.3138	0.1156	
0.0852	0.3607	0.2712	0.0370	0.2459	
0.0246	0.3428	0.2869	0.1372	0.2085	
0.1936	0.0966	0.2135	0.4929	0.0034	
0.1905	0.2053	0.2436	0.2041	0.1564	
0.1380	0.2652	0.1581	0.0694	0.3693	
0.2300	0.0974	0.2848	0.2850	0.1028	
0.2038	0.3505	0.1203	0.1485	0.1770	
0.1163	0.0195	0.4374	0.2085	0.2184	
0.0293	0.2842	0.1433	0.2783	0.2650	
0.0347	0.0081	0.4606	0.0727	0.4239	
0.1898	0.3496	0.2349	0.0344	0.1912	
0.4856	0.1189	0.1607	0.2097	0.0251	
0.1431	0.2621	0.2473	0.2211	0.1265	
0.1347	0.2901	0.3244	0.0613	0.1896	
0.1799	0.3596	0.1893	0.0808	0.1904	
0.0269	0.1253	0.3066	0.2070	0.3343	
0.0871	0.2692	0.1399	0.3486	0.1552	
