DataSet 43
Learner: Baum Welch Learner
Log Likelihood: 39273.6381687985

Number of States: 60
Number of Symbols: 5
Threshold: 0.01

Initial Distribution:
0.0326	0.0223	0.0151	0.0330	0.0377	0.0014	0.0128	0.0195	0.0180	0.0349	0.0178	0.0024	0.0407	0.0008	0.0037	0.0031	0.0158	0.0278	0.0169	0.0316	0.0121	0.0103	0.0215	0.0020	0.0114	0.0195	0.0217	0.0208	0.0091	0.0261	0.0110	0.0122	0.0174	0.0047	0.0068	0.0103	0.0198	0.0037	0.0126	0.0056	0.0114	0.0366	0.0434	0.0094	0.0023	0.0407	0.0036	0.0186	0.0333	0.0062	0.0237	0.0267	0.0286	0.0021	0.0021	0.0242	0.0101	0.0094	0.0129	0.0084	

Transitions:
0.0041	0.0002	0.0097	0.0244	0.0156	0.0327	0.0296	0.0272	0.0205	0.0288	0.0230	0.0065	0.0049	0.0104	0.0142	0.0164	0.0110	0.0134	0.0332	0.0269	0.0093	0.0064	0.0273	0.0018	0.0316	0.0165	0.0237	0.0110	0.0043	0.0251	0.0369	0.0029	0.0192	0.0067	0.0013	0.0111	0.0196	0.0041	0.0276	0.0075	0.0005	0.0145	0.0024	0.0211	0.0175	0.0124	0.0253	0.0233	0.0189	0.0259	0.0072	0.0314	0.0132	0.0271	0.0007	0.0262	0.0067	0.0098	0.0298	0.0397	
0.0084	0.0116	0.0162	0.0243	0.0273	0.0242	0.0195	0.0005	0.0062	0.0019	0.0215	0.0066	0.0218	0.0283	0.0194	0.0284	0.0035	0.0304	0.0200	0.0168	0.0268	0.0322	0.0210	0.0160	0.0187	0.0014	0.0214	0.0318	0.0038	0.0027	0.0062	0.0122	0.0060	0.0229	0.0287	0.0205	0.0272	0.0085	0.0346	0.0237	0.0292	0.0184	0.0124	0.0152	0.0300	0.0286	0.0031	0.0185	0.0029	0.0050	0.0223	0.0069	0.0213	0.0124	0.0013	0.0071	0.0237	0.0033	0.0060	0.0296	
0.0245	0.0167	0.0218	0.0031	0.0222	0.0117	0.0301	0.0041	0.0209	0.0264	0.0245	0.0222	0.0002	0.0272	0.0128	0.0088	0.0156	0.0024	0.0145	0.0179	0.0247	0.0033	0.0239	0.0286	0.0079	0.0227	0.0186	0.0236	0.0144	0.0153	0.0276	0.0224	0.0012	0.0021	0.0203	0.0099	0.0186	0.0083	0.0214	0.0147	0.0002	0.0244	0.0198	0.0024	0.0053	0.0236	0.0055	0.0223	0.0218	0.0195	0.0161	0.0157	0.0152	0.0151	0.0236	0.0188	0.0208	0.0251	0.0212	0.0264	
0.0193	0.0048	0.0156	0.0057	0.0001	0.0066	0.0264	0.0305	0.0038	0.0045	0.0162	0.0094	0.0110	0.0331	0.0176	0.0327	0.0113	0.0230	0.0245	0.0099	0.0231	0.0262	0.0300	0.0278	0.0309	0.0115	0.0064	0.0147	0.0040	0.0243	0.0203	0.0271	0.0115	0.0269	0.0277	0.0265	0.0121	0.0191	0.0034	0.0291	0.0050	0.0080	0.0202	0.0204	0.0062	0.0106	0.0061	0.0196	0.0279	0.0280	0.0140	0.0293	0.0028	0.0149	0.0042	0.0212	0.0062	0.0213	0.0065	0.0194	
0.0285	0.0111	0.0238	0.0079	0.0140	0.0232	0.0305	0.0189	0.0031	0.0226	0.0158	0.0216	0.0183	0.0280	0.0048	0.0177	0.0067	0.0062	0.0209	0.0186	0.0061	0.0174	0.0149	0.0069	0.0115	0.0200	0.0250	0.0293	0.0191	0.0017	0.0215	0.0262	0.0092	0.0174	0.0000	0.0247	0.0132	0.0141	0.0087	0.0148	0.0160	0.0182	0.0143	0.0059	0.0132	0.0181	0.0097	0.0095	0.0100	0.0210	0.0173	0.0310	0.0301	0.0190	0.0108	0.0108	0.0272	0.0194	0.0280	0.0265	
0.0282	0.0312	0.0269	0.0015	0.0026	0.0302	0.0159	0.0057	0.0252	0.0109	0.0005	0.0316	0.0298	0.0076	0.0025	0.0170	0.0029	0.0088	0.0289	0.0266	0.0132	0.0166	0.0213	0.0321	0.0159	0.0192	0.0242	0.0253	0.0032	0.0161	0.0325	0.0275	0.0112	0.0168	0.0145	0.0202	0.0225	0.0145	0.0054	0.0194	0.0063	0.0046	0.0177	0.0009	0.0209	0.0266	0.0008	0.0237	0.0158	0.0237	0.0079	0.0185	0.0237	0.0064	0.0129	0.0114	0.0119	0.0308	0.0159	0.0135	
0.0319	0.0278	0.0009	0.0065	0.0108	0.0057	0.0122	0.0201	0.0209	0.0173	0.0294	0.0229	0.0032	0.0091	0.0143	0.0089	0.0329	0.0202	0.0130	0.0305	0.0211	0.0011	0.0068	0.0118	0.0105	0.0119	0.0032	0.0106	0.0027	0.0023	0.0093	0.0267	0.0211	0.0297	0.0189	0.0160	0.0040	0.0096	0.0283	0.0178	0.0145	0.0176	0.0042	0.0010	0.0315	0.0223	0.0151	0.0186	0.0231	0.0037	0.0132	0.0260	0.0201	0.0276	0.0268	0.0247	0.0222	0.0248	0.0271	0.0341	
0.0014	0.0011	0.0115	0.0169	0.0071	0.0054	0.0285	0.0127	0.0176	0.0003	0.0043	0.0199	0.0239	0.0317	0.0081	0.0040	0.0283	0.0048	0.0142	0.0250	0.0264	0.0180	0.0168	0.0358	0.0188	0.0134	0.0047	0.0012	0.0002	0.0185	0.0311	0.0145	0.0098	0.0284	0.0147	0.0126	0.0045	0.0177	0.0307	0.0252	0.0292	0.0040	0.0296	0.0190	0.0316	0.0212	0.0293	0.0240	0.0171	0.0211	0.0012	0.0134	0.0099	0.0080	0.0322	0.0134	0.0178	0.0133	0.0288	0.0264	
0.0003	0.0259	0.0104	0.0286	0.0034	0.0254	0.0139	0.0028	0.0112	0.0263	0.0281	0.0093	0.0098	0.0267	0.0238	0.0316	0.0187	0.0256	0.0005	0.0323	0.0169	0.0131	0.0138	0.0149	0.0197	0.0133	0.0036	0.0046	0.0234	0.0286	0.0337	0.0286	0.0165	0.0015	0.0275	0.0060	0.0246	0.0006	0.0250	0.0077	0.0143	0.0250	0.0103	0.0175	0.0231	0.0178	0.0021	0.0214	0.0159	0.0069	0.0282	0.0234	0.0142	0.0031	0.0052	0.0171	0.0098	0.0324	0.0104	0.0237	
0.0189	0.0067	0.0082	0.0126	0.0259	0.0079	0.0291	0.0104	0.0267	0.0158	0.0001	0.0140	0.0048	0.0281	0.0138	0.0280	0.0013	0.0216	0.0224	0.0317	0.0116	0.0149	0.0180	0.0216	0.0011	0.0062	0.0103	0.0155	0.0248	0.0034	0.0309	0.0294	0.0190	0.0338	0.0207	0.0062	0.0156	0.0313	0.0290	0.0131	0.0283	0.0214	0.0181	0.0235	0.0062	0.0090	0.0172	0.0199	0.0184	0.0131	0.0166	0.0171	0.0080	0.0115	0.0066	0.0037	0.0196	0.0214	0.0123	0.0239	
0.0290	0.0106	0.0137	0.0263	0.0184	0.0063	0.0340	0.0074	0.0062	0.0077	0.0068	0.0034	0.0268	0.0118	0.0021	0.0255	0.0272	0.0207	0.0143	0.0251	0.0218	0.0237	0.0279	0.0180	0.0182	0.0113	0.0195	0.0115	0.0223	0.0135	0.0224	0.0322	0.0143	0.0036	0.0176	0.0189	0.0092	0.0297	0.0146	0.0004	0.0162	0.0097	0.0125	0.0107	0.0062	0.0130	0.0212	0.0327	0.0092	0.0189	0.0090	0.0319	0.0086	0.0235	0.0314	0.0055	0.0159	0.0330	0.0091	0.0079	
0.0187	0.0185	0.0136	0.0238	0.0195	0.0132	0.0211	0.0314	0.0252	0.0157	0.0120	0.0006	0.0078	0.0155	0.0060	0.0129	0.0102	0.0154	0.0107	0.0040	0.0241	0.0221	0.0012	0.0069	0.0052	0.0195	0.0194	0.0285	0.0029	0.0083	0.0053	0.0113	0.0134	0.0058	0.0125	0.0316	0.0281	0.0215	0.0296	0.0274	0.0271	0.0251	0.0045	0.0249	0.0056	0.0090	0.0210	0.0271	0.0155	0.0189	0.0248	0.0320	0.0213	0.0056	0.0153	0.0253	0.0182	0.0085	0.0176	0.0323	
0.0248	0.0303	0.0252	0.0176	0.0101	0.0018	0.0202	0.0035	0.0324	0.0085	0.0175	0.0189	0.0205	0.0197	0.0086	0.0432	0.0179	0.0069	0.0010	0.0310	0.0328	0.0255	0.0103	0.0207	0.0150	0.0056	0.0256	0.0129	0.0242	0.0158	0.0171	0.0242	0.0019	0.0346	0.0031	0.0030	0.0020	0.0252	0.0208	0.0043	0.0298	0.0200	0.0265	0.0072	0.0017	0.0060	0.0128	0.0066	0.0312	0.0178	0.0155	0.0108	0.0084	0.0258	0.0295	0.0312	0.0176	0.0081	0.0037	0.0056	
0.0116	0.0041	0.0110	0.0166	0.0258	0.0372	0.0224	0.0317	0.0126	0.0050	0.0289	0.0328	0.0206	0.0364	0.0023	0.0118	0.0289	0.0015	0.0171	0.0087	0.0266	0.0182	0.0150	0.0085	0.0007	0.0043	0.0110	0.0125	0.0246	0.0027	0.0212	0.0286	0.0113	0.0140	0.0207	0.0235	0.0071	0.0107	0.0178	0.0030	0.0183	0.0167	0.0272	0.0237	0.0181	0.0183	0.0172	0.0100	0.0189	0.0172	0.0014	0.0138	0.0240	0.0271	0.0105	0.0208	0.0264	0.0047	0.0142	0.0226	
0.0221	0.0116	0.0312	0.0121	0.0200	0.0032	0.0182	0.0149	0.0058	0.0156	0.0065	0.0228	0.0203	0.0185	0.0223	0.0133	0.0292	0.0261	0.0296	0.0226	0.0207	0.0019	0.0294	0.0169	0.0018	0.0065	0.0038	0.0269	0.0026	0.0295	0.0422	0.0031	0.0240	0.0384	0.0196	0.0134	0.0256	0.0185	0.0122	0.0199	0.0063	0.0107	0.0064	0.0079	0.0159	0.0174	0.0323	0.0150	0.0101	0.0391	0.0038	0.0024	0.0183	0.0010	0.0036	0.0165	0.0254	0.0202	0.0100	0.0149	
0.0278	0.0251	0.0068	0.0086	0.0125	0.0040	0.0258	0.0279	0.0252	0.0088	0.0196	0.0113	0.0109	0.0076	0.0086	0.0078	0.0267	0.0156	0.0340	0.0211	0.0106	0.0240	0.0117	0.0032	0.0248	0.0246	0.0178	0.0274	0.0188	0.0244	0.0248	0.0056	0.0035	0.0326	0.0141	0.0132	0.0013	0.0282	0.0292	0.0084	0.0209	0.0028	0.0166	0.0288	0.0105	0.0253	0.0184	0.0078	0.0204	0.0240	0.0164	0.0025	0.0147	0.0200	0.0321	0.0056	0.0147	0.0046	0.0140	0.0157	
0.0144	0.0324	0.0007	0.0276	0.0148	0.0165	0.0057	0.0162	0.0198	0.0283	0.0064	0.0001	0.0178	0.0268	0.0251	0.0085	0.0072	0.0109	0.0250	0.0343	0.0074	0.0113	0.0030	0.0315	0.0095	0.0189	0.0216	0.0154	0.0255	0.0075	0.0325	0.0307	0.0090	0.0129	0.0251	0.0237	0.0021	0.0193	0.0180	0.0272	0.0197	0.0065	0.0175	0.0208	0.0203	0.0185	0.0137	0.0248	0.0240	0.0235	0.0001	0.0022	0.0118	0.0162	0.0068	0.0033	0.0296	0.0038	0.0185	0.0278	
0.0244	0.0246	0.0163	0.0127	0.0285	0.0115	0.0239	0.0101	0.0291	0.0030	0.0054	0.0197	0.0249	0.0342	0.0106	0.0011	0.0253	0.0098	0.0102	0.0235	0.0077	0.0300	0.0206	0.0065	0.0088	0.0264	0.0175	0.0283	0.0040	0.0191	0.0316	0.0341	0.0250	0.0253	0.0026	0.0299	0.0213	0.0056	0.0325	0.0094	0.0006	0.0051	0.0261	0.0205	0.0198	0.0099	0.0073	0.0159	0.0058	0.0065	0.0101	0.0182	0.0268	0.0314	0.0175	0.0238	0.0022	0.0120	0.0044	0.0009	
0.0264	0.0306	0.0045	0.0096	0.0059	0.0088	0.0290	0.0066	0.0274	0.0138	0.0112	0.0210	0.0139	0.0009	0.0201	0.0033	0.0034	0.0310	0.0224	0.0384	0.0225	0.0019	0.0233	0.0364	0.0111	0.0108	0.0050	0.0358	0.0040	0.0063	0.0330	0.0124	0.0005	0.0335	0.0166	0.0076	0.0007	0.0195	0.0235	0.0123	0.0211	0.0019	0.0226	0.0238	0.0317	0.0224	0.0037	0.0279	0.0110	0.0164	0.0234	0.0064	0.0260	0.0070	0.0116	0.0207	0.0060	0.0072	0.0317	0.0318	
0.0030	0.0306	0.0010	0.0191	0.0153	0.0006	0.0291	0.0255	0.0175	0.0138	0.0020	0.0144	0.0088	0.0119	0.0109	0.0279	0.0143	0.0294	0.0034	0.0289	0.0072	0.0131	0.0205	0.0300	0.0148	0.0206	0.0219	0.0302	0.0155	0.0227	0.0029	0.0364	0.0152	0.0319	0.0103	0.0272	0.0009	0.0006	0.0142	0.0338	0.0033	0.0166	0.0080	0.0236	0.0153	0.0052	0.0355	0.0173	0.0279	0.0287	0.0111	0.0113	0.0044	0.0138	0.0207	0.0215	0.0055	0.0132	0.0058	0.0339	
0.0135	0.0286	0.0035	0.0273	0.0112	0.0096	0.0008	0.0213	0.0005	0.0151	0.0201	0.0146	0.0177	0.0101	0.0163	0.0253	0.0035	0.0233	0.0093	0.0097	0.0281	0.0040	0.0331	0.0278	0.0143	0.0231	0.0234	0.0067	0.0053	0.0157	0.0253	0.0226	0.0225	0.0182	0.0128	0.0101	0.0125	0.0157	0.0226	0.0052	0.0054	0.0101	0.0161	0.0144	0.0033	0.0313	0.0236	0.0290	0.0267	0.0264	0.0183	0.0156	0.0034	0.0287	0.0326	0.0088	0.0323	0.0109	0.0125	0.0204	
0.0165	0.0292	0.0109	0.0139	0.0196	0.0324	0.0218	0.0023	0.0242	0.0072	0.0102	0.0173	0.0013	0.0041	0.0029	0.0187	0.0200	0.0146	0.0236	0.0188	0.0274	0.0281	0.0107	0.0134	0.0273	0.0072	0.0172	0.0315	0.0137	0.0023	0.0142	0.0027	0.0010	0.0015	0.0204	0.0098	0.0282	0.0320	0.0300	0.0048	0.0119	0.0204	0.0293	0.0143	0.0150	0.0256	0.0134	0.0320	0.0228	0.0151	0.0182	0.0133	0.0203	0.0291	0.0183	0.0166	0.0177	0.0011	0.0173	0.0150	
0.0118	0.0197	0.0159	0.0231	0.0244	0.0096	0.0214	0.0003	0.0137	0.0230	0.0174	0.0196	0.0198	0.0196	0.0032	0.0098	0.0264	0.0231	0.0289	0.0317	0.0250	0.0172	0.0042	0.0022	0.0130	0.0271	0.0139	0.0040	0.0129	0.0268	0.0270	0.0294	0.0103	0.0111	0.0233	0.0231	0.0045	0.0069	0.0264	0.0050	0.0105	0.0118	0.0152	0.0011	0.0266	0.0274	0.0215	0.0013	0.0239	0.0086	0.0224	0.0228	0.0041	0.0194	0.0169	0.0226	0.0157	0.0149	0.0101	0.0275	
0.0272	0.0186	0.0165	0.0177	0.0308	0.0298	0.0124	0.0162	0.0259	0.0119	0.0049	0.0242	0.0303	0.0322	0.0183	0.0158	0.0014	0.0036	0.0085	0.0208	0.0091	0.0159	0.0118	0.0073	0.0054	0.0031	0.0245	0.0286	0.0217	0.0251	0.0110	0.0249	0.0201	0.0376	0.0103	0.0305	0.0299	0.0347	0.0050	0.0046	0.0217	0.0108	0.0083	0.0141	0.0045	0.0047	0.0236	0.0132	0.0013	0.0032	0.0222	0.0129	0.0091	0.0288	0.0210	0.0101	0.0072	0.0125	0.0116	0.0311	
0.0302	0.0197	0.0189	0.0309	0.0015	0.0186	0.0281	0.0024	0.0129	0.0255	0.0199	0.0022	0.0314	0.0035	0.0248	0.0308	0.0066	0.0297	0.0023	0.0005	0.0119	0.0127	0.0252	0.0234	0.0035	0.0278	0.0131	0.0355	0.0103	0.0274	0.0228	0.0170	0.0158	0.0112	0.0051	0.0034	0.0238	0.0107	0.0153	0.0214	0.0112	0.0225	0.0352	0.0094	0.0169	0.0255	0.0120	0.0057	0.0021	0.0196	0.0058	0.0110	0.0093	0.0115	0.0156	0.0164	0.0313	0.0316	0.0251	0.0043	
0.0021	0.0272	0.0208	0.0139	0.0021	0.0033	0.0173	0.0224	0.0260	0.0212	0.0063	0.0230	0.0113	0.0153	0.0200	0.0245	0.0116	0.0123	0.0061	0.0119	0.0151	0.0071	0.0279	0.0262	0.0227	0.0093	0.0069	0.0075	0.0237	0.0159	0.0079	0.0286	0.0127	0.0107	0.0204	0.0164	0.0275	0.0178	0.0079	0.0122	0.0089	0.0208	0.0068	0.0084	0.0134	0.0080	0.0298	0.0291	0.0200	0.0260	0.0061	0.0141	0.0231	0.0142	0.0170	0.0216	0.0295	0.0320	0.0229	0.0252	
0.0274	0.0077	0.0241	0.0108	0.0135	0.0140	0.0155	0.0042	0.0228	0.0032	0.0192	0.0227	0.0050	0.0303	0.0024	0.0287	0.0306	0.0181	0.0114	0.0152	0.0123	0.0110	0.0156	0.0017	0.0107	0.0209	0.0024	0.0012	0.0191	0.0210	0.0236	0.0366	0.0205	0.0174	0.0173	0.0016	0.0271	0.0294	0.0332	0.0321	0.0296	0.0226	0.0008	0.0141	0.0037	0.0091	0.0084	0.0302	0.0113	0.0266	0.0235	0.0093	0.0217	0.0104	0.0091	0.0141	0.0252	0.0248	0.0003	0.0235	
0.0111	0.0135	0.0132	0.0033	0.0138	0.0264	0.0043	0.0275	0.0096	0.0010	0.0295	0.0038	0.0219	0.0148	0.0162	0.0238	0.0106	0.0327	0.0337	0.0005	0.0173	0.0057	0.0234	0.0340	0.0312	0.0119	0.0120	0.0158	0.0060	0.0292	0.0128	0.0041	0.0233	0.0074	0.0214	0.0186	0.0122	0.0334	0.0068	0.0149	0.0077	0.0183	0.0218	0.0104	0.0319	0.0233	0.0198	0.0095	0.0258	0.0217	0.0067	0.0263	0.0292	0.0332	0.0052	0.0050	0.0266	0.0178	0.0062	0.0010	
0.0113	0.0262	0.0167	0.0110	0.0219	0.0314	0.0103	0.0200	0.0234	0.0328	0.0094	0.0121	0.0234	0.0216	0.0265	0.0397	0.0185	0.0110	0.0010	0.0072	0.0264	0.0027	0.0217	0.0230	0.0268	0.0179	0.0093	0.0327	0.0012	0.0142	0.0321	0.0344	0.0208	0.0059	0.0032	0.0192	0.0014	0.0118	0.0281	0.0031	0.0173	0.0027	0.0177	0.0239	0.0129	0.0254	0.0361	0.0127	0.0069	0.0063	0.0202	0.0140	0.0174	0.0003	0.0075	0.0075	0.0021	0.0348	0.0196	0.0033	
0.0143	0.0120	0.0130	0.0078	0.0031	0.0144	0.0232	0.0199	0.0116	0.0066	0.0247	0.0059	0.0162	0.0328	0.0196	0.0255	0.0155	0.0217	0.0067	0.0285	0.0163	0.0259	0.0195	0.0292	0.0245	0.0116	0.0118	0.0221	0.0244	0.0214	0.0157	0.0033	0.0169	0.0202	0.0186	0.0034	0.0158	0.0087	0.0255	0.0262	0.0053	0.0103	0.0245	0.0224	0.0078	0.0099	0.0233	0.0172	0.0081	0.0152	0.0193	0.0086	0.0212	0.0188	0.0130	0.0145	0.0224	0.0191	0.0136	0.0220	
0.0021	0.0383	0.0235	0.0213	0.0251	0.0351	0.0233	0.0023	0.0131	0.0214	0.0039	0.0096	0.0008	0.0151	0.0260	0.0089	0.0006	0.0263	0.0257	0.0191	0.0237	0.0332	0.0158	0.0185	0.0037	0.0066	0.0141	0.0033	0.0031	0.0300	0.0174	0.0000	0.0219	0.0034	0.0317	0.0093	0.0251	0.0118	0.0118	0.0159	0.0338	0.0247	0.0056	0.0217	0.0151	0.0145	0.0098	0.0148	0.0308	0.0108	0.0192	0.0005	0.0384	0.0022	0.0370	0.0064	0.0222	0.0107	0.0177	0.0218	
0.0130	0.0142	0.0259	0.0128	0.0047	0.0041	0.0178	0.0347	0.0136	0.0150	0.0155	0.0219	0.0117	0.0088	0.0139	0.0001	0.0203	0.0220	0.0012	0.0252	0.0272	0.0322	0.0057	0.0281	0.0109	0.0104	0.0008	0.0242	0.0030	0.0157	0.0245	0.0131	0.0169	0.0264	0.0272	0.0147	0.0224	0.0226	0.0208	0.0086	0.0276	0.0091	0.0288	0.0108	0.0235	0.0253	0.0167	0.0226	0.0152	0.0290	0.0135	0.0248	0.0075	0.0247	0.0178	0.0104	0.0088	0.0041	0.0024	0.0256	
0.0025	0.0281	0.0245	0.0258	0.0211	0.0053	0.0363	0.0247	0.0084	0.0009	0.0073	0.0270	0.0035	0.0298	0.0219	0.0250	0.0028	0.0234	0.0028	0.0160	0.0249	0.0086	0.0057	0.0061	0.0032	0.0255	0.0053	0.0317	0.0048	0.0135	0.0078	0.0222	0.0147	0.0312	0.0067	0.0053	0.0133	0.0018	0.0255	0.0184	0.0305	0.0261	0.0133	0.0128	0.0262	0.0143	0.0231	0.0168	0.0031	0.0305	0.0104	0.0158	0.0014	0.0189	0.0260	0.0198	0.0207	0.0231	0.0240	0.0298	
0.0301	0.0333	0.0150	0.0246	0.0250	0.0241	0.0126	0.0121	0.0175	0.0182	0.0047	0.0015	0.0026	0.0191	0.0150	0.0291	0.0258	0.0219	0.0165	0.0215	0.0076	0.0232	0.0288	0.0083	0.0041	0.0201	0.0172	0.0007	0.0235	0.0100	0.0194	0.0273	0.0064	0.0316	0.0170	0.0323	0.0115	0.0212	0.0270	0.0017	0.0061	0.0113	0.0309	0.0161	0.0253	0.0103	0.0115	0.0171	0.0023	0.0306	0.0255	0.0299	0.0061	0.0066	0.0188	0.0076	0.0049	0.0093	0.0189	0.0020	
0.0020	0.0106	0.0120	0.0062	0.0300	0.0122	0.0246	0.0079	0.0254	0.0170	0.0173	0.0063	0.0266	0.0151	0.0091	0.0252	0.0230	0.0092	0.0152	0.0277	0.0106	0.0007	0.0317	0.0276	0.0132	0.0166	0.0181	0.0022	0.0079	0.0072	0.0258	0.0022	0.0209	0.0229	0.0262	0.0285	0.0272	0.0219	0.0189	0.0132	0.0158	0.0051	0.0218	0.0154	0.0129	0.0249	0.0005	0.0232	0.0244	0.0188	0.0130	0.0253	0.0234	0.0237	0.0219	0.0012	0.0130	0.0172	0.0213	0.0111	
0.0209	0.0236	0.0270	0.0193	0.0224	0.0191	0.0065	0.0094	0.0136	0.0156	0.0299	0.0032	0.0218	0.0006	0.0071	0.0052	0.0116	0.0138	0.0165	0.0228	0.0196	0.0287	0.0067	0.0210	0.0250	0.0000	0.0078	0.0045	0.0267	0.0255	0.0158	0.0125	0.0214	0.0080	0.0219	0.0291	0.0083	0.0015	0.0296	0.0288	0.0183	0.0239	0.0115	0.0123	0.0242	0.0144	0.0038	0.0257	0.0182	0.0167	0.0187	0.0312	0.0020	0.0051	0.0240	0.0216	0.0176	0.0092	0.0249	0.0238	
0.0084	0.0022	0.0089	0.0150	0.0274	0.0193	0.0084	0.0182	0.0078	0.0117	0.0254	0.0076	0.0152	0.0234	0.0006	0.0353	0.0167	0.0249	0.0306	0.0123	0.0240	0.0145	0.0159	0.0167	0.0076	0.0138	0.0111	0.0248	0.0140	0.0260	0.0140	0.0398	0.0049	0.0052	0.0245	0.0160	0.0143	0.0294	0.0178	0.0058	0.0085	0.0193	0.0154	0.0054	0.0232	0.0090	0.0147	0.0168	0.0044	0.0327	0.0096	0.0239	0.0133	0.0186	0.0260	0.0218	0.0204	0.0303	0.0088	0.0185	
0.0070	0.0156	0.0001	0.0118	0.0002	0.0361	0.0044	0.0168	0.0291	0.0158	0.0125	0.0284	0.0117	0.0279	0.0018	0.0066	0.0285	0.0096	0.0266	0.0324	0.0038	0.0285	0.0208	0.0191	0.0201	0.0187	0.0185	0.0227	0.0083	0.0221	0.0002	0.0175	0.0123	0.0331	0.0248	0.0274	0.0202	0.0057	0.0080	0.0226	0.0067	0.0297	0.0198	0.0221	0.0164	0.0210	0.0091	0.0195	0.0143	0.0174	0.0235	0.0082	0.0040	0.0112	0.0123	0.0099	0.0315	0.0132	0.0216	0.0115	
0.0108	0.0190	0.0046	0.0040	0.0154	0.0323	0.0076	0.0186	0.0265	0.0100	0.0193	0.0235	0.0015	0.0017	0.0218	0.0063	0.0104	0.0330	0.0041	0.0461	0.0100	0.0380	0.0061	0.0294	0.0316	0.0219	0.0149	0.0060	0.0169	0.0156	0.0352	0.0097	0.0107	0.0373	0.0145	0.0257	0.0291	0.0152	0.0095	0.0265	0.0151	0.0304	0.0284	0.0055	0.0004	0.0056	0.0075	0.0034	0.0236	0.0076	0.0030	0.0359	0.0112	0.0276	0.0011	0.0087	0.0132	0.0159	0.0066	0.0290	
0.0127	0.0007	0.0258	0.0092	0.0119	0.0132	0.0141	0.0064	0.0183	0.0295	0.0107	0.0247	0.0188	0.0179	0.0180	0.0159	0.0061	0.0332	0.0252	0.0320	0.0155	0.0119	0.0140	0.0151	0.0137	0.0240	0.0307	0.0230	0.0238	0.0029	0.0163	0.0144	0.0053	0.0198	0.0105	0.0130	0.0012	0.0177	0.0345	0.0239	0.0290	0.0016	0.0150	0.0201	0.0297	0.0061	0.0108	0.0300	0.0061	0.0223	0.0036	0.0114	0.0273	0.0157	0.0065	0.0012	0.0238	0.0172	0.0277	0.0197	
0.0139	0.0272	0.0099	0.0178	0.0165	0.0000	0.0283	0.0082	0.0040	0.0059	0.0127	0.0240	0.0058	0.0016	0.0295	0.0186	0.0301	0.0226	0.0200	0.0088	0.0195	0.0025	0.0161	0.0097	0.0357	0.0028	0.0215	0.0291	0.0092	0.0077	0.0311	0.0209	0.0164	0.0119	0.0086	0.0057	0.0257	0.0369	0.0138	0.0309	0.0191	0.0039	0.0271	0.0012	0.0091	0.0144	0.0053	0.0263	0.0184	0.0253	0.0056	0.0353	0.0353	0.0232	0.0334	0.0096	0.0106	0.0023	0.0179	0.0157	
0.0108	0.0294	0.0245	0.0232	0.0089	0.0254	0.0023	0.0275	0.0208	0.0202	0.0187	0.0198	0.0071	0.0229	0.0190	0.0166	0.0089	0.0108	0.0002	0.0167	0.0243	0.0245	0.0052	0.0203	0.0020	0.0211	0.0169	0.0280	0.0093	0.0238	0.0283	0.0232	0.0105	0.0307	0.0155	0.0167	0.0057	0.0287	0.0238	0.0115	0.0112	0.0068	0.0231	0.0176	0.0309	0.0063	0.0222	0.0093	0.0001	0.0149	0.0009	0.0256	0.0017	0.0295	0.0119	0.0126	0.0227	0.0091	0.0234	0.0168	
0.0099	0.0041	0.0181	0.0290	0.0257	0.0018	0.0200	0.0129	0.0073	0.0011	0.0075	0.0113	0.0208	0.0238	0.0060	0.0285	0.0328	0.0120	0.0216	0.0291	0.0045	0.0086	0.0302	0.0347	0.0284	0.0010	0.0224	0.0147	0.0153	0.0311	0.0338	0.0365	0.0026	0.0065	0.0039	0.0081	0.0226	0.0007	0.0399	0.0325	0.0286	0.0105	0.0019	0.0254	0.0084	0.0168	0.0061	0.0161	0.0266	0.0286	0.0179	0.0126	0.0246	0.0002	0.0118	0.0011	0.0058	0.0237	0.0014	0.0304	
0.0126	0.0020	0.0255	0.0082	0.0035	0.0107	0.0131	0.0177	0.0143	0.0268	0.0272	0.0239	0.0099	0.0257	0.0299	0.0294	0.0059	0.0296	0.0203	0.0090	0.0240	0.0058	0.0177	0.0253	0.0126	0.0146	0.0075	0.0024	0.0221	0.0017	0.0034	0.0008	0.0255	0.0062	0.0167	0.0213	0.0126	0.0259	0.0307	0.0286	0.0078	0.0179	0.0255	0.0215	0.0254	0.0149	0.0320	0.0309	0.0002	0.0179	0.0239	0.0054	0.0011	0.0243	0.0276	0.0061	0.0155	0.0057	0.0261	0.0196	
0.0028	0.0100	0.0230	0.0156	0.0279	0.0389	0.0363	0.0079	0.0074	0.0093	0.0130	0.0159	0.0047	0.0299	0.0005	0.0081	0.0092	0.0251	0.0344	0.0337	0.0193	0.0103	0.0025	0.0091	0.0079	0.0280	0.0324	0.0074	0.0071	0.0076	0.0099	0.0089	0.0232	0.0101	0.0251	0.0350	0.0304	0.0162	0.0037	0.0279	0.0196	0.0261	0.0272	0.0241	0.0057	0.0148	0.0009	0.0100	0.0245	0.0227	0.0277	0.0259	0.0084	0.0007	0.0004	0.0218	0.0079	0.0168	0.0073	0.0322	
0.0297	0.0277	0.0301	0.0297	0.0290	0.0044	0.0188	0.0293	0.0287	0.0014	0.0103	0.0214	0.0174	0.0043	0.0077	0.0307	0.0177	0.0100	0.0030	0.0257	0.0274	0.0209	0.0136	0.0195	0.0098	0.0157	0.0001	0.0287	0.0079	0.0003	0.0260	0.0149	0.0065	0.0076	0.0317	0.0248	0.0240	0.0281	0.0276	0.0009	0.0306	0.0046	0.0106	0.0189	0.0126	0.0039	0.0057	0.0047	0.0232	0.0077	0.0080	0.0291	0.0125	0.0141	0.0281	0.0085	0.0114	0.0141	0.0221	0.0165	
0.0043	0.0237	0.0200	0.0307	0.0090	0.0377	0.0254	0.0159	0.0091	0.0143	0.0308	0.0258	0.0171	0.0029	0.0288	0.0289	0.0113	0.0258	0.0076	0.0066	0.0118	0.0318	0.0040	0.0010	0.0269	0.0258	0.0011	0.0301	0.0068	0.0162	0.0185	0.0165	0.0025	0.0124	0.0322	0.0108	0.0177	0.0168	0.0191	0.0151	0.0195	0.0254	0.0290	0.0102	0.0101	0.0144	0.0109	0.0115	0.0179	0.0085	0.0286	0.0223	0.0078	0.0178	0.0035	0.0069	0.0204	0.0220	0.0051	0.0155	
0.0274	0.0278	0.0048	0.0241	0.0300	0.0204	0.0249	0.0099	0.0050	0.0188	0.0073	0.0303	0.0082	0.0300	0.0180	0.0195	0.0009	0.0252	0.0260	0.0111	0.0183	0.0238	0.0080	0.0343	0.0199	0.0247	0.0064	0.0203	0.0057	0.0184	0.0271	0.0310	0.0073	0.0018	0.0159	0.0255	0.0193	0.0034	0.0155	0.0237	0.0240	0.0014	0.0052	0.0292	0.0001	0.0022	0.0108	0.0140	0.0279	0.0160	0.0064	0.0244	0.0270	0.0262	0.0267	0.0049	0.0203	0.0055	0.0047	0.0028	
0.0113	0.0045	0.0024	0.0182	0.0258	0.0130	0.0253	0.0088	0.0100	0.0310	0.0332	0.0308	0.0106	0.0009	0.0191	0.0226	0.0202	0.0089	0.0359	0.0197	0.0177	0.0271	0.0254	0.0279	0.0160	0.0021	0.0026	0.0166	0.0078	0.0106	0.0072	0.0181	0.0274	0.0148	0.0161	0.0233	0.0320	0.0269	0.0093	0.0247	0.0173	0.0048	0.0050	0.0021	0.0225	0.0094	0.0165	0.0329	0.0099	0.0112	0.0215	0.0118	0.0060	0.0226	0.0191	0.0174	0.0169	0.0150	0.0037	0.0288	
0.0084	0.0060	0.0310	0.0315	0.0211	0.0209	0.0427	0.0401	0.0197	0.0305	0.0174	0.0296	0.0008	0.0135	0.0016	0.0138	0.0215	0.0217	0.0061	0.0052	0.0201	0.0087	0.0049	0.0380	0.0241	0.0249	0.0097	0.0118	0.0223	0.0241	0.0084	0.0238	0.0135	0.0219	0.0153	0.0110	0.0048	0.0067	0.0180	0.0002	0.0108	0.0150	0.0067	0.0113	0.0278	0.0217	0.0100	0.0306	0.0185	0.0080	0.0274	0.0293	0.0079	0.0340	0.0022	0.0004	0.0006	0.0025	0.0086	0.0311	
0.0070	0.0240	0.0057	0.0228	0.0179	0.0317	0.0162	0.0171	0.0238	0.0213	0.0058	0.0103	0.0048	0.0059	0.0248	0.0070	0.0012	0.0217	0.0054	0.0346	0.0157	0.0128	0.0212	0.0213	0.0275	0.0100	0.0124	0.0179	0.0128	0.0117	0.0107	0.0027	0.0230	0.0234	0.0293	0.0182	0.0073	0.0141	0.0289	0.0261	0.0100	0.0223	0.0260	0.0181	0.0000	0.0111	0.0225	0.0022	0.0048	0.0307	0.0282	0.0091	0.0302	0.0086	0.0058	0.0205	0.0335	0.0214	0.0286	0.0104	
0.0186	0.0317	0.0013	0.0148	0.0136	0.0057	0.0217	0.0217	0.0123	0.0058	0.0290	0.0201	0.0302	0.0148	0.0226	0.0305	0.0148	0.0300	0.0194	0.0164	0.0241	0.0108	0.0131	0.0222	0.0154	0.0006	0.0060	0.0233	0.0129	0.0292	0.0253	0.0231	0.0132	0.0176	0.0085	0.0155	0.0242	0.0199	0.0171	0.0298	0.0321	0.0023	0.0225	0.0001	0.0362	0.0099	0.0102	0.0192	0.0180	0.0145	0.0114	0.0025	0.0036	0.0162	0.0178	0.0072	0.0175	0.0166	0.0002	0.0155	
0.0313	0.0341	0.0045	0.0131	0.0143	0.0112	0.0068	0.0209	0.0042	0.0077	0.0015	0.0250	0.0128	0.0282	0.0158	0.0273	0.0207	0.0124	0.0205	0.0048	0.0218	0.0213	0.0026	0.0003	0.0197	0.0177	0.0181	0.0002	0.0271	0.0285	0.0000	0.0109	0.0134	0.0007	0.0325	0.0014	0.0291	0.0093	0.0219	0.0235	0.0055	0.0236	0.0127	0.0087	0.0137	0.0126	0.0225	0.0145	0.0290	0.0310	0.0191	0.0029	0.0302	0.0299	0.0217	0.0093	0.0305	0.0050	0.0273	0.0335	
0.0266	0.0061	0.0197	0.0051	0.0075	0.0308	0.0161	0.0179	0.0257	0.0154	0.0240	0.0128	0.0256	0.0405	0.0304	0.0364	0.0079	0.0265	0.0244	0.0058	0.0317	0.0036	0.0006	0.0018	0.0125	0.0261	0.0139	0.0244	0.0097	0.0152	0.0088	0.0305	0.0102	0.0272	0.0294	0.0001	0.0036	0.0090	0.0046	0.0217	0.0026	0.0062	0.0203	0.0151	0.0040	0.0072	0.0077	0.0326	0.0290	0.0247	0.0031	0.0026	0.0178	0.0239	0.0308	0.0183	0.0058	0.0211	0.0252	0.0123	
0.0121	0.0283	0.0028	0.0090	0.0065	0.0363	0.0440	0.0080	0.0020	0.0313	0.0262	0.0272	0.0173	0.0021	0.0018	0.0320	0.0170	0.0167	0.0353	0.0060	0.0199	0.0177	0.0237	0.0275	0.0138	0.0043	0.0094	0.0264	0.0223	0.0047	0.0339	0.0215	0.0114	0.0331	0.0088	0.0110	0.0032	0.0104	0.0146	0.0053	0.0090	0.0010	0.0274	0.0237	0.0293	0.0034	0.0159	0.0157	0.0199	0.0021	0.0055	0.0230	0.0247	0.0233	0.0224	0.0225	0.0007	0.0157	0.0278	0.0024	
0.0174	0.0083	0.0103	0.0224	0.0022	0.0107	0.0194	0.0248	0.0195	0.0183	0.0165	0.0043	0.0035	0.0268	0.0238	0.0244	0.0165	0.0193	0.0220	0.0089	0.0172	0.0211	0.0017	0.0253	0.0268	0.0046	0.0259	0.0223	0.0041	0.0093	0.0100	0.0217	0.0093	0.0087	0.0159	0.0247	0.0149	0.0317	0.0300	0.0129	0.0170	0.0151	0.0148	0.0172	0.0111	0.0191	0.0161	0.0266	0.0188	0.0298	0.0063	0.0074	0.0186	0.0160	0.0082	0.0191	0.0060	0.0196	0.0263	0.0292	
0.0165	0.0277	0.0207	0.0138	0.0128	0.0028	0.0320	0.0368	0.0111	0.0306	0.0008	0.0229	0.0272	0.0148	0.0224	0.0038	0.0062	0.0047	0.0148	0.0005	0.0223	0.0001	0.0004	0.0073	0.0048	0.0019	0.0002	0.0321	0.0264	0.0171	0.0293	0.0359	0.0008	0.0387	0.0308	0.0293	0.0320	0.0080	0.0224	0.0098	0.0054	0.0199	0.0184	0.0267	0.0337	0.0189	0.0122	0.0096	0.0262	0.0082	0.0194	0.0023	0.0093	0.0303	0.0073	0.0132	0.0288	0.0169	0.0088	0.0123	
0.0021	0.0325	0.0298	0.0244	0.0028	0.0022	0.0227	0.0341	0.0120	0.0288	0.0056	0.0336	0.0180	0.0047	0.0254	0.0029	0.0158	0.0038	0.0085	0.0209	0.0222	0.0246	0.0007	0.0232	0.0311	0.0211	0.0218	0.0041	0.0218	0.0132	0.0040	0.0152	0.0238	0.0080	0.0063	0.0076	0.0200	0.0258	0.0296	0.0293	0.0298	0.0146	0.0306	0.0293	0.0022	0.0233	0.0143	0.0048	0.0021	0.0036	0.0002	0.0202	0.0077	0.0224	0.0213	0.0091	0.0334	0.0103	0.0246	0.0123	
0.0119	0.0202	0.0048	0.0322	0.0255	0.0299	0.0007	0.0150	0.0303	0.0222	0.0156	0.0253	0.0096	0.0150	0.0205	0.0088	0.0292	0.0018	0.0229	0.0088	0.0087	0.0200	0.0018	0.0260	0.0167	0.0155	0.0074	0.0084	0.0181	0.0267	0.0115	0.0122	0.0256	0.0188	0.0194	0.0154	0.0107	0.0372	0.0090	0.0122	0.0244	0.0036	0.0081	0.0133	0.0249	0.0091	0.0111	0.0331	0.0035	0.0147	0.0158	0.0313	0.0250	0.0209	0.0036	0.0228	0.0187	0.0184	0.0160	0.0099	
0.0171	0.0294	0.0242	0.0018	0.0104	0.0058	0.0314	0.0336	0.0254	0.0064	0.0291	0.0290	0.0251	0.0111	0.0165	0.0051	0.0108	0.0215	0.0003	0.0074	0.0058	0.0114	0.0040	0.0065	0.0119	0.0125	0.0200	0.0124	0.0101	0.0211	0.0351	0.0307	0.0123	0.0378	0.0266	0.0305	0.0108	0.0060	0.0048	0.0177	0.0163	0.0154	0.0026	0.0265	0.0175	0.0203	0.0012	0.0146	0.0025	0.0329	0.0138	0.0293	0.0168	0.0099	0.0024	0.0054	0.0268	0.0214	0.0219	0.0331	

Emissions
0.2856	0.3477	0.2103	0.0589	0.0975	
0.0322	0.2335	0.2886	0.2233	0.2223	
0.2551	0.0873	0.1619	0.2243	0.2714	
0.2653	0.1311	0.0637	0.3091	0.2307	
0.2512	0.1720	0.1338	0.3145	0.1285	
0.0225	0.2138	0.0682	0.3508	0.3446	
0.0588	0.3622	0.1449	0.0902	0.3439	
0.0087	0.4106	0.2410	0.2283	0.1114	
0.0993	0.1316	0.4363	0.2648	0.0680	
0.1266	0.1986	0.2908	0.2866	0.0973	
0.1959	0.1821	0.2117	0.2818	0.1286	
0.1276	0.1879	0.0585	0.5086	0.1174	
0.2457	0.0926	0.2317	0.3392	0.0908	
0.0263	0.3574	0.0869	0.1858	0.3436	
0.2026	0.1701	0.2184	0.1154	0.2935	
0.0514	0.1110	0.2782	0.0931	0.4663	
0.2053	0.1903	0.1721	0.2094	0.2229	
0.1753	0.3090	0.1133	0.2435	0.1590	
0.1944	0.3830	0.0413	0.1824	0.1989	
0.0516	0.6232	0.2618	0.0630	0.0004	
0.1646	0.0582	0.1365	0.3705	0.2702	
0.1463	0.4207	0.1824	0.1545	0.0962	
0.0452	0.1940	0.2488	0.3794	0.1326	
0.0825	0.3488	0.1476	0.0634	0.3577	
0.0967	0.0969	0.1581	0.3435	0.3049	
0.2572	0.0444	0.2951	0.2476	0.1557	
0.0119	0.0619	0.4924	0.2624	0.1715	
0.1189	0.3133	0.1199	0.2409	0.2071	
0.2149	0.0291	0.3463	0.1941	0.2156	
0.3541	0.0683	0.1962	0.1513	0.2302	
0.0842	0.3446	0.2583	0.1051	0.2079	
0.1291	0.3256	0.1582	0.0598	0.3273	
0.5483	0.0162	0.1069	0.0438	0.2849	
0.0182	0.2968	0.1683	0.2011	0.3156	
0.1422	0.0110	0.2157	0.1225	0.5086	
0.1538	0.1975	0.0367	0.3468	0.2652	
0.2169	0.4065	0.2408	0.1119	0.0239	
0.0583	0.0469	0.1677	0.2672	0.4598	
0.0190	0.4378	0.2547	0.0761	0.2124	
0.1394	0.4039	0.2539	0.0615	0.1414	
0.1979	0.2148	0.1793	0.1208	0.2872	
0.1982	0.1889	0.2796	0.2366	0.0968	
0.0875	0.2656	0.2840	0.3599	0.0030	
0.2057	0.1133	0.2901	0.3773	0.0136	
0.0019	0.0734	0.3038	0.2622	0.3588	
0.2697	0.2329	0.0941	0.3550	0.0484	
0.1163	0.1669	0.3669	0.0431	0.3068	
0.1291	0.1040	0.1936	0.2384	0.3349	
0.3723	0.1982	0.0272	0.1878	0.2145	
0.1415	0.2962	0.2584	0.0442	0.2597	
0.2566	0.0787	0.3986	0.1122	0.1539	
0.1785	0.2107	0.2013	0.1999	0.2096	
0.2285	0.3456	0.1810	0.0605	0.1844	
0.1561	0.2695	0.2298	0.0804	0.2642	
0.1728	0.4878	0.1759	0.1169	0.0466	
0.4038	0.0533	0.3179	0.0918	0.1332	
0.1051	0.4112	0.0843	0.1537	0.2457	
0.0743	0.1279	0.2085	0.2767	0.3126	
0.1939	0.0981	0.2393	0.1682	0.3004	
0.0178	0.2623	0.2872	0.1726	0.2601	
