DataSet 43
Learner: Baum Welch Learner
Log Likelihood: 39186.3684879040

Number of States: 60
Number of Symbols: 5
Threshold: 0.01

Initial Distribution:
0.0036	0.0104	0.0408	0.0209	0.0301	0.0114	0.0075	0.0362	0.0075	0.0308	0.0115	0.0421	0.0012	0.0034	0.0385	0.0080	0.0140	0.0105	0.0095	0.0366	0.0141	0.0145	0.0696	0.0307	0.0006	0.0086	0.0289	0.0245	0.0008	0.0081	0.0359	0.0212	0.0166	0.0052	0.0138	0.0004	0.0113	0.0021	0.0037	0.0178	0.0228	0.0198	0.0032	0.0165	0.0028	0.0094	0.0208	0.0032	0.0082	0.0010	0.0189	0.0413	0.0022	0.0136	0.0004	0.0608	0.0192	0.0131	0.0058	0.0142	

Transitions:
0.0146	0.0140	0.0213	0.0246	0.0038	0.0281	0.0172	0.0290	0.0062	0.0242	0.0062	0.0131	0.0093	0.0265	0.0052	0.0213	0.0060	0.0062	0.0147	0.0235	0.0169	0.0184	0.0106	0.0243	0.0236	0.0245	0.0182	0.0008	0.0028	0.0286	0.0102	0.0341	0.0175	0.0181	0.0277	0.0050	0.0263	0.0059	0.0216	0.0072	0.0245	0.0235	0.0281	0.0147	0.0262	0.0072	0.0179	0.0032	0.0064	0.0059	0.0234	0.0162	0.0268	0.0231	0.0236	0.0269	0.0046	0.0284	0.0064	0.0058	
0.0096	0.0171	0.0255	0.0083	0.0162	0.0087	0.0289	0.0197	0.0037	0.0005	0.0295	0.0295	0.0198	0.0090	0.0012	0.0229	0.0255	0.0264	0.0034	0.0139	0.0115	0.0142	0.0224	0.0246	0.0046	0.0239	0.0031	0.0297	0.0242	0.0020	0.0003	0.0073	0.0298	0.0107	0.0365	0.0069	0.0009	0.0185	0.0025	0.0170	0.0134	0.0288	0.0307	0.0055	0.0112	0.0260	0.0311	0.0186	0.0234	0.0061	0.0020	0.0116	0.0229	0.0256	0.0265	0.0228	0.0222	0.0330	0.0058	0.0230	
0.0087	0.0465	0.0276	0.0017	0.0002	0.0138	0.0370	0.0065	0.0109	0.0288	0.0299	0.0042	0.0306	0.0156	0.0016	0.0186	0.0185	0.0285	0.0216	0.0098	0.0314	0.0148	0.0053	0.0181	0.0241	0.0253	0.0163	0.0078	0.0175	0.0083	0.0121	0.0030	0.0125	0.0094	0.0177	0.0183	0.0033	0.0299	0.0056	0.0145	0.0259	0.0262	0.0051	0.0352	0.0166	0.0263	0.0227	0.0041	0.0271	0.0202	0.0076	0.0010	0.0108	0.0236	0.0347	0.0120	0.0249	0.0043	0.0032	0.0128	
0.0058	0.0406	0.0273	0.0034	0.0100	0.0129	0.0277	0.0120	0.0057	0.0222	0.0143	0.0174	0.0221	0.0262	0.0151	0.0088	0.0146	0.0221	0.0059	0.0029	0.0383	0.0112	0.0103	0.0018	0.0001	0.0209	0.0237	0.0224	0.0143	0.0319	0.0205	0.0310	0.0249	0.0266	0.0303	0.0023	0.0274	0.0032	0.0176	0.0207	0.0071	0.0105	0.0284	0.0052	0.0053	0.0185	0.0208	0.0191	0.0116	0.0356	0.0078	0.0058	0.0001	0.0292	0.0168	0.0151	0.0097	0.0202	0.0059	0.0306	
0.0296	0.0025	0.0009	0.0101	0.0220	0.0075	0.0236	0.0178	0.0077	0.0142	0.0086	0.0082	0.0317	0.0056	0.0245	0.0265	0.0136	0.0141	0.0295	0.0106	0.0293	0.0055	0.0082	0.0174	0.0145	0.0211	0.0273	0.0265	0.0113	0.0279	0.0204	0.0072	0.0275	0.0194	0.0044	0.0046	0.0059	0.0173	0.0099	0.0199	0.0249	0.0285	0.0063	0.0281	0.0142	0.0258	0.0071	0.0228	0.0026	0.0238	0.0079	0.0216	0.0225	0.0196	0.0278	0.0136	0.0225	0.0104	0.0318	0.0042	
0.0154	0.0364	0.0099	0.0128	0.0211	0.0278	0.0112	0.0089	0.0026	0.0268	0.0211	0.0264	0.0028	0.0023	0.0165	0.0014	0.0351	0.0221	0.0061	0.0213	0.0148	0.0047	0.0210	0.0224	0.0190	0.0010	0.0165	0.0102	0.0273	0.0194	0.0129	0.0281	0.0243	0.0067	0.0197	0.0003	0.0189	0.0295	0.0061	0.0135	0.0216	0.0358	0.0231	0.0130	0.0058	0.0131	0.0263	0.0255	0.0065	0.0353	0.0220	0.0054	0.0070	0.0056	0.0274	0.0057	0.0015	0.0185	0.0352	0.0214	
0.0219	0.0004	0.0192	0.0200	0.0113	0.0222	0.0026	0.0303	0.0235	0.0202	0.0181	0.0037	0.0153	0.0225	0.0008	0.0184	0.0164	0.0203	0.0207	0.0084	0.0113	0.0262	0.0035	0.0308	0.0306	0.0102	0.0224	0.0228	0.0173	0.0105	0.0339	0.0021	0.0040	0.0194	0.0004	0.0240	0.0149	0.0065	0.0008	0.0152	0.0131	0.0341	0.0031	0.0251	0.0162	0.0187	0.0307	0.0226	0.0060	0.0122	0.0291	0.0200	0.0005	0.0186	0.0125	0.0222	0.0361	0.0220	0.0322	0.0019	
0.0025	0.0210	0.0132	0.0105	0.0170	0.0083	0.0345	0.0228	0.0208	0.0138	0.0002	0.0071	0.0179	0.0017	0.0264	0.0180	0.0239	0.0188	0.0178	0.0104	0.0166	0.0017	0.0107	0.0053	0.0120	0.0159	0.0012	0.0195	0.0078	0.0111	0.0173	0.0239	0.0149	0.0311	0.0175	0.0329	0.0138	0.0236	0.0029	0.0017	0.0164	0.0363	0.0242	0.0304	0.0090	0.0159	0.0033	0.0290	0.0224	0.0365	0.0333	0.0119	0.0035	0.0091	0.0208	0.0218	0.0361	0.0061	0.0413	0.0048	
0.0133	0.0146	0.0192	0.0105	0.0213	0.0042	0.0262	0.0148	0.0213	0.0002	0.0367	0.0278	0.0137	0.0113	0.0231	0.0173	0.0058	0.0275	0.0294	0.0298	0.0108	0.0023	0.0230	0.0093	0.0103	0.0104	0.0234	0.0064	0.0124	0.0156	0.0276	0.0088	0.0245	0.0278	0.0306	0.0051	0.0112	0.0177	0.0016	0.0035	0.0279	0.0208	0.0103	0.0207	0.0307	0.0002	0.0013	0.0268	0.0179	0.0034	0.0269	0.0082	0.0102	0.0302	0.0280	0.0067	0.0146	0.0082	0.0445	0.0122	
0.0171	0.0236	0.0036	0.0061	0.0037	0.0183	0.0043	0.0129	0.0221	0.0237	0.0039	0.0184	0.0267	0.0237	0.0038	0.0285	0.0263	0.0144	0.0141	0.0104	0.0099	0.0008	0.0176	0.0088	0.0174	0.0237	0.0300	0.0308	0.0042	0.0182	0.0207	0.0050	0.0172	0.0212	0.0304	0.0100	0.0151	0.0048	0.0171	0.0066	0.0300	0.0228	0.0019	0.0318	0.0335	0.0071	0.0203	0.0193	0.0308	0.0051	0.0174	0.0016	0.0277	0.0212	0.0041	0.0096	0.0307	0.0257	0.0278	0.0166	
0.0347	0.0086	0.0109	0.0053	0.0319	0.0289	0.0017	0.0009	0.0014	0.0322	0.0085	0.0189	0.0342	0.0040	0.0137	0.0260	0.0362	0.0376	0.0108	0.0134	0.0019	0.0112	0.0024	0.0000	0.0000	0.0258	0.0101	0.0321	0.0194	0.0139	0.0145	0.0264	0.0174	0.0006	0.0216	0.0261	0.0099	0.0317	0.0339	0.0016	0.0067	0.0209	0.0176	0.0355	0.0322	0.0302	0.0073	0.0298	0.0088	0.0192	0.0147	0.0317	0.0175	0.0073	0.0164	0.0122	0.0045	0.0108	0.0074	0.0090	
0.0312	0.0081	0.0181	0.0234	0.0157	0.0136	0.0020	0.0276	0.0235	0.0296	0.0158	0.0019	0.0016	0.0093	0.0072	0.0262	0.0336	0.0061	0.0035	0.0035	0.0205	0.0175	0.0193	0.0032	0.0290	0.0232	0.0067	0.0132	0.0217	0.0030	0.0162	0.0005	0.0271	0.0232	0.0195	0.0013	0.0025	0.0316	0.0186	0.0122	0.0305	0.0156	0.0029	0.0226	0.0043	0.0128	0.0359	0.0090	0.0004	0.0445	0.0232	0.0327	0.0083	0.0016	0.0317	0.0023	0.0200	0.0128	0.0404	0.0368	
0.0144	0.0279	0.0091	0.0193	0.0066	0.0108	0.0115	0.0145	0.0313	0.0064	0.0177	0.0002	0.0231	0.0213	0.0081	0.0050	0.0179	0.0087	0.0340	0.0206	0.0229	0.0285	0.0091	0.0198	0.0185	0.0215	0.0282	0.0259	0.0289	0.0130	0.0206	0.0279	0.0027	0.0191	0.0040	0.0053	0.0034	0.0180	0.0113	0.0243	0.0026	0.0171	0.0153	0.0292	0.0180	0.0198	0.0146	0.0234	0.0323	0.0262	0.0224	0.0089	0.0155	0.0066	0.0116	0.0132	0.0146	0.0238	0.0031	0.0207	
0.0175	0.0172	0.0167	0.0140	0.0190	0.0240	0.0303	0.0310	0.0172	0.0037	0.0007	0.0289	0.0271	0.0054	0.0151	0.0040	0.0157	0.0148	0.0041	0.0288	0.0067	0.0069	0.0276	0.0056	0.0250	0.0087	0.0081	0.0281	0.0078	0.0217	0.0270	0.0179	0.0136	0.0183	0.0085	0.0152	0.0258	0.0274	0.0080	0.0238	0.0216	0.0108	0.0304	0.0186	0.0192	0.0221	0.0103	0.0079	0.0229	0.0058	0.0292	0.0268	0.0161	0.0040	0.0108	0.0092	0.0192	0.0133	0.0260	0.0089	
0.0240	0.0013	0.0258	0.0290	0.0123	0.0127	0.0195	0.0085	0.0326	0.0009	0.0113	0.0185	0.0118	0.0142	0.0105	0.0439	0.0102	0.0117	0.0261	0.0009	0.0400	0.0008	0.0058	0.0034	0.0219	0.0403	0.0012	0.0123	0.0102	0.0391	0.0215	0.0160	0.0041	0.0333	0.0122	0.0264	0.0229	0.0031	0.0105	0.0024	0.0061	0.0015	0.0092	0.0317	0.0336	0.0119	0.0239	0.0026	0.0333	0.0262	0.0009	0.0126	0.0275	0.0253	0.0133	0.0111	0.0333	0.0185	0.0069	0.0181	
0.0161	0.0046	0.0284	0.0264	0.0063	0.0253	0.0148	0.0115	0.0039	0.0220	0.0051	0.0058	0.0260	0.0154	0.0264	0.0273	0.0239	0.0169	0.0048	0.0129	0.0085	0.0283	0.0172	0.0192	0.0376	0.0121	0.0243	0.0110	0.0158	0.0253	0.0321	0.0022	0.0302	0.0229	0.0195	0.0005	0.0013	0.0105	0.0170	0.0072	0.0329	0.0073	0.0313	0.0027	0.0127	0.0294	0.0157	0.0091	0.0325	0.0117	0.0246	0.0069	0.0167	0.0261	0.0056	0.0186	0.0181	0.0103	0.0002	0.0218	
0.0406	0.0038	0.0278	0.0118	0.0320	0.0037	0.0087	0.0035	0.0335	0.0313	0.0365	0.0130	0.0046	0.0328	0.0170	0.0000	0.0002	0.0167	0.0125	0.0039	0.0366	0.0165	0.0133	0.0069	0.0015	0.0220	0.0223	0.0089	0.0223	0.0026	0.0141	0.0306	0.0119	0.0230	0.0094	0.0315	0.0168	0.0218	0.0086	0.0095	0.0239	0.0132	0.0122	0.0033	0.0172	0.0138	0.0038	0.0194	0.0089	0.0082	0.0196	0.0074	0.0349	0.0337	0.0294	0.0166	0.0255	0.0217	0.0129	0.0103	
0.0194	0.0347	0.0148	0.0254	0.0139	0.0038	0.0010	0.0133	0.0241	0.0222	0.0186	0.0113	0.0072	0.0016	0.0137	0.0202	0.0051	0.0117	0.0234	0.0209	0.0167	0.0034	0.0005	0.0117	0.0170	0.0056	0.0266	0.0143	0.0265	0.0260	0.0045	0.0333	0.0088	0.0262	0.0307	0.0217	0.0251	0.0154	0.0230	0.0091	0.0119	0.0213	0.0233	0.0174	0.0222	0.0041	0.0336	0.0319	0.0147	0.0078	0.0107	0.0108	0.0262	0.0204	0.0256	0.0105	0.0328	0.0011	0.0126	0.0087	
0.0117	0.0238	0.0193	0.0304	0.0171	0.0158	0.0031	0.0088	0.0093	0.0294	0.0274	0.0197	0.0258	0.0128	0.0095	0.0335	0.0129	0.0181	0.0254	0.0132	0.0064	0.0279	0.0010	0.0195	0.0126	0.0290	0.0040	0.0227	0.0042	0.0153	0.0207	0.0298	0.0059	0.0109	0.0025	0.0280	0.0023	0.0252	0.0008	0.0038	0.0015	0.0251	0.0184	0.0203	0.0168	0.0220	0.0236	0.0146	0.0121	0.0380	0.0004	0.0154	0.0103	0.0289	0.0036	0.0080	0.0202	0.0306	0.0261	0.0247	
0.0191	0.0198	0.0056	0.0284	0.0058	0.0217	0.0178	0.0107	0.0118	0.0198	0.0336	0.0191	0.0182	0.0192	0.0119	0.0203	0.0143	0.0201	0.0057	0.0225	0.0050	0.0214	0.0092	0.0053	0.0115	0.0073	0.0188	0.0106	0.0088	0.0280	0.0062	0.0046	0.0061	0.0096	0.0296	0.0253	0.0170	0.0255	0.0131	0.0177	0.0079	0.0124	0.0020	0.0335	0.0067	0.0139	0.0018	0.0243	0.0207	0.0270	0.0335	0.0021	0.0260	0.0287	0.0228	0.0181	0.0023	0.0316	0.0230	0.0353	
0.0104	0.0055	0.0030	0.0170	0.0100	0.0173	0.0135	0.0049	0.0285	0.0238	0.0327	0.0192	0.0030	0.0137	0.0141	0.0280	0.0212	0.0203	0.0316	0.0300	0.0044	0.0235	0.0197	0.0173	0.0264	0.0052	0.0111	0.0103	0.0204	0.0328	0.0171	0.0186	0.0077	0.0116	0.0145	0.0024	0.0064	0.0151	0.0149	0.0155	0.0006	0.0286	0.0244	0.0257	0.0221	0.0073	0.0321	0.0108	0.0129	0.0282	0.0027	0.0144	0.0315	0.0152	0.0273	0.0119	0.0128	0.0155	0.0277	0.0052	
0.0121	0.0037	0.0172	0.0294	0.0054	0.0083	0.0145	0.0196	0.0027	0.0147	0.0258	0.0044	0.0060	0.0130	0.0276	0.0113	0.0011	0.0428	0.0345	0.0194	0.0068	0.0010	0.0202	0.0267	0.0226	0.0035	0.0179	0.0262	0.0188	0.0367	0.0170	0.0223	0.0228	0.0088	0.0142	0.0366	0.0116	0.0294	0.0202	0.0081	0.0273	0.0112	0.0069	0.0405	0.0065	0.0277	0.0119	0.0192	0.0201	0.0269	0.0138	0.0119	0.0177	0.0022	0.0380	0.0049	0.0049	0.0177	0.0027	0.0030	
0.0349	0.0367	0.0048	0.0033	0.0234	0.0159	0.0130	0.0233	0.0034	0.0006	0.0364	0.0046	0.0153	0.0203	0.0260	0.0512	0.0277	0.0427	0.0302	0.0252	0.0285	0.0260	0.0061	0.0303	0.0130	0.0133	0.0050	0.0239	0.0093	0.0030	0.0160	0.0180	0.0269	0.0193	0.0240	0.0094	0.0044	0.0042	0.0059	0.0082	0.0161	0.0192	0.0114	0.0268	0.0248	0.0076	0.0015	0.0006	0.0107	0.0038	0.0163	0.0033	0.0307	0.0029	0.0128	0.0142	0.0140	0.0051	0.0286	0.0163	
0.0301	0.0317	0.0183	0.0008	0.0061	0.0017	0.0116	0.0230	0.0304	0.0188	0.0323	0.0199	0.0299	0.0102	0.0114	0.0123	0.0188	0.0297	0.0072	0.0084	0.0089	0.0035	0.0097	0.0053	0.0180	0.0274	0.0259	0.0241	0.0062	0.0267	0.0213	0.0267	0.0171	0.0243	0.0275	0.0359	0.0255	0.0139	0.0098	0.0161	0.0307	0.0080	0.0010	0.0305	0.0107	0.0237	0.0122	0.0187	0.0279	0.0023	0.0090	0.0175	0.0009	0.0079	0.0068	0.0117	0.0080	0.0114	0.0183	0.0164	
0.0090	0.0192	0.0225	0.0075	0.0258	0.0332	0.0040	0.0372	0.0249	0.0176	0.0149	0.0039	0.0150	0.0168	0.0126	0.0008	0.0037	0.0253	0.0302	0.0338	0.0129	0.0082	0.0003	0.0046	0.0215	0.0079	0.0333	0.0115	0.0202	0.0036	0.0286	0.0213	0.0020	0.0267	0.0166	0.0132	0.0197	0.0292	0.0004	0.0173	0.0263	0.0123	0.0351	0.0080	0.0245	0.0053	0.0070	0.0220	0.0347	0.0063	0.0166	0.0198	0.0190	0.0186	0.0050	0.0003	0.0199	0.0206	0.0260	0.0160	
0.0343	0.0256	0.0121	0.0166	0.0249	0.0275	0.0018	0.0193	0.0022	0.0319	0.0147	0.0082	0.0216	0.0122	0.0074	0.0318	0.0100	0.0249	0.0150	0.0121	0.0016	0.0106	0.0118	0.0112	0.0220	0.0047	0.0001	0.0189	0.0191	0.0145	0.0272	0.0039	0.0042	0.0150	0.0186	0.0284	0.0280	0.0107	0.0161	0.0230	0.0030	0.0170	0.0141	0.0267	0.0234	0.0061	0.0281	0.0030	0.0076	0.0053	0.0230	0.0248	0.0343	0.0100	0.0126	0.0177	0.0115	0.0350	0.0341	0.0192	
0.0322	0.0176	0.0284	0.0175	0.0057	0.0075	0.0042	0.0042	0.0259	0.0117	0.0011	0.0254	0.0105	0.0202	0.0081	0.0175	0.0282	0.0181	0.0219	0.0122	0.0101	0.0230	0.0083	0.0135	0.0181	0.0325	0.0032	0.0247	0.0033	0.0296	0.0120	0.0265	0.0110	0.0227	0.0309	0.0204	0.0160	0.0234	0.0200	0.0094	0.0015	0.0216	0.0050	0.0285	0.0036	0.0209	0.0151	0.0077	0.0322	0.0327	0.0199	0.0226	0.0088	0.0136	0.0102	0.0215	0.0028	0.0122	0.0366	0.0065	
0.0083	0.0115	0.0015	0.0288	0.0282	0.0016	0.0188	0.0154	0.0277	0.0226	0.0332	0.0035	0.0294	0.0083	0.0122	0.0243	0.0246	0.0200	0.0132	0.0297	0.0169	0.0242	0.0223	0.0053	0.0087	0.0230	0.0210	0.0299	0.0150	0.0309	0.0158	0.0048	0.0272	0.0148	0.0074	0.0268	0.0187	0.0078	0.0312	0.0018	0.0072	0.0338	0.0122	0.0114	0.0015	0.0170	0.0004	0.0014	0.0033	0.0254	0.0085	0.0165	0.0023	0.0304	0.0243	0.0099	0.0155	0.0277	0.0275	0.0076	
0.0166	0.0252	0.0011	0.0274	0.0039	0.0165	0.0072	0.0090	0.0025	0.0202	0.0010	0.0117	0.0225	0.0083	0.0178	0.0187	0.0139	0.0201	0.0042	0.0216	0.0207	0.0144	0.0147	0.0210	0.0155	0.0338	0.0022	0.0279	0.0227	0.0288	0.0074	0.0226	0.0143	0.0190	0.0279	0.0196	0.0242	0.0127	0.0056	0.0063	0.0093	0.0223	0.0257	0.0152	0.0184	0.0202	0.0293	0.0249	0.0071	0.0087	0.0272	0.0248	0.0199	0.0240	0.0199	0.0168	0.0294	0.0066	0.0154	0.0045	
0.0251	0.0094	0.0203	0.0083	0.0116	0.0098	0.0340	0.0322	0.0229	0.0054	0.0205	0.0334	0.0116	0.0260	0.0144	0.0313	0.0237	0.0129	0.0046	0.0306	0.0023	0.0106	0.0234	0.0153	0.0352	0.0124	0.0008	0.0234	0.0034	0.0318	0.0316	0.0293	0.0038	0.0009	0.0243	0.0009	0.0018	0.0240	0.0047	0.0131	0.0339	0.0006	0.0036	0.0017	0.0240	0.0343	0.0211	0.0369	0.0181	0.0220	0.0047	0.0154	0.0037	0.0174	0.0026	0.0122	0.0188	0.0032	0.0138	0.0306	
0.0100	0.0105	0.0317	0.0291	0.0143	0.0285	0.0354	0.0120	0.0071	0.0163	0.0393	0.0368	0.0104	0.0292	0.0001	0.0020	0.0088	0.0278	0.0365	0.0352	0.0324	0.0045	0.0072	0.0190	0.0262	0.0145	0.0235	0.0258	0.0368	0.0117	0.0159	0.0343	0.0137	0.0064	0.0056	0.0260	0.0081	0.0127	0.0251	0.0293	0.0020	0.0105	0.0252	0.0025	0.0269	0.0075	0.0070	0.0125	0.0180	0.0014	0.0045	0.0334	0.0085	0.0153	0.0059	0.0041	0.0016	0.0112	0.0012	0.0008	
0.0075	0.0069	0.0117	0.0274	0.0297	0.0292	0.0192	0.0031	0.0191	0.0118	0.0277	0.0280	0.0305	0.0007	0.0284	0.0164	0.0130	0.0043	0.0259	0.0170	0.0053	0.0081	0.0064	0.0265	0.0060	0.0176	0.0239	0.0298	0.0003	0.0005	0.0189	0.0290	0.0093	0.0202	0.0187	0.0265	0.0260	0.0256	0.0035	0.0221	0.0198	0.0026	0.0222	0.0025	0.0065	0.0069	0.0282	0.0066	0.0160	0.0191	0.0225	0.0287	0.0153	0.0155	0.0260	0.0298	0.0003	0.0152	0.0231	0.0113	
0.0074	0.0249	0.0027	0.0172	0.0239	0.0236	0.0199	0.0092	0.0133	0.0024	0.0238	0.0171	0.0010	0.0024	0.0276	0.0031	0.0176	0.0047	0.0240	0.0286	0.0227	0.0149	0.0114	0.0117	0.0086	0.0239	0.0126	0.0261	0.0245	0.0209	0.0224	0.0130	0.0039	0.0221	0.0204	0.0337	0.0294	0.0039	0.0093	0.0073	0.0194	0.0194	0.0218	0.0149	0.0292	0.0040	0.0290	0.0128	0.0187	0.0283	0.0143	0.0254	0.0238	0.0216	0.0225	0.0161	0.0061	0.0203	0.0121	0.0031	
0.0223	0.0327	0.0171	0.0252	0.0083	0.0065	0.0164	0.0090	0.0186	0.0339	0.0034	0.0123	0.0319	0.0136	0.0106	0.0041	0.0283	0.0015	0.0164	0.0056	0.0294	0.0280	0.0069	0.0012	0.0057	0.0350	0.0221	0.0143	0.0015	0.0344	0.0243	0.0112	0.0251	0.0061	0.0336	0.0315	0.0022	0.0315	0.0059	0.0193	0.0239	0.0211	0.0276	0.0211	0.0227	0.0008	0.0017	0.0115	0.0139	0.0243	0.0298	0.0045	0.0073	0.0041	0.0103	0.0139	0.0186	0.0156	0.0297	0.0107	
0.0208	0.0010	0.0086	0.0215	0.0059	0.0287	0.0220	0.0230	0.0237	0.0184	0.0011	0.0283	0.0294	0.0241	0.0164	0.0072	0.0043	0.0250	0.0118	0.0056	0.0319	0.0123	0.0020	0.0138	0.0016	0.0212	0.0038	0.0249	0.0303	0.0092	0.0145	0.0249	0.0110	0.0267	0.0057	0.0231	0.0107	0.0085	0.0166	0.0321	0.0174	0.0136	0.0235	0.0266	0.0203	0.0012	0.0098	0.0188	0.0242	0.0022	0.0139	0.0281	0.0042	0.0182	0.0140	0.0072	0.0328	0.0329	0.0223	0.0170	
0.0217	0.0256	0.0206	0.0112	0.0045	0.0123	0.0156	0.0009	0.0177	0.0249	0.0278	0.0241	0.0088	0.0116	0.0193	0.0138	0.0217	0.0065	0.0250	0.0003	0.0114	0.0172	0.0017	0.0215	0.0270	0.0163	0.0144	0.0250	0.0113	0.0297	0.0216	0.0180	0.0179	0.0231	0.0085	0.0170	0.0183	0.0067	0.0227	0.0037	0.0168	0.0067	0.0249	0.0216	0.0049	0.0156	0.0146	0.0224	0.0244	0.0292	0.0141	0.0217	0.0278	0.0179	0.0038	0.0004	0.0237	0.0286	0.0182	0.0159	
0.0405	0.0270	0.0224	0.0222	0.0061	0.0127	0.0090	0.0156	0.0064	0.0055	0.0332	0.0178	0.0203	0.0281	0.0178	0.0059	0.0321	0.0107	0.0268	0.0124	0.0041	0.0281	0.0032	0.0158	0.0194	0.0363	0.0246	0.0028	0.0263	0.0098	0.0297	0.0331	0.0256	0.0037	0.0086	0.0361	0.0225	0.0078	0.0265	0.0296	0.0124	0.0021	0.0186	0.0240	0.0058	0.0002	0.0093	0.0055	0.0043	0.0415	0.0088	0.0200	0.0082	0.0086	0.0175	0.0042	0.0211	0.0059	0.0073	0.0086	
0.0302	0.0057	0.0233	0.0303	0.0129	0.0305	0.0294	0.0139	0.0200	0.0215	0.0208	0.0184	0.0235	0.0274	0.0010	0.0018	0.0113	0.0186	0.0113	0.0162	0.0254	0.0151	0.0260	0.0231	0.0009	0.0077	0.0208	0.0165	0.0210	0.0031	0.0109	0.0180	0.0014	0.0127	0.0040	0.0059	0.0119	0.0194	0.0088	0.0046	0.0080	0.0286	0.0192	0.0177	0.0161	0.0212	0.0336	0.0125	0.0070	0.0171	0.0282	0.0027	0.0283	0.0237	0.0190	0.0065	0.0066	0.0328	0.0404	0.0058	
0.0145	0.0108	0.0280	0.0162	0.0092	0.0014	0.0200	0.0076	0.0278	0.0310	0.0251	0.0232	0.0085	0.0051	0.0080	0.0293	0.0328	0.0171	0.0095	0.0138	0.0104	0.0092	0.0085	0.0059	0.0095	0.0081	0.0227	0.0121	0.0292	0.0320	0.0358	0.0182	0.0213	0.0018	0.0301	0.0316	0.0303	0.0034	0.0089	0.0132	0.0033	0.0235	0.0187	0.0099	0.0264	0.0027	0.0295	0.0261	0.0161	0.0235	0.0098	0.0244	0.0212	0.0179	0.0297	0.0030	0.0008	0.0230	0.0084	0.0010	
0.0156	0.0082	0.0131	0.0309	0.0336	0.0064	0.0022	0.0067	0.0139	0.0134	0.0368	0.0311	0.0093	0.0323	0.0117	0.0255	0.0289	0.0391	0.0174	0.0068	0.0161	0.0005	0.0326	0.0079	0.0218	0.0112	0.0317	0.0065	0.0065	0.0263	0.0311	0.0143	0.0335	0.0072	0.0020	0.0365	0.0122	0.0243	0.0157	0.0202	0.0009	0.0251	0.0091	0.0033	0.0285	0.0179	0.0182	0.0278	0.0080	0.0110	0.0139	0.0013	0.0070	0.0006	0.0231	0.0120	0.0102	0.0049	0.0131	0.0227	
0.0123	0.0312	0.0000	0.0210	0.0142	0.0137	0.0301	0.0013	0.0252	0.0130	0.0094	0.0026	0.0190	0.0247	0.0049	0.0255	0.0239	0.0288	0.0156	0.0036	0.0261	0.0021	0.0249	0.0264	0.0096	0.0274	0.0065	0.0270	0.0177	0.0223	0.0176	0.0062	0.0099	0.0241	0.0078	0.0045	0.0185	0.0171	0.0190	0.0061	0.0167	0.0136	0.0275	0.0261	0.0305	0.0076	0.0147	0.0102	0.0277	0.0298	0.0188	0.0128	0.0191	0.0055	0.0255	0.0073	0.0301	0.0026	0.0135	0.0194	
0.0147	0.0027	0.0183	0.0044	0.0283	0.0020	0.0316	0.0260	0.0250	0.0013	0.0048	0.0065	0.0105	0.0087	0.0193	0.0183	0.0048	0.0085	0.0374	0.0031	0.0157	0.0282	0.0007	0.0232	0.0026	0.0083	0.0205	0.0062	0.0005	0.0408	0.0074	0.0218	0.0069	0.0344	0.0476	0.0209	0.0318	0.0313	0.0003	0.0270	0.0201	0.0297	0.0237	0.0353	0.0291	0.0149	0.0081	0.0163	0.0266	0.0192	0.0062	0.0257	0.0065	0.0098	0.0103	0.0115	0.0011	0.0285	0.0026	0.0226	
0.0189	0.0197	0.0238	0.0207	0.0246	0.0158	0.0336	0.0078	0.0101	0.0031	0.0159	0.0081	0.0058	0.0274	0.0162	0.0215	0.0069	0.0073	0.0289	0.0209	0.0326	0.0046	0.0140	0.0167	0.0248	0.0155	0.0121	0.0296	0.0222	0.0186	0.0147	0.0063	0.0225	0.0119	0.0158	0.0304	0.0266	0.0001	0.0003	0.0062	0.0144	0.0300	0.0026	0.0156	0.0299	0.0271	0.0183	0.0070	0.0241	0.0204	0.0059	0.0250	0.0260	0.0122	0.0188	0.0099	0.0009	0.0047	0.0352	0.0096	
0.0066	0.0023	0.0177	0.0231	0.0204	0.0072	0.0181	0.0228	0.0190	0.0228	0.0287	0.0062	0.0078	0.0223	0.0070	0.0022	0.0029	0.0021	0.0231	0.0293	0.0340	0.0054	0.0058	0.0043	0.0111	0.0243	0.0113	0.0137	0.0264	0.0031	0.0270	0.0286	0.0033	0.0212	0.0035	0.0139	0.0124	0.0105	0.0313	0.0185	0.0131	0.0288	0.0196	0.0016	0.0284	0.0314	0.0222	0.0044	0.0057	0.0223	0.0092	0.0299	0.0166	0.0315	0.0134	0.0251	0.0307	0.0128	0.0191	0.0330	
0.0362	0.0036	0.0308	0.0148	0.0234	0.0249	0.0034	0.0154	0.0209	0.0290	0.0241	0.0222	0.0065	0.0289	0.0157	0.0050	0.0190	0.0074	0.0094	0.0119	0.0013	0.0063	0.0064	0.0084	0.0242	0.0318	0.0106	0.0043	0.0099	0.0046	0.0166	0.0007	0.0269	0.0267	0.0303	0.0098	0.0254	0.0050	0.0099	0.0257	0.0294	0.0033	0.0151	0.0098	0.0285	0.0155	0.0269	0.0178	0.0154	0.0091	0.0127	0.0189	0.0033	0.0008	0.0322	0.0188	0.0298	0.0206	0.0280	0.0269	
0.0193	0.0325	0.0062	0.0142	0.0090	0.0169	0.0267	0.0086	0.0061	0.0079	0.0091	0.0116	0.0289	0.0090	0.0141	0.0309	0.0227	0.0319	0.0121	0.0092	0.0040	0.0225	0.0181	0.0019	0.0215	0.0297	0.0273	0.0271	0.0274	0.0024	0.0129	0.0068	0.0141	0.0130	0.0138	0.0293	0.0251	0.0000	0.0308	0.0073	0.0206	0.0154	0.0089	0.0055	0.0292	0.0292	0.0221	0.0249	0.0173	0.0002	0.0297	0.0252	0.0078	0.0104	0.0215	0.0198	0.0083	0.0042	0.0274	0.0107	
0.0260	0.0338	0.0122	0.0041	0.0278	0.0017	0.0326	0.0154	0.0305	0.0199	0.0019	0.0246	0.0337	0.0039	0.0219	0.0222	0.0181	0.0184	0.0033	0.0251	0.0085	0.0040	0.0117	0.0291	0.0037	0.0200	0.0332	0.0051	0.0243	0.0234	0.0230	0.0270	0.0081	0.0202	0.0205	0.0255	0.0043	0.0062	0.0132	0.0305	0.0028	0.0085	0.0292	0.0329	0.0332	0.0085	0.0310	0.0050	0.0256	0.0027	0.0079	0.0249	0.0015	0.0002	0.0040	0.0191	0.0198	0.0158	0.0008	0.0076	
0.0035	0.0284	0.0242	0.0080	0.0278	0.0083	0.0170	0.0112	0.0193	0.0318	0.0196	0.0091	0.0059	0.0048	0.0183	0.0338	0.0084	0.0155	0.0316	0.0280	0.0241	0.0230	0.0100	0.0190	0.0127	0.0306	0.0222	0.0076	0.0168	0.0354	0.0039	0.0240	0.0045	0.0040	0.0343	0.0110	0.0149	0.0200	0.0014	0.0161	0.0258	0.0174	0.0180	0.0256	0.0183	0.0268	0.0193	0.0332	0.0119	0.0050	0.0105	0.0058	0.0135	0.0049	0.0182	0.0071	0.0114	0.0010	0.0366	0.0001	
0.0212	0.0081	0.0289	0.0182	0.0268	0.0275	0.0059	0.0008	0.0115	0.0121	0.0155	0.0200	0.0119	0.0099	0.0033	0.0067	0.0082	0.0232	0.0031	0.0187	0.0114	0.0268	0.0284	0.0111	0.0235	0.0303	0.0080	0.0001	0.0196	0.0199	0.0004	0.0196	0.0268	0.0011	0.0025	0.0174	0.0195	0.0006	0.0364	0.0255	0.0264	0.0180	0.0178	0.0305	0.0235	0.0249	0.0287	0.0054	0.0020	0.0108	0.0009	0.0213	0.0329	0.0090	0.0213	0.0253	0.0114	0.0190	0.0336	0.0272	
0.0194	0.0047	0.0122	0.0223	0.0105	0.0305	0.0260	0.0103	0.0078	0.0187	0.0189	0.0064	0.0210	0.0089	0.0237	0.0222	0.0104	0.0287	0.0194	0.0294	0.0039	0.0026	0.0270	0.0080	0.0194	0.0109	0.0183	0.0181	0.0105	0.0108	0.0061	0.0046	0.0028	0.0029	0.0072	0.0176	0.0042	0.0224	0.0237	0.0237	0.0327	0.0143	0.0289	0.0124	0.0228	0.0264	0.0302	0.0229	0.0146	0.0285	0.0131	0.0131	0.0279	0.0338	0.0211	0.0156	0.0065	0.0039	0.0078	0.0274	
0.0141	0.0083	0.0335	0.0301	0.0149	0.0145	0.0045	0.0204	0.0037	0.0094	0.0245	0.0192	0.0108	0.0316	0.0335	0.0252	0.0072	0.0189	0.0212	0.0251	0.0172	0.0305	0.0047	0.0158	0.0313	0.0282	0.0104	0.0036	0.0126	0.0279	0.0118	0.0017	0.0177	0.0228	0.0172	0.0277	0.0182	0.0341	0.0013	0.0085	0.0250	0.0113	0.0172	0.0063	0.0093	0.0299	0.0049	0.0330	0.0002	0.0043	0.0103	0.0245	0.0194	0.0175	0.0179	0.0120	0.0020	0.0169	0.0004	0.0238	
0.0091	0.0011	0.0101	0.0145	0.0354	0.0164	0.0019	0.0218	0.0202	0.0113	0.0047	0.0078	0.0234	0.0120	0.0015	0.0085	0.0195	0.0520	0.0105	0.0019	0.0283	0.0130	0.0027	0.0097	0.0142	0.0313	0.0202	0.0011	0.0075	0.0018	0.0203	0.0022	0.0358	0.0147	0.0054	0.0326	0.0028	0.0058	0.0101	0.0196	0.0323	0.0252	0.0145	0.0403	0.0009	0.0025	0.0117	0.0086	0.0213	0.0185	0.0406	0.0025	0.0099	0.0354	0.0028	0.0211	0.0438	0.0344	0.0587	0.0123	
0.0021	0.0005	0.0147	0.0150	0.0213	0.0011	0.0092	0.0036	0.0073	0.0130	0.0026	0.0114	0.0220	0.0177	0.0087	0.0029	0.0350	0.0112	0.0078	0.0141	0.0124	0.0109	0.0228	0.0254	0.0047	0.0187	0.0298	0.0005	0.0095	0.0110	0.0345	0.0044	0.0081	0.0308	0.0208	0.0274	0.0025	0.0334	0.0067	0.0405	0.0333	0.0055	0.0001	0.0026	0.0100	0.0249	0.0126	0.0297	0.0270	0.0314	0.0298	0.0212	0.0296	0.0221	0.0283	0.0323	0.0139	0.0276	0.0110	0.0309	
0.0088	0.0089	0.0271	0.0289	0.0201	0.0286	0.0030	0.0238	0.0308	0.0152	0.0010	0.0310	0.0070	0.0077	0.0178	0.0064	0.0103	0.0178	0.0194	0.0156	0.0093	0.0021	0.0083	0.0106	0.0151	0.0066	0.0121	0.0232	0.0015	0.0305	0.0107	0.0153	0.0196	0.0060	0.0293	0.0209	0.0119	0.0035	0.0161	0.0085	0.0182	0.0207	0.0256	0.0099	0.0309	0.0270	0.0128	0.0169	0.0345	0.0282	0.0155	0.0312	0.0019	0.0281	0.0245	0.0047	0.0335	0.0150	0.0166	0.0144	
0.0235	0.0134	0.0218	0.0015	0.0028	0.0160	0.0120	0.0003	0.0156	0.0314	0.0281	0.0053	0.0002	0.0072	0.0249	0.0223	0.0083	0.0007	0.0121	0.0202	0.0264	0.0232	0.0168	0.0076	0.0125	0.0119	0.0122	0.0237	0.0140	0.0210	0.0207	0.0329	0.0192	0.0012	0.0268	0.0049	0.0240	0.0228	0.0064	0.0096	0.0162	0.0114	0.0003	0.0297	0.0293	0.0081	0.0320	0.0290	0.0328	0.0011	0.0280	0.0272	0.0017	0.0234	0.0193	0.0202	0.0225	0.0141	0.0266	0.0213	
0.0063	0.0300	0.0178	0.0268	0.0106	0.0193	0.0176	0.0286	0.0173	0.0265	0.0325	0.0164	0.0329	0.0013	0.0060	0.0209	0.0297	0.0289	0.0140	0.0038	0.0153	0.0180	0.0240	0.0143	0.0177	0.0307	0.0282	0.0321	0.0145	0.0312	0.0110	0.0113	0.0038	0.0168	0.0075	0.0351	0.0271	0.0045	0.0183	0.0027	0.0234	0.0000	0.0058	0.0069	0.0080	0.0135	0.0026	0.0004	0.0208	0.0067	0.0324	0.0276	0.0031	0.0160	0.0110	0.0121	0.0266	0.0023	0.0081	0.0210	
0.0410	0.0212	0.0182	0.0198	0.0103	0.0104	0.0144	0.0125	0.0288	0.0102	0.0249	0.0238	0.0024	0.0070	0.0114	0.0152	0.0143	0.0261	0.0077	0.0089	0.0243	0.0261	0.0103	0.0074	0.0035	0.0196	0.0125	0.0209	0.0052	0.0237	0.0039	0.0277	0.0306	0.0027	0.0045	0.0089	0.0143	0.0204	0.0321	0.0267	0.0019	0.0246	0.0059	0.0106	0.0195	0.0042	0.0319	0.0335	0.0063	0.0352	0.0061	0.0028	0.0311	0.0329	0.0316	0.0040	0.0061	0.0103	0.0228	0.0251	
0.0356	0.0282	0.0075	0.0060	0.0055	0.0258	0.0270	0.0308	0.0038	0.0042	0.0347	0.0242	0.0298	0.0097	0.0068	0.0333	0.0226	0.0026	0.0240	0.0317	0.0231	0.0148	0.0121	0.0082	0.0144	0.0010	0.0282	0.0012	0.0053	0.0335	0.0019	0.0061	0.0026	0.0025	0.0339	0.0093	0.0144	0.0321	0.0042	0.0190	0.0110	0.0304	0.0236	0.0012	0.0305	0.0120	0.0078	0.0189	0.0238	0.0346	0.0149	0.0033	0.0176	0.0170	0.0025	0.0140	0.0119	0.0310	0.0279	0.0047	
0.0339	0.0214	0.0240	0.0039	0.0018	0.0230	0.0225	0.0227	0.0123	0.0290	0.0156	0.0185	0.0279	0.0010	0.0171	0.0219	0.0226	0.0125	0.0089	0.0030	0.0241	0.0088	0.0086	0.0048	0.0167	0.0266	0.0185	0.0163	0.0001	0.0140	0.0312	0.0186	0.0078	0.0251	0.0229	0.0174	0.0018	0.0178	0.0346	0.0049	0.0225	0.0131	0.0046	0.0195	0.0144	0.0234	0.0048	0.0189	0.0291	0.0089	0.0220	0.0279	0.0194	0.0192	0.0099	0.0201	0.0122	0.0215	0.0215	0.0029	
0.0061	0.0067	0.0265	0.0306	0.0006	0.0270	0.0150	0.0304	0.0129	0.0025	0.0302	0.0032	0.0168	0.0046	0.0129	0.0136	0.0065	0.0246	0.0262	0.0243	0.0301	0.0029	0.0168	0.0217	0.0217	0.0377	0.0299	0.0238	0.0212	0.0382	0.0055	0.0158	0.0001	0.0277	0.0019	0.0203	0.0215	0.0065	0.0267	0.0144	0.0137	0.0070	0.0049	0.0314	0.0192	0.0217	0.0190	0.0180	0.0076	0.0007	0.0179	0.0257	0.0317	0.0296	0.0110	0.0010	0.0186	0.0015	0.0133	0.0010	

Emissions
0.0182	0.2805	0.1347	0.1216	0.4450	
0.1295	0.0533	0.3158	0.0483	0.4530	
0.2471	0.3213	0.2923	0.0642	0.0752	
0.2073	0.3745	0.3432	0.0623	0.0127	
0.2180	0.1658	0.2078	0.2552	0.1532	
0.1865	0.3843	0.0935	0.3296	0.0061	
0.0092	0.2409	0.3493	0.2114	0.1891	
0.2098	0.2385	0.2367	0.2569	0.0581	
0.1560	0.3940	0.1696	0.0983	0.1822	
0.1736	0.2854	0.2267	0.1595	0.1548	
0.0308	0.2639	0.3870	0.0854	0.2329	
0.2636	0.0755	0.2439	0.3079	0.1091	
0.1146	0.2629	0.2856	0.0196	0.3174	
0.2521	0.0280	0.0800	0.2487	0.3912	
0.2798	0.0486	0.2879	0.2858	0.0980	
0.2088	0.0101	0.1004	0.1072	0.5735	
0.1086	0.2266	0.1824	0.2202	0.2622	
0.1131	0.2774	0.2707	0.0413	0.2974	
0.1395	0.0549	0.4165	0.1386	0.2505	
0.2489	0.3634	0.1106	0.1747	0.1024	
0.0979	0.1926	0.2749	0.1822	0.2523	
0.2239	0.2328	0.3237	0.2108	0.0088	
0.3714	0.0144	0.1941	0.4064	0.0137	
0.4916	0.1828	0.0629	0.0873	0.1754	
0.0709	0.2375	0.0305	0.4306	0.2304	
0.1803	0.0939	0.2129	0.1111	0.4018	
0.1776	0.2179	0.2358	0.2442	0.1245	
0.1735	0.2039	0.2035	0.2176	0.2016	
0.1553	0.3344	0.3954	0.0360	0.0788	
0.1421	0.3269	0.0185	0.1394	0.3731	
0.0914	0.3636	0.0489	0.4303	0.0658	
0.0326	0.4403	0.0167	0.3452	0.1652	
0.2121	0.0793	0.2484	0.2827	0.1774	
0.2535	0.1272	0.3083	0.1137	0.1972	
0.0546	0.3448	0.1020	0.1050	0.3935	
0.0672	0.1330	0.2872	0.1673	0.3453	
0.2986	0.0838	0.0744	0.2450	0.2982	
0.1408	0.2096	0.2660	0.1650	0.2186	
0.0091	0.4158	0.1173	0.2682	0.1896	
0.2595	0.1114	0.0390	0.4368	0.1533	
0.0354	0.3087	0.2323	0.2945	0.1290	
0.1901	0.2206	0.3101	0.0531	0.2261	
0.1549	0.3401	0.0933	0.2488	0.1629	
0.1819	0.0172	0.4121	0.0673	0.3216	
0.0626	0.1870	0.3578	0.2370	0.1555	
0.0938	0.1660	0.2379	0.3252	0.1770	
0.1193	0.2025	0.1261	0.2760	0.2761	
0.0038	0.5445	0.2003	0.1762	0.0752	
0.0205	0.2210	0.1945	0.2463	0.3177	
0.0563	0.2192	0.1921	0.0969	0.4355	
0.1162	0.0785	0.2728	0.2840	0.2485	
0.2037	0.2978	0.2480	0.2068	0.0436	
0.0916	0.0879	0.0168	0.3947	0.4090	
0.0478	0.2110	0.2597	0.3496	0.1319	
0.1724	0.2824	0.2284	0.0256	0.2912	
0.2763	0.3136	0.0350	0.3649	0.0102	
0.2647	0.3351	0.0600	0.0285	0.3117	
0.0028	0.3430	0.1998	0.3647	0.0897	
0.0029	0.3197	0.2566	0.0064	0.4145	
0.2299	0.1991	0.2382	0.1078	0.2250	
