DataSet 41
Learner: Baum Welch Learner
Log Likelihood: 68623.2179819565

Number of States: 90
Number of Symbols: 7
Threshold: 0.01

Initial Distribution:
0.0010	0.0041	0.0197	0.0036	0.0056	0.0562	0.0012	0.0051	0.0006	0.0242	0.0038	0.0127	0.0034	0.0148	0.0084	0.0012	0.0026	0.0032	0.0098	0.0056	0.0079	0.0071	0.0017	0.0093	0.0108	0.0006	0.0046	0.0050	0.0002	0.0085	0.1157	0.0014	0.0057	0.0079	0.0046	0.0006	0.0050	0.0050	0.0006	0.0120	0.0078	0.0021	0.0122	0.0044	0.0003	0.0077	0.0130	0.0734	0.0095	0.0069	0.0046	0.0191	0.0277	0.0082	0.0096	0.0105	0.0032	0.0015	0.0172	0.0120	0.0227	0.0105	0.0054	0.0048	0.0026	0.0159	0.0172	0.0054	0.0012	0.0021	0.0028	0.0415	0.0027	0.0057	0.0467	0.0011	0.0357	0.0000	0.0062	0.0020	0.0100	0.0026	0.0004	0.0148	0.0080	0.0047	0.0009	0.0014	0.0277	0.0459	

Transitions:
0.0209	0.0005	0.0160	0.0073	0.0209	0.0151	0.0188	0.0041	0.0208	0.0128	0.0196	0.0182	0.0141	0.0216	0.0068	0.0139	0.0045	0.0022	0.0121	0.0002	0.0152	0.0060	0.0163	0.0095	0.0060	0.0071	0.0150	0.0145	0.0187	0.0166	0.0021	0.0177	0.0160	0.0110	0.0129	0.0027	0.0030	0.0163	0.0180	0.0065	0.0133	0.0166	0.0003	0.0164	0.0124	0.0143	0.0120	0.0014	0.0076	0.0180	0.0054	0.0032	0.0077	0.0177	0.0017	0.0125	0.0051	0.0064	0.0222	0.0150	0.0016	0.0046	0.0062	0.0073	0.0095	0.0203	0.0010	0.0078	0.0102	0.0043	0.0077	0.0070	0.0069	0.0071	0.0074	0.0231	0.0046	0.0214	0.0210	0.0196	0.0174	0.0107	0.0074	0.0019	0.0080	0.0194	0.0080	0.0146	0.0071	0.0158	
0.0216	0.0196	0.0193	0.0045	0.0050	0.0087	0.0122	0.0149	0.0075	0.0115	0.0158	0.0037	0.0130	0.0028	0.0122	0.0261	0.0191	0.0030	0.0111	0.0034	0.0084	0.0050	0.0054	0.0057	0.0180	0.0149	0.0177	0.0038	0.0240	0.0150	0.0068	0.0027	0.0191	0.0107	0.0062	0.0132	0.0105	0.0017	0.0021	0.0194	0.0076	0.0143	0.0154	0.0078	0.0059	0.0169	0.0189	0.0049	0.0131	0.0114	0.0024	0.0053	0.0071	0.0040	0.0139	0.0141	0.0137	0.0165	0.0075	0.0149	0.0137	0.0091	0.0142	0.0163	0.0006	0.0073	0.0041	0.0070	0.0243	0.0006	0.0085	0.0156	0.0004	0.0130	0.0129	0.0233	0.0096	0.0234	0.0011	0.0055	0.0181	0.0117	0.0128	0.0109	0.0089	0.0053	0.0198	0.0131	0.0182	0.0098	
0.0208	0.0190	0.0177	0.0108	0.0057	0.0011	0.0234	0.0204	0.0087	0.0201	0.0129	0.0102	0.0096	0.0133	0.0024	0.0084	0.0060	0.0200	0.0092	0.0166	0.0025	0.0143	0.0113	0.0030	0.0170	0.0063	0.0162	0.0039	0.0083	0.0231	0.0093	0.0085	0.0079	0.0049	0.0034	0.0138	0.0015	0.0113	0.0064	0.0140	0.0166	0.0151	0.0129	0.0049	0.0230	0.0097	0.0260	0.0005	0.0088	0.0033	0.0220	0.0163	0.0081	0.0011	0.0130	0.0033	0.0063	0.0158	0.0155	0.0002	0.0058	0.0212	0.0116	0.0125	0.0032	0.0012	0.0014	0.0074	0.0109	0.0129	0.0050	0.0143	0.0126	0.0174	0.0181	0.0137	0.0037	0.0091	0.0077	0.0111	0.0061	0.0189	0.0177	0.0046	0.0172	0.0169	0.0301	0.0062	0.0154	0.0002	
0.0071	0.0109	0.0196	0.0109	0.0100	0.0004	0.0020	0.0242	0.0032	0.0139	0.0074	0.0171	0.0140	0.0200	0.0258	0.0078	0.0106	0.0190	0.0011	0.0008	0.0258	0.0278	0.0064	0.0057	0.0192	0.0134	0.0012	0.0075	0.0203	0.0119	0.0010	0.0171	0.0155	0.0101	0.0086	0.0240	0.0181	0.0044	0.0091	0.0276	0.0096	0.0071	0.0052	0.0153	0.0047	0.0145	0.0024	0.0155	0.0083	0.0134	0.0077	0.0082	0.0071	0.0137	0.0014	0.0068	0.0049	0.0176	0.0143	0.0212	0.0249	0.0208	0.0045	0.0160	0.0121	0.0153	0.0026	0.0060	0.0161	0.0041	0.0083	0.0060	0.0097	0.0017	0.0127	0.0211	0.0188	0.0144	0.0017	0.0058	0.0114	0.0029	0.0007	0.0057	0.0026	0.0169	0.0073	0.0216	0.0076	0.0008	
0.0153	0.0059	0.0144	0.0132	0.0239	0.0120	0.0031	0.0119	0.0011	0.0131	0.0155	0.0175	0.0085	0.0038	0.0050	0.0012	0.0002	0.0074	0.0003	0.0077	0.0118	0.0129	0.0100	0.0095	0.0080	0.0248	0.0162	0.0235	0.0164	0.0281	0.0031	0.0030	0.0186	0.0123	0.0115	0.0041	0.0168	0.0182	0.0014	0.0196	0.0105	0.0072	0.0127	0.0093	0.0238	0.0181	0.0185	0.0144	0.0005	0.0019	0.0187	0.0011	0.0182	0.0233	0.0141	0.0001	0.0163	0.0062	0.0038	0.0032	0.0173	0.0049	0.0188	0.0030	0.0071	0.0054	0.0208	0.0267	0.0193	0.0015	0.0090	0.0035	0.0056	0.0011	0.0136	0.0082	0.0007	0.0018	0.0148	0.0194	0.0044	0.0245	0.0238	0.0112	0.0039	0.0050	0.0062	0.0157	0.0212	0.0085	
0.0107	0.0102	0.0143	0.0217	0.0009	0.0051	0.0099	0.0091	0.0048	0.0100	0.0163	0.0148	0.0059	0.0213	0.0161	0.0165	0.0219	0.0196	0.0039	0.0055	0.0205	0.0124	0.0115	0.0106	0.0224	0.0021	0.0047	0.0103	0.0240	0.0028	0.0020	0.0009	0.0006	0.0016	0.0141	0.0241	0.0126	0.0063	0.0002	0.0082	0.0163	0.0157	0.0221	0.0049	0.0025	0.0121	0.0143	0.0168	0.0170	0.0147	0.0074	0.0041	0.0185	0.0182	0.0137	0.0187	0.0184	0.0060	0.0002	0.0243	0.0023	0.0002	0.0093	0.0017	0.0055	0.0094	0.0139	0.0049	0.0085	0.0185	0.0008	0.0110	0.0194	0.0205	0.0076	0.0099	0.0161	0.0075	0.0074	0.0109	0.0106	0.0077	0.0148	0.0058	0.0152	0.0218	0.0096	0.0075	0.0109	0.0140	
0.0009	0.0063	0.0066	0.0016	0.0065	0.0225	0.0039	0.0203	0.0012	0.0111	0.0239	0.0101	0.0129	0.0021	0.0164	0.0237	0.0088	0.0291	0.0041	0.0057	0.0008	0.0168	0.0200	0.0133	0.0108	0.0216	0.0142	0.0034	0.0078	0.0122	0.0053	0.0072	0.0146	0.0154	0.0176	0.0233	0.0072	0.0185	0.0121	0.0147	0.0044	0.0246	0.0051	0.0198	0.0220	0.0017	0.0185	0.0091	0.0194	0.0000	0.0126	0.0069	0.0045	0.0062	0.0211	0.0086	0.0096	0.0204	0.0153	0.0114	0.0092	0.0004	0.0126	0.0155	0.0035	0.0109	0.0195	0.0028	0.0115	0.0215	0.0106	0.0120	0.0155	0.0143	0.0009	0.0017	0.0094	0.0011	0.0204	0.0126	0.0042	0.0005	0.0092	0.0086	0.0219	0.0009	0.0020	0.0073	0.0174	0.0065	
0.0098	0.0131	0.0058	0.0018	0.0052	0.0039	0.0112	0.0121	0.0158	0.0051	0.0083	0.0121	0.0018	0.0198	0.0135	0.0256	0.0167	0.0159	0.0045	0.0156	0.0204	0.0071	0.0181	0.0038	0.0052	0.0078	0.0148	0.0031	0.0166	0.0032	0.0058	0.0073	0.0075	0.0004	0.0092	0.0215	0.0054	0.0085	0.0072	0.0188	0.0115	0.0209	0.0077	0.0115	0.0027	0.0154	0.0218	0.0099	0.0177	0.0210	0.0057	0.0089	0.0034	0.0208	0.0101	0.0019	0.0168	0.0021	0.0185	0.0209	0.0130	0.0096	0.0180	0.0122	0.0170	0.0203	0.0044	0.0019	0.0130	0.0176	0.0142	0.0071	0.0082	0.0080	0.0036	0.0261	0.0181	0.0073	0.0016	0.0172	0.0092	0.0009	0.0077	0.0188	0.0189	0.0199	0.0036	0.0065	0.0121	0.0054	
0.0026	0.0041	0.0119	0.0128	0.0061	0.0034	0.0037	0.0168	0.0177	0.0022	0.0106	0.0167	0.0012	0.0000	0.0072	0.0256	0.0025	0.0206	0.0162	0.0094	0.0024	0.0093	0.0003	0.0035	0.0100	0.0120	0.0254	0.0189	0.0166	0.0242	0.0093	0.0169	0.0104	0.0036	0.0142	0.0132	0.0141	0.0176	0.0016	0.0002	0.0151	0.0054	0.0126	0.0171	0.0064	0.0136	0.0207	0.0054	0.0115	0.0206	0.0190	0.0061	0.0099	0.0019	0.0048	0.0143	0.0041	0.0110	0.0206	0.0162	0.0044	0.0053	0.0009	0.0156	0.0054	0.0117	0.0076	0.0212	0.0102	0.0211	0.0023	0.0047	0.0192	0.0176	0.0107	0.0256	0.0146	0.0017	0.0199	0.0247	0.0117	0.0139	0.0088	0.0162	0.0017	0.0100	0.0046	0.0069	0.0178	0.0130	
0.0064	0.0069	0.0203	0.0071	0.0164	0.0100	0.0046	0.0164	0.0134	0.0159	0.0061	0.0012	0.0008	0.0155	0.0200	0.0159	0.0118	0.0191	0.0090	0.0066	0.0171	0.0019	0.0091	0.0020	0.0031	0.0158	0.0151	0.0074	0.0157	0.0229	0.0050	0.0196	0.0169	0.0100	0.0105	0.0188	0.0091	0.0082	0.0183	0.0016	0.0127	0.0003	0.0105	0.0053	0.0193	0.0141	0.0135	0.0135	0.0173	0.0117	0.0195	0.0065	0.0194	0.0147	0.0014	0.0036	0.0164	0.0191	0.0042	0.0034	0.0139	0.0224	0.0015	0.0158	0.0054	0.0044	0.0019	0.0155	0.0030	0.0019	0.0043	0.0028	0.0195	0.0076	0.0114	0.0228	0.0114	0.0058	0.0080	0.0142	0.0028	0.0248	0.0103	0.0039	0.0174	0.0218	0.0283	0.0056	0.0077	0.0061	
0.0203	0.0117	0.0050	0.0181	0.0058	0.0172	0.0186	0.0132	0.0010	0.0082	0.0103	0.0177	0.0124	0.0166	0.0066	0.0197	0.0122	0.0133	0.0159	0.0034	0.0108	0.0119	0.0076	0.0112	0.0002	0.0170	0.0098	0.0182	0.0163	0.0061	0.0045	0.0156	0.0050	0.0190	0.0030	0.0142	0.0163	0.0169	0.0014	0.0170	0.0196	0.0003	0.0034	0.0006	0.0052	0.0058	0.0075	0.0127	0.0196	0.0026	0.0080	0.0066	0.0077	0.0036	0.0175	0.0061	0.0046	0.0151	0.0178	0.0101	0.0073	0.0016	0.0168	0.0160	0.0014	0.0134	0.0134	0.0209	0.0148	0.0156	0.0184	0.0107	0.0137	0.0010	0.0045	0.0121	0.0071	0.0077	0.0072	0.0188	0.0099	0.0153	0.0171	0.0163	0.0176	0.0188	0.0066	0.0015	0.0172	0.0136	
0.0088	0.0051	0.0022	0.0141	0.0109	0.0178	0.0057	0.0075	0.0209	0.0107	0.0157	0.0085	0.0013	0.0035	0.0061	0.0191	0.0160	0.0091	0.0184	0.0069	0.0183	0.0176	0.0060	0.0014	0.0195	0.0136	0.0016	0.0198	0.0205	0.0027	0.0058	0.0103	0.0003	0.0193	0.0064	0.0149	0.0109	0.0178	0.0103	0.0073	0.0046	0.0023	0.0082	0.0153	0.0043	0.0011	0.0152	0.0145	0.0107	0.0021	0.0036	0.0171	0.0033	0.0112	0.0206	0.0108	0.0197	0.0008	0.0139	0.0203	0.0160	0.0072	0.0081	0.0169	0.0026	0.0018	0.0088	0.0057	0.0216	0.0143	0.0042	0.0166	0.0209	0.0119	0.0019	0.0196	0.0085	0.0119	0.0184	0.0219	0.0199	0.0057	0.0092	0.0183	0.0191	0.0100	0.0078	0.0076	0.0184	0.0128	
0.0160	0.0108	0.0061	0.0142	0.0115	0.0171	0.0175	0.0119	0.0171	0.0015	0.0206	0.0078	0.0165	0.0178	0.0227	0.0087	0.0006	0.0164	0.0094	0.0032	0.0012	0.0080	0.0020	0.0164	0.0197	0.0148	0.0171	0.0112	0.0233	0.0193	0.0087	0.0180	0.0061	0.0018	0.0176	0.0199	0.0142	0.0051	0.0196	0.0029	0.0008	0.0220	0.0179	0.0152	0.0094	0.0147	0.0072	0.0100	0.0196	0.0154	0.0112	0.0119	0.0004	0.0159	0.0180	0.0060	0.0081	0.0148	0.0144	0.0001	0.0021	0.0053	0.0114	0.0007	0.0066	0.0103	0.0013	0.0228	0.0260	0.0045	0.0149	0.0147	0.0158	0.0059	0.0016	0.0036	0.0091	0.0087	0.0083	0.0103	0.0060	0.0052	0.0128	0.0053	0.0038	0.0010	0.0278	0.0090	0.0078	0.0097	
0.0066	0.0008	0.0126	0.0206	0.0007	0.0148	0.0070	0.0160	0.0104	0.0129	0.0116	0.0069	0.0132	0.0157	0.0207	0.0174	0.0018	0.0167	0.0123	0.0114	0.0134	0.0013	0.0021	0.0048	0.0137	0.0201	0.0129	0.0072	0.0171	0.0068	0.0094	0.0085	0.0088	0.0041	0.0164	0.0146	0.0031	0.0114	0.0044	0.0045	0.0141	0.0156	0.0174	0.0143	0.0247	0.0217	0.0098	0.0129	0.0062	0.0103	0.0190	0.0030	0.0179	0.0159	0.0214	0.0047	0.0175	0.0085	0.0054	0.0024	0.0038	0.0231	0.0182	0.0046	0.0167	0.0004	0.0158	0.0131	0.0210	0.0060	0.0105	0.0084	0.0114	0.0077	0.0132	0.0233	0.0047	0.0074	0.0051	0.0183	0.0101	0.0193	0.0008	0.0066	0.0057	0.0112	0.0111	0.0114	0.0044	0.0096	
0.0167	0.0154	0.0072	0.0036	0.0007	0.0168	0.0161	0.0114	0.0200	0.0172	0.0015	0.0173	0.0172	0.0001	0.0218	0.0120	0.0135	0.0142	0.0188	0.0207	0.0206	0.0135	0.0022	0.0091	0.0124	0.0072	0.0243	0.0118	0.0192	0.0070	0.0081	0.0007	0.0072	0.0049	0.0124	0.0180	0.0019	0.0071	0.0075	0.0005	0.0035	0.0157	0.0080	0.0068	0.0176	0.0147	0.0193	0.0006	0.0087	0.0165	0.0185	0.0174	0.0161	0.0042	0.0149	0.0025	0.0142	0.0206	0.0114	0.0146	0.0186	0.0043	0.0140	0.0126	0.0064	0.0007	0.0106	0.0151	0.0108	0.0045	0.0073	0.0064	0.0062	0.0190	0.0149	0.0053	0.0049	0.0155	0.0144	0.0239	0.0093	0.0202	0.0043	0.0027	0.0079	0.0134	0.0030	0.0025	0.0105	0.0071	
0.0024	0.0041	0.0193	0.0173	0.0036	0.0233	0.0032	0.0154	0.0218	0.0156	0.0048	0.0043	0.0121	0.0042	0.0104	0.0159	0.0130	0.0243	0.0077	0.0094	0.0202	0.0200	0.0048	0.0126	0.0043	0.0217	0.0247	0.0104	0.0056	0.0183	0.0117	0.0075	0.0037	0.0265	0.0021	0.0052	0.0104	0.0112	0.0161	0.0181	0.0016	0.0129	0.0170	0.0184	0.0202	0.0066	0.0070	0.0010	0.0159	0.0187	0.0021	0.0038	0.0132	0.0015	0.0131	0.0040	0.0228	0.0057	0.0113	0.0045	0.0010	0.0186	0.0105	0.0064	0.0174	0.0174	0.0009	0.0146	0.0022	0.0061	0.0012	0.0006	0.0065	0.0127	0.0073	0.0091	0.0021	0.0065	0.0184	0.0256	0.0151	0.0209	0.0152	0.0098	0.0124	0.0145	0.0135	0.0016	0.0087	0.0152	
0.0057	0.0063	0.0022	0.0139	0.0177	0.0079	0.0029	0.0109	0.0027	0.0196	0.0066	0.0133	0.0181	0.0096	0.0202	0.0018	0.0204	0.0053	0.0146	0.0048	0.0018	0.0146	0.0067	0.0118	0.0112	0.0043	0.0204	0.0000	0.0186	0.0050	0.0031	0.0197	0.0039	0.0049	0.0003	0.0231	0.0221	0.0139	0.0161	0.0195	0.0040	0.0161	0.0037	0.0173	0.0236	0.0282	0.0236	0.0060	0.0141	0.0126	0.0187	0.0070	0.0072	0.0042	0.0205	0.0118	0.0208	0.0161	0.0008	0.0153	0.0098	0.0033	0.0153	0.0199	0.0143	0.0045	0.0102	0.0204	0.0124	0.0005	0.0027	0.0050	0.0118	0.0158	0.0002	0.0138	0.0085	0.0132	0.0161	0.0136	0.0057	0.0139	0.0082	0.0046	0.0089	0.0198	0.0157	0.0000	0.0081	0.0071	
0.0202	0.0073	0.0139	0.0032	0.0097	0.0025	0.0180	0.0052	0.0049	0.0095	0.0119	0.0026	0.0177	0.0137	0.0091	0.0117	0.0186	0.0170	0.0036	0.0087	0.0009	0.0097	0.0182	0.0109	0.0073	0.0001	0.0219	0.0097	0.0095	0.0205	0.0122	0.0102	0.0077	0.0237	0.0035	0.0172	0.0098	0.0059	0.0049	0.0210	0.0118	0.0055	0.0053	0.0057	0.0000	0.0032	0.0122	0.0138	0.0206	0.0190	0.0191	0.0191	0.0155	0.0192	0.0092	0.0089	0.0126	0.0031	0.0166	0.0109	0.0085	0.0104	0.0190	0.0091	0.0134	0.0010	0.0172	0.0004	0.0121	0.0144	0.0174	0.0125	0.0130	0.0060	0.0176	0.0173	0.0041	0.0109	0.0114	0.0067	0.0095	0.0005	0.0115	0.0143	0.0187	0.0167	0.0114	0.0072	0.0106	0.0122	
0.0055	0.0108	0.0124	0.0242	0.0127	0.0024	0.0131	0.0189	0.0128	0.0189	0.0108	0.0129	0.0055	0.0037	0.0021	0.0079	0.0075	0.0159	0.0022	0.0171	0.0059	0.0001	0.0144	0.0123	0.0005	0.0070	0.0217	0.0032	0.0151	0.0244	0.0066	0.0058	0.0113	0.0184	0.0110	0.0108	0.0017	0.0175	0.0191	0.0216	0.0049	0.0110	0.0011	0.0135	0.0215	0.0221	0.0181	0.0099	0.0131	0.0136	0.0138	0.0027	0.0077	0.0180	0.0123	0.0050	0.0206	0.0013	0.0181	0.0063	0.0104	0.0107	0.0042	0.0137	0.0110	0.0045	0.0011	0.0120	0.0211	0.0173	0.0043	0.0153	0.0231	0.0069	0.0090	0.0214	0.0252	0.0017	0.0167	0.0031	0.0131	0.0035	0.0141	0.0004	0.0069	0.0060	0.0175	0.0141	0.0068	0.0044	
0.0142	0.0007	0.0244	0.0124	0.0085	0.0239	0.0067	0.0104	0.0216	0.0140	0.0245	0.0063	0.0172	0.0202	0.0098	0.0256	0.0060	0.0017	0.0095	0.0176	0.0058	0.0198	0.0085	0.0156	0.0147	0.0065	0.0230	0.0029	0.0071	0.0090	0.0059	0.0097	0.0041	0.0133	0.0032	0.0045	0.0114	0.0082	0.0222	0.0159	0.0129	0.0124	0.0026	0.0017	0.0064	0.0085	0.0073	0.0198	0.0184	0.0084	0.0000	0.0224	0.0045	0.0141	0.0002	0.0181	0.0178	0.0091	0.0193	0.0023	0.0022	0.0047	0.0022	0.0156	0.0072	0.0128	0.0011	0.0100	0.0208	0.0049	0.0076	0.0203	0.0042	0.0193	0.0043	0.0177	0.0151	0.0066	0.0102	0.0112	0.0002	0.0222	0.0093	0.0279	0.0075	0.0094	0.0043	0.0108	0.0109	0.0070	
0.0133	0.0061	0.0141	0.0238	0.0136	0.0063	0.0126	0.0103	0.0207	0.0170	0.0086	0.0193	0.0032	0.0100	0.0008	0.0037	0.0170	0.0111	0.0101	0.0071	0.0024	0.0094	0.0191	0.0099	0.0020	0.0049	0.0160	0.0027	0.0107	0.0274	0.0034	0.0103	0.0205	0.0089	0.0163	0.0026	0.0067	0.0071	0.0056	0.0191	0.0041	0.0070	0.0136	0.0125	0.0030	0.0032	0.0192	0.0012	0.0219	0.0046	0.0195	0.0149	0.0035	0.0030	0.0063	0.0023	0.0070	0.0061	0.0177	0.0095	0.0137	0.0098	0.0007	0.0184	0.0111	0.0154	0.0222	0.0223	0.0229	0.0255	0.0188	0.0082	0.0045	0.0146	0.0021	0.0285	0.0169	0.0096	0.0071	0.0270	0.0101	0.0169	0.0044	0.0045	0.0035	0.0115	0.0083	0.0153	0.0025	0.0100	
0.0189	0.0014	0.0111	0.0232	0.0036	0.0170	0.0051	0.0169	0.0030	0.0048	0.0038	0.0195	0.0063	0.0205	0.0084	0.0094	0.0129	0.0146	0.0001	0.0086	0.0059	0.0220	0.0178	0.0168	0.0200	0.0021	0.0049	0.0164	0.0149	0.0012	0.0080	0.0032	0.0138	0.0026	0.0033	0.0201	0.0158	0.0062	0.0090	0.0061	0.0118	0.0019	0.0044	0.0008	0.0206	0.0114	0.0053	0.0029	0.0193	0.0170	0.0189	0.0134	0.0148	0.0137	0.0078	0.0177	0.0036	0.0184	0.0199	0.0016	0.0138	0.0097	0.0021	0.0015	0.0125	0.0204	0.0057	0.0053	0.0230	0.0138	0.0099	0.0063	0.0048	0.0160	0.0141	0.0048	0.0150	0.0193	0.0210	0.0116	0.0176	0.0003	0.0195	0.0195	0.0043	0.0181	0.0074	0.0177	0.0155	0.0050	
0.0136	0.0018	0.0089	0.0073	0.0130	0.0048	0.0227	0.0028	0.0077	0.0178	0.0077	0.0003	0.0059	0.0060	0.0073	0.0144	0.0094	0.0020	0.0177	0.0037	0.0016	0.0061	0.0132	0.0110	0.0042	0.0162	0.0094	0.0050	0.0194	0.0242	0.0095	0.0051	0.0080	0.0145	0.0188	0.0115	0.0208	0.0159	0.0020	0.0114	0.0036	0.0141	0.0115	0.0031	0.0062	0.0238	0.0181	0.0141	0.0124	0.0163	0.0100	0.0056	0.0018	0.0126	0.0060	0.0063	0.0068	0.0226	0.0026	0.0237	0.0164	0.0220	0.0052	0.0112	0.0037	0.0181	0.0121	0.0203	0.0084	0.0187	0.0132	0.0119	0.0270	0.0060	0.0181	0.0126	0.0123	0.0165	0.0059	0.0095	0.0217	0.0170	0.0137	0.0040	0.0088	0.0080	0.0042	0.0124	0.0063	0.0112	
0.0033	0.0017	0.0187	0.0030	0.0187	0.0112	0.0088	0.0239	0.0228	0.0052	0.0078	0.0201	0.0092	0.0170	0.0033	0.0222	0.0067	0.0221	0.0138	0.0193	0.0126	0.0159	0.0133	0.0174	0.0005	0.0026	0.0018	0.0017	0.0029	0.0226	0.0147	0.0156	0.0116	0.0169	0.0176	0.0129	0.0183	0.0186	0.0111	0.0133	0.0013	0.0189	0.0163	0.0013	0.0025	0.0028	0.0063	0.0001	0.0013	0.0142	0.0018	0.0079	0.0056	0.0105	0.0034	0.0107	0.0119	0.0007	0.0022	0.0180	0.0091	0.0087	0.0221	0.0044	0.0088	0.0145	0.0080	0.0202	0.0262	0.0155	0.0225	0.0100	0.0098	0.0013	0.0162	0.0197	0.0002	0.0129	0.0151	0.0255	0.0208	0.0014	0.0005	0.0136	0.0166	0.0107	0.0093	0.0013	0.0114	0.0053	
0.0001	0.0166	0.0141	0.0212	0.0035	0.0116	0.0208	0.0096	0.0164	0.0081	0.0188	0.0080	0.0012	0.0078	0.0160	0.0171	0.0194	0.0053	0.0165	0.0080	0.0096	0.0208	0.0065	0.0036	0.0186	0.0068	0.0064	0.0063	0.0122	0.0232	0.0022	0.0047	0.0063	0.0131	0.0122	0.0032	0.0139	0.0122	0.0193	0.0210	0.0133	0.0126	0.0186	0.0030	0.0035	0.0094	0.0208	0.0079	0.0177	0.0016	0.0110	0.0033	0.0062	0.0017	0.0188	0.0013	0.0087	0.0144	0.0189	0.0186	0.0082	0.0132	0.0192	0.0133	0.0048	0.0088	0.0020	0.0087	0.0210	0.0120	0.0170	0.0084	0.0075	0.0145	0.0085	0.0252	0.0012	0.0051	0.0006	0.0097	0.0063	0.0171	0.0099	0.0082	0.0076	0.0203	0.0196	0.0043	0.0169	0.0075	
0.0174	0.0016	0.0163	0.0001	0.0125	0.0055	0.0143	0.0039	0.0211	0.0141	0.0106	0.0133	0.0169	0.0089	0.0029	0.0024	0.0193	0.0177	0.0109	0.0208	0.0001	0.0051	0.0120	0.0130	0.0117	0.0208	0.0043	0.0128	0.0070	0.0088	0.0098	0.0202	0.0110	0.0062	0.0198	0.0264	0.0168	0.0070	0.0044	0.0083	0.0072	0.0219	0.0084	0.0093	0.0020	0.0223	0.0224	0.0019	0.0076	0.0086	0.0036	0.0059	0.0140	0.0221	0.0146	0.0101	0.0130	0.0027	0.0117	0.0188	0.0014	0.0012	0.0217	0.0138	0.0217	0.0103	0.0012	0.0170	0.0156	0.0054	0.0074	0.0107	0.0136	0.0035	0.0120	0.0032	0.0159	0.0037	0.0114	0.0234	0.0240	0.0016	0.0055	0.0243	0.0033	0.0084	0.0039	0.0095	0.0148	0.0070	
0.0091	0.0141	0.0190	0.0117	0.0066	0.0066	0.0009	0.0163	0.0094	0.0118	0.0171	0.0041	0.0109	0.0017	0.0011	0.0157	0.0166	0.0137	0.0072	0.0098	0.0129	0.0081	0.0131	0.0139	0.0141	0.0204	0.0207	0.0175	0.0091	0.0154	0.0052	0.0101	0.0188	0.0031	0.0184	0.0149	0.0110	0.0184	0.0177	0.0070	0.0013	0.0029	0.0155	0.0177	0.0027	0.0194	0.0106	0.0035	0.0220	0.0106	0.0119	0.0126	0.0038	0.0035	0.0172	0.0007	0.0015	0.0050	0.0166	0.0072	0.0117	0.0037	0.0067	0.0174	0.0051	0.0050	0.0046	0.0106	0.0069	0.0097	0.0203	0.0163	0.0197	0.0012	0.0078	0.0108	0.0126	0.0158	0.0122	0.0245	0.0111	0.0129	0.0171	0.0229	0.0009	0.0146	0.0054	0.0131	0.0067	0.0135	
0.0120	0.0084	0.0044	0.0113	0.0160	0.0161	0.0195	0.0167	0.0134	0.0183	0.0173	0.0002	0.0155	0.0098	0.0125	0.0192	0.0156	0.0036	0.0153	0.0067	0.0068	0.0060	0.0101	0.0175	0.0154	0.0218	0.0029	0.0066	0.0186	0.0146	0.0104	0.0069	0.0023	0.0114	0.0154	0.0142	0.0146	0.0042	0.0044	0.0084	0.0096	0.0192	0.0030	0.0115	0.0091	0.0132	0.0162	0.0079	0.0080	0.0077	0.0206	0.0020	0.0007	0.0199	0.0101	0.0045	0.0153	0.0093	0.0155	0.0204	0.0128	0.0139	0.0179	0.0012	0.0193	0.0035	0.0163	0.0101	0.0156	0.0205	0.0009	0.0107	0.0219	0.0059	0.0119	0.0134	0.0027	0.0001	0.0094	0.0064	0.0050	0.0152	0.0191	0.0090	0.0112	0.0169	0.0088	0.0023	0.0012	0.0091	
0.0208	0.0061	0.0108	0.0100	0.0162	0.0005	0.0200	0.0020	0.0179	0.0015	0.0169	0.0052	0.0182	0.0094	0.0078	0.0101	0.0046	0.0204	0.0043	0.0217	0.0013	0.0195	0.0191	0.0100	0.0149	0.0035	0.0197	0.0104	0.0109	0.0034	0.0126	0.0164	0.0081	0.0240	0.0051	0.0224	0.0017	0.0128	0.0145	0.0188	0.0131	0.0022	0.0068	0.0091	0.0179	0.0003	0.0157	0.0078	0.0046	0.0058	0.0147	0.0127	0.0181	0.0022	0.0143	0.0004	0.0101	0.0015	0.0151	0.0134	0.0089	0.0102	0.0167	0.0127	0.0030	0.0211	0.0213	0.0246	0.0065	0.0138	0.0052	0.0126	0.0047	0.0104	0.0064	0.0282	0.0099	0.0102	0.0188	0.0201	0.0105	0.0040	0.0066	0.0053	0.0111	0.0071	0.0158	0.0050	0.0072	0.0030	
0.0095	0.0008	0.0245	0.0009	0.0094	0.0062	0.0109	0.0163	0.0057	0.0187	0.0041	0.0166	0.0064	0.0175	0.0003	0.0280	0.0097	0.0139	0.0167	0.0147	0.0132	0.0237	0.0068	0.0000	0.0016	0.0050	0.0010	0.0100	0.0020	0.0239	0.0030	0.0147	0.0151	0.0007	0.0040	0.0056	0.0146	0.0029	0.0012	0.0032	0.0129	0.0197	0.0046	0.0013	0.0132	0.0225	0.0228	0.0149	0.0053	0.0122	0.0216	0.0054	0.0114	0.0170	0.0164	0.0089	0.0197	0.0238	0.0251	0.0044	0.0049	0.0018	0.0166	0.0097	0.0129	0.0149	0.0007	0.0064	0.0131	0.0201	0.0075	0.0062	0.0142	0.0161	0.0034	0.0186	0.0171	0.0049	0.0126	0.0078	0.0085	0.0085	0.0044	0.0153	0.0218	0.0212	0.0014	0.0181	0.0087	0.0161	
0.0105	0.0188	0.0028	0.0244	0.0242	0.0034	0.0059	0.0155	0.0171	0.0179	0.0155	0.0110	0.0051	0.0072	0.0051	0.0182	0.0205	0.0176	0.0154	0.0150	0.0141	0.0119	0.0076	0.0148	0.0270	0.0209	0.0126	0.0000	0.0180	0.0115	0.0064	0.0018	0.0279	0.0104	0.0072	0.0158	0.0036	0.0171	0.0159	0.0155	0.0068	0.0014	0.0125	0.0088	0.0113	0.0133	0.0027	0.0098	0.0055	0.0058	0.0050	0.0021	0.0085	0.0102	0.0032	0.0224	0.0062	0.0122	0.0012	0.0019	0.0072	0.0031	0.0036	0.0178	0.0083	0.0087	0.0121	0.0103	0.0010	0.0194	0.0102	0.0031	0.0030	0.0209	0.0059	0.0177	0.0224	0.0233	0.0038	0.0021	0.0136	0.0005	0.0233	0.0039	0.0072	0.0097	0.0237	0.0136	0.0113	0.0074	
0.0042	0.0125	0.0114	0.0124	0.0028	0.0062	0.0174	0.0177	0.0042	0.0162	0.0276	0.0126	0.0129	0.0144	0.0161	0.0015	0.0182	0.0127	0.0010	0.0110	0.0007	0.0094	0.0045	0.0192	0.0076	0.0130	0.0122	0.0189	0.0090	0.0013	0.0118	0.0059	0.0146	0.0143	0.0085	0.0229	0.0129	0.0105	0.0129	0.0016	0.0129	0.0207	0.0125	0.0066	0.0041	0.0255	0.0057	0.0153	0.0109	0.0079	0.0082	0.0029	0.0058	0.0003	0.0097	0.0128	0.0074	0.0137	0.0039	0.0126	0.0131	0.0227	0.0082	0.0028	0.0165	0.0105	0.0164	0.0046	0.0054	0.0170	0.0092	0.0063	0.0209	0.0191	0.0138	0.0014	0.0124	0.0217	0.0152	0.0097	0.0066	0.0145	0.0078	0.0013	0.0133	0.0162	0.0236	0.0114	0.0028	0.0115	
0.0152	0.0014	0.0089	0.0038	0.0084	0.0122	0.0157	0.0123	0.0182	0.0100	0.0050	0.0007	0.0139	0.0147	0.0278	0.0001	0.0077	0.0118	0.0043	0.0084	0.0193	0.0104	0.0127	0.0192	0.0064	0.0026	0.0105	0.0087	0.0154	0.0001	0.0069	0.0212	0.0013	0.0099	0.0060	0.0127	0.0245	0.0173	0.0140	0.0208	0.0082	0.0101	0.0083	0.0055	0.0098	0.0079	0.0233	0.0093	0.0026	0.0172	0.0133	0.0084	0.0132	0.0177	0.0261	0.0024	0.0065	0.0206	0.0191	0.0071	0.0067	0.0046	0.0005	0.0118	0.0167	0.0022	0.0203	0.0088	0.0149	0.0155	0.0014	0.0127	0.0203	0.0043	0.0125	0.0183	0.0019	0.0152	0.0102	0.0270	0.0043	0.0246	0.0073	0.0165	0.0102	0.0040	0.0110	0.0057	0.0110	0.0025	
0.0018	0.0059	0.0223	0.0069	0.0138	0.0078	0.0084	0.0188	0.0107	0.0034	0.0099	0.0129	0.0059	0.0139	0.0146	0.0260	0.0167	0.0124	0.0175	0.0102	0.0000	0.0169	0.0040	0.0219	0.0017	0.0169	0.0217	0.0058	0.0008	0.0200	0.0136	0.0155	0.0152	0.0069	0.0111	0.0215	0.0172	0.0098	0.0117	0.0110	0.0026	0.0069	0.0247	0.0071	0.0201	0.0189	0.0133	0.0158	0.0043	0.0155	0.0100	0.0169	0.0090	0.0002	0.0048	0.0052	0.0017	0.0248	0.0056	0.0249	0.0087	0.0034	0.0176	0.0191	0.0073	0.0130	0.0180	0.0014	0.0014	0.0185	0.0029	0.0046	0.0259	0.0082	0.0076	0.0200	0.0143	0.0237	0.0057	0.0124	0.0042	0.0057	0.0012	0.0093	0.0054	0.0001	0.0070	0.0120	0.0009	0.0049	
0.0172	0.0179	0.0061	0.0159	0.0034	0.0219	0.0121	0.0032	0.0013	0.0214	0.0253	0.0086	0.0123	0.0085	0.0126	0.0054	0.0196	0.0026	0.0129	0.0100	0.0090	0.0049	0.0127	0.0166	0.0159	0.0041	0.0013	0.0079	0.0141	0.0084	0.0059	0.0200	0.0003	0.0211	0.0013	0.0084	0.0214	0.0048	0.0036	0.0074	0.0036	0.0166	0.0168	0.0048	0.0180	0.0204	0.0145	0.0122	0.0196	0.0009	0.0020	0.0025	0.0030	0.0118	0.0201	0.0105	0.0027	0.0133	0.0208	0.0232	0.0191	0.0045	0.0114	0.0160	0.0124	0.0167	0.0090	0.0210	0.0088	0.0052	0.0049	0.0130	0.0246	0.0061	0.0054	0.0203	0.0075	0.0117	0.0027	0.0002	0.0130	0.0094	0.0101	0.0126	0.0047	0.0064	0.0209	0.0074	0.0207	0.0093	
0.0046	0.0102	0.0073	0.0050	0.0099	0.0004	0.0040	0.0006	0.0163	0.0143	0.0093	0.0148	0.0070	0.0142	0.0198	0.0121	0.0044	0.0220	0.0051	0.0030	0.0014	0.0148	0.0076	0.0188	0.0087	0.0129	0.0176	0.0206	0.0123	0.0079	0.0013	0.0212	0.0187	0.0190	0.0008	0.0216	0.0065	0.0152	0.0185	0.0059	0.0101	0.0100	0.0169	0.0069	0.0181	0.0217	0.0003	0.0121	0.0170	0.0176	0.0022	0.0166	0.0035	0.0162	0.0112	0.0107	0.0020	0.0118	0.0169	0.0200	0.0068	0.0057	0.0116	0.0077	0.0117	0.0075	0.0189	0.0148	0.0178	0.0020	0.0014	0.0080	0.0016	0.0231	0.0108	0.0191	0.0149	0.0244	0.0050	0.0155	0.0116	0.0213	0.0043	0.0161	0.0041	0.0048	0.0183	0.0015	0.0052	0.0075	
0.0170	0.0190	0.0208	0.0266	0.0194	0.0055	0.0227	0.0096	0.0188	0.0056	0.0285	0.0085	0.0034	0.0146	0.0199	0.0190	0.0169	0.0062	0.0037	0.0197	0.0140	0.0021	0.0041	0.0052	0.0070	0.0114	0.0002	0.0161	0.0046	0.0123	0.0081	0.0156	0.0061	0.0028	0.0087	0.0049	0.0106	0.0018	0.0008	0.0076	0.0136	0.0108	0.0059	0.0197	0.0174	0.0037	0.0172	0.0087	0.0226	0.0130	0.0095	0.0098	0.0184	0.0090	0.0224	0.0132	0.0145	0.0195	0.0149	0.0120	0.0056	0.0046	0.0049	0.0071	0.0126	0.0044	0.0016	0.0018	0.0076	0.0131	0.0031	0.0158	0.0048	0.0177	0.0026	0.0056	0.0176	0.0070	0.0134	0.0048	0.0172	0.0129	0.0177	0.0143	0.0001	0.0024	0.0206	0.0158	0.0059	0.0123	
0.0125	0.0157	0.0089	0.0156	0.0014	0.0106	0.0055	0.0203	0.0081	0.0062	0.0018	0.0123	0.0055	0.0087	0.0102	0.0186	0.0072	0.0033	0.0057	0.0146	0.0162	0.0094	0.0021	0.0106	0.0153	0.0188	0.0100	0.0120	0.0085	0.0142	0.0055	0.0030	0.0167	0.0094	0.0012	0.0118	0.0065	0.0131	0.0171	0.0139	0.0180	0.0225	0.0207	0.0063	0.0030	0.0045	0.0037	0.0058	0.0051	0.0076	0.0182	0.0136	0.0122	0.0115	0.0031	0.0024	0.0139	0.0241	0.0196	0.0055	0.0029	0.0163	0.0121	0.0161	0.0172	0.0179	0.0175	0.0208	0.0100	0.0234	0.0071	0.0151	0.0097	0.0136	0.0124	0.0216	0.0091	0.0189	0.0079	0.0132	0.0141	0.0003	0.0079	0.0002	0.0155	0.0152	0.0106	0.0040	0.0059	0.0144	
0.0236	0.0093	0.0185	0.0164	0.0122	0.0079	0.0112	0.0040	0.0110	0.0041	0.0127	0.0069	0.0006	0.0062	0.0290	0.0011	0.0077	0.0014	0.0216	0.0099	0.0176	0.0231	0.0137	0.0099	0.0142	0.0034	0.0090	0.0122	0.0010	0.0066	0.0077	0.0145	0.0137	0.0117	0.0048	0.0315	0.0206	0.0214	0.0039	0.0113	0.0080	0.0081	0.0113	0.0045	0.0034	0.0115	0.0268	0.0025	0.0005	0.0185	0.0111	0.0107	0.0077	0.0216	0.0081	0.0251	0.0223	0.0110	0.0240	0.0098	0.0008	0.0281	0.0031	0.0048	0.0155	0.0212	0.0189	0.0182	0.0025	0.0001	0.0013	0.0099	0.0286	0.0121	0.0011	0.0112	0.0096	0.0105	0.0072	0.0063	0.0037	0.0043	0.0116	0.0091	0.0202	0.0006	0.0056	0.0140	0.0025	0.0036	
0.0045	0.0130	0.0200	0.0217	0.0083	0.0087	0.0047	0.0047	0.0110	0.0053	0.0188	0.0074	0.0010	0.0003	0.0168	0.0264	0.0109	0.0233	0.0192	0.0213	0.0126	0.0096	0.0020	0.0163	0.0045	0.0196	0.0098	0.0160	0.0097	0.0188	0.0086	0.0195	0.0108	0.0201	0.0174	0.0119	0.0096	0.0022	0.0012	0.0141	0.0025	0.0049	0.0210	0.0202	0.0118	0.0188	0.0022	0.0081	0.0145	0.0179	0.0116	0.0064	0.0163	0.0028	0.0150	0.0172	0.0112	0.0055	0.0131	0.0118	0.0010	0.0102	0.0182	0.0149	0.0128	0.0159	0.0184	0.0040	0.0055	0.0053	0.0102	0.0090	0.0210	0.0048	0.0148	0.0096	0.0099	0.0026	0.0061	0.0106	0.0167	0.0223	0.0033	0.0136	0.0043	0.0059	0.0019	0.0073	0.0052	0.0006	
0.0210	0.0053	0.0126	0.0114	0.0123	0.0176	0.0093	0.0044	0.0065	0.0157	0.0296	0.0194	0.0056	0.0098	0.0072	0.0020	0.0096	0.0160	0.0060	0.0061	0.0064	0.0079	0.0172	0.0042	0.0140	0.0041	0.0058	0.0044	0.0110	0.0116	0.0116	0.0090	0.0160	0.0044	0.0057	0.0066	0.0193	0.0057	0.0124	0.0023	0.0200	0.0061	0.0188	0.0128	0.0127	0.0245	0.0155	0.0161	0.0067	0.0032	0.0187	0.0094	0.0016	0.0220	0.0177	0.0112	0.0073	0.0081	0.0192	0.0102	0.0100	0.0060	0.0144	0.0195	0.0218	0.0106	0.0224	0.0036	0.0036	0.0009	0.0038	0.0032	0.0275	0.0041	0.0068	0.0006	0.0097	0.0080	0.0160	0.0214	0.0134	0.0122	0.0178	0.0089	0.0134	0.0053	0.0092	0.0139	0.0096	0.0134	
0.0200	0.0108	0.0092	0.0052	0.0121	0.0120	0.0123	0.0176	0.0140	0.0155	0.0216	0.0075	0.0096	0.0046	0.0213	0.0165	0.0081	0.0204	0.0115	0.0130	0.0182	0.0001	0.0090	0.0183	0.0154	0.0197	0.0061	0.0051	0.0066	0.0177	0.0019	0.0004	0.0120	0.0085	0.0017	0.0140	0.0124	0.0136	0.0099	0.0110	0.0067	0.0140	0.0127	0.0139	0.0250	0.0034	0.0189	0.0088	0.0079	0.0186	0.0163	0.0071	0.0054	0.0126	0.0161	0.0174	0.0001	0.0123	0.0077	0.0145	0.0073	0.0075	0.0109	0.0164	0.0121	0.0131	0.0131	0.0044	0.0038	0.0082	0.0174	0.0115	0.0083	0.0001	0.0043	0.0071	0.0054	0.0163	0.0172	0.0155	0.0009	0.0141	0.0162	0.0069	0.0159	0.0137	0.0148	0.0004	0.0116	0.0020	
0.0131	0.0027	0.0093	0.0196	0.0038	0.0024	0.0023	0.0160	0.0027	0.0033	0.0109	0.0158	0.0106	0.0003	0.0230	0.0029	0.0017	0.0088	0.0083	0.0113	0.0134	0.0063	0.0130	0.0160	0.0138	0.0173	0.0127	0.0045	0.0007	0.0261	0.0033	0.0149	0.0118	0.0271	0.0186	0.0199	0.0063	0.0108	0.0185	0.0051	0.0041	0.0142	0.0143	0.0188	0.0058	0.0092	0.0026	0.0182	0.0099	0.0179	0.0147	0.0081	0.0126	0.0031	0.0135	0.0062	0.0130	0.0153	0.0041	0.0088	0.0156	0.0251	0.0173	0.0033	0.0209	0.0189	0.0031	0.0118	0.0046	0.0029	0.0194	0.0118	0.0145	0.0038	0.0073	0.0218	0.0136	0.0165	0.0109	0.0078	0.0169	0.0139	0.0147	0.0061	0.0074	0.0171	0.0009	0.0075	0.0098	0.0109	
0.0070	0.0136	0.0086	0.0112	0.0120	0.0072	0.0202	0.0104	0.0169	0.0097	0.0063	0.0133	0.0117	0.0058	0.0236	0.0030	0.0158	0.0118	0.0170	0.0146	0.0135	0.0175	0.0035	0.0201	0.0122	0.0004	0.0020	0.0081	0.0166	0.0037	0.0137	0.0147	0.0015	0.0176	0.0188	0.0034	0.0026	0.0009	0.0122	0.0011	0.0234	0.0046	0.0239	0.0004	0.0019	0.0035	0.0234	0.0125	0.0068	0.0044	0.0006	0.0140	0.0120	0.0179	0.0209	0.0113	0.0116	0.0119	0.0189	0.0143	0.0051	0.0150	0.0150	0.0150	0.0143	0.0125	0.0123	0.0001	0.0121	0.0176	0.0202	0.0161	0.0247	0.0168	0.0124	0.0096	0.0169	0.0033	0.0178	0.0140	0.0017	0.0117	0.0030	0.0166	0.0023	0.0026	0.0024	0.0041	0.0174	0.0056	
0.0146	0.0131	0.0054	0.0229	0.0184	0.0137	0.0124	0.0046	0.0050	0.0122	0.0169	0.0206	0.0027	0.0103	0.0052	0.0065	0.0141	0.0201	0.0039	0.0109	0.0150	0.0076	0.0159	0.0067	0.0095	0.0145	0.0100	0.0197	0.0110	0.0167	0.0068	0.0048	0.0047	0.0034	0.0042	0.0082	0.0098	0.0159	0.0193	0.0032	0.0189	0.0136	0.0203	0.0051	0.0216	0.0038	0.0089	0.0154	0.0102	0.0182	0.0094	0.0073	0.0009	0.0053	0.0142	0.0058	0.0221	0.0212	0.0119	0.0038	0.0027	0.0189	0.0154	0.0136	0.0031	0.0105	0.0169	0.0005	0.0060	0.0196	0.0168	0.0157	0.0262	0.0015	0.0155	0.0007	0.0078	0.0105	0.0104	0.0097	0.0075	0.0131	0.0092	0.0194	0.0042	0.0018	0.0033	0.0148	0.0103	0.0168	
0.0119	0.0163	0.0115	0.0197	0.0011	0.0035	0.0013	0.0059	0.0021	0.0125	0.0148	0.0085	0.0121	0.0146	0.0036	0.0200	0.0104	0.0280	0.0124	0.0144	0.0213	0.0098	0.0106	0.0035	0.0195	0.0139	0.0019	0.0225	0.0112	0.0020	0.0047	0.0186	0.0117	0.0117	0.0115	0.0018	0.0107	0.0029	0.0007	0.0140	0.0254	0.0062	0.0115	0.0008	0.0302	0.0331	0.0029	0.0016	0.0176	0.0155	0.0178	0.0043	0.0103	0.0248	0.0010	0.0007	0.0056	0.0077	0.0260	0.0161	0.0015	0.0076	0.0203	0.0007	0.0043	0.0171	0.0212	0.0046	0.0017	0.0018	0.0052	0.0064	0.0307	0.0258	0.0143	0.0187	0.0001	0.0123	0.0055	0.0250	0.0109	0.0000	0.0042	0.0234	0.0096	0.0020	0.0081	0.0114	0.0084	0.0091	
0.0222	0.0039	0.0051	0.0125	0.0132	0.0199	0.0117	0.0094	0.0200	0.0045	0.0050	0.0230	0.0003	0.0155	0.0101	0.0118	0.0056	0.0138	0.0062	0.0102	0.0007	0.0192	0.0011	0.0024	0.0032	0.0014	0.0014	0.0216	0.0147	0.0026	0.0089	0.0041	0.0180	0.0188	0.0054	0.0005	0.0022	0.0104	0.0094	0.0210	0.0035	0.0156	0.0148	0.0011	0.0199	0.0139	0.0276	0.0139	0.0138	0.0246	0.0206	0.0180	0.0087	0.0232	0.0106	0.0012	0.0030	0.0025	0.0091	0.0134	0.0177	0.0188	0.0195	0.0185	0.0166	0.0002	0.0027	0.0104	0.0100	0.0092	0.0078	0.0174	0.0029	0.0103	0.0066	0.0110	0.0057	0.0267	0.0104	0.0193	0.0018	0.0115	0.0076	0.0176	0.0059	0.0169	0.0204	0.0174	0.0058	0.0035	
0.0226	0.0000	0.0026	0.0226	0.0046	0.0063	0.0251	0.0168	0.0106	0.0177	0.0091	0.0123	0.0070	0.0032	0.0161	0.0025	0.0193	0.0208	0.0148	0.0176	0.0185	0.0025	0.0147	0.0165	0.0115	0.0072	0.0047	0.0016	0.0158	0.0234	0.0032	0.0043	0.0040	0.0039	0.0109	0.0087	0.0192	0.0045	0.0050	0.0163	0.0093	0.0152	0.0145	0.0126	0.0087	0.0121	0.0042	0.0036	0.0001	0.0039	0.0013	0.0117	0.0082	0.0070	0.0092	0.0192	0.0070	0.0121	0.0109	0.0224	0.0041	0.0173	0.0039	0.0090	0.0109	0.0030	0.0088	0.0020	0.0165	0.0105	0.0102	0.0097	0.0151	0.0242	0.0088	0.0082	0.0108	0.0293	0.0082	0.0208	0.0019	0.0016	0.0016	0.0068	0.0190	0.0119	0.0324	0.0216	0.0176	0.0129	
0.0229	0.0044	0.0156	0.0080	0.0116	0.0165	0.0073	0.0058	0.0072	0.0027	0.0004	0.0024	0.0108	0.0150	0.0174	0.0151	0.0014	0.0120	0.0155	0.0027	0.0069	0.0093	0.0019	0.0132	0.0172	0.0046	0.0203	0.0177	0.0100	0.0005	0.0061	0.0121	0.0054	0.0269	0.0090	0.0060	0.0174	0.0083	0.0072	0.0179	0.0210	0.0053	0.0137	0.0050	0.0248	0.0261	0.0131	0.0086	0.0160	0.0081	0.0082	0.0079	0.0031	0.0151	0.0090	0.0117	0.0026	0.0016	0.0122	0.0077	0.0201	0.0144	0.0188	0.0067	0.0162	0.0104	0.0201	0.0133	0.0062	0.0116	0.0167	0.0133	0.0041	0.0218	0.0039	0.0018	0.0156	0.0205	0.0150	0.0222	0.0155	0.0090	0.0029	0.0027	0.0153	0.0000	0.0092	0.0099	0.0137	0.0161	
0.0029	0.0162	0.0193	0.0004	0.0198	0.0083	0.0099	0.0061	0.0106	0.0093	0.0034	0.0201	0.0034	0.0035	0.0152	0.0187	0.0042	0.0055	0.0102	0.0065	0.0152	0.0055	0.0077	0.0148	0.0131	0.0108	0.0089	0.0138	0.0140	0.0206	0.0012	0.0054	0.0170	0.0093	0.0078	0.0233	0.0150	0.0026	0.0202	0.0161	0.0124	0.0122	0.0085	0.0040	0.0192	0.0172	0.0045	0.0170	0.0106	0.0211	0.0175	0.0031	0.0017	0.0063	0.0029	0.0180	0.0083	0.0055	0.0082	0.0111	0.0008	0.0200	0.0140	0.0144	0.0071	0.0166	0.0012	0.0189	0.0211	0.0159	0.0193	0.0015	0.0063	0.0156	0.0122	0.0043	0.0166	0.0047	0.0199	0.0242	0.0062	0.0093	0.0039	0.0148	0.0197	0.0189	0.0039	0.0102	0.0055	0.0081	
0.0132	0.0113	0.0157	0.0130	0.0160	0.0160	0.0208	0.0146	0.0200	0.0166	0.0168	0.0080	0.0037	0.0158	0.0008	0.0203	0.0194	0.0091	0.0126	0.0197	0.0215	0.0040	0.0054	0.0092	0.0038	0.0148	0.0142	0.0202	0.0173	0.0120	0.0092	0.0091	0.0104	0.0066	0.0037	0.0109	0.0062	0.0154	0.0210	0.0180	0.0047	0.0054	0.0081	0.0019	0.0089	0.0224	0.0043	0.0072	0.0145	0.0054	0.0003	0.0148	0.0004	0.0063	0.0122	0.0077	0.0057	0.0084	0.0068	0.0019	0.0052	0.0239	0.0202	0.0081	0.0028	0.0038	0.0189	0.0224	0.0164	0.0149	0.0079	0.0030	0.0098	0.0173	0.0123	0.0208	0.0154	0.0042	0.0019	0.0073	0.0097	0.0035	0.0067	0.0111	0.0088	0.0190	0.0097	0.0041	0.0152	0.0122	
0.0037	0.0219	0.0092	0.0216	0.0133	0.0053	0.0082	0.0222	0.0232	0.0027	0.0014	0.0057	0.0170	0.0003	0.0207	0.0237	0.0090	0.0063	0.0124	0.0168	0.0120	0.0017	0.0049	0.0011	0.0135	0.0028	0.0141	0.0087	0.0232	0.0066	0.0125	0.0132	0.0033	0.0188	0.0103	0.0110	0.0157	0.0106	0.0034	0.0092	0.0077	0.0199	0.0051	0.0187	0.0063	0.0050	0.0068	0.0059	0.0145	0.0132	0.0116	0.0027	0.0139	0.0222	0.0061	0.0017	0.0164	0.0095	0.0060	0.0115	0.0132	0.0238	0.0212	0.0153	0.0068	0.0084	0.0021	0.0019	0.0152	0.0104	0.0024	0.0179	0.0024	0.0031	0.0075	0.0192	0.0170	0.0075	0.0181	0.0107	0.0181	0.0081	0.0167	0.0086	0.0162	0.0147	0.0255	0.0039	0.0115	0.0067	
0.0153	0.0075	0.0045	0.0171	0.0167	0.0077	0.0195	0.0105	0.0153	0.0154	0.0022	0.0040	0.0153	0.0044	0.0109	0.0148	0.0010	0.0128	0.0122	0.0118	0.0045	0.0096	0.0102	0.0177	0.0153	0.0071	0.0046	0.0128	0.0231	0.0157	0.0070	0.0173	0.0126	0.0031	0.0148	0.0190	0.0161	0.0088	0.0074	0.0207	0.0141	0.0085	0.0130	0.0007	0.0077	0.0138	0.0119	0.0081	0.0182	0.0034	0.0137	0.0072	0.0128	0.0179	0.0043	0.0050	0.0162	0.0087	0.0008	0.0100	0.0040	0.0062	0.0109	0.0186	0.0056	0.0041	0.0127	0.0129	0.0106	0.0162	0.0186	0.0134	0.0044	0.0117	0.0140	0.0217	0.0166	0.0118	0.0105	0.0005	0.0162	0.0165	0.0151	0.0160	0.0013	0.0022	0.0041	0.0130	0.0197	0.0086	
0.0215	0.0069	0.0095	0.0190	0.0163	0.0127	0.0184	0.0154	0.0161	0.0023	0.0282	0.0196	0.0016	0.0052	0.0061	0.0263	0.0041	0.0032	0.0027	0.0071	0.0096	0.0056	0.0157	0.0003	0.0142	0.0132	0.0142	0.0164	0.0188	0.0051	0.0007	0.0006	0.0124	0.0261	0.0151	0.0148	0.0059	0.0063	0.0164	0.0057	0.0007	0.0023	0.0173	0.0089	0.0015	0.0235	0.0158	0.0094	0.0127	0.0023	0.0211	0.0012	0.0091	0.0140	0.0019	0.0138	0.0111	0.0090	0.0043	0.0051	0.0193	0.0025	0.0175	0.0123	0.0012	0.0185	0.0065	0.0037	0.0121	0.0146	0.0177	0.0177	0.0086	0.0184	0.0060	0.0089	0.0086	0.0103	0.0203	0.0213	0.0224	0.0035	0.0035	0.0178	0.0061	0.0212	0.0138	0.0002	0.0195	0.0012	
0.0026	0.0211	0.0039	0.0178	0.0089	0.0239	0.0072	0.0047	0.0091	0.0026	0.0141	0.0108	0.0001	0.0226	0.0103	0.0010	0.0172	0.0183	0.0084	0.0187	0.0045	0.0019	0.0096	0.0077	0.0062	0.0178	0.0279	0.0003	0.0072	0.0019	0.0071	0.0070	0.0068	0.0108	0.0146	0.0220	0.0155	0.0165	0.0120	0.0092	0.0011	0.0079	0.0009	0.0206	0.0096	0.0140	0.0037	0.0059	0.0113	0.0059	0.0059	0.0218	0.0152	0.0027	0.0237	0.0005	0.0126	0.0224	0.0091	0.0168	0.0009	0.0083	0.0245	0.0071	0.0153	0.0060	0.0035	0.0155	0.0088	0.0143	0.0075	0.0011	0.0050	0.0244	0.0151	0.0234	0.0010	0.0135	0.0236	0.0221	0.0153	0.0167	0.0129	0.0016	0.0193	0.0113	0.0137	0.0039	0.0124	0.0109	
0.0070	0.0169	0.0067	0.0215	0.0062	0.0144	0.0088	0.0149	0.0031	0.0017	0.0083	0.0104	0.0178	0.0167	0.0207	0.0047	0.0141	0.0159	0.0088	0.0004	0.0204	0.0209	0.0164	0.0122	0.0000	0.0083	0.0165	0.0153	0.0106	0.0050	0.0086	0.0182	0.0018	0.0153	0.0051	0.0111	0.0128	0.0063	0.0145	0.0200	0.0079	0.0069	0.0083	0.0165	0.0082	0.0018	0.0124	0.0112	0.0030	0.0125	0.0162	0.0176	0.0135	0.0089	0.0124	0.0072	0.0200	0.0165	0.0173	0.0186	0.0014	0.0135	0.0048	0.0171	0.0081	0.0084	0.0092	0.0053	0.0146	0.0099	0.0093	0.0081	0.0003	0.0098	0.0099	0.0157	0.0110	0.0003	0.0050	0.0219	0.0158	0.0212	0.0129	0.0184	0.0085	0.0132	0.0034	0.0109	0.0031	0.0136	
0.0105	0.0189	0.0098	0.0165	0.0177	0.0157	0.0022	0.0099	0.0084	0.0185	0.0177	0.0066	0.0027	0.0139	0.0027	0.0093	0.0181	0.0062	0.0159	0.0169	0.0162	0.0180	0.0083	0.0189	0.0016	0.0031	0.0193	0.0072	0.0097	0.0203	0.0032	0.0166	0.0016	0.0171	0.0185	0.0140	0.0178	0.0041	0.0113	0.0137	0.0099	0.0015	0.0125	0.0054	0.0074	0.0114	0.0177	0.0166	0.0152	0.0020	0.0165	0.0155	0.0115	0.0049	0.0019	0.0100	0.0098	0.0128	0.0141	0.0159	0.0165	0.0185	0.0000	0.0120	0.0129	0.0133	0.0054	0.0107	0.0188	0.0122	0.0084	0.0113	0.0158	0.0029	0.0061	0.0196	0.0050	0.0041	0.0129	0.0149	0.0071	0.0208	0.0117	0.0076	0.0002	0.0070	0.0039	0.0116	0.0119	0.0063	
0.0023	0.0089	0.0123	0.0235	0.0201	0.0174	0.0017	0.0000	0.0154	0.0102	0.0052	0.0069	0.0052	0.0038	0.0169	0.0024	0.0054	0.0142	0.0177	0.0075	0.0046	0.0065	0.0180	0.0013	0.0080	0.0226	0.0031	0.0137	0.0138	0.0092	0.0085	0.0092	0.0172	0.0081	0.0107	0.0002	0.0031	0.0156	0.0056	0.0122	0.0136	0.0080	0.0120	0.0032	0.0128	0.0007	0.0162	0.0076	0.0163	0.0210	0.0026	0.0119	0.0181	0.0054	0.0053	0.0168	0.0122	0.0127	0.0120	0.0222	0.0145	0.0124	0.0094	0.0068	0.0170	0.0154	0.0112	0.0240	0.0198	0.0170	0.0207	0.0091	0.0082	0.0071	0.0128	0.0252	0.0136	0.0182	0.0135	0.0095	0.0064	0.0167	0.0191	0.0156	0.0046	0.0009	0.0105	0.0097	0.0017	0.0108	
0.0115	0.0138	0.0051	0.0079	0.0183	0.0038	0.0211	0.0044	0.0070	0.0145	0.0137	0.0143	0.0144	0.0001	0.0233	0.0168	0.0061	0.0164	0.0115	0.0074	0.0008	0.0163	0.0169	0.0039	0.0130	0.0004	0.0118	0.0153	0.0024	0.0214	0.0049	0.0187	0.0159	0.0005	0.0038	0.0064	0.0049	0.0195	0.0085	0.0103	0.0180	0.0124	0.0095	0.0176	0.0215	0.0144	0.0213	0.0160	0.0149	0.0127	0.0160	0.0132	0.0009	0.0160	0.0147	0.0150	0.0165	0.0015	0.0152	0.0204	0.0133	0.0056	0.0020	0.0102	0.0065	0.0117	0.0176	0.0177	0.0213	0.0161	0.0079	0.0065	0.0066	0.0009	0.0078	0.0124	0.0073	0.0233	0.0076	0.0012	0.0023	0.0144	0.0007	0.0110	0.0011	0.0130	0.0207	0.0026	0.0082	0.0076	
0.0110	0.0037	0.0060	0.0131	0.0176	0.0162	0.0101	0.0196	0.0125	0.0037	0.0190	0.0035	0.0021	0.0226	0.0047	0.0109	0.0096	0.0000	0.0057	0.0033	0.0072	0.0182	0.0144	0.0147	0.0157	0.0020	0.0049	0.0125	0.0095	0.0192	0.0125	0.0147	0.0070	0.0090	0.0056	0.0052	0.0016	0.0142	0.0047	0.0164	0.0003	0.0111	0.0083	0.0042	0.0078	0.0246	0.0119	0.0017	0.0075	0.0144	0.0035	0.0180	0.0172	0.0050	0.0034	0.0131	0.0108	0.0141	0.0190	0.0176	0.0108	0.0240	0.0101	0.0183	0.0080	0.0015	0.0183	0.0177	0.0175	0.0220	0.0077	0.0152	0.0207	0.0115	0.0028	0.0206	0.0091	0.0115	0.0078	0.0204	0.0138	0.0025	0.0049	0.0188	0.0118	0.0194	0.0178	0.0020	0.0044	0.0114	
0.0190	0.0120	0.0221	0.0132	0.0067	0.0025	0.0016	0.0115	0.0221	0.0055	0.0039	0.0165	0.0092	0.0080	0.0079	0.0126	0.0019	0.0094	0.0022	0.0068	0.0039	0.0232	0.0050	0.0247	0.0030	0.0101	0.0154	0.0157	0.0089	0.0127	0.0046	0.0167	0.0130	0.0017	0.0061	0.0247	0.0204	0.0067	0.0059	0.0005	0.0168	0.0004	0.0165	0.0028	0.0196	0.0243	0.0182	0.0184	0.0122	0.0033	0.0217	0.0088	0.0007	0.0225	0.0119	0.0181	0.0064	0.0253	0.0091	0.0227	0.0104	0.0118	0.0030	0.0088	0.0222	0.0092	0.0039	0.0090	0.0022	0.0121	0.0142	0.0174	0.0029	0.0018	0.0108	0.0043	0.0069	0.0026	0.0078	0.0063	0.0164	0.0194	0.0025	0.0048	0.0138	0.0212	0.0194	0.0136	0.0143	0.0098	
0.0142	0.0203	0.0226	0.0087	0.0127	0.0081	0.0202	0.0067	0.0038	0.0057	0.0195	0.0085	0.0181	0.0014	0.0128	0.0016	0.0072	0.0236	0.0075	0.0070	0.0098	0.0037	0.0137	0.0033	0.0042	0.0179	0.0089	0.0219	0.0161	0.0032	0.0135	0.0120	0.0144	0.0162	0.0206	0.0171	0.0186	0.0152	0.0110	0.0043	0.0062	0.0006	0.0236	0.0020	0.0145	0.0086	0.0226	0.0010	0.0167	0.0124	0.0118	0.0151	0.0064	0.0069	0.0018	0.0089	0.0074	0.0188	0.0041	0.0203	0.0230	0.0275	0.0127	0.0015	0.0099	0.0048	0.0156	0.0072	0.0049	0.0201	0.0039	0.0115	0.0122	0.0042	0.0014	0.0104	0.0048	0.0127	0.0144	0.0241	0.0213	0.0073	0.0052	0.0060	0.0135	0.0019	0.0051	0.0074	0.0113	0.0089	
0.0083	0.0029	0.0128	0.0169	0.0045	0.0065	0.0111	0.0183	0.0141	0.0064	0.0182	0.0119	0.0157	0.0176	0.0085	0.0252	0.0054	0.0030	0.0040	0.0134	0.0035	0.0165	0.0026	0.0057	0.0171	0.0155	0.0163	0.0052	0.0101	0.0095	0.0002	0.0039	0.0144	0.0188	0.0098	0.0006	0.0001	0.0127	0.0188	0.0151	0.0177	0.0088	0.0181	0.0059	0.0064	0.0078	0.0106	0.0083	0.0195	0.0137	0.0183	0.0015	0.0042	0.0170	0.0064	0.0111	0.0224	0.0073	0.0192	0.0122	0.0120	0.0070	0.0077	0.0061	0.0059	0.0089	0.0176	0.0030	0.0084	0.0077	0.0207	0.0107	0.0045	0.0095	0.0142	0.0200	0.0157	0.0195	0.0006	0.0142	0.0051	0.0057	0.0071	0.0187	0.0113	0.0192	0.0229	0.0143	0.0093	0.0153	
0.0006	0.0165	0.0200	0.0108	0.0045	0.0141	0.0013	0.0135	0.0006	0.0180	0.0161	0.0070	0.0027	0.0127	0.0181	0.0074	0.0206	0.0220	0.0010	0.0120	0.0144	0.0040	0.0054	0.0071	0.0066	0.0090	0.0224	0.0117	0.0193	0.0111	0.0077	0.0194	0.0135	0.0114	0.0074	0.0072	0.0177	0.0161	0.0054	0.0034	0.0150	0.0104	0.0197	0.0052	0.0030	0.0273	0.0031	0.0166	0.0042	0.0074	0.0010	0.0032	0.0182	0.0220	0.0080	0.0193	0.0108	0.0147	0.0029	0.0223	0.0161	0.0163	0.0180	0.0153	0.0060	0.0126	0.0152	0.0203	0.0064	0.0111	0.0112	0.0030	0.0159	0.0217	0.0157	0.0060	0.0069	0.0006	0.0045	0.0106	0.0053	0.0013	0.0075	0.0113	0.0074	0.0085	0.0278	0.0127	0.0023	0.0084	
0.0175	0.0048	0.0142	0.0080	0.0080	0.0033	0.0142	0.0029	0.0205	0.0099	0.0087	0.0073	0.0103	0.0156	0.0194	0.0236	0.0110	0.0006	0.0019	0.0026	0.0091	0.0078	0.0052	0.0166	0.0114	0.0166	0.0047	0.0060	0.0074	0.0265	0.0093	0.0162	0.0095	0.0186	0.0115	0.0055	0.0105	0.0029	0.0084	0.0116	0.0101	0.0048	0.0007	0.0141	0.0028	0.0229	0.0105	0.0111	0.0137	0.0095	0.0169	0.0167	0.0117	0.0210	0.0001	0.0079	0.0191	0.0212	0.0165	0.0173	0.0179	0.0095	0.0150	0.0016	0.0162	0.0069	0.0153	0.0222	0.0026	0.0119	0.0080	0.0081	0.0145	0.0087	0.0098	0.0064	0.0059	0.0151	0.0125	0.0187	0.0059	0.0149	0.0128	0.0195	0.0029	0.0152	0.0054	0.0086	0.0157	0.0036	
0.0072	0.0138	0.0092	0.0175	0.0160	0.0040	0.0106	0.0222	0.0233	0.0146	0.0030	0.0103	0.0099	0.0008	0.0011	0.0092	0.0080	0.0056	0.0083	0.0164	0.0005	0.0069	0.0046	0.0224	0.0098	0.0080	0.0156	0.0189	0.0225	0.0003	0.0032	0.0016	0.0038	0.0213	0.0064	0.0206	0.0004	0.0173	0.0151	0.0080	0.0156	0.0098	0.0145	0.0192	0.0193	0.0206	0.0027	0.0121	0.0197	0.0188	0.0095	0.0194	0.0055	0.0215	0.0051	0.0218	0.0086	0.0113	0.0062	0.0095	0.0106	0.0152	0.0003	0.0205	0.0101	0.0005	0.0066	0.0165	0.0206	0.0067	0.0068	0.0108	0.0128	0.0001	0.0182	0.0171	0.0130	0.0073	0.0062	0.0166	0.0047	0.0014	0.0217	0.0028	0.0135	0.0049	0.0215	0.0042	0.0144	0.0054	
0.0094	0.0132	0.0126	0.0081	0.0209	0.0041	0.0099	0.0159	0.0121	0.0147	0.0135	0.0097	0.0192	0.0136	0.0122	0.0246	0.0111	0.0066	0.0213	0.0129	0.0072	0.0021	0.0034	0.0140	0.0043	0.0110	0.0142	0.0209	0.0080	0.0069	0.0034	0.0011	0.0002	0.0105	0.0204	0.0203	0.0223	0.0042	0.0028	0.0171	0.0037	0.0246	0.0180	0.0121	0.0043	0.0197	0.0039	0.0072	0.0142	0.0175	0.0178	0.0104	0.0054	0.0006	0.0002	0.0064	0.0097	0.0243	0.0031	0.0101	0.0125	0.0134	0.0081	0.0049	0.0094	0.0090	0.0101	0.0118	0.0184	0.0192	0.0199	0.0058	0.0036	0.0049	0.0085	0.0088	0.0059	0.0139	0.0104	0.0109	0.0066	0.0052	0.0059	0.0129	0.0112	0.0160	0.0206	0.0188	0.0091	0.0111	
0.0073	0.0011	0.0013	0.0161	0.0039	0.0149	0.0139	0.0124	0.0039	0.0159	0.0084	0.0141	0.0141	0.0201	0.0201	0.0125	0.0082	0.0016	0.0113	0.0139	0.0219	0.0181	0.0094	0.0151	0.0026	0.0091	0.0063	0.0173	0.0147	0.0201	0.0097	0.0101	0.0011	0.0020	0.0094	0.0213	0.0049	0.0084	0.0006	0.0160	0.0139	0.0167	0.0078	0.0142	0.0030	0.0160	0.0120	0.0074	0.0158	0.0012	0.0069	0.0142	0.0072	0.0153	0.0142	0.0088	0.0132	0.0085	0.0134	0.0182	0.0079	0.0232	0.0194	0.0090	0.0008	0.0165	0.0141	0.0151	0.0106	0.0013	0.0053	0.0178	0.0010	0.0179	0.0006	0.0070	0.0085	0.0175	0.0128	0.0132	0.0202	0.0201	0.0015	0.0143	0.0095	0.0202	0.0016	0.0054	0.0096	0.0177	
0.0053	0.0175	0.0184	0.0058	0.0086	0.0205	0.0159	0.0191	0.0132	0.0051	0.0215	0.0176	0.0182	0.0139	0.0170	0.0084	0.0132	0.0131	0.0117	0.0068	0.0203	0.0179	0.0160	0.0008	0.0159	0.0096	0.0210	0.0039	0.0168	0.0020	0.0120	0.0066	0.0035	0.0107	0.0181	0.0077	0.0014	0.0138	0.0079	0.0048	0.0090	0.0116	0.0003	0.0061	0.0129	0.0010	0.0182	0.0077	0.0196	0.0018	0.0055	0.0102	0.0107	0.0019	0.0011	0.0071	0.0033	0.0179	0.0081	0.0192	0.0003	0.0166	0.0237	0.0121	0.0085	0.0147	0.0157	0.0119	0.0196	0.0109	0.0055	0.0153	0.0056	0.0100	0.0184	0.0079	0.0136	0.0081	0.0100	0.0213	0.0129	0.0070	0.0057	0.0208	0.0170	0.0057	0.0118	0.0012	0.0068	0.0070	
0.0046	0.0058	0.0085	0.0130	0.0047	0.0134	0.0149	0.0085	0.0212	0.0180	0.0102	0.0061	0.0111	0.0069	0.0201	0.0114	0.0053	0.0044	0.0031	0.0135	0.0127	0.0155	0.0063	0.0115	0.0056	0.0157	0.0064	0.0009	0.0200	0.0049	0.0106	0.0126	0.0039	0.0101	0.0062	0.0291	0.0103	0.0146	0.0054	0.0041	0.0125	0.0107	0.0122	0.0090	0.0133	0.0079	0.0172	0.0007	0.0015	0.0095	0.0015	0.0084	0.0155	0.0134	0.0193	0.0097	0.0204	0.0229	0.0050	0.0125	0.0086	0.0151	0.0119	0.0130	0.0185	0.0128	0.0026	0.0043	0.0008	0.0205	0.0184	0.0095	0.0230	0.0213	0.0155	0.0039	0.0022	0.0215	0.0016	0.0245	0.0188	0.0057	0.0211	0.0082	0.0022	0.0105	0.0178	0.0086	0.0117	0.0117	
0.0018	0.0131	0.0112	0.0150	0.0151	0.0022	0.0210	0.0211	0.0123	0.0161	0.0061	0.0113	0.0004	0.0053	0.0130	0.0156	0.0114	0.0248	0.0134	0.0146	0.0070	0.0014	0.0128	0.0066	0.0124	0.0065	0.0132	0.0036	0.0124	0.0150	0.0010	0.0120	0.0092	0.0053	0.0143	0.0071	0.0010	0.0042	0.0039	0.0156	0.0044	0.0042	0.0068	0.0067	0.0246	0.0094	0.0054	0.0137	0.0185	0.0137	0.0215	0.0124	0.0155	0.0206	0.0119	0.0001	0.0184	0.0053	0.0011	0.0120	0.0090	0.0204	0.0077	0.0011	0.0140	0.0094	0.0209	0.0218	0.0143	0.0058	0.0109	0.0062	0.0203	0.0174	0.0079	0.0046	0.0120	0.0119	0.0104	0.0080	0.0010	0.0229	0.0066	0.0202	0.0121	0.0080	0.0229	0.0093	0.0159	0.0115	
0.0099	0.0173	0.0032	0.0207	0.0080	0.0081	0.0173	0.0051	0.0181	0.0032	0.0064	0.0075	0.0049	0.0115	0.0022	0.0139	0.0193	0.0012	0.0105	0.0072	0.0048	0.0100	0.0135	0.0154	0.0111	0.0115	0.0097	0.0088	0.0122	0.0058	0.0118	0.0057	0.0027	0.0129	0.0177	0.0154	0.0035	0.0009	0.0097	0.0230	0.0065	0.0124	0.0150	0.0066	0.0218	0.0129	0.0125	0.0100	0.0178	0.0205	0.0093	0.0128	0.0060	0.0070	0.0122	0.0232	0.0029	0.0100	0.0058	0.0172	0.0021	0.0069	0.0161	0.0085	0.0063	0.0008	0.0052	0.0103	0.0173	0.0101	0.0073	0.0209	0.0132	0.0093	0.0164	0.0165	0.0191	0.0075	0.0145	0.0178	0.0188	0.0170	0.0130	0.0102	0.0150	0.0023	0.0185	0.0179	0.0041	0.0132	
0.0104	0.0138	0.0170	0.0117	0.0167	0.0003	0.0150	0.0049	0.0171	0.0204	0.0107	0.0026	0.0175	0.0095	0.0120	0.0127	0.0011	0.0186	0.0069	0.0165	0.0055	0.0151	0.0139	0.0105	0.0148	0.0089	0.0182	0.0052	0.0108	0.0065	0.0008	0.0104	0.0050	0.0231	0.0190	0.0155	0.0025	0.0011	0.0111	0.0180	0.0196	0.0094	0.0088	0.0146	0.0086	0.0207	0.0158	0.0027	0.0208	0.0062	0.0011	0.0031	0.0059	0.0076	0.0121	0.0128	0.0217	0.0052	0.0155	0.0093	0.0051	0.0135	0.0136	0.0138	0.0176	0.0183	0.0182	0.0028	0.0119	0.0174	0.0083	0.0172	0.0059	0.0093	0.0176	0.0178	0.0059	0.0204	0.0035	0.0013	0.0156	0.0131	0.0057	0.0070	0.0042	0.0166	0.0038	0.0123	0.0059	0.0038	
0.0157	0.0186	0.0075	0.0045	0.0153	0.0075	0.0194	0.0144	0.0199	0.0094	0.0278	0.0101	0.0117	0.0008	0.0211	0.0016	0.0188	0.0210	0.0085	0.0147	0.0068	0.0008	0.0012	0.0139	0.0133	0.0141	0.0032	0.0064	0.0114	0.0003	0.0083	0.0177	0.0157	0.0067	0.0031	0.0129	0.0145	0.0005	0.0138	0.0095	0.0161	0.0159	0.0016	0.0124	0.0019	0.0051	0.0237	0.0049	0.0080	0.0031	0.0219	0.0049	0.0082	0.0103	0.0204	0.0129	0.0177	0.0169	0.0117	0.0030	0.0044	0.0145	0.0034	0.0168	0.0151	0.0015	0.0140	0.0087	0.0227	0.0097	0.0088	0.0159	0.0040	0.0196	0.0142	0.0179	0.0147	0.0089	0.0117	0.0108	0.0124	0.0201	0.0189	0.0072	0.0007	0.0090	0.0108	0.0049	0.0077	0.0075	
0.0147	0.0208	0.0095	0.0134	0.0057	0.0043	0.0127	0.0046	0.0252	0.0209	0.0119	0.0114	0.0088	0.0190	0.0170	0.0021	0.0028	0.0126	0.0141	0.0047	0.0141	0.0091	0.0012	0.0017	0.0124	0.0101	0.0118	0.0192	0.0211	0.0074	0.0083	0.0079	0.0191	0.0074	0.0150	0.0107	0.0102	0.0126	0.0125	0.0099	0.0018	0.0175	0.0077	0.0104	0.0268	0.0226	0.0088	0.0141	0.0115	0.0213	0.0065	0.0115	0.0144	0.0028	0.0182	0.0036	0.0170	0.0099	0.0010	0.0193	0.0100	0.0148	0.0070	0.0134	0.0058	0.0012	0.0115	0.0017	0.0041	0.0071	0.0129	0.0104	0.0183	0.0022	0.0022	0.0277	0.0024	0.0122	0.0016	0.0123	0.0005	0.0188	0.0044	0.0147	0.0001	0.0200	0.0211	0.0158	0.0121	0.0093	
0.0111	0.0194	0.0101	0.0192	0.0178	0.0074	0.0064	0.0133	0.0074	0.0158	0.0073	0.0058	0.0138	0.0063	0.0063	0.0194	0.0180	0.0129	0.0169	0.0141	0.0009	0.0094	0.0060	0.0086	0.0160	0.0183	0.0128	0.0106	0.0133	0.0097	0.0043	0.0155	0.0095	0.0120	0.0163	0.0166	0.0004	0.0022	0.0047	0.0147	0.0117	0.0095	0.0017	0.0029	0.0059	0.0158	0.0187	0.0114	0.0114	0.0049	0.0192	0.0016	0.0138	0.0137	0.0116	0.0008	0.0142	0.0013	0.0189	0.0188	0.0158	0.0178	0.0216	0.0169	0.0085	0.0098	0.0168	0.0050	0.0124	0.0146	0.0138	0.0127	0.0084	0.0046	0.0026	0.0150	0.0058	0.0030	0.0042	0.0032	0.0186	0.0147	0.0174	0.0085	0.0087	0.0057	0.0177	0.0108	0.0164	0.0105	
0.0245	0.0213	0.0029	0.0104	0.0186	0.0150	0.0105	0.0035	0.0192	0.0112	0.0173	0.0147	0.0068	0.0184	0.0142	0.0037	0.0152	0.0183	0.0174	0.0232	0.0158	0.0142	0.0159	0.0175	0.0267	0.0032	0.0205	0.0109	0.0136	0.0047	0.0100	0.0027	0.0077	0.0132	0.0134	0.0203	0.0151	0.0012	0.0090	0.0078	0.0023	0.0056	0.0095	0.0111	0.0060	0.0049	0.0070	0.0010	0.0185	0.0070	0.0142	0.0039	0.0017	0.0159	0.0023	0.0114	0.0026	0.0080	0.0082	0.0153	0.0017	0.0181	0.0150	0.0088	0.0006	0.0149	0.0091	0.0112	0.0069	0.0196	0.0094	0.0178	0.0075	0.0064	0.0151	0.0117	0.0013	0.0068	0.0116	0.0165	0.0165	0.0190	0.0161	0.0034	0.0118	0.0105	0.0009	0.0091	0.0137	0.0029	
0.0128	0.0058	0.0148	0.0120	0.0040	0.0054	0.0103	0.0005	0.0088	0.0108	0.0212	0.0144	0.0133	0.0025	0.0169	0.0219	0.0149	0.0178	0.0019	0.0123	0.0082	0.0150	0.0132	0.0132	0.0165	0.0079	0.0055	0.0100	0.0148	0.0141	0.0085	0.0022	0.0156	0.0022	0.0029	0.0048	0.0000	0.0128	0.0021	0.0113	0.0175	0.0004	0.0171	0.0001	0.0212	0.0003	0.0204	0.0090	0.0074	0.0151	0.0135	0.0054	0.0032	0.0003	0.0163	0.0144	0.0114	0.0224	0.0136	0.0177	0.0196	0.0001	0.0044	0.0171	0.0167	0.0130	0.0176	0.0151	0.0233	0.0119	0.0190	0.0008	0.0169	0.0093	0.0127	0.0094	0.0132	0.0163	0.0160	0.0219	0.0098	0.0146	0.0030	0.0015	0.0176	0.0071	0.0188	0.0119	0.0061	0.0049	
0.0139	0.0002	0.0031	0.0060	0.0125	0.0164	0.0167	0.0191	0.0027	0.0028	0.0038	0.0032	0.0100	0.0147	0.0182	0.0154	0.0120	0.0158	0.0050	0.0066	0.0181	0.0143	0.0025	0.0137	0.0065	0.0067	0.0164	0.0028	0.0005	0.0122	0.0098	0.0182	0.0069	0.0146	0.0171	0.0220	0.0173	0.0066	0.0155	0.0147	0.0101	0.0203	0.0124	0.0114	0.0202	0.0072	0.0022	0.0069	0.0044	0.0061	0.0162	0.0031	0.0101	0.0185	0.0084	0.0167	0.0174	0.0106	0.0186	0.0068	0.0015	0.0157	0.0172	0.0120	0.0065	0.0027	0.0151	0.0213	0.0205	0.0202	0.0141	0.0042	0.0198	0.0090	0.0123	0.0248	0.0019	0.0109	0.0173	0.0010	0.0039	0.0085	0.0176	0.0140	0.0138	0.0122	0.0087	0.0063	0.0046	0.0004	
0.0008	0.0098	0.0108	0.0136	0.0178	0.0259	0.0013	0.0002	0.0075	0.0138	0.0141	0.0036	0.0128	0.0064	0.0141	0.0141	0.0070	0.0045	0.0035	0.0103	0.0189	0.0091	0.0128	0.0198	0.0025	0.0157	0.0216	0.0041	0.0185	0.0204	0.0140	0.0080	0.0151	0.0230	0.0226	0.0073	0.0157	0.0068	0.0156	0.0198	0.0214	0.0026	0.0030	0.0061	0.0140	0.0012	0.0189	0.0134	0.0037	0.0049	0.0071	0.0042	0.0052	0.0166	0.0058	0.0134	0.0227	0.0139	0.0101	0.0013	0.0045	0.0255	0.0027	0.0135	0.0166	0.0044	0.0115	0.0202	0.0091	0.0078	0.0167	0.0194	0.0145	0.0078	0.0126	0.0175	0.0047	0.0063	0.0088	0.0022	0.0219	0.0022	0.0008	0.0178	0.0101	0.0137	0.0015	0.0157	0.0119	0.0054	
0.0097	0.0062	0.0220	0.0156	0.0150	0.0002	0.0003	0.0121	0.0115	0.0081	0.0176	0.0206	0.0064	0.0194	0.0134	0.0095	0.0149	0.0250	0.0043	0.0131	0.0087	0.0134	0.0035	0.0081	0.0027	0.0021	0.0200	0.0093	0.0045	0.0047	0.0017	0.0116	0.0052	0.0013	0.0201	0.0112	0.0012	0.0182	0.0138	0.0122	0.0137	0.0177	0.0198	0.0003	0.0146	0.0275	0.0203	0.0043	0.0039	0.0024	0.0230	0.0024	0.0152	0.0230	0.0227	0.0177	0.0022	0.0154	0.0120	0.0153	0.0038	0.0169	0.0072	0.0071	0.0052	0.0013	0.0154	0.0073	0.0262	0.0026	0.0062	0.0171	0.0082	0.0145	0.0176	0.0186	0.0158	0.0044	0.0187	0.0037	0.0073	0.0160	0.0054	0.0021	0.0043	0.0224	0.0216	0.0052	0.0037	0.0023	
0.0088	0.0110	0.0089	0.0016	0.0097	0.0013	0.0103	0.0121	0.0192	0.0094	0.0086	0.0123	0.0070	0.0014	0.0228	0.0042	0.0191	0.0034	0.0007	0.0063	0.0252	0.0256	0.0186	0.0091	0.0067	0.0135	0.0120	0.0052	0.0031	0.0075	0.0049	0.0089	0.0027	0.0221	0.0210	0.0233	0.0098	0.0058	0.0059	0.0240	0.0055	0.0089	0.0104	0.0105	0.0237	0.0230	0.0075	0.0038	0.0076	0.0013	0.0044	0.0175	0.0061	0.0206	0.0044	0.0091	0.0191	0.0269	0.0205	0.0222	0.0186	0.0061	0.0099	0.0123	0.0031	0.0255	0.0103	0.0142	0.0079	0.0004	0.0161	0.0134	0.0278	0.0037	0.0007	0.0175	0.0129	0.0077	0.0138	0.0143	0.0073	0.0047	0.0199	0.0022	0.0017	0.0135	0.0016	0.0042	0.0144	0.0081	
0.0025	0.0103	0.0102	0.0113	0.0042	0.0002	0.0004	0.0197	0.0069	0.0165	0.0128	0.0151	0.0164	0.0054	0.0099	0.0177	0.0158	0.0039	0.0193	0.0122	0.0185	0.0092	0.0082	0.0072	0.0113	0.0118	0.0064	0.0051	0.0112	0.0159	0.0108	0.0035	0.0184	0.0209	0.0192	0.0052	0.0018	0.0099	0.0217	0.0005	0.0117	0.0163	0.0008	0.0133	0.0285	0.0142	0.0059	0.0108	0.0163	0.0104	0.0195	0.0186	0.0057	0.0011	0.0144	0.0151	0.0009	0.0040	0.0201	0.0163	0.0161	0.0206	0.0089	0.0148	0.0000	0.0056	0.0178	0.0020	0.0102	0.0047	0.0106	0.0060	0.0053	0.0185	0.0159	0.0037	0.0068	0.0190	0.0070	0.0271	0.0057	0.0137	0.0114	0.0000	0.0151	0.0195	0.0190	0.0150	0.0055	0.0030	
0.0037	0.0223	0.0146	0.0068	0.0061	0.0196	0.0077	0.0073	0.0163	0.0163	0.0209	0.0037	0.0084	0.0120	0.0240	0.0148	0.0176	0.0119	0.0025	0.0104	0.0085	0.0061	0.0187	0.0216	0.0101	0.0061	0.0052	0.0090	0.0238	0.0016	0.0078	0.0215	0.0188	0.0035	0.0013	0.0160	0.0151	0.0214	0.0144	0.0025	0.0183	0.0015	0.0033	0.0132	0.0057	0.0028	0.0036	0.0013	0.0013	0.0052	0.0051	0.0084	0.0168	0.0187	0.0211	0.0206	0.0029	0.0185	0.0200	0.0252	0.0152	0.0254	0.0077	0.0136	0.0059	0.0197	0.0084	0.0063	0.0125	0.0096	0.0195	0.0172	0.0230	0.0001	0.0139	0.0081	0.0025	0.0053	0.0170	0.0088	0.0026	0.0033	0.0073	0.0192	0.0200	0.0015	0.0030	0.0004	0.0063	0.0031	
0.0098	0.0197	0.0025	0.0127	0.0095	0.0162	0.0162	0.0112	0.0074	0.0070	0.0213	0.0169	0.0109	0.0139	0.0085	0.0108	0.0104	0.0172	0.0027	0.0106	0.0155	0.0169	0.0001	0.0106	0.0166	0.0118	0.0123	0.0108	0.0155	0.0054	0.0100	0.0062	0.0164	0.0068	0.0175	0.0210	0.0133	0.0043	0.0098	0.0141	0.0096	0.0121	0.0179	0.0062	0.0148	0.0052	0.0118	0.0114	0.0079	0.0093	0.0115	0.0059	0.0153	0.0149	0.0083	0.0106	0.0205	0.0143	0.0148	0.0210	0.0046	0.0057	0.0153	0.0027	0.0118	0.0075	0.0188	0.0080	0.0197	0.0115	0.0152	0.0048	0.0055	0.0075	0.0007	0.0051	0.0007	0.0159	0.0189	0.0156	0.0001	0.0217	0.0027	0.0060	0.0134	0.0082	0.0115	0.0038	0.0180	0.0056	
0.0216	0.0015	0.0116	0.0154	0.0121	0.0059	0.0192	0.0169	0.0194	0.0022	0.0083	0.0035	0.0168	0.0189	0.0182	0.0077	0.0024	0.0138	0.0145	0.0041	0.0114	0.0073	0.0122	0.0011	0.0209	0.0072	0.0023	0.0109	0.0117	0.0056	0.0001	0.0142	0.0087	0.0105	0.0142	0.0192	0.0175	0.0134	0.0177	0.0156	0.0077	0.0078	0.0203	0.0166	0.0122	0.0226	0.0021	0.0049	0.0134	0.0098	0.0072	0.0172	0.0114	0.0155	0.0213	0.0119	0.0094	0.0125	0.0149	0.0063	0.0040	0.0083	0.0055	0.0121	0.0019	0.0111	0.0161	0.0119	0.0049	0.0010	0.0106	0.0094	0.0188	0.0208	0.0137	0.0057	0.0081	0.0218	0.0138	0.0031	0.0045	0.0213	0.0202	0.0012	0.0190	0.0019	0.0014	0.0124	0.0124	0.0021	
0.0069	0.0075	0.0275	0.0147	0.0138	0.0024	0.0018	0.0079	0.0200	0.0205	0.0033	0.0136	0.0028	0.0149	0.0257	0.0281	0.0051	0.0208	0.0204	0.0151	0.0025	0.0138	0.0165	0.0133	0.0013	0.0117	0.0108	0.0052	0.0173	0.0002	0.0076	0.0000	0.0200	0.0011	0.0176	0.0057	0.0126	0.0034	0.0083	0.0151	0.0026	0.0035	0.0013	0.0180	0.0007	0.0194	0.0198	0.0064	0.0030	0.0021	0.0239	0.0074	0.0158	0.0220	0.0009	0.0148	0.0126	0.0141	0.0135	0.0039	0.0149	0.0284	0.0155	0.0178	0.0059	0.0018	0.0170	0.0027	0.0245	0.0199	0.0094	0.0012	0.0107	0.0054	0.0108	0.0331	0.0094	0.0299	0.0120	0.0136	0.0191	0.0021	0.0019	0.0143	0.0031	0.0052	0.0057	0.0001	0.0001	0.0022	
0.0212	0.0005	0.0144	0.0077	0.0002	0.0049	0.0138	0.0085	0.0200	0.0179	0.0300	0.0133	0.0109	0.0081	0.0235	0.0289	0.0003	0.0199	0.0099	0.0016	0.0030	0.0140	0.0187	0.0008	0.0103	0.0173	0.0238	0.0011	0.0201	0.0007	0.0121	0.0161	0.0019	0.0165	0.0015	0.0112	0.0092	0.0030	0.0056	0.0075	0.0098	0.0065	0.0098	0.0135	0.0214	0.0048	0.0136	0.0115	0.0227	0.0081	0.0056	0.0120	0.0138	0.0220	0.0002	0.0052	0.0018	0.0194	0.0199	0.0108	0.0104	0.0129	0.0170	0.0138	0.0003	0.0033	0.0123	0.0271	0.0118	0.0115	0.0086	0.0214	0.0117	0.0015	0.0097	0.0333	0.0036	0.0109	0.0104	0.0076	0.0026	0.0024	0.0050	0.0082	0.0189	0.0084	0.0018	0.0029	0.0157	0.0126	
0.0058	0.0161	0.0061	0.0198	0.0177	0.0008	0.0124	0.0159	0.0129	0.0092	0.0152	0.0115	0.0085	0.0096	0.0204	0.0077	0.0037	0.0135	0.0082	0.0027	0.0009	0.0150	0.0041	0.0128	0.0065	0.0081	0.0055	0.0082	0.0173	0.0160	0.0013	0.0070	0.0061	0.0090	0.0033	0.0154	0.0126	0.0127	0.0048	0.0114	0.0059	0.0089	0.0178	0.0185	0.0128	0.0122	0.0142	0.0118	0.0087	0.0111	0.0035	0.0084	0.0158	0.0107	0.0189	0.0117	0.0116	0.0162	0.0109	0.0102	0.0151	0.0041	0.0211	0.0175	0.0068	0.0067	0.0058	0.0219	0.0070	0.0055	0.0141	0.0118	0.0081	0.0186	0.0147	0.0158	0.0196	0.0050	0.0011	0.0174	0.0152	0.0122	0.0209	0.0051	0.0097	0.0131	0.0124	0.0155	0.0122	0.0101	
0.0019	0.0195	0.0014	0.0176	0.0161	0.0014	0.0106	0.0191	0.0172	0.0039	0.0070	0.0124	0.0091	0.0034	0.0196	0.0174	0.0025	0.0212	0.0157	0.0033	0.0128	0.0066	0.0110	0.0184	0.0172	0.0077	0.0038	0.0188	0.0110	0.0189	0.0096	0.0102	0.0076	0.0139	0.0032	0.0224	0.0138	0.0135	0.0023	0.0130	0.0038	0.0005	0.0130	0.0145	0.0144	0.0013	0.0017	0.0123	0.0079	0.0214	0.0116	0.0083	0.0025	0.0107	0.0237	0.0168	0.0043	0.0075	0.0011	0.0102	0.0130	0.0142	0.0084	0.0184	0.0081	0.0100	0.0052	0.0196	0.0000	0.0229	0.0015	0.0100	0.0165	0.0227	0.0141	0.0188	0.0152	0.0236	0.0055	0.0142	0.0046	0.0117	0.0086	0.0082	0.0042	0.0046	0.0132	0.0179	0.0153	0.0066	

Emissions
0.1436	0.0462	0.0941	0.0660	0.2971	0.2144	0.1386	
0.1601	0.1347	0.1435	0.1058	0.1138	0.2261	0.1159	
0.1542	0.3191	0.1243	0.0261	0.1383	0.0458	0.1923	
0.2028	0.0065	0.1592	0.0632	0.3434	0.2146	0.0103	
0.2584	0.1041	0.1310	0.0943	0.0259	0.2167	0.1696	
0.1776	0.5899	0.0290	0.0527	0.1269	0.0060	0.0179	
0.0509	0.1064	0.1368	0.0787	0.2137	0.2661	0.1474	
0.0916	0.1803	0.0757	0.1160	0.2277	0.2363	0.0724	
0.1028	0.0646	0.1851	0.0740	0.1615	0.4043	0.0077	
0.1023	0.2051	0.1318	0.0925	0.1095	0.0133	0.3455	
0.0026	0.3349	0.0015	0.0285	0.1711	0.3812	0.0801	
0.1218	0.1888	0.0717	0.1710	0.2258	0.0913	0.1296	
0.2681	0.0564	0.1986	0.1097	0.0429	0.0951	0.2293	
0.1756	0.2208	0.1488	0.0293	0.1948	0.0108	0.2199	
0.0549	0.1612	0.1403	0.0735	0.3284	0.1760	0.0657	
0.1603	0.0550	0.0632	0.0081	0.2191	0.2992	0.1951	
0.2116	0.0543	0.1328	0.1128	0.0602	0.2403	0.1879	
0.0530	0.1861	0.1321	0.0205	0.4048	0.1433	0.0602	
0.0070	0.0824	0.2440	0.1423	0.3682	0.0777	0.0785	
0.0135	0.2310	0.1109	0.1243	0.3894	0.0932	0.0378	
0.2289	0.1710	0.1384	0.1031	0.1076	0.2002	0.0508	
0.1830	0.1248	0.1376	0.1078	0.2901	0.1419	0.0148	
0.3065	0.0145	0.0654	0.1375	0.1839	0.0315	0.2607	
0.0031	0.1526	0.0865	0.1484	0.2967	0.1352	0.1775	
0.1529	0.0501	0.2888	0.1195	0.1843	0.1189	0.0856	
0.0347	0.1890	0.1047	0.0473	0.1463	0.3466	0.1313	
0.2556	0.1325	0.0476	0.0449	0.3879	0.0712	0.0602	
0.1861	0.0631	0.1776	0.0722	0.0693	0.1333	0.2983	
0.0176	0.0773	0.2012	0.0786	0.2391	0.3776	0.0086	
0.0424	0.2136	0.0142	0.0276	0.3504	0.1656	0.1862	
0.0151	0.4250	0.0795	0.4349	0.0254	0.0039	0.0162	
0.2531	0.0383	0.0806	0.0875	0.1308	0.1604	0.2492	
0.3675	0.0627	0.3371	0.0527	0.0008	0.1285	0.0506	
0.1847	0.3191	0.0028	0.0040	0.1662	0.1282	0.1950	
0.2444	0.0567	0.0406	0.1527	0.1661	0.1625	0.1770	
0.1766	0.1257	0.1147	0.0096	0.1360	0.4041	0.0333	
0.0535	0.1613	0.3303	0.0241	0.1440	0.1273	0.1596	
0.1215	0.0242	0.1953	0.1543	0.2197	0.1740	0.1111	
0.1939	0.0856	0.1824	0.0742	0.2913	0.1577	0.0149	
0.1995	0.0742	0.1541	0.1402	0.2955	0.0548	0.0816	
0.2039	0.1884	0.0286	0.1226	0.2284	0.0036	0.2244	
0.1978	0.0777	0.2112	0.0315	0.1419	0.1887	0.1511	
0.0220	0.0923	0.0014	0.1684	0.3951	0.0443	0.2765	
0.0456	0.2479	0.1307	0.1215	0.3677	0.0315	0.0551	
0.0017	0.1571	0.0242	0.0224	0.3008	0.3096	0.1843	
0.1136	0.2417	0.0402	0.0087	0.1886	0.1662	0.2410	
0.0191	0.2834	0.0751	0.0468	0.2724	0.1049	0.1983	
0.0013	0.4866	0.0086	0.3293	0.0323	0.0230	0.1189	
0.1631	0.1839	0.0087	0.1141	0.2990	0.0931	0.1380	
0.0737	0.2149	0.1617	0.0597	0.2071	0.1575	0.1254	
0.1055	0.2384	0.1616	0.0560	0.1637	0.2705	0.0043	
0.1741	0.3645	0.0772	0.1425	0.1950	0.0463	0.0004	
0.0203	0.0807	0.1130	0.2990	0.2260	0.0379	0.2231	
0.0320	0.0950	0.0420	0.1639	0.1835	0.1406	0.3431	
0.0378	0.1711	0.1708	0.0461	0.3428	0.0844	0.1471	
0.0220	0.1074	0.1550	0.1943	0.2819	0.1525	0.0869	
0.2171	0.2200	0.0581	0.0694	0.1210	0.2329	0.0816	
0.1611	0.1396	0.1159	0.0134	0.1711	0.2998	0.0990	
0.1498	0.2733	0.1512	0.0268	0.2328	0.0456	0.1205	
0.0831	0.1431	0.0674	0.0895	0.2917	0.0844	0.2408	
0.1682	0.3141	0.0188	0.1779	0.2092	0.0523	0.0597	
0.1150	0.3199	0.0206	0.0005	0.2711	0.1206	0.1522	
0.3007	0.0995	0.0379	0.0828	0.2515	0.0752	0.1523	
0.1256	0.1999	0.1026	0.1201	0.1113	0.2253	0.1152	
0.0794	0.2484	0.1887	0.0492	0.1023	0.1045	0.2275	
0.2349	0.2470	0.0490	0.1743	0.2167	0.0251	0.0530	
0.1523	0.2380	0.0217	0.1687	0.2117	0.1270	0.0807	
0.0745	0.1465	0.0046	0.1168	0.1836	0.2656	0.2084	
0.0393	0.1595	0.0018	0.0554	0.3310	0.3598	0.0532	
0.2655	0.0363	0.1320	0.0687	0.1074	0.2871	0.1030	
0.2143	0.2637	0.1547	0.0122	0.0526	0.1153	0.1872	
0.0059	0.2373	0.2316	0.1751	0.3119	0.0051	0.0332	
0.1685	0.2362	0.0189	0.0019	0.2858	0.1308	0.1579	
0.2098	0.0551	0.0619	0.1339	0.0867	0.2146	0.2379	
0.1475	0.3373	0.1385	0.1894	0.0745	0.0074	0.1054	
0.1033	0.1138	0.0819	0.0232	0.1646	0.4568	0.0565	
0.0291	0.0153	0.2336	0.3162	0.3417	0.0046	0.0595	
0.0350	0.1000	0.0773	0.0464	0.1631	0.3389	0.2392	
0.2048	0.1593	0.0664	0.1366	0.1315	0.1875	0.1138	
0.1786	0.0974	0.0046	0.0585	0.3255	0.2171	0.1182	
0.1463	0.2196	0.1451	0.0650	0.1845	0.0768	0.1627	
0.0312	0.1008	0.1500	0.0504	0.3390	0.2161	0.1123	
0.0262	0.0318	0.2386	0.0934	0.1625	0.3066	0.1409	
0.1323	0.2629	0.0334	0.1373	0.2910	0.0945	0.0486	
0.1405	0.2742	0.0529	0.1372	0.1124	0.1772	0.1056	
0.1238	0.1201	0.1706	0.0983	0.1047	0.2279	0.1548	
0.0180	0.1267	0.0952	0.0495	0.0039	0.4380	0.2688	
0.1960	0.0196	0.3635	0.1586	0.1642	0.0877	0.0104	
0.0013	0.2875	0.1254	0.1605	0.2355	0.0643	0.1256	
0.1293	0.3470	0.1620	0.2273	0.0053	0.0062	0.1229	
