DataSet 41
Learner: Baum Welch Learner
Log Likelihood: 68642.1845857244

Number of States: 80
Number of Symbols: 7
Threshold: 0.01

Initial Distribution:
0.0800	0.0042	0.0078	0.0031	0.0027	0.0003	0.0005	0.0045	0.0103	0.0057	0.0011	0.0030	0.0051	0.0191	0.0020	0.0143	0.0276	0.0197	0.0076	0.0076	0.0113	0.0239	0.0080	0.0012	0.0019	0.0179	0.0342	0.0123	0.0201	0.0233	0.0013	0.0005	0.0499	0.0102	0.0005	0.0086	0.0004	0.0070	0.0284	0.0227	0.0002	0.0084	0.0410	0.0013	0.0036	0.0205	0.0047	0.0015	0.0046	0.0016	0.0024	0.0025	0.0003	0.0464	0.0094	0.0140	0.0201	0.0113	0.0264	0.0191	0.0014	0.0014	0.0407	0.0355	0.0043	0.0169	0.0145	0.0221	0.0034	0.0280	0.0307	0.0003	0.0137	0.0051	0.0002	0.0004	0.0009	0.0003	0.0088	0.0224	

Transitions:
0.0080	0.0172	0.0148	0.0140	0.0079	0.0213	0.0330	0.0012	0.0065	0.0063	0.0093	0.0075	0.0374	0.0026	0.0240	0.0146	0.0158	0.0387	0.0226	0.0070	0.0008	0.0025	0.0022	0.0118	0.0226	0.0010	0.0068	0.0039	0.0087	0.0158	0.0199	0.0189	0.0116	0.0272	0.0089	0.0071	0.0186	0.0143	0.0088	0.0119	0.0227	0.0143	0.0048	0.0264	0.0048	0.0081	0.0031	0.0150	0.0035	0.0108	0.0156	0.0022	0.0078	0.0059	0.0150	0.0081	0.0138	0.0196	0.0135	0.0087	0.0163	0.0256	0.0078	0.0118	0.0117	0.0186	0.0054	0.0166	0.0305	0.0052	0.0005	0.0090	0.0123	0.0040	0.0179	0.0142	0.0154	0.0089	0.0066	0.0053	
0.0204	0.0203	0.0001	0.0046	0.0038	0.0166	0.0171	0.0134	0.0061	0.0247	0.0156	0.0260	0.0169	0.0018	0.0078	0.0059	0.0030	0.0146	0.0096	0.0126	0.0011	0.0029	0.0195	0.0257	0.0087	0.0081	0.0142	0.0046	0.0043	0.0087	0.0187	0.0083	0.0126	0.0152	0.0082	0.0228	0.0171	0.0076	0.0140	0.0164	0.0060	0.0227	0.0188	0.0032	0.0237	0.0045	0.0141	0.0116	0.0273	0.0054	0.0092	0.0004	0.0016	0.0236	0.0047	0.0322	0.0187	0.0055	0.0185	0.0193	0.0036	0.0123	0.0087	0.0222	0.0058	0.0120	0.0081	0.0287	0.0153	0.0109	0.0103	0.0291	0.0079	0.0162	0.0068	0.0051	0.0089	0.0268	0.0061	0.0047	
0.0066	0.0033	0.0083	0.0250	0.0007	0.0143	0.0065	0.0232	0.0125	0.0145	0.0036	0.0212	0.0140	0.0152	0.0163	0.0151	0.0092	0.0214	0.0280	0.0025	0.0292	0.0178	0.0181	0.0111	0.0189	0.0091	0.0168	0.0119	0.0113	0.0217	0.0168	0.0010	0.0164	0.0145	0.0037	0.0011	0.0030	0.0078	0.0197	0.0104	0.0068	0.0144	0.0112	0.0064	0.0059	0.0168	0.0110	0.0118	0.0036	0.0121	0.0140	0.0123	0.0212	0.0021	0.0092	0.0235	0.0068	0.0172	0.0039	0.0128	0.0249	0.0257	0.0053	0.0099	0.0232	0.0026	0.0142	0.0213	0.0130	0.0102	0.0166	0.0055	0.0014	0.0071	0.0293	0.0122	0.0055	0.0194	0.0076	0.0003	
0.0017	0.0053	0.0062	0.0256	0.0080	0.0031	0.0077	0.0240	0.0069	0.0061	0.0139	0.0117	0.0039	0.0065	0.0242	0.0127	0.0063	0.0001	0.0079	0.0023	0.0030	0.0115	0.0001	0.0185	0.0215	0.0096	0.0082	0.0151	0.0067	0.0223	0.0215	0.0232	0.0082	0.0041	0.0116	0.0166	0.0113	0.0076	0.0046	0.0173	0.0250	0.0223	0.0130	0.0101	0.0268	0.0066	0.0012	0.0174	0.0162	0.0109	0.0006	0.0070	0.0081	0.0050	0.0221	0.0212	0.0041	0.0174	0.0021	0.0186	0.0190	0.0229	0.0136	0.0063	0.0134	0.0233	0.0234	0.0241	0.0198	0.0013	0.0213	0.0009	0.0225	0.0124	0.0062	0.0085	0.0205	0.0231	0.0227	0.0125	
0.0057	0.0151	0.0211	0.0206	0.0226	0.0106	0.0132	0.0057	0.0064	0.0203	0.0116	0.0258	0.0040	0.0074	0.0009	0.0028	0.0051	0.0064	0.0216	0.0169	0.0092	0.0020	0.0229	0.0122	0.0093	0.0207	0.0088	0.0234	0.0229	0.0135	0.0224	0.0139	0.0144	0.0120	0.0092	0.0046	0.0161	0.0157	0.0069	0.0185	0.0114	0.0167	0.0158	0.0249	0.0150	0.0009	0.0199	0.0094	0.0105	0.0019	0.0002	0.0133	0.0186	0.0010	0.0055	0.0084	0.0126	0.0092	0.0094	0.0202	0.0030	0.0182	0.0051	0.0129	0.0218	0.0233	0.0032	0.0144	0.0193	0.0200	0.0082	0.0156	0.0007	0.0187	0.0084	0.0184	0.0094	0.0003	0.0238	0.0086	
0.0011	0.0239	0.0107	0.0227	0.0143	0.0078	0.0247	0.0200	0.0070	0.0017	0.0148	0.0133	0.0054	0.0064	0.0231	0.0130	0.0081	0.0009	0.0261	0.0110	0.0279	0.0053	0.0124	0.0122	0.0184	0.0084	0.0102	0.0270	0.0154	0.0123	0.0278	0.0161	0.0070	0.0015	0.0230	0.0068	0.0056	0.0076	0.0007	0.0097	0.0053	0.0099	0.0075	0.0272	0.0075	0.0207	0.0120	0.0131	0.0011	0.0096	0.0029	0.0101	0.0005	0.0083	0.0145	0.0188	0.0073	0.0164	0.0032	0.0044	0.0257	0.0294	0.0201	0.0134	0.0025	0.0250	0.0219	0.0033	0.0108	0.0120	0.0141	0.0043	0.0001	0.0087	0.0104	0.0177	0.0224	0.0207	0.0070	0.0188	
0.0004	0.0185	0.0182	0.0054	0.0099	0.0139	0.0176	0.0239	0.0125	0.0223	0.0162	0.0128	0.0039	0.0183	0.0175	0.0084	0.0078	0.0095	0.0184	0.0058	0.0214	0.0048	0.0032	0.0112	0.0204	0.0189	0.0066	0.0162	0.0033	0.0002	0.0011	0.0197	0.0087	0.0078	0.0036	0.0044	0.0006	0.0176	0.0067	0.0104	0.0101	0.0002	0.0114	0.0162	0.0234	0.0022	0.0215	0.0034	0.0176	0.0223	0.0013	0.0100	0.0227	0.0197	0.0180	0.0194	0.0116	0.0097	0.0073	0.0088	0.0058	0.0258	0.0163	0.0104	0.0203	0.0018	0.0219	0.0174	0.0152	0.0102	0.0067	0.0189	0.0055	0.0062	0.0234	0.0292	0.0141	0.0160	0.0152	0.0145	
0.0156	0.0050	0.0211	0.0054	0.0250	0.0156	0.0251	0.0136	0.0133	0.0095	0.0131	0.0172	0.0092	0.0214	0.0076	0.0122	0.0040	0.0008	0.0202	0.0155	0.0036	0.0045	0.0109	0.0065	0.0127	0.0083	0.0023	0.0170	0.0020	0.0204	0.0054	0.0019	0.0162	0.0135	0.0093	0.0020	0.0000	0.0141	0.0150	0.0032	0.0053	0.0113	0.0068	0.0076	0.0280	0.0163	0.0060	0.0078	0.0271	0.0114	0.0194	0.0179	0.0173	0.0226	0.0154	0.0225	0.0143	0.0176	0.0147	0.0133	0.0143	0.0076	0.0106	0.0143	0.0040	0.0127	0.0204	0.0199	0.0094	0.0047	0.0114	0.0178	0.0110	0.0150	0.0113	0.0174	0.0220	0.0066	0.0094	0.0184	
0.0014	0.0208	0.0141	0.0148	0.0028	0.0127	0.0088	0.0220	0.0236	0.0153	0.0096	0.0086	0.0210	0.0007	0.0145	0.0211	0.0006	0.0125	0.0035	0.0068	0.0243	0.0124	0.0196	0.0195	0.0197	0.0036	0.0033	0.0026	0.0104	0.0225	0.0245	0.0115	0.0062	0.0181	0.0100	0.0223	0.0132	0.0179	0.0128	0.0110	0.0048	0.0223	0.0205	0.0197	0.0225	0.0035	0.0144	0.0089	0.0024	0.0135	0.0149	0.0067	0.0014	0.0017	0.0240	0.0152	0.0179	0.0189	0.0155	0.0216	0.0108	0.0066	0.0106	0.0213	0.0151	0.0226	0.0004	0.0033	0.0107	0.0169	0.0072	0.0063	0.0026	0.0126	0.0024	0.0229	0.0157	0.0021	0.0012	0.0177	
0.0071	0.0206	0.0210	0.0201	0.0077	0.0146	0.0112	0.0058	0.0194	0.0233	0.0000	0.0234	0.0027	0.0125	0.0023	0.0241	0.0094	0.0163	0.0038	0.0159	0.0037	0.0122	0.0161	0.0100	0.0064	0.0072	0.0025	0.0121	0.0213	0.0005	0.0254	0.0205	0.0125	0.0183	0.0097	0.0154	0.0047	0.0139	0.0155	0.0187	0.0144	0.0184	0.0053	0.0171	0.0213	0.0090	0.0026	0.0107	0.0137	0.0040	0.0096	0.0237	0.0211	0.0052	0.0141	0.0272	0.0174	0.0146	0.0104	0.0195	0.0133	0.0255	0.0058	0.0167	0.0220	0.0047	0.0021	0.0052	0.0027	0.0077	0.0144	0.0269	0.0046	0.0040	0.0054	0.0089	0.0053	0.0053	0.0156	0.0168	
0.0024	0.0152	0.0269	0.0192	0.0146	0.0032	0.0248	0.0138	0.0050	0.0114	0.0266	0.0212	0.0009	0.0137	0.0099	0.0087	0.0092	0.0093	0.0198	0.0102	0.0105	0.0235	0.0106	0.0036	0.0090	0.0111	0.0165	0.0242	0.0005	0.0072	0.0202	0.0180	0.0170	0.0181	0.0169	0.0348	0.0207	0.0102	0.0041	0.0115	0.0071	0.0136	0.0003	0.0184	0.0109	0.0015	0.0274	0.0088	0.0158	0.0104	0.0149	0.0204	0.0093	0.0051	0.0171	0.0074	0.0040	0.0149	0.0085	0.0032	0.0141	0.0034	0.0105	0.0167	0.0145	0.0047	0.0180	0.0071	0.0017	0.0088	0.0195	0.0015	0.0051	0.0010	0.0036	0.0246	0.0226	0.0227	0.0177	0.0091	
0.0115	0.0050	0.0237	0.0114	0.0141	0.0248	0.0103	0.0186	0.0058	0.0080	0.0169	0.0063	0.0022	0.0016	0.0056	0.0079	0.0030	0.0022	0.0265	0.0066	0.0081	0.0153	0.0084	0.0103	0.0229	0.0180	0.0125	0.0102	0.0036	0.0194	0.0155	0.0141	0.0007	0.0003	0.0126	0.0106	0.0025	0.0012	0.0118	0.0195	0.0265	0.0041	0.0031	0.0226	0.0256	0.0112	0.0216	0.0049	0.0281	0.0274	0.0180	0.0281	0.0224	0.0125	0.0019	0.0016	0.0195	0.0202	0.0125	0.0178	0.0114	0.0303	0.0133	0.0106	0.0219	0.0079	0.0048	0.0019	0.0127	0.0224	0.0035	0.0029	0.0201	0.0036	0.0101	0.0042	0.0115	0.0197	0.0182	0.0104	
0.0117	0.0103	0.0102	0.0070	0.0042	0.0158	0.0204	0.0163	0.0230	0.0153	0.0112	0.0138	0.0149	0.0159	0.0118	0.0238	0.0121	0.0146	0.0016	0.0074	0.0086	0.0231	0.0141	0.0036	0.0184	0.0094	0.0020	0.0203	0.0011	0.0206	0.0184	0.0077	0.0003	0.0013	0.0228	0.0025	0.0109	0.0062	0.0065	0.0012	0.0196	0.0156	0.0025	0.0002	0.0043	0.0157	0.0127	0.0209	0.0230	0.0155	0.0129	0.0243	0.0122	0.0066	0.0038	0.0280	0.0138	0.0085	0.0099	0.0145	0.0160	0.0292	0.0121	0.0002	0.0238	0.0086	0.0096	0.0115	0.0183	0.0057	0.0077	0.0133	0.0118	0.0262	0.0178	0.0198	0.0191	0.0241	0.0002	0.0005	
0.0113	0.0034	0.0276	0.0130	0.0109	0.0224	0.0230	0.0203	0.0220	0.0013	0.0133	0.0065	0.0192	0.0137	0.0124	0.0146	0.0015	0.0030	0.0036	0.0167	0.0090	0.0019	0.0043	0.0124	0.0041	0.0020	0.0065	0.0133	0.0152	0.0108	0.0026	0.0255	0.0060	0.0134	0.0180	0.0136	0.0006	0.0001	0.0133	0.0186	0.0141	0.0176	0.0139	0.0224	0.0200	0.0035	0.0214	0.0181	0.0141	0.0202	0.0130	0.0179	0.0147	0.0048	0.0207	0.0198	0.0194	0.0076	0.0083	0.0083	0.0180	0.0090	0.0012	0.0088	0.0235	0.0131	0.0202	0.0047	0.0217	0.0197	0.0183	0.0021	0.0131	0.0039	0.0059	0.0202	0.0129	0.0134	0.0198	0.0003	
0.0086	0.0150	0.0192	0.0204	0.0248	0.0102	0.0135	0.0018	0.0223	0.0241	0.0101	0.0209	0.0171	0.0063	0.0121	0.0103	0.0148	0.0030	0.0228	0.0054	0.0069	0.0136	0.0199	0.0203	0.0039	0.0112	0.0027	0.0120	0.0019	0.0035	0.0123	0.0156	0.0110	0.0077	0.0209	0.0043	0.0074	0.0084	0.0158	0.0134	0.0036	0.0233	0.0092	0.0038	0.0161	0.0011	0.0082	0.0079	0.0266	0.0305	0.0294	0.0128	0.0170	0.0166	0.0176	0.0345	0.0137	0.0107	0.0131	0.0081	0.0074	0.0005	0.0272	0.0159	0.0112	0.0017	0.0046	0.0085	0.0065	0.0049	0.0222	0.0127	0.0186	0.0068	0.0026	0.0108	0.0018	0.0290	0.0058	0.0024	
0.0016	0.0243	0.0136	0.0050	0.0052	0.0015	0.0271	0.0263	0.0142	0.0018	0.0123	0.0005	0.0204	0.0046	0.0077	0.0026	0.0171	0.0184	0.0221	0.0071	0.0270	0.0036	0.0011	0.0177	0.0255	0.0114	0.0164	0.0123	0.0112	0.0081	0.0240	0.0232	0.0022	0.0116	0.0065	0.0122	0.0098	0.0219	0.0109	0.0067	0.0066	0.0063	0.0148	0.0061	0.0165	0.0222	0.0161	0.0090	0.0008	0.0006	0.0150	0.0090	0.0262	0.0203	0.0057	0.0300	0.0172	0.0244	0.0044	0.0148	0.0092	0.0135	0.0112	0.0056	0.0064	0.0215	0.0217	0.0054	0.0230	0.0184	0.0146	0.0009	0.0099	0.0120	0.0020	0.0182	0.0106	0.0285	0.0038	0.0009	
0.0118	0.0077	0.0110	0.0111	0.0164	0.0136	0.0236	0.0061	0.0055	0.0078	0.0190	0.0169	0.0173	0.0158	0.0261	0.0140	0.0136	0.0120	0.0277	0.0134	0.0007	0.0092	0.0101	0.0061	0.0096	0.0100	0.0181	0.0143	0.0159	0.0116	0.0144	0.0236	0.0119	0.0044	0.0198	0.0007	0.0010	0.0003	0.0095	0.0119	0.0010	0.0167	0.0180	0.0217	0.0211	0.0022	0.0141	0.0109	0.0106	0.0051	0.0163	0.0232	0.0238	0.0074	0.0004	0.0114	0.0182	0.0014	0.0016	0.0049	0.0182	0.0069	0.0072	0.0124	0.0185	0.0206	0.0158	0.0086	0.0030	0.0174	0.0162	0.0185	0.0231	0.0073	0.0242	0.0131	0.0106	0.0208	0.0084	0.0060	
0.0014	0.0117	0.0030	0.0176	0.0173	0.0129	0.0012	0.0084	0.0042	0.0061	0.0031	0.0371	0.0325	0.0047	0.0012	0.0189	0.0049	0.0087	0.0333	0.0019	0.0115	0.0003	0.0098	0.0109	0.0129	0.0016	0.0201	0.0174	0.0189	0.0148	0.0016	0.0039	0.0100	0.0190	0.0040	0.0070	0.0031	0.0205	0.0244	0.0028	0.0238	0.0153	0.0045	0.0324	0.0246	0.0187	0.0252	0.0160	0.0081	0.0231	0.0014	0.0046	0.0215	0.0047	0.0255	0.0033	0.0192	0.0155	0.0019	0.0144	0.0190	0.0160	0.0086	0.0106	0.0035	0.0008	0.0056	0.0028	0.0026	0.0164	0.0150	0.0158	0.0105	0.0206	0.0093	0.0253	0.0191	0.0187	0.0157	0.0161	
0.0046	0.0065	0.0074	0.0014	0.0172	0.0220	0.0096	0.0124	0.0235	0.0009	0.0092	0.0165	0.0191	0.0078	0.0194	0.0111	0.0036	0.0169	0.0243	0.0182	0.0167	0.0203	0.0146	0.0162	0.0034	0.0126	0.0183	0.0015	0.0008	0.0055	0.0104	0.0109	0.0187	0.0109	0.0088	0.0106	0.0037	0.0089	0.0257	0.0049	0.0218	0.0231	0.0062	0.0021	0.0105	0.0038	0.0184	0.0020	0.0069	0.0282	0.0170	0.0001	0.0180	0.0243	0.0033	0.0179	0.0124	0.0219	0.0211	0.0008	0.0039	0.0080	0.0103	0.0156	0.0194	0.0018	0.0165	0.0066	0.0220	0.0035	0.0049	0.0284	0.0246	0.0166	0.0008	0.0189	0.0122	0.0213	0.0068	0.0231	
0.0121	0.0192	0.0196	0.0035	0.0153	0.0073	0.0207	0.0267	0.0079	0.0228	0.0198	0.0131	0.0109	0.0190	0.0021	0.0107	0.0091	0.0129	0.0107	0.0047	0.0147	0.0142	0.0036	0.0023	0.0163	0.0154	0.0034	0.0029	0.0218	0.0101	0.0025	0.0269	0.0090	0.0215	0.0067	0.0121	0.0091	0.0065	0.0000	0.0070	0.0103	0.0178	0.0202	0.0031	0.0066	0.0176	0.0103	0.0210	0.0138	0.0136	0.0051	0.0254	0.0053	0.0012	0.0123	0.0060	0.0122	0.0183	0.0090	0.0191	0.0047	0.0174	0.0004	0.0185	0.0182	0.0242	0.0224	0.0115	0.0137	0.0152	0.0015	0.0058	0.0158	0.0007	0.0229	0.0250	0.0159	0.0013	0.0219	0.0211	
0.0070	0.0053	0.0121	0.0099	0.0062	0.0061	0.0218	0.0129	0.0137	0.0018	0.0172	0.0213	0.0231	0.0033	0.0060	0.0274	0.0142	0.0012	0.0117	0.0059	0.0260	0.0247	0.0084	0.0262	0.0113	0.0003	0.0043	0.0053	0.0065	0.0155	0.0164	0.0153	0.0167	0.0111	0.0120	0.0009	0.0003	0.0168	0.0187	0.0103	0.0073	0.0140	0.0002	0.0144	0.0263	0.0088	0.0079	0.0120	0.0282	0.0316	0.0041	0.0202	0.0155	0.0152	0.0018	0.0165	0.0183	0.0187	0.0178	0.0050	0.0018	0.0163	0.0048	0.0205	0.0139	0.0103	0.0199	0.0083	0.0139	0.0036	0.0198	0.0011	0.0123	0.0226	0.0003	0.0085	0.0234	0.0313	0.0059	0.0025	
0.0102	0.0196	0.0076	0.0064	0.0115	0.0234	0.0232	0.0067	0.0112	0.0030	0.0061	0.0112	0.0215	0.0099	0.0118	0.0163	0.0061	0.0041	0.0014	0.0053	0.0156	0.0021	0.0193	0.0168	0.0038	0.0021	0.0035	0.0191	0.0134	0.0155	0.0137	0.0246	0.0067	0.0168	0.0140	0.0081	0.0055	0.0215	0.0081	0.0101	0.0155	0.0147	0.0156	0.0137	0.0236	0.0091	0.0064	0.0205	0.0141	0.0080	0.0002	0.0199	0.0196	0.0181	0.0130	0.0153	0.0170	0.0136	0.0020	0.0082	0.0207	0.0022	0.0133	0.0149	0.0153	0.0087	0.0206	0.0002	0.0208	0.0002	0.0097	0.0112	0.0218	0.0126	0.0189	0.0294	0.0058	0.0125	0.0207	0.0155	
0.0131	0.0051	0.0066	0.0073	0.0191	0.0197	0.0031	0.0114	0.0054	0.0012	0.0175	0.0208	0.0206	0.0231	0.0190	0.0106	0.0214	0.0031	0.0242	0.0105	0.0121	0.0067	0.0036	0.0131	0.0219	0.0153	0.0234	0.0084	0.0083	0.0137	0.0087	0.0102	0.0150	0.0102	0.0140	0.0189	0.0204	0.0088	0.0226	0.0183	0.0071	0.0155	0.0214	0.0235	0.0114	0.0187	0.0172	0.0202	0.0207	0.0034	0.0007	0.0031	0.0147	0.0109	0.0085	0.0145	0.0014	0.0179	0.0108	0.0031	0.0235	0.0257	0.0018	0.0144	0.0187	0.0066	0.0004	0.0108	0.0104	0.0025	0.0181	0.0169	0.0041	0.0020	0.0054	0.0295	0.0122	0.0105	0.0029	0.0024	
0.0002	0.0002	0.0114	0.0044	0.0131	0.0045	0.0282	0.0055	0.0021	0.0244	0.0132	0.0034	0.0225	0.0189	0.0249	0.0094	0.0106	0.0028	0.0012	0.0033	0.0189	0.0037	0.0117	0.0188	0.0120	0.0092	0.0219	0.0129	0.0066	0.0096	0.0044	0.0207	0.0125	0.0080	0.0029	0.0246	0.0081	0.0232	0.0024	0.0120	0.0098	0.0204	0.0080	0.0141	0.0159	0.0123	0.0186	0.0066	0.0036	0.0165	0.0073	0.0094	0.0081	0.0210	0.0090	0.0207	0.0120	0.0177	0.0157	0.0026	0.0061	0.0128	0.0204	0.0132	0.0192	0.0204	0.0120	0.0136	0.0178	0.0013	0.0021	0.0175	0.0009	0.0117	0.0234	0.0331	0.0202	0.0316	0.0044	0.0208	
0.0085	0.0189	0.0078	0.0163	0.0029	0.0214	0.0173	0.0215	0.0237	0.0082	0.0071	0.0231	0.0061	0.0215	0.0113	0.0219	0.0161	0.0158	0.0225	0.0156	0.0022	0.0023	0.0136	0.0024	0.0184	0.0128	0.0056	0.0253	0.0041	0.0083	0.0019	0.0185	0.0092	0.0197	0.0121	0.0155	0.0030	0.0097	0.0123	0.0179	0.0108	0.0224	0.0119	0.0170	0.0230	0.0102	0.0133	0.0009	0.0043	0.0211	0.0012	0.0036	0.0084	0.0079	0.0226	0.0182	0.0011	0.0049	0.0180	0.0093	0.0172	0.0229	0.0105	0.0118	0.0056	0.0196	0.0012	0.0097	0.0163	0.0161	0.0182	0.0178	0.0044	0.0221	0.0140	0.0112	0.0122	0.0034	0.0097	0.0038	
0.0031	0.0057	0.0204	0.0100	0.0080	0.0236	0.0091	0.0045	0.0229	0.0207	0.0178	0.0308	0.0108	0.0024	0.0092	0.0117	0.0058	0.0007	0.0083	0.0208	0.0119	0.0002	0.0124	0.0089	0.0220	0.0115	0.0228	0.0145	0.0016	0.0128	0.0045	0.0267	0.0159	0.0206	0.0045	0.0108	0.0251	0.0020	0.0052	0.0044	0.0106	0.0230	0.0122	0.0263	0.0035	0.0203	0.0048	0.0012	0.0096	0.0118	0.0182	0.0113	0.0223	0.0076	0.0242	0.0056	0.0170	0.0046	0.0113	0.0182	0.0004	0.0247	0.0016	0.0067	0.0144	0.0157	0.0027	0.0141	0.0234	0.0002	0.0201	0.0053	0.0181	0.0011	0.0187	0.0204	0.0131	0.0189	0.0076	0.0246	
0.0060	0.0237	0.0025	0.0108	0.0141	0.0188	0.0045	0.0114	0.0004	0.0254	0.0146	0.0222	0.0167	0.0098	0.0062	0.0141	0.0158	0.0041	0.0060	0.0114	0.0215	0.0112	0.0024	0.0085	0.0206	0.0148	0.0131	0.0183	0.0197	0.0052	0.0203	0.0039	0.0167	0.0116	0.0118	0.0029	0.0182	0.0143	0.0165	0.0180	0.0111	0.0186	0.0115	0.0014	0.0109	0.0206	0.0176	0.0077	0.0219	0.0189	0.0143	0.0084	0.0108	0.0128	0.0049	0.0223	0.0172	0.0158	0.0124	0.0184	0.0015	0.0111	0.0097	0.0160	0.0038	0.0101	0.0171	0.0022	0.0254	0.0020	0.0209	0.0053	0.0112	0.0072	0.0034	0.0028	0.0217	0.0016	0.0229	0.0189	
0.0024	0.0082	0.0211	0.0023	0.0146	0.0105	0.0207	0.0046	0.0079	0.0165	0.0077	0.0005	0.0006	0.0225	0.0243	0.0006	0.0054	0.0174	0.0240	0.0215	0.0038	0.0129	0.0091	0.0202	0.0207	0.0103	0.0192	0.0030	0.0159	0.0025	0.0267	0.0196	0.0152	0.0166	0.0160	0.0169	0.0110	0.0094	0.0048	0.0173	0.0195	0.0172	0.0166	0.0089	0.0232	0.0202	0.0039	0.0130	0.0128	0.0022	0.0215	0.0015	0.0039	0.0227	0.0163	0.0171	0.0205	0.0051	0.0048	0.0022	0.0125	0.0163	0.0124	0.0044	0.0168	0.0147	0.0071	0.0075	0.0032	0.0023	0.0120	0.0253	0.0176	0.0042	0.0067	0.0136	0.0182	0.0020	0.0252	0.0204	
0.0052	0.0101	0.0187	0.0153	0.0075	0.0240	0.0178	0.0232	0.0004	0.0044	0.0239	0.0098	0.0048	0.0025	0.0067	0.0026	0.0032	0.0149	0.0217	0.0024	0.0195	0.0239	0.0116	0.0096	0.0141	0.0230	0.0099	0.0301	0.0185	0.0057	0.0259	0.0246	0.0043	0.0066	0.0216	0.0053	0.0244	0.0255	0.0240	0.0165	0.0021	0.0154	0.0070	0.0301	0.0065	0.0057	0.0202	0.0134	0.0276	0.0044	0.0086	0.0044	0.0099	0.0209	0.0097	0.0122	0.0219	0.0077	0.0003	0.0077	0.0146	0.0182	0.0010	0.0190	0.0082	0.0018	0.0026	0.0245	0.0078	0.0007	0.0043	0.0055	0.0191	0.0250	0.0007	0.0027	0.0166	0.0157	0.0044	0.0081	
0.0044	0.0247	0.0009	0.0140	0.0216	0.0171	0.0138	0.0089	0.0239	0.0113	0.0071	0.0207	0.0273	0.0141	0.0065	0.0117	0.0103	0.0120	0.0205	0.0032	0.0039	0.0195	0.0061	0.0219	0.0002	0.0032	0.0102	0.0107	0.0204	0.0057	0.0232	0.0121	0.0024	0.0165	0.0013	0.0164	0.0131	0.0127	0.0223	0.0121	0.0161	0.0213	0.0207	0.0272	0.0210	0.0115	0.0064	0.0018	0.0211	0.0133	0.0133	0.0029	0.0203	0.0004	0.0050	0.0140	0.0137	0.0027	0.0110	0.0165	0.0066	0.0024	0.0099	0.0149	0.0150	0.0221	0.0120	0.0063	0.0139	0.0129	0.0229	0.0003	0.0158	0.0021	0.0165	0.0105	0.0200	0.0108	0.0051	0.0118	
0.0116	0.0097	0.0140	0.0078	0.0165	0.0158	0.0186	0.0027	0.0116	0.0143	0.0020	0.0119	0.0218	0.0039	0.0091	0.0112	0.0070	0.0058	0.0085	0.0165	0.0238	0.0230	0.0113	0.0058	0.0125	0.0115	0.0109	0.0185	0.0112	0.0179	0.0186	0.0064	0.0170	0.0005	0.0173	0.0217	0.0094	0.0018	0.0212	0.0166	0.0059	0.0097	0.0164	0.0246	0.0129	0.0106	0.0008	0.0085	0.0180	0.0002	0.0214	0.0135	0.0242	0.0079	0.0126	0.0219	0.0168	0.0086	0.0166	0.0027	0.0048	0.0263	0.0131	0.0125	0.0203	0.0189	0.0122	0.0213	0.0078	0.0107	0.0012	0.0080	0.0079	0.0113	0.0146	0.0163	0.0054	0.0168	0.0190	0.0010	
0.0087	0.0026	0.0213	0.0116	0.0245	0.0051	0.0081	0.0140	0.0127	0.0226	0.0006	0.0027	0.0069	0.0217	0.0182	0.0081	0.0176	0.0019	0.0022	0.0130	0.0244	0.0021	0.0011	0.0078	0.0218	0.0155	0.0028	0.0140	0.0208	0.0227	0.0208	0.0083	0.0129	0.0172	0.0128	0.0030	0.0200	0.0035	0.0181	0.0158	0.0156	0.0001	0.0111	0.0125	0.0155	0.0215	0.0208	0.0113	0.0234	0.0076	0.0201	0.0040	0.0119	0.0053	0.0015	0.0122	0.0011	0.0188	0.0127	0.0056	0.0023	0.0229	0.0185	0.0117	0.0039	0.0174	0.0137	0.0145	0.0056	0.0144	0.0080	0.0204	0.0094	0.0100	0.0002	0.0273	0.0159	0.0184	0.0215	0.0215	
0.0088	0.0170	0.0228	0.0130	0.0051	0.0180	0.0259	0.0124	0.0174	0.0049	0.0023	0.0094	0.0200	0.0117	0.0159	0.0139	0.0050	0.0294	0.0113	0.0162	0.0137	0.0096	0.0064	0.0066	0.0268	0.0020	0.0164	0.0013	0.0040	0.0017	0.0247	0.0144	0.0167	0.0151	0.0184	0.0125	0.0049	0.0059	0.0068	0.0111	0.0224	0.0037	0.0192	0.0034	0.0105	0.0012	0.0022	0.0189	0.0221	0.0042	0.0139	0.0165	0.0062	0.0013	0.0173	0.0056	0.0089	0.0062	0.0127	0.0029	0.0277	0.0243	0.0038	0.0123	0.0092	0.0147	0.0077	0.0018	0.0284	0.0019	0.0158	0.0004	0.0161	0.0201	0.0395	0.0142	0.0138	0.0043	0.0225	0.0227	
0.0004	0.0252	0.0063	0.0255	0.0085	0.0034	0.0100	0.0255	0.0244	0.0096	0.0021	0.0306	0.0206	0.0039	0.0220	0.0019	0.0166	0.0078	0.0235	0.0189	0.0208	0.0231	0.0231	0.0157	0.0143	0.0138	0.0013	0.0122	0.0056	0.0053	0.0225	0.0073	0.0069	0.0163	0.0027	0.0250	0.0144	0.0050	0.0050	0.0036	0.0066	0.0151	0.0022	0.0206	0.0006	0.0165	0.0106	0.0090	0.0012	0.0163	0.0074	0.0053	0.0112	0.0164	0.0064	0.0015	0.0203	0.0109	0.0087	0.0141	0.0022	0.0285	0.0113	0.0141	0.0150	0.0211	0.0099	0.0011	0.0023	0.0160	0.0123	0.0205	0.0024	0.0133	0.0250	0.0046	0.0223	0.0107	0.0177	0.0184	
0.0065	0.0221	0.0106	0.0171	0.0272	0.0156	0.0367	0.0154	0.0126	0.0012	0.0001	0.0039	0.0254	0.0156	0.0050	0.0110	0.0003	0.0090	0.0013	0.0048	0.0104	0.0083	0.0099	0.0090	0.0063	0.0149	0.0024	0.0317	0.0097	0.0030	0.0072	0.0235	0.0165	0.0183	0.0085	0.0140	0.0132	0.0007	0.0238	0.0006	0.0333	0.0009	0.0157	0.0021	0.0317	0.0114	0.0291	0.0136	0.0143	0.0087	0.0030	0.0205	0.0098	0.0138	0.0148	0.0040	0.0072	0.0034	0.0079	0.0069	0.0145	0.0006	0.0027	0.0078	0.0273	0.0113	0.0098	0.0039	0.0089	0.0205	0.0234	0.0384	0.0173	0.0004	0.0074	0.0113	0.0197	0.0132	0.0155	0.0207	
0.0113	0.0161	0.0122	0.0019	0.0003	0.0199	0.0109	0.0078	0.0047	0.0046	0.0061	0.0131	0.0184	0.0157	0.0154	0.0216	0.0220	0.0072	0.0063	0.0096	0.0027	0.0223	0.0066	0.0202	0.0099	0.0030	0.0249	0.0086	0.0087	0.0051	0.0148	0.0294	0.0151	0.0152	0.0157	0.0285	0.0159	0.0005	0.0074	0.0033	0.0010	0.0022	0.0268	0.0042	0.0146	0.0110	0.0089	0.0235	0.0125	0.0055	0.0082	0.0099	0.0024	0.0023	0.0216	0.0221	0.0087	0.0168	0.0187	0.0221	0.0212	0.0020	0.0235	0.0225	0.0181	0.0061	0.0212	0.0039	0.0264	0.0172	0.0109	0.0260	0.0005	0.0019	0.0118	0.0007	0.0246	0.0029	0.0082	0.0241	
0.0081	0.0249	0.0192	0.0021	0.0194	0.0026	0.0264	0.0137	0.0190	0.0188	0.0124	0.0287	0.0078	0.0074	0.0098	0.0165	0.0026	0.0003	0.0111	0.0051	0.0186	0.0037	0.0225	0.0169	0.0184	0.0084	0.0071	0.0001	0.0160	0.0139	0.0264	0.0066	0.0066	0.0164	0.0020	0.0229	0.0047	0.0190	0.0020	0.0089	0.0073	0.0060	0.0062	0.0058	0.0028	0.0091	0.0144	0.0116	0.0158	0.0081	0.0173	0.0241	0.0152	0.0003	0.0076	0.0152	0.0186	0.0006	0.0044	0.0088	0.0194	0.0269	0.0168	0.0039	0.0164	0.0073	0.0123	0.0129	0.0059	0.0119	0.0173	0.0081	0.0192	0.0183	0.0252	0.0117	0.0206	0.0244	0.0157	0.0094	
0.0129	0.0174	0.0069	0.0083	0.0179	0.0033	0.0188	0.0097	0.0098	0.0112	0.0173	0.0062	0.0157	0.0142	0.0198	0.0097	0.0091	0.0012	0.0114	0.0161	0.0220	0.0219	0.0067	0.0038	0.0166	0.0107	0.0190	0.0200	0.0020	0.0182	0.0215	0.0052	0.0060	0.0186	0.0140	0.0033	0.0127	0.0112	0.0091	0.0127	0.0172	0.0044	0.0033	0.0249	0.0195	0.0109	0.0178	0.0050	0.0043	0.0112	0.0205	0.0235	0.0090	0.0175	0.0128	0.0228	0.0083	0.0032	0.0135	0.0049	0.0056	0.0248	0.0058	0.0111	0.0158	0.0150	0.0196	0.0175	0.0025	0.0127	0.0176	0.0006	0.0152	0.0203	0.0030	0.0220	0.0181	0.0122	0.0106	0.0032	
0.0128	0.0196	0.0132	0.0156	0.0221	0.0204	0.0231	0.0119	0.0059	0.0187	0.0140	0.0131	0.0214	0.0040	0.0130	0.0202	0.0159	0.0143	0.0073	0.0015	0.0189	0.0208	0.0028	0.0131	0.0141	0.0153	0.0037	0.0133	0.0170	0.0178	0.0031	0.0254	0.0112	0.0110	0.0091	0.0110	0.0061	0.0147	0.0143	0.0120	0.0200	0.0101	0.0098	0.0117	0.0233	0.0086	0.0056	0.0091	0.0105	0.0070	0.0185	0.0048	0.0033	0.0067	0.0113	0.0274	0.0106	0.0233	0.0003	0.0018	0.0195	0.0089	0.0140	0.0085	0.0134	0.0172	0.0152	0.0058	0.0175	0.0191	0.0111	0.0070	0.0006	0.0144	0.0073	0.0055	0.0078	0.0208	0.0161	0.0043	
0.0080	0.0191	0.0046	0.0140	0.0011	0.0252	0.0278	0.0099	0.0003	0.0125	0.0010	0.0109	0.0194	0.0105	0.0249	0.0079	0.0147	0.0040	0.0272	0.0009	0.0196	0.0238	0.0166	0.0113	0.0209	0.0115	0.0035	0.0158	0.0018	0.0064	0.0183	0.0232	0.0034	0.0229	0.0140	0.0009	0.0049	0.0035	0.0076	0.0111	0.0228	0.0113	0.0053	0.0134	0.0194	0.0052	0.0231	0.0108	0.0171	0.0174	0.0091	0.0053	0.0247	0.0126	0.0163	0.0145	0.0024	0.0135	0.0173	0.0115	0.0246	0.0093	0.0050	0.0144	0.0214	0.0058	0.0029	0.0179	0.0019	0.0168	0.0065	0.0164	0.0190	0.0087	0.0043	0.0096	0.0192	0.0077	0.0183	0.0126	
0.0142	0.0182	0.0188	0.0067	0.0219	0.0092	0.0008	0.0122	0.0065	0.0210	0.0191	0.0171	0.0080	0.0201	0.0236	0.0166	0.0037	0.0095	0.0148	0.0131	0.0025	0.0204	0.0102	0.0238	0.0124	0.0176	0.0096	0.0141	0.0163	0.0075	0.0267	0.0244	0.0179	0.0068	0.0129	0.0043	0.0088	0.0250	0.0210	0.0086	0.0051	0.0170	0.0129	0.0076	0.0318	0.0157	0.0064	0.0205	0.0143	0.0118	0.0011	0.0073	0.0176	0.0025	0.0101	0.0040	0.0040	0.0002	0.0159	0.0005	0.0000	0.0169	0.0195	0.0201	0.0215	0.0017	0.0172	0.0010	0.0062	0.0165	0.0054	0.0063	0.0166	0.0040	0.0101	0.0118	0.0057	0.0055	0.0232	0.0181	
0.0070	0.0125	0.0212	0.0047	0.0064	0.0147	0.0046	0.0199	0.0195	0.0109	0.0196	0.0117	0.0058	0.0174	0.0109	0.0136	0.0158	0.0124	0.0105	0.0170	0.0007	0.0059	0.0129	0.0210	0.0048	0.0158	0.0115	0.0134	0.0147	0.0203	0.0237	0.0006	0.0018	0.0198	0.0111	0.0117	0.0122	0.0136	0.0141	0.0032	0.0214	0.0201	0.0030	0.0218	0.0176	0.0164	0.0220	0.0159	0.0187	0.0183	0.0119	0.0165	0.0174	0.0008	0.0181	0.0066	0.0165	0.0007	0.0193	0.0093	0.0031	0.0176	0.0023	0.0175	0.0120	0.0213	0.0070	0.0074	0.0075	0.0190	0.0005	0.0073	0.0224	0.0059	0.0244	0.0041	0.0024	0.0230	0.0060	0.0085	
0.0139	0.0228	0.0265	0.0231	0.0119	0.0102	0.0087	0.0022	0.0030	0.0071	0.0237	0.0199	0.0197	0.0057	0.0012	0.0056	0.0161	0.0075	0.0117	0.0159	0.0146	0.0147	0.0125	0.0195	0.0195	0.0062	0.0138	0.0130	0.0020	0.0149	0.0052	0.0015	0.0157	0.0157	0.0165	0.0099	0.0281	0.0050	0.0109	0.0043	0.0187	0.0077	0.0053	0.0045	0.0052	0.0097	0.0239	0.0183	0.0063	0.0156	0.0080	0.0220	0.0133	0.0102	0.0297	0.0069	0.0074	0.0205	0.0038	0.0045	0.0225	0.0240	0.0213	0.0102	0.0016	0.0164	0.0178	0.0009	0.0198	0.0144	0.0102	0.0155	0.0230	0.0035	0.0001	0.0094	0.0107	0.0103	0.0189	0.0079	
0.0075	0.0246	0.0067	0.0099	0.0071	0.0072	0.0195	0.0047	0.0154	0.0086	0.0016	0.0009	0.0012	0.0057	0.0153	0.0204	0.0052	0.0158	0.0019	0.0118	0.0171	0.0157	0.0029	0.0143	0.0076	0.0162	0.0010	0.0087	0.0140	0.0160	0.0263	0.0280	0.0029	0.0198	0.0142	0.0214	0.0112	0.0145	0.0040	0.0148	0.0008	0.0165	0.0086	0.0095	0.0190	0.0075	0.0128	0.0119	0.0178	0.0035	0.0227	0.0187	0.0067	0.0029	0.0174	0.0260	0.0146	0.0184	0.0018	0.0106	0.0069	0.0093	0.0128	0.0184	0.0107	0.0024	0.0204	0.0049	0.0151	0.0149	0.0075	0.0212	0.0157	0.0082	0.0149	0.0303	0.0056	0.0273	0.0235	0.0207	
0.0052	0.0128	0.0129	0.0101	0.0200	0.0066	0.0197	0.0007	0.0033	0.0149	0.0032	0.0201	0.0106	0.0170	0.0125	0.0193	0.0017	0.0083	0.0213	0.0101	0.0108	0.0076	0.0191	0.0004	0.0163	0.0053	0.0209	0.0245	0.0151	0.0165	0.0197	0.0233	0.0166	0.0026	0.0036	0.0184	0.0123	0.0029	0.0024	0.0026	0.0094	0.0196	0.0017	0.0009	0.0152	0.0112	0.0034	0.0203	0.0216	0.0207	0.0222	0.0218	0.0201	0.0120	0.0108	0.0264	0.0130	0.0163	0.0147	0.0119	0.0074	0.0205	0.0101	0.0085	0.0202	0.0056	0.0006	0.0093	0.0105	0.0186	0.0020	0.0269	0.0100	0.0177	0.0022	0.0153	0.0057	0.0261	0.0133	0.0053	
0.0009	0.0006	0.0021	0.0212	0.0202	0.0007	0.0008	0.0092	0.0157	0.0067	0.0041	0.0321	0.0141	0.0121	0.0241	0.0134	0.0079	0.0172	0.0052	0.0047	0.0150	0.0191	0.0097	0.0035	0.0187	0.0171	0.0065	0.0022	0.0077	0.0181	0.0205	0.0213	0.0017	0.0092	0.0140	0.0075	0.0173	0.0159	0.0123	0.0164	0.0062	0.0191	0.0139	0.0088	0.0142	0.0019	0.0140	0.0181	0.0010	0.0133	0.0051	0.0158	0.0184	0.0059	0.0192	0.0073	0.0137	0.0229	0.0015	0.0210	0.0198	0.0283	0.0208	0.0170	0.0135	0.0111	0.0194	0.0018	0.0011	0.0097	0.0190	0.0223	0.0045	0.0084	0.0333	0.0264	0.0015	0.0043	0.0154	0.0145	
0.0051	0.0149	0.0013	0.0240	0.0169	0.0046	0.0018	0.0265	0.0173	0.0085	0.0201	0.0298	0.0174	0.0136	0.0044	0.0064	0.0150	0.0243	0.0264	0.0013	0.0065	0.0115	0.0212	0.0155	0.0187	0.0095	0.0094	0.0118	0.0084	0.0233	0.0063	0.0151	0.0054	0.0124	0.0163	0.0077	0.0236	0.0035	0.0044	0.0066	0.0117	0.0034	0.0106	0.0281	0.0224	0.0021	0.0081	0.0140	0.0060	0.0187	0.0008	0.0038	0.0108	0.0119	0.0137	0.0002	0.0146	0.0113	0.0040	0.0046	0.0251	0.0250	0.0104	0.0145	0.0020	0.0077	0.0123	0.0026	0.0009	0.0205	0.0099	0.0206	0.0213	0.0127	0.0256	0.0030	0.0277	0.0013	0.0251	0.0145	
0.0027	0.0213	0.0039	0.0164	0.0230	0.0015	0.0036	0.0200	0.0001	0.0141	0.0151	0.0153	0.0236	0.0212	0.0155	0.0144	0.0134	0.0152	0.0196	0.0092	0.0168	0.0036	0.0150	0.0083	0.0073	0.0087	0.0085	0.0291	0.0229	0.0086	0.0010	0.0174	0.0100	0.0146	0.0256	0.0003	0.0113	0.0209	0.0163	0.0193	0.0040	0.0202	0.0024	0.0144	0.0067	0.0211	0.0179	0.0165	0.0224	0.0217	0.0089	0.0057	0.0083	0.0117	0.0284	0.0016	0.0046	0.0198	0.0068	0.0117	0.0180	0.0071	0.0183	0.0131	0.0116	0.0010	0.0241	0.0082	0.0000	0.0133	0.0049	0.0244	0.0016	0.0161	0.0073	0.0253	0.0010	0.0024	0.0029	0.0096	
0.0105	0.0158	0.0216	0.0001	0.0244	0.0181	0.0081	0.0002	0.0152	0.0247	0.0163	0.0200	0.0116	0.0042	0.0077	0.0230	0.0008	0.0090	0.0005	0.0040	0.0260	0.0083	0.0163	0.0099	0.0166	0.0106	0.0025	0.0166	0.0062	0.0043	0.0006	0.0035	0.0135	0.0204	0.0177	0.0045	0.0050	0.0179	0.0157	0.0127	0.0191	0.0226	0.0158	0.0018	0.0229	0.0105	0.0082	0.0189	0.0121	0.0080	0.0183	0.0174	0.0012	0.0213	0.0107	0.0107	0.0161	0.0145	0.0053	0.0102	0.0174	0.0196	0.0176	0.0093	0.0218	0.0157	0.0234	0.0136	0.0077	0.0019	0.0159	0.0083	0.0201	0.0090	0.0100	0.0002	0.0147	0.0229	0.0155	0.0057	
0.0024	0.0066	0.0027	0.0238	0.0107	0.0100	0.0026	0.0210	0.0114	0.0116	0.0073	0.0197	0.0126	0.0044	0.0278	0.0020	0.0038	0.0050	0.0043	0.0009	0.0122	0.0198	0.0111	0.0108	0.0145	0.0088	0.0158	0.0195	0.0117	0.0095	0.0222	0.0016	0.0166	0.0210	0.0072	0.0116	0.0108	0.0212	0.0236	0.0097	0.0162	0.0053	0.0020	0.0249	0.0223	0.0005	0.0162	0.0133	0.0132	0.0100	0.0209	0.0112	0.0140	0.0145	0.0178	0.0103	0.0164	0.0201	0.0063	0.0205	0.0163	0.0122	0.0068	0.0006	0.0165	0.0084	0.0182	0.0124	0.0201	0.0103	0.0112	0.0118	0.0074	0.0174	0.0109	0.0077	0.0169	0.0190	0.0180	0.0123	
0.0119	0.0034	0.0041	0.0037	0.0159	0.0105	0.0172	0.0087	0.0052	0.0284	0.0168	0.0259	0.0128	0.0004	0.0232	0.0045	0.0194	0.0015	0.0090	0.0067	0.0074	0.0068	0.0190	0.0030	0.0209	0.0090	0.0011	0.0273	0.0044	0.0117	0.0185	0.0053	0.0006	0.0175	0.0077	0.0160	0.0052	0.0043	0.0095	0.0041	0.0234	0.0122	0.0071	0.0258	0.0197	0.0170	0.0226	0.0059	0.0257	0.0069	0.0090	0.0218	0.0066	0.0102	0.0087	0.0131	0.0091	0.0018	0.0064	0.0045	0.0101	0.0211	0.0030	0.0155	0.0100	0.0158	0.0199	0.0184	0.0177	0.0042	0.0231	0.0234	0.0181	0.0032	0.0128	0.0264	0.0242	0.0306	0.0138	0.0025	
0.0094	0.0203	0.0183	0.0206	0.0037	0.0232	0.0272	0.0150	0.0100	0.0221	0.0043	0.0043	0.0192	0.0048	0.0211	0.0055	0.0070	0.0107	0.0124	0.0200	0.0211	0.0037	0.0116	0.0232	0.0070	0.0124	0.0197	0.0029	0.0236	0.0107	0.0131	0.0136	0.0114	0.0043	0.0137	0.0139	0.0154	0.0050	0.0126	0.0093	0.0177	0.0039	0.0069	0.0202	0.0297	0.0161	0.0180	0.0105	0.0090	0.0061	0.0123	0.0099	0.0086	0.0124	0.0032	0.0099	0.0050	0.0020	0.0133	0.0118	0.0003	0.0218	0.0140	0.0193	0.0098	0.0154	0.0146	0.0155	0.0119	0.0041	0.0093	0.0036	0.0018	0.0026	0.0068	0.0215	0.0193	0.0217	0.0220	0.0105	
0.0068	0.0126	0.0212	0.0191	0.0005	0.0037	0.0059	0.0011	0.0011	0.0087	0.0096	0.0227	0.0157	0.0207	0.0111	0.0162	0.0098	0.0088	0.0121	0.0046	0.0048	0.0064	0.0228	0.0045	0.0211	0.0073	0.0056	0.0070	0.0048	0.0074	0.0169	0.0151	0.0036	0.0019	0.0238	0.0151	0.0012	0.0218	0.0186	0.0045	0.0135	0.0142	0.0133	0.0063	0.0219	0.0161	0.0155	0.0015	0.0181	0.0104	0.0055	0.0122	0.0076	0.0125	0.0096	0.0094	0.0101	0.0136	0.0203	0.0146	0.0248	0.0312	0.0169	0.0131	0.0191	0.0217	0.0114	0.0115	0.0028	0.0176	0.0179	0.0195	0.0127	0.0053	0.0240	0.0234	0.0166	0.0259	0.0107	0.0011	
0.0138	0.0044	0.0143	0.0185	0.0022	0.0042	0.0075	0.0153	0.0167	0.0128	0.0010	0.0133	0.0265	0.0049	0.0090	0.0122	0.0143	0.0240	0.0123	0.0184	0.0067	0.0210	0.0219	0.0185	0.0165	0.0113	0.0163	0.0012	0.0192	0.0150	0.0201	0.0191	0.0030	0.0219	0.0224	0.0154	0.0108	0.0012	0.0128	0.0122	0.0148	0.0237	0.0148	0.0198	0.0186	0.0071	0.0228	0.0067	0.0215	0.0017	0.0177	0.0178	0.0091	0.0085	0.0193	0.0201	0.0048	0.0140	0.0027	0.0110	0.0086	0.0058	0.0115	0.0197	0.0182	0.0071	0.0059	0.0002	0.0109	0.0122	0.0039	0.0169	0.0078	0.0207	0.0101	0.0115	0.0041	0.0082	0.0017	0.0066	
0.0118	0.0138	0.0044	0.0196	0.0216	0.0003	0.0106	0.0170	0.0029	0.0245	0.0124	0.0215	0.0209	0.0018	0.0077	0.0082	0.0067	0.0164	0.0239	0.0104	0.0012	0.0180	0.0213	0.0057	0.0183	0.0038	0.0098	0.0136	0.0058	0.0101	0.0177	0.0234	0.0115	0.0186	0.0149	0.0204	0.0006	0.0159	0.0018	0.0138	0.0213	0.0153	0.0207	0.0101	0.0033	0.0084	0.0178	0.0050	0.0130	0.0197	0.0215	0.0088	0.0083	0.0125	0.0065	0.0017	0.0123	0.0214	0.0224	0.0153	0.0134	0.0237	0.0090	0.0135	0.0072	0.0137	0.0050	0.0022	0.0080	0.0118	0.0090	0.0162	0.0180	0.0053	0.0145	0.0114	0.0209	0.0157	0.0031	0.0105	
0.0119	0.0072	0.0224	0.0112	0.0149	0.0089	0.0195	0.0291	0.0167	0.0212	0.0040	0.0027	0.0218	0.0110	0.0044	0.0007	0.0069	0.0057	0.0025	0.0144	0.0057	0.0217	0.0199	0.0005	0.0157	0.0088	0.0147	0.0033	0.0308	0.0249	0.0067	0.0017	0.0203	0.0131	0.0078	0.0095	0.0209	0.0016	0.0061	0.0291	0.0014	0.0070	0.0129	0.0208	0.0130	0.0080	0.0192	0.0115	0.0051	0.0233	0.0058	0.0256	0.0126	0.0205	0.0073	0.0301	0.0097	0.0353	0.0210	0.0033	0.0216	0.0152	0.0001	0.0218	0.0138	0.0044	0.0086	0.0069	0.0017	0.0265	0.0029	0.0078	0.0019	0.0035	0.0110	0.0231	0.0044	0.0041	0.0206	0.0066	
0.0070	0.0040	0.0243	0.0104	0.0160	0.0137	0.0183	0.0056	0.0043	0.0158	0.0010	0.0276	0.0063	0.0015	0.0055	0.0125	0.0045	0.0188	0.0089	0.0031	0.0000	0.0164	0.0076	0.0097	0.0120	0.0188	0.0122	0.0093	0.0026	0.0077	0.0157	0.0062	0.0046	0.0138	0.0177	0.0150	0.0114	0.0148	0.0006	0.0165	0.0135	0.0016	0.0005	0.0142	0.0178	0.0042	0.0267	0.0204	0.0224	0.0214	0.0161	0.0099	0.0208	0.0110	0.0062	0.0191	0.0179	0.0125	0.0193	0.0166	0.0004	0.0076	0.0018	0.0173	0.0253	0.0198	0.0150	0.0146	0.0101	0.0122	0.0019	0.0170	0.0187	0.0128	0.0188	0.0293	0.0157	0.0247	0.0176	0.0063	
0.0143	0.0147	0.0093	0.0053	0.0139	0.0045	0.0125	0.0168	0.0067	0.0229	0.0148	0.0260	0.0157	0.0057	0.0225	0.0063	0.0174	0.0037	0.0122	0.0168	0.0127	0.0067	0.0113	0.0080	0.0182	0.0014	0.0114	0.0073	0.0200	0.0062	0.0025	0.0242	0.0129	0.0140	0.0168	0.0090	0.0161	0.0194	0.0041	0.0144	0.0085	0.0224	0.0063	0.0128	0.0199	0.0024	0.0218	0.0093	0.0159	0.0072	0.0209	0.0129	0.0083	0.0163	0.0163	0.0173	0.0001	0.0020	0.0077	0.0112	0.0144	0.0042	0.0144	0.0192	0.0188	0.0182	0.0036	0.0205	0.0115	0.0084	0.0090	0.0033	0.0230	0.0166	0.0130	0.0142	0.0206	0.0019	0.0132	0.0136	
0.0010	0.0027	0.0206	0.0156	0.0080	0.0161	0.0176	0.0279	0.0220	0.0018	0.0137	0.0238	0.0119	0.0132	0.0039	0.0029	0.0047	0.0091	0.0207	0.0182	0.0274	0.0002	0.0242	0.0050	0.0200	0.0172	0.0102	0.0168	0.0071	0.0046	0.0205	0.0249	0.0083	0.0191	0.0132	0.0141	0.0141	0.0008	0.0127	0.0030	0.0052	0.0061	0.0015	0.0153	0.0210	0.0148	0.0251	0.0071	0.0130	0.0056	0.0044	0.0138	0.0099	0.0107	0.0226	0.0017	0.0031	0.0068	0.0178	0.0110	0.0043	0.0283	0.0107	0.0126	0.0078	0.0121	0.0051	0.0146	0.0043	0.0113	0.0162	0.0054	0.0162	0.0114	0.0272	0.0297	0.0237	0.0138	0.0077	0.0026	
0.0020	0.0036	0.0027	0.0012	0.0248	0.0034	0.0194	0.0254	0.0275	0.0125	0.0090	0.0069	0.0067	0.0026	0.0009	0.0061	0.0130	0.0105	0.0045	0.0109	0.0161	0.0001	0.0049	0.0214	0.0175	0.0005	0.0203	0.0256	0.0014	0.0010	0.0046	0.0214	0.0005	0.0184	0.0118	0.0010	0.0231	0.0142	0.0183	0.0040	0.0263	0.0145	0.0145	0.0274	0.0086	0.0114	0.0010	0.0137	0.0151	0.0105	0.0007	0.0171	0.0102	0.0163	0.0189	0.0042	0.0218	0.0046	0.0082	0.0225	0.0076	0.0252	0.0163	0.0216	0.0066	0.0186	0.0037	0.0123	0.0195	0.0237	0.0096	0.0042	0.0193	0.0244	0.0205	0.0363	0.0085	0.0143	0.0161	0.0041	
0.0103	0.0075	0.0072	0.0156	0.0003	0.0119	0.0092	0.0045	0.0016	0.0068	0.0024	0.0211	0.0033	0.0147	0.0280	0.0033	0.0129	0.0136	0.0148	0.0112	0.0088	0.0124	0.0178	0.0114	0.0002	0.0154	0.0172	0.0117	0.0065	0.0135	0.0222	0.0137	0.0083	0.0050	0.0221	0.0224	0.0083	0.0008	0.0201	0.0104	0.0091	0.0228	0.0077	0.0124	0.0249	0.0134	0.0234	0.0173	0.0239	0.0088	0.0033	0.0169	0.0198	0.0008	0.0199	0.0112	0.0071	0.0179	0.0115	0.0023	0.0173	0.0257	0.0170	0.0070	0.0101	0.0134	0.0031	0.0191	0.0162	0.0206	0.0153	0.0214	0.0178	0.0203	0.0056	0.0097	0.0031	0.0138	0.0142	0.0065	
0.0139	0.0262	0.0102	0.0221	0.0133	0.0057	0.0209	0.0134	0.0097	0.0137	0.0120	0.0179	0.0091	0.0198	0.0262	0.0128	0.0027	0.0004	0.0006	0.0052	0.0129	0.0023	0.0026	0.0275	0.0147	0.0079	0.0164	0.0251	0.0201	0.0110	0.0089	0.0269	0.0028	0.0074	0.0048	0.0182	0.0085	0.0228	0.0199	0.0043	0.0251	0.0162	0.0105	0.0076	0.0128	0.0023	0.0084	0.0207	0.0005	0.0185	0.0048	0.0037	0.0105	0.0091	0.0184	0.0224	0.0180	0.0123	0.0063	0.0030	0.0106	0.0218	0.0148	0.0182	0.0051	0.0145	0.0115	0.0011	0.0141	0.0033	0.0020	0.0063	0.0041	0.0199	0.0078	0.0261	0.0143	0.0275	0.0150	0.0107	
0.0167	0.0227	0.0230	0.0035	0.0074	0.0047	0.0151	0.0202	0.0126	0.0121	0.0200	0.0268	0.0184	0.0159	0.0224	0.0042	0.0187	0.0166	0.0025	0.0158	0.0178	0.0078	0.0073	0.0196	0.0156	0.0179	0.0183	0.0139	0.0019	0.0190	0.0055	0.0001	0.0150	0.0175	0.0037	0.0125	0.0206	0.0121	0.0131	0.0002	0.0024	0.0184	0.0090	0.0053	0.0048	0.0034	0.0153	0.0093	0.0021	0.0034	0.0203	0.0246	0.0185	0.0146	0.0204	0.0176	0.0099	0.0002	0.0102	0.0076	0.0066	0.0263	0.0136	0.0134	0.0056	0.0215	0.0009	0.0196	0.0147	0.0024	0.0063	0.0127	0.0022	0.0020	0.0199	0.0261	0.0195	0.0050	0.0155	0.0099	
0.0059	0.0141	0.0132	0.0249	0.0005	0.0060	0.0078	0.0011	0.0199	0.0142	0.0038	0.0265	0.0290	0.0043	0.0232	0.0027	0.0014	0.0224	0.0282	0.0050	0.0033	0.0170	0.0189	0.0209	0.0211	0.0078	0.0182	0.0175	0.0041	0.0002	0.0220	0.0076	0.0051	0.0017	0.0259	0.0166	0.0110	0.0169	0.0141	0.0177	0.0171	0.0002	0.0001	0.0025	0.0247	0.0102	0.0135	0.0181	0.0080	0.0128	0.0180	0.0259	0.0053	0.0083	0.0085	0.0180	0.0139	0.0125	0.0026	0.0135	0.0106	0.0177	0.0179	0.0178	0.0175	0.0215	0.0116	0.0207	0.0064	0.0007	0.0142	0.0102	0.0067	0.0005	0.0179	0.0033	0.0171	0.0231	0.0005	0.0083	
0.0120	0.0268	0.0080	0.0164	0.0045	0.0182	0.0024	0.0219	0.0161	0.0072	0.0018	0.0276	0.0143	0.0000	0.0167	0.0018	0.0029	0.0030	0.0106	0.0010	0.0242	0.0131	0.0127	0.0067	0.0208	0.0080	0.0143	0.0051	0.0198	0.0049	0.0265	0.0232	0.0084	0.0172	0.0160	0.0091	0.0051	0.0043	0.0145	0.0153	0.0202	0.0170	0.0037	0.0270	0.0275	0.0152	0.0193	0.0053	0.0113	0.0117	0.0215	0.0170	0.0094	0.0192	0.0106	0.0098	0.0076	0.0018	0.0150	0.0159	0.0039	0.0265	0.0193	0.0095	0.0075	0.0053	0.0094	0.0173	0.0073	0.0039	0.0170	0.0280	0.0117	0.0143	0.0066	0.0056	0.0085	0.0196	0.0076	0.0030	
0.0093	0.0114	0.0179	0.0106	0.0066	0.0094	0.0136	0.0146	0.0074	0.0079	0.0003	0.0051	0.0101	0.0196	0.0188	0.0199	0.0145	0.0155	0.0190	0.0143	0.0080	0.0003	0.0198	0.0061	0.0150	0.0178	0.0013	0.0200	0.0154	0.0054	0.0003	0.0200	0.0126	0.0145	0.0030	0.0156	0.0035	0.0108	0.0044	0.0171	0.0185	0.0217	0.0089	0.0013	0.0042	0.0132	0.0152	0.0119	0.0235	0.0073	0.0084	0.0177	0.0230	0.0110	0.0197	0.0160	0.0103	0.0104	0.0156	0.0068	0.0084	0.0188	0.0164	0.0009	0.0068	0.0058	0.0089	0.0160	0.0187	0.0200	0.0161	0.0086	0.0123	0.0183	0.0284	0.0129	0.0122	0.0259	0.0028	0.0208	
0.0051	0.0113	0.0218	0.0096	0.0191	0.0081	0.0235	0.0032	0.0184	0.0131	0.0055	0.0198	0.0168	0.0182	0.0145	0.0010	0.0015	0.0092	0.0200	0.0177	0.0053	0.0191	0.0186	0.0212	0.0127	0.0013	0.0033	0.0038	0.0135	0.0084	0.0022	0.0157	0.0058	0.0185	0.0237	0.0200	0.0182	0.0089	0.0034	0.0177	0.0100	0.0075	0.0176	0.0074	0.0172	0.0013	0.0176	0.0124	0.0049	0.0192	0.0067	0.0024	0.0029	0.0040	0.0191	0.0112	0.0137	0.0196	0.0175	0.0163	0.0044	0.0184	0.0092	0.0076	0.0101	0.0143	0.0078	0.0181	0.0217	0.0146	0.0051	0.0172	0.0063	0.0191	0.0145	0.0296	0.0224	0.0155	0.0065	0.0102	
0.0062	0.0161	0.0253	0.0195	0.0022	0.0241	0.0145	0.0032	0.0008	0.0144	0.0049	0.0283	0.0145	0.0085	0.0237	0.0182	0.0169	0.0126	0.0247	0.0016	0.0215	0.0204	0.0164	0.0119	0.0167	0.0132	0.0184	0.0076	0.0182	0.0204	0.0143	0.0028	0.0120	0.0095	0.0103	0.0157	0.0177	0.0175	0.0079	0.0089	0.0037	0.0068	0.0179	0.0120	0.0151	0.0076	0.0050	0.0206	0.0024	0.0188	0.0013	0.0136	0.0182	0.0042	0.0205	0.0169	0.0175	0.0111	0.0016	0.0108	0.0047	0.0065	0.0082	0.0034	0.0261	0.0026	0.0064	0.0030	0.0229	0.0024	0.0003	0.0038	0.0052	0.0102	0.0273	0.0130	0.0250	0.0104	0.0236	0.0080	
0.0046	0.0256	0.0055	0.0011	0.0200	0.0007	0.0138	0.0123	0.0133	0.0238	0.0203	0.0104	0.0185	0.0173	0.0083	0.0175	0.0164	0.0159	0.0123	0.0084	0.0014	0.0018	0.0221	0.0233	0.0200	0.0181	0.0062	0.0095	0.0060	0.0078	0.0196	0.0135	0.0074	0.0197	0.0001	0.0071	0.0007	0.0081	0.0071	0.0173	0.0184	0.0222	0.0113	0.0055	0.0067	0.0163	0.0158	0.0070	0.0034	0.0003	0.0116	0.0092	0.0271	0.0110	0.0081	0.0089	0.0197	0.0048	0.0069	0.0209	0.0224	0.0025	0.0030	0.0047	0.0043	0.0104	0.0197	0.0198	0.0212	0.0002	0.0196	0.0176	0.0084	0.0131	0.0258	0.0071	0.0139	0.0266	0.0186	0.0235	
0.0078	0.0251	0.0044	0.0066	0.0196	0.0081	0.0158	0.0218	0.0100	0.0172	0.0062	0.0227	0.0266	0.0094	0.0058	0.0161	0.0145	0.0068	0.0000	0.0180	0.0229	0.0136	0.0099	0.0030	0.0030	0.0182	0.0192	0.0107	0.0203	0.0024	0.0217	0.0044	0.0084	0.0082	0.0116	0.0171	0.0202	0.0213	0.0097	0.0174	0.0215	0.0002	0.0092	0.0063	0.0193	0.0015	0.0152	0.0202	0.0071	0.0007	0.0114	0.0072	0.0198	0.0181	0.0028	0.0227	0.0100	0.0014	0.0030	0.0207	0.0102	0.0035	0.0203	0.0071	0.0207	0.0030	0.0082	0.0143	0.0234	0.0086	0.0156	0.0229	0.0223	0.0047	0.0275	0.0233	0.0024	0.0070	0.0096	0.0011	
0.0050	0.0002	0.0044	0.0211	0.0165	0.0142	0.0101	0.0156	0.0062	0.0169	0.0101	0.0239	0.0191	0.0127	0.0119	0.0163	0.0017	0.0036	0.0123	0.0130	0.0197	0.0000	0.0232	0.0205	0.0059	0.0146	0.0088	0.0159	0.0225	0.0064	0.0205	0.0055	0.0135	0.0022	0.0140	0.0096	0.0240	0.0007	0.0168	0.0049	0.0190	0.0209	0.0091	0.0088	0.0003	0.0203	0.0025	0.0085	0.0203	0.0067	0.0175	0.0249	0.0197	0.0174	0.0095	0.0079	0.0004	0.0064	0.0150	0.0001	0.0044	0.0207	0.0145	0.0214	0.0214	0.0039	0.0043	0.0163	0.0214	0.0011	0.0193	0.0014	0.0121	0.0046	0.0227	0.0263	0.0157	0.0198	0.0214	0.0078	
0.0102	0.0005	0.0205	0.0168	0.0146	0.0206	0.0139	0.0238	0.0209	0.0087	0.0081	0.0220	0.0107	0.0185	0.0020	0.0297	0.0044	0.0086	0.0130	0.0200	0.0199	0.0126	0.0117	0.0229	0.0138	0.0169	0.0118	0.0192	0.0003	0.0120	0.0227	0.0112	0.0088	0.0070	0.0111	0.0041	0.0201	0.0003	0.0119	0.0019	0.0232	0.0110	0.0219	0.0172	0.0263	0.0012	0.0147	0.0197	0.0045	0.0262	0.0201	0.0060	0.0061	0.0009	0.0160	0.0028	0.0136	0.0053	0.0020	0.0192	0.0081	0.0259	0.0211	0.0062	0.0167	0.0004	0.0086	0.0034	0.0053	0.0274	0.0021	0.0062	0.0001	0.0103	0.0021	0.0106	0.0151	0.0329	0.0004	0.0113	
0.0010	0.0186	0.0104	0.0039	0.0179	0.0114	0.0038	0.0090	0.0146	0.0101	0.0115	0.0200	0.0235	0.0133	0.0220	0.0217	0.0107	0.0139	0.0005	0.0132	0.0202	0.0120	0.0113	0.0053	0.0178	0.0090	0.0031	0.0210	0.0201	0.0056	0.0139	0.0172	0.0027	0.0129	0.0165	0.0133	0.0069	0.0142	0.0104	0.0009	0.0212	0.0219	0.0086	0.0214	0.0083	0.0076	0.0058	0.0069	0.0155	0.0027	0.0166	0.0245	0.0196	0.0066	0.0164	0.0140	0.0019	0.0051	0.0073	0.0062	0.0095	0.0083	0.0085	0.0078	0.0202	0.0204	0.0116	0.0073	0.0201	0.0028	0.0127	0.0264	0.0045	0.0235	0.0202	0.0210	0.0015	0.0220	0.0199	0.0084	
0.0027	0.0219	0.0055	0.0221	0.0113	0.0144	0.0287	0.0233	0.0179	0.0050	0.0099	0.0041	0.0071	0.0031	0.0213	0.0111	0.0084	0.0014	0.0295	0.0072	0.0236	0.0200	0.0084	0.0105	0.0130	0.0118	0.0130	0.0241	0.0107	0.0178	0.0139	0.0098	0.0037	0.0224	0.0011	0.0125	0.0019	0.0140	0.0178	0.0032	0.0021	0.0187	0.0079	0.0254	0.0161	0.0103	0.0216	0.0004	0.0078	0.0050	0.0053	0.0002	0.0215	0.0084	0.0142	0.0089	0.0078	0.0164	0.0057	0.0152	0.0261	0.0312	0.0045	0.0159	0.0180	0.0045	0.0164	0.0050	0.0033	0.0015	0.0090	0.0277	0.0048	0.0207	0.0112	0.0023	0.0097	0.0206	0.0199	0.0203	
0.0003	0.0191	0.0147	0.0090	0.0166	0.0108	0.0190	0.0199	0.0086	0.0197	0.0040	0.0117	0.0054	0.0018	0.0078	0.0022	0.0082	0.0118	0.0026	0.0079	0.0189	0.0114	0.0181	0.0054	0.0183	0.0053	0.0160	0.0270	0.0056	0.0106	0.0272	0.0214	0.0130	0.0093	0.0185	0.0062	0.0083	0.0204	0.0043	0.0035	0.0159	0.0028	0.0168	0.0129	0.0264	0.0024	0.0203	0.0022	0.0138	0.0045	0.0123	0.0258	0.0147	0.0086	0.0072	0.0125	0.0146	0.0078	0.0125	0.0087	0.0181	0.0187	0.0089	0.0154	0.0195	0.0096	0.0116	0.0174	0.0080	0.0001	0.0143	0.0186	0.0089	0.0227	0.0249	0.0197	0.0153	0.0155	0.0077	0.0123	
0.0047	0.0189	0.0133	0.0019	0.0254	0.0018	0.0073	0.0093	0.0022	0.0051	0.0125	0.0020	0.0056	0.0178	0.0143	0.0009	0.0121	0.0207	0.0163	0.0097	0.0162	0.0234	0.0167	0.0130	0.0120	0.0212	0.0100	0.0176	0.0166	0.0160	0.0278	0.0088	0.0001	0.0013	0.0214	0.0277	0.0029	0.0087	0.0193	0.0138	0.0047	0.0046	0.0178	0.0047	0.0154	0.0136	0.0112	0.0126	0.0092	0.0167	0.0199	0.0186	0.0230	0.0172	0.0004	0.0116	0.0176	0.0209	0.0145	0.0009	0.0174	0.0184	0.0129	0.0068	0.0066	0.0033	0.0014	0.0041	0.0206	0.0111	0.0213	0.0079	0.0026	0.0234	0.0088	0.0140	0.0055	0.0190	0.0247	0.0185	
0.0073	0.0230	0.0068	0.0233	0.0208	0.0059	0.0153	0.0039	0.0009	0.0072	0.0011	0.0061	0.0177	0.0188	0.0024	0.0126	0.0111	0.0067	0.0224	0.0086	0.0154	0.0054	0.0163	0.0200	0.0176	0.0139	0.0126	0.0270	0.0143	0.0142	0.0107	0.0093	0.0190	0.0178	0.0113	0.0224	0.0061	0.0158	0.0117	0.0000	0.0149	0.0220	0.0036	0.0165	0.0152	0.0157	0.0120	0.0056	0.0204	0.0155	0.0187	0.0255	0.0176	0.0139	0.0072	0.0083	0.0039	0.0115	0.0036	0.0046	0.0178	0.0182	0.0133	0.0084	0.0205	0.0173	0.0066	0.0004	0.0073	0.0076	0.0080	0.0250	0.0199	0.0189	0.0198	0.0196	0.0016	0.0011	0.0075	0.0023	
0.0023	0.0066	0.0012	0.0196	0.0206	0.0120	0.0174	0.0083	0.0123	0.0039	0.0117	0.0197	0.0099	0.0078	0.0062	0.0004	0.0076	0.0114	0.0165	0.0165	0.0096	0.0118	0.0192	0.0156	0.0074	0.0206	0.0216	0.0217	0.0209	0.0133	0.0071	0.0037	0.0042	0.0013	0.0016	0.0121	0.0102	0.0158	0.0144	0.0086	0.0020	0.0212	0.0118	0.0041	0.0239	0.0105	0.0073	0.0120	0.0166	0.0201	0.0081	0.0103	0.0070	0.0134	0.0143	0.0171	0.0073	0.0140	0.0126	0.0190	0.0113	0.0206	0.0129	0.0194	0.0207	0.0098	0.0157	0.0105	0.0046	0.0198	0.0106	0.0197	0.0030	0.0082	0.0134	0.0125	0.0229	0.0224	0.0203	0.0167	
0.0060	0.0107	0.0049	0.0011	0.0067	0.0222	0.0245	0.0181	0.0090	0.0112	0.0044	0.0002	0.0029	0.0154	0.0198	0.0049	0.0071	0.0130	0.0073	0.0052	0.0221	0.0225	0.0074	0.0201	0.0070	0.0131	0.0044	0.0245	0.0163	0.0027	0.0181	0.0156	0.0137	0.0169	0.0093	0.0026	0.0136	0.0113	0.0120	0.0183	0.0137	0.0217	0.0005	0.0216	0.0137	0.0095	0.0159	0.0077	0.0127	0.0090	0.0029	0.0089	0.0115	0.0103	0.0251	0.0104	0.0027	0.0058	0.0164	0.0142	0.0185	0.0255	0.0185	0.0052	0.0179	0.0131	0.0060	0.0091	0.0082	0.0142	0.0149	0.0218	0.0007	0.0075	0.0205	0.0330	0.0229	0.0154	0.0087	0.0183	
0.0009	0.0237	0.0102	0.0086	0.0235	0.0081	0.0054	0.0055	0.0182	0.0262	0.0223	0.0108	0.0220	0.0212	0.0071	0.0162	0.0193	0.0188	0.0301	0.0219	0.0054	0.0032	0.0009	0.0194	0.0197	0.0050	0.0066	0.0028	0.0200	0.0001	0.0153	0.0168	0.0163	0.0216	0.0166	0.0210	0.0129	0.0148	0.0070	0.0091	0.0101	0.0024	0.0140	0.0145	0.0210	0.0072	0.0041	0.0023	0.0028	0.0239	0.0221	0.0060	0.0147	0.0066	0.0168	0.0264	0.0176	0.0133	0.0112	0.0162	0.0003	0.0022	0.0063	0.0154	0.0090	0.0093	0.0093	0.0199	0.0079	0.0071	0.0041	0.0114	0.0122	0.0135	0.0203	0.0031	0.0104	0.0176	0.0024	0.0104	

Emissions
0.0316	0.2073	0.0021	0.6959	0.0264	0.0252	0.0114	
0.1265	0.0567	0.1584	0.0174	0.4696	0.0167	0.1547	
0.1359	0.1279	0.2510	0.0013	0.0827	0.1082	0.2929	
0.0648	0.1690	0.1637	0.0873	0.2443	0.2647	0.0062	
0.2249	0.1464	0.1220	0.0280	0.2341	0.0478	0.1968	
0.2592	0.0171	0.1016	0.0896	0.0054	0.2085	0.3185	
0.1608	0.1340	0.0419	0.0231	0.1713	0.4433	0.0255	
0.0706	0.0762	0.0874	0.0607	0.3412	0.1638	0.2000	
0.1220	0.0788	0.0595	0.1051	0.3451	0.0035	0.2860	
0.1183	0.0450	0.1511	0.0762	0.3247	0.1689	0.1158	
0.1239	0.1984	0.1516	0.0287	0.0159	0.0282	0.4533	
0.0370	0.1260	0.1083	0.0236	0.3327	0.2776	0.0948	
0.0613	0.0244	0.2059	0.1213	0.2432	0.2428	0.1011	
0.2226	0.0876	0.0614	0.1431	0.1882	0.0089	0.2882	
0.0974	0.0502	0.1517	0.0477	0.4427	0.1865	0.0238	
0.2439	0.0359	0.0996	0.1968	0.3271	0.0227	0.0741	
0.1331	0.3125	0.0881	0.2431	0.0383	0.0642	0.1208	
0.0339	0.0897	0.3883	0.1720	0.0999	0.0633	0.1529	
0.0495	0.0333	0.1328	0.0980	0.3572	0.1638	0.1654	
0.0860	0.2182	0.1612	0.1223	0.1996	0.0949	0.1178	
0.0030	0.1719	0.2672	0.0037	0.4134	0.0592	0.0815	
0.0959	0.3287	0.1524	0.0612	0.2391	0.0595	0.0631	
0.0253	0.2886	0.0049	0.1500	0.1136	0.2412	0.1765	
0.2993	0.1540	0.0112	0.0774	0.1490	0.2379	0.0712	
0.1680	0.1204	0.1880	0.0788	0.0350	0.3829	0.0268	
0.1776	0.3354	0.1046	0.0914	0.0239	0.0273	0.2399	
0.0391	0.4542	0.1087	0.1064	0.1548	0.0580	0.0788	
0.0247	0.3240	0.0325	0.0695	0.3180	0.2122	0.0190	
0.1559	0.2505	0.0880	0.0814	0.2535	0.0100	0.1608	
0.0888	0.3014	0.1501	0.1099	0.2188	0.0341	0.0969	
0.1812	0.1080	0.0678	0.0138	0.2175	0.2491	0.1625	
0.1022	0.0828	0.0305	0.0614	0.3046	0.2993	0.1191	
0.1457	0.3790	0.0817	0.1847	0.0220	0.0024	0.1845	
0.1547	0.2490	0.2005	0.0498	0.0130	0.1689	0.1641	
0.0053	0.1504	0.1759	0.0825	0.1223	0.4221	0.0416	
0.0588	0.4228	0.0578	0.0036	0.1403	0.1665	0.1502	
0.1052	0.0661	0.1609	0.1100	0.1059	0.1658	0.2862	
0.1070	0.2219	0.0478	0.1664	0.1548	0.2736	0.0284	
0.1161	0.1538	0.1726	0.1243	0.3207	0.0021	0.1105	
0.2277	0.2247	0.0451	0.2433	0.0214	0.0787	0.1591	
0.1923	0.0231	0.0822	0.0735	0.2964	0.1954	0.1371	
0.1142	0.0986	0.0855	0.1323	0.2320	0.1828	0.1545	
0.0968	0.5013	0.1232	0.0277	0.0906	0.0096	0.1508	
0.0789	0.0769	0.1343	0.0456	0.1757	0.3434	0.1452	
0.2317	0.0997	0.0263	0.0194	0.4366	0.0852	0.1011	
0.0658	0.3314	0.1815	0.1452	0.1442	0.0992	0.0328	
0.0294	0.1695	0.2125	0.0529	0.0294	0.3030	0.2032	
0.1879	0.1527	0.1422	0.0902	0.1754	0.0737	0.1779	
0.2037	0.0004	0.1204	0.0586	0.3625	0.0474	0.2070	
0.2236	0.0666	0.1380	0.0833	0.3271	0.1448	0.0167	
0.2377	0.1448	0.1260	0.0945	0.2379	0.1152	0.0439	
0.1836	0.1652	0.0122	0.0301	0.3299	0.2702	0.0087	
0.1893	0.1123	0.0697	0.0553	0.0186	0.4256	0.1293	
0.1379	0.4703	0.0131	0.1674	0.1527	0.0280	0.0307	
0.0114	0.2712	0.0944	0.0460	0.2135	0.1423	0.2213	
0.0329	0.0390	0.0111	0.2421	0.5264	0.1308	0.0177	
0.0638	0.2254	0.0516	0.2642	0.1550	0.1415	0.0985	
0.1757	0.1436	0.0878	0.1367	0.2641	0.1271	0.0650	
0.2159	0.3039	0.1274	0.0871	0.0010	0.0056	0.2592	
0.1532	0.2466	0.2318	0.0699	0.1423	0.0371	0.1192	
0.1330	0.0687	0.2231	0.0272	0.1545	0.2115	0.1821	
0.1003	0.1811	0.1081	0.0015	0.2421	0.3275	0.0393	
0.0702	0.3352	0.0894	0.1845	0.2283	0.0341	0.0583	
0.0991	0.2288	0.1350	0.2129	0.1805	0.0309	0.1128	
0.1680	0.0485	0.1276	0.1182	0.2046	0.2206	0.1126	
0.0528	0.3050	0.1380	0.1085	0.1677	0.1467	0.0814	
0.1569	0.3459	0.0578	0.1094	0.1323	0.1398	0.0579	
0.1311	0.1624	0.1105	0.1309	0.2703	0.0175	0.1772	
0.1707	0.0077	0.0928	0.1879	0.0241	0.3218	0.1950	
0.0985	0.2783	0.0032	0.2134	0.3011	0.0591	0.0464	
0.0294	0.3407	0.0827	0.0846	0.2498	0.0013	0.2115	
0.2142	0.0758	0.0932	0.0194	0.3379	0.1912	0.0683	
0.1354	0.0715	0.1008	0.1770	0.2652	0.1030	0.1472	
0.2406	0.1247	0.2289	0.0958	0.0296	0.2661	0.0143	
0.0386	0.0468	0.1434	0.0492	0.0239	0.5219	0.1762	
0.1388	0.0343	0.0308	0.0125	0.0697	0.4284	0.2854	
0.1425	0.1515	0.1157	0.0363	0.2113	0.1349	0.2079	
0.1352	0.1015	0.0180	0.0083	0.4041	0.2349	0.0980	
0.1657	0.2313	0.0083	0.1221	0.0915	0.2144	0.1666	
0.0270	0.3262	0.1728	0.1308	0.1580	0.1016	0.0836	
