DataSet 41
Learner: Baum Welch Learner
Log Likelihood: 68643.7937972428

Number of States: 50
Number of Symbols: 7
Threshold: 0.01

Initial Distribution:
0.0377	0.0350	0.0062	0.0224	0.0230	0.0282	0.0018	0.0087	0.0189	0.0598	0.0752	0.0295	0.0016	0.0100	0.0096	0.0174	0.1299	0.0047	0.0295	0.0020	0.0284	0.0027	0.0057	0.0064	0.0021	0.0044	0.0010	0.0066	0.0153	0.0753	0.0060	0.0037	0.0273	0.0218	0.0041	0.0095	0.0006	0.0661	0.0085	0.0102	0.0120	0.0366	0.0024	0.0382	0.0012	0.0193	0.0238	0.0045	0.0048	0.0007	

Transitions:
0.0011	0.0045	0.0314	0.0122	0.0273	0.0187	0.0118	0.0416	0.0286	0.0130	0.0139	0.0115	0.0030	0.0377	0.0147	0.0259	0.0005	0.0064	0.0152	0.0204	0.0074	0.0307	0.0101	0.0086	0.0364	0.0339	0.0306	0.0407	0.0335	0.0238	0.0302	0.0225	0.0293	0.0138	0.0292	0.0039	0.0186	0.0186	0.0113	0.0299	0.0020	0.0046	0.0383	0.0253	0.0404	0.0141	0.0240	0.0271	0.0043	0.0174	
0.0240	0.0093	0.0061	0.0329	0.0332	0.0062	0.0433	0.0311	0.0237	0.0048	0.0341	0.0193	0.0049	0.0108	0.0291	0.0394	0.0172	0.0262	0.0072	0.0136	0.0126	0.0190	0.0400	0.0262	0.0154	0.0052	0.0391	0.0255	0.0165	0.0144	0.0007	0.0073	0.0306	0.0116	0.0075	0.0267	0.0206	0.0018	0.0291	0.0230	0.0101	0.0292	0.0003	0.0100	0.0519	0.0287	0.0020	0.0360	0.0060	0.0365	
0.0346	0.0079	0.0171	0.0391	0.0111	0.0068	0.0180	0.0267	0.0153	0.0292	0.0094	0.0191	0.0117	0.0102	0.0047	0.0268	0.0274	0.0319	0.0027	0.0421	0.0198	0.0187	0.0402	0.0319	0.0028	0.0267	0.0155	0.0282	0.0228	0.0280	0.0025	0.0071	0.0137	0.0191	0.0186	0.0328	0.0364	0.0346	0.0011	0.0358	0.0103	0.0244	0.0234	0.0029	0.0136	0.0313	0.0182	0.0318	0.0055	0.0104	
0.0350	0.0107	0.0299	0.0080	0.0122	0.0180	0.0126	0.0317	0.0276	0.0305	0.0298	0.0348	0.0006	0.0310	0.0263	0.0033	0.0032	0.0285	0.0315	0.0099	0.0328	0.0367	0.0334	0.0052	0.0314	0.0312	0.0289	0.0348	0.0131	0.0117	0.0038	0.0264	0.0159	0.0119	0.0285	0.0314	0.0199	0.0064	0.0068	0.0330	0.0226	0.0015	0.0016	0.0122	0.0067	0.0129	0.0298	0.0296	0.0173	0.0077	
0.0180	0.0214	0.0295	0.0269	0.0102	0.0034	0.0212	0.0213	0.0108	0.0146	0.0178	0.0231	0.0180	0.0207	0.0217	0.0050	0.0114	0.0256	0.0033	0.0411	0.0153	0.0298	0.0236	0.0309	0.0335	0.0344	0.0303	0.0190	0.0311	0.0110	0.0302	0.0014	0.0090	0.0035	0.0221	0.0112	0.0322	0.0142	0.0253	0.0178	0.0123	0.0246	0.0271	0.0192	0.0072	0.0313	0.0177	0.0230	0.0210	0.0257	
0.0236	0.0028	0.0254	0.0274	0.0164	0.0241	0.0070	0.0445	0.0032	0.0156	0.0084	0.0024	0.0290	0.0004	0.0249	0.0252	0.0067	0.0103	0.0367	0.0138	0.0131	0.0373	0.0384	0.0196	0.0246	0.0333	0.0090	0.0475	0.0330	0.0260	0.0088	0.0134	0.0271	0.0267	0.0230	0.0312	0.0205	0.0200	0.0153	0.0308	0.0107	0.0222	0.0152	0.0158	0.0132	0.0099	0.0101	0.0408	0.0017	0.0140	
0.0241	0.0174	0.0285	0.0235	0.0231	0.0340	0.0155	0.0093	0.0080	0.0401	0.0219	0.0088	0.0101	0.0140	0.0138	0.0019	0.0133	0.0295	0.0202	0.0352	0.0120	0.0340	0.0389	0.0073	0.0526	0.0351	0.0241	0.0157	0.0112	0.0091	0.0190	0.0231	0.0417	0.0114	0.0075	0.0364	0.0371	0.0079	0.0166	0.0268	0.0313	0.0057	0.0185	0.0255	0.0135	0.0026	0.0214	0.0042	0.0086	0.0088	
0.0399	0.0332	0.0147	0.0190	0.0080	0.0001	0.0358	0.0272	0.0233	0.0443	0.0159	0.0026	0.0539	0.0010	0.0311	0.0046	0.0118	0.0479	0.0070	0.0232	0.0157	0.0102	0.0160	0.0522	0.0080	0.0085	0.0133	0.0028	0.0466	0.0468	0.0097	0.0280	0.0033	0.0024	0.0167	0.0395	0.0138	0.0292	0.0064	0.0076	0.0099	0.0111	0.0397	0.0246	0.0199	0.0264	0.0121	0.0199	0.0083	0.0070	
0.0182	0.0192	0.0302	0.0257	0.0225	0.0208	0.0172	0.0177	0.0052	0.0001	0.0167	0.0265	0.0246	0.0249	0.0252	0.0274	0.0215	0.0309	0.0253	0.0394	0.0219	0.0247	0.0340	0.0338	0.0120	0.0034	0.0197	0.0297	0.0187	0.0171	0.0302	0.0372	0.0289	0.0177	0.0054	0.0160	0.0272	0.0074	0.0046	0.0180	0.0161	0.0205	0.0122	0.0039	0.0204	0.0175	0.0203	0.0043	0.0270	0.0109	
0.0192	0.0151	0.0258	0.0180	0.0096	0.0022	0.0368	0.0408	0.0202	0.0300	0.0092	0.0291	0.0406	0.0261	0.0043	0.0291	0.0269	0.0328	0.0169	0.0062	0.0116	0.0303	0.0300	0.0073	0.0139	0.0046	0.0153	0.0280	0.0225	0.0272	0.0152	0.0172	0.0301	0.0036	0.0040	0.0204	0.0130	0.0163	0.0192	0.0032	0.0276	0.0229	0.0317	0.0142	0.0143	0.0279	0.0323	0.0307	0.0014	0.0249	
0.0191	0.0249	0.0185	0.0218	0.0032	0.0243	0.0297	0.0180	0.0041	0.0032	0.0169	0.0105	0.0167	0.0345	0.0147	0.0262	0.0199	0.0300	0.0166	0.0309	0.0140	0.0112	0.0113	0.0108	0.0217	0.0253	0.0381	0.0107	0.0300	0.0156	0.0079	0.0260	0.0191	0.0218	0.0350	0.0145	0.0359	0.0284	0.0258	0.0101	0.0292	0.0280	0.0109	0.0103	0.0192	0.0122	0.0067	0.0437	0.0307	0.0124	
0.0230	0.0023	0.0077	0.0160	0.0043	0.0125	0.0281	0.0118	0.0083	0.0129	0.0239	0.0174	0.0273	0.0235	0.0371	0.0334	0.0187	0.0178	0.0289	0.0475	0.0026	0.0363	0.0366	0.0080	0.0360	0.0279	0.0034	0.0407	0.0359	0.0047	0.0180	0.0029	0.0103	0.0121	0.0351	0.0061	0.0236	0.0044	0.0241	0.0207	0.0338	0.0159	0.0303	0.0179	0.0238	0.0138	0.0071	0.0344	0.0168	0.0140	
0.0204	0.0296	0.0044	0.0016	0.0135	0.0296	0.0134	0.0001	0.0225	0.0153	0.0097	0.0373	0.0206	0.0058	0.0475	0.0286	0.0041	0.0090	0.0278	0.0469	0.0170	0.0255	0.0366	0.0124	0.0084	0.0299	0.0110	0.0144	0.0316	0.0143	0.0215	0.0179	0.0176	0.0157	0.0247	0.0286	0.0598	0.0084	0.0011	0.0024	0.0504	0.0153	0.0238	0.0120	0.0161	0.0029	0.0053	0.0357	0.0246	0.0274	
0.0079	0.0009	0.0038	0.0333	0.0381	0.0038	0.0058	0.0440	0.0350	0.0338	0.0231	0.0002	0.0134	0.0131	0.0515	0.0362	0.0125	0.0366	0.0246	0.0106	0.0300	0.0464	0.0087	0.0318	0.0376	0.0027	0.0041	0.0142	0.0003	0.0029	0.0212	0.0294	0.0270	0.0367	0.0082	0.0196	0.0138	0.0271	0.0234	0.0165	0.0288	0.0047	0.0176	0.0086	0.0274	0.0401	0.0074	0.0080	0.0156	0.0122	
0.0204	0.0109	0.0346	0.0135	0.0323	0.0082	0.0271	0.0179	0.0296	0.0282	0.0304	0.0279	0.0309	0.0285	0.0130	0.0267	0.0117	0.0096	0.0028	0.0169	0.0206	0.0283	0.0083	0.0099	0.0246	0.0211	0.0158	0.0347	0.0040	0.0275	0.0302	0.0324	0.0296	0.0215	0.0125	0.0039	0.0246	0.0059	0.0006	0.0272	0.0230	0.0212	0.0229	0.0204	0.0158	0.0229	0.0085	0.0163	0.0273	0.0176	
0.0161	0.0350	0.0033	0.0361	0.0197	0.0308	0.0049	0.0328	0.0221	0.0123	0.0239	0.0416	0.0154	0.0058	0.0438	0.0023	0.0301	0.0041	0.0185	0.0098	0.0100	0.0101	0.0130	0.0102	0.0425	0.0409	0.0053	0.0220	0.0346	0.0361	0.0145	0.0028	0.0385	0.0199	0.0149	0.0360	0.0425	0.0010	0.0052	0.0144	0.0005	0.0280	0.0176	0.0245	0.0059	0.0248	0.0156	0.0219	0.0276	0.0108	
0.0233	0.0050	0.0008	0.0209	0.0065	0.0102	0.0313	0.0335	0.0337	0.0151	0.0224	0.0266	0.0464	0.0357	0.0340	0.0241	0.0218	0.0320	0.0282	0.0644	0.0067	0.0273	0.0372	0.0026	0.0097	0.0155	0.0371	0.0256	0.0040	0.0066	0.0168	0.0276	0.0234	0.0143	0.0085	0.0063	0.0019	0.0076	0.0122	0.0031	0.0125	0.0421	0.0030	0.0154	0.0270	0.0133	0.0017	0.0370	0.0254	0.0131	
0.0183	0.0233	0.0261	0.0272	0.0034	0.0242	0.0095	0.0393	0.0145	0.0265	0.0136	0.0026	0.0330	0.0272	0.0068	0.0055	0.0260	0.0114	0.0189	0.0352	0.0179	0.0276	0.0159	0.0285	0.0285	0.0084	0.0295	0.0194	0.0185	0.0266	0.0124	0.0047	0.0291	0.0185	0.0236	0.0264	0.0438	0.0282	0.0132	0.0118	0.0408	0.0028	0.0302	0.0169	0.0287	0.0097	0.0076	0.0157	0.0108	0.0119	
0.0127	0.0275	0.0048	0.0383	0.0271	0.0331	0.0165	0.0004	0.0046	0.0312	0.0002	0.0358	0.0193	0.0335	0.0211	0.0138	0.0070	0.0034	0.0035	0.0203	0.0076	0.0037	0.0416	0.0082	0.0432	0.0247	0.0422	0.0396	0.0040	0.0125	0.0391	0.0221	0.0033	0.0050	0.0196	0.0227	0.0547	0.0318	0.0284	0.0246	0.0207	0.0325	0.0316	0.0195	0.0179	0.0053	0.0255	0.0026	0.0035	0.0080	
0.0011	0.0057	0.0110	0.0349	0.0047	0.0090	0.0365	0.0419	0.0033	0.0083	0.0004	0.0221	0.0429	0.0320	0.0409	0.0172	0.0178	0.0092	0.0085	0.0421	0.0106	0.0149	0.0100	0.0199	0.0428	0.0114	0.0129	0.0143	0.0310	0.0231	0.0327	0.0386	0.0264	0.0237	0.0136	0.0280	0.0087	0.0031	0.0001	0.0054	0.0326	0.0021	0.0326	0.0171	0.0317	0.0319	0.0009	0.0436	0.0203	0.0267	
0.0143	0.0194	0.0359	0.0096	0.0337	0.0268	0.0506	0.0446	0.0029	0.0352	0.0349	0.0301	0.0038	0.0219	0.0221	0.0045	0.0292	0.0025	0.0200	0.0083	0.0135	0.0300	0.0138	0.0047	0.0089	0.0147	0.0298	0.0321	0.0404	0.0409	0.0121	0.0197	0.0317	0.0015	0.0145	0.0163	0.0062	0.0199	0.0371	0.0303	0.0446	0.0143	0.0010	0.0052	0.0122	0.0066	0.0002	0.0201	0.0077	0.0196	
0.0018	0.0517	0.0290	0.0244	0.0234	0.0261	0.0092	0.0353	0.0022	0.0317	0.0026	0.0162	0.0443	0.0037	0.0349	0.0220	0.0436	0.0012	0.0043	0.0021	0.0001	0.0230	0.0032	0.0479	0.0140	0.0003	0.0212	0.0056	0.0384	0.0009	0.0137	0.0124	0.0182	0.0164	0.0467	0.0122	0.0425	0.0097	0.0256	0.0207	0.0082	0.0133	0.0196	0.0174	0.0320	0.0219	0.0162	0.0364	0.0213	0.0312	
0.0091	0.0419	0.0110	0.0053	0.0215	0.0195	0.0333	0.0348	0.0071	0.0198	0.0073	0.0046	0.0347	0.0016	0.0145	0.0264	0.0347	0.0252	0.0045	0.0119	0.0266	0.0352	0.0207	0.0308	0.0383	0.0236	0.0309	0.0296	0.0067	0.0336	0.0269	0.0283	0.0233	0.0097	0.0329	0.0123	0.0011	0.0128	0.0319	0.0118	0.0175	0.0029	0.0459	0.0047	0.0164	0.0012	0.0215	0.0138	0.0047	0.0357	
0.0175	0.0296	0.0321	0.0074	0.0335	0.0147	0.0187	0.0246	0.0066	0.0349	0.0216	0.0098	0.0214	0.0127	0.0340	0.0161	0.0188	0.0190	0.0089	0.0330	0.0231	0.0261	0.0303	0.0360	0.0365	0.0238	0.0215	0.0125	0.0091	0.0314	0.0007	0.0221	0.0172	0.0121	0.0107	0.0280	0.0337	0.0140	0.0108	0.0070	0.0319	0.0096	0.0023	0.0313	0.0260	0.0033	0.0160	0.0210	0.0098	0.0277	
0.0175	0.0012	0.0052	0.0071	0.0020	0.0358	0.0004	0.0530	0.0086	0.0124	0.0308	0.0120	0.0210	0.0162	0.0458	0.0021	0.0264	0.0102	0.0036	0.0524	0.0240	0.0074	0.0121	0.0026	0.0112	0.0190	0.0257	0.0460	0.0076	0.0375	0.0060	0.0037	0.0466	0.0174	0.0191	0.0443	0.0263	0.0142	0.0128	0.0170	0.0469	0.0303	0.0076	0.0016	0.0226	0.0224	0.0392	0.0365	0.0032	0.0254	
0.0115	0.0110	0.0237	0.0138	0.0056	0.0109	0.0309	0.0025	0.0302	0.0266	0.0109	0.0082	0.0339	0.0138	0.0072	0.0263	0.0096	0.0335	0.0361	0.0349	0.0177	0.0166	0.0402	0.0332	0.0060	0.0320	0.0349	0.0084	0.0240	0.0264	0.0155	0.0345	0.0279	0.0203	0.0214	0.0314	0.0216	0.0235	0.0114	0.0015	0.0086	0.0126	0.0156	0.0226	0.0029	0.0234	0.0024	0.0299	0.0296	0.0229	
0.0083	0.0037	0.0355	0.0091	0.0018	0.0327	0.0174	0.0443	0.0060	0.0162	0.0117	0.0311	0.0196	0.0133	0.0136	0.0182	0.0163	0.0098	0.0368	0.0166	0.0080	0.0314	0.0336	0.0490	0.0364	0.0053	0.0426	0.0148	0.0273	0.0215	0.0320	0.0104	0.0133	0.0013	0.0196	0.0125	0.0059	0.0214	0.0188	0.0226	0.0269	0.0201	0.0194	0.0362	0.0386	0.0236	0.0017	0.0064	0.0146	0.0224	
0.0050	0.0286	0.0364	0.0209	0.0127	0.0208	0.0201	0.0344	0.0153	0.0314	0.0284	0.0033	0.0103	0.0263	0.0265	0.0044	0.0094	0.0133	0.0316	0.0435	0.0106	0.0342	0.0290	0.0117	0.0382	0.0232	0.0073	0.0310	0.0080	0.0044	0.0023	0.0348	0.0333	0.0008	0.0139	0.0314	0.0115	0.0228	0.0223	0.0281	0.0356	0.0080	0.0013	0.0187	0.0271	0.0141	0.0140	0.0316	0.0092	0.0190	
0.0078	0.0270	0.0111	0.0176	0.0092	0.0071	0.0049	0.0295	0.0242	0.0332	0.0152	0.0341	0.0247	0.0152	0.0406	0.0038	0.0066	0.0076	0.0130	0.0311	0.0291	0.0264	0.0332	0.0032	0.0056	0.0029	0.0312	0.0053	0.0264	0.0161	0.0054	0.0186	0.0144	0.0228	0.0358	0.0143	0.0266	0.0180	0.0267	0.0042	0.0343	0.0194	0.0409	0.0276	0.0170	0.0371	0.0245	0.0263	0.0248	0.0183	
0.0077	0.0090	0.0153	0.0197	0.0258	0.0237	0.0443	0.0090	0.0114	0.0065	0.0111	0.0003	0.0462	0.0165	0.0307	0.0378	0.0151	0.0412	0.0183	0.0257	0.0196	0.0312	0.0202	0.0101	0.0020	0.0102	0.0250	0.0407	0.0306	0.0055	0.0169	0.0114	0.0175	0.0069	0.0083	0.0363	0.0030	0.0346	0.0339	0.0101	0.0180	0.0163	0.0070	0.0202	0.0410	0.0303	0.0248	0.0324	0.0063	0.0142	
0.0172	0.0324	0.0085	0.0088	0.0387	0.0154	0.0333	0.0070	0.0156	0.0212	0.0022	0.0043	0.0213	0.0063	0.0398	0.0028	0.0219	0.0315	0.0055	0.0328	0.0336	0.0309	0.0504	0.0128	0.0045	0.0053	0.0214	0.0403	0.0187	0.0131	0.0266	0.0425	0.0301	0.0128	0.0293	0.0264	0.0029	0.0097	0.0085	0.0285	0.0038	0.0293	0.0178	0.0172	0.0091	0.0125	0.0352	0.0004	0.0306	0.0293	
0.0053	0.0386	0.0243	0.0166	0.0181	0.0302	0.0300	0.0462	0.0035	0.0391	0.0345	0.0432	0.0313	0.0064	0.0441	0.0044	0.0150	0.0060	0.0190	0.0052	0.0007	0.0182	0.0274	0.0233	0.0326	0.0008	0.0078	0.0248	0.0027	0.0355	0.0095	0.0259	0.0011	0.0283	0.0070	0.0302	0.0199	0.0146	0.0352	0.0320	0.0471	0.0039	0.0056	0.0139	0.0426	0.0039	0.0085	0.0106	0.0233	0.0025	
0.0283	0.0279	0.0209	0.0270	0.0230	0.0251	0.0134	0.0039	0.0210	0.0156	0.0211	0.0093	0.0372	0.0137	0.0286	0.0106	0.0280	0.0372	0.0351	0.0063	0.0234	0.0021	0.0118	0.0295	0.0097	0.0360	0.0089	0.0071	0.0240	0.0223	0.0335	0.0425	0.0364	0.0003	0.0352	0.0171	0.0025	0.0130	0.0011	0.0148	0.0177	0.0114	0.0286	0.0148	0.0067	0.0252	0.0089	0.0364	0.0269	0.0190	
0.0045	0.0098	0.0105	0.0190	0.0127	0.0283	0.0224	0.0357	0.0139	0.0300	0.0173	0.0074	0.0211	0.0014	0.0260	0.0258	0.0114	0.0327	0.0172	0.0088	0.0080	0.0245	0.0416	0.0263	0.0333	0.0155	0.0145	0.0362	0.0209	0.0197	0.0247	0.0176	0.0154	0.0022	0.0197	0.0196	0.0314	0.0152	0.0213	0.0003	0.0415	0.0061	0.0327	0.0086	0.0370	0.0086	0.0296	0.0286	0.0294	0.0141	
0.0112	0.0155	0.0173	0.0235	0.0105	0.0187	0.0157	0.0314	0.0243	0.0006	0.0171	0.0350	0.0157	0.0413	0.0072	0.0046	0.0253	0.0180	0.0231	0.0040	0.0004	0.0412	0.0112	0.0209	0.0131	0.0025	0.0312	0.0375	0.0321	0.0201	0.0214	0.0330	0.0385	0.0040	0.0099	0.0108	0.0019	0.0317	0.0296	0.0378	0.0109	0.0016	0.0318	0.0230	0.0273	0.0080	0.0325	0.0460	0.0031	0.0268	
0.0149	0.0172	0.0042	0.0332	0.0148	0.0133	0.0072	0.0451	0.0093	0.0087	0.0256	0.0288	0.0387	0.0095	0.0243	0.0291	0.0269	0.0074	0.0283	0.0427	0.0026	0.0405	0.0319	0.0279	0.0414	0.0441	0.0089	0.0294	0.0374	0.0020	0.0064	0.0357	0.0245	0.0026	0.0018	0.0027	0.0318	0.0050	0.0231	0.0302	0.0054	0.0024	0.0227	0.0205	0.0087	0.0225	0.0072	0.0226	0.0040	0.0251	
0.0150	0.0347	0.0128	0.0096	0.0316	0.0219	0.0308	0.0272	0.0404	0.0236	0.0089	0.0249	0.0021	0.0110	0.0037	0.0378	0.0014	0.0349	0.0069	0.0173	0.0072	0.0397	0.0257	0.0590	0.0364	0.0002	0.0123	0.0028	0.0180	0.0146	0.0386	0.0341	0.0234	0.0088	0.0334	0.0207	0.0256	0.0191	0.0213	0.0207	0.0155	0.0042	0.0113	0.0087	0.0347	0.0243	0.0015	0.0115	0.0212	0.0090	
0.0192	0.0160	0.0125	0.0246	0.0223	0.0281	0.0104	0.0164	0.0191	0.0226	0.0089	0.0350	0.0041	0.0325	0.0342	0.0178	0.0026	0.0406	0.0235	0.0345	0.0182	0.0286	0.0167	0.0306	0.0084	0.0024	0.0209	0.0112	0.0138	0.0084	0.0439	0.0028	0.0245	0.0088	0.0339	0.0151	0.0224	0.0343	0.0257	0.0004	0.0101	0.0113	0.0554	0.0278	0.0143	0.0240	0.0016	0.0302	0.0229	0.0062	
0.0141	0.0080	0.0310	0.0393	0.0241	0.0293	0.0055	0.0293	0.0134	0.0187	0.0055	0.0500	0.0003	0.0105	0.0310	0.0064	0.0064	0.0338	0.0383	0.0215	0.0010	0.0118	0.0101	0.0257	0.0225	0.0118	0.0315	0.0277	0.0195	0.0242	0.0007	0.0439	0.0280	0.0053	0.0351	0.0283	0.0199	0.0239	0.0168	0.0315	0.0120	0.0229	0.0128	0.0066	0.0434	0.0092	0.0080	0.0408	0.0059	0.0026	
0.0112	0.0098	0.0337	0.0087	0.0045	0.0072	0.0006	0.0082	0.0165	0.0224	0.0089	0.0295	0.0077	0.0428	0.0252	0.0115	0.0099	0.0377	0.0197	0.0465	0.0306	0.0280	0.0162	0.0017	0.0064	0.0110	0.0412	0.0009	0.0341	0.0082	0.0478	0.0470	0.0154	0.0140	0.0158	0.0346	0.0112	0.0227	0.0020	0.0247	0.0415	0.0067	0.0091	0.0014	0.0353	0.0279	0.0271	0.0244	0.0285	0.0221	
0.0325	0.0150	0.0122	0.0112	0.0100	0.0249	0.0387	0.0304	0.0022	0.0346	0.0086	0.0406	0.0187	0.0121	0.0232	0.0111	0.0090	0.0316	0.0188	0.0294	0.0030	0.0333	0.0364	0.0413	0.0060	0.0263	0.0131	0.0119	0.0166	0.0181	0.0235	0.0207	0.0126	0.0071	0.0102	0.0237	0.0307	0.0020	0.0039	0.0214	0.0398	0.0168	0.0195	0.0055	0.0156	0.0296	0.0277	0.0384	0.0192	0.0112	
0.0093	0.0294	0.0342	0.0010	0.0132	0.0062	0.0293	0.0197	0.0043	0.0200	0.0118	0.0320	0.0126	0.0306	0.0149	0.0281	0.0158	0.0088	0.0018	0.0540	0.0210	0.0092	0.0369	0.0373	0.0409	0.0247	0.0137	0.0281	0.0250	0.0119	0.0354	0.0217	0.0293	0.0035	0.0052	0.0255	0.0311	0.0103	0.0211	0.0019	0.0009	0.0086	0.0434	0.0144	0.0084	0.0068	0.0094	0.0501	0.0306	0.0166	
0.0027	0.0214	0.0361	0.0247	0.0225	0.0046	0.0101	0.0001	0.0073	0.0315	0.0283	0.0437	0.0448	0.0390	0.0407	0.0338	0.0268	0.0054	0.0169	0.0351	0.0086	0.0181	0.0252	0.0001	0.0468	0.0197	0.0127	0.0101	0.0337	0.0223	0.0131	0.0211	0.0325	0.0015	0.0132	0.0112	0.0361	0.0023	0.0175	0.0400	0.0246	0.0169	0.0041	0.0269	0.0105	0.0020	0.0149	0.0063	0.0255	0.0069	
0.0075	0.0063	0.0187	0.0093	0.0111	0.0285	0.0062	0.0422	0.0294	0.0066	0.0299	0.0011	0.0108	0.0304	0.0284	0.0196	0.0070	0.0367	0.0238	0.0322	0.0138	0.0401	0.0311	0.0211	0.0091	0.0399	0.0157	0.0351	0.0382	0.0311	0.0004	0.0099	0.0214	0.0235	0.0226	0.0063	0.0009	0.0229	0.0302	0.0247	0.0088	0.0293	0.0133	0.0152	0.0086	0.0206	0.0129	0.0289	0.0111	0.0273	
0.0276	0.0257	0.0266	0.0077	0.0317	0.0089	0.0217	0.0455	0.0019	0.0199	0.0139	0.0203	0.0010	0.0408	0.0079	0.0211	0.0163	0.0232	0.0045	0.0188	0.0146	0.0289	0.0472	0.0459	0.0151	0.0247	0.0220	0.0117	0.0120	0.0262	0.0186	0.0350	0.0134	0.0037	0.0427	0.0134	0.0280	0.0111	0.0296	0.0066	0.0290	0.0020	0.0250	0.0078	0.0093	0.0257	0.0247	0.0130	0.0069	0.0213	
0.0275	0.0269	0.0137	0.0292	0.0101	0.0068	0.0284	0.0294	0.0270	0.0065	0.0200	0.0128	0.0286	0.0150	0.0039	0.0197	0.0053	0.0358	0.0000	0.0382	0.0019	0.0095	0.0343	0.0387	0.0372	0.0146	0.0040	0.0322	0.0282	0.0216	0.0340	0.0133	0.0018	0.0236	0.0312	0.0234	0.0211	0.0176	0.0251	0.0262	0.0283	0.0280	0.0178	0.0194	0.0259	0.0107	0.0137	0.0072	0.0056	0.0190	
0.0172	0.0350	0.0140	0.0167	0.0182	0.0251	0.0006	0.0204	0.0353	0.0405	0.0045	0.0447	0.0432	0.0107	0.0143	0.0125	0.0096	0.0366	0.0239	0.0203	0.0061	0.0333	0.0049	0.0130	0.0079	0.0078	0.0338	0.0063	0.0189	0.0238	0.0426	0.0447	0.0246	0.0071	0.0079	0.0041	0.0006	0.0296	0.0125	0.0035	0.0329	0.0008	0.0235	0.0335	0.0327	0.0300	0.0392	0.0091	0.0133	0.0086	
0.0007	0.0229	0.0260	0.0312	0.0153	0.0268	0.0303	0.0025	0.0071	0.0116	0.0302	0.0379	0.0469	0.0191	0.0494	0.0063	0.0125	0.0305	0.0017	0.0087	0.0106	0.0279	0.0265	0.0246	0.0371	0.0059	0.0067	0.0101	0.0266	0.0187	0.0091	0.0293	0.0348	0.0074	0.0240	0.0150	0.0181	0.0321	0.0278	0.0158	0.0193	0.0318	0.0219	0.0015	0.0115	0.0308	0.0015	0.0042	0.0338	0.0177	
0.0095	0.0099	0.0064	0.0064	0.0336	0.0132	0.0027	0.0048	0.0294	0.0118	0.0211	0.0227	0.0173	0.0325	0.0042	0.0089	0.0032	0.0300	0.0343	0.0271	0.0269	0.0281	0.0495	0.0327	0.0364	0.0155	0.0045	0.0224	0.0113	0.0406	0.0041	0.0037	0.0120	0.0070	0.0074	0.0361	0.0244	0.0265	0.0102	0.0039	0.0151	0.0072	0.0338	0.0180	0.0383	0.0347	0.0205	0.0314	0.0341	0.0346	
0.0203	0.0108	0.0088	0.0116	0.0214	0.0203	0.0114	0.0208	0.0092	0.0221	0.0098	0.0255	0.0343	0.0398	0.0079	0.0181	0.0068	0.0075	0.0211	0.0051	0.0221	0.0191	0.0215	0.0354	0.0136	0.0255	0.0275	0.0219	0.0326	0.0346	0.0294	0.0160	0.0183	0.0102	0.0128	0.0281	0.0406	0.0005	0.0182	0.0154	0.0324	0.0256	0.0115	0.0258	0.0364	0.0259	0.0140	0.0343	0.0104	0.0078	

Emissions
0.1626	0.1827	0.0487	0.2455	0.0843	0.0514	0.2248	
0.0792	0.3307	0.0071	0.1757	0.2430	0.0945	0.0700	
0.1693	0.2312	0.0176	0.0520	0.2491	0.1435	0.1373	
0.0502	0.2517	0.0293	0.0839	0.3331	0.0481	0.2037	
0.2282	0.2592	0.0367	0.2119	0.0546	0.1475	0.0620	
0.1870	0.1803	0.3108	0.0428	0.0602	0.0018	0.2171	
0.0077	0.1117	0.0904	0.0868	0.1383	0.3778	0.1873	
0.1520	0.1471	0.1462	0.0167	0.2938	0.1637	0.0806	
0.3016	0.0428	0.1820	0.1666	0.0693	0.0443	0.1934	
0.0724	0.3684	0.0064	0.1576	0.3054	0.0190	0.0708	
0.1460	0.2952	0.1189	0.2461	0.1250	0.0252	0.0436	
0.0219	0.3534	0.1716	0.1151	0.1027	0.1995	0.0359	
0.2437	0.0556	0.1519	0.0200	0.0248	0.3565	0.1475	
0.0273	0.0663	0.1274	0.1366	0.2902	0.2358	0.1163	
0.1547	0.1579	0.0497	0.0719	0.3119	0.2137	0.0402	
0.0516	0.2062	0.1506	0.1260	0.1688	0.1149	0.1819	
0.0626	0.4546	0.0166	0.3068	0.0761	0.0163	0.0670	
0.1635	0.0731	0.1087	0.1216	0.1360	0.2754	0.1217	
0.0409	0.3373	0.1804	0.1075	0.0934	0.1239	0.1165	
0.0261	0.0719	0.1936	0.0461	0.0557	0.4361	0.1704	
0.1606	0.1059	0.1423	0.1858	0.2166	0.0079	0.1809	
0.1251	0.1935	0.0303	0.0774	0.3763	0.1973	0.0001	
0.0471	0.1848	0.1083	0.0488	0.3461	0.2634	0.0015	
0.2085	0.2486	0.0314	0.0138	0.3237	0.1002	0.0738	
0.1490	0.0480	0.0854	0.0185	0.1631	0.3039	0.2322	
0.0088	0.2112	0.0315	0.0801	0.1922	0.3049	0.1712	
0.0294	0.1241	0.1890	0.0583	0.1031	0.2610	0.2352	
0.1455	0.1378	0.0095	0.0487	0.1296	0.2850	0.2438	
0.0605	0.1194	0.1280	0.1016	0.3013	0.1179	0.1712	
0.0922	0.4134	0.1107	0.0899	0.2464	0.0051	0.0424	
0.1788	0.0971	0.1264	0.0346	0.3356	0.0770	0.1504	
0.0901	0.0692	0.0943	0.0564	0.3094	0.1811	0.1995	
0.1637	0.1446	0.1994	0.0140	0.2904	0.0220	0.1659	
0.1432	0.2419	0.0431	0.1717	0.2028	0.0137	0.1836	
0.1812	0.1176	0.0566	0.0683	0.1404	0.2696	0.1662	
0.2102	0.1160	0.1736	0.0524	0.2082	0.0515	0.1880	
0.0221	0.0102	0.0227	0.0796	0.3355	0.4124	0.1175	
0.0537	0.2536	0.0497	0.2854	0.2758	0.0365	0.0453	
0.2955	0.1674	0.1602	0.0658	0.0767	0.0286	0.2059	
0.1809	0.0676	0.1985	0.0532	0.2545	0.0499	0.1954	
0.1512	0.2383	0.0926	0.0237	0.2423	0.1814	0.0706	
0.1524	0.0126	0.3236	0.2142	0.1067	0.0225	0.1679	
0.2685	0.0308	0.1700	0.0641	0.1454	0.2865	0.0346	
0.0013	0.3898	0.0592	0.2265	0.0763	0.1203	0.1265	
0.1856	0.0363	0.1051	0.0217	0.2544	0.3076	0.0893	
0.0990	0.2075	0.1263	0.1664	0.1798	0.1701	0.0510	
0.0719	0.1946	0.1353	0.1367	0.2834	0.0222	0.1559	
0.0265	0.0637	0.1910	0.0443	0.1962	0.2894	0.1889	
0.1375	0.1120	0.1610	0.0923	0.2452	0.0940	0.1580	
0.3256	0.0857	0.0963	0.0668	0.2226	0.0445	0.1585	
