DataSet 41
Learner: Baum Welch Learner
Log Likelihood: 68647.6705472401

Number of States: 70
Number of Symbols: 7
Threshold: 0.01

Initial Distribution:
0.0017	0.0030	0.0026	0.0034	0.0041	0.0060	0.0048	0.0097	0.0378	0.0068	0.0523	0.0074	0.0043	0.0013	0.0085	0.0026	0.0064	0.0106	0.0060	0.0295	0.0026	0.0140	0.0021	0.0197	0.0069	0.0307	0.0327	0.0126	0.0122	0.0454	0.0019	0.0352	0.0027	0.0037	0.0063	0.0571	0.0310	0.0034	0.0150	0.0024	0.0011	0.0134	0.0105	0.0036	0.0032	0.0044	0.0037	0.0453	0.0228	0.0101	0.0016	0.0232	0.0088	0.0061	0.0101	0.0723	0.0388	0.0010	0.0040	0.0027	0.0004	0.0011	0.0312	0.0247	0.0016	0.0210	0.0011	0.0725	0.0001	0.0132	

Transitions:
0.0121	0.0002	0.0044	0.0150	0.0186	0.0109	0.0215	0.0275	0.0146	0.0160	0.0104	0.0039	0.0105	0.0293	0.0134	0.0087	0.0083	0.0174	0.0169	0.0117	0.0052	0.0245	0.0012	0.0105	0.0034	0.0242	0.0020	0.0139	0.0015	0.0091	0.0133	0.0135	0.0110	0.0193	0.0072	0.0107	0.0170	0.0236	0.0234	0.0108	0.0270	0.0228	0.0072	0.0163	0.0200	0.0265	0.0238	0.0212	0.0107	0.0224	0.0172	0.0197	0.0064	0.0181	0.0046	0.0106	0.0220	0.0243	0.0101	0.0192	0.0065	0.0098	0.0232	0.0084	0.0059	0.0201	0.0228	0.0145	0.0210	0.0007	
0.0238	0.0136	0.0160	0.0084	0.0237	0.0163	0.0204	0.0148	0.0160	0.0084	0.0027	0.0037	0.0076	0.0108	0.0272	0.0267	0.0112	0.0283	0.0164	0.0226	0.0163	0.0236	0.0217	0.0076	0.0057	0.0157	0.0219	0.0277	0.0133	0.0203	0.0044	0.0003	0.0103	0.0119	0.0032	0.0055	0.0052	0.0001	0.0007	0.0292	0.0343	0.0181	0.0016	0.0037	0.0199	0.0029	0.0023	0.0129	0.0185	0.0178	0.0192	0.0306	0.0121	0.0292	0.0167	0.0168	0.0182	0.0116	0.0009	0.0008	0.0187	0.0231	0.0017	0.0249	0.0053	0.0028	0.0317	0.0174	0.0073	0.0162	
0.0146	0.0101	0.0191	0.0174	0.0255	0.0359	0.0166	0.0150	0.0140	0.0029	0.0129	0.0057	0.0140	0.0272	0.0118	0.0032	0.0171	0.0156	0.0206	0.0077	0.0139	0.0236	0.0301	0.0250	0.0079	0.0086	0.0116	0.0041	0.0271	0.0121	0.0079	0.0029	0.0149	0.0279	0.0276	0.0021	0.0064	0.0165	0.0248	0.0183	0.0016	0.0064	0.0129	0.0267	0.0150	0.0069	0.0043	0.0039	0.0170	0.0006	0.0124	0.0090	0.0059	0.0262	0.0038	0.0147	0.0102	0.0250	0.0086	0.0161	0.0158	0.0174	0.0150	0.0048	0.0260	0.0087	0.0200	0.0110	0.0273	0.0067	
0.0279	0.0336	0.0120	0.0042	0.0069	0.0093	0.0072	0.0016	0.0104	0.0026	0.0037	0.0078	0.0186	0.0363	0.0021	0.0291	0.0214	0.0188	0.0261	0.0092	0.0212	0.0114	0.0132	0.0130	0.0035	0.0125	0.0158	0.0123	0.0019	0.0037	0.0162	0.0145	0.0083	0.0080	0.0035	0.0095	0.0208	0.0021	0.0171	0.0320	0.0132	0.0127	0.0068	0.0068	0.0117	0.0071	0.0348	0.0131	0.0040	0.0300	0.0139	0.0045	0.0264	0.0166	0.0184	0.0077	0.0143	0.0035	0.0340	0.0232	0.0191	0.0261	0.0261	0.0072	0.0202	0.0164	0.0013	0.0078	0.0306	0.0131	
0.0032	0.0269	0.0219	0.0256	0.0302	0.0107	0.0051	0.0048	0.0004	0.0245	0.0104	0.0018	0.0081	0.0052	0.0227	0.0090	0.0189	0.0228	0.0163	0.0192	0.0247	0.0196	0.0033	0.0230	0.0095	0.0157	0.0086	0.0236	0.0184	0.0198	0.0049	0.0121	0.0235	0.0150	0.0232	0.0163	0.0076	0.0003	0.0169	0.0089	0.0074	0.0128	0.0017	0.0008	0.0094	0.0151	0.0154	0.0181	0.0173	0.0086	0.0259	0.0098	0.0264	0.0036	0.0231	0.0084	0.0177	0.0299	0.0138	0.0107	0.0272	0.0064	0.0154	0.0057	0.0235	0.0229	0.0083	0.0160	0.0115	0.0045	
0.0008	0.0236	0.0016	0.0085	0.0142	0.0133	0.0169	0.0025	0.0148	0.0219	0.0022	0.0171	0.0107	0.0112	0.0308	0.0205	0.0195	0.0238	0.0197	0.0116	0.0250	0.0096	0.0170	0.0077	0.0088	0.0009	0.0227	0.0222	0.0069	0.0120	0.0064	0.0197	0.0156	0.0133	0.0074	0.0034	0.0087	0.0138	0.0158	0.0122	0.0224	0.0210	0.0095	0.0168	0.0085	0.0118	0.0244	0.0066	0.0076	0.0289	0.0044	0.0159	0.0047	0.0311	0.0118	0.0183	0.0046	0.0269	0.0287	0.0129	0.0147	0.0257	0.0236	0.0048	0.0204	0.0111	0.0021	0.0237	0.0019	0.0211	
0.0143	0.0062	0.0008	0.0088	0.0236	0.0057	0.0273	0.0248	0.0165	0.0289	0.0040	0.0126	0.0161	0.0092	0.0070	0.0211	0.0112	0.0140	0.0018	0.0133	0.0282	0.0093	0.0206	0.0052	0.0241	0.0211	0.0165	0.0046	0.0236	0.0155	0.0110	0.0154	0.0046	0.0131	0.0121	0.0174	0.0117	0.0236	0.0061	0.0074	0.0236	0.0070	0.0157	0.0273	0.0059	0.0308	0.0070	0.0081	0.0275	0.0006	0.0306	0.0134	0.0269	0.0122	0.0186	0.0003	0.0110	0.0292	0.0090	0.0204	0.0113	0.0233	0.0001	0.0018	0.0199	0.0087	0.0146	0.0024	0.0293	0.0054	
0.0019	0.0173	0.0063	0.0230	0.0249	0.0244	0.0147	0.0197	0.0201	0.0019	0.0169	0.0062	0.0070	0.0276	0.0005	0.0205	0.0226	0.0201	0.0145	0.0122	0.0109	0.0187	0.0171	0.0115	0.0219	0.0240	0.0050	0.0173	0.0074	0.0199	0.0105	0.0002	0.0214	0.0168	0.0247	0.0061	0.0072	0.0023	0.0164	0.0041	0.0113	0.0227	0.0181	0.0062	0.0013	0.0017	0.0147	0.0016	0.0021	0.0235	0.0142	0.0208	0.0187	0.0090	0.0233	0.0074	0.0003	0.0230	0.0246	0.0236	0.0151	0.0253	0.0112	0.0036	0.0202	0.0167	0.0130	0.0130	0.0299	0.0179	
0.0178	0.0298	0.0005	0.0160	0.0032	0.0238	0.0338	0.0126	0.0107	0.0309	0.0120	0.0034	0.0220	0.0157	0.0115	0.0240	0.0116	0.0156	0.0259	0.0187	0.0081	0.0139	0.0056	0.0234	0.0224	0.0146	0.0106	0.0213	0.0182	0.0085	0.0235	0.0196	0.0027	0.0107	0.0115	0.0178	0.0232	0.0087	0.0085	0.0153	0.0166	0.0231	0.0101	0.0034	0.0149	0.0165	0.0084	0.0007	0.0303	0.0051	0.0151	0.0330	0.0014	0.0115	0.0139	0.0004	0.0176	0.0086	0.0241	0.0183	0.0064	0.0080	0.0250	0.0028	0.0090	0.0171	0.0019	0.0083	0.0024	0.0186	
0.0220	0.0031	0.0059	0.0077	0.0047	0.0207	0.0028	0.0018	0.0074	0.0069	0.0075	0.0093	0.0261	0.0123	0.0308	0.0155	0.0182	0.0229	0.0214	0.0095	0.0004	0.0146	0.0154	0.0185	0.0054	0.0066	0.0195	0.0069	0.0225	0.0214	0.0097	0.0205	0.0320	0.0025	0.0098	0.0062	0.0196	0.0185	0.0050	0.0282	0.0275	0.0179	0.0204	0.0141	0.0076	0.0225	0.0093	0.0120	0.0035	0.0184	0.0222	0.0086	0.0195	0.0202	0.0187	0.0051	0.0150	0.0200	0.0004	0.0270	0.0237	0.0237	0.0059	0.0118	0.0283	0.0123	0.0098	0.0173	0.0008	0.0166	
0.0294	0.0002	0.0155	0.0305	0.0164	0.0159	0.0242	0.0004	0.0101	0.0154	0.0249	0.0082	0.0046	0.0078	0.0008	0.0397	0.0058	0.0079	0.0148	0.0038	0.0210	0.0042	0.0255	0.0082	0.0053	0.0016	0.0098	0.0128	0.0177	0.0210	0.0144	0.0124	0.0124	0.0122	0.0222	0.0198	0.0236	0.0286	0.0092	0.0093	0.0198	0.0208	0.0060	0.0186	0.0008	0.0196	0.0259	0.0222	0.0158	0.0315	0.0117	0.0037	0.0140	0.0265	0.0032	0.0170	0.0062	0.0081	0.0195	0.0114	0.0022	0.0082	0.0127	0.0165	0.0015	0.0125	0.0328	0.0190	0.0191	0.0058	
0.0057	0.0107	0.0288	0.0041	0.0203	0.0013	0.0268	0.0070	0.0053	0.0199	0.0097	0.0093	0.0287	0.0212	0.0169	0.0095	0.0014	0.0201	0.0074	0.0005	0.0195	0.0180	0.0072	0.0223	0.0063	0.0098	0.0037	0.0156	0.0184	0.0159	0.0217	0.0194	0.0152	0.0081	0.0242	0.0325	0.0039	0.0091	0.0112	0.0026	0.0279	0.0005	0.0001	0.0318	0.0006	0.0242	0.0093	0.0189	0.0028	0.0243	0.0143	0.0103	0.0198	0.0158	0.0168	0.0151	0.0026	0.0030	0.0266	0.0067	0.0312	0.0112	0.0210	0.0197	0.0016	0.0117	0.0300	0.0149	0.0323	0.0160	
0.0055	0.0231	0.0061	0.0050	0.0073	0.0237	0.0136	0.0096	0.0245	0.0154	0.0025	0.0104	0.0190	0.0276	0.0081	0.0078	0.0110	0.0028	0.0194	0.0054	0.0301	0.0012	0.0138	0.0042	0.0049	0.0172	0.0103	0.0105	0.0291	0.0191	0.0281	0.0184	0.0381	0.0201	0.0194	0.0227	0.0037	0.0101	0.0064	0.0024	0.0011	0.0283	0.0058	0.0135	0.0047	0.0181	0.0261	0.0346	0.0163	0.0249	0.0028	0.0248	0.0042	0.0259	0.0231	0.0042	0.0114	0.0036	0.0337	0.0261	0.0085	0.0073	0.0122	0.0097	0.0244	0.0157	0.0105	0.0001	0.0055	0.0155	
0.0059	0.0333	0.0195	0.0176	0.0040	0.0012	0.0222	0.0284	0.0216	0.0159	0.0159	0.0106	0.0244	0.0057	0.0148	0.0020	0.0112	0.0082	0.0264	0.0125	0.0092	0.0004	0.0127	0.0134	0.0198	0.0232	0.0109	0.0222	0.0212	0.0155	0.0072	0.0191	0.0243	0.0293	0.0155	0.0026	0.0256	0.0151	0.0153	0.0191	0.0100	0.0122	0.0025	0.0105	0.0024	0.0278	0.0097	0.0048	0.0259	0.0183	0.0026	0.0032	0.0046	0.0225	0.0079	0.0039	0.0137	0.0122	0.0219	0.0092	0.0179	0.0310	0.0062	0.0096	0.0123	0.0236	0.0190	0.0005	0.0219	0.0089	
0.0042	0.0265	0.0170	0.0064	0.0053	0.0346	0.0222	0.0017	0.0096	0.0272	0.0144	0.0078	0.0015	0.0047	0.0181	0.0031	0.0186	0.0028	0.0187	0.0118	0.0169	0.0175	0.0290	0.0082	0.0021	0.0118	0.0045	0.0195	0.0298	0.0051	0.0083	0.0076	0.0199	0.0160	0.0141	0.0070	0.0150	0.0256	0.0146	0.0108	0.0092	0.0163	0.0244	0.0224	0.0260	0.0096	0.0278	0.0026	0.0276	0.0082	0.0087	0.0157	0.0135	0.0076	0.0259	0.0155	0.0270	0.0119	0.0041	0.0241	0.0246	0.0058	0.0022	0.0062	0.0232	0.0064	0.0204	0.0134	0.0223	0.0082	
0.0176	0.0209	0.0126	0.0087	0.0033	0.0359	0.0159	0.0039	0.0093	0.0208	0.0108	0.0015	0.0242	0.0235	0.0266	0.0210	0.0190	0.0116	0.0186	0.0231	0.0076	0.0029	0.0242	0.0195	0.0149	0.0024	0.0099	0.0187	0.0009	0.0121	0.0204	0.0063	0.0126	0.0165	0.0170	0.0132	0.0233	0.0035	0.0029	0.0261	0.0298	0.0251	0.0182	0.0106	0.0070	0.0213	0.0091	0.0069	0.0091	0.0289	0.0108	0.0068	0.0288	0.0212	0.0012	0.0088	0.0198	0.0262	0.0197	0.0004	0.0166	0.0241	0.0028	0.0208	0.0035	0.0051	0.0179	0.0060	0.0025	0.0073	
0.0219	0.0213	0.0070	0.0215	0.0322	0.0170	0.0064	0.0130	0.0097	0.0258	0.0193	0.0020	0.0122	0.0021	0.0061	0.0116	0.0103	0.0211	0.0135	0.0037	0.0199	0.0059	0.0145	0.0022	0.0091	0.0031	0.0168	0.0212	0.0079	0.0011	0.0011	0.0174	0.0073	0.0290	0.0062	0.0186	0.0002	0.0048	0.0247	0.0171	0.0080	0.0126	0.0056	0.0212	0.0063	0.0146	0.0125	0.0008	0.0236	0.0214	0.0307	0.0289	0.0287	0.0292	0.0159	0.0115	0.0054	0.0047	0.0111	0.0229	0.0246	0.0099	0.0049	0.0123	0.0279	0.0196	0.0266	0.0085	0.0295	0.0147	
0.0112	0.0057	0.0207	0.0265	0.0314	0.0059	0.0243	0.0232	0.0194	0.0241	0.0178	0.0180	0.0063	0.0169	0.0056	0.0014	0.0014	0.0106	0.0074	0.0188	0.0123	0.0224	0.0225	0.0004	0.0249	0.0240	0.0074	0.0198	0.0230	0.0080	0.0198	0.0217	0.0053	0.0043	0.0098	0.0172	0.0044	0.0284	0.0014	0.0159	0.0187	0.0131	0.0063	0.0164	0.0025	0.0020	0.0025	0.0144	0.0082	0.0250	0.0296	0.0130	0.0074	0.0054	0.0048	0.0121	0.0111	0.0250	0.0276	0.0275	0.0286	0.0052	0.0255	0.0146	0.0071	0.0211	0.0158	0.0019	0.0054	0.0129	
0.0287	0.0019	0.0070	0.0265	0.0034	0.0369	0.0177	0.0045	0.0221	0.0233	0.0208	0.0172	0.0151	0.0366	0.0158	0.0055	0.0164	0.0008	0.0335	0.0224	0.0072	0.0096	0.0000	0.0030	0.0161	0.0129	0.0113	0.0193	0.0100	0.0065	0.0195	0.0258	0.0173	0.0261	0.0274	0.0194	0.0048	0.0143	0.0018	0.0076	0.0319	0.0105	0.0227	0.0055	0.0035	0.0085	0.0221	0.0005	0.0026	0.0016	0.0053	0.0124	0.0045	0.0102	0.0089	0.0115	0.0013	0.0071	0.0008	0.0206	0.0159	0.0298	0.0223	0.0176	0.0079	0.0240	0.0034	0.0169	0.0380	0.0162	
0.0002	0.0039	0.0275	0.0254	0.0298	0.0325	0.0147	0.0251	0.0254	0.0135	0.0211	0.0130	0.0186	0.0102	0.0027	0.0046	0.0244	0.0055	0.0146	0.0126	0.0231	0.0273	0.0171	0.0113	0.0235	0.0025	0.0136	0.0057	0.0282	0.0068	0.0044	0.0229	0.0011	0.0118	0.0013	0.0013	0.0143	0.0124	0.0140	0.0122	0.0023	0.0076	0.0058	0.0185	0.0278	0.0009	0.0086	0.0125	0.0190	0.0030	0.0005	0.0277	0.0105	0.0176	0.0294	0.0006	0.0165	0.0197	0.0318	0.0239	0.0143	0.0089	0.0257	0.0204	0.0095	0.0275	0.0135	0.0061	0.0087	0.0012	
0.0191	0.0138	0.0168	0.0022	0.0113	0.0182	0.0190	0.0273	0.0104	0.0188	0.0202	0.0263	0.0164	0.0283	0.0074	0.0055	0.0135	0.0162	0.0107	0.0004	0.0139	0.0255	0.0126	0.0188	0.0229	0.0222	0.0084	0.0116	0.0084	0.0243	0.0187	0.0236	0.0076	0.0176	0.0126	0.0157	0.0064	0.0066	0.0052	0.0142	0.0082	0.0196	0.0021	0.0075	0.0283	0.0136	0.0210	0.0008	0.0153	0.0028	0.0129	0.0255	0.0285	0.0077	0.0165	0.0166	0.0008	0.0319	0.0038	0.0165	0.0046	0.0090	0.0173	0.0136	0.0036	0.0210	0.0221	0.0009	0.0134	0.0162	
0.0290	0.0079	0.0071	0.0247	0.0274	0.0300	0.0202	0.0047	0.0153	0.0139	0.0027	0.0072	0.0261	0.0061	0.0151	0.0213	0.0033	0.0002	0.0287	0.0200	0.0165	0.0064	0.0038	0.0149	0.0102	0.0236	0.0006	0.0130	0.0044	0.0024	0.0222	0.0133	0.0154	0.0249	0.0034	0.0039	0.0184	0.0004	0.0136	0.0232	0.0296	0.0236	0.0050	0.0182	0.0141	0.0281	0.0096	0.0086	0.0318	0.0126	0.0281	0.0214	0.0026	0.0205	0.0031	0.0161	0.0032	0.0180	0.0127	0.0215	0.0270	0.0088	0.0003	0.0169	0.0243	0.0108	0.0236	0.0028	0.0025	0.0095	
0.0004	0.0029	0.0124	0.0045	0.0231	0.0229	0.0002	0.0145	0.0044	0.0126	0.0176	0.0172	0.0165	0.0232	0.0127	0.0229	0.0138	0.0346	0.0189	0.0115	0.0006	0.0008	0.0147	0.0202	0.0010	0.0198	0.0224	0.0140	0.0241	0.0282	0.0047	0.0040	0.0129	0.0191	0.0121	0.0191	0.0061	0.0218	0.0210	0.0131	0.0221	0.0193	0.0112	0.0004	0.0035	0.0048	0.0198	0.0091	0.0088	0.0233	0.0242	0.0193	0.0150	0.0217	0.0116	0.0262	0.0158	0.0275	0.0034	0.0057	0.0221	0.0134	0.0187	0.0054	0.0109	0.0139	0.0055	0.0234	0.0085	0.0189	
0.0239	0.0209	0.0026	0.0079	0.0217	0.0141	0.0187	0.0133	0.0129	0.0253	0.0222	0.0129	0.0074	0.0015	0.0018	0.0146	0.0171	0.0212	0.0077	0.0112	0.0006	0.0098	0.0249	0.0194	0.0174	0.0075	0.0222	0.0067	0.0188	0.0139	0.0317	0.0160	0.0005	0.0175	0.0010	0.0065	0.0156	0.0066	0.0285	0.0330	0.0129	0.0044	0.0062	0.0074	0.0070	0.0082	0.0060	0.0124	0.0044	0.0286	0.0281	0.0139	0.0239	0.0225	0.0178	0.0075	0.0184	0.0145	0.0158	0.0109	0.0131	0.0107	0.0206	0.0240	0.0289	0.0061	0.0173	0.0148	0.0003	0.0166	
0.0244	0.0129	0.0205	0.0074	0.0010	0.0340	0.0036	0.0178	0.0093	0.0143	0.0027	0.0099	0.0037	0.0244	0.0258	0.0143	0.0245	0.0059	0.0238	0.0203	0.0154	0.0047	0.0236	0.0153	0.0183	0.0024	0.0087	0.0075	0.0110	0.0002	0.0233	0.0098	0.0194	0.0119	0.0025	0.0129	0.0225	0.0153	0.0246	0.0265	0.0089	0.0072	0.0006	0.0019	0.0089	0.0323	0.0071	0.0014	0.0074	0.0141	0.0098	0.0110	0.0317	0.0115	0.0078	0.0151	0.0187	0.0036	0.0199	0.0305	0.0183	0.0251	0.0072	0.0114	0.0251	0.0178	0.0235	0.0152	0.0211	0.0099	
0.0198	0.0124	0.0093	0.0332	0.0127	0.0091	0.0044	0.0189	0.0070	0.0181	0.0214	0.0064	0.0014	0.0302	0.0193	0.0101	0.0140	0.0067	0.0024	0.0111	0.0208	0.0180	0.0284	0.0245	0.0075	0.0108	0.0239	0.0167	0.0076	0.0153	0.0061	0.0110	0.0105	0.0265	0.0208	0.0210	0.0002	0.0261	0.0268	0.0010	0.0160	0.0015	0.0196	0.0000	0.0021	0.0104	0.0266	0.0070	0.0222	0.0143	0.0044	0.0156	0.0202	0.0071	0.0171	0.0200	0.0112	0.0158	0.0203	0.0269	0.0088	0.0168	0.0100	0.0164	0.0131	0.0108	0.0279	0.0041	0.0047	0.0177	
0.0080	0.0161	0.0064	0.0012	0.0259	0.0193	0.0242	0.0239	0.0170	0.0255	0.0138	0.0151	0.0231	0.0226	0.0133	0.0178	0.0190	0.0033	0.0048	0.0206	0.0123	0.0125	0.0064	0.0241	0.0199	0.0239	0.0151	0.0032	0.0154	0.0151	0.0120	0.0128	0.0050	0.0254	0.0043	0.0129	0.0074	0.0163	0.0091	0.0012	0.0014	0.0148	0.0163	0.0198	0.0097	0.0173	0.0177	0.0122	0.0045	0.0214	0.0182	0.0193	0.0005	0.0080	0.0076	0.0165	0.0081	0.0073	0.0072	0.0241	0.0274	0.0210	0.0085	0.0032	0.0148	0.0237	0.0130	0.0197	0.0184	0.0227	
0.0101	0.0041	0.0205	0.0045	0.0237	0.0350	0.0223	0.0153	0.0148	0.0051	0.0096	0.0018	0.0300	0.0272	0.0006	0.0192	0.0147	0.0298	0.0194	0.0112	0.0057	0.0012	0.0120	0.0125	0.0016	0.0085	0.0051	0.0159	0.0053	0.0102	0.0040	0.0165	0.0322	0.0065	0.0136	0.0140	0.0275	0.0229	0.0146	0.0131	0.0320	0.0282	0.0157	0.0031	0.0168	0.0292	0.0268	0.0145	0.0038	0.0280	0.0123	0.0166	0.0125	0.0077	0.0220	0.0065	0.0200	0.0131	0.0022	0.0152	0.0236	0.0074	0.0094	0.0063	0.0017	0.0197	0.0034	0.0174	0.0109	0.0121	
0.0222	0.0232	0.0099	0.0067	0.0156	0.0137	0.0113	0.0086	0.0190	0.0050	0.0123	0.0169	0.0137	0.0109	0.0300	0.0187	0.0079	0.0221	0.0136	0.0055	0.0248	0.0168	0.0281	0.0010	0.0221	0.0200	0.0140	0.0110	0.0014	0.0214	0.0274	0.0006	0.0067	0.0201	0.0054	0.0192	0.0070	0.0055	0.0251	0.0151	0.0316	0.0159	0.0123	0.0290	0.0008	0.0032	0.0283	0.0003	0.0093	0.0169	0.0185	0.0132	0.0123	0.0047	0.0208	0.0017	0.0233	0.0108	0.0154	0.0205	0.0310	0.0002	0.0062	0.0266	0.0124	0.0121	0.0147	0.0168	0.0049	0.0067	
0.0088	0.0028	0.0228	0.0313	0.0110	0.0082	0.0033	0.0258	0.0002	0.0180	0.0223	0.0114	0.0034	0.0166	0.0101	0.0130	0.0189	0.0023	0.0266	0.0027	0.0251	0.0230	0.0194	0.0048	0.0205	0.0205	0.0066	0.0134	0.0159	0.0131	0.0218	0.0196	0.0210	0.0002	0.0060	0.0086	0.0155	0.0130	0.0253	0.0167	0.0307	0.0287	0.0074	0.0275	0.0211	0.0113	0.0293	0.0125	0.0189	0.0003	0.0304	0.0093	0.0008	0.0008	0.0100	0.0076	0.0102	0.0184	0.0083	0.0117	0.0332	0.0189	0.0092	0.0110	0.0274	0.0002	0.0219	0.0023	0.0111	0.0004	
0.0205	0.0063	0.0053	0.0080	0.0037	0.0286	0.0137	0.0192	0.0094	0.0077	0.0220	0.0145	0.0233	0.0163	0.0226	0.0085	0.0203	0.0263	0.0153	0.0215	0.0262	0.0236	0.0030	0.0103	0.0123	0.0101	0.0135	0.0198	0.0004	0.0166	0.0192	0.0173	0.0114	0.0173	0.0063	0.0139	0.0018	0.0167	0.0199	0.0155	0.0217	0.0197	0.0035	0.0261	0.0119	0.0103	0.0191	0.0190	0.0182	0.0150	0.0027	0.0184	0.0158	0.0130	0.0020	0.0165	0.0027	0.0261	0.0199	0.0200	0.0071	0.0210	0.0176	0.0173	0.0180	0.0055	0.0051	0.0059	0.0084	0.0043	
0.0095	0.0059	0.0279	0.0379	0.0033	0.0093	0.0289	0.0035	0.0239	0.0063	0.0187	0.0184	0.0061	0.0166	0.0188	0.0343	0.0062	0.0309	0.0184	0.0126	0.0151	0.0069	0.0012	0.0043	0.0097	0.0292	0.0245	0.0114	0.0125	0.0055	0.0065	0.0083	0.0159	0.0153	0.0081	0.0256	0.0228	0.0169	0.0127	0.0285	0.0004	0.0003	0.0253	0.0171	0.0014	0.0192	0.0198	0.0057	0.0053	0.0232	0.0010	0.0085	0.0283	0.0251	0.0196	0.0013	0.0032	0.0265	0.0204	0.0029	0.0089	0.0139	0.0213	0.0220	0.0006	0.0093	0.0073	0.0178	0.0079	0.0183	
0.0042	0.0188	0.0135	0.0188	0.0127	0.0162	0.0075	0.0163	0.0024	0.0215	0.0129	0.0222	0.0076	0.0224	0.0062	0.0216	0.0145	0.0256	0.0198	0.0065	0.0249	0.0303	0.0282	0.0080	0.0131	0.0198	0.0071	0.0034	0.0137	0.0206	0.0084	0.0225	0.0021	0.0153	0.0156	0.0112	0.0217	0.0032	0.0098	0.0088	0.0226	0.0180	0.0172	0.0235	0.0196	0.0142	0.0037	0.0021	0.0179	0.0031	0.0228	0.0134	0.0023	0.0314	0.0267	0.0043	0.0203	0.0099	0.0026	0.0241	0.0055	0.0066	0.0013	0.0107	0.0177	0.0180	0.0186	0.0191	0.0039	0.0197	
0.0061	0.0128	0.0074	0.0114	0.0158	0.0078	0.0065	0.0023	0.0141	0.0021	0.0124	0.0054	0.0156	0.0129	0.0285	0.0212	0.0183	0.0030	0.0175	0.0111	0.0194	0.0117	0.0015	0.0169	0.0032	0.0144	0.0136	0.0078	0.0076	0.0252	0.0250	0.0086	0.0299	0.0246	0.0250	0.0104	0.0047	0.0174	0.0115	0.0189	0.0282	0.0204	0.0158	0.0001	0.0092	0.0296	0.0199	0.0169	0.0153	0.0219	0.0296	0.0159	0.0062	0.0230	0.0051	0.0187	0.0090	0.0236	0.0073	0.0003	0.0205	0.0303	0.0219	0.0171	0.0079	0.0043	0.0073	0.0169	0.0159	0.0123	
0.0201	0.0005	0.0171	0.0289	0.0173	0.0384	0.0188	0.0015	0.0069	0.0044	0.0236	0.0246	0.0256	0.0178	0.0340	0.0070	0.0040	0.0076	0.0180	0.0037	0.0007	0.0134	0.0151	0.0127	0.0277	0.0282	0.0242	0.0268	0.0235	0.0039	0.0244	0.0218	0.0062	0.0334	0.0033	0.0295	0.0296	0.0072	0.0062	0.0067	0.0013	0.0100	0.0102	0.0029	0.0052	0.0252	0.0047	0.0074	0.0231	0.0003	0.0009	0.0010	0.0072	0.0120	0.0142	0.0049	0.0155	0.0057	0.0292	0.0182	0.0033	0.0242	0.0088	0.0043	0.0138	0.0270	0.0217	0.0182	0.0141	0.0011	
0.0078	0.0279	0.0299	0.0122	0.0032	0.0235	0.0007	0.0106	0.0069	0.0073	0.0194	0.0162	0.0092	0.0234	0.0030	0.0276	0.0198	0.0207	0.0159	0.0262	0.0120	0.0186	0.0106	0.0159	0.0048	0.0065	0.0007	0.0080	0.0188	0.0039	0.0028	0.0077	0.0221	0.0185	0.0216	0.0033	0.0009	0.0306	0.0078	0.0257	0.0055	0.0064	0.0213	0.0215	0.0246	0.0183	0.0146	0.0100	0.0011	0.0216	0.0149	0.0256	0.0092	0.0156	0.0177	0.0100	0.0153	0.0113	0.0073	0.0235	0.0241	0.0235	0.0177	0.0033	0.0039	0.0137	0.0265	0.0135	0.0001	0.0258	
0.0174	0.0230	0.0131	0.0202	0.0239	0.0053	0.0256	0.0149	0.0171	0.0159	0.0180	0.0102	0.0054	0.0274	0.0189	0.0068	0.0252	0.0090	0.0273	0.0064	0.0157	0.0153	0.0152	0.0110	0.0033	0.0088	0.0114	0.0171	0.0155	0.0063	0.0225	0.0144	0.0120	0.0019	0.0009	0.0118	0.0075	0.0175	0.0196	0.0130	0.0147	0.0257	0.0110	0.0171	0.0247	0.0063	0.0152	0.0119	0.0089	0.0241	0.0164	0.0089	0.0188	0.0188	0.0084	0.0187	0.0048	0.0014	0.0139	0.0084	0.0191	0.0057	0.0224	0.0128	0.0214	0.0026	0.0287	0.0029	0.0295	0.0056	
0.0247	0.0094	0.0154	0.0145	0.0227	0.0220	0.0046	0.0257	0.0106	0.0244	0.0201	0.0183	0.0114	0.0210	0.0242	0.0126	0.0004	0.0259	0.0186	0.0012	0.0096	0.0066	0.0018	0.0094	0.0214	0.0085	0.0226	0.0221	0.0248	0.0186	0.0087	0.0071	0.0216	0.0023	0.0004	0.0046	0.0184	0.0058	0.0266	0.0222	0.0251	0.0085	0.0107	0.0197	0.0126	0.0248	0.0243	0.0061	0.0232	0.0103	0.0030	0.0028	0.0151	0.0258	0.0218	0.0126	0.0062	0.0067	0.0182	0.0117	0.0189	0.0069	0.0018	0.0179	0.0189	0.0122	0.0019	0.0058	0.0210	0.0150	
0.0215	0.0239	0.0221	0.0299	0.0086	0.0010	0.0203	0.0115	0.0193	0.0007	0.0130	0.0156	0.0054	0.0166	0.0203	0.0059	0.0236	0.0246	0.0052	0.0105	0.0278	0.0123	0.0190	0.0145	0.0049	0.0141	0.0058	0.0207	0.0010	0.0205	0.0247	0.0099	0.0172	0.0035	0.0175	0.0072	0.0070	0.0165	0.0178	0.0297	0.0295	0.0272	0.0056	0.0190	0.0258	0.0332	0.0019	0.0104	0.0000	0.0143	0.0242	0.0057	0.0053	0.0083	0.0175	0.0038	0.0049	0.0089	0.0209	0.0190	0.0293	0.0306	0.0091	0.0005	0.0087	0.0024	0.0015	0.0013	0.0311	0.0089	
0.0261	0.0094	0.0046	0.0082	0.0141	0.0001	0.0060	0.0262	0.0157	0.0056	0.0122	0.0184	0.0216	0.0195	0.0092	0.0131	0.0061	0.0112	0.0107	0.0116	0.0031	0.0001	0.0254	0.0297	0.0021	0.0267	0.0126	0.0062	0.0090	0.0198	0.0259	0.0261	0.0239	0.0189	0.0146	0.0079	0.0262	0.0207	0.0176	0.0218	0.0286	0.0081	0.0129	0.0145	0.0045	0.0035	0.0061	0.0208	0.0213	0.0213	0.0219	0.0176	0.0217	0.0124	0.0090	0.0198	0.0119	0.0077	0.0051	0.0174	0.0139	0.0003	0.0158	0.0219	0.0102	0.0138	0.0246	0.0040	0.0007	0.0205	
0.0153	0.0101	0.0124	0.0166	0.0138	0.0291	0.0097	0.0086	0.0176	0.0232	0.0166	0.0199	0.0137	0.0194	0.0299	0.0043	0.0065	0.0093	0.0073	0.0178	0.0238	0.0216	0.0215	0.0046	0.0058	0.0265	0.0159	0.0144	0.0053	0.0163	0.0045	0.0003	0.0236	0.0229	0.0049	0.0132	0.0043	0.0023	0.0225	0.0118	0.0137	0.0052	0.0089	0.0049	0.0263	0.0198	0.0138	0.0251	0.0285	0.0040	0.0071	0.0178	0.0282	0.0114	0.0043	0.0187	0.0144	0.0114	0.0099	0.0156	0.0052	0.0236	0.0031	0.0050	0.0244	0.0164	0.0260	0.0158	0.0132	0.0117	
0.0010	0.0062	0.0097	0.0351	0.0070	0.0269	0.0134	0.0191	0.0069	0.0179	0.0125	0.0212	0.0218	0.0020	0.0131	0.0167	0.0029	0.0146	0.0234	0.0127	0.0310	0.0236	0.0283	0.0138	0.0079	0.0221	0.0021	0.0065	0.0115	0.0072	0.0286	0.0217	0.0198	0.0190	0.0038	0.0028	0.0110	0.0026	0.0055	0.0198	0.0148	0.0011	0.0035	0.0291	0.0036	0.0192	0.0061	0.0018	0.0302	0.0131	0.0206	0.0184	0.0059	0.0014	0.0207	0.0059	0.0117	0.0395	0.0216	0.0185	0.0209	0.0066	0.0069	0.0002	0.0288	0.0229	0.0057	0.0039	0.0379	0.0071	
0.0037	0.0006	0.0063	0.0031	0.0001	0.0375	0.0202	0.0300	0.0056	0.0262	0.0122	0.0002	0.0113	0.0002	0.0201	0.0069	0.0169	0.0153	0.0313	0.0254	0.0237	0.0108	0.0180	0.0159	0.0319	0.0055	0.0198	0.0030	0.0015	0.0088	0.0123	0.0197	0.0036	0.0188	0.0072	0.0142	0.0100	0.0024	0.0012	0.0284	0.0217	0.0149	0.0147	0.0264	0.0014	0.0226	0.0317	0.0036	0.0122	0.0202	0.0061	0.0214	0.0100	0.0018	0.0129	0.0130	0.0117	0.0198	0.0035	0.0235	0.0009	0.0194	0.0239	0.0226	0.0156	0.0122	0.0335	0.0136	0.0326	0.0029	
0.0232	0.0142	0.0104	0.0022	0.0087	0.0080	0.0173	0.0212	0.0126	0.0106	0.0098	0.0156	0.0218	0.0147	0.0079	0.0166	0.0170	0.0023	0.0283	0.0148	0.0019	0.0205	0.0291	0.0068	0.0178	0.0009	0.0139	0.0192	0.0087	0.0133	0.0199	0.0244	0.0139	0.0065	0.0210	0.0163	0.0062	0.0052	0.0181	0.0104	0.0293	0.0220	0.0214	0.0201	0.0108	0.0123	0.0232	0.0106	0.0188	0.0231	0.0234	0.0207	0.0255	0.0065	0.0016	0.0004	0.0132	0.0065	0.0089	0.0073	0.0200	0.0286	0.0110	0.0013	0.0224	0.0104	0.0042	0.0113	0.0210	0.0134	
0.0122	0.0151	0.0076	0.0181	0.0198	0.0121	0.0202	0.0069	0.0182	0.0093	0.0064	0.0033	0.0042	0.0172	0.0236	0.0250	0.0041	0.0076	0.0042	0.0219	0.0030	0.0011	0.0274	0.0127	0.0188	0.0262	0.0078	0.0219	0.0303	0.0242	0.0085	0.0043	0.0225	0.0003	0.0113	0.0089	0.0140	0.0061	0.0173	0.0205	0.0068	0.0090	0.0075	0.0281	0.0307	0.0162	0.0254	0.0200	0.0096	0.0252	0.0088	0.0263	0.0139	0.0294	0.0140	0.0087	0.0140	0.0243	0.0255	0.0185	0.0002	0.0280	0.0068	0.0246	0.0024	0.0017	0.0111	0.0028	0.0047	0.0118	
0.0110	0.0294	0.0140	0.0144	0.0178	0.0282	0.0202	0.0266	0.0108	0.0051	0.0033	0.0107	0.0167	0.0045	0.0204	0.0102	0.0181	0.0275	0.0154	0.0004	0.0219	0.0173	0.0099	0.0275	0.0178	0.0088	0.0016	0.0105	0.0236	0.0211	0.0053	0.0155	0.0227	0.0271	0.0128	0.0081	0.0083	0.0001	0.0084	0.0229	0.0206	0.0195	0.0062	0.0211	0.0136	0.0189	0.0084	0.0024	0.0065	0.0223	0.0093	0.0122	0.0200	0.0036	0.0196	0.0127	0.0137	0.0203	0.0216	0.0066	0.0224	0.0094	0.0023	0.0140	0.0005	0.0121	0.0201	0.0143	0.0227	0.0075	
0.0004	0.0246	0.0129	0.0252	0.0110	0.0040	0.0117	0.0173	0.0120	0.0039	0.0017	0.0270	0.0056	0.0051	0.0201	0.0191	0.0006	0.0212	0.0039	0.0222	0.0232	0.0197	0.0100	0.0031	0.0007	0.0106	0.0129	0.0180	0.0192	0.0001	0.0282	0.0128	0.0156	0.0288	0.0201	0.0135	0.0253	0.0229	0.0190	0.0191	0.0074	0.0001	0.0019	0.0162	0.0048	0.0236	0.0034	0.0238	0.0295	0.0099	0.0134	0.0013	0.0206	0.0259	0.0181	0.0062	0.0113	0.0157	0.0237	0.0297	0.0181	0.0239	0.0246	0.0130	0.0077	0.0160	0.0141	0.0070	0.0144	0.0023	
0.0249	0.0041	0.0248	0.0174	0.0213	0.0276	0.0213	0.0232	0.0222	0.0087	0.0065	0.0134	0.0198	0.0127	0.0151	0.0323	0.0265	0.0177	0.0093	0.0120	0.0023	0.0135	0.0056	0.0209	0.0012	0.0121	0.0027	0.0152	0.0097	0.0141	0.0091	0.0176	0.0129	0.0269	0.0155	0.0078	0.0053	0.0044	0.0087	0.0283	0.0210	0.0215	0.0131	0.0140	0.0232	0.0001	0.0016	0.0103	0.0327	0.0119	0.0302	0.0268	0.0020	0.0281	0.0007	0.0063	0.0235	0.0025	0.0126	0.0030	0.0239	0.0032	0.0117	0.0099	0.0001	0.0120	0.0022	0.0184	0.0333	0.0059	
0.0211	0.0237	0.0095	0.0146	0.0280	0.0139	0.0303	0.0222	0.0006	0.0011	0.0111	0.0170	0.0175	0.0333	0.0248	0.0131	0.0196	0.0167	0.0291	0.0077	0.0125	0.0029	0.0223	0.0049	0.0064	0.0157	0.0064	0.0038	0.0126	0.0073	0.0309	0.0053	0.0213	0.0242	0.0203	0.0013	0.0146	0.0194	0.0049	0.0218	0.0097	0.0069	0.0016	0.0134	0.0211	0.0014	0.0170	0.0127	0.0176	0.0194	0.0263	0.0150	0.0006	0.0170	0.0246	0.0129	0.0007	0.0069	0.0058	0.0081	0.0047	0.0283	0.0081	0.0196	0.0030	0.0067	0.0299	0.0201	0.0080	0.0188	
0.0276	0.0018	0.0093	0.0064	0.0323	0.0071	0.0013	0.0071	0.0113	0.0055	0.0011	0.0204	0.0176	0.0303	0.0168	0.0127	0.0044	0.0041	0.0294	0.0044	0.0008	0.0086	0.0160	0.0277	0.0135	0.0132	0.0236	0.0089	0.0098	0.0119	0.0041	0.0167	0.0101	0.0262	0.0209	0.0184	0.0046	0.0229	0.0154	0.0214	0.0171	0.0270	0.0182	0.0308	0.0069	0.0138	0.0091	0.0113	0.0073	0.0215	0.0019	0.0223	0.0318	0.0021	0.0224	0.0130	0.0150	0.0165	0.0225	0.0166	0.0092	0.0235	0.0253	0.0006	0.0021	0.0118	0.0127	0.0178	0.0044	0.0196	
0.0076	0.0108	0.0130	0.0075	0.0202	0.0083	0.0164	0.0139	0.0143	0.0025	0.0038	0.0119	0.0024	0.0228	0.0122	0.0094	0.0163	0.0081	0.0007	0.0039	0.0038	0.0193	0.0049	0.0011	0.0094	0.0214	0.0207	0.0167	0.0278	0.0197	0.0313	0.0099	0.0099	0.0130	0.0116	0.0205	0.0067	0.0191	0.0117	0.0147	0.0308	0.0027	0.0187	0.0170	0.0110	0.0256	0.0201	0.0047	0.0193	0.0219	0.0237	0.0049	0.0261	0.0313	0.0195	0.0119	0.0040	0.0157	0.0261	0.0253	0.0098	0.0281	0.0151	0.0232	0.0031	0.0181	0.0039	0.0132	0.0091	0.0170	
0.0023	0.0279	0.0211	0.0161	0.0056	0.0012	0.0261	0.0171	0.0148	0.0161	0.0033	0.0171	0.0018	0.0064	0.0010	0.0261	0.0180	0.0101	0.0220	0.0234	0.0168	0.0193	0.0270	0.0148	0.0055	0.0023	0.0133	0.0234	0.0136	0.0157	0.0218	0.0220	0.0257	0.0294	0.0182	0.0217	0.0102	0.0082	0.0226	0.0202	0.0195	0.0173	0.0195	0.0090	0.0213	0.0212	0.0268	0.0073	0.0259	0.0085	0.0019	0.0220	0.0291	0.0122	0.0030	0.0069	0.0006	0.0072	0.0089	0.0021	0.0163	0.0012	0.0031	0.0005	0.0263	0.0044	0.0241	0.0020	0.0185	0.0041	
0.0122	0.0109	0.0124	0.0015	0.0077	0.0337	0.0220	0.0160	0.0177	0.0145	0.0061	0.0048	0.0016	0.0060	0.0170	0.0250	0.0252	0.0156	0.0244	0.0088	0.0247	0.0037	0.0290	0.0189	0.0043	0.0147	0.0110	0.0195	0.0117	0.0130	0.0260	0.0171	0.0225	0.0199	0.0223	0.0165	0.0067	0.0236	0.0042	0.0041	0.0119	0.0129	0.0083	0.0209	0.0234	0.0092	0.0293	0.0200	0.0122	0.0268	0.0056	0.0057	0.0073	0.0063	0.0084	0.0061	0.0096	0.0243	0.0244	0.0183	0.0159	0.0038	0.0032	0.0071	0.0194	0.0131	0.0112	0.0074	0.0108	0.0206	
0.0193	0.0025	0.0096	0.0204	0.0334	0.0148	0.0196	0.0063	0.0197	0.0238	0.0148	0.0139	0.0108	0.0158	0.0118	0.0205	0.0141	0.0201	0.0094	0.0167	0.0087	0.0135	0.0010	0.0118	0.0191	0.0068	0.0083	0.0019	0.0035	0.0072	0.0299	0.0126	0.0165	0.0158	0.0092	0.0031	0.0251	0.0158	0.0081	0.0259	0.0174	0.0057	0.0205	0.0007	0.0024	0.0315	0.0234	0.0138	0.0299	0.0295	0.0020	0.0237	0.0016	0.0269	0.0174	0.0045	0.0012	0.0256	0.0020	0.0208	0.0023	0.0222	0.0027	0.0184	0.0292	0.0002	0.0317	0.0172	0.0065	0.0079	
0.0276	0.0332	0.0098	0.0149	0.0017	0.0030	0.0194	0.0003	0.0103	0.0214	0.0143	0.0191	0.0048	0.0046	0.0079	0.0050	0.0174	0.0303	0.0289	0.0038	0.0018	0.0005	0.0166	0.0162	0.0294	0.0248	0.0031	0.0061	0.0033	0.0018	0.0015	0.0205	0.0139	0.0238	0.0061	0.0043	0.0151	0.0209	0.0254	0.0195	0.0219	0.0014	0.0113	0.0150	0.0059	0.0150	0.0203	0.0226	0.0157	0.0281	0.0191	0.0046	0.0009	0.0029	0.0066	0.0198	0.0126	0.0259	0.0180	0.0071	0.0364	0.0146	0.0292	0.0114	0.0221	0.0187	0.0095	0.0106	0.0377	0.0029	
0.0211	0.0329	0.0022	0.0103	0.0238	0.0003	0.0223	0.0017	0.0098	0.0164	0.0073	0.0033	0.0211	0.0097	0.0149	0.0417	0.0295	0.0094	0.0157	0.0105	0.0223	0.0192	0.0023	0.0132	0.0257	0.0040	0.0031	0.0015	0.0262	0.0118	0.0049	0.0010	0.0006	0.0098	0.0041	0.0127	0.0018	0.0282	0.0187	0.0073	0.0066	0.0123	0.0083	0.0028	0.0296	0.0347	0.0223	0.0102	0.0253	0.0226	0.0390	0.0285	0.0018	0.0167	0.0097	0.0189	0.0209	0.0152	0.0173	0.0103	0.0352	0.0200	0.0062	0.0249	0.0106	0.0066	0.0050	0.0093	0.0062	0.0009	
0.0259	0.0034	0.0241	0.0079	0.0069	0.0099	0.0155	0.0292	0.0153	0.0257	0.0146	0.0124	0.0083	0.0034	0.0203	0.0092	0.0280	0.0139	0.0310	0.0066	0.0233	0.0141	0.0022	0.0049	0.0105	0.0175	0.0039	0.0115	0.0230	0.0165	0.0239	0.0032	0.0136	0.0235	0.0257	0.0179	0.0016	0.0263	0.0113	0.0048	0.0150	0.0281	0.0248	0.0279	0.0236	0.0144	0.0091	0.0031	0.0068	0.0026	0.0093	0.0191	0.0177	0.0265	0.0078	0.0067	0.0008	0.0215	0.0275	0.0162	0.0043	0.0017	0.0065	0.0261	0.0030	0.0123	0.0005	0.0121	0.0083	0.0259	
0.0057	0.0041	0.0026	0.0219	0.0212	0.0309	0.0135	0.0059	0.0095	0.0229	0.0104	0.0003	0.0054	0.0226	0.0137	0.0014	0.0137	0.0203	0.0123	0.0164	0.0203	0.0122	0.0299	0.0254	0.0004	0.0133	0.0162	0.0247	0.0204	0.0103	0.0107	0.0216	0.0336	0.0071	0.0246	0.0034	0.0156	0.0182	0.0031	0.0112	0.0211	0.0260	0.0066	0.0264	0.0048	0.0030	0.0246	0.0183	0.0165	0.0009	0.0220	0.0117	0.0034	0.0212	0.0103	0.0214	0.0049	0.0107	0.0245	0.0110	0.0079	0.0195	0.0124	0.0010	0.0176	0.0187	0.0024	0.0240	0.0231	0.0067	
0.0166	0.0238	0.0107	0.0012	0.0277	0.0327	0.0035	0.0004	0.0152	0.0254	0.0142	0.0013	0.0120	0.0263	0.0160	0.0255	0.0152	0.0085	0.0287	0.0029	0.0298	0.0063	0.0020	0.0233	0.0029	0.0010	0.0105	0.0063	0.0108	0.0131	0.0006	0.0243	0.0267	0.0095	0.0144	0.0027	0.0007	0.0018	0.0199	0.0145	0.0215	0.0056	0.0157	0.0255	0.0251	0.0074	0.0086	0.0183	0.0179	0.0200	0.0021	0.0236	0.0020	0.0216	0.0103	0.0073	0.0185	0.0240	0.0303	0.0258	0.0147	0.0286	0.0179	0.0041	0.0292	0.0178	0.0079	0.0025	0.0082	0.0088	
0.0261	0.0151	0.0112	0.0124	0.0137	0.0279	0.0128	0.0067	0.0207	0.0229	0.0198	0.0188	0.0192	0.0236	0.0135	0.0043	0.0217	0.0029	0.0255	0.0055	0.0118	0.0106	0.0047	0.0247	0.0002	0.0211	0.0139	0.0120	0.0276	0.0047	0.0288	0.0036	0.0139	0.0056	0.0208	0.0159	0.0112	0.0152	0.0060	0.0159	0.0235	0.0138	0.0160	0.0009	0.0021	0.0213	0.0071	0.0225	0.0232	0.0206	0.0241	0.0052	0.0057	0.0017	0.0271	0.0131	0.0095	0.0160	0.0125	0.0210	0.0068	0.0021	0.0076	0.0202	0.0284	0.0155	0.0074	0.0103	0.0005	0.0218	
0.0225	0.0066	0.0189	0.0105	0.0126	0.0316	0.0155	0.0035	0.0195	0.0064	0.0121	0.0191	0.0202	0.0079	0.0118	0.0182	0.0234	0.0139	0.0051	0.0055	0.0047	0.0255	0.0053	0.0147	0.0074	0.0201	0.0051	0.0221	0.0031	0.0120	0.0137	0.0191	0.0286	0.0275	0.0256	0.0166	0.0093	0.0188	0.0143	0.0023	0.0263	0.0075	0.0148	0.0046	0.0063	0.0154	0.0091	0.0009	0.0119	0.0041	0.0177	0.0223	0.0097	0.0257	0.0220	0.0213	0.0009	0.0108	0.0001	0.0223	0.0195	0.0224	0.0003	0.0111	0.0245	0.0193	0.0216	0.0192	0.0094	0.0183	
0.0153	0.0056	0.0216	0.0038	0.0134	0.0404	0.0084	0.0004	0.0068	0.0241	0.0092	0.0050	0.0158	0.0385	0.0277	0.0211	0.0136	0.0020	0.0046	0.0017	0.0203	0.0001	0.0279	0.0238	0.0116	0.0041	0.0062	0.0050	0.0133	0.0123	0.0283	0.0099	0.0233	0.0234	0.0227	0.0156	0.0026	0.0062	0.0154	0.0274	0.0233	0.0009	0.0008	0.0072	0.0147	0.0200	0.0076	0.0009	0.0232	0.0064	0.0129	0.0239	0.0290	0.0090	0.0063	0.0102	0.0085	0.0333	0.0229	0.0066	0.0251	0.0031	0.0190	0.0251	0.0012	0.0254	0.0173	0.0180	0.0116	0.0082	
0.0165	0.0079	0.0171	0.0115	0.0166	0.0200	0.0314	0.0189	0.0107	0.0294	0.0248	0.0056	0.0173	0.0067	0.0044	0.0004	0.0194	0.0150	0.0148	0.0081	0.0057	0.0038	0.0169	0.0081	0.0057	0.0150	0.0109	0.0058	0.0054	0.0124	0.0026	0.0080	0.0239	0.0115	0.0206	0.0022	0.0051	0.0146	0.0242	0.0240	0.0161	0.0252	0.0137	0.0277	0.0084	0.0168	0.0190	0.0100	0.0233	0.0007	0.0102	0.0292	0.0152	0.0313	0.0034	0.0086	0.0207	0.0106	0.0048	0.0285	0.0050	0.0257	0.0124	0.0258	0.0264	0.0185	0.0148	0.0047	0.0188	0.0016	
0.0250	0.0070	0.0195	0.0240	0.0319	0.0170	0.0177	0.0193	0.0003	0.0229	0.0003	0.0221	0.0139	0.0050	0.0056	0.0045	0.0246	0.0218	0.0073	0.0081	0.0106	0.0215	0.0097	0.0213	0.0191	0.0160	0.0076	0.0151	0.0013	0.0143	0.0009	0.0065	0.0233	0.0196	0.0054	0.0012	0.0071	0.0238	0.0055	0.0220	0.0260	0.0032	0.0063	0.0133	0.0276	0.0072	0.0103	0.0047	0.0241	0.0211	0.0325	0.0192	0.0300	0.0071	0.0171	0.0187	0.0227	0.0249	0.0051	0.0037	0.0053	0.0017	0.0155	0.0093	0.0214	0.0177	0.0007	0.0148	0.0351	0.0038	
0.0273	0.0033	0.0147	0.0173	0.0176	0.0089	0.0154	0.0270	0.0002	0.0094	0.0101	0.0009	0.0238	0.0132	0.0286	0.0106	0.0089	0.0251	0.0281	0.0070	0.0041	0.0144	0.0176	0.0018	0.0131	0.0214	0.0131	0.0231	0.0226	0.0052	0.0056	0.0117	0.0100	0.0201	0.0239	0.0198	0.0016	0.0116	0.0187	0.0150	0.0117	0.0019	0.0194	0.0254	0.0239	0.0036	0.0074	0.0061	0.0169	0.0094	0.0124	0.0095	0.0318	0.0244	0.0009	0.0095	0.0143	0.0181	0.0003	0.0254	0.0237	0.0236	0.0033	0.0223	0.0058	0.0252	0.0229	0.0051	0.0198	0.0042	
0.0095	0.0267	0.0258	0.0140	0.0285	0.0023	0.0207	0.0198	0.0069	0.0123	0.0111	0.0064	0.0110	0.0144	0.0235	0.0268	0.0126	0.0173	0.0174	0.0117	0.0040	0.0130	0.0130	0.0228	0.0216	0.0171	0.0224	0.0254	0.0192	0.0186	0.0124	0.0215	0.0193	0.0108	0.0273	0.0125	0.0089	0.0143	0.0236	0.0299	0.0214	0.0264	0.0051	0.0179	0.0101	0.0148	0.0098	0.0136	0.0002	0.0101	0.0140	0.0040	0.0209	0.0031	0.0009	0.0162	0.0106	0.0035	0.0189	0.0069	0.0038	0.0219	0.0011	0.0130	0.0011	0.0120	0.0180	0.0009	0.0158	0.0074	
0.0145	0.0319	0.0185	0.0194	0.0262	0.0110	0.0085	0.0245	0.0098	0.0091	0.0076	0.0065	0.0252	0.0114	0.0109	0.0076	0.0086	0.0191	0.0091	0.0043	0.0014	0.0063	0.0265	0.0139	0.0231	0.0240	0.0178	0.0161	0.0172	0.0197	0.0279	0.0049	0.0054	0.0219	0.0241	0.0126	0.0103	0.0020	0.0104	0.0219	0.0167	0.0176	0.0135	0.0091	0.0270	0.0286	0.0255	0.0129	0.0050	0.0242	0.0052	0.0008	0.0244	0.0099	0.0068	0.0049	0.0020	0.0048	0.0214	0.0233	0.0155	0.0198	0.0077	0.0164	0.0154	0.0023	0.0027	0.0044	0.0183	0.0226	
0.0221	0.0073	0.0052	0.0187	0.0211	0.0132	0.0217	0.0138	0.0128	0.0290	0.0035	0.0016	0.0118	0.0207	0.0142	0.0312	0.0130	0.0177	0.0138	0.0119	0.0095	0.0047	0.0079	0.0120	0.0082	0.0168	0.0058	0.0225	0.0206	0.0134	0.0225	0.0081	0.0035	0.0063	0.0210	0.0143	0.0164	0.0047	0.0191	0.0251	0.0163	0.0134	0.0096	0.0203	0.0147	0.0136	0.0021	0.0065	0.0251	0.0180	0.0211	0.0049	0.0204	0.0185	0.0086	0.0085	0.0175	0.0156	0.0062	0.0161	0.0040	0.0196	0.0151	0.0185	0.0062	0.0136	0.0300	0.0044	0.0290	0.0160	
0.0000	0.0120	0.0049	0.0195	0.0319	0.0316	0.0212	0.0151	0.0178	0.0220	0.0167	0.0196	0.0017	0.0051	0.0062	0.0160	0.0156	0.0094	0.0215	0.0084	0.0290	0.0042	0.0256	0.0236	0.0160	0.0233	0.0145	0.0122	0.0140	0.0205	0.0142	0.0166	0.0207	0.0015	0.0171	0.0048	0.0233	0.0062	0.0223	0.0192	0.0251	0.0113	0.0157	0.0108	0.0267	0.0108	0.0193	0.0122	0.0198	0.0193	0.0002	0.0151	0.0175	0.0137	0.0239	0.0148	0.0099	0.0103	0.0256	0.0019	0.0045	0.0081	0.0008	0.0231	0.0135	0.0014	0.0016	0.0004	0.0178	0.0001	
0.0168	0.0111	0.0098	0.0013	0.0196	0.0220	0.0112	0.0142	0.0177	0.0112	0.0069	0.0017	0.0235	0.0245	0.0257	0.0283	0.0060	0.0077	0.0046	0.0236	0.0219	0.0152	0.0112	0.0170	0.0173	0.0124	0.0083	0.0164	0.0289	0.0179	0.0092	0.0103	0.0038	0.0198	0.0018	0.0159	0.0066	0.0152	0.0267	0.0090	0.0119	0.0256	0.0066	0.0148	0.0225	0.0021	0.0128	0.0029	0.0018	0.0168	0.0327	0.0226	0.0262	0.0184	0.0054	0.0186	0.0008	0.0142	0.0122	0.0267	0.0082	0.0224	0.0134	0.0032	0.0026	0.0154	0.0307	0.0025	0.0261	0.0082	

Emissions
0.1201	0.1548	0.0700	0.0973	0.1677	0.3270	0.0631	
0.2636	0.0483	0.1341	0.0495	0.0905	0.2866	0.1273	
0.0027	0.1872	0.2248	0.0930	0.2233	0.0656	0.2034	
0.2005	0.0019	0.2463	0.0169	0.2723	0.2048	0.0574	
0.1104	0.0287	0.0376	0.0596	0.1934	0.2789	0.2914	
0.0533	0.2123	0.0017	0.0424	0.3200	0.3173	0.0529	
0.2114	0.0389	0.4124	0.0266	0.0919	0.1479	0.0710	
0.0890	0.2267	0.0620	0.1007	0.2017	0.1831	0.1369	
0.1302	0.1963	0.1741	0.2572	0.1227	0.0155	0.1040	
0.0059	0.0851	0.1713	0.1032	0.3259	0.1331	0.1755	
0.0156	0.3431	0.0764	0.2877	0.1588	0.0468	0.0716	
0.3145	0.0627	0.0036	0.1334	0.1696	0.0377	0.2785	
0.0220	0.2015	0.1011	0.0897	0.3973	0.0723	0.1160	
0.2381	0.0628	0.0550	0.0335	0.2280	0.2992	0.0833	
0.1616	0.2627	0.0579	0.0251	0.2867	0.0978	0.1083	
0.0670	0.0072	0.2388	0.0540	0.1741	0.2468	0.2120	
0.0685	0.2219	0.0837	0.1617	0.0024	0.2385	0.2233	
0.2205	0.3264	0.0363	0.0048	0.1792	0.1835	0.0493	
0.1021	0.0301	0.1220	0.1490	0.2601	0.2905	0.0463	
0.0389	0.2855	0.0608	0.1294	0.2776	0.0475	0.1605	
0.1331	0.1389	0.0645	0.0628	0.2106	0.2585	0.1316	
0.1322	0.3969	0.0745	0.1527	0.0326	0.1645	0.0465	
0.1064	0.0572	0.0297	0.0751	0.3775	0.1709	0.1831	
0.2060	0.1123	0.1111	0.2167	0.2299	0.1155	0.0086	
0.0165	0.0330	0.2083	0.0659	0.2065	0.0673	0.4025	
0.1448	0.2981	0.0905	0.1504	0.2389	0.0714	0.0058	
0.0458	0.2063	0.0605	0.2035	0.2656	0.0139	0.2045	
0.1018	0.0528	0.1779	0.1358	0.3420	0.0288	0.1610	
0.0844	0.3394	0.1804	0.0380	0.0917	0.1696	0.0964	
0.1262	0.3283	0.0711	0.2210	0.1134	0.0345	0.1056	
0.0874	0.1316	0.1374	0.0283	0.2662	0.2293	0.1199	
0.1768	0.1044	0.0076	0.3225	0.2222	0.0368	0.1296	
0.2369	0.1402	0.0598	0.0397	0.4063	0.0217	0.0954	
0.1567	0.1544	0.0682	0.0501	0.2696	0.2235	0.0774	
0.1191	0.2053	0.1383	0.0272	0.2554	0.0736	0.1812	
0.0699	0.5329	0.1195	0.0114	0.1426	0.0071	0.1166	
0.0943	0.3086	0.0379	0.2049	0.1339	0.0847	0.1358	
0.1052	0.0294	0.1610	0.0880	0.1643	0.1410	0.3111	
0.0350	0.3241	0.2973	0.0578	0.0716	0.1487	0.0656	
0.0683	0.0428	0.1359	0.0808	0.3596	0.2268	0.0858	
0.0866	0.1273	0.0363	0.0515	0.2703	0.2697	0.1583	
0.1716	0.0617	0.1521	0.0902	0.3265	0.1089	0.0890	
0.2336	0.1786	0.2478	0.1376	0.0117	0.0763	0.1145	
0.0880	0.1720	0.1703	0.0358	0.2625	0.1728	0.0985	
0.1468	0.1501	0.0294	0.0790	0.1479	0.2471	0.1996	
0.0832	0.0815	0.1740	0.0615	0.1925	0.3079	0.0995	
0.0852	0.0865	0.1366	0.0537	0.2901	0.2518	0.0962	
0.1445	0.3860	0.0353	0.2766	0.1335	0.0008	0.0233	
0.0164	0.3155	0.1217	0.1141	0.2346	0.1780	0.0196	
0.1127	0.1356	0.1469	0.0539	0.2960	0.1571	0.0978	
0.0377	0.0416	0.0425	0.0915	0.1414	0.4141	0.2312	
0.0403	0.2725	0.1255	0.1396	0.1504	0.1334	0.1382	
0.1295	0.2916	0.1144	0.0096	0.2109	0.1854	0.0586	
0.2394	0.1710	0.0134	0.0154	0.1444	0.1504	0.2660	
0.3533	0.0759	0.0486	0.0601	0.1996	0.0245	0.2381	
0.0856	0.4258	0.0550	0.3002	0.0032	0.0120	0.1182	
0.0666	0.2111	0.0880	0.2291	0.2172	0.0190	0.1690	
0.1449	0.0594	0.0633	0.0331	0.4685	0.1141	0.1168	
0.2518	0.0623	0.1551	0.0178	0.3642	0.0308	0.1180	
0.1587	0.1500	0.0938	0.0297	0.2824	0.0968	0.1886	
0.0038	0.0892	0.0307	0.0948	0.2597	0.4102	0.1116	
0.1949	0.1320	0.0467	0.0779	0.0557	0.3912	0.1017	
0.1116	0.2800	0.1384	0.0786	0.2336	0.0231	0.1346	
0.1363	0.3384	0.1829	0.0892	0.0511	0.0690	0.1331	
0.1332	0.1629	0.0661	0.0658	0.2240	0.2757	0.0723	
0.1942	0.0611	0.1405	0.1248	0.2616	0.0178	0.1999	
0.1312	0.0736	0.0884	0.0679	0.0348	0.3860	0.2181	
0.1117	0.3251	0.1658	0.3474	0.0113	0.0021	0.0366	
0.1452	0.0873	0.0686	0.0524	0.0943	0.5349	0.0172	
0.1728	0.2888	0.2096	0.0579	0.0064	0.0105	0.2540	
