DataSet 36
Learner: Baum Welch Learner
Log Likelihood: 121830.7246634460

Number of States: 50
Number of Symbols: 9
Threshold: 0.01

Initial Distribution:
0.0019	0.0459	0.0220	0.0002	0.0018	0.0082	0.0131	0.0023	0.0100	0.0185	0.0003	0.0039	0.0816	0.0360	0.0056	0.0012	0.0101	0.0052	0.0009	0.0200	0.0054	0.0015	0.0093	0.0108	0.0004	0.2483	0.0038	0.0015	0.0625	0.0017	0.0376	0.0022	0.0016	0.0158	0.0029	0.0043	0.0654	0.0242	0.0024	0.0341	0.0043	0.0004	0.0034	0.0207	0.0087	0.0004	0.1255	0.0003	0.0101	0.0019	

Transitions:
0.0403	0.0356	0.0051	0.0355	0.0122	0.0275	0.0033	0.0058	0.0081	0.0291	0.0188	0.0153	0.0261	0.0030	0.0226	0.0124	0.0127	0.0034	0.0338	0.0117	0.0224	0.0374	0.0201	0.0250	0.0228	0.0353	0.0165	0.0319	0.0276	0.0193	0.0355	0.0002	0.0157	0.0135	0.0165	0.0229	0.0233	0.0125	0.0106	0.0297	0.0099	0.0197	0.0253	0.0187	0.0301	0.0171	0.0174	0.0047	0.0364	0.0193	
0.0132	0.0155	0.0075	0.0198	0.0384	0.0041	0.0177	0.0197	0.0099	0.0178	0.0067	0.0194	0.0107	0.0249	0.0259	0.0333	0.0614	0.0122	0.0354	0.0384	0.0271	0.0022	0.0334	0.0085	0.0081	0.0016	0.0086	0.0017	0.0247	0.0049	0.0085	0.0211	0.0456	0.0141	0.0137	0.0205	0.0247	0.0096	0.0292	0.0106	0.0199	0.0113	0.0040	0.0313	0.0289	0.0369	0.0025	0.0652	0.0359	0.0137	
0.0282	0.0136	0.0184	0.0483	0.0339	0.0063	0.0300	0.0374	0.0041	0.0195	0.0333	0.0147	0.0234	0.0030	0.0100	0.0379	0.0143	0.0033	0.0190	0.0125	0.0291	0.0350	0.0165	0.0175	0.0221	0.0137	0.0387	0.0358	0.0199	0.0071	0.0349	0.0076	0.0091	0.0143	0.0263	0.0340	0.0313	0.0016	0.0208	0.0039	0.0285	0.0428	0.0046	0.0088	0.0155	0.0056	0.0120	0.0003	0.0220	0.0294	
0.0273	0.0015	0.0264	0.0145	0.0197	0.0337	0.0298	0.0025	0.0142	0.0071	0.0078	0.0234	0.0167	0.0345	0.0183	0.0258	0.0011	0.0106	0.0151	0.0148	0.0388	0.0101	0.0193	0.0130	0.0207	0.0448	0.0171	0.0070	0.0020	0.0194	0.0044	0.0243	0.0104	0.0256	0.0171	0.0303	0.0289	0.0293	0.0242	0.0316	0.0301	0.0300	0.0252	0.0115	0.0279	0.0396	0.0152	0.0058	0.0279	0.0237	
0.0040	0.0053	0.0294	0.0067	0.0368	0.0229	0.0203	0.0095	0.0390	0.0331	0.0097	0.0318	0.0004	0.0393	0.0034	0.0129	0.0176	0.0192	0.0197	0.0260	0.0060	0.0121	0.0278	0.0329	0.0273	0.0019	0.0216	0.0125	0.0178	0.0430	0.0178	0.0174	0.0202	0.0183	0.0176	0.0007	0.0204	0.0097	0.0040	0.0023	0.0235	0.0224	0.0481	0.0454	0.0263	0.0009	0.0350	0.0353	0.0126	0.0320	
0.0189	0.0008	0.0378	0.0053	0.0195	0.0377	0.0223	0.0357	0.0267	0.0329	0.0236	0.0108	0.0273	0.0016	0.0097	0.0365	0.0146	0.0241	0.0226	0.0023	0.0405	0.0120	0.0139	0.0217	0.0049	0.0191	0.0110	0.0226	0.0024	0.0244	0.0060	0.0345	0.0288	0.0292	0.0142	0.0142	0.0262	0.0125	0.0009	0.0193	0.0267	0.0304	0.0277	0.0115	0.0099	0.0075	0.0185	0.0414	0.0259	0.0317	
0.0315	0.0113	0.0101	0.0094	0.0290	0.0101	0.0253	0.0117	0.0415	0.0301	0.0198	0.0341	0.0273	0.0265	0.0242	0.0030	0.0115	0.0363	0.0281	0.0305	0.0040	0.0019	0.0177	0.0019	0.0181	0.0080	0.0190	0.0018	0.0066	0.0429	0.0320	0.0109	0.0284	0.0085	0.0390	0.0302	0.0199	0.0263	0.0033	0.0024	0.0313	0.0177	0.0127	0.0077	0.0390	0.0323	0.0213	0.0326	0.0266	0.0048	
0.0393	0.0376	0.0101	0.0266	0.0301	0.0293	0.0324	0.0085	0.0335	0.0194	0.0295	0.0227	0.0044	0.0018	0.0305	0.0134	0.0352	0.0214	0.0406	0.0384	0.0264	0.0249	0.0355	0.0343	0.0051	0.0312	0.0302	0.0112	0.0055	0.0380	0.0170	0.0284	0.0122	0.0036	0.0022	0.0060	0.0055	0.0063	0.0215	0.0131	0.0007	0.0155	0.0035	0.0283	0.0146	0.0063	0.0117	0.0130	0.0155	0.0283	
0.0384	0.0126	0.0379	0.0451	0.0230	0.0142	0.0005	0.0184	0.0308	0.0001	0.0310	0.0262	0.0017	0.0267	0.0009	0.0422	0.0117	0.0429	0.0402	0.0258	0.0092	0.0380	0.0340	0.0300	0.0282	0.0051	0.0187	0.0060	0.0115	0.0004	0.0163	0.0158	0.0252	0.0215	0.0033	0.0037	0.0357	0.0150	0.0191	0.0269	0.0050	0.0294	0.0188	0.0173	0.0189	0.0192	0.0086	0.0106	0.0224	0.0158	
0.0450	0.0101	0.0131	0.0362	0.0161	0.0009	0.0173	0.0076	0.0105	0.0180	0.0294	0.0426	0.0054	0.0223	0.0210	0.0229	0.0353	0.0212	0.0326	0.0351	0.0028	0.0444	0.0195	0.0142	0.0239	0.0167	0.0122	0.0140	0.0075	0.0129	0.0343	0.0082	0.0188	0.0393	0.0071	0.0061	0.0051	0.0062	0.0078	0.0020	0.0296	0.0376	0.0067	0.0024	0.0378	0.0117	0.0135	0.0383	0.0389	0.0377	
0.0231	0.0372	0.0234	0.0229	0.0128	0.0339	0.0285	0.0442	0.0043	0.0291	0.0359	0.0001	0.0443	0.0471	0.0175	0.0257	0.0106	0.0063	0.0207	0.0182	0.0135	0.0199	0.0106	0.0244	0.0112	0.0176	0.0263	0.0213	0.0214	0.0106	0.0037	0.0170	0.0239	0.0114	0.0267	0.0006	0.0298	0.0408	0.0278	0.0069	0.0145	0.0053	0.0017	0.0208	0.0090	0.0235	0.0390	0.0099	0.0199	0.0052	
0.0008	0.0122	0.0142	0.0287	0.0205	0.0033	0.0185	0.0312	0.0170	0.0363	0.0109	0.0144	0.0211	0.0350	0.0273	0.0115	0.0220	0.0239	0.0103	0.0157	0.0380	0.0152	0.0172	0.0108	0.0017	0.0091	0.0158	0.0361	0.0156	0.0253	0.0235	0.0134	0.0352	0.0130	0.0115	0.0281	0.0047	0.0341	0.0310	0.0217	0.0157	0.0376	0.0170	0.0226	0.0288	0.0009	0.0196	0.0084	0.0310	0.0425	
0.0082	0.0006	0.0311	0.0822	0.0091	0.0230	0.0424	0.0007	0.0204	0.0110	0.0133	0.0572	0.0092	0.0252	0.0118	0.0499	0.0275	0.0061	0.0251	0.0304	0.0056	0.0367	0.0009	0.0292	0.0055	0.0009	0.0449	0.0325	0.0106	0.0008	0.0187	0.0174	0.0064	0.0179	0.0188	0.0240	0.0110	0.0376	0.0072	0.0216	0.0448	0.0081	0.0123	0.0110	0.0002	0.0241	0.0086	0.0402	0.0145	0.0036	
0.0300	0.0148	0.0250	0.0381	0.0372	0.0098	0.0001	0.0081	0.0276	0.0014	0.0261	0.0571	0.0182	0.0229	0.0177	0.0089	0.0316	0.0356	0.0200	0.0282	0.0093	0.0130	0.0300	0.0251	0.0458	0.0018	0.0131	0.0267	0.0260	0.0122	0.0206	0.0125	0.0239	0.0114	0.0163	0.0023	0.0171	0.0136	0.0258	0.0004	0.0172	0.0112	0.0056	0.0065	0.0241	0.0289	0.0141	0.0394	0.0198	0.0278	
0.0045	0.0174	0.0028	0.0245	0.0366	0.0070	0.0301	0.0378	0.0377	0.0278	0.0011	0.0135	0.0184	0.0124	0.0155	0.0157	0.0203	0.0155	0.0032	0.0261	0.0237	0.0125	0.0159	0.0194	0.0094	0.0024	0.0107	0.0277	0.0333	0.0361	0.0215	0.0237	0.0056	0.0340	0.0130	0.0021	0.0110	0.0387	0.0119	0.0105	0.0196	0.0388	0.0173	0.0348	0.0461	0.0079	0.0213	0.0337	0.0310	0.0185	
0.0188	0.0032	0.0320	0.0291	0.0047	0.0329	0.0037	0.0206	0.0097	0.0256	0.0324	0.0288	0.0334	0.0286	0.0040	0.0173	0.0055	0.0179	0.0029	0.0129	0.0013	0.0210	0.0291	0.0316	0.0104	0.0314	0.0241	0.0191	0.0144	0.0425	0.0100	0.0142	0.0285	0.0109	0.0171	0.0174	0.0285	0.0106	0.0280	0.0158	0.0347	0.0258	0.0261	0.0226	0.0117	0.0225	0.0245	0.0171	0.0260	0.0190	
0.0037	0.0081	0.0271	0.0178	0.0219	0.0357	0.0059	0.0368	0.0175	0.0096	0.0016	0.0270	0.0044	0.0112	0.0169	0.0179	0.0394	0.0178	0.0178	0.0165	0.0258	0.0349	0.0251	0.0212	0.0207	0.0116	0.0232	0.0083	0.0176	0.0392	0.0005	0.0099	0.0345	0.0008	0.0378	0.0036	0.0278	0.0260	0.0378	0.0189	0.0134	0.0381	0.0322	0.0180	0.0138	0.0163	0.0183	0.0184	0.0147	0.0373	
0.0250	0.0149	0.0025	0.0097	0.0321	0.0106	0.0224	0.0028	0.0399	0.0100	0.0073	0.0431	0.0204	0.0243	0.0119	0.0346	0.0356	0.0039	0.0142	0.0119	0.0305	0.0144	0.0273	0.0468	0.0094	0.0365	0.0006	0.0086	0.0079	0.0055	0.0281	0.0140	0.0349	0.0224	0.0142	0.0252	0.0101	0.0236	0.0107	0.0315	0.0292	0.0360	0.0366	0.0244	0.0145	0.0172	0.0130	0.0076	0.0124	0.0297	
0.0204	0.0220	0.0064	0.0008	0.0085	0.0112	0.0246	0.0028	0.0412	0.0344	0.0087	0.0110	0.0382	0.0297	0.0199	0.0334	0.0054	0.0325	0.0134	0.0222	0.0221	0.0118	0.0297	0.0263	0.0290	0.0443	0.0154	0.0027	0.0253	0.0381	0.0189	0.0291	0.0348	0.0191	0.0259	0.0078	0.0080	0.0328	0.0136	0.0011	0.0401	0.0068	0.0244	0.0169	0.0178	0.0130	0.0321	0.0028	0.0044	0.0195	
0.0110	0.0201	0.0388	0.0428	0.0086	0.0101	0.0347	0.0240	0.0141	0.0129	0.0373	0.0339	0.0160	0.0047	0.0163	0.0195	0.0203	0.0154	0.0067	0.0120	0.0298	0.0179	0.0224	0.0157	0.0340	0.0119	0.0307	0.0181	0.0057	0.0210	0.0033	0.0200	0.0518	0.0116	0.0346	0.0453	0.0006	0.0110	0.0167	0.0163	0.0262	0.0398	0.0247	0.0026	0.0102	0.0165	0.0280	0.0242	0.0047	0.0054	
0.0390	0.0201	0.0425	0.0347	0.0276	0.0338	0.0367	0.0184	0.0018	0.0340	0.0188	0.0141	0.0125	0.0283	0.0071	0.0183	0.0273	0.0061	0.0192	0.0125	0.0159	0.0071	0.0331	0.0346	0.0301	0.0309	0.0330	0.0150	0.0042	0.0111	0.0208	0.0068	0.0078	0.0012	0.0233	0.0190	0.0165	0.0053	0.0184	0.0272	0.0009	0.0228	0.0076	0.0177	0.0343	0.0066	0.0099	0.0252	0.0300	0.0311	
0.0302	0.0264	0.0005	0.0308	0.0276	0.0374	0.0256	0.0075	0.0012	0.0346	0.0032	0.0182	0.0162	0.0224	0.0119	0.0158	0.0026	0.0135	0.0127	0.0268	0.0011	0.0292	0.0253	0.0393	0.0107	0.0324	0.0385	0.0144	0.0311	0.0306	0.0235	0.0059	0.0168	0.0120	0.0270	0.0323	0.0078	0.0188	0.0091	0.0342	0.0424	0.0109	0.0048	0.0256	0.0325	0.0259	0.0046	0.0175	0.0108	0.0198	
0.0038	0.0011	0.0155	0.0073	0.0302	0.0055	0.0386	0.0114	0.0204	0.0356	0.0261	0.0095	0.0093	0.0134	0.0035	0.0397	0.0364	0.0000	0.0059	0.0137	0.0084	0.0260	0.0014	0.0243	0.0306	0.0251	0.0170	0.0350	0.0029	0.0306	0.0231	0.0190	0.0038	0.0178	0.0243	0.0226	0.0320	0.0175	0.0206	0.0166	0.0412	0.0417	0.0025	0.0136	0.0391	0.0254	0.0296	0.0294	0.0232	0.0288	
0.0320	0.0060	0.0147	0.0528	0.0107	0.0249	0.0461	0.0327	0.0207	0.0453	0.0248	0.0029	0.0074	0.0201	0.0111	0.0147	0.0055	0.0362	0.0375	0.0185	0.0048	0.0279	0.0145	0.0366	0.0165	0.0096	0.0226	0.0248	0.0196	0.0049	0.0310	0.0315	0.0098	0.0150	0.0087	0.0192	0.0080	0.0071	0.0087	0.0004	0.0307	0.0044	0.0010	0.0230	0.0405	0.0421	0.0193	0.0188	0.0050	0.0297	
0.0231	0.0097	0.0339	0.0042	0.0218	0.0057	0.0229	0.0230	0.0180	0.0319	0.0015	0.0112	0.0087	0.0150	0.0063	0.0008	0.0280	0.0265	0.0171	0.0260	0.0037	0.0300	0.0190	0.0268	0.0370	0.0009	0.0129	0.0322	0.0382	0.0213	0.0228	0.0022	0.0252	0.0321	0.0201	0.0239	0.0343	0.0074	0.0392	0.0004	0.0236	0.0199	0.0239	0.0110	0.0265	0.0142	0.0391	0.0263	0.0190	0.0317	
0.0095	0.0114	0.0225	0.0402	0.0448	0.0135	0.0367	0.0001	0.0077	0.0131	0.0123	0.0100	0.0086	0.0000	0.0075	0.0633	0.0637	0.0165	0.0363	0.0191	0.0037	0.0248	0.0008	0.0148	0.0453	0.0018	0.0153	0.0076	0.0166	0.0148	0.0035	0.0416	0.0094	0.0104	0.0166	0.0299	0.0015	0.0052	0.0071	0.0215	0.0324	0.0764	0.0272	0.0049	0.0140	0.0147	0.0090	0.0574	0.0341	0.0005	
0.0223	0.0189	0.0394	0.0364	0.0174	0.0207	0.0293	0.0178	0.0164	0.0022	0.0108	0.0163	0.0047	0.0209	0.0175	0.0001	0.0301	0.0161	0.0205	0.0211	0.0337	0.0258	0.0017	0.0321	0.0275	0.0114	0.0199	0.0279	0.0053	0.0142	0.0211	0.0208	0.0095	0.0268	0.0392	0.0192	0.0278	0.0105	0.0246	0.0309	0.0292	0.0232	0.0268	0.0066	0.0232	0.0160	0.0196	0.0089	0.0262	0.0111	
0.0297	0.0196	0.0027	0.0069	0.0081	0.0424	0.0179	0.0068	0.0041	0.0075	0.0432	0.0020	0.0150	0.0035	0.0146	0.0268	0.0055	0.0112	0.0282	0.0419	0.0100	0.0227	0.0341	0.0296	0.0379	0.0105	0.0324	0.0447	0.0065	0.0173	0.0221	0.0139	0.0041	0.0335	0.0255	0.0085	0.0252	0.0051	0.0271	0.0009	0.0052	0.0257	0.0088	0.0240	0.0328	0.0334	0.0127	0.0306	0.0321	0.0453	
0.0143	0.0116	0.0240	0.0574	0.0024	0.0042	0.0281	0.0115	0.0120	0.0306	0.0038	0.0509	0.0263	0.0269	0.0143	0.0301	0.0668	0.0206	0.0232	0.0094	0.0024	0.0011	0.0213	0.0245	0.0384	0.0096	0.0170	0.0108	0.0261	0.0063	0.0343	0.0078	0.0013	0.0099	0.0089	0.0085	0.0208	0.0076	0.0339	0.0129	0.0191	0.0166	0.0287	0.0245	0.0325	0.0143	0.0148	0.0308	0.0341	0.0127	
0.0248	0.0287	0.0079	0.0167	0.0306	0.0071	0.0291	0.0352	0.0080	0.0148	0.0230	0.0122	0.0183	0.0028	0.0259	0.0334	0.0210	0.0276	0.0171	0.0156	0.0333	0.0313	0.0210	0.0023	0.0244	0.0274	0.0072	0.0293	0.0233	0.0085	0.0307	0.0279	0.0122	0.0148	0.0172	0.0049	0.0006	0.0174	0.0083	0.0329	0.0133	0.0298	0.0332	0.0153	0.0229	0.0040	0.0229	0.0252	0.0244	0.0344	
0.0424	0.0246	0.0014	0.0243	0.0222	0.0268	0.0076	0.0042	0.0326	0.0033	0.0000	0.0539	0.0058	0.0334	0.0103	0.0416	0.0493	0.0012	0.0263	0.0261	0.0309	0.0059	0.0155	0.0180	0.0032	0.0009	0.0317	0.0062	0.0136	0.0196	0.0009	0.0160	0.0048	0.0319	0.0177	0.0045	0.0243	0.0384	0.0326	0.0156	0.0344	0.0457	0.0220	0.0065	0.0338	0.0114	0.0137	0.0023	0.0375	0.0233	
0.0078	0.0351	0.0047	0.0442	0.0020	0.0394	0.0190	0.0261	0.0186	0.0217	0.0066	0.0006	0.0358	0.0073	0.0041	0.0261	0.0339	0.0191	0.0222	0.0147	0.0073	0.0003	0.0030	0.0083	0.0369	0.0009	0.0204	0.0146	0.0196	0.0392	0.0174	0.0381	0.0090	0.0280	0.0224	0.0128	0.0176	0.0082	0.0304	0.0357	0.0398	0.0139	0.0288	0.0240	0.0183	0.0556	0.0086	0.0229	0.0063	0.0226	
0.0225	0.0088	0.0223	0.0217	0.0234	0.0066	0.0213	0.0398	0.0023	0.0007	0.0110	0.0045	0.0010	0.0347	0.0007	0.0136	0.0289	0.0339	0.0283	0.0359	0.0059	0.0193	0.0283	0.0240	0.0236	0.0426	0.0136	0.0333	0.0320	0.0389	0.0297	0.0352	0.0073	0.0021	0.0040	0.0116	0.0089	0.0202	0.0084	0.0102	0.0225	0.0164	0.0050	0.0368	0.0153	0.0284	0.0135	0.0382	0.0200	0.0428	
0.0063	0.0083	0.0312	0.0195	0.0128	0.0337	0.0213	0.0319	0.0040	0.0250	0.0293	0.0064	0.0044	0.0066	0.0076	0.0094	0.0002	0.0381	0.0252	0.0266	0.0061	0.0134	0.0296	0.0164	0.0085	0.0241	0.0180	0.0405	0.0090	0.0425	0.0251	0.0219	0.0030	0.0359	0.0352	0.0249	0.0092	0.0335	0.0345	0.0063	0.0269	0.0216	0.0158	0.0190	0.0204	0.0202	0.0108	0.0435	0.0230	0.0133	
0.0300	0.0132	0.0133	0.0329	0.0349	0.0391	0.0182	0.0132	0.0080	0.0252	0.0214	0.0278	0.0264	0.0043	0.0022	0.0064	0.0025	0.0119	0.0152	0.0278	0.0473	0.0108	0.0082	0.0211	0.0041	0.0327	0.0381	0.0132	0.0359	0.0355	0.0169	0.0217	0.0163	0.0377	0.0196	0.0159	0.0150	0.0154	0.0024	0.0001	0.0068	0.0449	0.0282	0.0092	0.0322	0.0027	0.0374	0.0140	0.0205	0.0220	
0.0170	0.0026	0.0268	0.0440	0.0147	0.0129	0.0036	0.0362	0.0233	0.0028	0.0377	0.0068	0.0171	0.0215	0.0061	0.0374	0.0099	0.0230	0.0272	0.0230	0.0291	0.0281	0.0076	0.0118	0.0226	0.0006	0.0200	0.0459	0.0277	0.0019	0.0304	0.0238	0.0420	0.0173	0.0111	0.0120	0.0324	0.0203	0.0220	0.0021	0.0099	0.0212	0.0289	0.0395	0.0040	0.0368	0.0190	0.0049	0.0020	0.0313	
0.0482	0.0064	0.0226	0.0538	0.0334	0.0238	0.0402	0.0115	0.0182	0.0114	0.0200	0.0086	0.0027	0.0173	0.0070	0.0144	0.0212	0.0455	0.0106	0.0285	0.0017	0.0370	0.0030	0.0256	0.0207	0.0050	0.0451	0.0083	0.0066	0.0172	0.0168	0.0222	0.0375	0.0412	0.0110	0.0230	0.0267	0.0017	0.0270	0.0175	0.0196	0.0391	0.0018	0.0070	0.0138	0.0038	0.0076	0.0098	0.0301	0.0275	
0.0353	0.0184	0.0398	0.0103	0.0340	0.0015	0.0068	0.0381	0.0130	0.0101	0.0278	0.0353	0.0024	0.0383	0.0267	0.0131	0.0107	0.0068	0.0144	0.0261	0.0105	0.0135	0.0057	0.0290	0.0180	0.0119	0.0294	0.0338	0.0119	0.0132	0.0360	0.0308	0.0202	0.0160	0.0389	0.0434	0.0203	0.0311	0.0094	0.0068	0.0157	0.0004	0.0279	0.0200	0.0285	0.0334	0.0155	0.0049	0.0145	0.0003	
0.0308	0.0087	0.0340	0.0027	0.0218	0.0087	0.0128	0.0079	0.0287	0.0090	0.0134	0.0125	0.0261	0.0491	0.0083	0.0335	0.0048	0.0217	0.0036	0.0277	0.0222	0.0143	0.0316	0.0036	0.0129	0.0119	0.0178	0.0250	0.0407	0.0165	0.0353	0.0190	0.0254	0.0131	0.0165	0.0247	0.0349	0.0191	0.0291	0.0190	0.0187	0.0137	0.0306	0.0389	0.0214	0.0023	0.0140	0.0249	0.0089	0.0280	
0.0425	0.0226	0.0001	0.0290	0.0144	0.0163	0.0129	0.0276	0.0348	0.0114	0.0188	0.0457	0.0071	0.0077	0.0101	0.0371	0.0419	0.0143	0.0223	0.0207	0.0006	0.0343	0.0344	0.0238	0.0129	0.0060	0.0244	0.0342	0.0080	0.0068	0.0308	0.0326	0.0124	0.0061	0.0355	0.0042	0.0182	0.0008	0.0011	0.0347	0.0179	0.0147	0.0225	0.0140	0.0373	0.0283	0.0026	0.0343	0.0250	0.0042	
0.0133	0.0012	0.0128	0.0266	0.0339	0.0018	0.0394	0.0191	0.0067	0.0425	0.0346	0.0125	0.0196	0.0205	0.0205	0.0443	0.0172	0.0039	0.0188	0.0103	0.0064	0.0440	0.0125	0.0295	0.0074	0.0288	0.0024	0.0210	0.0257	0.0290	0.0074	0.0417	0.0132	0.0054	0.0426	0.0379	0.0236	0.0298	0.0149	0.0337	0.0108	0.0080	0.0401	0.0031	0.0054	0.0064	0.0278	0.0002	0.0013	0.0404	
0.0144	0.0022	0.0097	0.0139	0.0326	0.0218	0.0246	0.0269	0.0173	0.0389	0.0358	0.0127	0.0303	0.0185	0.0310	0.0350	0.0288	0.0104	0.0237	0.0191	0.0189	0.0298	0.0245	0.0286	0.0001	0.0418	0.0286	0.0089	0.0139	0.0040	0.0324	0.0016	0.0127	0.0261	0.0080	0.0049	0.0309	0.0338	0.0051	0.0171	0.0059	0.0322	0.0139	0.0136	0.0307	0.0412	0.0144	0.0103	0.0121	0.0064	
0.0075	0.0198	0.0132	0.0192	0.0171	0.0283	0.0136	0.0216	0.0171	0.0012	0.0217	0.0207	0.0104	0.0122	0.0005	0.0376	0.0394	0.0320	0.0153	0.0252	0.0099	0.0416	0.0056	0.0123	0.0161	0.0218	0.0118	0.0119	0.0309	0.0086	0.0185	0.0236	0.0331	0.0113	0.0390	0.0193	0.0313	0.0381	0.0188	0.0188	0.0324	0.0081	0.0232	0.0047	0.0348	0.0265	0.0212	0.0011	0.0144	0.0380	
0.0333	0.0211	0.0350	0.0267	0.0386	0.0071	0.0122	0.0348	0.0031	0.0264	0.0141	0.0026	0.0210	0.0058	0.0160	0.0364	0.0261	0.0375	0.0164	0.0213	0.0056	0.0014	0.0102	0.0318	0.0318	0.0010	0.0138	0.0010	0.0114	0.0266	0.0296	0.0106	0.0360	0.0352	0.0160	0.0335	0.0210	0.0066	0.0137	0.0196	0.0047	0.0325	0.0297	0.0225	0.0032	0.0271	0.0154	0.0181	0.0190	0.0359	
0.0386	0.0197	0.0256	0.0369	0.0244	0.0323	0.0158	0.0017	0.0377	0.0344	0.0210	0.0115	0.0202	0.0069	0.0318	0.0052	0.0049	0.0275	0.0259	0.0220	0.0102	0.0229	0.0185	0.0339	0.0122	0.0109	0.0064	0.0200	0.0212	0.0043	0.0163	0.0351	0.0107	0.0129	0.0317	0.0099	0.0227	0.0021	0.0063	0.0239	0.0174	0.0288	0.0110	0.0144	0.0393	0.0306	0.0035	0.0193	0.0272	0.0324	
0.0173	0.0313	0.0333	0.0290	0.0262	0.0212	0.0023	0.0376	0.0203	0.0130	0.0192	0.0247	0.0113	0.0270	0.0102	0.0350	0.0320	0.0053	0.0190	0.0193	0.0194	0.0036	0.0168	0.0058	0.0135	0.0269	0.0054	0.0025	0.0310	0.0214	0.0073	0.0249	0.0354	0.0291	0.0239	0.0242	0.0132	0.0240	0.0201	0.0093	0.0147	0.0326	0.0243	0.0407	0.0018	0.0201	0.0131	0.0176	0.0066	0.0364	
0.0467	0.0006	0.0014	0.0183	0.0296	0.0112	0.0137	0.0174	0.0166	0.0027	0.0110	0.0735	0.0189	0.0268	0.0020	0.0495	0.0538	0.0188	0.0110	0.0194	0.0134	0.0109	0.0124	0.0083	0.0090	0.0067	0.0200	0.0195	0.0022	0.0179	0.0061	0.0299	0.0501	0.0440	0.0294	0.0086	0.0110	0.0224	0.0099	0.0009	0.0167	0.0497	0.0025	0.0215	0.0301	0.0077	0.0173	0.0458	0.0312	0.0018	
0.0313	0.0392	0.0141	0.0249	0.0145	0.0270	0.0238	0.0340	0.0043	0.0340	0.0014	0.0254	0.0187	0.0308	0.0367	0.0316	0.0033	0.0353	0.0047	0.0299	0.0175	0.0098	0.0045	0.0087	0.0051	0.0346	0.0068	0.0359	0.0146	0.0412	0.0261	0.0247	0.0275	0.0007	0.0364	0.0096	0.0132	0.0110	0.0190	0.0040	0.0253	0.0326	0.0217	0.0181	0.0000	0.0309	0.0136	0.0080	0.0333	0.0007	
0.0112	0.0319	0.0318	0.0397	0.0275	0.0246	0.0298	0.0027	0.0208	0.0245	0.0134	0.0395	0.0130	0.0091	0.0018	0.0152	0.0048	0.0159	0.0004	0.0238	0.0207	0.0353	0.0170	0.0016	0.0132	0.0197	0.0267	0.0271	0.0072	0.0195	0.0112	0.0347	0.0327	0.0154	0.0268	0.0386	0.0010	0.0288	0.0137	0.0075	0.0196	0.0121	0.0312	0.0332	0.0270	0.0280	0.0139	0.0119	0.0157	0.0275	
0.0236	0.0010	0.0112	0.0082	0.0228	0.0164	0.0169	0.0278	0.0285	0.0013	0.0430	0.0066	0.0390	0.0000	0.0135	0.0172	0.0438	0.0389	0.0284	0.0050	0.0148	0.0172	0.0009	0.0345	0.0054	0.0107	0.0417	0.0247	0.0145	0.0289	0.0072	0.0178	0.0118	0.0261	0.0439	0.0129	0.0343	0.0361	0.0410	0.0087	0.0224	0.0180	0.0043	0.0152	0.0109	0.0136	0.0180	0.0345	0.0224	0.0146	

Emissions
0.2113	0.1891	0.2706	0.0543	0.0378	0.0350	0.0005	0.1751	0.0262	
0.0353	0.0837	0.1794	0.0049	0.1047	0.3108	0.1149	0.1246	0.0418	
0.0183	0.0253	0.2465	0.0131	0.0020	0.1724	0.1873	0.2588	0.0761	
0.2238	0.1460	0.2569	0.1557	0.0130	0.0026	0.0028	0.0093	0.1898	
0.1665	0.1902	0.0620	0.1013	0.0228	0.0451	0.1131	0.1518	0.1472	
0.1774	0.0308	0.0651	0.0545	0.1221	0.1505	0.0331	0.2442	0.1224	
0.1403	0.1065	0.1397	0.0180	0.0712	0.0762	0.1790	0.0785	0.1906	
0.0665	0.0904	0.0729	0.1345	0.0265	0.1651	0.0535	0.1936	0.1970	
0.0037	0.0670	0.2288	0.0255	0.0535	0.0995	0.1312	0.2211	0.1696	
0.0259	0.0490	0.2704	0.0289	0.1137	0.1232	0.1518	0.1073	0.1298	
0.0238	0.1697	0.0888	0.2173	0.0873	0.1305	0.0982	0.1513	0.0331	
0.1353	0.2588	0.2776	0.0438	0.0193	0.0144	0.1121	0.0305	0.1081	
0.0694	0.0661	0.1920	0.0008	0.0909	0.3491	0.1316	0.0846	0.0154	
0.0278	0.2273	0.2126	0.0328	0.0332	0.3271	0.0834	0.0330	0.0229	
0.2193	0.0478	0.1846	0.1061	0.1888	0.0596	0.1110	0.0519	0.0309	
0.1617	0.1376	0.1536	0.0607	0.0277	0.0378	0.1175	0.1500	0.1534	
0.1144	0.2648	0.2327	0.0318	0.0216	0.0288	0.1642	0.0533	0.0883	
0.0551	0.1364	0.1335	0.0831	0.0926	0.0114	0.1682	0.1684	0.1512	
0.0148	0.1827	0.1131	0.1276	0.0559	0.0455	0.1051	0.1621	0.1931	
0.0330	0.1665	0.0427	0.0159	0.1041	0.1041	0.2524	0.2296	0.0515	
0.0265	0.0373	0.2360	0.0277	0.0857	0.1169	0.1299	0.2456	0.0943	
0.1079	0.0107	0.2079	0.1022	0.0594	0.0000	0.1068	0.2162	0.1888	
0.0980	0.1522	0.0430	0.0538	0.0941	0.1783	0.0493	0.1930	0.1384	
0.0590	0.0390	0.2145	0.0137	0.1073	0.0391	0.1787	0.2193	0.1294	
0.0313	0.2039	0.2240	0.1406	0.0087	0.0788	0.1614	0.0391	0.1123	
0.0069	0.0246	0.1361	0.0001	0.1246	0.5742	0.0958	0.0314	0.0063	
0.0178	0.1629	0.1325	0.0243	0.0931	0.0339	0.1868	0.1468	0.2021	
0.2189	0.1136	0.0340	0.1453	0.0088	0.1779	0.0976	0.1910	0.0129	
0.0114	0.2038	0.1696	0.0059	0.1032	0.3317	0.0419	0.0242	0.1083	
0.1996	0.0316	0.1768	0.1341	0.0725	0.0993	0.0230	0.2193	0.0436	
0.0321	0.1874	0.2204	0.0195	0.1222	0.2313	0.0121	0.0532	0.1220	
0.1245	0.1181	0.0303	0.1185	0.0743	0.0019	0.2246	0.1079	0.1999	
0.1681	0.2144	0.0146	0.1860	0.0002	0.1513	0.1820	0.0045	0.0788	
0.0274	0.2294	0.1995	0.0439	0.0681	0.1003	0.1714	0.0354	0.1247	
0.0327	0.0797	0.2073	0.1122	0.0244	0.0454	0.1787	0.1749	0.1448	
0.1003	0.2336	0.1115	0.0834	0.0793	0.0674	0.1567	0.1638	0.0040	
0.0214	0.0861	0.2027	0.0008	0.1201	0.2958	0.0923	0.1233	0.0574	
0.0091	0.1667	0.1849	0.0290	0.0356	0.2268	0.0987	0.1185	0.1307	
0.0087	0.2441	0.2063	0.1801	0.0960	0.0987	0.0426	0.1001	0.0234	
0.1388	0.0762	0.2241	0.0057	0.0993	0.2165	0.0582	0.0692	0.1121	
0.1153	0.0246	0.1177	0.0843	0.0362	0.0645	0.1748	0.2114	0.1712	
0.1815	0.1278	0.1387	0.1017	0.0089	0.0096	0.0660	0.1722	0.1935	
0.1104	0.0799	0.1619	0.0897	0.0719	0.1011	0.1467	0.1495	0.0889	
0.0573	0.1398	0.0117	0.0429	0.0436	0.2558	0.1873	0.1622	0.0994	
0.1580	0.0622	0.1320	0.0237	0.1375	0.0079	0.1506	0.1331	0.1949	
0.1647	0.0503	0.1267	0.2031	0.0991	0.0287	0.0098	0.3122	0.0054	
0.0035	0.1734	0.0400	0.0039	0.1692	0.3641	0.2014	0.0408	0.0036	
0.1854	0.2336	0.0373	0.0916	0.0343	0.0140	0.0693	0.2159	0.1187	
0.1783	0.1290	0.1709	0.0631	0.0164	0.1736	0.0134	0.1180	0.1372	
0.0270	0.0807	0.2086	0.1265	0.0699	0.0953	0.1382	0.2329	0.0210	
