DataSet 36
Learner: Baum Welch Learner
Log Likelihood: 121792.6577754240

Number of States: 100
Number of Symbols: 9
Threshold: 0.01

Initial Distribution:
0.0299	0.0018	0.1334	0.0049	0.0009	0.0050	0.0029	0.0940	0.0015	0.0052	0.0042	0.0400	0.0002	0.0200	0.0051	0.0026	0.0042	0.0274	0.0000	0.0127	0.0004	0.0012	0.0020	0.0076	0.0173	0.0071	0.0106	0.0018	0.0129	0.0024	0.0010	0.0088	0.0001	0.0002	0.0012	0.0012	0.0010	0.0062	0.0008	0.0026	0.0042	0.0003	0.0010	0.0096	0.0000	0.0020	0.0018	0.0018	0.0097	0.0321	0.0053	0.0009	0.0017	0.0067	0.0006	0.0007	0.0118	0.0056	0.0004	0.0013	0.0010	0.0630	0.0073	0.1287	0.0048	0.0011	0.0029	0.0014	0.0006	0.0264	0.0002	0.0295	0.0001	0.0306	0.0027	0.0019	0.0081	0.0195	0.0025	0.0031	0.0106	0.0051	0.0020	0.0001	0.0112	0.0001	0.0022	0.0044	0.0005	0.0008	0.0016	0.0017	0.0157	0.0039	0.0003	0.0029	0.0069	0.0000	0.0018	0.0128	

Transitions:
0.0085	0.0153	0.0064	0.0187	0.0034	0.0105	0.0032	0.0075	0.0118	0.0121	0.0186	0.0075	0.0012	0.0089	0.0119	0.0176	0.0161	0.0025	0.0024	0.0059	0.0024	0.0092	0.0126	0.0028	0.0096	0.0113	0.0061	0.0016	0.0058	0.0145	0.0001	0.0140	0.0209	0.0194	0.0220	0.0011	0.0021	0.0061	0.0011	0.0047	0.0160	0.0091	0.0156	0.0186	0.0087	0.0117	0.0151	0.0226	0.0032	0.0068	0.0063	0.0154	0.0260	0.0113	0.0073	0.0101	0.0049	0.0160	0.0181	0.0108	0.0036	0.0014	0.0052	0.0050	0.0082	0.0055	0.0247	0.0069	0.0187	0.0096	0.0084	0.0068	0.0030	0.0112	0.0124	0.0190	0.0107	0.0096	0.0216	0.0048	0.0108	0.0070	0.0175	0.0281	0.0067	0.0102	0.0154	0.0009	0.0004	0.0081	0.0199	0.0065	0.0054	0.0058	0.0004	0.0150	0.0231	0.0011	0.0054	0.0045	
0.0108	0.0050	0.0018	0.0117	0.0046	0.0146	0.0077	0.0016	0.0213	0.0148	0.0206	0.0133	0.0003	0.0139	0.0174	0.0123	0.0040	0.0101	0.0078	0.0072	0.0052	0.0144	0.0051	0.0089	0.0152	0.0015	0.0047	0.0141	0.0162	0.0182	0.0159	0.0078	0.0076	0.0110	0.0095	0.0096	0.0055	0.0052	0.0123	0.0106	0.0187	0.0157	0.0012	0.0034	0.0078	0.0024	0.0054	0.0103	0.0099	0.0052	0.0093	0.0063	0.0140	0.0162	0.0177	0.0169	0.0186	0.0117	0.0143	0.0030	0.0123	0.0140	0.0046	0.0016	0.0140	0.0087	0.0058	0.0075	0.0041	0.0046	0.0067	0.0171	0.0157	0.0123	0.0079	0.0102	0.0165	0.0025	0.0025	0.0148	0.0155	0.0138	0.0036	0.0114	0.0064	0.0103	0.0119	0.0089	0.0137	0.0158	0.0113	0.0155	0.0116	0.0078	0.0015	0.0049	0.0078	0.0172	0.0053	0.0156	
0.0036	0.0148	0.0004	0.0107	0.0236	0.0069	0.0061	0.0019	0.0064	0.0033	0.0107	0.0030	0.0096	0.0093	0.0032	0.0599	0.0060	0.0025	0.0180	0.0011	0.0203	0.0315	0.0218	0.0121	0.0034	0.0118	0.0037	0.0071	0.0031	0.0009	0.0000	0.0122	0.0293	0.0074	0.0376	0.0175	0.0147	0.0179	0.0104	0.0137	0.0013	0.0352	0.0006	0.0057	0.0200	0.0137	0.0073	0.0164	0.0011	0.0008	0.0067	0.0210	0.0079	0.0099	0.0003	0.0007	0.0012	0.0003	0.0106	0.0030	0.0022	0.0002	0.0012	0.0003	0.0014	0.0027	0.0240	0.0030	0.0016	0.0026	0.0126	0.0018	0.0007	0.0047	0.0036	0.0199	0.0161	0.0045	0.0241	0.0210	0.0012	0.0051	0.0049	0.0201	0.0026	0.0055	0.0095	0.0146	0.0023	0.0189	0.0239	0.0041	0.0016	0.0025	0.0104	0.0013	0.0211	0.0104	0.0276	0.0238	
0.0164	0.0032	0.0097	0.0163	0.0180	0.0039	0.0170	0.0070	0.0175	0.0042	0.0085	0.0125	0.0120	0.0162	0.0017	0.0099	0.0137	0.0157	0.0042	0.0036	0.0086	0.0191	0.0195	0.0051	0.0099	0.0060	0.0095	0.0149	0.0058	0.0043	0.0065	0.0013	0.0121	0.0165	0.0003	0.0026	0.0038	0.0116	0.0163	0.0008	0.0089	0.0045	0.0066	0.0005	0.0144	0.0072	0.0210	0.0061	0.0058	0.0009	0.0075	0.0217	0.0114	0.0166	0.0100	0.0229	0.0036	0.0058	0.0062	0.0108	0.0196	0.0005	0.0011	0.0098	0.0183	0.0046	0.0024	0.0176	0.0185	0.0200	0.0059	0.0023	0.0193	0.0019	0.0175	0.0057	0.0180	0.0177	0.0137	0.0041	0.0120	0.0047	0.0102	0.0059	0.0152	0.0099	0.0109	0.0122	0.0089	0.0044	0.0200	0.0236	0.0073	0.0106	0.0078	0.0073	0.0035	0.0190	0.0037	0.0059	
0.0037	0.0199	0.0117	0.0055	0.0206	0.0055	0.0185	0.0101	0.0003	0.0025	0.0027	0.0054	0.0112	0.0015	0.0201	0.0082	0.0119	0.0178	0.0141	0.0091	0.0138	0.0073	0.0088	0.0122	0.0010	0.0056	0.0159	0.0114	0.0156	0.0087	0.0020	0.0012	0.0189	0.0069	0.0176	0.0147	0.0113	0.0031	0.0115	0.0141	0.0109	0.0024	0.0136	0.0047	0.0009	0.0164	0.0085	0.0055	0.0122	0.0181	0.0208	0.0067	0.0204	0.0156	0.0177	0.0166	0.0089	0.0157	0.0050	0.0096	0.0125	0.0062	0.0126	0.0161	0.0009	0.0011	0.0079	0.0046	0.0022	0.0047	0.0198	0.0094	0.0067	0.0024	0.0192	0.0117	0.0149	0.0053	0.0139	0.0066	0.0210	0.0114	0.0019	0.0186	0.0104	0.0147	0.0015	0.0013	0.0145	0.0038	0.0038	0.0179	0.0237	0.0027	0.0027	0.0066	0.0086	0.0014	0.0033	0.0198	
0.0043	0.0036	0.0029	0.0076	0.0012	0.0088	0.0025	0.0150	0.0194	0.0023	0.0016	0.0025	0.0049	0.0189	0.0088	0.0205	0.0029	0.0140	0.0012	0.0070	0.0000	0.0076	0.0096	0.0195	0.0007	0.0184	0.0100	0.0032	0.0009	0.0115	0.0007	0.0141	0.0032	0.0142	0.0028	0.0171	0.0064	0.0173	0.0203	0.0033	0.0124	0.0055	0.0040	0.0134	0.0026	0.0013	0.0143	0.0001	0.0138	0.0024	0.0034	0.0137	0.0003	0.0174	0.0203	0.0201	0.0170	0.0061	0.0061	0.0026	0.0220	0.0223	0.0146	0.0057	0.0015	0.0092	0.0212	0.0121	0.0178	0.0113	0.0161	0.0062	0.0183	0.0151	0.0179	0.0180	0.0048	0.0163	0.0194	0.0218	0.0054	0.0106	0.0105	0.0237	0.0071	0.0065	0.0124	0.0061	0.0142	0.0055	0.0028	0.0012	0.0124	0.0141	0.0055	0.0124	0.0084	0.0161	0.0107	0.0154	
0.0013	0.0012	0.0041	0.0027	0.0104	0.0158	0.0158	0.0020	0.0016	0.0040	0.0158	0.0167	0.0112	0.0056	0.0185	0.0088	0.0097	0.0179	0.0229	0.0163	0.0163	0.0149	0.0161	0.0099	0.0092	0.0111	0.0136	0.0028	0.0128	0.0029	0.0070	0.0076	0.0084	0.0019	0.0176	0.0039	0.0048	0.0060	0.0090	0.0116	0.0085	0.0118	0.0051	0.0096	0.0146	0.0058	0.0120	0.0049	0.0165	0.0162	0.0020	0.0110	0.0208	0.0151	0.0172	0.0092	0.0025	0.0159	0.0127	0.0185	0.0233	0.0158	0.0088	0.0169	0.0145	0.0054	0.0102	0.0073	0.0096	0.0128	0.0029	0.0036	0.0092	0.0073	0.0076	0.0061	0.0096	0.0087	0.0184	0.0040	0.0006	0.0120	0.0052	0.0192	0.0007	0.0156	0.0092	0.0125	0.0040	0.0121	0.0017	0.0114	0.0131	0.0091	0.0121	0.0124	0.0008	0.0060	0.0128	0.0075	
0.0047	0.0030	0.0017	0.0084	0.0195	0.0127	0.0013	0.0015	0.0051	0.0065	0.0121	0.0036	0.0169	0.0057	0.0097	0.0224	0.0070	0.0035	0.0210	0.0003	0.0202	0.0269	0.0052	0.0274	0.0039	0.0115	0.0069	0.0152	0.0052	0.0084	0.0028	0.0028	0.0269	0.0116	0.0138	0.0168	0.0306	0.0222	0.0021	0.0022	0.0106	0.0029	0.0037	0.0113	0.0130	0.0077	0.0159	0.0053	0.0082	0.0006	0.0023	0.0082	0.0114	0.0067	0.0026	0.0158	0.0227	0.0184	0.0128	0.0009	0.0045	0.0016	0.0041	0.0011	0.0022	0.0289	0.0166	0.0068	0.0017	0.0000	0.0177	0.0020	0.0077	0.0053	0.0062	0.0151	0.0129	0.0069	0.0133	0.0022	0.0058	0.0029	0.0049	0.0290	0.0054	0.0246	0.0132	0.0057	0.0123	0.0086	0.0246	0.0126	0.0042	0.0004	0.0146	0.0108	0.0157	0.0086	0.0046	0.0239	
0.0136	0.0066	0.0018	0.0153	0.0084	0.0139	0.0190	0.0115	0.0040	0.0171	0.0065	0.0059	0.0142	0.0127	0.0030	0.0016	0.0148	0.0143	0.0053	0.0099	0.0000	0.0060	0.0098	0.0128	0.0014	0.0193	0.0047	0.0104	0.0010	0.0164	0.0025	0.0151	0.0084	0.0104	0.0076	0.0140	0.0039	0.0137	0.0059	0.0114	0.0210	0.0025	0.0040	0.0156	0.0009	0.0105	0.0020	0.0109	0.0165	0.0100	0.0125	0.0120	0.0067	0.0114	0.0210	0.0073	0.0185	0.0083	0.0148	0.0117	0.0112	0.0059	0.0121	0.0068	0.0139	0.0079	0.0183	0.0050	0.0042	0.0093	0.0178	0.0041	0.0091	0.0098	0.0121	0.0175	0.0045	0.0099	0.0114	0.0103	0.0163	0.0117	0.0131	0.0091	0.0016	0.0108	0.0099	0.0114	0.0153	0.0010	0.0162	0.0167	0.0011	0.0174	0.0036	0.0120	0.0106	0.0153	0.0034	0.0101	
0.0124	0.0185	0.0065	0.0092	0.0154	0.0089	0.0019	0.0142	0.0020	0.0172	0.0024	0.0075	0.0183	0.0016	0.0148	0.0243	0.0138	0.0025	0.0079	0.0045	0.0167	0.0019	0.0159	0.0039	0.0128	0.0025	0.0037	0.0182	0.0053	0.0186	0.0075	0.0093	0.0069	0.0256	0.0191	0.0211	0.0041	0.0049	0.0157	0.0140	0.0084	0.0196	0.0144	0.0123	0.0198	0.0066	0.0210	0.0207	0.0177	0.0049	0.0166	0.0077	0.0096	0.0163	0.0137	0.0147	0.0033	0.0050	0.0129	0.0117	0.0052	0.0051	0.0100	0.0026	0.0093	0.0159	0.0033	0.0170	0.0071	0.0140	0.0164	0.0093	0.0081	0.0113	0.0188	0.0024	0.0085	0.0015	0.0060	0.0114	0.0025	0.0039	0.0171	0.0009	0.0007	0.0001	0.0014	0.0075	0.0043	0.0025	0.0198	0.0200	0.0125	0.0018	0.0087	0.0031	0.0041	0.0109	0.0007	0.0062	
0.0030	0.0037	0.0102	0.0062	0.0103	0.0070	0.0217	0.0132	0.0002	0.0108	0.0041	0.0014	0.0182	0.0023	0.0101	0.0007	0.0066	0.0076	0.0031	0.0082	0.0089	0.0116	0.0157	0.0044	0.0123	0.0189	0.0229	0.0070	0.0040	0.0151	0.0140	0.0147	0.0008	0.0246	0.0076	0.0250	0.0134	0.0162	0.0117	0.0119	0.0018	0.0085	0.0081	0.0082	0.0142	0.0138	0.0197	0.0091	0.0114	0.0057	0.0141	0.0107	0.0068	0.0067	0.0146	0.0082	0.0133	0.0086	0.0087	0.0128	0.0094	0.0104	0.0088	0.0039	0.0121	0.0085	0.0008	0.0007	0.0134	0.0080	0.0104	0.0123	0.0149	0.0073	0.0126	0.0046	0.0085	0.0024	0.0082	0.0042	0.0161	0.0069	0.0143	0.0206	0.0161	0.0072	0.0093	0.0083	0.0064	0.0145	0.0120	0.0021	0.0073	0.0214	0.0047	0.0105	0.0211	0.0017	0.0160	0.0076	
0.0078	0.0210	0.0044	0.0048	0.0252	0.0174	0.0143	0.0077	0.0184	0.0074	0.0011	0.0046	0.0024	0.0017	0.0127	0.0025	0.0157	0.0057	0.0080	0.0047	0.0241	0.0132	0.0235	0.0280	0.0004	0.0091	0.0097	0.0025	0.0021	0.0000	0.0059	0.0053	0.0107	0.0264	0.0180	0.0007	0.0254	0.0157	0.0000	0.0015	0.0118	0.0208	0.0129	0.0162	0.0194	0.0004	0.0001	0.0056	0.0023	0.0018	0.0100	0.0072	0.0228	0.0043	0.0053	0.0058	0.0029	0.0185	0.0026	0.0088	0.0073	0.0085	0.0094	0.0048	0.0013	0.0286	0.0020	0.0045	0.0128	0.0097	0.0114	0.0024	0.0099	0.0026	0.0212	0.0094	0.0206	0.0005	0.0039	0.0004	0.0043	0.0043	0.0217	0.0380	0.0060	0.0019	0.0096	0.0016	0.0084	0.0055	0.0280	0.0180	0.0096	0.0084	0.0149	0.0001	0.0267	0.0144	0.0174	0.0006	
0.0226	0.0156	0.0140	0.0090	0.0129	0.0072	0.0158	0.0124	0.0084	0.0031	0.0092	0.0018	0.0184	0.0019	0.0031	0.0022	0.0106	0.0152	0.0139	0.0017	0.0060	0.0183	0.0171	0.0061	0.0170	0.0131	0.0133	0.0020	0.0151	0.0205	0.0102	0.0010	0.0084	0.0020	0.0012	0.0098	0.0114	0.0105	0.0046	0.0170	0.0069	0.0205	0.0193	0.0044	0.0162	0.0152	0.0018	0.0062	0.0055	0.0117	0.0074	0.0020	0.0025	0.0126	0.0185	0.0258	0.0004	0.0050	0.0138	0.0044	0.0138	0.0135	0.0008	0.0099	0.0106	0.0082	0.0157	0.0110	0.0005	0.0121	0.0082	0.0008	0.0090	0.0130	0.0143	0.0094	0.0050	0.0126	0.0087	0.0227	0.0124	0.0094	0.0176	0.0008	0.0103	0.0083	0.0148	0.0163	0.0094	0.0023	0.0100	0.0102	0.0149	0.0001	0.0071	0.0126	0.0135	0.0073	0.0128	0.0063	
0.0020	0.0088	0.0036	0.0192	0.0020	0.0066	0.0109	0.0064	0.0168	0.0037	0.0147	0.0066	0.0134	0.0121	0.0146	0.0035	0.0165	0.0140	0.0229	0.0022	0.0106	0.0189	0.0052	0.0217	0.0008	0.0001	0.0021	0.0097	0.0022	0.0011	0.0110	0.0178	0.0231	0.0060	0.0187	0.0004	0.0016	0.0204	0.0198	0.0024	0.0169	0.0098	0.0207	0.0037	0.0087	0.0015	0.0200	0.0051	0.0052	0.0035	0.0131	0.0169	0.0084	0.0084	0.0128	0.0059	0.0045	0.0091	0.0152	0.0015	0.0050	0.0009	0.0057	0.0076	0.0079	0.0183	0.0108	0.0073	0.0183	0.0115	0.0014	0.0114	0.0007	0.0114	0.0060	0.0021	0.0201	0.0011	0.0146	0.0216	0.0029	0.0157	0.0050	0.0233	0.0048	0.0194	0.0109	0.0079	0.0090	0.0118	0.0188	0.0130	0.0061	0.0174	0.0190	0.0156	0.0005	0.0038	0.0132	0.0131	
0.0087	0.0090	0.0048	0.0146	0.0048	0.0159	0.0156	0.0085	0.0037	0.0127	0.0075	0.0023	0.0173	0.0143	0.0199	0.0080	0.0131	0.0080	0.0116	0.0101	0.0032	0.0009	0.0193	0.0081	0.0125	0.0089	0.0131	0.0030	0.0132	0.0091	0.0011	0.0119	0.0088	0.0215	0.0099	0.0169	0.0122	0.0155	0.0133	0.0075	0.0010	0.0010	0.0061	0.0118	0.0029	0.0127	0.0165	0.0110	0.0001	0.0077	0.0002	0.0095	0.0150	0.0146	0.0071	0.0104	0.0114	0.0201	0.0173	0.0155	0.0052	0.0111	0.0111	0.0097	0.0102	0.0145	0.0152	0.0198	0.0054	0.0022	0.0157	0.0021	0.0132	0.0010	0.0158	0.0031	0.0175	0.0050	0.0052	0.0052	0.0115	0.0006	0.0029	0.0102	0.0071	0.0133	0.0173	0.0074	0.0122	0.0189	0.0060	0.0117	0.0003	0.0187	0.0036	0.0077	0.0098	0.0096	0.0222	0.0082	
0.0174	0.0131	0.0055	0.0148	0.0141	0.0154	0.0137	0.0115	0.0048	0.0057	0.0164	0.0047	0.0151	0.0070	0.0025	0.0029	0.0070	0.0029	0.0071	0.0023	0.0091	0.0022	0.0092	0.0055	0.0149	0.0045	0.0020	0.0002	0.0140	0.0059	0.0139	0.0032	0.0056	0.0177	0.0039	0.0239	0.0109	0.0047	0.0138	0.0091	0.0159	0.0056	0.0070	0.0036	0.0040	0.0212	0.0175	0.0084	0.0124	0.0147	0.0175	0.0057	0.0041	0.0142	0.0216	0.0193	0.0035	0.0148	0.0219	0.0103	0.0208	0.0098	0.0152	0.0172	0.0100	0.0082	0.0189	0.0187	0.0035	0.0021	0.0074	0.0036	0.0062	0.0108	0.0051	0.0065	0.0176	0.0046	0.0024	0.0179	0.0095	0.0110	0.0046	0.0154	0.0045	0.0093	0.0167	0.0064	0.0002	0.0093	0.0136	0.0177	0.0050	0.0083	0.0146	0.0037	0.0097	0.0088	0.0143	0.0097	
0.0000	0.0152	0.0068	0.0117	0.0106	0.0143	0.0158	0.0091	0.0105	0.0068	0.0180	0.0171	0.0145	0.0015	0.0171	0.0040	0.0073	0.0151	0.0124	0.0018	0.0107	0.0104	0.0174	0.0137	0.0068	0.0111	0.0156	0.0014	0.0170	0.0008	0.0150	0.0105	0.0126	0.0089	0.0163	0.0120	0.0023	0.0115	0.0079	0.0111	0.0102	0.0087	0.0152	0.0122	0.0080	0.0146	0.0009	0.0038	0.0067	0.0100	0.0157	0.0116	0.0128	0.0109	0.0030	0.0084	0.0161	0.0114	0.0043	0.0157	0.0166	0.0157	0.0094	0.0094	0.0108	0.0084	0.0066	0.0050	0.0037	0.0057	0.0019	0.0129	0.0096	0.0017	0.0094	0.0015	0.0133	0.0063	0.0069	0.0105	0.0108	0.0131	0.0138	0.0074	0.0039	0.0016	0.0164	0.0200	0.0059	0.0081	0.0149	0.0092	0.0078	0.0097	0.0148	0.0150	0.0150	0.0053	0.0002	0.0190	
0.0050	0.0178	0.0001	0.0012	0.0123	0.0014	0.0048	0.0055	0.0015	0.0011	0.0108	0.0055	0.0063	0.0123	0.0037	0.0040	0.0011	0.0025	0.0076	0.0055	0.0134	0.0087	0.0250	0.0196	0.0059	0.0129	0.0075	0.0184	0.0045	0.0121	0.0029	0.0082	0.0087	0.0086	0.0054	0.0201	0.0223	0.0179	0.0191	0.0027	0.0172	0.0101	0.0177	0.0050	0.0147	0.0065	0.0048	0.0170	0.0060	0.0060	0.0122	0.0123	0.0226	0.0076	0.0047	0.0008	0.0227	0.0063	0.0132	0.0154	0.0122	0.0048	0.0020	0.0026	0.0105	0.0079	0.0024	0.0220	0.0090	0.0053	0.0115	0.0037	0.0062	0.0023	0.0155	0.0062	0.0110	0.0118	0.0338	0.0039	0.0047	0.0093	0.0121	0.0250	0.0150	0.0160	0.0094	0.0137	0.0204	0.0026	0.0277	0.0077	0.0033	0.0180	0.0090	0.0117	0.0050	0.0089	0.0086	0.0108	
0.0060	0.0048	0.0061	0.0231	0.0033	0.0075	0.0067	0.0178	0.0211	0.0028	0.0135	0.0047	0.0078	0.0081	0.0154	0.0017	0.0136	0.0081	0.0128	0.0082	0.0130	0.0037	0.0002	0.0068	0.0086	0.0009	0.0050	0.0094	0.0171	0.0034	0.0018	0.0155	0.0057	0.0129	0.0173	0.0035	0.0062	0.0132	0.0140	0.0094	0.0067	0.0153	0.0015	0.0153	0.0133	0.0158	0.0013	0.0135	0.0084	0.0067	0.0160	0.0188	0.0008	0.0012	0.0209	0.0005	0.0047	0.0199	0.0163	0.0032	0.0038	0.0168	0.0010	0.0158	0.0004	0.0121	0.0210	0.0169	0.0089	0.0085	0.0134	0.0030	0.0121	0.0209	0.0013	0.0026	0.0044	0.0040	0.0126	0.0160	0.0260	0.0109	0.0001	0.0087	0.0068	0.0061	0.0160	0.0036	0.0249	0.0219	0.0208	0.0116	0.0012	0.0138	0.0080	0.0080	0.0126	0.0091	0.0181	0.0159	
0.0143	0.0048	0.0044	0.0009	0.0135	0.0135	0.0022	0.0017	0.0001	0.0096	0.0130	0.0007	0.0031	0.0181	0.0023	0.0190	0.0188	0.0084	0.0082	0.0124	0.0200	0.0186	0.0010	0.0125	0.0077	0.0067	0.0015	0.0052	0.0087	0.0122	0.0093	0.0167	0.0098	0.0228	0.0197	0.0179	0.0019	0.0229	0.0213	0.0145	0.0036	0.0240	0.0050	0.0055	0.0013	0.0168	0.0077	0.0033	0.0072	0.0102	0.0103	0.0007	0.0003	0.0016	0.0038	0.0038	0.0042	0.0179	0.0122	0.0057	0.0102	0.0148	0.0105	0.0040	0.0010	0.0004	0.0160	0.0056	0.0033	0.0060	0.0196	0.0117	0.0166	0.0113	0.0113	0.0234	0.0101	0.0159	0.0134	0.0130	0.0161	0.0174	0.0224	0.0230	0.0018	0.0110	0.0167	0.0060	0.0152	0.0121	0.0143	0.0050	0.0075	0.0106	0.0028	0.0070	0.0034	0.0193	0.0041	0.0012	
0.0039	0.0017	0.0236	0.0001	0.0024	0.0143	0.0058	0.0082	0.0100	0.0053	0.0141	0.0085	0.0083	0.0177	0.0066	0.0092	0.0009	0.0182	0.0052	0.0143	0.0043	0.0076	0.0107	0.0083	0.0180	0.0064	0.0082	0.0039	0.0121	0.0054	0.0203	0.0134	0.0135	0.0078	0.0060	0.0183	0.0140	0.0138	0.0138	0.0093	0.0030	0.0072	0.0149	0.0090	0.0173	0.0042	0.0165	0.0072	0.0044	0.0104	0.0059	0.0045	0.0103	0.0131	0.0257	0.0171	0.0089	0.0075	0.0038	0.0163	0.0040	0.0017	0.0156	0.0068	0.0104	0.0012	0.0148	0.0200	0.0138	0.0090	0.0164	0.0045	0.0060	0.0143	0.0077	0.0158	0.0117	0.0027	0.0111	0.0098	0.0124	0.0023	0.0201	0.0002	0.0191	0.0103	0.0010	0.0245	0.0105	0.0113	0.0057	0.0102	0.0117	0.0185	0.0055	0.0020	0.0093	0.0122	0.0000	0.0158	
0.0074	0.0177	0.0175	0.0148	0.0154	0.0010	0.0000	0.0147	0.0039	0.0017	0.0027	0.0077	0.0191	0.0131	0.0036	0.0010	0.0017	0.0161	0.0065	0.0194	0.0004	0.0154	0.0088	0.0000	0.0025	0.0036	0.0107	0.0067	0.0141	0.0077	0.0033	0.0027	0.0033	0.0209	0.0044	0.0140	0.0055	0.0047	0.0037	0.0170	0.0116	0.0072	0.0188	0.0088	0.0100	0.0201	0.0129	0.0147	0.0127	0.0038	0.0000	0.0161	0.0039	0.0028	0.0226	0.0113	0.0090	0.0147	0.0138	0.0150	0.0117	0.0140	0.0021	0.0179	0.0162	0.0188	0.0048	0.0004	0.0092	0.0094	0.0138	0.0177	0.0112	0.0060	0.0058	0.0135	0.0026	0.0199	0.0078	0.0032	0.0117	0.0147	0.0111	0.0087	0.0061	0.0085	0.0166	0.0001	0.0236	0.0166	0.0037	0.0123	0.0111	0.0098	0.0091	0.0169	0.0040	0.0242	0.0123	0.0088	
0.0155	0.0123	0.0101	0.0064	0.0100	0.0028	0.0017	0.0164	0.0243	0.0029	0.0099	0.0126	0.0070	0.0090	0.0050	0.0169	0.0034	0.0158	0.0150	0.0125	0.0006	0.0050	0.0006	0.0123	0.0071	0.0043	0.0034	0.0035	0.0187	0.0099	0.0111	0.0037	0.0101	0.0010	0.0069	0.0157	0.0033	0.0039	0.0215	0.0041	0.0068	0.0013	0.0038	0.0204	0.0143	0.0146	0.0065	0.0033	0.0059	0.0163	0.0138	0.0146	0.0111	0.0013	0.0110	0.0175	0.0115	0.0200	0.0196	0.0056	0.0262	0.0208	0.0017	0.0095	0.0120	0.0028	0.0048	0.0039	0.0031	0.0088	0.0105	0.0217	0.0146	0.0063	0.0038	0.0227	0.0015	0.0031	0.0027	0.0176	0.0222	0.0018	0.0192	0.0015	0.0147	0.0176	0.0137	0.0068	0.0133	0.0245	0.0033	0.0083	0.0043	0.0137	0.0063	0.0070	0.0167	0.0185	0.0053	0.0078	
0.0065	0.0012	0.0007	0.0171	0.0048	0.0136	0.0164	0.0014	0.0170	0.0103	0.0119	0.0081	0.0136	0.0052	0.0070	0.0149	0.0015	0.0003	0.0168	0.0114	0.0061	0.0154	0.0111	0.0056	0.0037	0.0038	0.0120	0.0156	0.0008	0.0167	0.0198	0.0066	0.0214	0.0155	0.0044	0.0212	0.0004	0.0159	0.0163	0.0179	0.0007	0.0116	0.0090	0.0015	0.0066	0.0155	0.0151	0.0169	0.0091	0.0061	0.0059	0.0195	0.0185	0.0080	0.0216	0.0111	0.0074	0.0130	0.0145	0.0220	0.0015	0.0148	0.0006	0.0010	0.0095	0.0023	0.0092	0.0187	0.0014	0.0073	0.0153	0.0029	0.0027	0.0112	0.0143	0.0137	0.0096	0.0087	0.0000	0.0098	0.0108	0.0152	0.0084	0.0121	0.0076	0.0006	0.0080	0.0083	0.0174	0.0163	0.0087	0.0058	0.0040	0.0223	0.0192	0.0021	0.0123	0.0083	0.0116	0.0030	
0.0027	0.0155	0.0089	0.0009	0.0141	0.0026	0.0165	0.0020	0.0134	0.0049	0.0011	0.0115	0.0173	0.0036	0.0051	0.0088	0.0083	0.0052	0.0129	0.0061	0.0171	0.0003	0.0028	0.0081	0.0139	0.0114	0.0176	0.0050	0.0135	0.0106	0.0006	0.0018	0.0263	0.0210	0.0089	0.0199	0.0271	0.0100	0.0221	0.0078	0.0039	0.0074	0.0138	0.0100	0.0128	0.0119	0.0115	0.0226	0.0098	0.0078	0.0116	0.0048	0.0187	0.0018	0.0065	0.0037	0.0129	0.0097	0.0012	0.0017	0.0026	0.0100	0.0035	0.0015	0.0039	0.0274	0.0208	0.0197	0.0187	0.0060	0.0095	0.0000	0.0081	0.0030	0.0050	0.0103	0.0054	0.0117	0.0202	0.0086	0.0142	0.0156	0.0135	0.0096	0.0165	0.0201	0.0059	0.0184	0.0070	0.0029	0.0081	0.0086	0.0069	0.0141	0.0045	0.0138	0.0002	0.0124	0.0050	0.0157	
0.0109	0.0104	0.0014	0.0043	0.0043	0.0106	0.0142	0.0074	0.0189	0.0187	0.0206	0.0154	0.0177	0.0111	0.0027	0.0035	0.0143	0.0142	0.0064	0.0075	0.0112	0.0194	0.0101	0.0140	0.0008	0.0189	0.0091	0.0100	0.0147	0.0126	0.0075	0.0092	0.0087	0.0008	0.0132	0.0067	0.0167	0.0079	0.0018	0.0038	0.0188	0.0167	0.0009	0.0063	0.0053	0.0068	0.0137	0.0124	0.0118	0.0007	0.0102	0.0020	0.0078	0.0128	0.0167	0.0178	0.0014	0.0075	0.0029	0.0056	0.0011	0.0042	0.0105	0.0026	0.0071	0.0056	0.0128	0.0124	0.0000	0.0133	0.0043	0.0072	0.0117	0.0156	0.0094	0.0191	0.0200	0.0031	0.0088	0.0163	0.0053	0.0167	0.0146	0.0210	0.0154	0.0073	0.0042	0.0095	0.0011	0.0242	0.0053	0.0109	0.0048	0.0149	0.0033	0.0111	0.0022	0.0179	0.0186	0.0168	
0.0106	0.0157	0.0090	0.0256	0.0201	0.0036	0.0047	0.0054	0.0048	0.0001	0.0202	0.0160	0.0156	0.0086	0.0237	0.0030	0.0093	0.0118	0.0064	0.0027	0.0190	0.0167	0.0107	0.0012	0.0081	0.0130	0.0033	0.0164	0.0112	0.0159	0.0143	0.0028	0.0080	0.0102	0.0193	0.0091	0.0040	0.0149	0.0034	0.0147	0.0020	0.0196	0.0092	0.0010	0.0041	0.0072	0.0161	0.0186	0.0175	0.0008	0.0033	0.0082	0.0136	0.0118	0.0148	0.0178	0.0038	0.0146	0.0114	0.0206	0.0007	0.0055	0.0095	0.0055	0.0021	0.0125	0.0101	0.0060	0.0118	0.0101	0.0186	0.0117	0.0089	0.0076	0.0020	0.0014	0.0110	0.0096	0.0241	0.0031	0.0023	0.0061	0.0029	0.0181	0.0102	0.0086	0.0107	0.0110	0.0124	0.0009	0.0063	0.0112	0.0067	0.0037	0.0171	0.0138	0.0070	0.0003	0.0192	0.0108	
0.0158	0.0055	0.0055	0.0068	0.0023	0.0074	0.0187	0.0003	0.0126	0.0167	0.0074	0.0097	0.0177	0.0064	0.0173	0.0130	0.0020	0.0148	0.0185	0.0162	0.0010	0.0148	0.0133	0.0089	0.0051	0.0071	0.0075	0.0063	0.0172	0.0052	0.0120	0.0075	0.0159	0.0079	0.0056	0.0143	0.0163	0.0147	0.0124	0.0035	0.0080	0.0130	0.0038	0.0125	0.0143	0.0130	0.0144	0.0157	0.0052	0.0180	0.0116	0.0111	0.0045	0.0033	0.0100	0.0002	0.0111	0.0162	0.0008	0.0155	0.0210	0.0129	0.0039	0.0053	0.0030	0.0171	0.0158	0.0069	0.0005	0.0002	0.0129	0.0050	0.0030	0.0107	0.0064	0.0096	0.0131	0.0005	0.0134	0.0118	0.0119	0.0112	0.0212	0.0176	0.0101	0.0027	0.0037	0.0101	0.0191	0.0066	0.0043	0.0040	0.0130	0.0139	0.0048	0.0120	0.0059	0.0177	0.0097	0.0140	
0.0157	0.0077	0.0099	0.0083	0.0055	0.0082	0.0080	0.0080	0.0156	0.0156	0.0050	0.0080	0.0243	0.0097	0.0032	0.0092	0.0141	0.0048	0.0169	0.0008	0.0167	0.0041	0.0146	0.0157	0.0123	0.0118	0.0085	0.0079	0.0053	0.0111	0.0022	0.0153	0.0137	0.0018	0.0123	0.0042	0.0160	0.0146	0.0135	0.0025	0.0147	0.0180	0.0170	0.0173	0.0176	0.0111	0.0045	0.0062	0.0110	0.0120	0.0002	0.0187	0.0020	0.0086	0.0020	0.0181	0.0187	0.0038	0.0109	0.0130	0.0164	0.0005	0.0054	0.0021	0.0127	0.0136	0.0008	0.0181	0.0209	0.0001	0.0210	0.0006	0.0160	0.0101	0.0053	0.0013	0.0084	0.0129	0.0201	0.0028	0.0052	0.0035	0.0183	0.0112	0.0119	0.0031	0.0131	0.0018	0.0205	0.0126	0.0090	0.0096	0.0023	0.0141	0.0038	0.0159	0.0056	0.0112	0.0007	0.0092	
0.0109	0.0066	0.0049	0.0154	0.0037	0.0186	0.0038	0.0084	0.0037	0.0009	0.0083	0.0026	0.0086	0.0084	0.0090	0.0137	0.0055	0.0179	0.0136	0.0131	0.0140	0.0161	0.0178	0.0061	0.0098	0.0050	0.0187	0.0190	0.0077	0.0107	0.0131	0.0154	0.0123	0.0078	0.0106	0.0200	0.0172	0.0017	0.0041	0.0116	0.0207	0.0058	0.0213	0.0164	0.0054	0.0049	0.0008	0.0131	0.0082	0.0083	0.0078	0.0048	0.0196	0.0059	0.0122	0.0147	0.0088	0.0205	0.0006	0.0190	0.0009	0.0048	0.0008	0.0110	0.0040	0.0106	0.0107	0.0016	0.0179	0.0078	0.0161	0.0044	0.0131	0.0169	0.0173	0.0116	0.0006	0.0003	0.0006	0.0073	0.0040	0.0040	0.0104	0.0217	0.0019	0.0114	0.0155	0.0045	0.0182	0.0165	0.0134	0.0195	0.0011	0.0050	0.0118	0.0126	0.0039	0.0048	0.0138	0.0128	
0.0147	0.0205	0.0166	0.0010	0.0103	0.0036	0.0104	0.0208	0.0108	0.0002	0.0100	0.0081	0.0185	0.0157	0.0138	0.0141	0.0123	0.0012	0.0104	0.0148	0.0109	0.0033	0.0069	0.0008	0.0132	0.0183	0.0043	0.0114	0.0076	0.0010	0.0058	0.0149	0.0063	0.0072	0.0121	0.0045	0.0069	0.0105	0.0078	0.0175	0.0006	0.0230	0.0153	0.0133	0.0033	0.0031	0.0157	0.0060	0.0083	0.0170	0.0184	0.0019	0.0138	0.0170	0.0016	0.0115	0.0148	0.0159	0.0051	0.0129	0.0214	0.0243	0.0126	0.0101	0.0099	0.0163	0.0011	0.0117	0.0026	0.0088	0.0104	0.0053	0.0125	0.0107	0.0156	0.0139	0.0096	0.0133	0.0168	0.0131	0.0184	0.0164	0.0005	0.0130	0.0015	0.0049	0.0008	0.0066	0.0051	0.0002	0.0147	0.0111	0.0053	0.0097	0.0177	0.0011	0.0044	0.0033	0.0018	0.0060	
0.0023	0.0074	0.0035	0.0008	0.0079	0.0148	0.0089	0.0020	0.0051	0.0061	0.0014	0.0002	0.0184	0.0117	0.0166	0.0025	0.0187	0.0014	0.0085	0.0073	0.0186	0.0119	0.0084	0.0024	0.0145	0.0157	0.0009	0.0026	0.0114	0.0128	0.0086	0.0063	0.0121	0.0100	0.0107	0.0133	0.0118	0.0220	0.0065	0.0086	0.0161	0.0198	0.0021	0.0196	0.0180	0.0128	0.0140	0.0139	0.0161	0.0132	0.0025	0.0028	0.0162	0.0133	0.0102	0.0093	0.0238	0.0023	0.0044	0.0081	0.0145	0.0061	0.0076	0.0098	0.0161	0.0164	0.0093	0.0101	0.0016	0.0044	0.0149	0.0148	0.0177	0.0004	0.0140	0.0205	0.0125	0.0090	0.0050	0.0038	0.0049	0.0074	0.0081	0.0198	0.0089	0.0069	0.0109	0.0170	0.0003	0.0004	0.0145	0.0097	0.0208	0.0186	0.0180	0.0117	0.0093	0.0084	0.0001	0.0029	
0.0033	0.0040	0.0161	0.0100	0.0064	0.0038	0.0090	0.0191	0.0023	0.0131	0.0183	0.0100	0.0234	0.0001	0.0024	0.0042	0.0177	0.0151	0.0029	0.0167	0.0060	0.0123	0.0097	0.0009	0.0145	0.0005	0.0031	0.0217	0.0078	0.0009	0.0098	0.0019	0.0121	0.0011	0.0012	0.0022	0.0130	0.0176	0.0116	0.0072	0.0197	0.0158	0.0177	0.0085	0.0023	0.0049	0.0102	0.0135	0.0146	0.0120	0.0146	0.0159	0.0062	0.0096	0.0278	0.0119	0.0157	0.0104	0.0196	0.0070	0.0000	0.0110	0.0109	0.0018	0.0035	0.0154	0.0197	0.0186	0.0218	0.0000	0.0111	0.0010	0.0040	0.0158	0.0141	0.0123	0.0205	0.0002	0.0149	0.0085	0.0132	0.0089	0.0029	0.0163	0.0080	0.0134	0.0155	0.0023	0.0056	0.0120	0.0068	0.0058	0.0195	0.0037	0.0069	0.0100	0.0043	0.0174	0.0053	0.0057	
0.0073	0.0110	0.0167	0.0183	0.0000	0.0104	0.0117	0.0097	0.0200	0.0046	0.0110	0.0160	0.0141	0.0103	0.0208	0.0102	0.0050	0.0144	0.0183	0.0126	0.0007	0.0127	0.0121	0.0054	0.0122	0.0053	0.0013	0.0001	0.0098	0.0043	0.0051	0.0042	0.0145	0.0169	0.0007	0.0141	0.0078	0.0061	0.0155	0.0115	0.0010	0.0052	0.0094	0.0166	0.0029	0.0101	0.0119	0.0067	0.0054	0.0143	0.0021	0.0121	0.0192	0.0148	0.0061	0.0154	0.0177	0.0113	0.0033	0.0165	0.0141	0.0110	0.0027	0.0110	0.0132	0.0033	0.0228	0.0143	0.0098	0.0001	0.0015	0.0194	0.0127	0.0183	0.0097	0.0155	0.0100	0.0133	0.0025	0.0015	0.0144	0.0140	0.0140	0.0142	0.0010	0.0139	0.0043	0.0001	0.0107	0.0119	0.0164	0.0236	0.0032	0.0004	0.0041	0.0069	0.0015	0.0168	0.0019	0.0152	
0.0122	0.0137	0.0212	0.0079	0.0143	0.0028	0.0137	0.0018	0.0070	0.0100	0.0023	0.0074	0.0075	0.0015	0.0052	0.0149	0.0166	0.0093	0.0145	0.0033	0.0134	0.0162	0.0100	0.0181	0.0035	0.0023	0.0150	0.0180	0.0127	0.0007	0.0151	0.0127	0.0135	0.0064	0.0084	0.0215	0.0102	0.0053	0.0021	0.0174	0.0029	0.0049	0.0201	0.0194	0.0110	0.0119	0.0161	0.0023	0.0167	0.0071	0.0103	0.0157	0.0049	0.0195	0.0025	0.0169	0.0028	0.0002	0.0050	0.0135	0.0114	0.0149	0.0107	0.0053	0.0136	0.0066	0.0160	0.0014	0.0144	0.0060	0.0043	0.0151	0.0055	0.0109	0.0004	0.0130	0.0061	0.0107	0.0092	0.0160	0.0111	0.0163	0.0010	0.0055	0.0094	0.0009	0.0089	0.0111	0.0049	0.0225	0.0161	0.0161	0.0019	0.0155	0.0122	0.0070	0.0140	0.0127	0.0070	0.0009	
0.0137	0.0099	0.0104	0.0122	0.0024	0.0149	0.0063	0.0124	0.0214	0.0093	0.0103	0.0130	0.0085	0.0103	0.0010	0.0138	0.0118	0.0044	0.0158	0.0131	0.0152	0.0015	0.0122	0.0150	0.0105	0.0103	0.0102	0.0121	0.0008	0.0130	0.0157	0.0154	0.0060	0.0092	0.0160	0.0147	0.0022	0.0081	0.0029	0.0150	0.0135	0.0166	0.0148	0.0154	0.0121	0.0035	0.0039	0.0106	0.0103	0.0192	0.0134	0.0113	0.0190	0.0130	0.0029	0.0161	0.0133	0.0161	0.0008	0.0102	0.0053	0.0171	0.0115	0.0064	0.0106	0.0108	0.0056	0.0161	0.0151	0.0037	0.0089	0.0048	0.0007	0.0166	0.0210	0.0004	0.0074	0.0032	0.0054	0.0082	0.0082	0.0008	0.0026	0.0035	0.0162	0.0040	0.0167	0.0117	0.0063	0.0041	0.0036	0.0081	0.0093	0.0111	0.0112	0.0155	0.0044	0.0074	0.0011	0.0183	
0.0164	0.0040	0.0182	0.0078	0.0063	0.0088	0.0104	0.0152	0.0166	0.0033	0.0102	0.0109	0.0099	0.0121	0.0026	0.0028	0.0081	0.0089	0.0099	0.0089	0.0088	0.0101	0.0095	0.0080	0.0188	0.0028	0.0126	0.0072	0.0085	0.0241	0.0146	0.0147	0.0031	0.0088	0.0080	0.0038	0.0019	0.0124	0.0164	0.0077	0.0135	0.0029	0.0244	0.0033	0.0212	0.0145	0.0204	0.0122	0.0094	0.0065	0.0086	0.0188	0.0013	0.0118	0.0067	0.0067	0.0101	0.0083	0.0093	0.0038	0.0215	0.0033	0.0078	0.0135	0.0069	0.0072	0.0075	0.0014	0.0044	0.0185	0.0006	0.0167	0.0088	0.0155	0.0165	0.0091	0.0143	0.0074	0.0094	0.0073	0.0050	0.0004	0.0153	0.0021	0.0088	0.0172	0.0136	0.0084	0.0030	0.0060	0.0110	0.0166	0.0064	0.0151	0.0144	0.0074	0.0123	0.0076	0.0186	0.0064	
0.0052	0.0153	0.0090	0.0149	0.0077	0.0127	0.0058	0.0021	0.0198	0.0170	0.0165	0.0034	0.0167	0.0016	0.0241	0.0143	0.0062	0.0048	0.0031	0.0099	0.0112	0.0160	0.0160	0.0201	0.0064	0.0058	0.0073	0.0157	0.0036	0.0069	0.0131	0.0065	0.0163	0.0055	0.0000	0.0081	0.0076	0.0033	0.0166	0.0170	0.0117	0.0153	0.0168	0.0070	0.0165	0.0084	0.0239	0.0052	0.0153	0.0005	0.0026	0.0121	0.0048	0.0053	0.0167	0.0121	0.0176	0.0131	0.0069	0.0231	0.0066	0.0090	0.0173	0.0084	0.0021	0.0050	0.0104	0.0097	0.0021	0.0111	0.0048	0.0028	0.0084	0.0043	0.0210	0.0191	0.0029	0.0101	0.0070	0.0217	0.0071	0.0037	0.0017	0.0042	0.0030	0.0024	0.0025	0.0072	0.0102	0.0134	0.0102	0.0189	0.0184	0.0178	0.0138	0.0020	0.0150	0.0039	0.0045	0.0077	
0.0198	0.0092	0.0039	0.0048	0.0167	0.0215	0.0027	0.0209	0.0075	0.0206	0.0081	0.0060	0.0068	0.0081	0.0141	0.0015	0.0076	0.0169	0.0082	0.0002	0.0025	0.0021	0.0010	0.0110	0.0017	0.0083	0.0054	0.0136	0.0174	0.0196	0.0008	0.0196	0.0104	0.0221	0.0014	0.0184	0.0000	0.0172	0.0094	0.0039	0.0219	0.0046	0.0025	0.0108	0.0036	0.0047	0.0115	0.0097	0.0044	0.0120	0.0157	0.0017	0.0183	0.0046	0.0072	0.0201	0.0087	0.0132	0.0031	0.0089	0.0188	0.0128	0.0060	0.0114	0.0184	0.0082	0.0177	0.0065	0.0071	0.0149	0.0018	0.0114	0.0071	0.0032	0.0004	0.0206	0.0002	0.0117	0.0079	0.0196	0.0210	0.0187	0.0092	0.0032	0.0021	0.0191	0.0020	0.0053	0.0159	0.0067	0.0108	0.0095	0.0154	0.0003	0.0103	0.0093	0.0159	0.0143	0.0117	0.0156	
0.0077	0.0051	0.0039	0.0132	0.0092	0.0050	0.0165	0.0137	0.0035	0.0056	0.0131	0.0168	0.0035	0.0065	0.0110	0.0156	0.0025	0.0024	0.0074	0.0198	0.0058	0.0093	0.0136	0.0190	0.0026	0.0129	0.0170	0.0064	0.0140	0.0114	0.0167	0.0080	0.0210	0.0150	0.0090	0.0125	0.0106	0.0190	0.0164	0.0171	0.0044	0.0099	0.0013	0.0067	0.0099	0.0127	0.0043	0.0077	0.0087	0.0111	0.0068	0.0117	0.0049	0.0113	0.0098	0.0175	0.0145	0.0045	0.0095	0.0153	0.0107	0.0105	0.0002	0.0117	0.0060	0.0072	0.0169	0.0103	0.0179	0.0169	0.0085	0.0054	0.0083	0.0081	0.0182	0.0183	0.0113	0.0063	0.0098	0.0093	0.0088	0.0072	0.0184	0.0021	0.0037	0.0046	0.0025	0.0075	0.0053	0.0093	0.0006	0.0071	0.0106	0.0175	0.0087	0.0155	0.0075	0.0074	0.0188	0.0034	
0.0147	0.0140	0.0087	0.0134	0.0052	0.0005	0.0073	0.0124	0.0184	0.0106	0.0069	0.0049	0.0160	0.0189	0.0081	0.0018	0.0105	0.0166	0.0105	0.0026	0.0043	0.0074	0.0050	0.0059	0.0151	0.0195	0.0173	0.0099	0.0012	0.0211	0.0077	0.0017	0.0068	0.0059	0.0119	0.0163	0.0146	0.0061	0.0180	0.0032	0.0184	0.0086	0.0138	0.0126	0.0059	0.0144	0.0136	0.0094	0.0118	0.0051	0.0032	0.0094	0.0207	0.0155	0.0203	0.0096	0.0099	0.0059	0.0164	0.0054	0.0037	0.0146	0.0134	0.0130	0.0015	0.0041	0.0190	0.0102	0.0069	0.0116	0.0060	0.0050	0.0012	0.0042	0.0069	0.0182	0.0197	0.0103	0.0001	0.0032	0.0080	0.0078	0.0196	0.0165	0.0142	0.0214	0.0018	0.0071	0.0087	0.0037	0.0055	0.0112	0.0142	0.0150	0.0006	0.0001	0.0143	0.0136	0.0122	0.0011	
0.0173	0.0008	0.0031	0.0175	0.0005	0.0146	0.0084	0.0135	0.0130	0.0015	0.0123	0.0181	0.0064	0.0084	0.0203	0.0112	0.0143	0.0182	0.0011	0.0025	0.0016	0.0069	0.0032	0.0027	0.0077	0.0150	0.0092	0.0090	0.0045	0.0068	0.0029	0.0027	0.0197	0.0226	0.0046	0.0074	0.0029	0.0147	0.0131	0.0142	0.0107	0.0065	0.0253	0.0044	0.0147	0.0064	0.0046	0.0024	0.0126	0.0043	0.0014	0.0183	0.0111	0.0099	0.0276	0.0103	0.0130	0.0176	0.0127	0.0059	0.0061	0.0152	0.0120	0.0050	0.0158	0.0055	0.0189	0.0053	0.0035	0.0082	0.0083	0.0194	0.0032	0.0018	0.0101	0.0140	0.0098	0.0164	0.0063	0.0009	0.0134	0.0105	0.0131	0.0168	0.0036	0.0065	0.0081	0.0075	0.0251	0.0229	0.0086	0.0057	0.0051	0.0096	0.0116	0.0092	0.0120	0.0191	0.0074	0.0044	
0.0073	0.0144	0.0172	0.0073	0.0112	0.0016	0.0099	0.0089	0.0193	0.0033	0.0171	0.0174	0.0086	0.0099	0.0137	0.0131	0.0052	0.0104	0.0009	0.0103	0.0129	0.0083	0.0059	0.0043	0.0164	0.0062	0.0097	0.0139	0.0068	0.0182	0.0157	0.0116	0.0101	0.0052	0.0105	0.0109	0.0076	0.0047	0.0053	0.0017	0.0151	0.0002	0.0115	0.0137	0.0008	0.0091	0.0153	0.0130	0.0127	0.0165	0.0042	0.0044	0.0123	0.0154	0.0099	0.0197	0.0095	0.0142	0.0087	0.0066	0.0090	0.0135	0.0033	0.0166	0.0033	0.0019	0.0077	0.0026	0.0168	0.0010	0.0043	0.0006	0.0043	0.0177	0.0126	0.0139	0.0177	0.0094	0.0031	0.0075	0.0096	0.0158	0.0192	0.0075	0.0126	0.0123	0.0018	0.0109	0.0154	0.0151	0.0014	0.0143	0.0131	0.0169	0.0104	0.0000	0.0141	0.0104	0.0110	0.0157	
0.0024	0.0148	0.0127	0.0155	0.0169	0.0049	0.0212	0.0120	0.0021	0.0131	0.0162	0.0007	0.0116	0.0015	0.0159	0.0123	0.0156	0.0114	0.0055	0.0073	0.0201	0.0135	0.0102	0.0039	0.0157	0.0103	0.0039	0.0067	0.0047	0.0144	0.0180	0.0084	0.0221	0.0062	0.0048	0.0209	0.0213	0.0058	0.0159	0.0098	0.0149	0.0089	0.0119	0.0191	0.0137	0.0008	0.0039	0.0149	0.0021	0.0005	0.0033	0.0011	0.0054	0.0024	0.0209	0.0093	0.0051	0.0122	0.0157	0.0032	0.0009	0.0111	0.0072	0.0056	0.0148	0.0116	0.0025	0.0065	0.0176	0.0158	0.0170	0.0087	0.0015	0.0113	0.0143	0.0127	0.0020	0.0082	0.0107	0.0182	0.0064	0.0081	0.0046	0.0062	0.0094	0.0213	0.0030	0.0155	0.0068	0.0134	0.0137	0.0061	0.0113	0.0115	0.0093	0.0039	0.0205	0.0042	0.0035	0.0043	
0.0171	0.0183	0.0160	0.0024	0.0080	0.0112	0.0229	0.0093	0.0085	0.0067	0.0059	0.0146	0.0044	0.0163	0.0181	0.0081	0.0067	0.0032	0.0177	0.0166	0.0061	0.0044	0.0210	0.0019	0.0060	0.0064	0.0013	0.0101	0.0060	0.0104	0.0099	0.0143	0.0045	0.0048	0.0004	0.0121	0.0091	0.0023	0.0181	0.0150	0.0181	0.0124	0.0078	0.0145	0.0066	0.0146	0.0012	0.0113	0.0152	0.0124	0.0155	0.0122	0.0053	0.0039	0.0237	0.0113	0.0192	0.0137	0.0198	0.0011	0.0121	0.0070	0.0026	0.0164	0.0149	0.0074	0.0098	0.0004	0.0129	0.0053	0.0012	0.0047	0.0054	0.0154	0.0012	0.0143	0.0004	0.0004	0.0128	0.0102	0.0057	0.0071	0.0162	0.0098	0.0115	0.0193	0.0101	0.0003	0.0112	0.0075	0.0119	0.0158	0.0081	0.0237	0.0080	0.0083	0.0104	0.0070	0.0036	0.0133	
0.0051	0.0007	0.0173	0.0108	0.0154	0.0101	0.0089	0.0090	0.0038	0.0010	0.0113	0.0186	0.0014	0.0039	0.0173	0.0034	0.0112	0.0113	0.0060	0.0158	0.0150	0.0085	0.0120	0.0066	0.0125	0.0058	0.0199	0.0102	0.0084	0.0131	0.0039	0.0131	0.0163	0.0176	0.0059	0.0052	0.0076	0.0075	0.0169	0.0042	0.0099	0.0023	0.0183	0.0066	0.0174	0.0123	0.0139	0.0033	0.0010	0.0049	0.0150	0.0151	0.0014	0.0067	0.0009	0.0166	0.0097	0.0126	0.0170	0.0095	0.0138	0.0211	0.0003	0.0103	0.0135	0.0170	0.0022	0.0060	0.0187	0.0096	0.0161	0.0063	0.0144	0.0009	0.0096	0.0161	0.0152	0.0053	0.0095	0.0026	0.0117	0.0151	0.0092	0.0044	0.0146	0.0069	0.0112	0.0072	0.0168	0.0095	0.0198	0.0165	0.0153	0.0056	0.0133	0.0099	0.0016	0.0048	0.0113	0.0000	
0.0094	0.0069	0.0057	0.0102	0.0096	0.0078	0.0016	0.0003	0.0190	0.0046	0.0018	0.0032	0.0028	0.0102	0.0203	0.0141	0.0078	0.0165	0.0144	0.0090	0.0043	0.0109	0.0092	0.0070	0.0119	0.0001	0.0123	0.0091	0.0066	0.0176	0.0136	0.0077	0.0144	0.0083	0.0101	0.0041	0.0074	0.0159	0.0134	0.0082	0.0040	0.0102	0.0086	0.0091	0.0090	0.0138	0.0130	0.0018	0.0075	0.0157	0.0012	0.0047	0.0109	0.0175	0.0142	0.0175	0.0146	0.0164	0.0175	0.0092	0.0172	0.0112	0.0115	0.0021	0.0094	0.0113	0.0075	0.0131	0.0191	0.0130	0.0061	0.0115	0.0015	0.0045	0.0064	0.0126	0.0042	0.0017	0.0176	0.0192	0.0070	0.0110	0.0025	0.0104	0.0131	0.0087	0.0157	0.0127	0.0141	0.0143	0.0077	0.0107	0.0003	0.0057	0.0137	0.0113	0.0169	0.0065	0.0198	0.0137	
0.0051	0.0180	0.0028	0.0138	0.0102	0.0100	0.0036	0.0058	0.0140	0.0012	0.0149	0.0151	0.0186	0.0174	0.0018	0.0029	0.0070	0.0011	0.0062	0.0015	0.0138	0.0109	0.0177	0.0049	0.0055	0.0142	0.0105	0.0151	0.0120	0.0142	0.0140	0.0168	0.0031	0.0036	0.0129	0.0099	0.0071	0.0080	0.0019	0.0062	0.0054	0.0107	0.0015	0.0130	0.0007	0.0146	0.0127	0.0022	0.0039	0.0099	0.0059	0.0171	0.0012	0.0170	0.0242	0.0133	0.0180	0.0158	0.0094	0.0149	0.0239	0.0079	0.0132	0.0008	0.0074	0.0141	0.0107	0.0154	0.0035	0.0122	0.0145	0.0204	0.0185	0.0166	0.0170	0.0043	0.0122	0.0061	0.0045	0.0115	0.0042	0.0092	0.0116	0.0021	0.0064	0.0153	0.0156	0.0051	0.0044	0.0023	0.0104	0.0124	0.0212	0.0093	0.0078	0.0169	0.0160	0.0007	0.0059	0.0041	
0.0022	0.0182	0.0150	0.0137	0.0210	0.0067	0.0193	0.0014	0.0016	0.0144	0.0004	0.0113	0.0120	0.0173	0.0098	0.0135	0.0160	0.0104	0.0147	0.0098	0.0002	0.0067	0.0111	0.0012	0.0016	0.0026	0.0207	0.0101	0.0099	0.0180	0.0062	0.0139	0.0009	0.0004	0.0109	0.0083	0.0110	0.0005	0.0077	0.0013	0.0157	0.0163	0.0035	0.0108	0.0022	0.0215	0.0000	0.0028	0.0213	0.0151	0.0031	0.0072	0.0093	0.0135	0.0036	0.0174	0.0063	0.0197	0.0101	0.0127	0.0070	0.0104	0.0080	0.0029	0.0087	0.0108	0.0118	0.0133	0.0097	0.0020	0.0011	0.0132	0.0047	0.0097	0.0192	0.0069	0.0023	0.0022	0.0294	0.0034	0.0023	0.0170	0.0113	0.0198	0.0142	0.0220	0.0045	0.0077	0.0153	0.0130	0.0024	0.0115	0.0135	0.0147	0.0192	0.0070	0.0057	0.0001	0.0225	0.0155	
0.0039	0.0086	0.0037	0.0303	0.0200	0.0068	0.0034	0.0058	0.0141	0.0113	0.0093	0.0015	0.0183	0.0062	0.0074	0.0130	0.0148	0.0063	0.0097	0.0059	0.0063	0.0041	0.0202	0.0230	0.0000	0.0100	0.0041	0.0092	0.0097	0.0080	0.0005	0.0017	0.0031	0.0071	0.0232	0.0157	0.0051	0.0183	0.0204	0.0054	0.0145	0.0146	0.0103	0.0161	0.0154	0.0142	0.0141	0.0043	0.0039	0.0021	0.0062	0.0087	0.0124	0.0064	0.0039	0.0028	0.0191	0.0188	0.0232	0.0053	0.0030	0.0094	0.0100	0.0016	0.0086	0.0178	0.0001	0.0134	0.0090	0.0093	0.0081	0.0013	0.0118	0.0010	0.0195	0.0185	0.0167	0.0137	0.0360	0.0011	0.0093	0.0002	0.0059	0.0199	0.0008	0.0135	0.0091	0.0097	0.0194	0.0103	0.0019	0.0054	0.0180	0.0105	0.0029	0.0012	0.0163	0.0022	0.0177	0.0047	
0.0147	0.0195	0.0097	0.0115	0.0000	0.0053	0.0146	0.0082	0.0116	0.0087	0.0087	0.0137	0.0172	0.0165	0.0091	0.0039	0.0079	0.0041	0.0059	0.0065	0.0024	0.0053	0.0128	0.0196	0.0113	0.0176	0.0071	0.0031	0.0162	0.0142	0.0036	0.0121	0.0195	0.0146	0.0023	0.0172	0.0070	0.0168	0.0135	0.0162	0.0149	0.0009	0.0021	0.0084	0.0035	0.0057	0.0077	0.0006	0.0025	0.0166	0.0120	0.0055	0.0191	0.0115	0.0015	0.0128	0.0067	0.0157	0.0164	0.0004	0.0192	0.0139	0.0091	0.0128	0.0052	0.0183	0.0166	0.0034	0.0148	0.0102	0.0201	0.0103	0.0123	0.0077	0.0146	0.0017	0.0039	0.0052	0.0195	0.0078	0.0099	0.0060	0.0007	0.0239	0.0023	0.0186	0.0134	0.0050	0.0125	0.0078	0.0144	0.0115	0.0005	0.0104	0.0192	0.0028	0.0091	0.0039	0.0012	0.0059	
0.0085	0.0039	0.0057	0.0119	0.0025	0.0175	0.0153	0.0061	0.0201	0.0002	0.0091	0.0181	0.0004	0.0072	0.0096	0.0095	0.0091	0.0103	0.0167	0.0085	0.0031	0.0091	0.0103	0.0045	0.0155	0.0043	0.0118	0.0006	0.0110	0.0103	0.0100	0.0139	0.0045	0.0105	0.0171	0.0087	0.0000	0.0094	0.0164	0.0025	0.0024	0.0074	0.0069	0.0103	0.0190	0.0120	0.0123	0.0103	0.0031	0.0047	0.0104	0.0170	0.0095	0.0101	0.0016	0.0193	0.0129	0.0012	0.0150	0.0199	0.0081	0.0115	0.0145	0.0084	0.0072	0.0098	0.0150	0.0106	0.0082	0.0003	0.0102	0.0015	0.0116	0.0102	0.0075	0.0160	0.0062	0.0171	0.0046	0.0062	0.0125	0.0198	0.0171	0.0069	0.0153	0.0148	0.0063	0.0092	0.0097	0.0012	0.0146	0.0200	0.0159	0.0212	0.0142	0.0072	0.0123	0.0169	0.0046	0.0066	
0.0194	0.0004	0.0043	0.0035	0.0143	0.0107	0.0030	0.0209	0.0047	0.0042	0.0109	0.0173	0.0166	0.0068	0.0073	0.0058	0.0148	0.0065	0.0140	0.0142	0.0026	0.0012	0.0044	0.0071	0.0057	0.0138	0.0048	0.0183	0.0152	0.0228	0.0037	0.0091	0.0130	0.0218	0.0074	0.0153	0.0143	0.0157	0.0150	0.0071	0.0129	0.0089	0.0108	0.0029	0.0096	0.0177	0.0032	0.0090	0.0117	0.0080	0.0116	0.0057	0.0032	0.0098	0.0080	0.0196	0.0177	0.0156	0.0229	0.0009	0.0076	0.0051	0.0047	0.0054	0.0001	0.0009	0.0041	0.0201	0.0186	0.0130	0.0123	0.0031	0.0118	0.0036	0.0026	0.0152	0.0147	0.0005	0.0159	0.0096	0.0115	0.0150	0.0052	0.0067	0.0071	0.0213	0.0065	0.0017	0.0162	0.0102	0.0177	0.0222	0.0188	0.0162	0.0022	0.0064	0.0039	0.0037	0.0034	0.0074	
0.0121	0.0047	0.0093	0.0204	0.0188	0.0081	0.0138	0.0162	0.0080	0.0094	0.0034	0.0135	0.0214	0.0076	0.0097	0.0131	0.0006	0.0140	0.0191	0.0019	0.0156	0.0018	0.0085	0.0085	0.0159	0.0129	0.0058	0.0012	0.0015	0.0159	0.0110	0.0096	0.0210	0.0107	0.0165	0.0065	0.0016	0.0069	0.0109	0.0001	0.0053	0.0087	0.0146	0.0014	0.0063	0.0196	0.0008	0.0093	0.0018	0.0080	0.0056	0.0059	0.0058	0.0011	0.0160	0.0130	0.0185	0.0034	0.0003	0.0044	0.0018	0.0103	0.0156	0.0092	0.0174	0.0159	0.0200	0.0102	0.0135	0.0042	0.0139	0.0112	0.0085	0.0145	0.0167	0.0076	0.0083	0.0056	0.0021	0.0191	0.0109	0.0162	0.0217	0.0143	0.0097	0.0058	0.0042	0.0164	0.0154	0.0030	0.0090	0.0188	0.0059	0.0051	0.0191	0.0152	0.0100	0.0013	0.0022	0.0127	
0.0009	0.0104	0.0168	0.0220	0.0164	0.0118	0.0158	0.0084	0.0052	0.0063	0.0039	0.0135	0.0019	0.0021	0.0111	0.0052	0.0122	0.0074	0.0024	0.0189	0.0117	0.0029	0.0132	0.0103	0.0173	0.0134	0.0072	0.0034	0.0254	0.0022	0.0150	0.0076	0.0035	0.0094	0.0179	0.0003	0.0007	0.0022	0.0136	0.0187	0.0080	0.0212	0.0124	0.0073	0.0198	0.0132	0.0132	0.0044	0.0110	0.0179	0.0018	0.0023	0.0234	0.0094	0.0018	0.0204	0.0194	0.0080	0.0004	0.0054	0.0035	0.0220	0.0090	0.0024	0.0076	0.0179	0.0089	0.0099	0.0049	0.0135	0.0043	0.0103	0.0145	0.0042	0.0070	0.0152	0.0111	0.0091	0.0117	0.0230	0.0174	0.0039	0.0128	0.0066	0.0005	0.0128	0.0066	0.0164	0.0063	0.0181	0.0045	0.0139	0.0018	0.0035	0.0145	0.0113	0.0052	0.0068	0.0156	0.0025	
0.0092	0.0038	0.0000	0.0005	0.0081	0.0117	0.0097	0.0142	0.0016	0.0074	0.0056	0.0071	0.0189	0.0007	0.0102	0.0163	0.0034	0.0036	0.0019	0.0171	0.0075	0.0111	0.0061	0.0041	0.0070	0.0112	0.0076	0.0100	0.0101	0.0153	0.0064	0.0015	0.0125	0.0115	0.0109	0.0129	0.0035	0.0108	0.0171	0.0067	0.0070	0.0167	0.0181	0.0159	0.0123	0.0147	0.0165	0.0010	0.0130	0.0146	0.0077	0.0023	0.0069	0.0011	0.0172	0.0186	0.0192	0.0154	0.0160	0.0002	0.0046	0.0183	0.0065	0.0069	0.0001	0.0047	0.0164	0.0068	0.0089	0.0157	0.0154	0.0126	0.0067	0.0136	0.0090	0.0153	0.0205	0.0069	0.0092	0.0122	0.0133	0.0072	0.0148	0.0144	0.0050	0.0056	0.0112	0.0094	0.0205	0.0156	0.0150	0.0095	0.0152	0.0151	0.0036	0.0062	0.0067	0.0070	0.0186	0.0068	
0.0021	0.0100	0.0084	0.0194	0.0268	0.0139	0.0134	0.0109	0.0126	0.0177	0.0184	0.0105	0.0039	0.0019	0.0097	0.0168	0.0071	0.0105	0.0026	0.0121	0.0112	0.0029	0.0106	0.0129	0.0023	0.0060	0.0139	0.0116	0.0067	0.0022	0.0086	0.0135	0.0088	0.0036	0.0071	0.0007	0.0130	0.0119	0.0143	0.0107	0.0103	0.0188	0.0199	0.0190	0.0007	0.0018	0.0058	0.0159	0.0067	0.0050	0.0190	0.0145	0.0042	0.0042	0.0183	0.0214	0.0181	0.0182	0.0160	0.0139	0.0209	0.0006	0.0047	0.0074	0.0084	0.0023	0.0051	0.0209	0.0160	0.0071	0.0026	0.0110	0.0199	0.0083	0.0032	0.0122	0.0041	0.0102	0.0146	0.0008	0.0024	0.0012	0.0067	0.0016	0.0025	0.0143	0.0095	0.0025	0.0066	0.0086	0.0018	0.0162	0.0177	0.0019	0.0143	0.0100	0.0135	0.0091	0.0089	0.0178	
0.0129	0.0042	0.0004	0.0186	0.0053	0.0045	0.0159	0.0094	0.0011	0.0060	0.0149	0.0041	0.0065	0.0140	0.0099	0.0144	0.0115	0.0033	0.0081	0.0118	0.0106	0.0024	0.0130	0.0064	0.0051	0.0058	0.0154	0.0150	0.0146	0.0121	0.0138	0.0123	0.0044	0.0145	0.0043	0.0204	0.0005	0.0079	0.0155	0.0145	0.0162	0.0168	0.0017	0.0164	0.0111	0.0154	0.0098	0.0006	0.0113	0.0103	0.0148	0.0090	0.0010	0.0121	0.0057	0.0131	0.0102	0.0121	0.0129	0.0196	0.0083	0.0145	0.0109	0.0062	0.0084	0.0004	0.0005	0.0121	0.0099	0.0092	0.0157	0.0041	0.0065	0.0075	0.0174	0.0149	0.0015	0.0117	0.0143	0.0092	0.0152	0.0155	0.0043	0.0046	0.0123	0.0072	0.0123	0.0073	0.0099	0.0116	0.0071	0.0070	0.0158	0.0203	0.0091	0.0159	0.0048	0.0128	0.0091	0.0091	
0.0132	0.0127	0.0079	0.0013	0.0205	0.0093	0.0016	0.0096	0.0187	0.0100	0.0151	0.0169	0.0162	0.0020	0.0015	0.0087	0.0123	0.0079	0.0157	0.0025	0.0047	0.0074	0.0029	0.0189	0.0036	0.0076	0.0080	0.0082	0.0147	0.0200	0.0083	0.0071	0.0034	0.0035	0.0106	0.0014	0.0048	0.0028	0.0055	0.0032	0.0054	0.0025	0.0165	0.0166	0.0002	0.0089	0.0108	0.0126	0.0173	0.0142	0.0031	0.0158	0.0190	0.0067	0.0057	0.0062	0.0111	0.0104	0.0207	0.0108	0.0030	0.0094	0.0119	0.0149	0.0176	0.0021	0.0115	0.0125	0.0083	0.0193	0.0035	0.0100	0.0014	0.0081	0.0193	0.0031	0.0179	0.0038	0.0175	0.0143	0.0007	0.0156	0.0130	0.0010	0.0125	0.0122	0.0075	0.0100	0.0231	0.0089	0.0093	0.0171	0.0066	0.0223	0.0016	0.0101	0.0095	0.0138	0.0180	0.0132	
0.0163	0.0148	0.0061	0.0203	0.0150	0.0126	0.0157	0.0108	0.0108	0.0019	0.0096	0.0080	0.0114	0.0032	0.0096	0.0085	0.0173	0.0117	0.0022	0.0060	0.0130	0.0166	0.0149	0.0014	0.0103	0.0078	0.0056	0.0049	0.0079	0.0040	0.0115	0.0020	0.0056	0.0020	0.0191	0.0064	0.0085	0.0182	0.0077	0.0040	0.0200	0.0227	0.0073	0.0178	0.0204	0.0021	0.0061	0.0034	0.0086	0.0150	0.0165	0.0005	0.0154	0.0144	0.0041	0.0214	0.0214	0.0049	0.0072	0.0068	0.0078	0.0132	0.0024	0.0066	0.0092	0.0067	0.0019	0.0091	0.0055	0.0022	0.0204	0.0010	0.0037	0.0180	0.0090	0.0148	0.0117	0.0197	0.0026	0.0095	0.0020	0.0021	0.0174	0.0163	0.0078	0.0123	0.0082	0.0106	0.0197	0.0196	0.0089	0.0045	0.0123	0.0003	0.0186	0.0070	0.0169	0.0004	0.0074	0.0131	
0.0003	0.0173	0.0161	0.0082	0.0127	0.0151	0.0183	0.0145	0.0061	0.0082	0.0068	0.0192	0.0021	0.0198	0.0047	0.0038	0.0122	0.0071	0.0185	0.0181	0.0157	0.0082	0.0121	0.0060	0.0113	0.0157	0.0114	0.0035	0.0010	0.0005	0.0122	0.0091	0.0111	0.0112	0.0082	0.0053	0.0034	0.0113	0.0003	0.0109	0.0161	0.0161	0.0058	0.0064	0.0087	0.0064	0.0019	0.0110	0.0141	0.0113	0.0122	0.0067	0.0021	0.0074	0.0161	0.0100	0.0063	0.0123	0.0158	0.0179	0.0050	0.0137	0.0138	0.0049	0.0115	0.0169	0.0078	0.0118	0.0091	0.0173	0.0011	0.0038	0.0067	0.0048	0.0043	0.0048	0.0058	0.0040	0.0164	0.0065	0.0130	0.0176	0.0086	0.0094	0.0067	0.0080	0.0068	0.0028	0.0190	0.0147	0.0230	0.0116	0.0192	0.0017	0.0075	0.0012	0.0179	0.0161	0.0122	0.0103	
0.0001	0.0102	0.0007	0.0262	0.0175	0.0073	0.0012	0.0063	0.0037	0.0063	0.0028	0.0007	0.0155	0.0050	0.0040	0.0102	0.0050	0.0024	0.0199	0.0031	0.0132	0.0041	0.0226	0.0162	0.0101	0.0090	0.0068	0.0056	0.0084	0.0021	0.0036	0.0062	0.0131	0.0043	0.0088	0.0046	0.0211	0.0146	0.0185	0.0164	0.0056	0.0159	0.0179	0.0060	0.0131	0.0157	0.0196	0.0134	0.0147	0.0005	0.0115	0.0113	0.0011	0.0057	0.0009	0.0140	0.0187	0.0115	0.0209	0.0016	0.0011	0.0098	0.0000	0.0004	0.0019	0.0250	0.0110	0.0144	0.0168	0.0009	0.0204	0.0046	0.0075	0.0094	0.0001	0.0232	0.0059	0.0075	0.0360	0.0009	0.0073	0.0109	0.0111	0.0256	0.0050	0.0180	0.0054	0.0022	0.0023	0.0081	0.0146	0.0028	0.0167	0.0143	0.0188	0.0124	0.0156	0.0135	0.0022	0.0194	
0.0063	0.0033	0.0083	0.0240	0.0104	0.0012	0.0049	0.0016	0.0087	0.0021	0.0125	0.0019	0.0168	0.0185	0.0091	0.0085	0.0051	0.0041	0.0215	0.0092	0.0131	0.0098	0.0118	0.0135	0.0087	0.0117	0.0223	0.0158	0.0010	0.0096	0.0071	0.0077	0.0099	0.0013	0.0191	0.0131	0.0048	0.0192	0.0075	0.0057	0.0102	0.0054	0.0203	0.0001	0.0222	0.0089	0.0113	0.0212	0.0074	0.0100	0.0056	0.0071	0.0024	0.0115	0.0035	0.0230	0.0170	0.0023	0.0059	0.0210	0.0015	0.0108	0.0010	0.0122	0.0108	0.0046	0.0178	0.0142	0.0026	0.0166	0.0028	0.0083	0.0163	0.0091	0.0034	0.0107	0.0169	0.0106	0.0161	0.0027	0.0004	0.0015	0.0076	0.0137	0.0027	0.0025	0.0057	0.0135	0.0228	0.0187	0.0261	0.0020	0.0123	0.0071	0.0050	0.0179	0.0032	0.0167	0.0078	0.0168	
0.0033	0.0143	0.0008	0.0185	0.0133	0.0096	0.0057	0.0013	0.0059	0.0067	0.0028	0.0006	0.0102	0.0011	0.0084	0.0692	0.0031	0.0020	0.0190	0.0021	0.0254	0.0311	0.0241	0.0121	0.0047	0.0008	0.0116	0.0094	0.0010	0.0029	0.0035	0.0124	0.0059	0.0202	0.0146	0.0045	0.0146	0.0179	0.0168	0.0058	0.0091	0.0281	0.0043	0.0016	0.0104	0.0122	0.0133	0.0121	0.0036	0.0007	0.0053	0.0124	0.0015	0.0075	0.0023	0.0141	0.0229	0.0080	0.0106	0.0040	0.0071	0.0063	0.0020	0.0001	0.0017	0.0217	0.0236	0.0134	0.0123	0.0048	0.0193	0.0011	0.0073	0.0023	0.0154	0.0045	0.0104	0.0071	0.0478	0.0040	0.0020	0.0038	0.0041	0.0002	0.0067	0.0252	0.0130	0.0073	0.0115	0.0083	0.0076	0.0125	0.0017	0.0048	0.0101	0.0174	0.0102	0.0029	0.0165	0.0011	
0.0116	0.0171	0.0100	0.0149	0.0108	0.0035	0.0163	0.0102	0.0144	0.0098	0.0086	0.0043	0.0104	0.0096	0.0162	0.0067	0.0108	0.0070	0.0102	0.0114	0.0159	0.0104	0.0121	0.0079	0.0077	0.0160	0.0065	0.0003	0.0162	0.0009	0.0155	0.0060	0.0017	0.0145	0.0095	0.0091	0.0179	0.0132	0.0102	0.0096	0.0160	0.0035	0.0120	0.0068	0.0184	0.0007	0.0047	0.0145	0.0112	0.0050	0.0056	0.0134	0.0158	0.0000	0.0043	0.0045	0.0044	0.0070	0.0027	0.0099	0.0152	0.0247	0.0109	0.0113	0.0108	0.0044	0.0029	0.0139	0.0010	0.0073	0.0096	0.0152	0.0182	0.0018	0.0178	0.0115	0.0160	0.0073	0.0110	0.0084	0.0098	0.0119	0.0082	0.0162	0.0139	0.0003	0.0115	0.0016	0.0077	0.0029	0.0088	0.0094	0.0116	0.0122	0.0133	0.0162	0.0082	0.0127	0.0107	0.0184	
0.0163	0.0092	0.0114	0.0039	0.0175	0.0070	0.0001	0.0095	0.0037	0.0168	0.0099	0.0144	0.0205	0.0124	0.0237	0.0024	0.0088	0.0012	0.0234	0.0142	0.0093	0.0011	0.0047	0.0138	0.0185	0.0153	0.0068	0.0005	0.0094	0.0212	0.0021	0.0133	0.0189	0.0141	0.0086	0.0031	0.0011	0.0034	0.0157	0.0063	0.0002	0.0014	0.0214	0.0121	0.0157	0.0130	0.0128	0.0125	0.0153	0.0074	0.0067	0.0077	0.0178	0.0153	0.0045	0.0200	0.0041	0.0129	0.0045	0.0233	0.0253	0.0162	0.0005	0.0042	0.0129	0.0102	0.0174	0.0059	0.0040	0.0152	0.0015	0.0062	0.0047	0.0100	0.0139	0.0102	0.0032	0.0098	0.0021	0.0074	0.0056	0.0137	0.0028	0.0012	0.0097	0.0144	0.0146	0.0008	0.0110	0.0156	0.0163	0.0075	0.0173	0.0180	0.0077	0.0005	0.0008	0.0171	0.0002	0.0020	
0.0151	0.0058	0.0104	0.0010	0.0072	0.0004	0.0023	0.0064	0.0025	0.0132	0.0149	0.0139	0.0147	0.0181	0.0193	0.0062	0.0140	0.0180	0.0186	0.0199	0.0126	0.0152	0.0194	0.0099	0.0170	0.0176	0.0067	0.0107	0.0045	0.0169	0.0082	0.0076	0.0125	0.0004	0.0133	0.0222	0.0012	0.0024	0.0158	0.0097	0.0150	0.0130	0.0276	0.0149	0.0009	0.0041	0.0168	0.0023	0.0014	0.0015	0.0036	0.0021	0.0008	0.0011	0.0093	0.0249	0.0091	0.0021	0.0024	0.0147	0.0184	0.0116	0.0032	0.0068	0.0027	0.0039	0.0033	0.0111	0.0050	0.0150	0.0048	0.0132	0.0040	0.0013	0.0075	0.0059	0.0220	0.0009	0.0080	0.0199	0.0228	0.0050	0.0091	0.0033	0.0092	0.0089	0.0073	0.0078	0.0191	0.0180	0.0129	0.0245	0.0005	0.0020	0.0168	0.0000	0.0070	0.0132	0.0155	0.0155	
0.0013	0.0031	0.0178	0.0065	0.0178	0.0094	0.0148	0.0195	0.0153	0.0018	0.0241	0.0083	0.0120	0.0064	0.0139	0.0077	0.0044	0.0000	0.0184	0.0161	0.0135	0.0110	0.0138	0.0090	0.0040	0.0047	0.0125	0.0030	0.0032	0.0064	0.0182	0.0077	0.0083	0.0109	0.0119	0.0152	0.0049	0.0010	0.0065	0.0004	0.0106	0.0088	0.0151	0.0117	0.0155	0.0032	0.0066	0.0130	0.0089	0.0094	0.0155	0.0056	0.0136	0.0171	0.0024	0.0095	0.0047	0.0080	0.0023	0.0109	0.0189	0.0160	0.0148	0.0089	0.0030	0.0108	0.0183	0.0007	0.0150	0.0158	0.0024	0.0039	0.0139	0.0142	0.0050	0.0053	0.0172	0.0062	0.0154	0.0009	0.0186	0.0001	0.0132	0.0146	0.0097	0.0110	0.0137	0.0100	0.0093	0.0046	0.0115	0.0181	0.0209	0.0143	0.0055	0.0150	0.0104	0.0060	0.0077	0.0020	
0.0032	0.0056	0.0005	0.0139	0.0054	0.0109	0.0139	0.0143	0.0118	0.0137	0.0084	0.0166	0.0127	0.0015	0.0106	0.0107	0.0150	0.0016	0.0164	0.0126	0.0140	0.0068	0.0114	0.0069	0.0034	0.0038	0.0046	0.0183	0.0143	0.0071	0.0090	0.0084	0.0178	0.0148	0.0153	0.0122	0.0155	0.0006	0.0077	0.0154	0.0181	0.0001	0.0194	0.0102	0.0109	0.0116	0.0045	0.0125	0.0034	0.0089	0.0162	0.0089	0.0077	0.0142	0.0050	0.0142	0.0151	0.0104	0.0105	0.0026	0.0071	0.0149	0.0015	0.0052	0.0041	0.0006	0.0167	0.0171	0.0033	0.0151	0.0155	0.0161	0.0112	0.0151	0.0132	0.0159	0.0113	0.0187	0.0118	0.0093	0.0196	0.0074	0.0142	0.0033	0.0074	0.0003	0.0007	0.0031	0.0100	0.0031	0.0178	0.0077	0.0102	0.0041	0.0104	0.0030	0.0147	0.0117	0.0064	0.0101	
0.0104	0.0060	0.0054	0.0089	0.0159	0.0168	0.0164	0.0061	0.0027	0.0046	0.0016	0.0097	0.0170	0.0167	0.0040	0.0287	0.0012	0.0098	0.0207	0.0025	0.0199	0.0155	0.0131	0.0239	0.0111	0.0085	0.0067	0.0093	0.0022	0.0087	0.0148	0.0161	0.0131	0.0038	0.0169	0.0138	0.0205	0.0081	0.0096	0.0079	0.0030	0.0123	0.0007	0.0027	0.0023	0.0021	0.0133	0.0117	0.0001	0.0074	0.0014	0.0003	0.0175	0.0020	0.0075	0.0037	0.0169	0.0138	0.0085	0.0049	0.0106	0.0053	0.0058	0.0046	0.0037	0.0034	0.0066	0.0136	0.0072	0.0084	0.0051	0.0072	0.0064	0.0049	0.0018	0.0120	0.0148	0.0065	0.0247	0.0195	0.0103	0.0121	0.0092	0.0132	0.0061	0.0253	0.0035	0.0064	0.0106	0.0089	0.0214	0.0199	0.0179	0.0033	0.0162	0.0155	0.0000	0.0071	0.0190	0.0212	
0.0175	0.0171	0.0044	0.0060	0.0119	0.0082	0.0113	0.0093	0.0010	0.0016	0.0136	0.0091	0.0196	0.0096	0.0094	0.0130	0.0201	0.0240	0.0050	0.0111	0.0224	0.0186	0.0023	0.0152	0.0217	0.0035	0.0110	0.0046	0.0156	0.0064	0.0155	0.0068	0.0155	0.0153	0.0002	0.0161	0.0086	0.0012	0.0209	0.0007	0.0062	0.0132	0.0070	0.0114	0.0197	0.0107	0.0030	0.0090	0.0145	0.0011	0.0211	0.0006	0.0023	0.0111	0.0018	0.0230	0.0136	0.0037	0.0087	0.0060	0.0162	0.0096	0.0153	0.0226	0.0122	0.0047	0.0140	0.0186	0.0140	0.0120	0.0035	0.0209	0.0002	0.0041	0.0003	0.0026	0.0092	0.0117	0.0016	0.0054	0.0018	0.0068	0.0110	0.0103	0.0084	0.0086	0.0035	0.0044	0.0131	0.0011	0.0021	0.0092	0.0089	0.0110	0.0096	0.0002	0.0132	0.0145	0.0172	0.0137	
0.0070	0.0045	0.0051	0.0052	0.0219	0.0013	0.0006	0.0069	0.0072	0.0117	0.0061	0.0007	0.0023	0.0062	0.0028	0.0126	0.0138	0.0029	0.0083	0.0091	0.0027	0.0166	0.0043	0.0139	0.0041	0.0163	0.0075	0.0063	0.0089	0.0001	0.0018	0.0166	0.0193	0.0127	0.0221	0.0192	0.0135	0.0105	0.0137	0.0060	0.0101	0.0108	0.0133	0.0167	0.0119	0.0013	0.0078	0.0024	0.0079	0.0005	0.0025	0.0124	0.0068	0.0143	0.0044	0.0188	0.0014	0.0099	0.0185	0.0030	0.0108	0.0108	0.0003	0.0019	0.0074	0.0182	0.0075	0.0138	0.0130	0.0039	0.0267	0.0034	0.0109	0.0001	0.0112	0.0190	0.0236	0.0049	0.0343	0.0085	0.0038	0.0036	0.0174	0.0281	0.0129	0.0144	0.0117	0.0125	0.0197	0.0117	0.0248	0.0175	0.0134	0.0064	0.0127	0.0170	0.0079	0.0048	0.0013	0.0013	
0.0158	0.0145	0.0098	0.0036	0.0018	0.0162	0.0192	0.0064	0.0090	0.0117	0.0008	0.0175	0.0114	0.0078	0.0155	0.0064	0.0181	0.0055	0.0099	0.0083	0.0186	0.0085	0.0113	0.0011	0.0104	0.0010	0.0157	0.0058	0.0096	0.0136	0.0113	0.0148	0.0047	0.0150	0.0099	0.0115	0.0133	0.0114	0.0154	0.0022	0.0097	0.0068	0.0059	0.0065	0.0101	0.0011	0.0054	0.0051	0.0108	0.0048	0.0192	0.0002	0.0135	0.0149	0.0031	0.0054	0.0014	0.0061	0.0126	0.0007	0.0208	0.0179	0.0165	0.0214	0.0025	0.0066	0.0095	0.0149	0.0174	0.0039	0.0135	0.0071	0.0128	0.0087	0.0165	0.0112	0.0035	0.0064	0.0090	0.0075	0.0160	0.0110	0.0152	0.0037	0.0162	0.0098	0.0186	0.0117	0.0125	0.0046	0.0107	0.0101	0.0202	0.0110	0.0038	0.0165	0.0072	0.0091	0.0033	0.0038	
0.0065	0.0105	0.0039	0.0099	0.0148	0.0089	0.0081	0.0021	0.0185	0.0096	0.0015	0.0090	0.0204	0.0045	0.0055	0.0142	0.0163	0.0083	0.0267	0.0065	0.0107	0.0008	0.0017	0.0125	0.0081	0.0003	0.0065	0.0182	0.0037	0.0173	0.0013	0.0112	0.0034	0.0068	0.0250	0.0038	0.0010	0.0074	0.0106	0.0053	0.0017	0.0211	0.0122	0.0026	0.0056	0.0168	0.0167	0.0145	0.0056	0.0083	0.0131	0.0203	0.0143	0.0106	0.0080	0.0112	0.0096	0.0212	0.0158	0.0109	0.0023	0.0075	0.0133	0.0067	0.0055	0.0119	0.0150	0.0116	0.0077	0.0019	0.0074	0.0063	0.0024	0.0095	0.0093	0.0175	0.0097	0.0156	0.0073	0.0195	0.0043	0.0122	0.0114	0.0159	0.0008	0.0071	0.0022	0.0084	0.0112	0.0107	0.0170	0.0008	0.0098	0.0153	0.0031	0.0104	0.0205	0.0137	0.0165	0.0191	
0.0044	0.0018	0.0050	0.0058	0.0116	0.0073	0.0147	0.0184	0.0033	0.0214	0.0020	0.0122	0.0159	0.0223	0.0086	0.0067	0.0205	0.0086	0.0232	0.0041	0.0057	0.0019	0.0009	0.0225	0.0087	0.0064	0.0229	0.0046	0.0098	0.0231	0.0000	0.0172	0.0070	0.0097	0.0116	0.0067	0.0101	0.0076	0.0029	0.0156	0.0154	0.0056	0.0099	0.0138	0.0083	0.0038	0.0087	0.0136	0.0156	0.0152	0.0135	0.0082	0.0182	0.0098	0.0144	0.0031	0.0008	0.0069	0.0220	0.0023	0.0100	0.0091	0.0078	0.0040	0.0211	0.0061	0.0052	0.0069	0.0104	0.0009	0.0192	0.0132	0.0057	0.0034	0.0149	0.0006	0.0182	0.0082	0.0158	0.0059	0.0004	0.0091	0.0138	0.0171	0.0071	0.0145	0.0000	0.0150	0.0244	0.0102	0.0055	0.0057	0.0147	0.0011	0.0094	0.0046	0.0195	0.0037	0.0151	0.0006	
0.0182	0.0002	0.0036	0.0118	0.0001	0.0191	0.0031	0.0119	0.0191	0.0108	0.0085	0.0125	0.0147	0.0107	0.0014	0.0176	0.0157	0.0127	0.0182	0.0072	0.0060	0.0076	0.0081	0.0005	0.0169	0.0107	0.0019	0.0044	0.0170	0.0071	0.0026	0.0111	0.0173	0.0128	0.0062	0.0003	0.0032	0.0002	0.0152	0.0089	0.0089	0.0084	0.0208	0.0075	0.0004	0.0129	0.0119	0.0186	0.0189	0.0074	0.0085	0.0053	0.0069	0.0072	0.0180	0.0118	0.0120	0.0029	0.0156	0.0097	0.0202	0.0196	0.0151	0.0119	0.0079	0.0159	0.0170	0.0016	0.0045	0.0010	0.0174	0.0162	0.0188	0.0069	0.0183	0.0188	0.0097	0.0008	0.0001	0.0042	0.0001	0.0024	0.0053	0.0091	0.0172	0.0174	0.0044	0.0083	0.0186	0.0171	0.0081	0.0008	0.0050	0.0057	0.0128	0.0103	0.0117	0.0084	0.0193	0.0037	
0.0116	0.0093	0.0109	0.0197	0.0135	0.0110	0.0067	0.0141	0.0096	0.0163	0.0011	0.0092	0.0030	0.0097	0.0099	0.0150	0.0113	0.0055	0.0163	0.0079	0.0105	0.0089	0.0042	0.0075	0.0100	0.0142	0.0099	0.0121	0.0111	0.0075	0.0047	0.0016	0.0018	0.0192	0.0091	0.0124	0.0067	0.0064	0.0170	0.0060	0.0099	0.0060	0.0202	0.0005	0.0171	0.0183	0.0214	0.0129	0.0153	0.0127	0.0156	0.0062	0.0152	0.0073	0.0115	0.0071	0.0049	0.0076	0.0060	0.0178	0.0009	0.0112	0.0030	0.0015	0.0097	0.0196	0.0102	0.0065	0.0026	0.0154	0.0073	0.0055	0.0086	0.0049	0.0007	0.0070	0.0114	0.0032	0.0126	0.0172	0.0148	0.0168	0.0148	0.0201	0.0081	0.0219	0.0069	0.0106	0.0056	0.0030	0.0056	0.0202	0.0010	0.0004	0.0058	0.0147	0.0022	0.0183	0.0099	0.0147	
0.0049	0.0103	0.0049	0.0271	0.0115	0.0084	0.0140	0.0038	0.0087	0.0041	0.0168	0.0011	0.0188	0.0084	0.0188	0.0047	0.0152	0.0038	0.0169	0.0088	0.0125	0.0204	0.0018	0.0244	0.0090	0.0099	0.0045	0.0097	0.0008	0.0041	0.0037	0.0120	0.0197	0.0196	0.0106	0.0057	0.0084	0.0170	0.0074	0.0000	0.0031	0.0301	0.0058	0.0203	0.0087	0.0033	0.0031	0.0125	0.0009	0.0015	0.0131	0.0194	0.0057	0.0144	0.0029	0.0133	0.0102	0.0125	0.0068	0.0010	0.0042	0.0050	0.0049	0.0014	0.0002	0.0022	0.0079	0.0002	0.0016	0.0108	0.0162	0.0008	0.0145	0.0086	0.0100	0.0131	0.0131	0.0015	0.0171	0.0122	0.0047	0.0122	0.0091	0.0275	0.0053	0.0094	0.0078	0.0159	0.0114	0.0222	0.0193	0.0168	0.0090	0.0049	0.0158	0.0151	0.0154	0.0018	0.0240	0.0061	
0.0141	0.0022	0.0102	0.0060	0.0085	0.0165	0.0171	0.0126	0.0059	0.0145	0.0260	0.0079	0.0164	0.0139	0.0176	0.0070	0.0163	0.0080	0.0170	0.0117	0.0106	0.0058	0.0068	0.0033	0.0179	0.0005	0.0090	0.0094	0.0143	0.0140	0.0211	0.0100	0.0027	0.0065	0.0093	0.0047	0.0030	0.0006	0.0119	0.0101	0.0084	0.0119	0.0125	0.0189	0.0190	0.0099	0.0204	0.0123	0.0123	0.0051	0.0220	0.0052	0.0043	0.0072	0.0177	0.0100	0.0113	0.0048	0.0092	0.0067	0.0082	0.0063	0.0138	0.0146	0.0169	0.0078	0.0043	0.0105	0.0049	0.0097	0.0054	0.0175	0.0173	0.0054	0.0021	0.0147	0.0138	0.0081	0.0060	0.0072	0.0031	0.0183	0.0002	0.0093	0.0106	0.0117	0.0052	0.0157	0.0136	0.0028	0.0092	0.0184	0.0114	0.0080	0.0039	0.0034	0.0013	0.0001	0.0028	0.0065	
0.0029	0.0079	0.0079	0.0015	0.0007	0.0023	0.0121	0.0143	0.0061	0.0197	0.0163	0.0019	0.0233	0.0022	0.0030	0.0087	0.0050	0.0047	0.0273	0.0023	0.0045	0.0095	0.0185	0.0018	0.0167	0.0074	0.0069	0.0095	0.0042	0.0218	0.0113	0.0109	0.0090	0.0273	0.0060	0.0196	0.0079	0.0212	0.0109	0.0095	0.0023	0.0104	0.0137	0.0133	0.0079	0.0089	0.0229	0.0070	0.0042	0.0114	0.0168	0.0183	0.0005	0.0005	0.0025	0.0163	0.0122	0.0077	0.0022	0.0172	0.0200	0.0016	0.0133	0.0054	0.0056	0.0016	0.0164	0.0003	0.0169	0.0064	0.0013	0.0059	0.0125	0.0080	0.0005	0.0183	0.0009	0.0214	0.0133	0.0134	0.0076	0.0209	0.0043	0.0121	0.0003	0.0197	0.0117	0.0057	0.0262	0.0156	0.0043	0.0003	0.0167	0.0200	0.0147	0.0000	0.0176	0.0035	0.0106	0.0047	
0.0117	0.0203	0.0065	0.0249	0.0131	0.0106	0.0007	0.0077	0.0001	0.0038	0.0104	0.0090	0.0161	0.0102	0.0066	0.0237	0.0167	0.0010	0.0085	0.0076	0.0091	0.0078	0.0039	0.0040	0.0023	0.0014	0.0083	0.0001	0.0104	0.0004	0.0010	0.0162	0.0136	0.0126	0.0208	0.0080	0.0105	0.0068	0.0204	0.0089	0.0162	0.0023	0.0086	0.0123	0.0014	0.0108	0.0081	0.0076	0.0069	0.0138	0.0016	0.0157	0.0198	0.0180	0.0137	0.0106	0.0180	0.0087	0.0165	0.0105	0.0017	0.0006	0.0163	0.0103	0.0024	0.0185	0.0017	0.0035	0.0165	0.0163	0.0103	0.0082	0.0033	0.0144	0.0148	0.0075	0.0206	0.0105	0.0027	0.0144	0.0111	0.0022	0.0139	0.0202	0.0177	0.0077	0.0016	0.0102	0.0133	0.0076	0.0145	0.0218	0.0099	0.0052	0.0074	0.0151	0.0024	0.0081	0.0105	0.0084	
0.0100	0.0046	0.0104	0.0124	0.0128	0.0108	0.0128	0.0176	0.0058	0.0110	0.0112	0.0057	0.0071	0.0037	0.0203	0.0248	0.0094	0.0057	0.0015	0.0171	0.0140	0.0117	0.0145	0.0100	0.0073	0.0106	0.0010	0.0205	0.0100	0.0217	0.0046	0.0118	0.0017	0.0187	0.0017	0.0113	0.0130	0.0037	0.0037	0.0097	0.0181	0.0043	0.0077	0.0008	0.0193	0.0067	0.0171	0.0094	0.0087	0.0077	0.0064	0.0173	0.0085	0.0130	0.0159	0.0002	0.0155	0.0047	0.0015	0.0017	0.0103	0.0152	0.0090	0.0048	0.0057	0.0247	0.0052	0.0128	0.0022	0.0087	0.0112	0.0054	0.0030	0.0122	0.0021	0.0110	0.0047	0.0124	0.0156	0.0018	0.0153	0.0139	0.0116	0.0026	0.0141	0.0107	0.0042	0.0095	0.0234	0.0013	0.0229	0.0079	0.0021	0.0016	0.0231	0.0022	0.0172	0.0006	0.0170	0.0203	
0.0019	0.0024	0.0060	0.0186	0.0198	0.0002	0.0129	0.0129	0.0112	0.0070	0.0172	0.0008	0.0149	0.0177	0.0063	0.0153	0.0040	0.0068	0.0138	0.0200	0.0165	0.0159	0.0116	0.0006	0.0117	0.0020	0.0031	0.0014	0.0135	0.0201	0.0156	0.0030	0.0200	0.0152	0.0166	0.0115	0.0055	0.0079	0.0025	0.0125	0.0138	0.0098	0.0210	0.0127	0.0053	0.0165	0.0141	0.0019	0.0137	0.0037	0.0166	0.0078	0.0083	0.0183	0.0016	0.0083	0.0093	0.0053	0.0079	0.0184	0.0175	0.0114	0.0019	0.0104	0.0112	0.0129	0.0040	0.0163	0.0003	0.0137	0.0097	0.0141	0.0046	0.0182	0.0022	0.0062	0.0154	0.0182	0.0140	0.0145	0.0084	0.0021	0.0069	0.0088	0.0018	0.0066	0.0135	0.0218	0.0129	0.0141	0.0015	0.0012	0.0002	0.0045	0.0163	0.0031	0.0066	0.0097	0.0004	0.0118	
0.0141	0.0151	0.0021	0.0007	0.0147	0.0032	0.0028	0.0094	0.0167	0.0179	0.0126	0.0120	0.0112	0.0143	0.0117	0.0102	0.0049	0.0148	0.0104	0.0055	0.0147	0.0034	0.0047	0.0060	0.0140	0.0076	0.0117	0.0198	0.0032	0.0233	0.0196	0.0067	0.0215	0.0048	0.0009	0.0124	0.0002	0.0047	0.0141	0.0169	0.0049	0.0059	0.0071	0.0165	0.0019	0.0117	0.0113	0.0039	0.0140	0.0027	0.0181	0.0152	0.0175	0.0172	0.0220	0.0112	0.0095	0.0128	0.0087	0.0080	0.0128	0.0031	0.0065	0.0184	0.0175	0.0025	0.0114	0.0051	0.0154	0.0176	0.0125	0.0001	0.0185	0.0095	0.0191	0.0113	0.0190	0.0071	0.0041	0.0016	0.0217	0.0109	0.0037	0.0001	0.0013	0.0041	0.0076	0.0033	0.0125	0.0142	0.0005	0.0074	0.0154	0.0077	0.0090	0.0016	0.0005	0.0145	0.0005	0.0159	
0.0154	0.0058	0.0069	0.0215	0.0097	0.0161	0.0137	0.0063	0.0169	0.0021	0.0097	0.0029	0.0089	0.0063	0.0091	0.0240	0.0179	0.0043	0.0160	0.0102	0.0154	0.0089	0.0163	0.0017	0.0139	0.0076	0.0026	0.0128	0.0006	0.0170	0.0096	0.0070	0.0085	0.0083	0.0020	0.0111	0.0206	0.0056	0.0117	0.0036	0.0099	0.0243	0.0068	0.0081	0.0026	0.0162	0.0200	0.0105	0.0154	0.0071	0.0018	0.0156	0.0190	0.0073	0.0035	0.0127	0.0114	0.0095	0.0009	0.0013	0.0144	0.0012	0.0069	0.0114	0.0084	0.0030	0.0181	0.0007	0.0053	0.0159	0.0013	0.0100	0.0130	0.0077	0.0023	0.0164	0.0018	0.0063	0.0226	0.0004	0.0076	0.0115	0.0161	0.0137	0.0140	0.0175	0.0096	0.0179	0.0031	0.0111	0.0000	0.0095	0.0043	0.0088	0.0093	0.0087	0.0117	0.0075	0.0175	0.0214	
0.0001	0.0162	0.0057	0.0204	0.0091	0.0080	0.0003	0.0079	0.0068	0.0097	0.0138	0.0047	0.0104	0.0006	0.0178	0.0013	0.0053	0.0214	0.0044	0.0181	0.0090	0.0133	0.0136	0.0132	0.0189	0.0107	0.0089	0.0043	0.0006	0.0161	0.0040	0.0132	0.0107	0.0208	0.0001	0.0117	0.0056	0.0149	0.0021	0.0070	0.0175	0.0032	0.0175	0.0137	0.0006	0.0167	0.0206	0.0034	0.0168	0.0082	0.0028	0.0126	0.0040	0.0009	0.0105	0.0035	0.0194	0.0109	0.0001	0.0203	0.0286	0.0180	0.0076	0.0144	0.0046	0.0126	0.0137	0.0099	0.0005	0.0007	0.0114	0.0116	0.0139	0.0146	0.0001	0.0086	0.0040	0.0034	0.0117	0.0030	0.0151	0.0065	0.0066	0.0129	0.0092	0.0109	0.0091	0.0078	0.0141	0.0206	0.0122	0.0202	0.0178	0.0058	0.0093	0.0162	0.0129	0.0017	0.0101	0.0043	
0.0024	0.0083	0.0035	0.0188	0.0161	0.0138	0.0174	0.0079	0.0009	0.0177	0.0220	0.0174	0.0153	0.0180	0.0043	0.0117	0.0087	0.0142	0.0016	0.0141	0.0048	0.0034	0.0167	0.0029	0.0085	0.0136	0.0144	0.0097	0.0072	0.0004	0.0117	0.0023	0.0165	0.0089	0.0197	0.0052	0.0015	0.0096	0.0222	0.0202	0.0136	0.0030	0.0089	0.0129	0.0187	0.0159	0.0018	0.0187	0.0014	0.0159	0.0118	0.0025	0.0002	0.0148	0.0001	0.0201	0.0092	0.0007	0.0087	0.0183	0.0237	0.0090	0.0002	0.0005	0.0074	0.0154	0.0013	0.0069	0.0202	0.0186	0.0133	0.0197	0.0152	0.0028	0.0008	0.0022	0.0160	0.0071	0.0054	0.0133	0.0141	0.0164	0.0091	0.0132	0.0086	0.0093	0.0019	0.0197	0.0094	0.0009	0.0185	0.0011	0.0018	0.0023	0.0233	0.0058	0.0023	0.0072	0.0042	0.0013	
0.0114	0.0160	0.0009	0.0025	0.0041	0.0115	0.0097	0.0134	0.0119	0.0137	0.0025	0.0001	0.0175	0.0128	0.0020	0.0030	0.0161	0.0060	0.0097	0.0172	0.0158	0.0015	0.0197	0.0135	0.0016	0.0092	0.0157	0.0122	0.0043	0.0133	0.0177	0.0068	0.0045	0.0036	0.0192	0.0191	0.0132	0.0064	0.0087	0.0186	0.0164	0.0059	0.0050	0.0103	0.0135	0.0149	0.0041	0.0061	0.0156	0.0124	0.0075	0.0106	0.0155	0.0047	0.0067	0.0124	0.0182	0.0039	0.0006	0.0123	0.0128	0.0169	0.0091	0.0144	0.0155	0.0164	0.0155	0.0128	0.0152	0.0022	0.0131	0.0086	0.0010	0.0082	0.0181	0.0101	0.0148	0.0059	0.0200	0.0046	0.0048	0.0099	0.0129	0.0101	0.0056	0.0053	0.0091	0.0204	0.0161	0.0053	0.0021	0.0087	0.0054	0.0106	0.0056	0.0019	0.0111	0.0057	0.0104	0.0006	
0.0006	0.0101	0.0125	0.0208	0.0055	0.0145	0.0122	0.0053	0.0077	0.0164	0.0209	0.0130	0.0059	0.0167	0.0111	0.0015	0.0047	0.0042	0.0173	0.0162	0.0060	0.0154	0.0128	0.0077	0.0008	0.0003	0.0051	0.0072	0.0066	0.0195	0.0142	0.0087	0.0135	0.0209	0.0042	0.0114	0.0155	0.0141	0.0025	0.0083	0.0140	0.0047	0.0171	0.0014	0.0142	0.0099	0.0039	0.0092	0.0047	0.0046	0.0141	0.0102	0.0141	0.0199	0.0134	0.0038	0.0163	0.0054	0.0198	0.0063	0.0133	0.0065	0.0226	0.0087	0.0148	0.0052	0.0189	0.0055	0.0117	0.0175	0.0018	0.0109	0.0008	0.0035	0.0018	0.0032	0.0054	0.0138	0.0135	0.0125	0.0187	0.0174	0.0021	0.0020	0.0012	0.0069	0.0134	0.0115	0.0064	0.0021	0.0176	0.0166	0.0182	0.0160	0.0176	0.0047	0.0040	0.0043	0.0029	0.0053	
0.0141	0.0169	0.0189	0.0116	0.0016	0.0056	0.0092	0.0090	0.0176	0.0093	0.0165	0.0023	0.0079	0.0067	0.0112	0.0121	0.0031	0.0156	0.0082	0.0101	0.0051	0.0015	0.0018	0.0086	0.0146	0.0086	0.0117	0.0044	0.0033	0.0172	0.0143	0.0003	0.0100	0.0133	0.0155	0.0222	0.0149	0.0132	0.0001	0.0116	0.0214	0.0099	0.0223	0.0117	0.0033	0.0130	0.0065	0.0101	0.0065	0.0039	0.0018	0.0068	0.0149	0.0095	0.0224	0.0128	0.0156	0.0098	0.0162	0.0150	0.0178	0.0034	0.0061	0.0014	0.0099	0.0162	0.0116	0.0167	0.0091	0.0090	0.0160	0.0108	0.0122	0.0114	0.0136	0.0167	0.0046	0.0071	0.0046	0.0045	0.0016	0.0182	0.0171	0.0186	0.0117	0.0124	0.0024	0.0002	0.0169	0.0038	0.0049	0.0063	0.0005	0.0076	0.0001	0.0139	0.0036	0.0168	0.0036	0.0044	
0.0033	0.0076	0.0024	0.0187	0.0060	0.0090	0.0096	0.0052	0.0225	0.0001	0.0102	0.0092	0.0044	0.0071	0.0176	0.0136	0.0057	0.0065	0.0096	0.0005	0.0112	0.0077	0.0041	0.0061	0.0049	0.0114	0.0106	0.0097	0.0101	0.0191	0.0130	0.0067	0.0031	0.0202	0.0003	0.0138	0.0111	0.0171	0.0134	0.0032	0.0012	0.0157	0.0010	0.0114	0.0192	0.0158	0.0015	0.0110	0.0132	0.0025	0.0081	0.0170	0.0084	0.0028	0.0132	0.0155	0.0034	0.0161	0.0151	0.0146	0.0254	0.0176	0.0146	0.0027	0.0049	0.0163	0.0054	0.0043	0.0072	0.0197	0.0016	0.0075	0.0103	0.0035	0.0218	0.0174	0.0106	0.0106	0.0089	0.0104	0.0123	0.0208	0.0166	0.0083	0.0067	0.0173	0.0165	0.0000	0.0110	0.0084	0.0093	0.0211	0.0073	0.0022	0.0055	0.0019	0.0028	0.0185	0.0072	0.0134	
0.0097	0.0159	0.0055	0.0161	0.0008	0.0006	0.0052	0.0040	0.0041	0.0126	0.0037	0.0107	0.0062	0.0028	0.0001	0.0181	0.0011	0.0048	0.0173	0.0082	0.0004	0.0049	0.0157	0.0190	0.0096	0.0029	0.0008	0.0109	0.0186	0.0183	0.0121	0.0097	0.0062	0.0169	0.0193	0.0152	0.0114	0.0038	0.0084	0.0066	0.0133	0.0177	0.0201	0.0141	0.0037	0.0168	0.0136	0.0035	0.0015	0.0053	0.0010	0.0178	0.0035	0.0181	0.0176	0.0051	0.0009	0.0062	0.0037	0.0189	0.0235	0.0142	0.0058	0.0060	0.0157	0.0116	0.0050	0.0105	0.0030	0.0046	0.0066	0.0162	0.0140	0.0065	0.0168	0.0055	0.0100	0.0001	0.0145	0.0143	0.0096	0.0174	0.0094	0.0141	0.0146	0.0163	0.0066	0.0057	0.0223	0.0164	0.0155	0.0073	0.0007	0.0098	0.0072	0.0158	0.0086	0.0100	0.0172	0.0103	
0.0085	0.0020	0.0006	0.0193	0.0261	0.0035	0.0011	0.0118	0.0029	0.0085	0.0156	0.0006	0.0081	0.0095	0.0090	0.0032	0.0054	0.0095	0.0106	0.0022	0.0041	0.0164	0.0117	0.0084	0.0076	0.0004	0.0168	0.0058	0.0120	0.0163	0.0141	0.0224	0.0044	0.0043	0.0204	0.0082	0.0159	0.0121	0.0151	0.0131	0.0133	0.0114	0.0033	0.0084	0.0006	0.0140	0.0211	0.0110	0.0009	0.0032	0.0118	0.0131	0.0211	0.0110	0.0059	0.0144	0.0098	0.0132	0.0068	0.0173	0.0070	0.0133	0.0126	0.0032	0.0117	0.0154	0.0148	0.0050	0.0122	0.0014	0.0092	0.0095	0.0187	0.0112	0.0099	0.0137	0.0146	0.0040	0.0106	0.0150	0.0023	0.0059	0.0058	0.0170	0.0046	0.0225	0.0008	0.0095	0.0159	0.0021	0.0215	0.0018	0.0066	0.0173	0.0066	0.0007	0.0142	0.0144	0.0131	0.0054	
0.0123	0.0104	0.0146	0.0213	0.0194	0.0154	0.0138	0.0003	0.0046	0.0137	0.0037	0.0030	0.0059	0.0095	0.0168	0.0003	0.0065	0.0041	0.0212	0.0113	0.0133	0.0063	0.0047	0.0113	0.0027	0.0045	0.0078	0.0011	0.0095	0.0074	0.0174	0.0160	0.0121	0.0013	0.0206	0.0089	0.0083	0.0064	0.0144	0.0086	0.0006	0.0004	0.0058	0.0024	0.0242	0.0160	0.0170	0.0162	0.0019	0.0051	0.0117	0.0093	0.0254	0.0173	0.0062	0.0107	0.0053	0.0089	0.0151	0.0110	0.0093	0.0209	0.0063	0.0141	0.0119	0.0071	0.0110	0.0045	0.0113	0.0041	0.0088	0.0003	0.0066	0.0091	0.0149	0.0143	0.0205	0.0040	0.0124	0.0082	0.0079	0.0126	0.0157	0.0088	0.0127	0.0086	0.0144	0.0107	0.0094	0.0113	0.0057	0.0008	0.0125	0.0034	0.0218	0.0025	0.0122	0.0074	0.0069	0.0138	
0.0052	0.0114	0.0063	0.0202	0.0160	0.0158	0.0029	0.0105	0.0051	0.0166	0.0122	0.0005	0.0181	0.0103	0.0025	0.0120	0.0182	0.0231	0.0014	0.0094	0.0103	0.0150	0.0144	0.0011	0.0203	0.0101	0.0108	0.0036	0.0149	0.0132	0.0010	0.0109	0.0210	0.0192	0.0028	0.0006	0.0079	0.0015	0.0177	0.0023	0.0074	0.0090	0.0094	0.0160	0.0180	0.0052	0.0032	0.0028	0.0022	0.0050	0.0068	0.0115	0.0092	0.0195	0.0028	0.0071	0.0191	0.0038	0.0241	0.0038	0.0056	0.0263	0.0174	0.0192	0.0180	0.0018	0.0011	0.0002	0.0065	0.0016	0.0075	0.0200	0.0055	0.0185	0.0013	0.0021	0.0114	0.0213	0.0033	0.0143	0.0092	0.0073	0.0016	0.0087	0.0055	0.0078	0.0001	0.0013	0.0188	0.0149	0.0059	0.0061	0.0027	0.0132	0.0212	0.0080	0.0120	0.0145	0.0197	0.0160	
0.0033	0.0028	0.0150	0.0006	0.0206	0.0088	0.0089	0.0086	0.0189	0.0197	0.0192	0.0155	0.0006	0.0052	0.0171	0.0180	0.0167	0.0073	0.0094	0.0086	0.0019	0.0201	0.0039	0.0088	0.0160	0.0004	0.0124	0.0135	0.0011	0.0143	0.0090	0.0163	0.0004	0.0073	0.0097	0.0046	0.0076	0.0008	0.0109	0.0179	0.0170	0.0111	0.0045	0.0171	0.0003	0.0097	0.0054	0.0164	0.0144	0.0001	0.0097	0.0056	0.0070	0.0113	0.0151	0.0048	0.0183	0.0082	0.0040	0.0188	0.0173	0.0169	0.0078	0.0032	0.0100	0.0004	0.0157	0.0131	0.0185	0.0106	0.0101	0.0159	0.0182	0.0092	0.0113	0.0126	0.0164	0.0074	0.0095	0.0075	0.0152	0.0192	0.0192	0.0013	0.0035	0.0031	0.0092	0.0099	0.0129	0.0068	0.0062	0.0008	0.0170	0.0114	0.0029	0.0018	0.0015	0.0006	0.0048	0.0207	
0.0104	0.0095	0.0007	0.0043	0.0122	0.0111	0.0068	0.0115	0.0222	0.0029	0.0120	0.0090	0.0189	0.0139	0.0026	0.0168	0.0139	0.0071	0.0247	0.0063	0.0087	0.0058	0.0008	0.0088	0.0042	0.0072	0.0000	0.0041	0.0063	0.0094	0.0100	0.0132	0.0047	0.0092	0.0123	0.0042	0.0151	0.0113	0.0092	0.0105	0.0137	0.0141	0.0097	0.0098	0.0227	0.0183	0.0021	0.0184	0.0091	0.0055	0.0042	0.0157	0.0010	0.0147	0.0080	0.0093	0.0084	0.0111	0.0187	0.0023	0.0161	0.0031	0.0054	0.0086	0.0102	0.0125	0.0058	0.0087	0.0044	0.0170	0.0139	0.0032	0.0145	0.0065	0.0130	0.0157	0.0172	0.0085	0.0108	0.0093	0.0059	0.0004	0.0119	0.0021	0.0034	0.0157	0.0123	0.0065	0.0203	0.0070	0.0136	0.0063	0.0132	0.0079	0.0191	0.0091	0.0079	0.0198	0.0207	0.0044	
0.0120	0.0111	0.0175	0.0144	0.0065	0.0012	0.0170	0.0124	0.0034	0.0119	0.0109	0.0218	0.0222	0.0122	0.0159	0.0106	0.0077	0.0042	0.0071	0.0230	0.0165	0.0153	0.0095	0.0164	0.0041	0.0132	0.0081	0.0100	0.0148	0.0020	0.0057	0.0152	0.0138	0.0080	0.0161	0.0118	0.0039	0.0018	0.0149	0.0027	0.0203	0.0029	0.0059	0.0061	0.0138	0.0121	0.0050	0.0026	0.0103	0.0060	0.0023	0.0045	0.0123	0.0204	0.0066	0.0155	0.0020	0.0181	0.0095	0.0153	0.0144	0.0094	0.0004	0.0012	0.0053	0.0132	0.0053	0.0107	0.0142	0.0005	0.0072	0.0073	0.0085	0.0036	0.0194	0.0158	0.0132	0.0037	0.0040	0.0109	0.0076	0.0063	0.0188	0.0067	0.0193	0.0016	0.0040	0.0135	0.0012	0.0048	0.0129	0.0084	0.0122	0.0143	0.0093	0.0093	0.0016	0.0036	0.0196	0.0183	
0.0085	0.0123	0.0077	0.0149	0.0147	0.0137	0.0158	0.0073	0.0007	0.0078	0.0179	0.0166	0.0111	0.0189	0.0122	0.0046	0.0077	0.0111	0.0021	0.0040	0.0054	0.0063	0.0121	0.0073	0.0050	0.0000	0.0137	0.0116	0.0098	0.0090	0.0096	0.0062	0.0031	0.0073	0.0190	0.0150	0.0137	0.0044	0.0093	0.0026	0.0076	0.0184	0.0182	0.0083	0.0052	0.0123	0.0161	0.0100	0.0066	0.0034	0.0158	0.0068	0.0017	0.0113	0.0126	0.0223	0.0010	0.0014	0.0072	0.0182	0.0027	0.0022	0.0170	0.0089	0.0106	0.0086	0.0158	0.0055	0.0165	0.0134	0.0080	0.0058	0.0029	0.0144	0.0214	0.0113	0.0178	0.0003	0.0022	0.0146	0.0039	0.0190	0.0035	0.0077	0.0066	0.0074	0.0054	0.0048	0.0224	0.0189	0.0145	0.0159	0.0188	0.0147	0.0013	0.0033	0.0181	0.0015	0.0176	0.0104	
0.0133	0.0093	0.0091	0.0110	0.0156	0.0100	0.0032	0.0026	0.0137	0.0147	0.0031	0.0005	0.0184	0.0086	0.0114	0.0027	0.0152	0.0052	0.0034	0.0055	0.0024	0.0055	0.0113	0.0160	0.0026	0.0128	0.0064	0.0110	0.0111	0.0128	0.0115	0.0118	0.0038	0.0079	0.0124	0.0158	0.0036	0.0100	0.0130	0.0157	0.0024	0.0032	0.0105	0.0143	0.0139	0.0113	0.0158	0.0066	0.0152	0.0107	0.0041	0.0099	0.0154	0.0066	0.0125	0.0130	0.0162	0.0120	0.0078	0.0176	0.0032	0.0076	0.0054	0.0016	0.0038	0.0088	0.0157	0.0110	0.0168	0.0128	0.0207	0.0051	0.0128	0.0034	0.0047	0.0184	0.0134	0.0106	0.0031	0.0103	0.0152	0.0003	0.0119	0.0187	0.0067	0.0017	0.0150	0.0128	0.0145	0.0173	0.0141	0.0075	0.0021	0.0141	0.0136	0.0113	0.0146	0.0097	0.0112	0.0056	

Emissions
0.0754	0.0586	0.1200	0.0001	0.1457	0.2576	0.2106	0.1100	0.0219	
0.1224	0.2134	0.0610	0.0811	0.0639	0.1103	0.0249	0.2238	0.0994	
0.0243	0.0391	0.1355	0.0000	0.1761	0.5215	0.0578	0.0332	0.0126	
0.0003	0.1443	0.1977	0.0221	0.0282	0.0120	0.1916	0.2402	0.1636	
0.1477	0.2172	0.2970	0.1286	0.0200	0.0276	0.1240	0.0293	0.0087	
0.0837	0.1901	0.0792	0.0751	0.0603	0.1760	0.0632	0.1830	0.0895	
0.1173	0.1490	0.1209	0.0757	0.0989	0.0847	0.1172	0.2281	0.0081	
0.0235	0.1238	0.1390	0.0002	0.1411	0.4604	0.0453	0.0527	0.0140	
0.0981	0.0089	0.2226	0.0707	0.0386	0.0967	0.1571	0.1573	0.1500	
0.1499	0.0485	0.2758	0.0716	0.1041	0.1258	0.1423	0.0330	0.0490	
0.0857	0.0042	0.3849	0.0778	0.0094	0.1784	0.0598	0.0286	0.1712	
0.0208	0.0597	0.1905	0.0022	0.0907	0.3674	0.1231	0.0816	0.0639	
0.1506	0.0645	0.0175	0.1805	0.0621	0.0211	0.1369	0.2063	0.1606	
0.0057	0.1510	0.1593	0.0065	0.0844	0.1802	0.1600	0.1644	0.0886	
0.0728	0.0176	0.3727	0.0497	0.0393	0.1551	0.0308	0.1697	0.0924	
0.2183	0.1988	0.1380	0.0031	0.0232	0.0181	0.1552	0.0066	0.2387	
0.0466	0.1940	0.1192	0.1093	0.1042	0.0952	0.1920	0.0351	0.1043	
0.0054	0.0488	0.2175	0.0086	0.0970	0.3530	0.1244	0.0368	0.1086	
0.1470	0.0239	0.2098	0.1092	0.0315	0.0056	0.0990	0.1937	0.1803	
0.0221	0.0092	0.0916	0.0383	0.0826	0.2550	0.3022	0.1657	0.0334	
0.0735	0.2434	0.0562	0.1498	0.0512	0.0205	0.2492	0.0233	0.1330	
0.1808	0.1785	0.0160	0.1072	0.0600	0.0384	0.1341	0.0183	0.2667	
0.2171	0.2118	0.0229	0.0439	0.0963	0.0181	0.1299	0.2374	0.0225	
0.0581	0.2097	0.2529	0.0126	0.0479	0.0313	0.1927	0.0551	0.1397	
0.0780	0.0657	0.1679	0.0386	0.1102	0.2356	0.2385	0.0222	0.0433	
0.1189	0.1147	0.0988	0.0018	0.1050	0.0763	0.1506	0.1992	0.1346	
0.0107	0.2425	0.1970	0.0045	0.0965	0.1717	0.0181	0.1844	0.0746	
0.1058	0.1163	0.0076	0.0971	0.0885	0.0739	0.1195	0.2413	0.1499	
0.0586	0.0468	0.0074	0.0345	0.0823	0.2801	0.2565	0.1859	0.0478	
0.1367	0.0492	0.2244	0.0750	0.0571	0.1277	0.0742	0.2066	0.0489	
0.1779	0.1133	0.0914	0.1632	0.0907	0.1996	0.0270	0.0227	0.1141	
0.0310	0.2597	0.1333	0.0685	0.0351	0.1890	0.1101	0.0623	0.1111	
0.2026	0.1252	0.0896	0.1876	0.0130	0.0205	0.1201	0.1219	0.1195	
0.1962	0.0655	0.0375	0.0869	0.0542	0.0368	0.0422	0.3336	0.1471	
0.1346	0.2211	0.1194	0.0233	0.0275	0.0458	0.0611	0.1848	0.1824	
0.1452	0.1795	0.2346	0.1254	0.0983	0.0274	0.0036	0.1609	0.0249	
0.1928	0.2612	0.0721	0.0092	0.0644	0.0295	0.0631	0.1265	0.1812	
0.0740	0.2404	0.1255	0.0175	0.0638	0.0753	0.0782	0.2277	0.0977	
0.0432	0.1684	0.0322	0.1523	0.0441	0.0747	0.0845	0.2632	0.1373	
0.1088	0.1982	0.0905	0.1195	0.0358	0.1872	0.0307	0.0801	0.1492	
0.0385	0.1000	0.1925	0.0180	0.0590	0.1223	0.1122	0.2189	0.1386	
0.0813	0.1439	0.0040	0.0705	0.0314	0.0003	0.1314	0.2747	0.2624	
0.0035	0.0220	0.1707	0.1372	0.0930	0.0115	0.1615	0.2676	0.1330	
0.0941	0.1471	0.2013	0.0511	0.0144	0.1529	0.2164	0.0460	0.0766	
0.2006	0.0133	0.3039	0.0429	0.0107	0.0686	0.1713	0.0672	0.1215	
0.2163	0.1253	0.2169	0.0870	0.0515	0.1403	0.0185	0.0688	0.0755	
0.0807	0.1415	0.3295	0.1210	0.0640	0.0037	0.0922	0.0584	0.1090	
0.0589	0.2124	0.1471	0.1104	0.0616	0.0478	0.1398	0.0212	0.2009	
0.0017	0.1975	0.2597	0.0671	0.1265	0.1193	0.1468	0.0131	0.0684	
0.0189	0.0709	0.0622	0.0007	0.0958	0.4611	0.0866	0.0824	0.1213	
0.0669	0.1850	0.1514	0.0861	0.0808	0.2166	0.0293	0.1188	0.0651	
0.3045	0.0158	0.2580	0.0374	0.0738	0.0305	0.1786	0.0175	0.0839	
0.0615	0.1241	0.1647	0.0896	0.0138	0.0819	0.1250	0.0790	0.2604	
0.0754	0.0841	0.1491	0.0744	0.0634	0.1302	0.2499	0.0878	0.0856	
0.0559	0.0393	0.0602	0.2467	0.1475	0.1336	0.0123	0.3021	0.0024	
0.1376	0.0022	0.1210	0.1395	0.0270	0.0672	0.1160	0.2380	0.1516	
0.0194	0.2350	0.1652	0.0114	0.0298	0.0911	0.2013	0.1975	0.0492	
0.0123	0.1085	0.2029	0.0375	0.0473	0.0858	0.1972	0.1331	0.1755	
0.0333	0.0968	0.2794	0.0073	0.0479	0.0439	0.0896	0.3253	0.0766	
0.0865	0.0632	0.2547	0.1509	0.0907	0.0763	0.0819	0.1425	0.0534	
0.1086	0.0133	0.2268	0.1239	0.0009	0.1659	0.0345	0.2686	0.0575	
0.0197	0.1486	0.1243	0.0002	0.0017	0.4048	0.1543	0.0798	0.0667	
0.0349	0.0390	0.1929	0.0305	0.1298	0.2085	0.0779	0.1570	0.1295	
0.0113	0.0403	0.1157	0.0000	0.1554	0.5878	0.0520	0.0177	0.0198	
0.0185	0.1673	0.1417	0.1321	0.1865	0.2099	0.0353	0.0455	0.0632	
0.2093	0.1802	0.1119	0.0239	0.0371	0.0268	0.1717	0.1143	0.1249	
0.1761	0.0888	0.0924	0.0304	0.0456	0.0893	0.0746	0.2226	0.1804	
0.1348	0.2232	0.1673	0.0975	0.0745	0.0810	0.0622	0.1278	0.0319	
0.0762	0.0944	0.0770	0.1797	0.0185	0.1058	0.0727	0.1686	0.2070	
0.0218	0.0733	0.2127	0.0087	0.1007	0.2502	0.1517	0.0607	0.1201	
0.0380	0.3095	0.0014	0.2050	0.0463	0.0092	0.1607	0.1858	0.0442	
0.0447	0.0485	0.1526	0.0081	0.1144	0.4652	0.0139	0.0524	0.1000	
0.0366	0.2077	0.0581	0.2287	0.0727	0.1126	0.1122	0.0443	0.1271	
0.0043	0.0767	0.1284	0.0008	0.1865	0.1851	0.2429	0.0585	0.1167	
0.0317	0.1510	0.2533	0.0325	0.0281	0.1037	0.0938	0.2286	0.0774	
0.0821	0.1568	0.1504	0.1206	0.0439	0.0425	0.1515	0.1335	0.1187	
0.1462	0.1122	0.2757	0.0084	0.0240	0.0842	0.1419	0.1659	0.0415	
0.0855	0.1543	0.0507	0.0033	0.1535	0.1961	0.0923	0.1624	0.1019	
0.0127	0.3749	0.1638	0.0718	0.0185	0.0163	0.1361	0.0568	0.1490	
0.1547	0.0352	0.1919	0.0142	0.0281	0.0756	0.1611	0.1981	0.1411	
0.0998	0.0158	0.1214	0.0324	0.1067	0.2445	0.1519	0.1914	0.0359	
0.0263	0.0629	0.2036	0.0895	0.0797	0.1474	0.1229	0.1768	0.0910	
0.0109	0.1198	0.0676	0.1304	0.0855	0.0124	0.2410	0.2198	0.1126	
0.0828	0.1908	0.0604	0.1210	0.0122	0.0059	0.1248	0.2097	0.1925	
0.0427	0.1341	0.0907	0.0409	0.1266	0.1380	0.2156	0.0816	0.1297	
0.1674	0.1917	0.1658	0.0651	0.0352	0.0496	0.0079	0.2241	0.0932	
0.1669	0.2396	0.1691	0.0769	0.0658	0.1373	0.0555	0.0638	0.0251	
0.2287	0.1755	0.0176	0.0840	0.0311	0.1973	0.1926	0.0469	0.0264	
0.0324	0.0608	0.1557	0.1331	0.0948	0.0235	0.0271	0.3211	0.1515	
0.1731	0.0038	0.2866	0.0920	0.0574	0.0399	0.1153	0.0311	0.2009	
0.0567	0.1875	0.1814	0.0379	0.0336	0.0513	0.0506	0.2301	0.1709	
0.1361	0.0541	0.1687	0.0967	0.0571	0.0692	0.0946	0.2119	0.1116	
0.0019	0.2314	0.2838	0.0233	0.0313	0.1930	0.0875	0.1223	0.0255	
0.0221	0.1539	0.3487	0.0964	0.1699	0.0550	0.0017	0.1164	0.0359	
0.0542	0.1906	0.1819	0.1756	0.0225	0.0919	0.0438	0.0824	0.1570	
0.1549	0.2268	0.0881	0.0565	0.0789	0.0944	0.1232	0.1445	0.0327	
0.1453	0.2384	0.2105	0.0149	0.1056	0.0098	0.1156	0.0685	0.0914	
0.2902	0.0297	0.1093	0.1811	0.0936	0.0378	0.0706	0.1546	0.0330	
0.2415	0.0654	0.2025	0.0016	0.0119	0.1263	0.0122	0.1506	0.1879	
0.1366	0.1800	0.1564	0.0166	0.0138	0.1102	0.2665	0.0372	0.0827	
