DataSet 36
Learner: Baum Welch Learner
Log Likelihood: 121754.1795270810

Number of States: 90
Number of Symbols: 9
Threshold: 0.01

Initial Distribution:
0.0009	0.0091	0.0076	0.0050	0.0007	0.0008	0.0099	0.0006	0.0039	0.0144	0.0403	0.0043	0.0010	0.0010	0.0298	0.0007	0.0254	0.0014	0.0032	0.0610	0.0012	0.0010	0.0142	0.0014	0.0059	0.0039	0.0212	0.0035	0.0001	0.0016	0.0249	0.0060	0.0033	0.0004	0.0001	0.0119	0.0044	0.0006	0.0046	0.0314	0.0082	0.0016	0.0112	0.0001	0.0001	0.0978	0.0057	0.0001	0.0001	0.0004	0.0018	0.0006	0.0004	0.0046	0.0050	0.0012	0.0155	0.0001	0.0026	0.0280	0.0025	0.0031	0.0051	0.0017	0.0484	0.0001	0.0748	0.0022	0.0001	0.0097	0.0831	0.0026	0.0078	0.0745	0.0046	0.0062	0.0000	0.0010	0.0964	0.0008	0.0002	0.0005	0.0021	0.0002	0.0001	0.0030	0.0031	0.0125	0.0053	0.0004	

Transitions:
0.0128	0.0201	0.0150	0.0116	0.0106	0.0101	0.0091	0.0024	0.0031	0.0050	0.0050	0.0103	0.0092	0.0156	0.0049	0.0193	0.0028	0.0104	0.0224	0.0158	0.0125	0.0053	0.0131	0.0209	0.0205	0.0160	0.0021	0.0064	0.0028	0.0100	0.0071	0.0183	0.0124	0.0149	0.0178	0.0201	0.0186	0.0089	0.0042	0.0070	0.0079	0.0143	0.0082	0.0127	0.0050	0.0064	0.0003	0.0104	0.0184	0.0062	0.0052	0.0028	0.0143	0.0191	0.0149	0.0084	0.0064	0.0108	0.0106	0.0149	0.0083	0.0026	0.0204	0.0113	0.0146	0.0079	0.0142	0.0113	0.0213	0.0066	0.0203	0.0157	0.0043	0.0121	0.0062	0.0134	0.0135	0.0174	0.0113	0.0096	0.0180	0.0143	0.0086	0.0274	0.0034	0.0043	0.0026	0.0165	0.0027	0.0082	
0.0115	0.0048	0.0143	0.0105	0.0184	0.0055	0.0161	0.0172	0.0168	0.0135	0.0105	0.0084	0.0216	0.0106	0.0032	0.0112	0.0143	0.0030	0.0148	0.0172	0.0101	0.0078	0.0175	0.0010	0.0173	0.0143	0.0096	0.0011	0.0083	0.0152	0.0042	0.0041	0.0117	0.0134	0.0145	0.0153	0.0018	0.0181	0.0148	0.0148	0.0155	0.0158	0.0037	0.0210	0.0010	0.0069	0.0145	0.0206	0.0141	0.0204	0.0058	0.0150	0.0180	0.0053	0.0204	0.0051	0.0069	0.0127	0.0135	0.0011	0.0120	0.0209	0.0089	0.0007	0.0072	0.0073	0.0115	0.0031	0.0205	0.0101	0.0062	0.0055	0.0062	0.0140	0.0263	0.0115	0.0022	0.0010	0.0104	0.0034	0.0192	0.0184	0.0077	0.0221	0.0057	0.0047	0.0041	0.0058	0.0176	0.0101	
0.0088	0.0108	0.0191	0.0157	0.0059	0.0201	0.0127	0.0049	0.0095	0.0136	0.0143	0.0193	0.0070	0.0045	0.0050	0.0002	0.0103	0.0081	0.0096	0.0009	0.0030	0.0080	0.0143	0.0145	0.0014	0.0008	0.0096	0.0156	0.0131	0.0073	0.0033	0.0172	0.0094	0.0083	0.0028	0.0202	0.0103	0.0233	0.0094	0.0170	0.0042	0.0201	0.0132	0.0075	0.0137	0.0042	0.0081	0.0057	0.0109	0.0118	0.0190	0.0192	0.0196	0.0177	0.0099	0.0029	0.0179	0.0058	0.0108	0.0062	0.0094	0.0235	0.0126	0.0196	0.0089	0.0017	0.0047	0.0191	0.0022	0.0062	0.0097	0.0142	0.0184	0.0080	0.0216	0.0045	0.0105	0.0082	0.0003	0.0174	0.0159	0.0091	0.0049	0.0100	0.0114	0.0062	0.0197	0.0178	0.0283	0.0187	
0.0061	0.0039	0.0074	0.0033	0.0134	0.0076	0.0085	0.0223	0.0174	0.0099	0.0180	0.0098	0.0033	0.0033	0.0176	0.0022	0.0199	0.0121	0.0177	0.0020	0.0160	0.0084	0.0052	0.0176	0.0102	0.0035	0.0120	0.0043	0.0147	0.0040	0.0068	0.0134	0.0244	0.0021	0.0019	0.0088	0.0082	0.0176	0.0180	0.0100	0.0169	0.0169	0.0102	0.0125	0.0237	0.0025	0.0036	0.0021	0.0146	0.0086	0.0067	0.0044	0.0220	0.0178	0.0074	0.0209	0.0190	0.0137	0.0111	0.0064	0.0157	0.0045	0.0066	0.0158	0.0031	0.0069	0.0114	0.0007	0.0014	0.0076	0.0152	0.0067	0.0137	0.0059	0.0063	0.0219	0.0260	0.0170	0.0176	0.0121	0.0307	0.0138	0.0151	0.0008	0.0207	0.0026	0.0188	0.0014	0.0183	0.0082	
0.0078	0.0189	0.0039	0.0135	0.0229	0.0165	0.0098	0.0208	0.0068	0.0137	0.0161	0.0029	0.0005	0.0036	0.0179	0.0014	0.0166	0.0120	0.0109	0.0123	0.0203	0.0049	0.0144	0.0008	0.0069	0.0043	0.0137	0.0060	0.0208	0.0015	0.0147	0.0110	0.0058	0.0193	0.0217	0.0183	0.0020	0.0012	0.0118	0.0192	0.0109	0.0264	0.0096	0.0103	0.0250	0.0240	0.0129	0.0114	0.0070	0.0124	0.0105	0.0068	0.0106	0.0062	0.0069	0.0046	0.0059	0.0037	0.0051	0.0144	0.0019	0.0035	0.0019	0.0068	0.0226	0.0017	0.0206	0.0054	0.0057	0.0200	0.0251	0.0150	0.0001	0.0262	0.0000	0.0207	0.0247	0.0031	0.0031	0.0129	0.0149	0.0008	0.0212	0.0009	0.0175	0.0073	0.0006	0.0191	0.0078	0.0170	
0.0113	0.0212	0.0190	0.0188	0.0176	0.0084	0.0183	0.0020	0.0095	0.0220	0.0000	0.0051	0.0044	0.0110	0.0192	0.0231	0.0060	0.0127	0.0050	0.0093	0.0088	0.0028	0.0008	0.0154	0.0190	0.0010	0.0046	0.0011	0.0198	0.0141	0.0013	0.0188	0.0186	0.0150	0.0059	0.0010	0.0180	0.0029	0.0086	0.0195	0.0020	0.0208	0.0151	0.0070	0.0141	0.0111	0.0197	0.0112	0.0059	0.0100	0.0019	0.0144	0.0165	0.0014	0.0054	0.0092	0.0195	0.0029	0.0208	0.0115	0.0025	0.0186	0.0084	0.0240	0.0177	0.0025	0.0112	0.0141	0.0051	0.0190	0.0046	0.0032	0.0031	0.0151	0.0056	0.0138	0.0163	0.0183	0.0066	0.0146	0.0059	0.0137	0.0180	0.0003	0.0152	0.0130	0.0034	0.0145	0.0056	0.0248	
0.0034	0.0115	0.0048	0.0176	0.0129	0.0055	0.0075	0.0164	0.0115	0.0061	0.0165	0.0028	0.0083	0.0107	0.0086	0.0221	0.0061	0.0023	0.0183	0.0121	0.0210	0.0033	0.0155	0.0072	0.0057	0.0080	0.0006	0.0081	0.0109	0.0061	0.0160	0.0171	0.0080	0.0105	0.0131	0.0119	0.0192	0.0079	0.0004	0.0004	0.0050	0.0190	0.0044	0.0224	0.0130	0.0019	0.0078	0.0071	0.0125	0.0140	0.0039	0.0013	0.0213	0.0137	0.0205	0.0247	0.0158	0.0226	0.0115	0.0034	0.0048	0.0001	0.0050	0.0044	0.0063	0.0057	0.0128	0.0197	0.0230	0.0180	0.0017	0.0009	0.0014	0.0138	0.0100	0.0015	0.0222	0.0200	0.0101	0.0031	0.0255	0.0219	0.0205	0.0237	0.0017	0.0173	0.0195	0.0153	0.0141	0.0142	
0.0199	0.0243	0.0199	0.0197	0.0192	0.0051	0.0157	0.0008	0.0126	0.0071	0.0065	0.0120	0.0081	0.0129	0.0108	0.0024	0.0224	0.0046	0.0067	0.0173	0.0026	0.0183	0.0038	0.0099	0.0028	0.0110	0.0032	0.0062	0.0042	0.0106	0.0104	0.0031	0.0059	0.0051	0.0035	0.0027	0.0058	0.0054	0.0176	0.0029	0.0089	0.0180	0.0088	0.0084	0.0237	0.0089	0.0095	0.0066	0.0139	0.0212	0.0176	0.0100	0.0091	0.0170	0.0102	0.0246	0.0164	0.0081	0.0135	0.0064	0.0026	0.0076	0.0184	0.0255	0.0172	0.0038	0.0065	0.0017	0.0100	0.0053	0.0200	0.0165	0.0064	0.0031	0.0075	0.0055	0.0098	0.0163	0.0127	0.0201	0.0030	0.0214	0.0160	0.0048	0.0157	0.0237	0.0183	0.0113	0.0212	0.0036	
0.0081	0.0236	0.0164	0.0123	0.0005	0.0016	0.0215	0.0121	0.0173	0.0104	0.0018	0.0073	0.0295	0.0058	0.0025	0.0026	0.0057	0.0047	0.0110	0.0058	0.0124	0.0025	0.0206	0.0216	0.0041	0.0049	0.0104	0.0147	0.0088	0.0191	0.0061	0.0194	0.0068	0.0051	0.0000	0.0224	0.0044	0.0182	0.0027	0.0043	0.0049	0.0141	0.0022	0.0197	0.0146	0.0131	0.0194	0.0106	0.0016	0.0162	0.0115	0.0077	0.0014	0.0110	0.0139	0.0045	0.0025	0.0117	0.0064	0.0174	0.0109	0.0072	0.0015	0.0141	0.0043	0.0056	0.0005	0.0125	0.0063	0.0038	0.0189	0.0143	0.0008	0.0027	0.0280	0.0129	0.0190	0.0168	0.0030	0.0074	0.0087	0.0327	0.0122	0.0309	0.0040	0.0165	0.0219	0.0225	0.0265	0.0199	
0.0132	0.0103	0.0031	0.0087	0.0167	0.0232	0.0165	0.0099	0.0117	0.0086	0.0143	0.0067	0.0062	0.0182	0.0091	0.0166	0.0104	0.0210	0.0086	0.0147	0.0042	0.0051	0.0068	0.0187	0.0084	0.0100	0.0096	0.0041	0.0101	0.0133	0.0078	0.0069	0.0173	0.0106	0.0099	0.0053	0.0119	0.0124	0.0085	0.0002	0.0161	0.0144	0.0041	0.0181	0.0183	0.0127	0.0115	0.0190	0.0051	0.0047	0.0031	0.0224	0.0037	0.0168	0.0130	0.0092	0.0016	0.0057	0.0182	0.0030	0.0056	0.0142	0.0186	0.0014	0.0143	0.0100	0.0067	0.0173	0.0107	0.0046	0.0050	0.0226	0.0077	0.0093	0.0011	0.0136	0.0273	0.0158	0.0032	0.0130	0.0202	0.0176	0.0192	0.0025	0.0110	0.0106	0.0021	0.0152	0.0124	0.0175	
0.0046	0.0071	0.0104	0.0077	0.0145	0.0034	0.0120	0.0045	0.0220	0.0046	0.0077	0.0169	0.0081	0.0268	0.0104	0.0034	0.0066	0.0197	0.0142	0.0162	0.0123	0.0123	0.0104	0.0099	0.0088	0.0078	0.0078	0.0191	0.0120	0.0093	0.0044	0.0214	0.0035	0.0243	0.0315	0.0008	0.0070	0.0045	0.0196	0.0136	0.0033	0.0276	0.0097	0.0028	0.0026	0.0011	0.0079	0.0305	0.0037	0.0031	0.0067	0.0167	0.0020	0.0184	0.0078	0.0124	0.0096	0.0074	0.0181	0.0046	0.0063	0.0193	0.0116	0.0105	0.0120	0.0244	0.0046	0.0133	0.0011	0.0171	0.0081	0.0045	0.0117	0.0153	0.0139	0.0173	0.0183	0.0238	0.0017	0.0058	0.0207	0.0171	0.0143	0.0115	0.0012	0.0118	0.0118	0.0055	0.0064	0.0015	
0.0166	0.0279	0.0072	0.0124	0.0124	0.0098	0.0060	0.0051	0.0068	0.0055	0.0122	0.0220	0.0264	0.0085	0.0047	0.0020	0.0144	0.0062	0.0004	0.0110	0.0051	0.0137	0.0215	0.0179	0.0083	0.0133	0.0000	0.0010	0.0129	0.0240	0.0062	0.0070	0.0092	0.0227	0.0055	0.0229	0.0221	0.0045	0.0088	0.0069	0.0117	0.0079	0.0103	0.0020	0.0157	0.0003	0.0161	0.0081	0.0060	0.0226	0.0041	0.0055	0.0068	0.0206	0.0229	0.0015	0.0027	0.0101	0.0049	0.0200	0.0086	0.0058	0.0162	0.0064	0.0178	0.0050	0.0104	0.0194	0.0023	0.0062	0.0039	0.0136	0.0171	0.0137	0.0235	0.0171	0.0011	0.0184	0.0019	0.0066	0.0212	0.0162	0.0161	0.0194	0.0159	0.0007	0.0264	0.0116	0.0023	0.0042	
0.0235	0.0139	0.0267	0.0095	0.0170	0.0051	0.0169	0.0060	0.0028	0.0069	0.0101	0.0181	0.0068	0.0280	0.0175	0.0143	0.0087	0.0166	0.0216	0.0004	0.0002	0.0063	0.0101	0.0214	0.0162	0.0140	0.0077	0.0016	0.0109	0.0184	0.0046	0.0017	0.0204	0.0140	0.0108	0.0155	0.0118	0.0069	0.0129	0.0099	0.0017	0.0114	0.0109	0.0135	0.0208	0.0022	0.0060	0.0142	0.0182	0.0012	0.0091	0.0058	0.0097	0.0015	0.0033	0.0126	0.0008	0.0145	0.0091	0.0014	0.0144	0.0155	0.0143	0.0035	0.0031	0.0077	0.0173	0.0060	0.0135	0.0007	0.0016	0.0032	0.0228	0.0059	0.0183	0.0037	0.0099	0.0145	0.0015	0.0147	0.0132	0.0127	0.0043	0.0160	0.0067	0.0217	0.0155	0.0205	0.0240	0.0196	
0.0128	0.0137	0.0142	0.0117	0.0166	0.0089	0.0019	0.0111	0.0101	0.0080	0.0058	0.0201	0.0062	0.0173	0.0177	0.0116	0.0088	0.0013	0.0026	0.0236	0.0145	0.0067	0.0202	0.0167	0.0108	0.0052	0.0067	0.0040	0.0177	0.0057	0.0150	0.0009	0.0134	0.0165	0.0060	0.0091	0.0121	0.0050	0.0156	0.0100	0.0019	0.0009	0.0030	0.0157	0.0101	0.0115	0.0063	0.0090	0.0105	0.0170	0.0077	0.0097	0.0130	0.0147	0.0215	0.0065	0.0162	0.0130	0.0026	0.0095	0.0011	0.0207	0.0161	0.0045	0.0101	0.0033	0.0064	0.0099	0.0107	0.0135	0.0200	0.0063	0.0053	0.0150	0.0200	0.0145	0.0041	0.0039	0.0058	0.0142	0.0169	0.0192	0.0129	0.0264	0.0141	0.0033	0.0072	0.0176	0.0156	0.0253	
0.0117	0.0121	0.0006	0.0084	0.0075	0.0040	0.0061	0.0228	0.0280	0.0064	0.0036	0.0157	0.0031	0.0163	0.0115	0.0028	0.0032	0.0012	0.0007	0.0008	0.0039	0.0166	0.0050	0.0047	0.0105	0.0049	0.0034	0.0175	0.0085	0.0121	0.0103	0.0175	0.0145	0.0147	0.0250	0.0020	0.0047	0.0020	0.0042	0.0087	0.0120	0.0086	0.0032	0.0001	0.0163	0.0020	0.0119	0.0281	0.0218	0.0219	0.0308	0.0064	0.0153	0.0154	0.0213	0.0011	0.0082	0.0259	0.0187	0.0035	0.0214	0.0109	0.0091	0.0085	0.0071	0.0211	0.0090	0.0157	0.0248	0.0122	0.0088	0.0021	0.0149	0.0063	0.0105	0.0191	0.0083	0.0085	0.0039	0.0063	0.0148	0.0147	0.0225	0.0175	0.0121	0.0084	0.0215	0.0017	0.0157	0.0126	
0.0115	0.0105	0.0055	0.0004	0.0169	0.0027	0.0198	0.0148	0.0118	0.0007	0.0072	0.0030	0.0151	0.0041	0.0141	0.0188	0.0117	0.0085	0.0044	0.0278	0.0125	0.0008	0.0079	0.0133	0.0176	0.0105	0.0147	0.0130	0.0191	0.0211	0.0186	0.0211	0.0191	0.0009	0.0022	0.0126	0.0229	0.0189	0.0173	0.0101	0.0002	0.0134	0.0202	0.0120	0.0003	0.0100	0.0154	0.0138	0.0045	0.0125	0.0027	0.0155	0.0170	0.0174	0.0049	0.0115	0.0023	0.0121	0.0064	0.0047	0.0096	0.0070	0.0178	0.0133	0.0060	0.0070	0.0048	0.0136	0.0017	0.0011	0.0243	0.0170	0.0116	0.0258	0.0178	0.0020	0.0041	0.0173	0.0136	0.0069	0.0149	0.0177	0.0069	0.0056	0.0197	0.0040	0.0007	0.0027	0.0162	0.0093	
0.0096	0.0053	0.0083	0.0158	0.0194	0.0191	0.0180	0.0060	0.0066	0.0149	0.0031	0.0204	0.0191	0.0041	0.0114	0.0100	0.0169	0.0259	0.0202	0.0018	0.0122	0.0092	0.0003	0.0002	0.0095	0.0124	0.0141	0.0135	0.0183	0.0019	0.0045	0.0028	0.0218	0.0243	0.0159	0.0107	0.0030	0.0017	0.0003	0.0029	0.0070	0.0309	0.0087	0.0251	0.0041	0.0116	0.0050	0.0064	0.0096	0.0066	0.0073	0.0017	0.0056	0.0171	0.0259	0.0036	0.0058	0.0162	0.0045	0.0058	0.0173	0.0064	0.0090	0.0035	0.0063	0.0023	0.0109	0.0232	0.0184	0.0033	0.0047	0.0202	0.0169	0.0138	0.0183	0.0132	0.0227	0.0025	0.0074	0.0116	0.0083	0.0210	0.0045	0.0145	0.0224	0.0040	0.0215	0.0042	0.0169	0.0070	
0.0085	0.0159	0.0229	0.0142	0.0087	0.0011	0.0117	0.0084	0.0123	0.0015	0.0257	0.0074	0.0132	0.0061	0.0181	0.0091	0.0022	0.0148	0.0184	0.0082	0.0076	0.0033	0.0166	0.0172	0.0201	0.0020	0.0015	0.0175	0.0087	0.0032	0.0052	0.0170	0.0040	0.0058	0.0181	0.0179	0.0001	0.0059	0.0082	0.0168	0.0205	0.0084	0.0109	0.0194	0.0100	0.0211	0.0037	0.0185	0.0176	0.0092	0.0026	0.0059	0.0060	0.0095	0.0238	0.0050	0.0214	0.0017	0.0138	0.0057	0.0190	0.0191	0.0000	0.0092	0.0152	0.0048	0.0036	0.0059	0.0120	0.0014	0.0084	0.0236	0.0036	0.0041	0.0077	0.0184	0.0144	0.0184	0.0075	0.0001	0.0208	0.0031	0.0006	0.0265	0.0224	0.0215	0.0108	0.0169	0.0060	0.0152	
0.0230	0.0279	0.0141	0.0028	0.0160	0.0040	0.0111	0.0038	0.0321	0.0029	0.0168	0.0220	0.0143	0.0187	0.0029	0.0055	0.0022	0.0025	0.0037	0.0004	0.0144	0.0034	0.0196	0.0206	0.0059	0.0174	0.0162	0.0026	0.0100	0.0197	0.0140	0.0115	0.0011	0.0168	0.0074	0.0100	0.0087	0.0020	0.0077	0.0020	0.0114	0.0084	0.0153	0.0049	0.0051	0.0014	0.0151	0.0073	0.0210	0.0222	0.0171	0.0060	0.0143	0.0059	0.0239	0.0178	0.0049	0.0134	0.0139	0.0222	0.0101	0.0083	0.0166	0.0015	0.0070	0.0082	0.0149	0.0118	0.0121	0.0131	0.0197	0.0007	0.0184	0.0004	0.0119	0.0029	0.0048	0.0102	0.0093	0.0050	0.0057	0.0127	0.0070	0.0246	0.0008	0.0095	0.0254	0.0233	0.0014	0.0132	
0.0045	0.0144	0.0036	0.0146	0.0117	0.0059	0.0173	0.0224	0.0256	0.0170	0.0038	0.0026	0.0297	0.0016	0.0088	0.0124	0.0100	0.0154	0.0171	0.0105	0.0112	0.0234	0.0016	0.0135	0.0220	0.0012	0.0100	0.0002	0.0004	0.0311	0.0047	0.0005	0.0119	0.0316	0.0163	0.0021	0.0207	0.0048	0.0082	0.0027	0.0083	0.0140	0.0067	0.0182	0.0284	0.0005	0.0067	0.0116	0.0187	0.0056	0.0225	0.0121	0.0006	0.0066	0.0049	0.0085	0.0123	0.0232	0.0143	0.0102	0.0049	0.0210	0.0185	0.0164	0.0060	0.0089	0.0045	0.0013	0.0177	0.0117	0.0002	0.0102	0.0027	0.0075	0.0079	0.0012	0.0043	0.0138	0.0026	0.0237	0.0170	0.0183	0.0043	0.0183	0.0078	0.0008	0.0277	0.0040	0.0152	0.0007	
0.0146	0.0021	0.0117	0.0189	0.0234	0.0132	0.0122	0.0203	0.0060	0.0159	0.0095	0.0093	0.0193	0.0030	0.0045	0.0050	0.0045	0.0108	0.0211	0.0024	0.0066	0.0018	0.0011	0.0004	0.0002	0.0154	0.0148	0.0005	0.0169	0.0081	0.0058	0.0091	0.0077	0.0112	0.0010	0.0228	0.0214	0.0092	0.0128	0.0190	0.0097	0.0094	0.0042	0.0197	0.0059	0.0026	0.0231	0.0005	0.0152	0.0015	0.0199	0.0083	0.0086	0.0117	0.0167	0.0139	0.0015	0.0122	0.0183	0.0068	0.0272	0.0125	0.0032	0.0201	0.0088	0.0010	0.0021	0.0057	0.0025	0.0055	0.0061	0.0176	0.0193	0.0014	0.0163	0.0196	0.0247	0.0027	0.0180	0.0200	0.0203	0.0170	0.0111	0.0132	0.0112	0.0181	0.0011	0.0189	0.0188	0.0128	
0.0206	0.0095	0.0131	0.0045	0.0184	0.0166	0.0049	0.0070	0.0082	0.0033	0.0003	0.0125	0.0194	0.0066	0.0166	0.0208	0.0106	0.0060	0.0172	0.0172	0.0131	0.0147	0.0157	0.0174	0.0076	0.0071	0.0023	0.0109	0.0099	0.0127	0.0183	0.0059	0.0100	0.0091	0.0075	0.0166	0.0059	0.0136	0.0038	0.0120	0.0099	0.0097	0.0112	0.0109	0.0186	0.0185	0.0129	0.0014	0.0169	0.0094	0.0026	0.0098	0.0168	0.0138	0.0146	0.0201	0.0129	0.0119	0.0112	0.0074	0.0151	0.0126	0.0170	0.0157	0.0032	0.0108	0.0054	0.0060	0.0186	0.0175	0.0143	0.0199	0.0012	0.0045	0.0060	0.0011	0.0058	0.0028	0.0003	0.0106	0.0178	0.0009	0.0157	0.0197	0.0091	0.0052	0.0115	0.0131	0.0176	0.0132	
0.0007	0.0172	0.0173	0.0239	0.0172	0.0196	0.0178	0.0228	0.0112	0.0041	0.0136	0.0088	0.0043	0.0190	0.0137	0.0029	0.0134	0.0136	0.0123	0.0150	0.0141	0.0185	0.0110	0.0023	0.0169	0.0147	0.0131	0.0018	0.0046	0.0243	0.0017	0.0193	0.0105	0.0107	0.0315	0.0146	0.0015	0.0056	0.0072	0.0056	0.0088	0.0084	0.0115	0.0178	0.0240	0.0045	0.0154	0.0027	0.0223	0.0072	0.0130	0.0010	0.0005	0.0001	0.0225	0.0079	0.0007	0.0187	0.0022	0.0030	0.0021	0.0159	0.0138	0.0072	0.0012	0.0012	0.0084	0.0140	0.0217	0.0149	0.0016	0.0091	0.0028	0.0036	0.0072	0.0063	0.0178	0.0208	0.0018	0.0086	0.0226	0.0185	0.0026	0.0257	0.0114	0.0014	0.0154	0.0104	0.0140	0.0077	
0.0227	0.0057	0.0034	0.0045	0.0055	0.0155	0.0152	0.0103	0.0174	0.0151	0.0105	0.0019	0.0073	0.0012	0.0041	0.0021	0.0182	0.0195	0.0126	0.0110	0.0140	0.0044	0.0142	0.0183	0.0044	0.0080	0.0086	0.0145	0.0242	0.0214	0.0072	0.0068	0.0047	0.0054	0.0216	0.0196	0.0064	0.0220	0.0193	0.0113	0.0130	0.0070	0.0016	0.0085	0.0180	0.0149	0.0085	0.0019	0.0189	0.0072	0.0035	0.0142	0.0211	0.0014	0.0186	0.0175	0.0126	0.0064	0.0180	0.0170	0.0066	0.0220	0.0098	0.0159	0.0080	0.0042	0.0168	0.0004	0.0028	0.0059	0.0169	0.0221	0.0175	0.0180	0.0194	0.0055	0.0028	0.0050	0.0008	0.0087	0.0002	0.0088	0.0181	0.0175	0.0165	0.0118	0.0096	0.0032	0.0108	0.0047	
0.0057	0.0246	0.0239	0.0027	0.0068	0.0142	0.0165	0.0072	0.0207	0.0106	0.0242	0.0089	0.0269	0.0120	0.0097	0.0054	0.0002	0.0267	0.0039	0.0148	0.0103	0.0076	0.0067	0.0109	0.0179	0.0164	0.0002	0.0188	0.0211	0.0220	0.0161	0.0181	0.0148	0.0235	0.0008	0.0182	0.0015	0.0192	0.0162	0.0040	0.0066	0.0140	0.0054	0.0123	0.0114	0.0118	0.0070	0.0094	0.0013	0.0120	0.0092	0.0085	0.0182	0.0158	0.0148	0.0171	0.0158	0.0073	0.0055	0.0076	0.0114	0.0017	0.0083	0.0001	0.0112	0.0029	0.0152	0.0009	0.0113	0.0190	0.0031	0.0091	0.0041	0.0001	0.0061	0.0140	0.0015	0.0156	0.0004	0.0031	0.0125	0.0119	0.0155	0.0125	0.0074	0.0076	0.0197	0.0196	0.0088	0.0045	
0.0019	0.0160	0.0076	0.0103	0.0138	0.0068	0.0111	0.0089	0.0187	0.0085	0.0181	0.0070	0.0023	0.0070	0.0104	0.0038	0.0046	0.0226	0.0129	0.0164	0.0200	0.0237	0.0084	0.0040	0.0130	0.0037	0.0063	0.0211	0.0166	0.0091	0.0065	0.0003	0.0149	0.0055	0.0183	0.0096	0.0000	0.0206	0.0093	0.0210	0.0093	0.0195	0.0008	0.0147	0.0102	0.0061	0.0096	0.0121	0.0246	0.0041	0.0037	0.0205	0.0046	0.0149	0.0079	0.0036	0.0065	0.0043	0.0155	0.0083	0.0001	0.0113	0.0151	0.0086	0.0007	0.0204	0.0117	0.0202	0.0160	0.0189	0.0041	0.0073	0.0113	0.0136	0.0066	0.0010	0.0257	0.0170	0.0150	0.0110	0.0223	0.0208	0.0009	0.0108	0.0063	0.0093	0.0189	0.0004	0.0217	0.0117	
0.0031	0.0187	0.0031	0.0020	0.0201	0.0230	0.0019	0.0187	0.0173	0.0114	0.0112	0.0123	0.0208	0.0228	0.0150	0.0126	0.0083	0.0143	0.0066	0.0057	0.0067	0.0184	0.0050	0.0078	0.0147	0.0043	0.0061	0.0055	0.0029	0.0173	0.0131	0.0195	0.0218	0.0038	0.0256	0.0051	0.0033	0.0085	0.0138	0.0058	0.0245	0.0066	0.0010	0.0068	0.0204	0.0023	0.0164	0.0023	0.0108	0.0074	0.0262	0.0078	0.0153	0.0132	0.0061	0.0100	0.0105	0.0245	0.0088	0.0140	0.0094	0.0214	0.0116	0.0002	0.0088	0.0012	0.0054	0.0156	0.0043	0.0100	0.0076	0.0006	0.0164	0.0162	0.0060	0.0015	0.0161	0.0019	0.0042	0.0143	0.0071	0.0093	0.0172	0.0180	0.0184	0.0106	0.0230	0.0073	0.0201	0.0037	
0.0184	0.0063	0.0225	0.0202	0.0200	0.0036	0.0140	0.0015	0.0178	0.0142	0.0145	0.0053	0.0205	0.0197	0.0133	0.0203	0.0092	0.0187	0.0047	0.0039	0.0007	0.0087	0.0064	0.0216	0.0098	0.0035	0.0190	0.0167	0.0084	0.0187	0.0021	0.0047	0.0177	0.0207	0.0182	0.0088	0.0009	0.0209	0.0015	0.0036	0.0081	0.0101	0.0057	0.0206	0.0206	0.0001	0.0086	0.0004	0.0017	0.0134	0.0051	0.0042	0.0030	0.0152	0.0050	0.0101	0.0203	0.0215	0.0087	0.0149	0.0036	0.0206	0.0147	0.0207	0.0105	0.0089	0.0080	0.0003	0.0020	0.0048	0.0185	0.0136	0.0135	0.0013	0.0160	0.0108	0.0021	0.0082	0.0034	0.0107	0.0182	0.0215	0.0142	0.0182	0.0135	0.0193	0.0015	0.0019	0.0154	0.0054	
0.0089	0.0011	0.0089	0.0101	0.0268	0.0133	0.0206	0.0094	0.0069	0.0103	0.0137	0.0080	0.0143	0.0178	0.0229	0.0133	0.0146	0.0016	0.0179	0.0161	0.0105	0.0140	0.0201	0.0000	0.0161	0.0062	0.0042	0.0207	0.0102	0.0136	0.0091	0.0071	0.0063	0.0165	0.0184	0.0178	0.0032	0.0056	0.0014	0.0073	0.0188	0.0195	0.0008	0.0167	0.0262	0.0105	0.0005	0.0198	0.0218	0.0143	0.0087	0.0259	0.0038	0.0011	0.0144	0.0177	0.0054	0.0101	0.0112	0.0152	0.0095	0.0168	0.0000	0.0181	0.0003	0.0049	0.0021	0.0020	0.0020	0.0184	0.0149	0.0053	0.0001	0.0171	0.0144	0.0166	0.0174	0.0227	0.0029	0.0180	0.0054	0.0056	0.0017	0.0095	0.0082	0.0086	0.0037	0.0051	0.0007	0.0207	
0.0138	0.0174	0.0211	0.0060	0.0243	0.0244	0.0144	0.0085	0.0167	0.0157	0.0071	0.0198	0.0176	0.0002	0.0072	0.0045	0.0223	0.0119	0.0035	0.0030	0.0060	0.0061	0.0080	0.0185	0.0111	0.0019	0.0154	0.0114	0.0115	0.0156	0.0005	0.0184	0.0012	0.0051	0.0068	0.0192	0.0095	0.0177	0.0191	0.0213	0.0204	0.0053	0.0027	0.0103	0.0079	0.0067	0.0119	0.0016	0.0044	0.0018	0.0074	0.0165	0.0021	0.0186	0.0139	0.0065	0.0093	0.0234	0.0157	0.0180	0.0063	0.0051	0.0213	0.0042	0.0133	0.0089	0.0221	0.0121	0.0176	0.0127	0.0199	0.0082	0.0132	0.0072	0.0034	0.0011	0.0051	0.0206	0.0131	0.0061	0.0137	0.0143	0.0071	0.0085	0.0068	0.0070	0.0163	0.0031	0.0129	0.0003	
0.0060	0.0074	0.0124	0.0006	0.0109	0.0180	0.0062	0.0211	0.0187	0.0183	0.0068	0.0198	0.0092	0.0142	0.0036	0.0011	0.0014	0.0189	0.0153	0.0091	0.0022	0.0144	0.0051	0.0099	0.0058	0.0125	0.0123	0.0126	0.0146	0.0100	0.0093	0.0229	0.0175	0.0238	0.0030	0.0047	0.0086	0.0127	0.0151	0.0059	0.0163	0.0075	0.0024	0.0162	0.0231	0.0062	0.0040	0.0205	0.0001	0.0045	0.0058	0.0292	0.0069	0.0010	0.0247	0.0141	0.0209	0.0135	0.0162	0.0174	0.0151	0.0171	0.0011	0.0063	0.0018	0.0189	0.0001	0.0141	0.0151	0.0164	0.0065	0.0091	0.0010	0.0068	0.0145	0.0172	0.0085	0.0171	0.0038	0.0177	0.0093	0.0068	0.0136	0.0140	0.0048	0.0107	0.0084	0.0146	0.0139	0.0031	
0.0108	0.0232	0.0217	0.0150	0.0141	0.0011	0.0038	0.0220	0.0142	0.0053	0.0130	0.0125	0.0013	0.0018	0.0098	0.0200	0.0173	0.0277	0.0050	0.0007	0.0131	0.0062	0.0199	0.0044	0.0109	0.0109	0.0018	0.0083	0.0048	0.0084	0.0048	0.0026	0.0247	0.0085	0.0144	0.0182	0.0152	0.0075	0.0188	0.0146	0.0140	0.0121	0.0016	0.0085	0.0004	0.0153	0.0049	0.0129	0.0056	0.0088	0.0183	0.0092	0.0164	0.0164	0.0171	0.0019	0.0003	0.0162	0.0046	0.0208	0.0189	0.0202	0.0149	0.0069	0.0006	0.0101	0.0144	0.0148	0.0138	0.0154	0.0025	0.0169	0.0030	0.0085	0.0086	0.0004	0.0056	0.0142	0.0031	0.0170	0.0093	0.0140	0.0032	0.0217	0.0103	0.0208	0.0116	0.0034	0.0168	0.0152	
0.0173	0.0211	0.0009	0.0173	0.0189	0.0192	0.0173	0.0174	0.0063	0.0110	0.0028	0.0121	0.0009	0.0131	0.0059	0.0078	0.0055	0.0048	0.0087	0.0151	0.0172	0.0095	0.0097	0.0102	0.0158	0.0076	0.0134	0.0205	0.0186	0.0052	0.0009	0.0132	0.0003	0.0003	0.0182	0.0028	0.0131	0.0068	0.0156	0.0105	0.0026	0.0089	0.0057	0.0163	0.0137	0.0162	0.0106	0.0136	0.0090	0.0023	0.0119	0.0055	0.0153	0.0004	0.0157	0.0080	0.0123	0.0126	0.0043	0.0102	0.0035	0.0231	0.0218	0.0013	0.0092	0.0120	0.0113	0.0004	0.0183	0.0046	0.0158	0.0000	0.0099	0.0208	0.0130	0.0095	0.0038	0.0169	0.0163	0.0174	0.0183	0.0027	0.0111	0.0191	0.0144	0.0167	0.0187	0.0225	0.0084	0.0113	
0.0137	0.0004	0.0020	0.0039	0.0098	0.0033	0.0087	0.0058	0.0033	0.0012	0.0075	0.0106	0.0174	0.0061	0.0089	0.0156	0.0178	0.0233	0.0089	0.0043	0.0041	0.0136	0.0207	0.0071	0.0105	0.0012	0.0128	0.0043	0.0113	0.0158	0.0212	0.0116	0.0157	0.0060	0.0141	0.0188	0.0238	0.0089	0.0133	0.0118	0.0005	0.0203	0.0147	0.0204	0.0189	0.0102	0.0073	0.0048	0.0102	0.0022	0.0018	0.0220	0.0123	0.0047	0.0058	0.0176	0.0080	0.0164	0.0119	0.0065	0.0137	0.0063	0.0194	0.0139	0.0060	0.0125	0.0263	0.0119	0.0156	0.0164	0.0197	0.0120	0.0058	0.0022	0.0029	0.0052	0.0038	0.0183	0.0198	0.0057	0.0195	0.0054	0.0166	0.0069	0.0153	0.0228	0.0008	0.0094	0.0003	0.0296	
0.0092	0.0041	0.0205	0.0059	0.0215	0.0168	0.0022	0.0037	0.0113	0.0200	0.0111	0.0152	0.0169	0.0189	0.0139	0.0189	0.0156	0.0103	0.0024	0.0001	0.0139	0.0109	0.0019	0.0086	0.0075	0.0077	0.0129	0.0131	0.0290	0.0108	0.0154	0.0104	0.0132	0.0155	0.0039	0.0115	0.0152	0.0285	0.0065	0.0087	0.0029	0.0001	0.0059	0.0164	0.0184	0.0015	0.0163	0.0160	0.0186	0.0204	0.0015	0.0083	0.0070	0.0002	0.0023	0.0197	0.0027	0.0067	0.0158	0.0103	0.0066	0.0121	0.0052	0.0009	0.0050	0.0178	0.0044	0.0203	0.0165	0.0027	0.0018	0.0174	0.0024	0.0185	0.0235	0.0138	0.0079	0.0060	0.0146	0.0081	0.0193	0.0181	0.0203	0.0015	0.0083	0.0011	0.0048	0.0152	0.0188	0.0124	
0.0059	0.0089	0.0031	0.0229	0.0018	0.0131	0.0191	0.0052	0.0144	0.0166	0.0174	0.0200	0.0061	0.0153	0.0127	0.0058	0.0096	0.0139	0.0039	0.0083	0.0115	0.0231	0.0141	0.0090	0.0192	0.0124	0.0106	0.0039	0.0104	0.0061	0.0115	0.0180	0.0022	0.0074	0.0261	0.0120	0.0134	0.0058	0.0134	0.0034	0.0205	0.0017	0.0136	0.0165	0.0144	0.0129	0.0070	0.0081	0.0057	0.0022	0.0134	0.0180	0.0078	0.0075	0.0243	0.0098	0.0128	0.0177	0.0030	0.0100	0.0002	0.0158	0.0135	0.0040	0.0014	0.0066	0.0090	0.0180	0.0203	0.0012	0.0109	0.0051	0.0191	0.0169	0.0104	0.0092	0.0184	0.0006	0.0085	0.0200	0.0062	0.0085	0.0179	0.0143	0.0170	0.0014	0.0069	0.0171	0.0114	0.0057	
0.0032	0.0204	0.0021	0.0037	0.0052	0.0072	0.0092	0.0156	0.0143	0.0068	0.0055	0.0094	0.0116	0.0051	0.0063	0.0074	0.0168	0.0114	0.0142	0.0083	0.0115	0.0115	0.0210	0.0079	0.0048	0.0128	0.0122	0.0016	0.0115	0.0246	0.0198	0.0204	0.0123	0.0103	0.0233	0.0186	0.0038	0.0159	0.0170	0.0045	0.0210	0.0054	0.0069	0.0130	0.0155	0.0157	0.0161	0.0166	0.0046	0.0068	0.0054	0.0227	0.0010	0.0011	0.0191	0.0121	0.0182	0.0167	0.0184	0.0114	0.0114	0.0092	0.0043	0.0154	0.0068	0.0067	0.0182	0.0026	0.0072	0.0092	0.0029	0.0035	0.0130	0.0112	0.0080	0.0065	0.0046	0.0112	0.0139	0.0094	0.0198	0.0193	0.0173	0.0023	0.0189	0.0022	0.0184	0.0094	0.0119	0.0085	
0.0024	0.0159	0.0205	0.0046	0.0127	0.0116	0.0009	0.0173	0.0041	0.0043	0.0210	0.0163	0.0090	0.0247	0.0064	0.0031	0.0043	0.0135	0.0142	0.0110	0.0087	0.0094	0.0252	0.0142	0.0133	0.0135	0.0113	0.0022	0.0199	0.0056	0.0098	0.0101	0.0120	0.0176	0.0083	0.0138	0.0087	0.0109	0.0182	0.0159	0.0064	0.0088	0.0059	0.0128	0.0155	0.0043	0.0112	0.0008	0.0203	0.0110	0.0158	0.0077	0.0186	0.0032	0.0210	0.0154	0.0119	0.0024	0.0090	0.0200	0.0015	0.0237	0.0159	0.0216	0.0150	0.0085	0.0022	0.0077	0.0140	0.0118	0.0184	0.0179	0.0139	0.0161	0.0032	0.0166	0.0013	0.0063	0.0005	0.0105	0.0049	0.0104	0.0043	0.0126	0.0088	0.0035	0.0154	0.0097	0.0024	0.0126	
0.0024	0.0073	0.0208	0.0017	0.0173	0.0091	0.0165	0.0105	0.0208	0.0031	0.0027	0.0003	0.0106	0.0067	0.0165	0.0046	0.0189	0.0253	0.0182	0.0237	0.0132	0.0070	0.0026	0.0024	0.0164	0.0122	0.0126	0.0078	0.0116	0.0143	0.0155	0.0174	0.0091	0.0002	0.0121	0.0092	0.0210	0.0106	0.0043	0.0184	0.0035	0.0149	0.0072	0.0223	0.0095	0.0038	0.0209	0.0008	0.0124	0.0026	0.0067	0.0208	0.0100	0.0025	0.0226	0.0153	0.0036	0.0182	0.0073	0.0021	0.0137	0.0105	0.0211	0.0076	0.0081	0.0089	0.0122	0.0091	0.0209	0.0087	0.0082	0.0108	0.0144	0.0036	0.0166	0.0008	0.0233	0.0053	0.0128	0.0124	0.0138	0.0128	0.0160	0.0101	0.0064	0.0205	0.0051	0.0060	0.0024	0.0160	
0.0052	0.0005	0.0011	0.0034	0.0018	0.0230	0.0184	0.0010	0.0129	0.0252	0.0118	0.0123	0.0057	0.0057	0.0112	0.0162	0.0008	0.0094	0.0054	0.0168	0.0218	0.0307	0.0005	0.0216	0.0134	0.0027	0.0092	0.0128	0.0020	0.0147	0.0026	0.0123	0.0090	0.0058	0.0017	0.0048	0.0096	0.0132	0.0019	0.0012	0.0099	0.0361	0.0112	0.0228	0.0319	0.0011	0.0065	0.0191	0.0147	0.0047	0.0273	0.0359	0.0219	0.0063	0.0221	0.0059	0.0247	0.0067	0.0144	0.0197	0.0021	0.0041	0.0220	0.0011	0.0138	0.0071	0.0015	0.0019	0.0050	0.0082	0.0067	0.0116	0.0042	0.0047	0.0087	0.0242	0.0076	0.0071	0.0063	0.0149	0.0202	0.0015	0.0213	0.0192	0.0192	0.0039	0.0088	0.0019	0.0072	0.0117	
0.0088	0.0024	0.0002	0.0032	0.0240	0.0052	0.0203	0.0177	0.0013	0.0164	0.0211	0.0063	0.0121	0.0046	0.0128	0.0123	0.0139	0.0193	0.0176	0.0181	0.0036	0.0183	0.0060	0.0055	0.0045	0.0013	0.0039	0.0038	0.0138	0.0136	0.0172	0.0013	0.0176	0.0141	0.0008	0.0114	0.0104	0.0025	0.0071	0.0063	0.0004	0.0144	0.0033	0.0048	0.0110	0.0092	0.0137	0.0205	0.0029	0.0002	0.0143	0.0141	0.0083	0.0127	0.0139	0.0145	0.0194	0.0217	0.0215	0.0206	0.0002	0.0200	0.0035	0.0118	0.0165	0.0222	0.0109	0.0233	0.0046	0.0037	0.0021	0.0147	0.0088	0.0104	0.0205	0.0145	0.0171	0.0026	0.0131	0.0170	0.0110	0.0129	0.0011	0.0138	0.0227	0.0050	0.0180	0.0029	0.0227	0.0107	
0.0115	0.0100	0.0028	0.0073	0.0074	0.0050	0.0064	0.0143	0.0043	0.0117	0.0195	0.0109	0.0096	0.0161	0.0185	0.0191	0.0032	0.0172	0.0123	0.0182	0.0002	0.0116	0.0201	0.0040	0.0065	0.0114	0.0156	0.0114	0.0160	0.0124	0.0042	0.0081	0.0174	0.0147	0.0086	0.0089	0.0089	0.0011	0.0030	0.0132	0.0037	0.0222	0.0165	0.0054	0.0200	0.0154	0.0195	0.0018	0.0124	0.0142	0.0012	0.0152	0.0066	0.0008	0.0066	0.0172	0.0116	0.0222	0.0180	0.0126	0.0104	0.0141	0.0005	0.0143	0.0057	0.0077	0.0162	0.0178	0.0093	0.0083	0.0109	0.0025	0.0128	0.0053	0.0125	0.0007	0.0255	0.0124	0.0096	0.0178	0.0159	0.0124	0.0218	0.0110	0.0139	0.0085	0.0022	0.0154	0.0051	0.0139	
0.0142	0.0132	0.0028	0.0142	0.0022	0.0131	0.0267	0.0044	0.0250	0.0100	0.0231	0.0013	0.0139	0.0053	0.0094	0.0187	0.0016	0.0017	0.0074	0.0093	0.0014	0.0005	0.0099	0.0030	0.0017	0.0200	0.0164	0.0100	0.0015	0.0278	0.0063	0.0273	0.0116	0.0313	0.0204	0.0000	0.0283	0.0074	0.0042	0.0061	0.0026	0.0256	0.0149	0.0021	0.0275	0.0115	0.0012	0.0231	0.0037	0.0120	0.0095	0.0026	0.0132	0.0243	0.0121	0.0142	0.0004	0.0008	0.0089	0.0066	0.0143	0.0152	0.0024	0.0003	0.0006	0.0014	0.0086	0.0153	0.0163	0.0102	0.0169	0.0203	0.0189	0.0026	0.0054	0.0077	0.0099	0.0121	0.0030	0.0152	0.0197	0.0255	0.0064	0.0109	0.0202	0.0045	0.0074	0.0109	0.0110	0.0175	
0.0176	0.0215	0.0230	0.0157	0.0149	0.0123	0.0123	0.0142	0.0010	0.0189	0.0018	0.0084	0.0042	0.0155	0.0148	0.0147	0.0044	0.0103	0.0123	0.0038	0.0080	0.0108	0.0222	0.0178	0.0100	0.0126	0.0060	0.0138	0.0094	0.0160	0.0179	0.0009	0.0027	0.0151	0.0095	0.0008	0.0176	0.0235	0.0109	0.0186	0.0127	0.0108	0.0084	0.0080	0.0079	0.0093	0.0178	0.0099	0.0154	0.0001	0.0008	0.0171	0.0162	0.0069	0.0081	0.0071	0.0029	0.0008	0.0068	0.0226	0.0060	0.0216	0.0061	0.0056	0.0023	0.0003	0.0070	0.0094	0.0045	0.0152	0.0229	0.0050	0.0169	0.0256	0.0102	0.0151	0.0049	0.0082	0.0141	0.0031	0.0159	0.0131	0.0172	0.0103	0.0154	0.0192	0.0043	0.0167	0.0061	0.0026	
0.0185	0.0142	0.0164	0.0135	0.0121	0.0171	0.0067	0.0034	0.0048	0.0098	0.0019	0.0053	0.0085	0.0031	0.0058	0.0184	0.0236	0.0191	0.0184	0.0152	0.0036	0.0148	0.0165	0.0050	0.0012	0.0173	0.0029	0.0194	0.0189	0.0052	0.0206	0.0113	0.0040	0.0020	0.0146	0.0020	0.0135	0.0115	0.0121	0.0250	0.0119	0.0028	0.0048	0.0038	0.0028	0.0181	0.0094	0.0147	0.0059	0.0197	0.0202	0.0060	0.0237	0.0143	0.0180	0.0043	0.0049	0.0099	0.0102	0.0178	0.0187	0.0098	0.0127	0.0261	0.0115	0.0116	0.0021	0.0082	0.0106	0.0024	0.0085	0.0113	0.0059	0.0029	0.0221	0.0009	0.0175	0.0057	0.0031	0.0126	0.0104	0.0106	0.0171	0.0162	0.0074	0.0105	0.0132	0.0097	0.0042	0.0163	
0.0134	0.0021	0.0080	0.0310	0.0027	0.0040	0.0105	0.0045	0.0192	0.0100	0.0052	0.0003	0.0105	0.0021	0.0033	0.0043	0.0014	0.0192	0.0196	0.0088	0.0154	0.0335	0.0018	0.0198	0.0143	0.0036	0.0053	0.0195	0.0088	0.0055	0.0056	0.0308	0.0018	0.0435	0.0091	0.0010	0.0135	0.0087	0.0174	0.0058	0.0108	0.0142	0.0050	0.0126	0.0251	0.0011	0.0008	0.0272	0.0007	0.0259	0.0107	0.0303	0.0082	0.0062	0.0304	0.0132	0.0175	0.0010	0.0070	0.0146	0.0062	0.0162	0.0099	0.0061	0.0062	0.0368	0.0028	0.0086	0.0257	0.0059	0.0026	0.0106	0.0108	0.0018	0.0069	0.0077	0.0069	0.0219	0.0012	0.0043	0.0038	0.0067	0.0238	0.0150	0.0229	0.0000	0.0060	0.0114	0.0014	0.0028	
0.0055	0.0119	0.0020	0.0264	0.0078	0.0204	0.0222	0.0063	0.0228	0.0040	0.0081	0.0161	0.0147	0.0127	0.0197	0.0096	0.0006	0.0077	0.0182	0.0108	0.0152	0.0014	0.0013	0.0060	0.0166	0.0043	0.0147	0.0134	0.0128	0.0153	0.0101	0.0029	0.0057	0.0100	0.0053	0.0072	0.0131	0.0203	0.0158	0.0101	0.0117	0.0007	0.0164	0.0167	0.0207	0.0068	0.0112	0.0084	0.0224	0.0065	0.0228	0.0216	0.0217	0.0129	0.0164	0.0047	0.0091	0.0208	0.0012	0.0030	0.0036	0.0046	0.0143	0.0052	0.0119	0.0073	0.0067	0.0057	0.0093	0.0092	0.0172	0.0016	0.0114	0.0078	0.0002	0.0135	0.0045	0.0066	0.0075	0.0138	0.0189	0.0095	0.0152	0.0050	0.0192	0.0127	0.0045	0.0143	0.0162	0.0179	
0.0236	0.0157	0.0250	0.0131	0.0082	0.0062	0.0068	0.0197	0.0040	0.0096	0.0219	0.0043	0.0204	0.0073	0.0096	0.0186	0.0092	0.0114	0.0115	0.0031	0.0017	0.0030	0.0107	0.0138	0.0056	0.0180	0.0114	0.0095	0.0172	0.0166	0.0018	0.0139	0.0110	0.0064	0.0110	0.0065	0.0035	0.0220	0.0010	0.0180	0.0047	0.0090	0.0015	0.0015	0.0138	0.0121	0.0120	0.0072	0.0210	0.0168	0.0045	0.0094	0.0038	0.0102	0.0159	0.0188	0.0072	0.0058	0.0038	0.0110	0.0234	0.0186	0.0018	0.0074	0.0066	0.0034	0.0177	0.0130	0.0182	0.0015	0.0216	0.0125	0.0114	0.0186	0.0189	0.0111	0.0026	0.0043	0.0024	0.0004	0.0113	0.0006	0.0135	0.0202	0.0141	0.0110	0.0119	0.0238	0.0146	0.0219	
0.0192	0.0209	0.0158	0.0116	0.0194	0.0087	0.0103	0.0205	0.0170	0.0072	0.0166	0.0199	0.0121	0.0172	0.0012	0.0138	0.0053	0.0064	0.0163	0.0072	0.0158	0.0036	0.0058	0.0045	0.0030	0.0199	0.0063	0.0062	0.0161	0.0193	0.0129	0.0146	0.0200	0.0016	0.0048	0.0202	0.0200	0.0226	0.0008	0.0099	0.0033	0.0058	0.0114	0.0148	0.0061	0.0112	0.0115	0.0157	0.0186	0.0001	0.0033	0.0052	0.0058	0.0061	0.0005	0.0162	0.0137	0.0084	0.0068	0.0208	0.0041	0.0026	0.0040	0.0173	0.0162	0.0009	0.0223	0.0109	0.0129	0.0038	0.0186	0.0055	0.0060	0.0070	0.0028	0.0086	0.0157	0.0093	0.0238	0.0161	0.0104	0.0109	0.0113	0.0153	0.0175	0.0063	0.0104	0.0158	0.0018	0.0122	
0.0063	0.0244	0.0256	0.0019	0.0047	0.0006	0.0036	0.0249	0.0444	0.0035	0.0099	0.0280	0.0066	0.0180	0.0088	0.0173	0.0015	0.0275	0.0050	0.0147	0.0012	0.0055	0.0186	0.0192	0.0094	0.0144	0.0132	0.0120	0.0215	0.0094	0.0100	0.0069	0.0097	0.0009	0.0007	0.0038	0.0121	0.0050	0.0008	0.0015	0.0059	0.0111	0.0073	0.0128	0.0069	0.0083	0.0050	0.0001	0.0090	0.0295	0.0033	0.0073	0.0135	0.0126	0.0122	0.0296	0.0008	0.0002	0.0074	0.0123	0.0092	0.0153	0.0182	0.0141	0.0126	0.0040	0.0110	0.0029	0.0148	0.0027	0.0073	0.0183	0.0324	0.0011	0.0076	0.0028	0.0117	0.0178	0.0068	0.0023	0.0190	0.0172	0.0043	0.0030	0.0055	0.0008	0.0253	0.0315	0.0314	0.0012	
0.0034	0.0173	0.0184	0.0117	0.0167	0.0178	0.0026	0.0305	0.0016	0.0016	0.0208	0.0009	0.0119	0.0037	0.0173	0.0074	0.0158	0.0111	0.0027	0.0074	0.0059	0.0052	0.0189	0.0112	0.0164	0.0213	0.0056	0.0165	0.0074	0.0146	0.0076	0.0138	0.0140	0.0092	0.0010	0.0152	0.0066	0.0095	0.0096	0.0133	0.0008	0.0175	0.0152	0.0069	0.0075	0.0119	0.0019	0.0034	0.0119	0.0207	0.0072	0.0086	0.0234	0.0068	0.0189	0.0231	0.0211	0.0044	0.0111	0.0151	0.0126	0.0098	0.0167	0.0129	0.0152	0.0058	0.0121	0.0001	0.0028	0.0003	0.0006	0.0088	0.0253	0.0113	0.0063	0.0105	0.0148	0.0086	0.0048	0.0128	0.0286	0.0023	0.0068	0.0077	0.0069	0.0259	0.0192	0.0062	0.0181	0.0052	
0.0115	0.0018	0.0199	0.0155	0.0015	0.0184	0.0011	0.0076	0.0092	0.0260	0.0343	0.0014	0.0012	0.0088	0.0223	0.0010	0.0115	0.0073	0.0007	0.0124	0.0064	0.0120	0.0309	0.0013	0.0153	0.0102	0.0025	0.0112	0.0061	0.0208	0.0139	0.0060	0.0083	0.0273	0.0069	0.0263	0.0150	0.0052	0.0142	0.0209	0.0074	0.0051	0.0214	0.0063	0.0123	0.0236	0.0011	0.0182	0.0072	0.0048	0.0085	0.0091	0.0048	0.0045	0.0185	0.0005	0.0029	0.0185	0.0210	0.0164	0.0156	0.0149	0.0026	0.0162	0.0080	0.0134	0.0195	0.0028	0.0014	0.0010	0.0147	0.0098	0.0117	0.0145	0.0297	0.0026	0.0269	0.0136	0.0162	0.0011	0.0093	0.0056	0.0044	0.0276	0.0103	0.0003	0.0010	0.0022	0.0026	0.0141	
0.0158	0.0174	0.0053	0.0203	0.0013	0.0160	0.0026	0.0023	0.0165	0.0162	0.0015	0.0185	0.0162	0.0055	0.0181	0.0014	0.0161	0.0167	0.0054	0.0154	0.0041	0.0084	0.0040	0.0202	0.0031	0.0079	0.0106	0.0030	0.0068	0.0089	0.0141	0.0125	0.0192	0.0121	0.0054	0.0147	0.0020	0.0192	0.0066	0.0048	0.0006	0.0147	0.0200	0.0154	0.0239	0.0105	0.0092	0.0171	0.0054	0.0075	0.0056	0.0044	0.0191	0.0093	0.0027	0.0082	0.0122	0.0068	0.0138	0.0141	0.0076	0.0206	0.0164	0.0070	0.0014	0.0089	0.0196	0.0026	0.0006	0.0006	0.0231	0.0172	0.0097	0.0012	0.0123	0.0091	0.0108	0.0067	0.0204	0.0170	0.0251	0.0134	0.0182	0.0208	0.0037	0.0093	0.0163	0.0107	0.0131	0.0198	
0.0010	0.0155	0.0038	0.0142	0.0198	0.0014	0.0183	0.0171	0.0181	0.0106	0.0110	0.0058	0.0261	0.0041	0.0075	0.0097	0.0158	0.0189	0.0195	0.0169	0.0185	0.0067	0.0104	0.0215	0.0141	0.0152	0.0007	0.0207	0.0037	0.0151	0.0115	0.0120	0.0126	0.0039	0.0216	0.0050	0.0162	0.0220	0.0038	0.0111	0.0106	0.0154	0.0105	0.0081	0.0051	0.0132	0.0149	0.0160	0.0117	0.0197	0.0125	0.0010	0.0139	0.0165	0.0229	0.0165	0.0068	0.0043	0.0173	0.0027	0.0007	0.0240	0.0114	0.0019	0.0143	0.0005	0.0125	0.0160	0.0053	0.0037	0.0148	0.0014	0.0104	0.0064	0.0041	0.0033	0.0170	0.0017	0.0112	0.0001	0.0015	0.0090	0.0105	0.0128	0.0011	0.0116	0.0209	0.0180	0.0071	0.0059	
0.0242	0.0149	0.0244	0.0012	0.0124	0.0120	0.0062	0.0133	0.0123	0.0041	0.0002	0.0006	0.0156	0.0093	0.0193	0.0132	0.0098	0.0107	0.0163	0.0169	0.0009	0.0051	0.0122	0.0217	0.0012	0.0132	0.0093	0.0015	0.0009	0.0088	0.0034	0.0008	0.0110	0.0220	0.0077	0.0058	0.0055	0.0150	0.0165	0.0107	0.0178	0.0039	0.0108	0.0130	0.0272	0.0006	0.0154	0.0032	0.0116	0.0123	0.0015	0.0099	0.0220	0.0122	0.0057	0.0159	0.0005	0.0187	0.0001	0.0192	0.0013	0.0060	0.0111	0.0021	0.0007	0.0207	0.0116	0.0109	0.0007	0.0167	0.0064	0.0265	0.0130	0.0029	0.0211	0.0163	0.0126	0.0225	0.0139	0.0004	0.0258	0.0093	0.0117	0.0177	0.0060	0.0163	0.0022	0.0233	0.0217	0.0171	
0.0054	0.0074	0.0129	0.0231	0.0100	0.0125	0.0185	0.0150	0.0137	0.0004	0.0091	0.0042	0.0034	0.0162	0.0058	0.0022	0.0195	0.0184	0.0181	0.0094	0.0019	0.0016	0.0271	0.0248	0.0157	0.0159	0.0152	0.0203	0.0183	0.0073	0.0171	0.0172	0.0165	0.0075	0.0112	0.0231	0.0094	0.0176	0.0126	0.0038	0.0019	0.0004	0.0094	0.0172	0.0130	0.0171	0.0054	0.0177	0.0060	0.0048	0.0169	0.0042	0.0042	0.0085	0.0123	0.0041	0.0069	0.0098	0.0022	0.0186	0.0010	0.0193	0.0164	0.0024	0.0024	0.0164	0.0068	0.0167	0.0070	0.0048	0.0153	0.0043	0.0034	0.0116	0.0065	0.0014	0.0121	0.0015	0.0077	0.0007	0.0130	0.0232	0.0151	0.0189	0.0108	0.0131	0.0133	0.0116	0.0277	0.0058	
0.0152	0.0197	0.0105	0.0199	0.0029	0.0072	0.0054	0.0093	0.0200	0.0178	0.0087	0.0112	0.0168	0.0234	0.0073	0.0115	0.0024	0.0177	0.0028	0.0083	0.0132	0.0058	0.0023	0.0018	0.0072	0.0051	0.0009	0.0018	0.0113	0.0135	0.0021	0.0256	0.0191	0.0293	0.0158	0.0134	0.0172	0.0067	0.0084	0.0157	0.0162	0.0052	0.0045	0.0122	0.0152	0.0138	0.0038	0.0214	0.0039	0.0007	0.0117	0.0215	0.0066	0.0098	0.0197	0.0090	0.0174	0.0126	0.0113	0.0182	0.0051	0.0049	0.0192	0.0055	0.0124	0.0132	0.0102	0.0124	0.0102	0.0157	0.0120	0.0202	0.0054	0.0032	0.0156	0.0086	0.0234	0.0158	0.0052	0.0076	0.0013	0.0083	0.0219	0.0132	0.0010	0.0047	0.0157	0.0079	0.0069	0.0043	
0.0199	0.0048	0.0167	0.0107	0.0185	0.0139	0.0074	0.0007	0.0124	0.0018	0.0068	0.0113	0.0067	0.0080	0.0052	0.0123	0.0146	0.0028	0.0147	0.0075	0.0101	0.0024	0.0293	0.0057	0.0107	0.0239	0.0084	0.0066	0.0071	0.0100	0.0239	0.0064	0.0050	0.0028	0.0161	0.0140	0.0039	0.0186	0.0092	0.0019	0.0006	0.0208	0.0235	0.0077	0.0015	0.0122	0.0275	0.0097	0.0076	0.0080	0.0126	0.0088	0.0147	0.0000	0.0130	0.0173	0.0052	0.0098	0.0144	0.0147	0.0084	0.0009	0.0158	0.0049	0.0035	0.0177	0.0112	0.0056	0.0131	0.0122	0.0124	0.0186	0.0155	0.0180	0.0053	0.0112	0.0055	0.0106	0.0070	0.0110	0.0004	0.0174	0.0238	0.0164	0.0225	0.0116	0.0136	0.0055	0.0084	0.0292	
0.0063	0.0158	0.0022	0.0173	0.0191	0.0233	0.0028	0.0190	0.0052	0.0030	0.0225	0.0139	0.0159	0.0154	0.0007	0.0167	0.0192	0.0181	0.0140	0.0048	0.0141	0.0155	0.0050	0.0054	0.0126	0.0114	0.0013	0.0002	0.0074	0.0158	0.0036	0.0029	0.0160	0.0134	0.0057	0.0131	0.0152	0.0190	0.0193	0.0069	0.0085	0.0102	0.0062	0.0017	0.0115	0.0069	0.0227	0.0052	0.0170	0.0009	0.0124	0.0207	0.0121	0.0041	0.0068	0.0119	0.0109	0.0208	0.0005	0.0054	0.0214	0.0025	0.0098	0.0122	0.0208	0.0181	0.0201	0.0048	0.0110	0.0077	0.0032	0.0215	0.0191	0.0103	0.0153	0.0046	0.0128	0.0030	0.0188	0.0112	0.0136	0.0176	0.0057	0.0050	0.0042	0.0054	0.0119	0.0116	0.0057	0.0159	
0.0024	0.0216	0.0167	0.0180	0.0069	0.0064	0.0207	0.0191	0.0036	0.0113	0.0069	0.0179	0.0218	0.0104	0.0121	0.0119	0.0007	0.0021	0.0087	0.0025	0.0028	0.0112	0.0007	0.0136	0.0204	0.0018	0.0116	0.0056	0.0065	0.0206	0.0033	0.0105	0.0222	0.0265	0.0086	0.0046	0.0019	0.0043	0.0021	0.0076	0.0064	0.0186	0.0002	0.0059	0.0020	0.0087	0.0017	0.0261	0.0075	0.0122	0.0050	0.0153	0.0042	0.0036	0.0169	0.0139	0.0184	0.0074	0.0172	0.0053	0.0069	0.0189	0.0094	0.0080	0.0052	0.0008	0.0089	0.0172	0.0030	0.0121	0.0066	0.0207	0.0183	0.0141	0.0180	0.0093	0.0091	0.0221	0.0036	0.0253	0.0262	0.0259	0.0193	0.0238	0.0130	0.0118	0.0036	0.0162	0.0077	0.0099	
0.0109	0.0218	0.0051	0.0227	0.0026	0.0131	0.0081	0.0177	0.0240	0.0010	0.0198	0.0052	0.0145	0.0173	0.0236	0.0056	0.0137	0.0081	0.0062	0.0021	0.0079	0.0252	0.0184	0.0006	0.0046	0.0102	0.0174	0.0111	0.0216	0.0138	0.0171	0.0012	0.0113	0.0096	0.0032	0.0141	0.0134	0.0027	0.0132	0.0052	0.0032	0.0185	0.0178	0.0092	0.0314	0.0150	0.0050	0.0046	0.0232	0.0036	0.0027	0.0188	0.0123	0.0052	0.0054	0.0114	0.0004	0.0044	0.0118	0.0131	0.0180	0.0175	0.0149	0.0065	0.0034	0.0222	0.0121	0.0053	0.0144	0.0030	0.0144	0.0098	0.0167	0.0009	0.0162	0.0120	0.0016	0.0076	0.0008	0.0159	0.0069	0.0132	0.0124	0.0169	0.0154	0.0023	0.0124	0.0068	0.0066	0.0121	
0.0196	0.0138	0.0158	0.0015	0.0109	0.0092	0.0008	0.0181	0.0084	0.0015	0.0016	0.0234	0.0149	0.0216	0.0115	0.0180	0.0046	0.0127	0.0056	0.0174	0.0105	0.0168	0.0039	0.0017	0.0098	0.0054	0.0014	0.0010	0.0196	0.0013	0.0070	0.0085	0.0268	0.0007	0.0116	0.0053	0.0223	0.0142	0.0147	0.0118	0.0114	0.0084	0.0194	0.0259	0.0129	0.0056	0.0000	0.0211	0.0052	0.0175	0.0177	0.0035	0.0022	0.0128	0.0033	0.0009	0.0071	0.0107	0.0118	0.0035	0.0067	0.0262	0.0227	0.0066	0.0146	0.0155	0.0204	0.0109	0.0088	0.0066	0.0188	0.0196	0.0182	0.0141	0.0052	0.0015	0.0185	0.0044	0.0115	0.0042	0.0070	0.0032	0.0172	0.0300	0.0039	0.0043	0.0068	0.0115	0.0244	0.0113	
0.0197	0.0107	0.0212	0.0099	0.0050	0.0106	0.0095	0.0166	0.0057	0.0139	0.0068	0.0102	0.0155	0.0235	0.0009	0.0047	0.0072	0.0103	0.0068	0.0012	0.0058	0.0031	0.0190	0.0094	0.0191	0.0038	0.0025	0.0007	0.0024	0.0132	0.0084	0.0121	0.0145	0.0215	0.0090	0.0072	0.0175	0.0073	0.0097	0.0130	0.0123	0.0005	0.0162	0.0208	0.0215	0.0142	0.0095	0.0200	0.0191	0.0199	0.0156	0.0181	0.0025	0.0182	0.0019	0.0161	0.0120	0.0096	0.0104	0.0004	0.0068	0.0103	0.0131	0.0137	0.0046	0.0165	0.0141	0.0128	0.0145	0.0146	0.0086	0.0016	0.0183	0.0120	0.0097	0.0051	0.0041	0.0209	0.0083	0.0017	0.0167	0.0049	0.0034	0.0051	0.0169	0.0122	0.0093	0.0179	0.0206	0.0134	
0.0135	0.0062	0.0149	0.0108	0.0076	0.0041	0.0091	0.0076	0.0142	0.0020	0.0228	0.0162	0.0080	0.0033	0.0103	0.0139	0.0198	0.0113	0.0080	0.0193	0.0115	0.0146	0.0219	0.0117	0.0053	0.0037	0.0055	0.0086	0.0217	0.0144	0.0073	0.0004	0.0163	0.0217	0.0210	0.0026	0.0082	0.0117	0.0062	0.0058	0.0174	0.0197	0.0061	0.0098	0.0022	0.0184	0.0198	0.0004	0.0161	0.0006	0.0142	0.0169	0.0089	0.0012	0.0213	0.0032	0.0079	0.0039	0.0028	0.0032	0.0214	0.0234	0.0085	0.0200	0.0124	0.0213	0.0160	0.0083	0.0065	0.0070	0.0074	0.0095	0.0035	0.0033	0.0199	0.0128	0.0081	0.0086	0.0076	0.0086	0.0083	0.0058	0.0154	0.0217	0.0002	0.0093	0.0125	0.0170	0.0215	0.0167	
0.0134	0.0026	0.0040	0.0049	0.0052	0.0200	0.0089	0.0085	0.0206	0.0021	0.0132	0.0092	0.0286	0.0058	0.0057	0.0030	0.0089	0.0059	0.0027	0.0043	0.0186	0.0283	0.0071	0.0160	0.0225	0.0132	0.0029	0.0123	0.0165	0.0068	0.0035	0.0061	0.0077	0.0210	0.0163	0.0022	0.0025	0.0005	0.0179	0.0011	0.0041	0.0325	0.0073	0.0076	0.0089	0.0061	0.0061	0.0165	0.0039	0.0264	0.0260	0.0092	0.0127	0.0136	0.0277	0.0140	0.0097	0.0199	0.0070	0.0106	0.0116	0.0233	0.0081	0.0081	0.0087	0.0285	0.0005	0.0057	0.0200	0.0075	0.0007	0.0120	0.0056	0.0003	0.0024	0.0196	0.0083	0.0097	0.0015	0.0262	0.0070	0.0276	0.0106	0.0035	0.0106	0.0119	0.0130	0.0128	0.0135	0.0108	
0.0203	0.0134	0.0198	0.0040	0.0128	0.0054	0.0121	0.0035	0.0122	0.0103	0.0162	0.0053	0.0172	0.0178	0.0160	0.0006	0.0193	0.0161	0.0118	0.0208	0.0102	0.0006	0.0049	0.0085	0.0052	0.0142	0.0112	0.0042	0.0011	0.0167	0.0064	0.0072	0.0138	0.0140	0.0170	0.0138	0.0006	0.0046	0.0100	0.0160	0.0051	0.0031	0.0158	0.0184	0.0041	0.0201	0.0025	0.0122	0.0130	0.0091	0.0002	0.0137	0.0028	0.0131	0.0086	0.0179	0.0066	0.0061	0.0156	0.0150	0.0143	0.0087	0.0019	0.0191	0.0046	0.0073	0.0161	0.0186	0.0232	0.0019	0.0248	0.0197	0.0029	0.0128	0.0167	0.0058	0.0044	0.0081	0.0049	0.0070	0.0177	0.0221	0.0136	0.0169	0.0167	0.0120	0.0063	0.0215	0.0102	0.0020	
0.0043	0.0102	0.0026	0.0277	0.0016	0.0187	0.0015	0.0018	0.0190	0.0135	0.0032	0.0041	0.0293	0.0074	0.0030	0.0024	0.0074	0.0087	0.0272	0.0016	0.0111	0.0344	0.0005	0.0116	0.0042	0.0144	0.0066	0.0117	0.0001	0.0233	0.0012	0.0340	0.0084	0.0402	0.0265	0.0025	0.0120	0.0083	0.0126	0.0080	0.0038	0.0038	0.0077	0.0107	0.0022	0.0021	0.0024	0.0157	0.0016	0.0261	0.0322	0.0288	0.0170	0.0059	0.0213	0.0050	0.0136	0.0278	0.0125	0.0056	0.0035	0.0149	0.0014	0.0110	0.0062	0.0196	0.0029	0.0211	0.0177	0.0029	0.0029	0.0050	0.0108	0.0014	0.0203	0.0082	0.0025	0.0143	0.0010	0.0217	0.0180	0.0132	0.0130	0.0090	0.0021	0.0026	0.0238	0.0043	0.0073	0.0046	
0.0143	0.0196	0.0168	0.0061	0.0151	0.0130	0.0009	0.0034	0.0214	0.0134	0.0143	0.0080	0.0133	0.0209	0.0186	0.0070	0.0036	0.0185	0.0058	0.0025	0.0041	0.0020	0.0064	0.0219	0.0124	0.0164	0.0024	0.0116	0.0154	0.0068	0.0094	0.0078	0.0097	0.0001	0.0164	0.0174	0.0123	0.0090	0.0077	0.0059	0.0076	0.0220	0.0118	0.0159	0.0282	0.0031	0.0144	0.0127	0.0160	0.0123	0.0016	0.0026	0.0240	0.0047	0.0076	0.0115	0.0087	0.0174	0.0101	0.0151	0.0099	0.0093	0.0098	0.0153	0.0036	0.0077	0.0180	0.0142	0.0060	0.0152	0.0151	0.0165	0.0096	0.0154	0.0129	0.0039	0.0109	0.0125	0.0009	0.0162	0.0035	0.0115	0.0173	0.0206	0.0068	0.0089	0.0088	0.0047	0.0138	0.0025	
0.0106	0.0207	0.0227	0.0091	0.0173	0.0167	0.0089	0.0013	0.0116	0.0095	0.0043	0.0175	0.0053	0.0185	0.0210	0.0077	0.0146	0.0222	0.0074	0.0047	0.0010	0.0159	0.0173	0.0183	0.0111	0.0158	0.0091	0.0111	0.0078	0.0148	0.0181	0.0126	0.0025	0.0026	0.0066	0.0172	0.0153	0.0172	0.0031	0.0157	0.0118	0.0059	0.0153	0.0096	0.0084	0.0035	0.0056	0.0020	0.0187	0.0137	0.0088	0.0066	0.0161	0.0066	0.0009	0.0104	0.0027	0.0156	0.0121	0.0164	0.0074	0.0176	0.0134	0.0168	0.0096	0.0077	0.0163	0.0020	0.0102	0.0025	0.0129	0.0215	0.0156	0.0105	0.0098	0.0114	0.0011	0.0039	0.0105	0.0101	0.0138	0.0071	0.0113	0.0119	0.0033	0.0113	0.0177	0.0157	0.0025	0.0196	
0.0122	0.0201	0.0191	0.0080	0.0093	0.0213	0.0142	0.0022	0.0223	0.0217	0.0095	0.0038	0.0158	0.0204	0.0052	0.0139	0.0129	0.0059	0.0166	0.0088	0.0095	0.0241	0.0083	0.0054	0.0054	0.0015	0.0029	0.0058	0.0126	0.0019	0.0108	0.0024	0.0001	0.0232	0.0119	0.0128	0.0276	0.0121	0.0050	0.0149	0.0001	0.0263	0.0054	0.0171	0.0060	0.0084	0.0140	0.0243	0.0030	0.0098	0.0219	0.0209	0.0179	0.0165	0.0081	0.0129	0.0098	0.0182	0.0022	0.0077	0.0124	0.0116	0.0108	0.0176	0.0053	0.0070	0.0024	0.0185	0.0101	0.0142	0.0110	0.0032	0.0172	0.0040	0.0076	0.0103	0.0163	0.0185	0.0003	0.0183	0.0079	0.0053	0.0023	0.0033	0.0042	0.0160	0.0047	0.0053	0.0085	0.0139	
0.0059	0.0038	0.0037	0.0323	0.0003	0.0123	0.0094	0.0118	0.0131	0.0164	0.0037	0.0164	0.0252	0.0101	0.0054	0.0085	0.0072	0.0172	0.0108	0.0080	0.0031	0.0241	0.0053	0.0090	0.0326	0.0079	0.0028	0.0075	0.0087	0.0122	0.0005	0.0363	0.0088	0.0304	0.0088	0.0039	0.0175	0.0025	0.0029	0.0069	0.0008	0.0062	0.0033	0.0019	0.0093	0.0026	0.0072	0.0296	0.0057	0.0170	0.0077	0.0151	0.0168	0.0161	0.0198	0.0123	0.0118	0.0374	0.0183	0.0096	0.0050	0.0043	0.0168	0.0142	0.0093	0.0201	0.0012	0.0234	0.0084	0.0058	0.0002	0.0083	0.0083	0.0073	0.0152	0.0210	0.0065	0.0159	0.0001	0.0129	0.0254	0.0265	0.0014	0.0063	0.0053	0.0058	0.0006	0.0133	0.0039	0.0053	
0.0119	0.0147	0.0038	0.0114	0.0128	0.0213	0.0070	0.0087	0.0036	0.0224	0.0080	0.0150	0.0057	0.0180	0.0056	0.0129	0.0200	0.0068	0.0162	0.0143	0.0059	0.0192	0.0207	0.0095	0.0168	0.0102	0.0023	0.0097	0.0153	0.0071	0.0090	0.0104	0.0139	0.0175	0.0126	0.0057	0.0097	0.0001	0.0019	0.0209	0.0113	0.0201	0.0086	0.0025	0.0026	0.0005	0.0097	0.0040	0.0003	0.0107	0.0124	0.0173	0.0157	0.0110	0.0060	0.0134	0.0173	0.0151	0.0146	0.0227	0.0152	0.0209	0.0149	0.0173	0.0092	0.0157	0.0013	0.0125	0.0056	0.0004	0.0039	0.0240	0.0031	0.0044	0.0199	0.0086	0.0137	0.0162	0.0074	0.0160	0.0010	0.0181	0.0094	0.0013	0.0162	0.0127	0.0112	0.0016	0.0058	0.0183	
0.0109	0.0131	0.0055	0.0023	0.0012	0.0136	0.0033	0.0160	0.0182	0.0056	0.0178	0.0194	0.0366	0.0201	0.0085	0.0134	0.0094	0.0164	0.0190	0.0174	0.0073	0.0004	0.0063	0.0250	0.0204	0.0198	0.0102	0.0154	0.0049	0.0206	0.0034	0.0280	0.0064	0.0127	0.0138	0.0112	0.0160	0.0038	0.0025	0.0062	0.0076	0.0007	0.0041	0.0027	0.0191	0.0039	0.0212	0.0132	0.0166	0.0006	0.0044	0.0147	0.0114	0.0129	0.0122	0.0119	0.0094	0.0072	0.0030	0.0048	0.0044	0.0129	0.0080	0.0146	0.0012	0.0279	0.0077	0.0134	0.0127	0.0179	0.0161	0.0072	0.0114	0.0062	0.0128	0.0063	0.0203	0.0035	0.0021	0.0156	0.0288	0.0013	0.0018	0.0053	0.0131	0.0051	0.0148	0.0196	0.0019	0.0025	
0.0011	0.0093	0.0132	0.0300	0.0036	0.0245	0.0164	0.0120	0.0010	0.0186	0.0111	0.0109	0.0003	0.0163	0.0002	0.0111	0.0061	0.0052	0.0032	0.0022	0.0162	0.0077	0.0010	0.0098	0.0090	0.0022	0.0039	0.0034	0.0014	0.0287	0.0048	0.0325	0.0102	0.0129	0.0325	0.0059	0.0123	0.0126	0.0022	0.0063	0.0148	0.0126	0.0014	0.0083	0.0298	0.0026	0.0003	0.0165	0.0033	0.0145	0.0258	0.0138	0.0099	0.0207	0.0146	0.0121	0.0072	0.0191	0.0119	0.0010	0.0063	0.0156	0.0087	0.0039	0.0053	0.0313	0.0006	0.0145	0.0208	0.0077	0.0021	0.0188	0.0011	0.0092	0.0092	0.0089	0.0038	0.0268	0.0014	0.0349	0.0028	0.0231	0.0223	0.0033	0.0308	0.0012	0.0085	0.0081	0.0158	0.0016	
0.0075	0.0295	0.0013	0.0010	0.0020	0.0006	0.0249	0.0255	0.0304	0.0017	0.0071	0.0084	0.0194	0.0213	0.0136	0.0024	0.0067	0.0248	0.0083	0.0025	0.0162	0.0126	0.0027	0.0187	0.0215	0.0102	0.0116	0.0054	0.0052	0.0070	0.0111	0.0154	0.0190	0.0110	0.0050	0.0096	0.0159	0.0006	0.0107	0.0107	0.0096	0.0041	0.0157	0.0080	0.0179	0.0154	0.0038	0.0067	0.0139	0.0200	0.0170	0.0110	0.0038	0.0200	0.0121	0.0188	0.0171	0.0071	0.0016	0.0141	0.0093	0.0187	0.0155	0.0161	0.0111	0.0181	0.0096	0.0049	0.0152	0.0023	0.0095	0.0063	0.0091	0.0149	0.0139	0.0104	0.0122	0.0189	0.0017	0.0049	0.0092	0.0066	0.0128	0.0128	0.0126	0.0028	0.0116	0.0019	0.0031	0.0073	
0.0185	0.0064	0.0194	0.0214	0.0015	0.0177	0.0104	0.0076	0.0206	0.0191	0.0054	0.0190	0.0214	0.0093	0.0078	0.0127	0.0026	0.0084	0.0017	0.0190	0.0055	0.0005	0.0050	0.0200	0.0063	0.0048	0.0201	0.0059	0.0033	0.0095	0.0051	0.0106	0.0033	0.0055	0.0087	0.0018	0.0076	0.0099	0.0169	0.0189	0.0198	0.0079	0.0172	0.0051	0.0241	0.0077	0.0118	0.0072	0.0002	0.0280	0.0260	0.0019	0.0003	0.0033	0.0034	0.0191	0.0022	0.0008	0.0152	0.0180	0.0195	0.0064	0.0038	0.0112	0.0122	0.0207	0.0158	0.0141	0.0018	0.0071	0.0041	0.0169	0.0133	0.0027	0.0264	0.0223	0.0045	0.0009	0.0182	0.0217	0.0200	0.0216	0.0070	0.0042	0.0096	0.0038	0.0103	0.0227	0.0016	0.0174	
0.0170	0.0056	0.0138	0.0179	0.0050	0.0169	0.0026	0.0082	0.0082	0.0016	0.0134	0.0005	0.0022	0.0128	0.0184	0.0043	0.0109	0.0167	0.0024	0.0044	0.0127	0.0011	0.0006	0.0140	0.0029	0.0233	0.0009	0.0188	0.0022	0.0094	0.0108	0.0136	0.0086	0.0077	0.0071	0.0170	0.0007	0.0127	0.0181	0.0082	0.0161	0.0213	0.0118	0.0188	0.0084	0.0167	0.0142	0.0119	0.0094	0.0024	0.0133	0.0138	0.0191	0.0157	0.0019	0.0171	0.0049	0.0256	0.0160	0.0030	0.0143	0.0026	0.0053	0.0021	0.0149	0.0144	0.0146	0.0162	0.0059	0.0167	0.0043	0.0176	0.0201	0.0181	0.0065	0.0169	0.0179	0.0021	0.0128	0.0156	0.0095	0.0075	0.0112	0.0139	0.0236	0.0208	0.0151	0.0092	0.0038	0.0119	
0.0126	0.0006	0.0015	0.0150	0.0175	0.0146	0.0089	0.0096	0.0055	0.0103	0.0009	0.0161	0.0059	0.0127	0.0005	0.0247	0.0123	0.0223	0.0083	0.0098	0.0060	0.0033	0.0144	0.0024	0.0133	0.0035	0.0141	0.0091	0.0087	0.0160	0.0197	0.0215	0.0110	0.0203	0.0029	0.0035	0.0149	0.0043	0.0041	0.0195	0.0049	0.0039	0.0174	0.0219	0.0112	0.0141	0.0056	0.0175	0.0193	0.0173	0.0059	0.0153	0.0038	0.0151	0.0024	0.0098	0.0097	0.0210	0.0203	0.0116	0.0006	0.0017	0.0019	0.0114	0.0102	0.0008	0.0072	0.0083	0.0116	0.0201	0.0085	0.0101	0.0133	0.0164	0.0030	0.0025	0.0102	0.0106	0.0134	0.0034	0.0212	0.0189	0.0137	0.0136	0.0085	0.0201	0.0172	0.0149	0.0162	0.0204	
0.0094	0.0083	0.0011	0.0297	0.0094	0.0044	0.0022	0.0056	0.0108	0.0090	0.0024	0.0168	0.0143	0.0159	0.0021	0.0068	0.0016	0.0125	0.0165	0.0090	0.0020	0.0328	0.0017	0.0170	0.0180	0.0050	0.0034	0.0110	0.0015	0.0219	0.0012	0.0317	0.0094	0.0369	0.0069	0.0044	0.0069	0.0021	0.0155	0.0067	0.0005	0.0067	0.0016	0.0022	0.0217	0.0001	0.0028	0.0305	0.0018	0.0178	0.0326	0.0091	0.0137	0.0162	0.0202	0.0104	0.0067	0.0141	0.0022	0.0065	0.0105	0.0142	0.0020	0.0081	0.0024	0.0275	0.0008	0.0156	0.0217	0.0081	0.0013	0.0006	0.0081	0.0095	0.0151	0.0214	0.0181	0.0069	0.0009	0.0209	0.0277	0.0284	0.0122	0.0084	0.0240	0.0069	0.0214	0.0100	0.0034	0.0025	
0.0070	0.0152	0.0002	0.0081	0.0074	0.0116	0.0008	0.0166	0.0139	0.0081	0.0153	0.0123	0.0186	0.0061	0.0000	0.0162	0.0121	0.0206	0.0158	0.0147	0.0034	0.0014	0.0108	0.0122	0.0068	0.0181	0.0024	0.0118	0.0246	0.0067	0.0155	0.0110	0.0090	0.0065	0.0084	0.0153	0.0009	0.0075	0.0127	0.0121	0.0172	0.0015	0.0095	0.0122	0.0214	0.0061	0.0018	0.0026	0.0139	0.0054	0.0077	0.0155	0.0241	0.0091	0.0052	0.0057	0.0090	0.0118	0.0207	0.0093	0.0099	0.0098	0.0182	0.0127	0.0122	0.0034	0.0074	0.0145	0.0201	0.0073	0.0150	0.0065	0.0071	0.0079	0.0179	0.0019	0.0226	0.0181	0.0194	0.0057	0.0203	0.0255	0.0004	0.0090	0.0229	0.0187	0.0122	0.0188	0.0005	0.0065	
0.0043	0.0138	0.0113	0.0027	0.0028	0.0078	0.0042	0.0279	0.0207	0.0130	0.0181	0.0104	0.0049	0.0039	0.0179	0.0016	0.0122	0.0127	0.0176	0.0047	0.0139	0.0122	0.0192	0.0164	0.0099	0.0089	0.0123	0.0092	0.0172	0.0168	0.0117	0.0090	0.0099	0.0096	0.0040	0.0007	0.0159	0.0061	0.0036	0.0076	0.0171	0.0142	0.0009	0.0025	0.0082	0.0035	0.0207	0.0164	0.0207	0.0207	0.0038	0.0001	0.0020	0.0159	0.0114	0.0149	0.0172	0.0153	0.0061	0.0144	0.0243	0.0152	0.0058	0.0237	0.0009	0.0100	0.0007	0.0133	0.0005	0.0100	0.0058	0.0056	0.0102	0.0082	0.0061	0.0170	0.0131	0.0096	0.0085	0.0157	0.0205	0.0179	0.0143	0.0188	0.0159	0.0145	0.0082	0.0167	0.0022	0.0136	
0.0023	0.0029	0.0291	0.0098	0.0092	0.0041	0.0131	0.0033	0.0030	0.0157	0.0023	0.0052	0.0176	0.0049	0.0176	0.0190	0.0150	0.0164	0.0124	0.0170	0.0022	0.0100	0.0119	0.0180	0.0022	0.0061	0.0218	0.0116	0.0054	0.0099	0.0018	0.0071	0.0114	0.0066	0.0147	0.0032	0.0075	0.0214	0.0004	0.0014	0.0069	0.0074	0.0074	0.0105	0.0150	0.0084	0.0201	0.0105	0.0031	0.0178	0.0161	0.0135	0.0043	0.0067	0.0103	0.0171	0.0135	0.0046	0.0060	0.0024	0.0045	0.0218	0.0196	0.0173	0.0165	0.0162	0.0177	0.0070	0.0153	0.0090	0.0138	0.0169	0.0199	0.0072	0.0096	0.0158	0.0014	0.0222	0.0036	0.0184	0.0136	0.0112	0.0079	0.0110	0.0132	0.0095	0.0050	0.0046	0.0316	0.0228	
0.0109	0.0040	0.0141	0.0207	0.0212	0.0090	0.0121	0.0211	0.0192	0.0178	0.0150	0.0109	0.0164	0.0166	0.0079	0.0037	0.0029	0.0182	0.0160	0.0177	0.0132	0.0171	0.0022	0.0144	0.0126	0.0170	0.0110	0.0112	0.0018	0.0088	0.0126	0.0126	0.0079	0.0145	0.0292	0.0073	0.0041	0.0163	0.0115	0.0019	0.0038	0.0068	0.0029	0.0086	0.0042	0.0209	0.0144	0.0191	0.0014	0.0065	0.0046	0.0125	0.0098	0.0040	0.0079	0.0162	0.0011	0.0222	0.0041	0.0020	0.0191	0.0232	0.0147	0.0106	0.0040	0.0008	0.0031	0.0031	0.0155	0.0200	0.0240	0.0104	0.0032	0.0138	0.0114	0.0055	0.0153	0.0173	0.0101	0.0222	0.0051	0.0139	0.0092	0.0181	0.0051	0.0024	0.0042	0.0040	0.0084	0.0066	
0.0078	0.0073	0.0155	0.0095	0.0038	0.0039	0.0145	0.0182	0.0061	0.0017	0.0184	0.0108	0.0040	0.0034	0.0091	0.0194	0.0085	0.0183	0.0114	0.0027	0.0026	0.0083	0.0142	0.0107	0.0182	0.0045	0.0103	0.0209	0.0046	0.0019	0.0169	0.0206	0.0194	0.0068	0.0156	0.0178	0.0193	0.0158	0.0109	0.0085	0.0140	0.0132	0.0084	0.0084	0.0230	0.0157	0.0108	0.0060	0.0079	0.0070	0.0116	0.0092	0.0147	0.0057	0.0029	0.0206	0.0157	0.0010	0.0092	0.0222	0.0127	0.0149	0.0126	0.0031	0.0050	0.0157	0.0134	0.0135	0.0126	0.0131	0.0251	0.0181	0.0029	0.0021	0.0094	0.0054	0.0179	0.0024	0.0086	0.0034	0.0165	0.0030	0.0107	0.0293	0.0073	0.0069	0.0070	0.0143	0.0076	0.0166	
0.0007	0.0142	0.0011	0.0150	0.0239	0.0023	0.0059	0.0091	0.0020	0.0052	0.0031	0.0133	0.0180	0.0134	0.0115	0.0246	0.0106	0.0126	0.0158	0.0252	0.0003	0.0124	0.0187	0.0089	0.0027	0.0164	0.0286	0.0159	0.0291	0.0215	0.0154	0.0022	0.0116	0.0192	0.0110	0.0032	0.0176	0.0134	0.0093	0.0120	0.0002	0.0164	0.0292	0.0061	0.0019	0.0014	0.0085	0.0209	0.0119	0.0074	0.0204	0.0138	0.0187	0.0075	0.0125	0.0090	0.0043	0.0180	0.0116	0.0029	0.0051	0.0134	0.0119	0.0042	0.0137	0.0001	0.0051	0.0008	0.0034	0.0068	0.0086	0.0232	0.0034	0.0155	0.0202	0.0091	0.0231	0.0069	0.0112	0.0034	0.0087	0.0253	0.0063	0.0091	0.0016	0.0213	0.0076	0.0023	0.0033	0.0052	
0.0173	0.0012	0.0014	0.0079	0.0046	0.0100	0.0023	0.0231	0.0183	0.0017	0.0226	0.0061	0.0201	0.0047	0.0020	0.0191	0.0136	0.0060	0.0149	0.0071	0.0177	0.0253	0.0087	0.0082	0.0190	0.0047	0.0095	0.0029	0.0024	0.0203	0.0125	0.0022	0.0177	0.0258	0.0106	0.0051	0.0210	0.0239	0.0065	0.0100	0.0075	0.0199	0.0157	0.0058	0.0075	0.0016	0.0041	0.0006	0.0080	0.0018	0.0065	0.0040	0.0120	0.0221	0.0091	0.0012	0.0167	0.0180	0.0100	0.0000	0.0010	0.0267	0.0172	0.0182	0.0098	0.0216	0.0070	0.0191	0.0229	0.0181	0.0032	0.0148	0.0218	0.0053	0.0216	0.0003	0.0036	0.0016	0.0008	0.0202	0.0008	0.0101	0.0184	0.0010	0.0155	0.0092	0.0137	0.0226	0.0170	0.0065	
0.0146	0.0025	0.0124	0.0057	0.0081	0.0070	0.0014	0.0235	0.0224	0.0089	0.0147	0.0086	0.0057	0.0123	0.0190	0.0150	0.0046	0.0075	0.0243	0.0075	0.0201	0.0145	0.0176	0.0167	0.0215	0.0134	0.0029	0.0159	0.0049	0.0004	0.0038	0.0108	0.0039	0.0116	0.0082	0.0014	0.0045	0.0184	0.0185	0.0111	0.0194	0.0039	0.0049	0.0137	0.0013	0.0132	0.0034	0.0078	0.0030	0.0274	0.0042	0.0057	0.0228	0.0074	0.0104	0.0229	0.0088	0.0154	0.0057	0.0162	0.0041	0.0094	0.0173	0.0174	0.0053	0.0051	0.0042	0.0140	0.0034	0.0190	0.0091	0.0135	0.0099	0.0070	0.0102	0.0150	0.0081	0.0031	0.0117	0.0058	0.0136	0.0221	0.0122	0.0072	0.0160	0.0209	0.0130	0.0227	0.0042	0.0120	
0.0177	0.0124	0.0075	0.0036	0.0071	0.0105	0.0112	0.0120	0.0091	0.0139	0.0082	0.0121	0.0068	0.0070	0.0092	0.0118	0.0149	0.0165	0.0250	0.0118	0.0112	0.0064	0.0014	0.0003	0.0039	0.0074	0.0125	0.0107	0.0174	0.0099	0.0111	0.0097	0.0117	0.0155	0.0055	0.0168	0.0051	0.0070	0.0187	0.0113	0.0045	0.0187	0.0123	0.0193	0.0212	0.0003	0.0097	0.0085	0.0155	0.0055	0.0002	0.0190	0.0195	0.0118	0.0286	0.0105	0.0082	0.0073	0.0001	0.0206	0.0136	0.0252	0.0116	0.0179	0.0010	0.0028	0.0135	0.0110	0.0021	0.0116	0.0057	0.0118	0.0155	0.0020	0.0103	0.0123	0.0070	0.0058	0.0020	0.0031	0.0233	0.0134	0.0165	0.0229	0.0087	0.0177	0.0135	0.0013	0.0200	0.0135	
0.0175	0.0270	0.0081	0.0212	0.0007	0.0038	0.0096	0.0003	0.0288	0.0116	0.0007	0.0000	0.0083	0.0005	0.0159	0.0091	0.0033	0.0206	0.0001	0.0084	0.0011	0.0039	0.0034	0.0231	0.0037	0.0052	0.0030	0.0163	0.0099	0.0034	0.0100	0.0237	0.0226	0.0062	0.0020	0.0111	0.0065	0.0213	0.0020	0.0036	0.0045	0.0060	0.0071	0.0108	0.0023	0.0130	0.0052	0.0194	0.0280	0.0366	0.0156	0.0115	0.0013	0.0072	0.0210	0.0123	0.0174	0.0078	0.0135	0.0182	0.0013	0.0176	0.0136	0.0134	0.0018	0.0027	0.0018	0.0194	0.0274	0.0060	0.0022	0.0091	0.0164	0.0126	0.0049	0.0144	0.0128	0.0148	0.0105	0.0065	0.0003	0.0113	0.0142	0.0175	0.0075	0.0197	0.0275	0.0186	0.0235	0.0139	
0.0092	0.0204	0.0182	0.0086	0.0040	0.0130	0.0189	0.0178	0.0074	0.0275	0.0210	0.0070	0.0131	0.0139	0.0208	0.0045	0.0025	0.0064	0.0018	0.0007	0.0129	0.0027	0.0166	0.0100	0.0144	0.0170	0.0244	0.0017	0.0045	0.0045	0.0053	0.0107	0.0053	0.0062	0.0150	0.0039	0.0120	0.0062	0.0115	0.0179	0.0192	0.0201	0.0070	0.0142	0.0147	0.0179	0.0115	0.0010	0.0117	0.0021	0.0158	0.0143	0.0102	0.0115	0.0182	0.0084	0.0054	0.0090	0.0115	0.0100	0.0135	0.0164	0.0117	0.0029	0.0175	0.0050	0.0005	0.0111	0.0009	0.0134	0.0180	0.0172	0.0145	0.0141	0.0023	0.0150	0.0194	0.0171	0.0203	0.0023	0.0054	0.0162	0.0089	0.0018	0.0119	0.0123	0.0160	0.0136	0.0065	0.0011	

Emissions
0.2713	0.0210	0.3246	0.0378	0.1451	0.0390	0.0805	0.0713	0.0094	
0.0627	0.1465	0.2975	0.0005	0.1422	0.0928	0.0010	0.2554	0.0014	
0.0684	0.0149	0.2921	0.0381	0.1034	0.1700	0.0454	0.2237	0.0440	
0.1029	0.1888	0.0282	0.0233	0.0276	0.0449	0.2630	0.1759	0.1454	
0.0066	0.1159	0.1312	0.2183	0.0545	0.1140	0.1709	0.1227	0.0659	
0.0739	0.2067	0.1309	0.1254	0.0301	0.0945	0.2045	0.0803	0.0538	
0.0416	0.1425	0.1472	0.0136	0.1211	0.0513	0.2196	0.1818	0.0814	
0.1877	0.0261	0.1106	0.1003	0.0023	0.0480	0.1698	0.2894	0.0657	
0.1065	0.1211	0.1646	0.0105	0.0879	0.0278	0.0102	0.2549	0.2164	
0.0885	0.2168	0.0672	0.0143	0.0228	0.2261	0.2098	0.1243	0.0301	
0.0151	0.1735	0.1838	0.0035	0.0100	0.3878	0.0461	0.1339	0.0464	
0.0172	0.1483	0.2433	0.0318	0.0957	0.0705	0.0929	0.1326	0.1678	
0.1986	0.0444	0.2917	0.0507	0.0192	0.0282	0.0778	0.0681	0.2213	
0.0583	0.1785	0.2961	0.0696	0.0853	0.0514	0.0140	0.2048	0.0421	
0.0624	0.0392	0.1157	0.0097	0.1499	0.2743	0.1914	0.1506	0.0071	
0.0079	0.1129	0.3003	0.1913	0.0987	0.1260	0.0282	0.0216	0.1132	
0.0184	0.1405	0.1327	0.0083	0.1101	0.2499	0.1872	0.1246	0.0282	
0.0965	0.1440	0.2710	0.0740	0.0220	0.0632	0.0605	0.2126	0.0563	
0.1446	0.0832	0.1183	0.0311	0.1022	0.0778	0.0454	0.1300	0.2673	
0.0028	0.0989	0.2024	0.0003	0.0351	0.3231	0.1884	0.0780	0.0710	
0.1692	0.1253	0.1087	0.1099	0.1196	0.0049	0.1788	0.1143	0.0694	
0.0306	0.2119	0.0619	0.0640	0.0375	0.0132	0.1263	0.2130	0.2416	
0.0360	0.0140	0.1269	0.0185	0.0594	0.3842	0.0150	0.2474	0.0986	
0.1116	0.0906	0.1428	0.0393	0.0670	0.0604	0.1533	0.2307	0.1043	
0.0164	0.3204	0.2283	0.0293	0.0978	0.0684	0.0089	0.0082	0.2222	
0.0977	0.1131	0.0063	0.0664	0.0762	0.1616	0.1959	0.1506	0.1322	
0.0363	0.0686	0.0004	0.0095	0.0785	0.3517	0.1536	0.1715	0.1300	
0.1160	0.1490	0.1981	0.0567	0.0582	0.1095	0.1136	0.0824	0.1163	
0.0773	0.0055	0.1175	0.2474	0.0362	0.0548	0.2348	0.1628	0.0638	
0.0812	0.1936	0.2344	0.1070	0.0352	0.0161	0.1518	0.0900	0.0906	
0.0461	0.1160	0.1542	0.0163	0.1171	0.3511	0.1278	0.0474	0.0240	
0.1377	0.2030	0.2177	0.0160	0.0042	0.0391	0.1763	0.1065	0.0996	
0.0895	0.1133	0.3516	0.0968	0.1003	0.0202	0.1579	0.0414	0.0289	
0.0245	0.3305	0.1467	0.1303	0.0039	0.0416	0.0606	0.0421	0.2197	
0.0656	0.2039	0.1042	0.1100	0.0458	0.0062	0.0248	0.3165	0.1231	
0.0457	0.0272	0.2331	0.0337	0.1183	0.2478	0.1128	0.0489	0.1324	
0.0931	0.1812	0.2470	0.0466	0.0108	0.1112	0.1596	0.1013	0.0492	
0.1124	0.0344	0.2257	0.0813	0.0017	0.1327	0.0580	0.2020	0.1519	
0.0308	0.1999	0.2213	0.0813	0.0536	0.1340	0.0976	0.0348	0.1467	
0.0292	0.1434	0.0502	0.0113	0.0335	0.4230	0.1384	0.1144	0.0565	
0.0173	0.2008	0.1597	0.0499	0.1203	0.0605	0.2011	0.0906	0.0997	
0.1371	0.2702	0.0384	0.1271	0.0265	0.0376	0.2208	0.0873	0.0551	
0.0005	0.1392	0.0375	0.0553	0.1214	0.2940	0.1436	0.0727	0.1357	
0.0154	0.1786	0.2454	0.1944	0.0735	0.0243	0.0814	0.0472	0.1397	
0.1314	0.1555	0.0253	0.1923	0.0134	0.0296	0.0315	0.3599	0.0611	
0.0265	0.0798	0.0906	0.0000	0.1317	0.5164	0.1076	0.0324	0.0150	
0.0573	0.0585	0.0202	0.0631	0.0547	0.2575	0.1392	0.2365	0.1130	
0.1793	0.2188	0.0048	0.1338	0.0278	0.0057	0.0707	0.1405	0.2186	
0.0469	0.0462	0.1236	0.1790	0.0858	0.0102	0.1429	0.2174	0.1480	
0.1947	0.0266	0.0708	0.0051	0.0664	0.0809	0.0063	0.1105	0.4386	
0.1594	0.2078	0.0347	0.0568	0.0283	0.0529	0.1551	0.0936	0.2114	
0.0650	0.4370	0.0520	0.1056	0.0769	0.0674	0.0110	0.1202	0.0649	
0.1300	0.0671	0.0803	0.1380	0.0598	0.0622	0.1258	0.2237	0.1131	
0.0677	0.2079	0.1342	0.0491	0.1293	0.0562	0.0239	0.1667	0.1651	
0.1425	0.1795	0.2644	0.0091	0.0214	0.0753	0.0236	0.1313	0.1530	
0.1559	0.0372	0.1557	0.1206	0.1574	0.0408	0.0562	0.0985	0.1777	
0.0600	0.1926	0.2493	0.0159	0.0783	0.1115	0.1552	0.0501	0.0871	
0.1736	0.1929	0.0324	0.2014	0.0217	0.0082	0.1513	0.0859	0.1326	
0.0562	0.1757	0.0345	0.1318	0.0973	0.0841	0.2354	0.0196	0.1655	
0.0240	0.1287	0.2506	0.0042	0.0549	0.2261	0.0944	0.0907	0.1264	
0.1531	0.0504	0.0026	0.0740	0.0419	0.1902	0.1951	0.1291	0.1634	
0.0868	0.1374	0.2185	0.0341	0.0154	0.0848	0.1055	0.2162	0.1014	
0.0967	0.1327	0.2408	0.0414	0.0630	0.1063	0.1026	0.1083	0.1084	
0.1916	0.1074	0.0918	0.0752	0.0740	0.1520	0.0573	0.2466	0.0040	
0.0425	0.2001	0.0895	0.0009	0.2029	0.2352	0.1445	0.0387	0.0455	
0.2018	0.1928	0.0850	0.0041	0.0291	0.0297	0.1549	0.1567	0.1459	
0.0583	0.0606	0.2012	0.0012	0.1927	0.4287	0.0488	0.0036	0.0050	
0.2486	0.0550	0.0904	0.0409	0.0215	0.1025	0.2714	0.0700	0.0998	
0.1046	0.1313	0.2098	0.0957	0.0081	0.0371	0.0656	0.2007	0.1470	
0.0516	0.2015	0.2587	0.0510	0.0604	0.2286	0.0026	0.0725	0.0730	
0.0178	0.0301	0.1917	0.0005	0.1582	0.4476	0.0705	0.0715	0.0123	
0.0301	0.1860	0.2625	0.1449	0.0481	0.1189	0.0420	0.1593	0.0081	
0.1699	0.0942	0.0771	0.0120	0.1654	0.1189	0.0831	0.2337	0.0457	
0.0057	0.1510	0.1331	0.0005	0.0233	0.3735	0.2043	0.0230	0.0856	
0.1001	0.0371	0.2558	0.0778	0.0366	0.1194	0.0733	0.0565	0.2435	
0.1933	0.1426	0.1866	0.0462	0.1113	0.0205	0.2714	0.0168	0.0114	
0.1165	0.1053	0.0959	0.2042	0.0039	0.0332	0.3233	0.1077	0.0101	
0.1022	0.2333	0.1509	0.1138	0.0882	0.0070	0.0844	0.1630	0.0572	
0.0168	0.0239	0.0199	0.0004	0.2088	0.5845	0.0870	0.0257	0.0330	
0.1870	0.2203	0.0025	0.0821	0.0326	0.0218	0.2104	0.2394	0.0040	
0.2686	0.0257	0.0535	0.1273	0.0145	0.0200	0.1068	0.2972	0.0863	
0.1241	0.0100	0.1569	0.0920	0.0088	0.0169	0.1751	0.1686	0.2476	
0.2267	0.1185	0.1098	0.0739	0.0155	0.1254	0.1883	0.0225	0.1195	
0.0062	0.0406	0.2922	0.1161	0.0220	0.0490	0.0078	0.2954	0.1707	
0.0536	0.2456	0.0061	0.1985	0.0472	0.0347	0.1127	0.2487	0.0528	
0.1439	0.0418	0.1654	0.0955	0.0979	0.1916	0.0378	0.1841	0.0420	
0.1483	0.0856	0.3025	0.0457	0.0882	0.0044	0.1199	0.0872	0.1183	
0.0861	0.0110	0.3147	0.0101	0.0643	0.1375	0.1462	0.1157	0.1145	
0.1346	0.0011	0.2615	0.0031	0.1072	0.0521	0.0770	0.2153	0.1480	
0.0138	0.0401	0.1846	0.2834	0.0478	0.1594	0.0148	0.1645	0.0915	
