DataSet 36
Learner: Baum Welch Learner
Log Likelihood: 121826.1896281270

Number of States: 80
Number of Symbols: 9
Threshold: 0.01

Initial Distribution:
0.0054	0.0478	0.0188	0.0033	0.0124	0.0071	0.0007	0.0010	0.0007	0.0049	0.0002	0.0365	0.0016	0.0025	0.0096	0.0028	0.0079	0.0059	0.0064	0.0022	0.0192	0.0075	0.0097	0.0001	0.0153	0.0365	0.0091	0.0000	0.0065	0.0498	0.0035	0.0013	0.0005	0.0017	0.0002	0.0355	0.0004	0.0046	0.0230	0.0103	0.0018	0.0005	0.0192	0.0068	0.0193	0.0008	0.0007	0.0089	0.0001	0.2140	0.0010	0.0006	0.0107	0.0035	0.0009	0.0076	0.0003	0.0051	0.0338	0.1072	0.0001	0.0019	0.0394	0.0009	0.0015	0.0030	0.0334	0.0036	0.0040	0.0073	0.0001	0.0007	0.0102	0.0027	0.0099	0.0041	0.0015	0.0011	0.0193	0.0002	

Transitions:
0.0170	0.0211	0.0193	0.0176	0.0017	0.0128	0.0188	0.0089	0.0254	0.0048	0.0067	0.0079	0.0251	0.0202	0.0107	0.0160	0.0188	0.0057	0.0026	0.0096	0.0172	0.0104	0.0063	0.0189	0.0180	0.0234	0.0059	0.0034	0.0134	0.0087	0.0165	0.0034	0.0213	0.0146	0.0061	0.0021	0.0131	0.0033	0.0111	0.0174	0.0139	0.0077	0.0167	0.0090	0.0059	0.0188	0.0181	0.0018	0.0215	0.0143	0.0262	0.0192	0.0193	0.0053	0.0125	0.0061	0.0212	0.0081	0.0210	0.0020	0.0075	0.0119	0.0177	0.0137	0.0136	0.0024	0.0109	0.0049	0.0121	0.0083	0.0065	0.0164	0.0181	0.0084	0.0166	0.0102	0.0153	0.0200	0.0082	0.0034	
0.0068	0.0023	0.0061	0.0311	0.0141	0.0238	0.0062	0.0159	0.0042	0.0185	0.0130	0.0028	0.0058	0.0171	0.0153	0.0064	0.0124	0.0038	0.0262	0.0045	0.0032	0.0142	0.0106	0.0108	0.0094	0.0043	0.0030	0.0223	0.0124	0.0015	0.0164	0.0214	0.0298	0.0225	0.0267	0.0013	0.0033	0.0400	0.0026	0.0261	0.0227	0.0219	0.0015	0.0123	0.0233	0.0018	0.0134	0.0144	0.0295	0.0047	0.0364	0.0130	0.0202	0.0088	0.0261	0.0200	0.0151	0.0001	0.0081	0.0010	0.0238	0.0153	0.0036	0.0003	0.0055	0.0101	0.0041	0.0127	0.0195	0.0049	0.0030	0.0177	0.0033	0.0038	0.0044	0.0183	0.0204	0.0003	0.0060	0.0107	
0.0273	0.0107	0.0140	0.0297	0.0046	0.0038	0.0256	0.0185	0.0268	0.0050	0.0157	0.0019	0.0132	0.0009	0.0013	0.0125	0.0137	0.0014	0.0049	0.0117	0.0153	0.0051	0.0174	0.0166	0.0081	0.0050	0.0072	0.0264	0.0004	0.0088	0.0045	0.0174	0.0174	0.0024	0.0050	0.0000	0.0237	0.0086	0.0218	0.0077	0.0150	0.0147	0.0069	0.0060	0.0174	0.0009	0.0028	0.0032	0.0030	0.0095	0.0279	0.0126	0.0198	0.0330	0.0139	0.0184	0.0193	0.0038	0.0115	0.0127	0.0255	0.0011	0.0132	0.0109	0.0012	0.0204	0.0099	0.0161	0.0293	0.0008	0.0177	0.0123	0.0046	0.0235	0.0175	0.0149	0.0286	0.0158	0.0123	0.0100	
0.0076	0.0041	0.0193	0.0054	0.0141	0.0181	0.0168	0.0187	0.0147	0.0130	0.0073	0.0130	0.0136	0.0020	0.0093	0.0146	0.0202	0.0236	0.0043	0.0199	0.0132	0.0195	0.0070	0.0017	0.0033	0.0131	0.0054	0.0252	0.0058	0.0029	0.0210	0.0024	0.0123	0.0073	0.0143	0.0131	0.0081	0.0110	0.0194	0.0085	0.0054	0.0298	0.0192	0.0095	0.0161	0.0024	0.0186	0.0029	0.0156	0.0040	0.0148	0.0262	0.0117	0.0217	0.0192	0.0114	0.0297	0.0175	0.0024	0.0037	0.0130	0.0205	0.0083	0.0131	0.0172	0.0044	0.0023	0.0091	0.0133	0.0185	0.0111	0.0107	0.0017	0.0210	0.0164	0.0148	0.0203	0.0203	0.0069	0.0014	
0.0264	0.0019	0.0094	0.0020	0.0103	0.0227	0.0209	0.0156	0.0158	0.0255	0.0248	0.0099	0.0097	0.0221	0.0213	0.0115	0.0149	0.0059	0.0157	0.0125	0.0001	0.0117	0.0141	0.0240	0.0228	0.0067	0.0277	0.0191	0.0071	0.0049	0.0157	0.0017	0.0117	0.0013	0.0126	0.0064	0.0101	0.0063	0.0263	0.0235	0.0150	0.0152	0.0194	0.0146	0.0013	0.0170	0.0241	0.0125	0.0024	0.0029	0.0008	0.0147	0.0029	0.0168	0.0012	0.0079	0.0170	0.0178	0.0061	0.0035	0.0298	0.0223	0.0064	0.0057	0.0067	0.0166	0.0044	0.0110	0.0057	0.0056	0.0039	0.0110	0.0113	0.0004	0.0228	0.0137	0.0138	0.0263	0.0151	0.0018	
0.0137	0.0118	0.0135	0.0052	0.0046	0.0023	0.0348	0.0218	0.0002	0.0021	0.0316	0.0134	0.0007	0.0260	0.0203	0.0167	0.0059	0.0126	0.0068	0.0098	0.0147	0.0170	0.0059	0.0231	0.0292	0.0196	0.0072	0.0039	0.0162	0.0134	0.0216	0.0191	0.0005	0.0047	0.0257	0.0097	0.0124	0.0028	0.0019	0.0073	0.0187	0.0115	0.0079	0.0041	0.0121	0.0142	0.0076	0.0192	0.0102	0.0098	0.0099	0.0236	0.0139	0.0083	0.0125	0.0222	0.0087	0.0234	0.0058	0.0105	0.0285	0.0213	0.0030	0.0109	0.0067	0.0084	0.0191	0.0269	0.0244	0.0045	0.0075	0.0029	0.0177	0.0026	0.0164	0.0065	0.0083	0.0014	0.0065	0.0118	
0.0110	0.0190	0.0224	0.0067	0.0056	0.0252	0.0393	0.0150	0.0164	0.0003	0.0063	0.0127	0.0298	0.0119	0.0079	0.0225	0.0059	0.0161	0.0168	0.0033	0.0207	0.0085	0.0184	0.0009	0.0021	0.0060	0.0098	0.0170	0.0132	0.0055	0.0134	0.0040	0.0172	0.0132	0.0265	0.0079	0.0242	0.0166	0.0057	0.0060	0.0075	0.0179	0.0032	0.0205	0.0294	0.0191	0.0043	0.0215	0.0193	0.0201	0.0218	0.0113	0.0023	0.0027	0.0125	0.0012	0.0192	0.0216	0.0067	0.0288	0.0189	0.0108	0.0023	0.0085	0.0161	0.0005	0.0176	0.0023	0.0135	0.0018	0.0010	0.0067	0.0124	0.0102	0.0138	0.0015	0.0085	0.0225	0.0012	0.0082	
0.0013	0.0078	0.0195	0.0231	0.0060	0.0022	0.0016	0.0139	0.0071	0.0256	0.0103	0.0026	0.0109	0.0078	0.0169	0.0228	0.0201	0.0172	0.0110	0.0212	0.0215	0.0019	0.0076	0.0197	0.0157	0.0131	0.0205	0.0129	0.0091	0.0117	0.0174	0.0041	0.0183	0.0265	0.0237	0.0056	0.0161	0.0027	0.0053	0.0114	0.0225	0.0123	0.0211	0.0182	0.0141	0.0227	0.0230	0.0075	0.0256	0.0241	0.0072	0.0162	0.0089	0.0018	0.0115	0.0196	0.0015	0.0026	0.0089	0.0179	0.0057	0.0129	0.0036	0.0232	0.0049	0.0071	0.0107	0.0193	0.0084	0.0102	0.0086	0.0245	0.0119	0.0012	0.0008	0.0112	0.0048	0.0140	0.0002	0.0159	
0.0172	0.0141	0.0194	0.0117	0.0038	0.0027	0.0190	0.0206	0.0100	0.0245	0.0050	0.0159	0.0185	0.0112	0.0035	0.0105	0.0074	0.0001	0.0116	0.0100	0.0160	0.0073	0.0271	0.0130	0.0142	0.0190	0.0050	0.0070	0.0014	0.0014	0.0199	0.0123	0.0024	0.0183	0.0036	0.0179	0.0207	0.0154	0.0184	0.0027	0.0103	0.0189	0.0052	0.0108	0.0062	0.0229	0.0239	0.0003	0.0262	0.0185	0.0041	0.0059	0.0028	0.0158	0.0020	0.0087	0.0170	0.0070	0.0260	0.0152	0.0229	0.0151	0.0175	0.0102	0.0058	0.0189	0.0124	0.0016	0.0073	0.0148	0.0204	0.0183	0.0067	0.0097	0.0248	0.0243	0.0018	0.0130	0.0058	0.0210	
0.0215	0.0030	0.0087	0.0112	0.0269	0.0139	0.0072	0.0128	0.0131	0.0171	0.0013	0.0147	0.0145	0.0060	0.0049	0.0265	0.0004	0.0212	0.0065	0.0125	0.0069	0.0248	0.0146	0.0127	0.0221	0.0092	0.0211	0.0183	0.0233	0.0029	0.0073	0.0023	0.0019	0.0068	0.0194	0.0132	0.0029	0.0059	0.0127	0.0179	0.0085	0.0278	0.0108	0.0128	0.0093	0.0023	0.0004	0.0024	0.0058	0.0162	0.0253	0.0080	0.0082	0.0205	0.0116	0.0215	0.0110	0.0187	0.0104	0.0079	0.0153	0.0188	0.0164	0.0120	0.0108	0.0213	0.0099	0.0138	0.0125	0.0121	0.0270	0.0269	0.0060	0.0139	0.0010	0.0131	0.0112	0.0039	0.0003	0.0243	
0.0147	0.0222	0.0162	0.0180	0.0059	0.0002	0.0181	0.0103	0.0168	0.0248	0.0068	0.0050	0.0161	0.0030	0.0003	0.0210	0.0055	0.0292	0.0259	0.0115	0.0166	0.0172	0.0186	0.0228	0.0008	0.0025	0.0262	0.0199	0.0196	0.0022	0.0132	0.0077	0.0257	0.0169	0.0229	0.0222	0.0018	0.0238	0.0068	0.0125	0.0051	0.0033	0.0170	0.0135	0.0039	0.0215	0.0045	0.0044	0.0159	0.0069	0.0037	0.0126	0.0047	0.0144	0.0070	0.0238	0.0043	0.0204	0.0217	0.0037	0.0013	0.0304	0.0191	0.0188	0.0148	0.0004	0.0058	0.0011	0.0068	0.0078	0.0249	0.0073	0.0159	0.0112	0.0052	0.0133	0.0004	0.0045	0.0184	0.0087	
0.0300	0.0118	0.0034	0.0161	0.0204	0.0019	0.0027	0.0088	0.0139	0.0222	0.0229	0.0045	0.0041	0.0064	0.0140	0.0073	0.0105	0.0157	0.0011	0.0032	0.0088	0.0035	0.0176	0.0099	0.0096	0.0124	0.0171	0.0224	0.0091	0.0136	0.0211	0.0339	0.0043	0.0132	0.0061	0.0027	0.0256	0.0074	0.0220	0.0141	0.0260	0.0268	0.0127	0.0070	0.0118	0.0096	0.0032	0.0186	0.0009	0.0117	0.0023	0.0033	0.0034	0.0154	0.0213	0.0175	0.0270	0.0161	0.0005	0.0003	0.0127	0.0087	0.0171	0.0132	0.0013	0.0139	0.0039	0.0300	0.0316	0.0022	0.0119	0.0089	0.0027	0.0188	0.0048	0.0223	0.0138	0.0151	0.0113	0.0253	
0.0214	0.0028	0.0190	0.0113	0.0158	0.0188	0.0296	0.0152	0.0188	0.0120	0.0119	0.0186	0.0051	0.0180	0.0234	0.0136	0.0225	0.0019	0.0044	0.0223	0.0072	0.0101	0.0173	0.0224	0.0134	0.0237	0.0013	0.0144	0.0052	0.0050	0.0084	0.0076	0.0047	0.0010	0.0071	0.0078	0.0199	0.0105	0.0214	0.0086	0.0212	0.0118	0.0004	0.0127	0.0201	0.0144	0.0004	0.0080	0.0202	0.0225	0.0172	0.0096	0.0072	0.0165	0.0171	0.0088	0.0116	0.0223	0.0011	0.0233	0.0216	0.0083	0.0105	0.0093	0.0021	0.0026	0.0201	0.0036	0.0116	0.0130	0.0187	0.0094	0.0060	0.0178	0.0035	0.0180	0.0114	0.0037	0.0011	0.0181	
0.0200	0.0144	0.0171	0.0137	0.0077	0.0230	0.0216	0.0128	0.0101	0.0234	0.0262	0.0163	0.0107	0.0008	0.0128	0.0090	0.0019	0.0122	0.0079	0.0144	0.0228	0.0208	0.0221	0.0009	0.0167	0.0107	0.0033	0.0121	0.0122	0.0181	0.0187	0.0098	0.0166	0.0057	0.0004	0.0190	0.0158	0.0140	0.0006	0.0018	0.0037	0.0093	0.0165	0.0146	0.0149	0.0004	0.0200	0.0037	0.0069	0.0180	0.0184	0.0169	0.0146	0.0077	0.0170	0.0169	0.0325	0.0197	0.0184	0.0019	0.0201	0.0096	0.0178	0.0143	0.0002	0.0122	0.0016	0.0048	0.0003	0.0130	0.0267	0.0103	0.0132	0.0094	0.0144	0.0114	0.0016	0.0035	0.0059	0.0197	
0.0101	0.0175	0.0051	0.0218	0.0017	0.0003	0.0177	0.0128	0.0101	0.0010	0.0010	0.0148	0.0231	0.0253	0.0051	0.0178	0.0115	0.0059	0.0149	0.0061	0.0202	0.0158	0.0037	0.0171	0.0168	0.0092	0.0079	0.0088	0.0180	0.0045	0.0200	0.0206	0.0133	0.0020	0.0178	0.0152	0.0055	0.0218	0.0093	0.0227	0.0199	0.0168	0.0170	0.0214	0.0118	0.0020	0.0085	0.0124	0.0044	0.0131	0.0026	0.0191	0.0115	0.0249	0.0181	0.0151	0.0238	0.0144	0.0013	0.0113	0.0165	0.0083	0.0123	0.0035	0.0036	0.0054	0.0063	0.0210	0.0070	0.0059	0.0150	0.0192	0.0185	0.0147	0.0091	0.0087	0.0184	0.0043	0.0178	0.0210	
0.0023	0.0171	0.0033	0.0009	0.0032	0.0010	0.0059	0.0151	0.0070	0.0243	0.0031	0.0119	0.0176	0.0205	0.0091	0.0135	0.0224	0.0196	0.0233	0.0089	0.0195	0.0156	0.0068	0.0261	0.0059	0.0102	0.0006	0.0261	0.0166	0.0110	0.0233	0.0197	0.0204	0.0086	0.0150	0.0178	0.0065	0.0153	0.0241	0.0030	0.0004	0.0217	0.0134	0.0094	0.0041	0.0011	0.0203	0.0000	0.0079	0.0214	0.0096	0.0039	0.0093	0.0133	0.0249	0.0118	0.0135	0.0067	0.0190	0.0143	0.0005	0.0080	0.0216	0.0239	0.0255	0.0134	0.0189	0.0155	0.0070	0.0123	0.0079	0.0120	0.0166	0.0154	0.0089	0.0020	0.0001	0.0219	0.0150	0.0048	
0.0209	0.0005	0.0136	0.0192	0.0006	0.0219	0.0054	0.0045	0.0108	0.0003	0.0108	0.0210	0.0204	0.0106	0.0024	0.0171	0.0212	0.0145	0.0086	0.0162	0.0057	0.0079	0.0187	0.0246	0.0142	0.0011	0.0113	0.0180	0.0051	0.0191	0.0128	0.0179	0.0152	0.0171	0.0266	0.0168	0.0186	0.0063	0.0220	0.0067	0.0070	0.0192	0.0031	0.0063	0.0028	0.0082	0.0153	0.0113	0.0197	0.0139	0.0093	0.0076	0.0126	0.0275	0.0224	0.0090	0.0085	0.0198	0.0029	0.0205	0.0104	0.0138	0.0218	0.0120	0.0107	0.0184	0.0095	0.0053	0.0083	0.0021	0.0016	0.0191	0.0225	0.0049	0.0093	0.0183	0.0041	0.0115	0.0158	0.0075	
0.0139	0.0001	0.0024	0.0134	0.0118	0.0042	0.0005	0.0175	0.0174	0.0149	0.0177	0.0163	0.0018	0.0246	0.0216	0.0216	0.0148	0.0177	0.0245	0.0068	0.0213	0.0120	0.0014	0.0143	0.0128	0.0128	0.0086	0.0082	0.0174	0.0066	0.0056	0.0304	0.0053	0.0259	0.0121	0.0059	0.0097	0.0117	0.0224	0.0078	0.0191	0.0208	0.0102	0.0174	0.0068	0.0060	0.0109	0.0000	0.0095	0.0097	0.0242	0.0135	0.0197	0.0081	0.0073	0.0014	0.0252	0.0123	0.0183	0.0135	0.0170	0.0166	0.0008	0.0122	0.0065	0.0212	0.0140	0.0095	0.0101	0.0096	0.0121	0.0112	0.0166	0.0124	0.0139	0.0095	0.0207	0.0068	0.0017	0.0078	
0.0077	0.0075	0.0002	0.0017	0.0046	0.0120	0.0018	0.0246	0.0133	0.0106	0.0124	0.0128	0.0081	0.0028	0.0122	0.0024	0.0122	0.0014	0.0103	0.0100	0.0156	0.0044	0.0123	0.0260	0.0021	0.0129	0.0131	0.0060	0.0188	0.0198	0.0030	0.0191	0.0132	0.0149	0.0118	0.0048	0.0182	0.0206	0.0019	0.0130	0.0198	0.0211	0.0140	0.0202	0.0005	0.0155	0.0170	0.0115	0.0243	0.0076	0.0144	0.0206	0.0221	0.0122	0.0137	0.0025	0.0256	0.0030	0.0174	0.0093	0.0204	0.0171	0.0010	0.0174	0.0059	0.0195	0.0050	0.0220	0.0158	0.0043	0.0120	0.0247	0.0206	0.0165	0.0165	0.0215	0.0080	0.0135	0.0150	0.0112	
0.0259	0.0036	0.0062	0.0086	0.0062	0.0055	0.0141	0.0235	0.0246	0.0081	0.0125	0.0110	0.0187	0.0115	0.0156	0.0230	0.0152	0.0033	0.0160	0.0038	0.0099	0.0256	0.0208	0.0217	0.0001	0.0002	0.0221	0.0053	0.0208	0.0165	0.0162	0.0044	0.0079	0.0138	0.0191	0.0155	0.0162	0.0153	0.0060	0.0006	0.0058	0.0079	0.0199	0.0089	0.0148	0.0197	0.0166	0.0119	0.0026	0.0201	0.0076	0.0095	0.0006	0.0134	0.0245	0.0183	0.0060	0.0113	0.0089	0.0063	0.0081	0.0095	0.0009	0.0085	0.0146	0.0086	0.0062	0.0139	0.0172	0.0178	0.0082	0.0332	0.0219	0.0135	0.0220	0.0042	0.0029	0.0137	0.0236	0.0023	
0.0078	0.0066	0.0020	0.0052	0.0068	0.0083	0.0025	0.0157	0.0158	0.0164	0.0164	0.0023	0.0082	0.0334	0.0176	0.0214	0.0053	0.0100	0.0211	0.0104	0.0113	0.0045	0.0136	0.0055	0.0074	0.0056	0.0091	0.0104	0.0149	0.0130	0.0177	0.0166	0.0124	0.0065	0.0249	0.0111	0.0080	0.0289	0.0015	0.0069	0.0059	0.0159	0.0168	0.0202	0.0060	0.0041	0.0155	0.0235	0.0252	0.0012	0.0292	0.0141	0.0187	0.0173	0.0101	0.0026	0.0193	0.0148	0.0131	0.0142	0.0248	0.0166	0.0160	0.0156	0.0001	0.0171	0.0143	0.0019	0.0293	0.0115	0.0132	0.0126	0.0105	0.0154	0.0044	0.0024	0.0070	0.0168	0.0137	0.0060	
0.0193	0.0112	0.0092	0.0165	0.0191	0.0038	0.0244	0.0283	0.0258	0.0216	0.0051	0.0075	0.0028	0.0047	0.0085	0.0137	0.0168	0.0062	0.0251	0.0105	0.0137	0.0160	0.0235	0.0040	0.0123	0.0131	0.0050	0.0075	0.0100	0.0078	0.0212	0.0289	0.0010	0.0138	0.0052	0.0075	0.0090	0.0088	0.0203	0.0233	0.0010	0.0218	0.0053	0.0037	0.0142	0.0056	0.0067	0.0068	0.0068	0.0133	0.0123	0.0003	0.0215	0.0128	0.0167	0.0032	0.0198	0.0075	0.0013	0.0070	0.0261	0.0149	0.0121	0.0142	0.0221	0.0055	0.0088	0.0170	0.0264	0.0194	0.0066	0.0120	0.0122	0.0025	0.0109	0.0222	0.0083	0.0191	0.0101	0.0098	
0.0086	0.0181	0.0004	0.0213	0.0279	0.0251	0.0024	0.0143	0.0257	0.0008	0.0225	0.0216	0.0075	0.0160	0.0222	0.0106	0.0046	0.0145	0.0040	0.0114	0.0172	0.0170	0.0072	0.0081	0.0101	0.0016	0.0159	0.0194	0.0015	0.0168	0.0191	0.0214	0.0207	0.0189	0.0012	0.0002	0.0166	0.0251	0.0142	0.0040	0.0030	0.0200	0.0156	0.0225	0.0034	0.0057	0.0020	0.0296	0.0060	0.0181	0.0222	0.0142	0.0143	0.0005	0.0112	0.0153	0.0161	0.0143	0.0068	0.0189	0.0086	0.0091	0.0116	0.0005	0.0046	0.0211	0.0041	0.0181	0.0111	0.0159	0.0206	0.0114	0.0061	0.0016	0.0077	0.0049	0.0301	0.0092	0.0033	0.0049	
0.0002	0.0152	0.0165	0.0021	0.0031	0.0042	0.0044	0.0209	0.0057	0.0122	0.0089	0.0222	0.0096	0.0139	0.0201	0.0192	0.0051	0.0194	0.0177	0.0031	0.0024	0.0147	0.0142	0.0082	0.0038	0.0081	0.0089	0.0138	0.0196	0.0087	0.0162	0.0080	0.0151	0.0028	0.0219	0.0184	0.0178	0.0086	0.0217	0.0011	0.0186	0.0088	0.0075	0.0247	0.0113	0.0234	0.0207	0.0128	0.0059	0.0181	0.0181	0.0076	0.0157	0.0001	0.0026	0.0110	0.0252	0.0072	0.0259	0.0212	0.0186	0.0156	0.0029	0.0256	0.0239	0.0033	0.0075	0.0098	0.0187	0.0035	0.0013	0.0224	0.0186	0.0128	0.0082	0.0178	0.0052	0.0148	0.0213	0.0039	
0.0135	0.0161	0.0068	0.0057	0.0113	0.0116	0.0199	0.0150	0.0002	0.0078	0.0204	0.0118	0.0146	0.0013	0.0059	0.0051	0.0055	0.0065	0.0048	0.0109	0.0135	0.0131	0.0169	0.0031	0.0108	0.0023	0.0121	0.0015	0.0192	0.0066	0.0067	0.0104	0.0134	0.0205	0.0111	0.0003	0.0087	0.0308	0.0160	0.0116	0.0114	0.0210	0.0084	0.0109	0.0109	0.0156	0.0104	0.0232	0.0138	0.0025	0.0180	0.0255	0.0090	0.0136	0.0139	0.0292	0.0021	0.0051	0.0157	0.0047	0.0304	0.0165	0.0196	0.0155	0.0028	0.0070	0.0005	0.0213	0.0198	0.0048	0.0254	0.0084	0.0157	0.0198	0.0189	0.0326	0.0038	0.0071	0.0140	0.0279	
0.0206	0.0077	0.0087	0.0202	0.0269	0.0091	0.0281	0.0014	0.0101	0.0080	0.0298	0.0009	0.0053	0.0187	0.0124	0.0004	0.0213	0.0121	0.0092	0.0029	0.0069	0.0159	0.0026	0.0059	0.0047	0.0027	0.0057	0.0191	0.0115	0.0072	0.0208	0.0191	0.0154	0.0236	0.0130	0.0029	0.0298	0.0182	0.0217	0.0334	0.0083	0.0268	0.0055	0.0046	0.0054	0.0190	0.0038	0.0103	0.0100	0.0064	0.0045	0.0108	0.0222	0.0239	0.0099	0.0007	0.0119	0.0050	0.0043	0.0080	0.0023	0.0088	0.0080	0.0126	0.0065	0.0023	0.0110	0.0144	0.0342	0.0013	0.0026	0.0165	0.0225	0.0160	0.0184	0.0245	0.0160	0.0219	0.0130	0.0118	
0.0029	0.0198	0.0064	0.0182	0.0124	0.0129	0.0295	0.0225	0.0125	0.0089	0.0232	0.0104	0.0038	0.0090	0.0173	0.0008	0.0118	0.0099	0.0117	0.0028	0.0066	0.0188	0.0097	0.0056	0.0174	0.0137	0.0166	0.0127	0.0188	0.0156	0.0153	0.0128	0.0109	0.0181	0.0120	0.0023	0.0270	0.0197	0.0071	0.0041	0.0057	0.0135	0.0183	0.0106	0.0073	0.0152	0.0081	0.0149	0.0237	0.0141	0.0028	0.0183	0.0057	0.0239	0.0017	0.0082	0.0132	0.0028	0.0003	0.0168	0.0265	0.0103	0.0027	0.0118	0.0179	0.0059	0.0012	0.0074	0.0202	0.0118	0.0013	0.0166	0.0073	0.0105	0.0167	0.0217	0.0282	0.0232	0.0195	0.0028	
0.0084	0.0278	0.0202	0.0026	0.0162	0.0182	0.0064	0.0138	0.0154	0.0043	0.0140	0.0215	0.0168	0.0089	0.0060	0.0220	0.0090	0.0063	0.0164	0.0228	0.0137	0.0012	0.0166	0.0040	0.0187	0.0095	0.0119	0.0239	0.0006	0.0070	0.0089	0.0151	0.0059	0.0192	0.0118	0.0246	0.0166	0.0205	0.0195	0.0181	0.0013	0.0107	0.0130	0.0158	0.0000	0.0048	0.0216	0.0175	0.0050	0.0288	0.0073	0.0212	0.0048	0.0184	0.0140	0.0074	0.0063	0.0140	0.0124	0.0086	0.0088	0.0093	0.0139	0.0117	0.0264	0.0255	0.0132	0.0186	0.0009	0.0107	0.0053	0.0089	0.0069	0.0124	0.0192	0.0025	0.0127	0.0010	0.0038	0.0111	
0.0104	0.0139	0.0125	0.0031	0.0130	0.0123	0.0104	0.0075	0.0114	0.0044	0.0207	0.0025	0.0117	0.0152	0.0147	0.0162	0.0185	0.0218	0.0194	0.0002	0.0128	0.0022	0.0174	0.0238	0.0142	0.0209	0.0075	0.0158	0.0198	0.0092	0.0152	0.0071	0.0092	0.0003	0.0239	0.0125	0.0210	0.0093	0.0140	0.0040	0.0170	0.0100	0.0102	0.0188	0.0132	0.0013	0.0198	0.0162	0.0028	0.0052	0.0060	0.0103	0.0042	0.0031	0.0200	0.0064	0.0298	0.0202	0.0090	0.0155	0.0076	0.0152	0.0060	0.0259	0.0091	0.0094	0.0204	0.0125	0.0157	0.0144	0.0221	0.0134	0.0103	0.0167	0.0095	0.0036	0.0110	0.0213	0.0020	0.0150	
0.0014	0.0081	0.0069	0.0276	0.0060	0.0057	0.0019	0.0075	0.0036	0.0106	0.0285	0.0165	0.0006	0.0374	0.0298	0.0243	0.0017	0.0123	0.0155	0.0108	0.0053	0.0124	0.0016	0.0064	0.0059	0.0106	0.0046	0.0186	0.0230	0.0110	0.0222	0.0001	0.0220	0.0249	0.0283	0.0067	0.0149	0.0264	0.0208	0.0092	0.0082	0.0179	0.0077	0.0043	0.0030	0.0017	0.0118	0.0224	0.0295	0.0055	0.0049	0.0002	0.0113	0.0332	0.0095	0.0171	0.0164	0.0041	0.0079	0.0050	0.0005	0.0167	0.0089	0.0092	0.0107	0.0158	0.0045	0.0102	0.0360	0.0026	0.0122	0.0211	0.0229	0.0067	0.0008	0.0363	0.0006	0.0223	0.0008	0.0079	
0.0113	0.0113	0.0157	0.0032	0.0120	0.0165	0.0156	0.0239	0.0123	0.0063	0.0056	0.0032	0.0028	0.0082	0.0052	0.0185	0.0003	0.0007	0.0097	0.0075	0.0192	0.0048	0.0191	0.0183	0.0053	0.0134	0.0032	0.0072	0.0168	0.0125	0.0142	0.0171	0.0048	0.0049	0.0253	0.0097	0.0230	0.0078	0.0171	0.0227	0.0054	0.0067	0.0162	0.0129	0.0201	0.0054	0.0088	0.0122	0.0278	0.0058	0.0178	0.0243	0.0096	0.0158	0.0089	0.0052	0.0187	0.0014	0.0208	0.0197	0.0163	0.0066	0.0051	0.0226	0.0163	0.0143	0.0226	0.0230	0.0090	0.0152	0.0232	0.0182	0.0064	0.0090	0.0024	0.0139	0.0106	0.0063	0.0144	0.0245	
0.0070	0.0127	0.0066	0.0106	0.0183	0.0147	0.0028	0.0158	0.0198	0.0176	0.0208	0.0218	0.0100	0.0211	0.0095	0.0240	0.0003	0.0246	0.0274	0.0091	0.0072	0.0150	0.0037	0.0084	0.0075	0.0027	0.0160	0.0013	0.0203	0.0191	0.0201	0.0138	0.0096	0.0266	0.0195	0.0007	0.0005	0.0203	0.0036	0.0006	0.0099	0.0158	0.0014	0.0181	0.0200	0.0039	0.0056	0.0120	0.0019	0.0039	0.0148	0.0174	0.0088	0.0079	0.0181	0.0172	0.0140	0.0002	0.0033	0.0157	0.0206	0.0022	0.0215	0.0025	0.0251	0.0099	0.0105	0.0144	0.0007	0.0105	0.0332	0.0085	0.0142	0.0239	0.0263	0.0210	0.0093	0.0099	0.0090	0.0058	
0.0244	0.0048	0.0275	0.0090	0.0042	0.0021	0.0024	0.0024	0.0041	0.0252	0.0144	0.0004	0.0142	0.0094	0.0026	0.0102	0.0138	0.0270	0.0202	0.0125	0.0175	0.0191	0.0112	0.0220	0.0064	0.0076	0.0003	0.0129	0.0112	0.0248	0.0094	0.0279	0.0192	0.0229	0.0215	0.0174	0.0025	0.0106	0.0201	0.0173	0.0067	0.0087	0.0078	0.0013	0.0172	0.0249	0.0157	0.0046	0.0219	0.0135	0.0030	0.0141	0.0148	0.0189	0.0128	0.0045	0.0178	0.0064	0.0048	0.0196	0.0021	0.0179	0.0162	0.0056	0.0195	0.0155	0.0073	0.0167	0.0164	0.0119	0.0087	0.0041	0.0017	0.0172	0.0045	0.0102	0.0102	0.0107	0.0237	0.0087	
0.0197	0.0142	0.0136	0.0183	0.0154	0.0191	0.0050	0.0247	0.0115	0.0152	0.0003	0.0181	0.0045	0.0015	0.0167	0.0141	0.0148	0.0022	0.0099	0.0030	0.0138	0.0285	0.0126	0.0129	0.0044	0.0231	0.0075	0.0179	0.0172	0.0019	0.0163	0.0100	0.0056	0.0242	0.0030	0.0049	0.0003	0.0169	0.0089	0.0182	0.0068	0.0176	0.0041	0.0013	0.0066	0.0115	0.0215	0.0006	0.0038	0.0132	0.0182	0.0071	0.0000	0.0180	0.0165	0.0124	0.0086	0.0055	0.0135	0.0162	0.0115	0.0105	0.0035	0.0121	0.0204	0.0175	0.0162	0.0102	0.0201	0.0116	0.0203	0.0312	0.0162	0.0177	0.0220	0.0227	0.0145	0.0094	0.0011	0.0181	
0.0018	0.0085	0.0199	0.0019	0.0079	0.0109	0.0073	0.0122	0.0025	0.0102	0.0246	0.0224	0.0031	0.0115	0.0039	0.0226	0.0101	0.0217	0.0050	0.0160	0.0227	0.0151	0.0024	0.0194	0.0258	0.0252	0.0165	0.0077	0.0002	0.0211	0.0259	0.0232	0.0050	0.0240	0.0218	0.0057	0.0193	0.0019	0.0023	0.0102	0.0101	0.0040	0.0070	0.0143	0.0128	0.0244	0.0178	0.0052	0.0164	0.0284	0.0138	0.0000	0.0065	0.0099	0.0233	0.0139	0.0062	0.0016	0.0045	0.0089	0.0212	0.0295	0.0112	0.0088	0.0141	0.0050	0.0145	0.0051	0.0171	0.0306	0.0044	0.0086	0.0151	0.0165	0.0041	0.0193	0.0073	0.0138	0.0036	0.0018	
0.0105	0.0051	0.0101	0.0023	0.0056	0.0249	0.0164	0.0153	0.0017	0.0048	0.0266	0.0113	0.0245	0.0347	0.0195	0.0127	0.0164	0.0145	0.0033	0.0076	0.0035	0.0135	0.0081	0.0157	0.0164	0.0025	0.0076	0.0146	0.0068	0.0022	0.0060	0.0198	0.0254	0.0030	0.0009	0.0032	0.0076	0.0151	0.0040	0.0189	0.0148	0.0225	0.0024	0.0089	0.0203	0.0089	0.0115	0.0325	0.0044	0.0065	0.0008	0.0103	0.0095	0.0287	0.0222	0.0211	0.0198	0.0014	0.0047	0.0108	0.0185	0.0266	0.0084	0.0162	0.0005	0.0053	0.0143	0.0412	0.0282	0.0027	0.0043	0.0119	0.0181	0.0160	0.0130	0.0180	0.0134	0.0020	0.0086	0.0081	
0.0244	0.0098	0.0122	0.0124	0.0030	0.0219	0.0064	0.0033	0.0063	0.0065	0.0135	0.0048	0.0018	0.0051	0.0212	0.0181	0.0084	0.0066	0.0101	0.0174	0.0184	0.0170	0.0054	0.0283	0.0151	0.0183	0.0153	0.0234	0.0046	0.0123	0.0128	0.0241	0.0130	0.0252	0.0019	0.0071	0.0161	0.0245	0.0198	0.0041	0.0011	0.0189	0.0143	0.0136	0.0170	0.0005	0.0071	0.0140	0.0224	0.0305	0.0015	0.0040	0.0169	0.0237	0.0173	0.0060	0.0046	0.0125	0.0007	0.0126	0.0078	0.0122	0.0249	0.0223	0.0244	0.0190	0.0191	0.0036	0.0039	0.0176	0.0030	0.0101	0.0099	0.0045	0.0161	0.0013	0.0026	0.0182	0.0061	0.0138	
0.0115	0.0003	0.0015	0.0053	0.0062	0.0073	0.0022	0.0146	0.0090	0.0271	0.0034	0.0023	0.0193	0.0094	0.0216	0.0159	0.0173	0.0187	0.0182	0.0215	0.0076	0.0040	0.0106	0.0066	0.0222	0.0193	0.0165	0.0147	0.0088	0.0158	0.0032	0.0190	0.0069	0.0148	0.0014	0.0058	0.0113	0.0152	0.0114	0.0112	0.0175	0.0098	0.0201	0.0083	0.0087	0.0252	0.0096	0.0019	0.0107	0.0276	0.0086	0.0113	0.0246	0.0049	0.0051	0.0046	0.0220	0.0239	0.0087	0.0127	0.0170	0.0133	0.0017	0.0223	0.0195	0.0178	0.0278	0.0123	0.0070	0.0118	0.0083	0.0424	0.0059	0.0079	0.0104	0.0001	0.0061	0.0022	0.0179	0.0231	
0.0084	0.0097	0.0028	0.0102	0.0049	0.0169	0.0144	0.0007	0.0096	0.0161	0.0212	0.0080	0.0103	0.0276	0.0179	0.0008	0.0048	0.0023	0.0132	0.0190	0.0022	0.0220	0.0172	0.0215	0.0135	0.0072	0.0051	0.0182	0.0179	0.0032	0.0205	0.0134	0.0038	0.0108	0.0081	0.0005	0.0121	0.0175	0.0106	0.0266	0.0029	0.0234	0.0018	0.0109	0.0173	0.0190	0.0132	0.0089	0.0162	0.0046	0.0235	0.0036	0.0092	0.0246	0.0161	0.0077	0.0252	0.0083	0.0119	0.0130	0.0129	0.0191	0.0031	0.0027	0.0148	0.0031	0.0078	0.0248	0.0131	0.0109	0.0163	0.0167	0.0159	0.0166	0.0168	0.0070	0.0206	0.0057	0.0145	0.0253	
0.0247	0.0151	0.0018	0.0132	0.0093	0.0216	0.0016	0.0110	0.0213	0.0226	0.0065	0.0211	0.0004	0.0221	0.0119	0.0064	0.0193	0.0225	0.0145	0.0180	0.0111	0.0203	0.0248	0.0297	0.0159	0.0073	0.0146	0.0228	0.0040	0.0099	0.0127	0.0194	0.0137	0.0201	0.0010	0.0104	0.0239	0.0161	0.0190	0.0020	0.0020	0.0007	0.0038	0.0153	0.0113	0.0205	0.0132	0.0009	0.0052	0.0090	0.0187	0.0201	0.0138	0.0028	0.0112	0.0026	0.0357	0.0066	0.0172	0.0025	0.0063	0.0068	0.0037	0.0070	0.0100	0.0143	0.0119	0.0084	0.0147	0.0185	0.0188	0.0007	0.0068	0.0176	0.0188	0.0115	0.0125	0.0060	0.0073	0.0016	
0.0215	0.0091	0.0165	0.0146	0.0236	0.0153	0.0189	0.0145	0.0045	0.0202	0.0140	0.0146	0.0172	0.0144	0.0192	0.0208	0.0208	0.0272	0.0053	0.0224	0.0061	0.0063	0.0100	0.0090	0.0208	0.0125	0.0134	0.0227	0.0145	0.0014	0.0156	0.0207	0.0236	0.0217	0.0084	0.0155	0.0133	0.0125	0.0090	0.0184	0.0118	0.0261	0.0012	0.0170	0.0038	0.0002	0.0048	0.0159	0.0215	0.0169	0.0135	0.0172	0.0020	0.0102	0.0195	0.0125	0.0011	0.0080	0.0163	0.0063	0.0005	0.0002	0.0011	0.0050	0.0079	0.0213	0.0115	0.0018	0.0060	0.0024	0.0097	0.0125	0.0097	0.0097	0.0063	0.0109	0.0041	0.0150	0.0031	0.0253	
0.0115	0.0216	0.0051	0.0142	0.0102	0.0002	0.0145	0.0165	0.0228	0.0219	0.0182	0.0051	0.0134	0.0027	0.0183	0.0154	0.0209	0.0246	0.0095	0.0048	0.0129	0.0037	0.0114	0.0211	0.0133	0.0041	0.0011	0.0170	0.0043	0.0115	0.0095	0.0089	0.0061	0.0237	0.0228	0.0020	0.0207	0.0090	0.0175	0.0074	0.0075	0.0289	0.0022	0.0110	0.0078	0.0020	0.0186	0.0102	0.0189	0.0181	0.0114	0.0083	0.0101	0.0206	0.0106	0.0060	0.0141	0.0127	0.0036	0.0078	0.0219	0.0246	0.0101	0.0159	0.0118	0.0113	0.0264	0.0208	0.0060	0.0177	0.0256	0.0148	0.0042	0.0014	0.0240	0.0123	0.0009	0.0006	0.0090	0.0112	
0.0110	0.0096	0.0172	0.0153	0.0214	0.0019	0.0241	0.0080	0.0128	0.0121	0.0174	0.0059	0.0064	0.0124	0.0089	0.0094	0.0128	0.0105	0.0268	0.0220	0.0019	0.0250	0.0036	0.0004	0.0160	0.0010	0.0028	0.0100	0.0006	0.0163	0.0056	0.0130	0.0034	0.0179	0.0247	0.0044	0.0278	0.0273	0.0155	0.0103	0.0131	0.0177	0.0061	0.0145	0.0011	0.0111	0.0050	0.0221	0.0212	0.0069	0.0278	0.0127	0.0005	0.0123	0.0080	0.0088	0.0111	0.0173	0.0141	0.0129	0.0260	0.0124	0.0056	0.0111	0.0055	0.0028	0.0044	0.0192	0.0127	0.0153	0.0098	0.0231	0.0211	0.0164	0.0079	0.0152	0.0191	0.0116	0.0157	0.0075	
0.0243	0.0054	0.0126	0.0121	0.0002	0.0176	0.0105	0.0185	0.0098	0.0121	0.0244	0.0209	0.0024	0.0232	0.0091	0.0017	0.0079	0.0176	0.0077	0.0205	0.0061	0.0173	0.0088	0.0214	0.0027	0.0048	0.0147	0.0091	0.0017	0.0179	0.0165	0.0268	0.0005	0.0122	0.0243	0.0109	0.0226	0.0210	0.0120	0.0169	0.0148	0.0138	0.0035	0.0205	0.0009	0.0099	0.0146	0.0023	0.0079	0.0055	0.0040	0.0205	0.0044	0.0011	0.0234	0.0044	0.0239	0.0187	0.0078	0.0148	0.0028	0.0017	0.0135	0.0127	0.0171	0.0008	0.0236	0.0190	0.0203	0.0150	0.0052	0.0168	0.0075	0.0174	0.0051	0.0220	0.0123	0.0113	0.0151	0.0176	
0.0186	0.0100	0.0017	0.0197	0.0152	0.0211	0.0257	0.0199	0.0141	0.0152	0.0218	0.0158	0.0119	0.0224	0.0121	0.0138	0.0190	0.0091	0.0011	0.0001	0.0079	0.0215	0.0057	0.0134	0.0021	0.0106	0.0150	0.0135	0.0167	0.0035	0.0155	0.0092	0.0044	0.0134	0.0028	0.0074	0.0261	0.0203	0.0196	0.0264	0.0069	0.0232	0.0029	0.0010	0.0214	0.0040	0.0022	0.0156	0.0064	0.0099	0.0259	0.0187	0.0077	0.0181	0.0059	0.0173	0.0063	0.0112	0.0142	0.0012	0.0088	0.0048	0.0028	0.0048	0.0011	0.0073	0.0177	0.0214	0.0150	0.0127	0.0135	0.0242	0.0200	0.0018	0.0125	0.0116	0.0222	0.0054	0.0097	0.0198	
0.0152	0.0221	0.0065	0.0057	0.0051	0.0190	0.0227	0.0112	0.0107	0.0109	0.0084	0.0086	0.0032	0.0179	0.0152	0.0026	0.0200	0.0192	0.0217	0.0123	0.0089	0.0090	0.0228	0.0079	0.0244	0.0229	0.0011	0.0088	0.0006	0.0217	0.0203	0.0013	0.0245	0.0198	0.0137	0.0081	0.0233	0.0193	0.0008	0.0058	0.0107	0.0086	0.0081	0.0049	0.0127	0.0057	0.0200	0.0018	0.0120	0.0171	0.0142	0.0230	0.0052	0.0195	0.0122	0.0039	0.0241	0.0236	0.0088	0.0062	0.0203	0.0127	0.0108	0.0139	0.0125	0.0071	0.0113	0.0099	0.0043	0.0058	0.0036	0.0283	0.0220	0.0166	0.0038	0.0012	0.0002	0.0192	0.0175	0.0133	
0.0043	0.0233	0.0249	0.0105	0.0041	0.0235	0.0199	0.0012	0.0073	0.0099	0.0110	0.0247	0.0119	0.0187	0.0098	0.0216	0.0223	0.0190	0.0164	0.0070	0.0230	0.0134	0.0228	0.0042	0.0108	0.0181	0.0021	0.0114	0.0212	0.0127	0.0042	0.0061	0.0066	0.0189	0.0033	0.0200	0.0153	0.0218	0.0107	0.0138	0.0109	0.0106	0.0017	0.0215	0.0198	0.0043	0.0100	0.0020	0.0108	0.0086	0.0043	0.0072	0.0019	0.0088	0.0192	0.0152	0.0027	0.0225	0.0017	0.0123	0.0225	0.0095	0.0063	0.0234	0.0056	0.0063	0.0202	0.0228	0.0144	0.0158	0.0085	0.0281	0.0077	0.0037	0.0215	0.0124	0.0091	0.0010	0.0075	0.0059	
0.0079	0.0000	0.0019	0.0115	0.0054	0.0209	0.0031	0.0237	0.0248	0.0098	0.0212	0.0144	0.0235	0.0259	0.0149	0.0023	0.0025	0.0045	0.0129	0.0132	0.0095	0.0137	0.0107	0.0230	0.0221	0.0063	0.0246	0.0260	0.0129	0.0049	0.0063	0.0016	0.0127	0.0180	0.0057	0.0135	0.0073	0.0156	0.0128	0.0071	0.0026	0.0238	0.0182	0.0042	0.0171	0.0128	0.0218	0.0089	0.0154	0.0149	0.0100	0.0037	0.0073	0.0158	0.0173	0.0160	0.0165	0.0074	0.0108	0.0173	0.0230	0.0041	0.0066	0.0161	0.0038	0.0144	0.0057	0.0023	0.0161	0.0143	0.0231	0.0110	0.0152	0.0077	0.0111	0.0134	0.0147	0.0056	0.0189	0.0124	
0.0095	0.0163	0.0115	0.0182	0.0208	0.0030	0.0192	0.0258	0.0007	0.0129	0.0089	0.0256	0.0051	0.0138	0.0088	0.0230	0.0144	0.0052	0.0006	0.0041	0.0075	0.0243	0.0203	0.0227	0.0261	0.0009	0.0143	0.0012	0.0036	0.0062	0.0024	0.0090	0.0102	0.0013	0.0181	0.0099	0.0203	0.0113	0.0222	0.0014	0.0003	0.0093	0.0018	0.0062	0.0113	0.0254	0.0045	0.0027	0.0297	0.0196	0.0012	0.0119	0.0052	0.0180	0.0054	0.0120	0.0250	0.0198	0.0253	0.0234	0.0166	0.0171	0.0216	0.0216	0.0126	0.0006	0.0155	0.0036	0.0207	0.0002	0.0054	0.0004	0.0090	0.0225	0.0040	0.0221	0.0197	0.0124	0.0097	0.0262	
0.0222	0.0026	0.0005	0.0284	0.0046	0.0164	0.0033	0.0148	0.0337	0.0028	0.0199	0.0010	0.0248	0.0014	0.0146	0.0115	0.0117	0.0034	0.0296	0.0126	0.0032	0.0005	0.0024	0.0270	0.0048	0.0002	0.0018	0.0109	0.0123	0.0018	0.0163	0.0090	0.0108	0.0232	0.0313	0.0007	0.0242	0.0115	0.0146	0.0301	0.0227	0.0274	0.0033	0.0129	0.0082	0.0016	0.0103	0.0111	0.0169	0.0017	0.0182	0.0151	0.0113	0.0507	0.0160	0.0196	0.0055	0.0006	0.0023	0.0007	0.0191	0.0199	0.0003	0.0088	0.0033	0.0008	0.0112	0.0382	0.0027	0.0011	0.0195	0.0149	0.0148	0.0035	0.0098	0.0232	0.0330	0.0103	0.0029	0.0104	
0.0171	0.0188	0.0203	0.0189	0.0162	0.0021	0.0193	0.0120	0.0074	0.0043	0.0013	0.0106	0.0193	0.0119	0.0042	0.0027	0.0232	0.0189	0.0035	0.0096	0.0081	0.0195	0.0082	0.0100	0.0262	0.0007	0.0242	0.0124	0.0099	0.0062	0.0025	0.0245	0.0153	0.0235	0.0143	0.0197	0.0026	0.0035	0.0167	0.0119	0.0065	0.0107	0.0101	0.0235	0.0031	0.0085	0.0092	0.0027	0.0269	0.0129	0.0115	0.0250	0.0073	0.0199	0.0228	0.0169	0.0142	0.0109	0.0248	0.0217	0.0039	0.0070	0.0246	0.0017	0.0010	0.0086	0.0297	0.0011	0.0202	0.0082	0.0006	0.0245	0.0017	0.0162	0.0056	0.0189	0.0067	0.0096	0.0053	0.0136	
0.0180	0.0178	0.0147	0.0023	0.0165	0.0030	0.0114	0.0181	0.0201	0.0158	0.0089	0.0183	0.0068	0.0184	0.0071	0.0248	0.0091	0.0091	0.0237	0.0206	0.0115	0.0097	0.0030	0.0185	0.0081	0.0174	0.0222	0.0180	0.0244	0.0015	0.0149	0.0024	0.0058	0.0082	0.0064	0.0077	0.0194	0.0210	0.0088	0.0191	0.0186	0.0071	0.0030	0.0087	0.0007	0.0092	0.0111	0.0058	0.0125	0.0057	0.0130	0.0001	0.0105	0.0085	0.0029	0.0075	0.0184	0.0008	0.0172	0.0180	0.0056	0.0242	0.0187	0.0253	0.0027	0.0071	0.0096	0.0254	0.0144	0.0314	0.0071	0.0149	0.0183	0.0201	0.0202	0.0066	0.0055	0.0184	0.0124	0.0002	
0.0129	0.0106	0.0037	0.0143	0.0117	0.0132	0.0118	0.0283	0.0063	0.0236	0.0195	0.0151	0.0015	0.0199	0.0183	0.0019	0.0106	0.0069	0.0075	0.0175	0.0194	0.0152	0.0157	0.0158	0.0007	0.0000	0.0013	0.0129	0.0125	0.0194	0.0016	0.0359	0.0122	0.0253	0.0116	0.0081	0.0183	0.0090	0.0094	0.0184	0.0164	0.0233	0.0164	0.0167	0.0053	0.0141	0.0127	0.0109	0.0091	0.0161	0.0254	0.0238	0.0148	0.0217	0.0048	0.0171	0.0002	0.0156	0.0100	0.0094	0.0116	0.0012	0.0091	0.0111	0.0171	0.0177	0.0056	0.0110	0.0030	0.0033	0.0151	0.0043	0.0237	0.0221	0.0017	0.0047	0.0173	0.0005	0.0044	0.0139	
0.0141	0.0156	0.0062	0.0140	0.0002	0.0023	0.0115	0.0222	0.0178	0.0152	0.0183	0.0172	0.0188	0.0214	0.0014	0.0151	0.0059	0.0087	0.0153	0.0111	0.0087	0.0043	0.0083	0.0037	0.0110	0.0222	0.0012	0.0230	0.0138	0.0013	0.0044	0.0319	0.0133	0.0235	0.0297	0.0176	0.0248	0.0162	0.0080	0.0199	0.0097	0.0128	0.0166	0.0148	0.0125	0.0125	0.0067	0.0023	0.0204	0.0119	0.0221	0.0084	0.0058	0.0147	0.0037	0.0069	0.0122	0.0036	0.0039	0.0055	0.0016	0.0130	0.0012	0.0137	0.0085	0.0143	0.0136	0.0195	0.0175	0.0040	0.0231	0.0134	0.0012	0.0234	0.0040	0.0182	0.0095	0.0184	0.0123	0.0230	
0.0130	0.0224	0.0032	0.0063	0.0028	0.0181	0.0184	0.0215	0.0190	0.0164	0.0119	0.0156	0.0148	0.0019	0.0170	0.0184	0.0084	0.0049	0.0075	0.0018	0.0023	0.0129	0.0063	0.0126	0.0143	0.0122	0.0076	0.0071	0.0139	0.0062	0.0220	0.0198	0.0169	0.0057	0.0203	0.0026	0.0120	0.0164	0.0091	0.0103	0.0186	0.0155	0.0240	0.0047	0.0163	0.0047	0.0164	0.0218	0.0076	0.0111	0.0118	0.0074	0.0085	0.0086	0.0205	0.0226	0.0175	0.0177	0.0179	0.0135	0.0126	0.0113	0.0074	0.0158	0.0209	0.0209	0.0006	0.0119	0.0071	0.0161	0.0074	0.0169	0.0174	0.0169	0.0057	0.0124	0.0114	0.0018	0.0166	0.0087	
0.0257	0.0099	0.0228	0.0034	0.0153	0.0163	0.0119	0.0053	0.0132	0.0201	0.0147	0.0154	0.0315	0.0218	0.0254	0.0095	0.0061	0.0067	0.0098	0.0218	0.0037	0.0054	0.0164	0.0198	0.0035	0.0206	0.0147	0.0200	0.0034	0.0070	0.0122	0.0160	0.0299	0.0083	0.0231	0.0030	0.0146	0.0044	0.0230	0.0027	0.0137	0.0207	0.0011	0.0119	0.0042	0.0113	0.0157	0.0004	0.0288	0.0227	0.0073	0.0039	0.0111	0.0190	0.0050	0.0184	0.0201	0.0082	0.0003	0.0160	0.0054	0.0167	0.0019	0.0024	0.0082	0.0215	0.0189	0.0164	0.0009	0.0150	0.0200	0.0015	0.0124	0.0073	0.0078	0.0093	0.0050	0.0039	0.0111	0.0164	
0.0082	0.0100	0.0165	0.0055	0.0008	0.0079	0.0196	0.0065	0.0045	0.0028	0.0093	0.0042	0.0036	0.0037	0.0206	0.0186	0.0177	0.0235	0.0048	0.0071	0.0167	0.0006	0.0239	0.0024	0.0236	0.0054	0.0163	0.0056	0.0093	0.0208	0.0106	0.0163	0.0174	0.0094	0.0100	0.0166	0.0006	0.0189	0.0020	0.0244	0.0172	0.0143	0.0094	0.0226	0.0082	0.0186	0.0209	0.0070	0.0105	0.0159	0.0150	0.0058	0.0222	0.0044	0.0217	0.0063	0.0115	0.0138	0.0066	0.0215	0.0138	0.0188	0.0223	0.0100	0.0166	0.0194	0.0097	0.0206	0.0158	0.0065	0.0228	0.0251	0.0183	0.0054	0.0119	0.0032	0.0140	0.0014	0.0194	0.0055	
0.0093	0.0091	0.0182	0.0207	0.0045	0.0058	0.0201	0.0130	0.0106	0.0031	0.0058	0.0111	0.0147	0.0075	0.0088	0.0038	0.0162	0.0202	0.0064	0.0130	0.0081	0.0017	0.0131	0.0041	0.0182	0.0150	0.0105	0.0178	0.0188	0.0186	0.0164	0.0095	0.0215	0.0010	0.0120	0.0049	0.0210	0.0028	0.0066	0.0126	0.0036	0.0180	0.0095	0.0133	0.0266	0.0085	0.0095	0.0166	0.0246	0.0067	0.0136	0.0161	0.0180	0.0059	0.0221	0.0074	0.0180	0.0148	0.0016	0.0095	0.0229	0.0268	0.0208	0.0119	0.0101	0.0184	0.0135	0.0149	0.0212	0.0021	0.0068	0.0133	0.0174	0.0197	0.0080	0.0190	0.0202	0.0004	0.0036	0.0089	
0.0113	0.0102	0.0112	0.0123	0.0096	0.0002	0.0191	0.0146	0.0052	0.0039	0.0123	0.0024	0.0006	0.0342	0.0166	0.0044	0.0200	0.0134	0.0018	0.0042	0.0112	0.0204	0.0144	0.0217	0.0002	0.0104	0.0215	0.0002	0.0205	0.0031	0.0144	0.0189	0.0137	0.0165	0.0256	0.0002	0.0058	0.0162	0.0052	0.0148	0.0045	0.0253	0.0049	0.0108	0.0132	0.0034	0.0133	0.0249	0.0054	0.0015	0.0240	0.0207	0.0174	0.0000	0.0141	0.0130	0.0235	0.0143	0.0064	0.0055	0.0029	0.0154	0.0122	0.0171	0.0083	0.0106	0.0109	0.0120	0.0287	0.0083	0.0240	0.0133	0.0129	0.0144	0.0187	0.0305	0.0193	0.0061	0.0019	0.0239	
0.0153	0.0002	0.0089	0.0310	0.0156	0.0250	0.0390	0.0132	0.0048	0.0080	0.0018	0.0024	0.0017	0.0591	0.0141	0.0187	0.0045	0.0046	0.0280	0.0005	0.0067	0.0065	0.0001	0.0181	0.0036	0.0023	0.0063	0.0134	0.0018	0.0083	0.0261	0.0224	0.0262	0.0163	0.0021	0.0003	0.0308	0.0053	0.0140	0.0444	0.0189	0.0032	0.0031	0.0088	0.0118	0.0178	0.0120	0.0352	0.0086	0.0015	0.0324	0.0064	0.0080	0.0066	0.0095	0.0043	0.0006	0.0032	0.0072	0.0017	0.0202	0.0139	0.0063	0.0059	0.0045	0.0058	0.0074	0.0332	0.0355	0.0024	0.0233	0.0030	0.0265	0.0016	0.0051	0.0243	0.0005	0.0155	0.0001	0.0128	
0.0229	0.0105	0.0049	0.0153	0.0025	0.0160	0.0078	0.0168	0.0039	0.0251	0.0013	0.0131	0.0125	0.0039	0.0065	0.0073	0.0145	0.0227	0.0202	0.0048	0.0105	0.0214	0.0029	0.0235	0.0123	0.0154	0.0079	0.0085	0.0212	0.0259	0.0035	0.0109	0.0068	0.0019	0.0086	0.0052	0.0077	0.0136	0.0050	0.0164	0.0009	0.0155	0.0080	0.0196	0.0058	0.0090	0.0107	0.0155	0.0190	0.0328	0.0147	0.0044	0.0146	0.0151	0.0247	0.0242	0.0058	0.0068	0.0101	0.0143	0.0100	0.0250	0.0204	0.0063	0.0256	0.0167	0.0061	0.0116	0.0185	0.0033	0.0249	0.0216	0.0137	0.0014	0.0036	0.0175	0.0139	0.0080	0.0176	0.0009	
0.0038	0.0139	0.0134	0.0208	0.0020	0.0001	0.0185	0.0104	0.0026	0.0090	0.0249	0.0012	0.0063	0.0160	0.0086	0.0014	0.0179	0.0003	0.0007	0.0114	0.0025	0.0232	0.0185	0.0173	0.0240	0.0192	0.0121	0.0163	0.0137	0.0046	0.0085	0.0290	0.0149	0.0073	0.0096	0.0155	0.0097	0.0152	0.0039	0.0178	0.0215	0.0213	0.0094	0.0119	0.0038	0.0194	0.0143	0.0211	0.0193	0.0030	0.0206	0.0137	0.0054	0.0007	0.0210	0.0043	0.0213	0.0238	0.0015	0.0053	0.0125	0.0010	0.0176	0.0211	0.0243	0.0242	0.0112	0.0245	0.0068	0.0116	0.0156	0.0279	0.0205	0.0052	0.0139	0.0060	0.0105	0.0065	0.0102	0.0002	
0.0066	0.0078	0.0143	0.0188	0.0054	0.0229	0.0241	0.0148	0.0143	0.0033	0.0345	0.0070	0.0253	0.0432	0.0076	0.0246	0.0001	0.0086	0.0162	0.0058	0.0076	0.0164	0.0117	0.0027	0.0088	0.0000	0.0193	0.0002	0.0089	0.0093	0.0178	0.0151	0.0143	0.0014	0.0016	0.0087	0.0032	0.0114	0.0194	0.0053	0.0073	0.0259	0.0102	0.0038	0.0130	0.0054	0.0059	0.0302	0.0006	0.0074	0.0108	0.0003	0.0149	0.0088	0.0138	0.0142	0.0278	0.0138	0.0017	0.0026	0.0025	0.0175	0.0036	0.0151	0.0062	0.0083	0.0214	0.0307	0.0309	0.0036	0.0206	0.0268	0.0211	0.0130	0.0218	0.0241	0.0024	0.0105	0.0069	0.0060	
0.0203	0.0160	0.0229	0.0130	0.0066	0.0127	0.0157	0.0067	0.0118	0.0122	0.0222	0.0050	0.0032	0.0123	0.0015	0.0150	0.0141	0.0222	0.0197	0.0033	0.0071	0.0141	0.0019	0.0178	0.0215	0.0120	0.0044	0.0051	0.0084	0.0242	0.0107	0.0173	0.0086	0.0235	0.0093	0.0059	0.0149	0.0138	0.0098	0.0194	0.0139	0.0177	0.0046	0.0084	0.0058	0.0122	0.0118	0.0057	0.0091	0.0071	0.0201	0.0057	0.0189	0.0063	0.0207	0.0048	0.0179	0.0061	0.0145	0.0163	0.0091	0.0133	0.0210	0.0166	0.0206	0.0108	0.0222	0.0089	0.0027	0.0171	0.0242	0.0019	0.0096	0.0213	0.0151	0.0149	0.0059	0.0148	0.0088	0.0077	
0.0014	0.0211	0.0176	0.0008	0.0247	0.0055	0.0206	0.0012	0.0190	0.0025	0.0106	0.0091	0.0190	0.0129	0.0071	0.0216	0.0141	0.0104	0.0081	0.0171	0.0134	0.0049	0.0025	0.0122	0.0078	0.0138	0.0192	0.0169	0.0173	0.0069	0.0214	0.0211	0.0203	0.0061	0.0148	0.0087	0.0141	0.0225	0.0144	0.0169	0.0115	0.0146	0.0073	0.0195	0.0045	0.0098	0.0028	0.0200	0.0143	0.0138	0.0188	0.0179	0.0066	0.0109	0.0147	0.0217	0.0135	0.0049	0.0158	0.0012	0.0101	0.0006	0.0072	0.0108	0.0032	0.0126	0.0092	0.0175	0.0203	0.0181	0.0040	0.0148	0.0179	0.0105	0.0040	0.0267	0.0235	0.0036	0.0078	0.0139	
0.0216	0.0004	0.0041	0.0025	0.0103	0.0061	0.0141	0.0080	0.0146	0.0185	0.0139	0.0120	0.0042	0.0145	0.0076	0.0145	0.0093	0.0157	0.0212	0.0130	0.0005	0.0131	0.0190	0.0199	0.0089	0.0020	0.0167	0.0180	0.0083	0.0143	0.0232	0.0179	0.0203	0.0237	0.0063	0.0079	0.0188	0.0062	0.0060	0.0221	0.0003	0.0048	0.0221	0.0229	0.0045	0.0175	0.0149	0.0096	0.0080	0.0135	0.0138	0.0049	0.0077	0.0202	0.0180	0.0070	0.0024	0.0091	0.0153	0.0065	0.0122	0.0223	0.0011	0.0009	0.0201	0.0214	0.0130	0.0066	0.0078	0.0234	0.0198	0.0047	0.0086	0.0200	0.0124	0.0236	0.0131	0.0193	0.0122	0.0154	
0.0148	0.0040	0.0068	0.0214	0.0021	0.0238	0.0079	0.0010	0.0066	0.0182	0.0091	0.0080	0.0151	0.0464	0.0099	0.0044	0.0040	0.0184	0.0019	0.0066	0.0018	0.0100	0.0019	0.0129	0.0154	0.0059	0.0186	0.0119	0.0068	0.0128	0.0193	0.0055	0.0205	0.0026	0.0216	0.0017	0.0122	0.0164	0.0258	0.0061	0.0124	0.0199	0.0001	0.0077	0.0122	0.0103	0.0188	0.0150	0.0178	0.0037	0.0271	0.0147	0.0208	0.0138	0.0128	0.0027	0.0077	0.0007	0.0127	0.0103	0.0004	0.0272	0.0137	0.0069	0.0029	0.0019	0.0138	0.0170	0.0048	0.0032	0.0265	0.0321	0.0226	0.0307	0.0167	0.0206	0.0125	0.0153	0.0138	0.0163	
0.0164	0.0050	0.0195	0.0174	0.0036	0.0035	0.0082	0.0170	0.0129	0.0165	0.0262	0.0066	0.0135	0.0071	0.0030	0.0162	0.0186	0.0176	0.0023	0.0099	0.0199	0.0068	0.0087	0.0104	0.0120	0.0236	0.0134	0.0254	0.0185	0.0007	0.0163	0.0147	0.0053	0.0062	0.0253	0.0138	0.0260	0.0169	0.0018	0.0009	0.0152	0.0012	0.0184	0.0103	0.0049	0.0129	0.0028	0.0124	0.0212	0.0172	0.0152	0.0138	0.0137	0.0074	0.0145	0.0078	0.0312	0.0155	0.0051	0.0049	0.0116	0.0092	0.0155	0.0156	0.0252	0.0097	0.0024	0.0073	0.0068	0.0093	0.0265	0.0302	0.0130	0.0015	0.0180	0.0149	0.0068	0.0179	0.0009	0.0042	
0.0203	0.0201	0.0038	0.0217	0.0063	0.0016	0.0220	0.0288	0.0155	0.0146	0.0266	0.0068	0.0147	0.0207	0.0120	0.0085	0.0064	0.0097	0.0122	0.0192	0.0088	0.0204	0.0085	0.0124	0.0226	0.0187	0.0013	0.0179	0.0143	0.0211	0.0011	0.0008	0.0145	0.0029	0.0133	0.0113	0.0077	0.0175	0.0032	0.0197	0.0145	0.0060	0.0174	0.0191	0.0108	0.0129	0.0070	0.0169	0.0163	0.0082	0.0120	0.0006	0.0085	0.0044	0.0185	0.0005	0.0219	0.0208	0.0203	0.0118	0.0004	0.0056	0.0063	0.0188	0.0132	0.0201	0.0209	0.0125	0.0081	0.0206	0.0030	0.0153	0.0055	0.0156	0.0067	0.0035	0.0004	0.0126	0.0182	0.0150	
0.0136	0.0058	0.0007	0.0070	0.0086	0.0005	0.0202	0.0074	0.0109	0.0114	0.0284	0.0080	0.0192	0.0156	0.0242	0.0093	0.0196	0.0031	0.0086	0.0153	0.0148	0.0213	0.0088	0.0154	0.0070	0.0009	0.0193	0.0203	0.0210	0.0159	0.0001	0.0031	0.0272	0.0101	0.0044	0.0131	0.0058	0.0010	0.0041	0.0135	0.0045	0.0109	0.0040	0.0207	0.0005	0.0112	0.0136	0.0191	0.0232	0.0214	0.0069	0.0214	0.0052	0.0006	0.0221	0.0143	0.0211	0.0097	0.0236	0.0072	0.0063	0.0186	0.0091	0.0161	0.0079	0.0219	0.0123	0.0173	0.0101	0.0013	0.0025	0.0274	0.0300	0.0196	0.0135	0.0070	0.0152	0.0143	0.0110	0.0128	
0.0161	0.0027	0.0224	0.0004	0.0072	0.0033	0.0209	0.0280	0.0156	0.0139	0.0260	0.0184	0.0011	0.0201	0.0057	0.0051	0.0259	0.0120	0.0112	0.0038	0.0046	0.0019	0.0084	0.0221	0.0209	0.0115	0.0226	0.0085	0.0114	0.0170	0.0012	0.0106	0.0197	0.0099	0.0238	0.0022	0.0004	0.0087	0.0093	0.0082	0.0228	0.0157	0.0236	0.0229	0.0030	0.0086	0.0204	0.0064	0.0198	0.0136	0.0066	0.0029	0.0009	0.0086	0.0111	0.0092	0.0250	0.0056	0.0060	0.0214	0.0065	0.0127	0.0143	0.0289	0.0123	0.0184	0.0299	0.0204	0.0188	0.0033	0.0061	0.0206	0.0040	0.0049	0.0062	0.0154	0.0030	0.0106	0.0164	0.0102	
0.0170	0.0103	0.0178	0.0001	0.0070	0.0213	0.0037	0.0174	0.0194	0.0121	0.0072	0.0226	0.0032	0.0108	0.0004	0.0106	0.0255	0.0322	0.0118	0.0110	0.0113	0.0033	0.0104	0.0172	0.0041	0.0186	0.0196	0.0178	0.0052	0.0203	0.0073	0.0142	0.0132	0.0268	0.0082	0.0138	0.0196	0.0142	0.0167	0.0143	0.0085	0.0175	0.0201	0.0104	0.0156	0.0120	0.0101	0.0175	0.0052	0.0183	0.0174	0.0049	0.0006	0.0029	0.0006	0.0087	0.0067	0.0057	0.0164	0.0137	0.0190	0.0120	0.0068	0.0025	0.0042	0.0225	0.0066	0.0109	0.0013	0.0111	0.0277	0.0184	0.0060	0.0259	0.0017	0.0251	0.0056	0.0005	0.0182	0.0237	
0.0094	0.0037	0.0139	0.0096	0.0037	0.0030	0.0089	0.0145	0.0189	0.0172	0.0116	0.0138	0.0205	0.0018	0.0143	0.0003	0.0053	0.0170	0.0055	0.0239	0.0035	0.0008	0.0175	0.0252	0.0026	0.0062	0.0247	0.0032	0.0020	0.0021	0.0057	0.0049	0.0141	0.0274	0.0079	0.0116	0.0205	0.0284	0.0252	0.0018	0.0106	0.0220	0.0132	0.0058	0.0213	0.0034	0.0174	0.0062	0.0105	0.0007	0.0217	0.0149	0.0185	0.0241	0.0158	0.0070	0.0138	0.0172	0.0057	0.0179	0.0046	0.0070	0.0095	0.0159	0.0129	0.0057	0.0240	0.0244	0.0214	0.0201	0.0087	0.0092	0.0169	0.0042	0.0084	0.0143	0.0129	0.0102	0.0206	0.0294	
0.0170	0.0117	0.0163	0.0006	0.0069	0.0146	0.0061	0.0233	0.0085	0.0006	0.0059	0.0182	0.0108	0.0033	0.0175	0.0073	0.0077	0.0207	0.0122	0.0117	0.0031	0.0235	0.0115	0.0139	0.0162	0.0114	0.0162	0.0121	0.0094	0.0053	0.0165	0.0009	0.0175	0.0074	0.0041	0.0087	0.0100	0.0080	0.0072	0.0269	0.0196	0.0046	0.0089	0.0170	0.0103	0.0079	0.0146	0.0153	0.0079	0.0238	0.0029	0.0103	0.0218	0.0062	0.0171	0.0114	0.0061	0.0067	0.0051	0.0183	0.0190	0.0158	0.0084	0.0029	0.0039	0.0046	0.0326	0.0099	0.0185	0.0071	0.0264	0.0361	0.0154	0.0177	0.0194	0.0210	0.0087	0.0147	0.0226	0.0090	
0.0250	0.0013	0.0079	0.0145	0.0027	0.0086	0.0039	0.0210	0.0129	0.0114	0.0090	0.0029	0.0036	0.0147	0.0005	0.0057	0.0223	0.0082	0.0151	0.0102	0.0083	0.0082	0.0182	0.0313	0.0005	0.0046	0.0224	0.0042	0.0161	0.0195	0.0069	0.0167	0.0101	0.0274	0.0032	0.0138	0.0106	0.0299	0.0002	0.0317	0.0009	0.0131	0.0218	0.0138	0.0020	0.0227	0.0220	0.0068	0.0229	0.0090	0.0070	0.0043	0.0068	0.0163	0.0017	0.0109	0.0114	0.0100	0.0097	0.0181	0.0111	0.0004	0.0007	0.0156	0.0032	0.0197	0.0237	0.0124	0.0079	0.0035	0.0298	0.0417	0.0086	0.0218	0.0112	0.0331	0.0086	0.0053	0.0190	0.0063	
0.0121	0.0150	0.0120	0.0025	0.0109	0.0024	0.0061	0.0296	0.0229	0.0178	0.0179	0.0166	0.0104	0.0029	0.0114	0.0005	0.0083	0.0114	0.0079	0.0056	0.0020	0.0124	0.0263	0.0180	0.0153	0.0095	0.0209	0.0176	0.0041	0.0017	0.0052	0.0039	0.0175	0.0061	0.0141	0.0149	0.0169	0.0180	0.0200	0.0012	0.0163	0.0296	0.0135	0.0172	0.0126	0.0000	0.0099	0.0043	0.0063	0.0088	0.0164	0.0212	0.0208	0.0123	0.0033	0.0000	0.0276	0.0294	0.0113	0.0064	0.0067	0.0149	0.0158	0.0227	0.0107	0.0111	0.0063	0.0055	0.0147	0.0161	0.0157	0.0163	0.0161	0.0071	0.0173	0.0045	0.0167	0.0069	0.0206	0.0175	
0.0268	0.0180	0.0101	0.0196	0.0084	0.0084	0.0073	0.0034	0.0029	0.0136	0.0327	0.0118	0.0117	0.0124	0.0188	0.0234	0.0040	0.0210	0.0067	0.0064	0.0206	0.0050	0.0157	0.0152	0.0245	0.0074	0.0093	0.0192	0.0209	0.0242	0.0033	0.0139	0.0047	0.0203	0.0124	0.0142	0.0091	0.0169	0.0067	0.0007	0.0045	0.0029	0.0028	0.0051	0.0180	0.0273	0.0248	0.0015	0.0161	0.0219	0.0015	0.0270	0.0192	0.0126	0.0212	0.0185	0.0042	0.0280	0.0002	0.0037	0.0006	0.0159	0.0052	0.0047	0.0115	0.0154	0.0101	0.0132	0.0026	0.0055	0.0194	0.0086	0.0159	0.0065	0.0020	0.0149	0.0020	0.0097	0.0192	0.0243	
0.0078	0.0061	0.0027	0.0048	0.0245	0.0039	0.0143	0.0149	0.0010	0.0149	0.0106	0.0103	0.0224	0.0030	0.0002	0.0137	0.0220	0.0214	0.0202	0.0051	0.0137	0.0105	0.0233	0.0077	0.0004	0.0179	0.0108	0.0172	0.0128	0.0031	0.0172	0.0198	0.0061	0.0033	0.0224	0.0181	0.0127	0.0245	0.0077	0.0042	0.0010	0.0195	0.0131	0.0114	0.0203	0.0079	0.0114	0.0118	0.0084	0.0139	0.0197	0.0044	0.0093	0.0119	0.0071	0.0247	0.0071	0.0206	0.0051	0.0025	0.0203	0.0253	0.0033	0.0207	0.0290	0.0156	0.0031	0.0180	0.0061	0.0071	0.0013	0.0205	0.0125	0.0146	0.0033	0.0223	0.0247	0.0116	0.0129	0.0190	
0.0106	0.0144	0.0057	0.0276	0.0090	0.0138	0.0099	0.0176	0.0258	0.0002	0.0128	0.0132	0.0211	0.0089	0.0114	0.0048	0.0160	0.0105	0.0119	0.0026	0.0026	0.0198	0.0044	0.0016	0.0103	0.0136	0.0145	0.0198	0.0086	0.0078	0.0237	0.0240	0.0082	0.0131	0.0196	0.0097	0.0140	0.0062	0.0165	0.0174	0.0066	0.0109	0.0165	0.0056	0.0173	0.0083	0.0036	0.0120	0.0089	0.0135	0.0069	0.0072	0.0220	0.0126	0.0144	0.0149	0.0175	0.0051	0.0092	0.0067	0.0267	0.0157	0.0082	0.0086	0.0005	0.0124	0.0081	0.0114	0.0140	0.0094	0.0171	0.0149	0.0000	0.0262	0.0180	0.0274	0.0287	0.0222	0.0051	0.0026	
0.0221	0.0044	0.0143	0.0081	0.0044	0.0145	0.0206	0.0236	0.0227	0.0053	0.0037	0.0050	0.0133	0.0040	0.0131	0.0182	0.0233	0.0109	0.0051	0.0028	0.0004	0.0228	0.0231	0.0191	0.0083	0.0206	0.0073	0.0006	0.0141	0.0254	0.0172	0.0245	0.0271	0.0096	0.0174	0.0203	0.0023	0.0011	0.0050	0.0087	0.0214	0.0114	0.0100	0.0072	0.0096	0.0104	0.0181	0.0195	0.0120	0.0017	0.0158	0.0134	0.0180	0.0029	0.0022	0.0196	0.0063	0.0219	0.0024	0.0115	0.0097	0.0188	0.0085	0.0020	0.0135	0.0114	0.0065	0.0085	0.0121	0.0175	0.0167	0.0286	0.0057	0.0177	0.0084	0.0134	0.0099	0.0171	0.0065	0.0180	

Emissions
0.0027	0.1370	0.2136	0.0619	0.0062	0.0565	0.2556	0.1983	0.0681	
0.0540	0.1029	0.0738	0.0104	0.1369	0.3709	0.2039	0.0087	0.0385	
0.1066	0.0147	0.0976	0.0194	0.0639	0.3277	0.1298	0.1923	0.0482	
0.1665	0.2091	0.1303	0.0460	0.0364	0.0723	0.0573	0.0826	0.1995	
0.0472	0.3418	0.0133	0.0175	0.0878	0.1701	0.0127	0.2479	0.0617	
0.0602	0.2917	0.1565	0.0640	0.0420	0.1299	0.0418	0.1720	0.0419	
0.1318	0.1996	0.0768	0.1996	0.0164	0.0361	0.3123	0.0197	0.0075	
0.1646	0.0535	0.2977	0.1211	0.0638	0.0407	0.0091	0.1814	0.0681	
0.0641	0.1559	0.2023	0.1486	0.0331	0.0474	0.1115	0.0050	0.2320	
0.1132	0.0005	0.1556	0.0785	0.0398	0.1974	0.0918	0.1486	0.1745	
0.1787	0.0861	0.1900	0.1798	0.0140	0.0364	0.0878	0.0573	0.1699	
0.0212	0.1637	0.0879	0.0042	0.1875	0.2663	0.0673	0.1642	0.0376	
0.1584	0.2700	0.0918	0.1525	0.0668	0.0532	0.1138	0.0712	0.0222	
0.1144	0.2544	0.2855	0.0302	0.0266	0.0010	0.1073	0.0720	0.1088	
0.1227	0.1398	0.1595	0.0213	0.0728	0.0583	0.2641	0.0591	0.1023	
0.1003	0.1171	0.0393	0.0858	0.0878	0.0810	0.1265	0.1740	0.1882	
0.0851	0.1716	0.2326	0.0339	0.0516	0.1637	0.0574	0.1390	0.0652	
0.1529	0.0014	0.1375	0.0305	0.1524	0.1386	0.0492	0.2028	0.1347	
0.1734	0.0868	0.0673	0.0013	0.1160	0.0323	0.2017	0.1493	0.1720	
0.1839	0.1725	0.0539	0.0754	0.0844	0.1211	0.0070	0.2040	0.0978	
0.0672	0.0464	0.2626	0.0169	0.1508	0.1917	0.1902	0.0294	0.0449	
0.0129	0.0913	0.2553	0.0449	0.0877	0.0420	0.2313	0.1418	0.0928	
0.0955	0.1248	0.2696	0.0569	0.0788	0.2237	0.0757	0.0629	0.0121	
0.0846	0.0606	0.1638	0.2156	0.0264	0.0021	0.0473	0.2557	0.1440	
0.0731	0.0894	0.1155	0.0285	0.0279	0.2600	0.2359	0.1265	0.0431	
0.0628	0.0619	0.2875	0.0144	0.1075	0.4038	0.0172	0.0321	0.0130	
0.0574	0.2000	0.1802	0.0639	0.0084	0.1864	0.1758	0.1272	0.0007	
0.2177	0.0908	0.0621	0.2033	0.0354	0.0103	0.1825	0.1159	0.0820	
0.0397	0.1210	0.2071	0.0274	0.1353	0.0053	0.2753	0.1736	0.0153	
0.0048	0.0417	0.1546	0.0027	0.1069	0.3202	0.1858	0.0795	0.1038	
0.1362	0.1531	0.0941	0.0649	0.0586	0.0829	0.1605	0.1876	0.0621	
0.0034	0.0005	0.2612	0.1104	0.0167	0.0175	0.1522	0.2108	0.2273	
0.1927	0.0877	0.0072	0.1133	0.0241	0.0722	0.1675	0.2067	0.1288	
0.0702	0.1094	0.2012	0.0280	0.0586	0.0708	0.0606	0.2210	0.1802	
0.1952	0.0857	0.1248	0.1397	0.0211	0.0603	0.1262	0.1397	0.1073	
0.0283	0.0568	0.0240	0.0140	0.2186	0.4537	0.0301	0.0666	0.1080	
0.1981	0.1083	0.1434	0.1578	0.0179	0.0359	0.0796	0.1251	0.1339	
0.1390	0.2499	0.0484	0.0069	0.0901	0.0418	0.0785	0.1994	0.1460	
0.0391	0.1891	0.2335	0.0060	0.0762	0.1206	0.2077	0.0537	0.0742	
0.0548	0.2325	0.2317	0.0002	0.0119	0.0953	0.0830	0.1155	0.1751	
0.1372	0.0525	0.1025	0.0757	0.0498	0.1214	0.1161	0.0459	0.2989	
0.1160	0.0575	0.2247	0.1295	0.0266	0.0178	0.0607	0.2178	0.1493	
0.0495	0.0916	0.1344	0.0214	0.1174	0.2308	0.1457	0.1279	0.0815	
0.0989	0.1093	0.1823	0.0404	0.0717	0.1521	0.0968	0.1538	0.0947	
0.0295	0.2694	0.0771	0.0347	0.1058	0.1963	0.1591	0.0927	0.0353	
0.1644	0.1136	0.1981	0.1308	0.0792	0.0659	0.0341	0.2117	0.0022	
0.0406	0.1464	0.1131	0.1076	0.0573	0.0786	0.0926	0.2082	0.1555	
0.0296	0.2495	0.1182	0.0300	0.0309	0.0952	0.1511	0.1502	0.1454	
0.0434	0.1333	0.1907	0.1770	0.0097	0.0290	0.1214	0.1959	0.0997	
0.0007	0.0015	0.1556	0.0000	0.0902	0.5570	0.1669	0.0176	0.0104	
0.0474	0.2589	0.1472	0.1357	0.0613	0.0141	0.0166	0.1281	0.1908	
0.2269	0.0594	0.0253	0.0263	0.0002	0.1167	0.1933	0.3116	0.0403	
0.0623	0.1132	0.2114	0.0005	0.1178	0.1362	0.0243	0.1041	0.2303	
0.1756	0.2700	0.1760	0.0508	0.0632	0.0127	0.0876	0.1110	0.0530	
0.0774	0.1293	0.0332	0.1157	0.0604	0.0767	0.1416	0.2024	0.1632	
0.0729	0.2741	0.0021	0.0667	0.0747	0.1248	0.2265	0.1552	0.0028	
0.1488	0.0410	0.3046	0.1666	0.0504	0.0215	0.0801	0.0655	0.1216	
0.0178	0.0482	0.2143	0.1312	0.1068	0.1630	0.1816	0.0586	0.0786	
0.0647	0.1001	0.1186	0.0069	0.0576	0.3457	0.1757	0.0741	0.0566	
0.0311	0.1541	0.0713	0.0001	0.1639	0.4744	0.0116	0.0614	0.0322	
0.0701	0.1830	0.0039	0.2170	0.0263	0.0596	0.0645	0.1656	0.2100	
0.0709	0.1974	0.0872	0.0889	0.0555	0.0778	0.0526	0.3074	0.0624	
0.0275	0.1408	0.1660	0.0071	0.1245	0.2968	0.1281	0.0635	0.0457	
0.0502	0.0114	0.2245	0.1493	0.1457	0.0107	0.0827	0.1238	0.2018	
0.0765	0.0148	0.0957	0.1949	0.0831	0.2006	0.0817	0.2205	0.0321	
0.0361	0.0450	0.1247	0.1080	0.0875	0.1383	0.1634	0.1206	0.1766	
0.0644	0.0909	0.3481	0.0014	0.0307	0.2834	0.0338	0.0212	0.1262	
0.0519	0.1694	0.1618	0.0146	0.0195	0.0077	0.2064	0.1803	0.1885	
0.1736	0.1879	0.1231	0.0071	0.0632	0.0238	0.2029	0.1225	0.0959	
0.0073	0.0924	0.0632	0.0781	0.2200	0.1653	0.0939	0.2675	0.0124	
0.1635	0.0667	0.2817	0.0955	0.0549	0.0261	0.0440	0.2524	0.0151	
0.1128	0.0172	0.3392	0.0622	0.0039	0.0116	0.0327	0.1961	0.2242	
0.0773	0.1377	0.2119	0.0475	0.0292	0.1654	0.0882	0.0185	0.2243	
0.0997	0.1848	0.2682	0.0319	0.1095	0.0768	0.0053	0.0550	0.1689	
0.1467	0.1066	0.2954	0.0022	0.0969	0.1476	0.0256	0.0636	0.1154	
0.1010	0.2355	0.0886	0.0064	0.0475	0.0220	0.1532	0.2416	0.1040	
0.1236	0.2942	0.0174	0.0533	0.0191	0.0789	0.1296	0.2070	0.0769	
0.1147	0.1383	0.0708	0.1174	0.0325	0.1336	0.1648	0.0933	0.1346	
0.0066	0.0945	0.1952	0.0309	0.0935	0.3116	0.0304	0.1587	0.0786	
0.1968	0.1241	0.1392	0.1585	0.0705	0.0137	0.0441	0.1883	0.0648	
