DataSet 36
Learner: Baum Welch Learner
Log Likelihood: 121887.4742868710

Number of States: 70
Number of Symbols: 9
Threshold: 0.01

Initial Distribution:
0.0134	0.2306	0.0221	0.0031	0.0078	0.0000	0.0007	0.0017	0.0008	0.0298	0.0039	0.0052	0.0056	0.0000	0.0018	0.0608	0.0056	0.0005	0.0016	0.0130	0.0025	0.0733	0.0064	0.0006	0.0104	0.0358	0.0008	0.0348	0.0008	0.0010	0.0670	0.0007	0.0017	0.0015	0.0275	0.0156	0.0179	0.0364	0.0124	0.0216	0.0049	0.0297	0.0018	0.0117	0.0084	0.0005	0.0097	0.0021	0.0177	0.0014	0.0077	0.0087	0.0012	0.0031	0.0280	0.0007	0.0048	0.0018	0.0174	0.0069	0.0205	0.0079	0.0004	0.0064	0.0056	0.0015	0.0063	0.0001	0.0022	0.0041	

Transitions:
0.0039	0.0132	0.0124	0.0203	0.0261	0.0014	0.0080	0.0141	0.0189	0.0104	0.0039	0.0209	0.0208	0.0200	0.0201	0.0051	0.0237	0.0338	0.0185	0.0084	0.0199	0.0192	0.0064	0.0029	0.0016	0.0017	0.0005	0.0152	0.0151	0.0006	0.0043	0.0189	0.0266	0.0023	0.0108	0.0074	0.0064	0.0151	0.0109	0.0164	0.0278	0.0216	0.0020	0.0033	0.0138	0.0093	0.0293	0.0243	0.0256	0.0218	0.0257	0.0105	0.0213	0.0029	0.0241	0.0102	0.0120	0.0120	0.0151	0.0228	0.0006	0.0203	0.0285	0.0186	0.0084	0.0180	0.0216	0.0239	0.0078	0.0111	
0.0290	0.0001	0.0066	0.0331	0.0152	0.0164	0.0257	0.0029	0.0090	0.0098	0.0024	0.0053	0.0148	0.0299	0.0038	0.0027	0.0218	0.0202	0.0030	0.0019	0.0388	0.0026	0.0038	0.0141	0.0133	0.0035	0.0212	0.0036	0.0407	0.0259	0.0048	0.0127	0.0143	0.0182	0.0126	0.0077	0.0054	0.0055	0.0103	0.0070	0.0081	0.0044	0.0164	0.0120	0.0256	0.0341	0.0339	0.0591	0.0049	0.0212	0.0499	0.0056	0.0205	0.0021	0.0046	0.0055	0.0220	0.0022	0.0041	0.0012	0.0094	0.0321	0.0036	0.0205	0.0105	0.0203	0.0069	0.0009	0.0248	0.0139	
0.0251	0.0134	0.0030	0.0246	0.0201	0.0125	0.0059	0.0117	0.0196	0.0206	0.0116	0.0240	0.0028	0.0124	0.0017	0.0089	0.0155	0.0096	0.0002	0.0118	0.0193	0.0134	0.0171	0.0188	0.0120	0.0022	0.0040	0.0194	0.0129	0.0238	0.0186	0.0261	0.0198	0.0190	0.0120	0.0181	0.0182	0.0157	0.0113	0.0029	0.0220	0.0132	0.0057	0.0082	0.0169	0.0261	0.0070	0.0265	0.0179	0.0277	0.0104	0.0109	0.0027	0.0204	0.0209	0.0072	0.0105	0.0157	0.0090	0.0150	0.0070	0.0118	0.0253	0.0273	0.0012	0.0190	0.0065	0.0113	0.0297	0.0071	
0.0167	0.0177	0.0247	0.0224	0.0182	0.0009	0.0139	0.0072	0.0011	0.0185	0.0221	0.0101	0.0028	0.0179	0.0172	0.0097	0.0163	0.0286	0.0195	0.0066	0.0104	0.0100	0.0106	0.0267	0.0184	0.0136	0.0151	0.0070	0.0080	0.0226	0.0117	0.0212	0.0244	0.0137	0.0047	0.0147	0.0191	0.0049	0.0023	0.0267	0.0178	0.0036	0.0129	0.0199	0.0201	0.0268	0.0056	0.0091	0.0113	0.0227	0.0242	0.0108	0.0205	0.0206	0.0246	0.0062	0.0097	0.0220	0.0020	0.0044	0.0095	0.0081	0.0331	0.0029	0.0054	0.0009	0.0123	0.0241	0.0086	0.0225	
0.0160	0.0087	0.0250	0.0212	0.0237	0.0054	0.0214	0.0261	0.0045	0.0251	0.0089	0.0079	0.0188	0.0236	0.0268	0.0024	0.0025	0.0085	0.0154	0.0182	0.0047	0.0163	0.0035	0.0361	0.0187	0.0084	0.0055	0.0085	0.0148	0.0160	0.0118	0.0186	0.0257	0.0138	0.0231	0.0118	0.0148	0.0203	0.0229	0.0200	0.0104	0.0144	0.0157	0.0055	0.0233	0.0333	0.0120	0.0090	0.0036	0.0017	0.0312	0.0044	0.0011	0.0172	0.0194	0.0015	0.0117	0.0220	0.0027	0.0070	0.0006	0.0173	0.0063	0.0152	0.0127	0.0236	0.0118	0.0114	0.0155	0.0130	
0.0148	0.0038	0.0093	0.0241	0.0113	0.0182	0.0242	0.0260	0.0031	0.0152	0.0154	0.0277	0.0039	0.0121	0.0273	0.0090	0.0157	0.0118	0.0228	0.0233	0.0015	0.0212	0.0247	0.0187	0.0152	0.0259	0.0090	0.0083	0.0163	0.0034	0.0126	0.0057	0.0184	0.0133	0.0127	0.0233	0.0275	0.0031	0.0344	0.0036	0.0045	0.0138	0.0264	0.0110	0.0120	0.0024	0.0117	0.0188	0.0234	0.0038	0.0055	0.0024	0.0202	0.0185	0.0136	0.0238	0.0055	0.0141	0.0098	0.0177	0.0051	0.0162	0.0034	0.0275	0.0050	0.0152	0.0091	0.0148	0.0001	0.0270	
0.0102	0.0135	0.0136	0.0115	0.0165	0.0176	0.0212	0.0120	0.0083	0.0129	0.0079	0.0208	0.0096	0.0166	0.0326	0.0143	0.0141	0.0283	0.0045	0.0119	0.0178	0.0113	0.0185	0.0052	0.0185	0.0164	0.0067	0.0298	0.0058	0.0202	0.0201	0.0199	0.0195	0.0212	0.0200	0.0208	0.0194	0.0037	0.0325	0.0210	0.0026	0.0190	0.0072	0.0211	0.0099	0.0127	0.0043	0.0143	0.0017	0.0226	0.0007	0.0108	0.0122	0.0141	0.0083	0.0001	0.0181	0.0054	0.0151	0.0053	0.0057	0.0253	0.0051	0.0120	0.0213	0.0136	0.0272	0.0179	0.0166	0.0033	
0.0215	0.0119	0.0288	0.0065	0.0126	0.0236	0.0037	0.0311	0.0226	0.0112	0.0103	0.0224	0.0184	0.0164	0.0260	0.0154	0.0109	0.0076	0.0170	0.0182	0.0036	0.0113	0.0158	0.0244	0.0164	0.0032	0.0143	0.0231	0.0033	0.0192	0.0161	0.0148	0.0184	0.0259	0.0246	0.0165	0.0124	0.0042	0.0012	0.0126	0.0236	0.0166	0.0101	0.0047	0.0228	0.0116	0.0059	0.0187	0.0192	0.0042	0.0041	0.0208	0.0003	0.0029	0.0002	0.0105	0.0259	0.0032	0.0159	0.0093	0.0071	0.0118	0.0278	0.0028	0.0244	0.0253	0.0047	0.0298	0.0130	0.0052	
0.0037	0.0055	0.0055	0.0040	0.0205	0.0145	0.0001	0.0118	0.0005	0.0062	0.0231	0.0231	0.0000	0.0271	0.0227	0.0248	0.0134	0.0139	0.0270	0.0187	0.0204	0.0072	0.0167	0.0204	0.0052	0.0134	0.0221	0.0064	0.0120	0.0297	0.0054	0.0093	0.0020	0.0128	0.0240	0.0255	0.0131	0.0262	0.0046	0.0160	0.0118	0.0119	0.0033	0.0101	0.0111	0.0081	0.0095	0.0226	0.0122	0.0228	0.0096	0.0188	0.0351	0.0027	0.0134	0.0186	0.0188	0.0112	0.0268	0.0125	0.0164	0.0208	0.0009	0.0025	0.0239	0.0166	0.0289	0.0184	0.0001	0.0219	
0.0124	0.0100	0.0098	0.0128	0.0020	0.0081	0.0043	0.0079	0.0066	0.0228	0.0304	0.0245	0.0216	0.0186	0.0143	0.0131	0.0127	0.0303	0.0006	0.0026	0.0056	0.0000	0.0283	0.0233	0.0235	0.0152	0.0115	0.0005	0.0113	0.0264	0.0097	0.0336	0.0285	0.0240	0.0103	0.0167	0.0047	0.0104	0.0010	0.0059	0.0212	0.0098	0.0050	0.0008	0.0146	0.0330	0.0310	0.0179	0.0135	0.0124	0.0029	0.0193	0.0145	0.0269	0.0125	0.0179	0.0221	0.0254	0.0155	0.0108	0.0234	0.0044	0.0272	0.0120	0.0171	0.0018	0.0006	0.0009	0.0061	0.0233	
0.0095	0.0150	0.0223	0.0189	0.0116	0.0149	0.0159	0.0232	0.0048	0.0210	0.0181	0.0177	0.0112	0.0001	0.0211	0.0111	0.0111	0.0213	0.0038	0.0216	0.0172	0.0107	0.0262	0.0204	0.0087	0.0150	0.0153	0.0182	0.0134	0.0101	0.0162	0.0239	0.0106	0.0153	0.0174	0.0038	0.0230	0.0137	0.0112	0.0216	0.0156	0.0169	0.0085	0.0165	0.0136	0.0299	0.0136	0.0224	0.0127	0.0009	0.0170	0.0010	0.0244	0.0056	0.0219	0.0235	0.0001	0.0059	0.0115	0.0181	0.0038	0.0010	0.0095	0.0198	0.0042	0.0221	0.0135	0.0212	0.0027	0.0160	
0.0126	0.0200	0.0138	0.0103	0.0081	0.0018	0.0012	0.0085	0.0013	0.0083	0.0184	0.0201	0.0042	0.0126	0.0256	0.0176	0.0025	0.0043	0.0249	0.0191	0.0051	0.0168	0.0051	0.0194	0.0154	0.0149	0.0105	0.0183	0.0102	0.0239	0.0083	0.0243	0.0205	0.0207	0.0143	0.0188	0.0140	0.0108	0.0280	0.0183	0.0223	0.0180	0.0065	0.0018	0.0229	0.0120	0.0276	0.0274	0.0264	0.0130	0.0228	0.0129	0.0040	0.0037	0.0117	0.0249	0.0154	0.0228	0.0199	0.0183	0.0125	0.0114	0.0185	0.0063	0.0016	0.0046	0.0250	0.0066	0.0255	0.0011	
0.0045	0.0113	0.0086	0.0235	0.0021	0.0111	0.0130	0.0033	0.0301	0.0044	0.0229	0.0138	0.0203	0.0009	0.0035	0.0224	0.0186	0.0171	0.0109	0.0224	0.0041	0.0225	0.0254	0.0035	0.0101	0.0155	0.0285	0.0261	0.0011	0.0169	0.0147	0.0169	0.0343	0.0273	0.0063	0.0033	0.0047	0.0086	0.0025	0.0025	0.0068	0.0135	0.0165	0.0178	0.0003	0.0360	0.0154	0.0238	0.0029	0.0051	0.0183	0.0078	0.0296	0.0052	0.0241	0.0090	0.0272	0.0052	0.0135	0.0151	0.0149	0.0175	0.0022	0.0125	0.0161	0.0073	0.0185	0.0289	0.0202	0.0290	
0.0166	0.0076	0.0179	0.0106	0.0193	0.0166	0.0035	0.0073	0.0025	0.0113	0.0252	0.0029	0.0212	0.0314	0.0011	0.0065	0.0187	0.0276	0.0016	0.0205	0.0069	0.0301	0.0264	0.0225	0.0174	0.0171	0.0112	0.0081	0.0259	0.0206	0.0096	0.0275	0.0006	0.0034	0.0118	0.0062	0.0234	0.0131	0.0152	0.0070	0.0057	0.0200	0.0027	0.0032	0.0187	0.0119	0.0155	0.0053	0.0102	0.0087	0.0180	0.0245	0.0173	0.0272	0.0198	0.0197	0.0132	0.0233	0.0209	0.0243	0.0065	0.0241	0.0060	0.0089	0.0011	0.0021	0.0030	0.0322	0.0092	0.0225	
0.0121	0.0028	0.0066	0.0229	0.0161	0.0155	0.0228	0.0221	0.0359	0.0035	0.0206	0.0064	0.0208	0.0183	0.0078	0.0111	0.0027	0.0050	0.0126	0.0183	0.0215	0.0215	0.0226	0.0187	0.0015	0.0100	0.0114	0.0182	0.0019	0.0171	0.0073	0.0259	0.0191	0.0121	0.0180	0.0113	0.0142	0.0241	0.0024	0.0033	0.0229	0.0203	0.0256	0.0140	0.0235	0.0217	0.0215	0.0113	0.0008	0.0132	0.0289	0.0273	0.0108	0.0166	0.0016	0.0190	0.0077	0.0146	0.0212	0.0079	0.0028	0.0007	0.0146	0.0116	0.0207	0.0017	0.0169	0.0096	0.0002	0.0245	
0.0211	0.0009	0.0021	0.0083	0.0248	0.0009	0.0263	0.0051	0.0214	0.0022	0.0113	0.0001	0.0202	0.0172	0.0124	0.0038	0.0179	0.0246	0.0165	0.0004	0.0031	0.0005	0.0065	0.0232	0.0007	0.0149	0.0015	0.0068	0.0271	0.0307	0.0069	0.0248	0.0153	0.0057	0.0133	0.0151	0.0103	0.0020	0.0210	0.0007	0.0211	0.0037	0.0166	0.0116	0.0254	0.0053	0.0065	0.0044	0.0169	0.0147	0.0254	0.0078	0.0281	0.0195	0.0101	0.0479	0.0217	0.0178	0.0049	0.0190	0.0168	0.0146	0.0077	0.0303	0.0192	0.0257	0.0105	0.0099	0.0456	0.0242	
0.0156	0.0077	0.0003	0.0132	0.0052	0.0250	0.0077	0.0190	0.0239	0.0247	0.0169	0.0230	0.0186	0.0102	0.0115	0.0212	0.0190	0.0138	0.0153	0.0198	0.0227	0.0107	0.0280	0.0027	0.0010	0.0155	0.0209	0.0222	0.0253	0.0006	0.0135	0.0193	0.0059	0.0011	0.0212	0.0030	0.0149	0.0094	0.0219	0.0254	0.0153	0.0108	0.0154	0.0092	0.0075	0.0017	0.0135	0.0027	0.0160	0.0288	0.0057	0.0025	0.0021	0.0051	0.0259	0.0052	0.0142	0.0227	0.0117	0.0176	0.0025	0.0156	0.0228	0.0216	0.0098	0.0323	0.0216	0.0274	0.0101	0.0061	
0.0091	0.0116	0.0201	0.0167	0.0052	0.0114	0.0218	0.0182	0.0184	0.0246	0.0002	0.0220	0.0032	0.0002	0.0263	0.0136	0.0148	0.0012	0.0027	0.0113	0.0187	0.0176	0.0216	0.0050	0.0146	0.0009	0.0129	0.0277	0.0182	0.0058	0.0080	0.0212	0.0139	0.0091	0.0136	0.0209	0.0132	0.0092	0.0301	0.0111	0.0096	0.0215	0.0035	0.0100	0.0179	0.0072	0.0103	0.0183	0.0258	0.0242	0.0102	0.0218	0.0141	0.0207	0.0151	0.0185	0.0099	0.0106	0.0250	0.0049	0.0178	0.0244	0.0156	0.0146	0.0221	0.0039	0.0020	0.0209	0.0104	0.0228	
0.0013	0.0074	0.0032	0.0126	0.0050	0.0285	0.0140	0.0135	0.0155	0.0093	0.0149	0.0018	0.0190	0.0038	0.0293	0.0208	0.0049	0.0279	0.0269	0.0171	0.0150	0.0004	0.0087	0.0168	0.0168	0.0120	0.0040	0.0197	0.0174	0.0109	0.0074	0.0132	0.0044	0.0249	0.0219	0.0055	0.0189	0.0029	0.0187	0.0181	0.0077	0.0218	0.0323	0.0163	0.0152	0.0143	0.0033	0.0140	0.0200	0.0024	0.0218	0.0076	0.0285	0.0229	0.0159	0.0007	0.0225	0.0093	0.0174	0.0241	0.0151	0.0235	0.0239	0.0041	0.0019	0.0033	0.0242	0.0294	0.0081	0.0147	
0.0001	0.0016	0.0072	0.0013	0.0129	0.0163	0.0051	0.0248	0.0096	0.0061	0.0113	0.0166	0.0285	0.0228	0.0147	0.0016	0.0179	0.0095	0.0113	0.0295	0.0102	0.0047	0.0166	0.0272	0.0065	0.0108	0.0059	0.0129	0.0219	0.0136	0.0171	0.0050	0.0043	0.0020	0.0017	0.0249	0.0224	0.0241	0.0089	0.0324	0.0270	0.0007	0.0032	0.0122	0.0127	0.0377	0.0021	0.0011	0.0180	0.0292	0.0195	0.0128	0.0222	0.0183	0.0064	0.0259	0.0190	0.0175	0.0247	0.0009	0.0102	0.0179	0.0074	0.0267	0.0119	0.0063	0.0186	0.0269	0.0205	0.0206	
0.0039	0.0237	0.0005	0.0124	0.0199	0.0149	0.0030	0.0013	0.0067	0.0088	0.0073	0.0048	0.0215	0.0142	0.0283	0.0086	0.0158	0.0200	0.0318	0.0065	0.0073	0.0118	0.0014	0.0090	0.0119	0.0082	0.0154	0.0084	0.0219	0.0093	0.0066	0.0089	0.0102	0.0032	0.0252	0.0245	0.0150	0.0023	0.0241	0.0204	0.0196	0.0159	0.0134	0.0139	0.0249	0.0082	0.0209	0.0211	0.0022	0.0083	0.0132	0.0043	0.0272	0.0102	0.0121	0.0200	0.0170	0.0198	0.0241	0.0185	0.0162	0.0226	0.0051	0.0234	0.0029	0.0248	0.0205	0.0309	0.0172	0.0224	
0.0239	0.0036	0.0155	0.0325	0.0215	0.0171	0.0030	0.0175	0.0139	0.0047	0.0228	0.0038	0.0055	0.0231	0.0179	0.0016	0.0114	0.0022	0.0212	0.0031	0.0084	0.0084	0.0061	0.0029	0.0104	0.0164	0.0161	0.0066	0.0198	0.0282	0.0112	0.0317	0.0370	0.0043	0.0098	0.0002	0.0051	0.0005	0.0171	0.0243	0.0180	0.0017	0.0022	0.0161	0.0265	0.0204	0.0222	0.0200	0.0028	0.0364	0.0261	0.0099	0.0052	0.0155	0.0122	0.0010	0.0100	0.0339	0.0139	0.0204	0.0019	0.0337	0.0017	0.0251	0.0194	0.0304	0.0038	0.0010	0.0158	0.0226	
0.0206	0.0060	0.0102	0.0267	0.0169	0.0043	0.0175	0.0180	0.0071	0.0270	0.0070	0.0007	0.0080	0.0194	0.0066	0.0242	0.0181	0.0098	0.0123	0.0125	0.0166	0.0162	0.0159	0.0013	0.0240	0.0283	0.0011	0.0067	0.0015	0.0295	0.0047	0.0196	0.0069	0.0105	0.0039	0.0076	0.0085	0.0070	0.0030	0.0194	0.0098	0.0229	0.0118	0.0214	0.0141	0.0025	0.0098	0.0167	0.0168	0.0216	0.0117	0.0255	0.0218	0.0317	0.0038	0.0055	0.0290	0.0078	0.0038	0.0155	0.0037	0.0145	0.0165	0.0085	0.0213	0.0232	0.0264	0.0395	0.0087	0.0291	
0.0161	0.0078	0.0070	0.0240	0.0028	0.0183	0.0018	0.0257	0.0153	0.0188	0.0131	0.0102	0.0146	0.0137	0.0192	0.0080	0.0260	0.0089	0.0056	0.0235	0.0082	0.0298	0.0040	0.0202	0.0113	0.0243	0.0102	0.0067	0.0237	0.0220	0.0056	0.0142	0.0060	0.0183	0.0231	0.0275	0.0190	0.0180	0.0194	0.0103	0.0032	0.0024	0.0163	0.0135	0.0000	0.0183	0.0181	0.0017	0.0173	0.0123	0.0186	0.0147	0.0196	0.0127	0.0159	0.0158	0.0066	0.0135	0.0133	0.0061	0.0116	0.0234	0.0257	0.0179	0.0123	0.0006	0.0081	0.0326	0.0088	0.0165	
0.0189	0.0043	0.0151	0.0244	0.0327	0.0072	0.0051	0.0221	0.0162	0.0215	0.0009	0.0077	0.0167	0.0194	0.0095	0.0195	0.0208	0.0221	0.0028	0.0072	0.0176	0.0003	0.0075	0.0210	0.0273	0.0079	0.0065	0.0035	0.0002	0.0292	0.0082	0.0283	0.0260	0.0021	0.0169	0.0095	0.0279	0.0208	0.0135	0.0120	0.0150	0.0119	0.0008	0.0254	0.0056	0.0030	0.0074	0.0137	0.0092	0.0265	0.0078	0.0116	0.0318	0.0086	0.0252	0.0183	0.0022	0.0003	0.0261	0.0188	0.0019	0.0033	0.0268	0.0172	0.0120	0.0039	0.0182	0.0190	0.0216	0.0266	
0.0191	0.0094	0.0061	0.0272	0.0235	0.0056	0.0291	0.0172	0.0109	0.0184	0.0300	0.0176	0.0221	0.0084	0.0201	0.0142	0.0037	0.0108	0.0060	0.0022	0.0079	0.0142	0.0312	0.0342	0.0080	0.0084	0.0273	0.0070	0.0120	0.0035	0.0072	0.0294	0.0236	0.0119	0.0225	0.0067	0.0034	0.0189	0.0103	0.0196	0.0194	0.0120	0.0164	0.0016	0.0163	0.0125	0.0089	0.0141	0.0198	0.0158	0.0392	0.0063	0.0109	0.0174	0.0139	0.0324	0.0013	0.0107	0.0142	0.0094	0.0071	0.0225	0.0054	0.0073	0.0138	0.0061	0.0027	0.0099	0.0103	0.0143	
0.0177	0.0025	0.0325	0.0165	0.0146	0.0172	0.0064	0.0309	0.0162	0.0285	0.0013	0.0093	0.0167	0.0351	0.0043	0.0012	0.0155	0.0001	0.0196	0.0066	0.0054	0.0279	0.0171	0.0035	0.0125	0.0041	0.0132	0.0108	0.0187	0.0132	0.0045	0.0323	0.0052	0.0113	0.0180	0.0280	0.0108	0.0223	0.0068	0.0376	0.0170	0.0064	0.0180	0.0208	0.0089	0.0322	0.0002	0.0092	0.0036	0.0142	0.0257	0.0035	0.0228	0.0027	0.0071	0.0218	0.0229	0.0210	0.0057	0.0074	0.0106	0.0270	0.0095	0.0324	0.0202	0.0020	0.0123	0.0070	0.0026	0.0091	
0.0192	0.0085	0.0216	0.0303	0.0253	0.0006	0.0372	0.0374	0.0210	0.0115	0.0029	0.0007	0.0074	0.0030	0.0190	0.0008	0.0133	0.0023	0.0072	0.0171	0.0061	0.0077	0.0224	0.0001	0.0223	0.0137	0.0237	0.0176	0.0262	0.0097	0.0141	0.0424	0.0063	0.0262	0.0234	0.0227	0.0074	0.0161	0.0114	0.0060	0.0247	0.0242	0.0037	0.0150	0.0058	0.0113	0.0198	0.0088	0.0072	0.0284	0.0363	0.0056	0.0000	0.0059	0.0022	0.0125	0.0033	0.0337	0.0021	0.0004	0.0029	0.0039	0.0003	0.0180	0.0349	0.0083	0.0203	0.0102	0.0140	0.0245	
0.0142	0.0087	0.0182	0.0241	0.0001	0.0067	0.0080	0.0263	0.0248	0.0084	0.0027	0.0149	0.0148	0.0029	0.0168	0.0056	0.0199	0.0262	0.0190	0.0125	0.0183	0.0167	0.0222	0.0125	0.0031	0.0190	0.0201	0.0144	0.0186	0.0218	0.0117	0.0036	0.0234	0.0131	0.0006	0.0067	0.0158	0.0014	0.0054	0.0221	0.0232	0.0053	0.0186	0.0193	0.0220	0.0121	0.0082	0.0216	0.0194	0.0195	0.0109	0.0221	0.0171	0.0230	0.0226	0.0010	0.0151	0.0060	0.0195	0.0049	0.0115	0.0168	0.0051	0.0240	0.0203	0.0281	0.0227	0.0050	0.0013	0.0081	
0.0171	0.0182	0.0222	0.0249	0.0167	0.0181	0.0187	0.0029	0.0188	0.0186	0.0101	0.0238	0.0206	0.0011	0.0185	0.0205	0.0125	0.0034	0.0168	0.0329	0.0172	0.0096	0.0076	0.0012	0.0118	0.0062	0.0015	0.0250	0.0276	0.0306	0.0137	0.0080	0.0294	0.0147	0.0009	0.0195	0.0029	0.0227	0.0033	0.0094	0.0083	0.0138	0.0217	0.0034	0.0226	0.0154	0.0212	0.0036	0.0129	0.0045	0.0148	0.0237	0.0214	0.0031	0.0210	0.0079	0.0160	0.0160	0.0150	0.0125	0.0140	0.0240	0.0063	0.0137	0.0033	0.0024	0.0037	0.0089	0.0197	0.0257	
0.0189	0.0045	0.0001	0.0093	0.0283	0.0046	0.0161	0.0045	0.0037	0.0197	0.0098	0.0253	0.0137	0.0277	0.0103	0.0147	0.0206	0.0219	0.0226	0.0163	0.0026	0.0041	0.0087	0.0222	0.0211	0.0082	0.0105	0.0062	0.0452	0.0257	0.0065	0.0282	0.0061	0.0245	0.0129	0.0174	0.0120	0.0041	0.0092	0.0171	0.0246	0.0061	0.0141	0.0149	0.0061	0.0387	0.0158	0.0211	0.0014	0.0094	0.0136	0.0055	0.0158	0.0102	0.0152	0.0099	0.0139	0.0165	0.0126	0.0088	0.0173	0.0089	0.0058	0.0123	0.0205	0.0179	0.0118	0.0178	0.0120	0.0166	
0.0057	0.0115	0.0107	0.0081	0.0237	0.0192	0.0226	0.0230	0.0110	0.0029	0.0005	0.0237	0.0054	0.0241	0.0144	0.0003	0.0076	0.0271	0.0246	0.0079	0.0094	0.0093	0.0176	0.0043	0.0167	0.0168	0.0051	0.0019	0.0235	0.0143	0.0208	0.0163	0.0060	0.0117	0.0239	0.0231	0.0003	0.0011	0.0125	0.0026	0.0077	0.0171	0.0245	0.0123	0.0068	0.0258	0.0229	0.0107	0.0001	0.0189	0.0064	0.0284	0.0235	0.0278	0.0078	0.0195	0.0224	0.0046	0.0147	0.0047	0.0134	0.0207	0.0265	0.0209	0.0077	0.0117	0.0183	0.0346	0.0147	0.0134	
0.0205	0.0054	0.0116	0.0252	0.0030	0.0160	0.0100	0.0102	0.0413	0.0193	0.0209	0.0170	0.0016	0.0143	0.0130	0.0185	0.0223	0.0114	0.0040	0.0016	0.0019	0.0215	0.0174	0.0128	0.0259	0.0132	0.0313	0.0018	0.0060	0.0294	0.0066	0.0035	0.0204	0.0103	0.0131	0.0290	0.0158	0.0043	0.0182	0.0179	0.0165	0.0146	0.0065	0.0224	0.0111	0.0206	0.0151	0.0087	0.0117	0.0095	0.0274	0.0075	0.0238	0.0214	0.0132	0.0061	0.0218	0.0014	0.0030	0.0143	0.0191	0.0095	0.0021	0.0020	0.0126	0.0230	0.0100	0.0249	0.0181	0.0145	
0.0084	0.0154	0.0266	0.0164	0.0187	0.0180	0.0148	0.0243	0.0256	0.0029	0.0189	0.0184	0.0166	0.0316	0.0040	0.0009	0.0127	0.0316	0.0314	0.0085	0.0041	0.0180	0.0024	0.0023	0.0285	0.0064	0.0109	0.0087	0.0076	0.0233	0.0098	0.0044	0.0154	0.0016	0.0011	0.0067	0.0172	0.0055	0.0067	0.0270	0.0231	0.0059	0.0054	0.0001	0.0320	0.0032	0.0209	0.0071	0.0292	0.0180	0.0080	0.0131	0.0215	0.0168	0.0080	0.0239	0.0140	0.0202	0.0184	0.0098	0.0064	0.0070	0.0117	0.0023	0.0279	0.0182	0.0036	0.0216	0.0223	0.0269	
0.0138	0.0030	0.0157	0.0274	0.0183	0.0284	0.0113	0.0021	0.0020	0.0190	0.0140	0.0053	0.0074	0.0224	0.0149	0.0173	0.0094	0.0006	0.0242	0.0056	0.0238	0.0151	0.0152	0.0256	0.0174	0.0102	0.0184	0.0026	0.0064	0.0110	0.0214	0.0027	0.0106	0.0014	0.0237	0.0008	0.0165	0.0146	0.0213	0.0080	0.0098	0.0073	0.0167	0.0182	0.0228	0.0328	0.0276	0.0200	0.0115	0.0304	0.0053	0.0019	0.0217	0.0151	0.0025	0.0222	0.0159	0.0244	0.0053	0.0036	0.0027	0.0084	0.0259	0.0177	0.0269	0.0123	0.0163	0.0075	0.0261	0.0124	
0.0044	0.0087	0.0041	0.0131	0.0257	0.0106	0.0074	0.0242	0.0031	0.0157	0.0156	0.0055	0.0157	0.0106	0.0063	0.0169	0.0078	0.0213	0.0256	0.0076	0.0112	0.0171	0.0164	0.0215	0.0060	0.0027	0.0143	0.0175	0.0282	0.0095	0.0042	0.0193	0.0242	0.0240	0.0148	0.0134	0.0189	0.0068	0.0151	0.0178	0.0101	0.0166	0.0155	0.0115	0.0131	0.0289	0.0160	0.0139	0.0103	0.0263	0.0055	0.0209	0.0102	0.0123	0.0022	0.0074	0.0014	0.0141	0.0061	0.0188	0.0196	0.0127	0.0219	0.0220	0.0139	0.0281	0.0108	0.0173	0.0217	0.0181	
0.0237	0.0145	0.0055	0.0074	0.0275	0.0164	0.0086	0.0016	0.0053	0.0075	0.0109	0.0011	0.0104	0.0015	0.0039	0.0042	0.0093	0.0084	0.0283	0.0097	0.0158	0.0082	0.0027	0.0258	0.0235	0.0217	0.0241	0.0175	0.0259	0.0168	0.0095	0.0341	0.0218	0.0193	0.0233	0.0049	0.0148	0.0019	0.0148	0.0109	0.0239	0.0002	0.0066	0.0193	0.0086	0.0256	0.0274	0.0252	0.0161	0.0087	0.0252	0.0035	0.0227	0.0057	0.0028	0.0204	0.0211	0.0124	0.0112	0.0223	0.0164	0.0158	0.0021	0.0201	0.0266	0.0144	0.0066	0.0149	0.0040	0.0272	
0.0139	0.0019	0.0160	0.0130	0.0161	0.0138	0.0057	0.0061	0.0162	0.0199	0.0003	0.0031	0.0062	0.0208	0.0225	0.0037	0.0044	0.0138	0.0199	0.0109	0.0109	0.0055	0.0223	0.0200	0.0220	0.0108	0.0271	0.0107	0.0351	0.0272	0.0115	0.0115	0.0234	0.0204	0.0182	0.0107	0.0077	0.0080	0.0168	0.0185	0.0088	0.0147	0.0199	0.0115	0.0267	0.0232	0.0059	0.0158	0.0173	0.0231	0.0146	0.0141	0.0005	0.0180	0.0114	0.0055	0.0141	0.0039	0.0164	0.0006	0.0126	0.0247	0.0062	0.0222	0.0104	0.0217	0.0100	0.0123	0.0356	0.0121	
0.0216	0.0132	0.0234	0.0005	0.0019	0.0197	0.0185	0.0070	0.0216	0.0037	0.0062	0.0130	0.0195	0.0076	0.0138	0.0163	0.0093	0.0310	0.0048	0.0144	0.0328	0.0068	0.0238	0.0215	0.0006	0.0188	0.0105	0.0005	0.0024	0.0074	0.0028	0.0244	0.0154	0.0088	0.0236	0.0159	0.0221	0.0221	0.0195	0.0230	0.0145	0.0090	0.0129	0.0113	0.0238	0.0039	0.0222	0.0324	0.0091	0.0180	0.0145	0.0134	0.0116	0.0061	0.0111	0.0177	0.0246	0.0030	0.0274	0.0080	0.0051	0.0209	0.0026	0.0143	0.0014	0.0167	0.0258	0.0145	0.0112	0.0235	
0.0225	0.0045	0.0075	0.0059	0.0034	0.0162	0.0261	0.0087	0.0257	0.0223	0.0013	0.0112	0.0217	0.0185	0.0206	0.0131	0.0085	0.0086	0.0209	0.0099	0.0165	0.0159	0.0002	0.0127	0.0255	0.0217	0.0078	0.0191	0.0166	0.0049	0.0054	0.0069	0.0215	0.0184	0.0144	0.0025	0.0042	0.0041	0.0034	0.0277	0.0189	0.0141	0.0027	0.0030	0.0072	0.0365	0.0220	0.0178	0.0147	0.0141	0.0089	0.0132	0.0219	0.0005	0.0025	0.0022	0.0084	0.0329	0.0117	0.0033	0.0095	0.0309	0.0291	0.0237	0.0182	0.0279	0.0201	0.0043	0.0331	0.0200	
0.0121	0.0025	0.0051	0.0284	0.0256	0.0004	0.0186	0.0309	0.0017	0.0265	0.0024	0.0174	0.0086	0.0012	0.0315	0.0174	0.0166	0.0169	0.0133	0.0168	0.0222	0.0056	0.0256	0.0012	0.0174	0.0204	0.0261	0.0090	0.0139	0.0145	0.0226	0.0248	0.0231	0.0255	0.0258	0.0046	0.0131	0.0199	0.0073	0.0029	0.0100	0.0110	0.0239	0.0155	0.0009	0.0227	0.0176	0.0249	0.0262	0.0013	0.0102	0.0086	0.0249	0.0116	0.0273	0.0073	0.0122	0.0035	0.0116	0.0036	0.0044	0.0144	0.0140	0.0184	0.0031	0.0110	0.0017	0.0140	0.0015	0.0231	
0.0059	0.0121	0.0085	0.0117	0.0087	0.0143	0.0091	0.0084	0.0001	0.0256	0.0342	0.0020	0.0122	0.0140	0.0054	0.0129	0.0021	0.0099	0.0309	0.0202	0.0259	0.0061	0.0108	0.0044	0.0263	0.0218	0.0286	0.0089	0.0149	0.0231	0.0141	0.0078	0.0262	0.0067	0.0232	0.0123	0.0242	0.0075	0.0027	0.0177	0.0304	0.0031	0.0040	0.0134	0.0040	0.0043	0.0012	0.0022	0.0110	0.0210	0.0088	0.0180	0.0168	0.0112	0.0242	0.0327	0.0154	0.0079	0.0111	0.0115	0.0131	0.0348	0.0338	0.0090	0.0113	0.0270	0.0075	0.0070	0.0234	0.0197	
0.0162	0.0246	0.0057	0.0105	0.0141	0.0200	0.0060	0.0250	0.0000	0.0175	0.0153	0.0293	0.0176	0.0193	0.0143	0.0224	0.0206	0.0127	0.0081	0.0204	0.0326	0.0194	0.0213	0.0173	0.0017	0.0013	0.0054	0.0230	0.0028	0.0097	0.0186	0.0216	0.0117	0.0148	0.0230	0.0123	0.0148	0.0012	0.0196	0.0061	0.0160	0.0146	0.0076	0.0124	0.0130	0.0117	0.0000	0.0267	0.0235	0.0131	0.0005	0.0299	0.0263	0.0120	0.0177	0.0248	0.0193	0.0120	0.0090	0.0162	0.0075	0.0100	0.0176	0.0170	0.0018	0.0010	0.0113	0.0057	0.0001	0.0240	
0.0064	0.0118	0.0227	0.0296	0.0110	0.0113	0.0159	0.0104	0.0102	0.0123	0.0015	0.0072	0.0272	0.0220	0.0091	0.0153	0.0266	0.0280	0.0302	0.0243	0.0178	0.0029	0.0247	0.0326	0.0354	0.0067	0.0249	0.0109	0.0170	0.0132	0.0048	0.0274	0.0307	0.0262	0.0048	0.0080	0.0021	0.0020	0.0053	0.0083	0.0116	0.0138	0.0024	0.0204	0.0177	0.0014	0.0104	0.0025	0.0081	0.0068	0.0069	0.0102	0.0077	0.0011	0.0062	0.0050	0.0259	0.0334	0.0238	0.0011	0.0165	0.0325	0.0211	0.0302	0.0088	0.0094	0.0092	0.0014	0.0155	0.0007	
0.0201	0.0183	0.0208	0.0188	0.0150	0.0035	0.0014	0.0282	0.0054	0.0248	0.0222	0.0239	0.0053	0.0088	0.0063	0.0184	0.0129	0.0334	0.0222	0.0013	0.0101	0.0032	0.0049	0.0049	0.0168	0.0093	0.0160	0.0049	0.0126	0.0098	0.0178	0.0109	0.0150	0.0088	0.0124	0.0107	0.0179	0.0132	0.0133	0.0040	0.0024	0.0026	0.0251	0.0224	0.0053	0.0252	0.0229	0.0137	0.0180	0.0194	0.0210	0.0108	0.0103	0.0116	0.0177	0.0182	0.0148	0.0171	0.0234	0.0049	0.0086	0.0252	0.0125	0.0225	0.0088	0.0132	0.0031	0.0306	0.0228	0.0184	
0.0022	0.0182	0.0139	0.0119	0.0278	0.0044	0.0080	0.0077	0.0001	0.0197	0.0171	0.0071	0.0108	0.0311	0.0191	0.0076	0.0248	0.0050	0.0135	0.0209	0.0170	0.0025	0.0194	0.0099	0.0251	0.0063	0.0194	0.0211	0.0175	0.0173	0.0164	0.0217	0.0184	0.0218	0.0091	0.0237	0.0254	0.0219	0.0104	0.0138	0.0058	0.0072	0.0107	0.0035	0.0115	0.0296	0.0075	0.0101	0.0059	0.0253	0.0157	0.0265	0.0106	0.0001	0.0246	0.0004	0.0076	0.0039	0.0165	0.0171	0.0118	0.0133	0.0163	0.0088	0.0024	0.0258	0.0248	0.0187	0.0090	0.0202	
0.0102	0.0010	0.0251	0.0025	0.0174	0.0184	0.0174	0.0189	0.0228	0.0230	0.0192	0.0095	0.0135	0.0225	0.0046	0.0184	0.0138	0.0216	0.0404	0.0083	0.0210	0.0179	0.0093	0.0215	0.0009	0.0175	0.0147	0.0066	0.0005	0.0187	0.0038	0.0292	0.0243	0.0142	0.0163	0.0128	0.0038	0.0059	0.0120	0.0086	0.0137	0.0207	0.0138	0.0163	0.0316	0.0053	0.0295	0.0296	0.0053	0.0106	0.0146	0.0065	0.0164	0.0028	0.0043	0.0222	0.0195	0.0032	0.0012	0.0256	0.0232	0.0099	0.0143	0.0049	0.0289	0.0004	0.0114	0.0038	0.0041	0.0178	
0.0161	0.0052	0.0065	0.0172	0.0227	0.0246	0.0100	0.0206	0.0216	0.0217	0.0195	0.0253	0.0011	0.0206	0.0067	0.0231	0.0064	0.0279	0.0111	0.0184	0.0220	0.0011	0.0057	0.0129	0.0130	0.0056	0.0057	0.0065	0.0204	0.0234	0.0204	0.0219	0.0172	0.0144	0.0153	0.0062	0.0004	0.0221	0.0053	0.0082	0.0084	0.0019	0.0100	0.0046	0.0041	0.0279	0.0060	0.0209	0.0244	0.0280	0.0208	0.0182	0.0203	0.0066	0.0235	0.0170	0.0246	0.0205	0.0031	0.0176	0.0149	0.0026	0.0232	0.0237	0.0023	0.0011	0.0048	0.0180	0.0028	0.0243	
0.0231	0.0041	0.0164	0.0287	0.0187	0.0181	0.0191	0.0012	0.0073	0.0117	0.0001	0.0125	0.0068	0.0010	0.0037	0.0037	0.0269	0.0135	0.0208	0.0216	0.0081	0.0043	0.0250	0.0150	0.0220	0.0049	0.0079	0.0103	0.0033	0.0028	0.0184	0.0235	0.0177	0.0260	0.0234	0.0114	0.0211	0.0168	0.0153	0.0054	0.0238	0.0216	0.0132	0.0149	0.0204	0.0312	0.0221	0.0232	0.0178	0.0285	0.0025	0.0155	0.0251	0.0048	0.0154	0.0220	0.0122	0.0043	0.0030	0.0107	0.0088	0.0089	0.0243	0.0051	0.0199	0.0085	0.0219	0.0087	0.0024	0.0174	
0.0069	0.0050	0.0303	0.0138	0.0008	0.0112	0.0233	0.0077	0.0237	0.0240	0.0103	0.0205	0.0169	0.0075	0.0010	0.0047	0.0255	0.0163	0.0094	0.0060	0.0007	0.0260	0.0204	0.0062	0.0234	0.0196	0.0001	0.0108	0.0232	0.0112	0.0025	0.0156	0.0176	0.0025	0.0183	0.0276	0.0267	0.0110	0.0051	0.0091	0.0290	0.0068	0.0118	0.0073	0.0002	0.0222	0.0171	0.0211	0.0045	0.0179	0.0135	0.0166	0.0017	0.0255	0.0191	0.0136	0.0124	0.0202	0.0189	0.0099	0.0104	0.0114	0.0087	0.0125	0.0273	0.0259	0.0320	0.0215	0.0153	0.0029	
0.0090	0.0086	0.0086	0.0269	0.0096	0.0262	0.0136	0.0157	0.0056	0.0021	0.0054	0.0093	0.0051	0.0151	0.0327	0.0154	0.0109	0.0288	0.0140	0.0046	0.0141	0.0039	0.0222	0.0313	0.0011	0.0153	0.0248	0.0256	0.0166	0.0027	0.0199	0.0281	0.0015	0.0017	0.0046	0.0301	0.0058	0.0042	0.0134	0.0279	0.0309	0.0242	0.0139	0.0179	0.0058	0.0002	0.0051	0.0274	0.0114	0.0063	0.0146	0.0043	0.0056	0.0176	0.0178	0.0050	0.0215	0.0128	0.0221	0.0226	0.0273	0.0157	0.0418	0.0026	0.0094	0.0090	0.0080	0.0066	0.0061	0.0247	
0.0112	0.0049	0.0088	0.0189	0.0051	0.0141	0.0186	0.0071	0.0217	0.0008	0.0085	0.0028	0.0122	0.0103	0.0204	0.0139	0.0231	0.0163	0.0159	0.0285	0.0105	0.0160	0.0111	0.0237	0.0004	0.0133	0.0014	0.0095	0.0080	0.0321	0.0172	0.0022	0.0185	0.0117	0.0197	0.0060	0.0198	0.0145	0.0078	0.0028	0.0141	0.0129	0.0251	0.0200	0.0093	0.0200	0.0010	0.0183	0.0134	0.0186	0.0199	0.0193	0.0237	0.0062	0.0150	0.0237	0.0244	0.0161	0.0178	0.0181	0.0100	0.0096	0.0217	0.0212	0.0087	0.0098	0.0157	0.0261	0.0183	0.0126	
0.0173	0.0033	0.0105	0.0109	0.0117	0.0234	0.0229	0.0174	0.0267	0.0066	0.0120	0.0103	0.0252	0.0196	0.0145	0.0008	0.0123	0.0090	0.0283	0.0008	0.0080	0.0093	0.0367	0.0202	0.0245	0.0080	0.0176	0.0037	0.0150	0.0384	0.0051	0.0013	0.0341	0.0024	0.0194	0.0116	0.0091	0.0097	0.0219	0.0207	0.0280	0.0124	0.0233	0.0081	0.0075	0.0346	0.0073	0.0071	0.0075	0.0073	0.0337	0.0061	0.0052	0.0154	0.0020	0.0139	0.0044	0.0231	0.0218	0.0044	0.0076	0.0190	0.0003	0.0170	0.0020	0.0136	0.0195	0.0300	0.0176	0.0004	
0.0167	0.0004	0.0202	0.0024	0.0052	0.0234	0.0110	0.0276	0.0083	0.0183	0.0251	0.0064	0.0249	0.0087	0.0011	0.0008	0.0339	0.0134	0.0008	0.0093	0.0059	0.0156	0.0269	0.0235	0.0185	0.0071	0.0126	0.0121	0.0061	0.0301	0.0168	0.0214	0.0148	0.0075	0.0171	0.0279	0.0174	0.0018	0.0137	0.0053	0.0033	0.0165	0.0142	0.0008	0.0092	0.0021	0.0204	0.0243	0.0149	0.0016	0.0205	0.0019	0.0226	0.0128	0.0212	0.0055	0.0098	0.0349	0.0193	0.0233	0.0159	0.0316	0.0115	0.0131	0.0040	0.0132	0.0279	0.0204	0.0198	0.0035	
0.0106	0.0101	0.0234	0.0277	0.0093	0.0185	0.0296	0.0221	0.0079	0.0087	0.0147	0.0146	0.0275	0.0054	0.0110	0.0078	0.0237	0.0009	0.0142	0.0110	0.0172	0.0101	0.0169	0.0191	0.0229	0.0048	0.0017	0.0045	0.0305	0.0316	0.0061	0.0036	0.0049	0.0110	0.0150	0.0155	0.0019	0.0183	0.0041	0.0032	0.0044	0.0151	0.0170	0.0045	0.0103	0.0358	0.0262	0.0103	0.0224	0.0218	0.0252	0.0159	0.0058	0.0052	0.0102	0.0343	0.0095	0.0161	0.0036	0.0015	0.0144	0.0295	0.0195	0.0117	0.0038	0.0134	0.0112	0.0146	0.0220	0.0236	
0.0085	0.0174	0.0258	0.0077	0.0078	0.0237	0.0200	0.0083	0.0049	0.0205	0.0073	0.0185	0.0067	0.0074	0.0110	0.0153	0.0209	0.0265	0.0212	0.0183	0.0065	0.0197	0.0205	0.0034	0.0105	0.0111	0.0212	0.0102	0.0013	0.0223	0.0080	0.0073	0.0235	0.0036	0.0062	0.0225	0.0281	0.0197	0.0244	0.0159	0.0215	0.0014	0.0053	0.0092	0.0187	0.0251	0.0099	0.0133	0.0014	0.0189	0.0123	0.0167	0.0220	0.0245	0.0135	0.0132	0.0296	0.0143	0.0221	0.0241	0.0240	0.0147	0.0082	0.0058	0.0127	0.0004	0.0000	0.0070	0.0153	0.0111	
0.0141	0.0022	0.0012	0.0091	0.0012	0.0060	0.0133	0.0182	0.0114	0.0156	0.0247	0.0104	0.0064	0.0142	0.0129	0.0166	0.0184	0.0028	0.0230	0.0134	0.0234	0.0032	0.0313	0.0004	0.0215	0.0046	0.0211	0.0221	0.0226	0.0210	0.0243	0.0083	0.0149	0.0151	0.0255	0.0106	0.0127	0.0095	0.0170	0.0058	0.0064	0.0136	0.0096	0.0060	0.0264	0.0151	0.0089	0.0221	0.0210	0.0172	0.0147	0.0251	0.0125	0.0088	0.0149	0.0164	0.0033	0.0008	0.0171	0.0205	0.0122	0.0151	0.0155	0.0211	0.0210	0.0227	0.0266	0.0221	0.0119	0.0012	
0.0092	0.0042	0.0138	0.0104	0.0103	0.0101	0.0162	0.0203	0.0025	0.0038	0.0193	0.0008	0.0038	0.0099	0.0113	0.0314	0.0179	0.0068	0.0239	0.0114	0.0065	0.0140	0.0213	0.0237	0.0183	0.0227	0.0206	0.0250	0.0132	0.0050	0.0138	0.0170	0.0110	0.0199	0.0048	0.0071	0.0146	0.0016	0.0277	0.0075	0.0207	0.0096	0.0247	0.0146	0.0006	0.0111	0.0081	0.0084	0.0088	0.0242	0.0265	0.0201	0.0257	0.0358	0.0234	0.0188	0.0117	0.0140	0.0176	0.0183	0.0124	0.0258	0.0068	0.0219	0.0156	0.0042	0.0206	0.0142	0.0019	0.0014	
0.0120	0.0095	0.0074	0.0195	0.0203	0.0224	0.0140	0.0103	0.0223	0.0099	0.0111	0.0125	0.0103	0.0227	0.0058	0.0002	0.0255	0.0088	0.0289	0.0080	0.0231	0.0149	0.0132	0.0097	0.0215	0.0183	0.0060	0.0008	0.0288	0.0267	0.0141	0.0279	0.0061	0.0075	0.0060	0.0077	0.0074	0.0014	0.0072	0.0249	0.0096	0.0012	0.0217	0.0046	0.0058	0.0320	0.0141	0.0137	0.0164	0.0153	0.0071	0.0088	0.0131	0.0213	0.0040	0.0224	0.0064	0.0292	0.0227	0.0228	0.0148	0.0155	0.0101	0.0250	0.0204	0.0163	0.0092	0.0038	0.0133	0.0247	
0.0165	0.0197	0.0010	0.0024	0.0306	0.0219	0.0260	0.0085	0.0022	0.0205	0.0052	0.0199	0.0084	0.0148	0.0189	0.0066	0.0153	0.0131	0.0034	0.0118	0.0021	0.0080	0.0052	0.0131	0.0090	0.0214	0.0181	0.0006	0.0112	0.0207	0.0161	0.0159	0.0283	0.0219	0.0220	0.0091	0.0086	0.0077	0.0236	0.0092	0.0249	0.0001	0.0245	0.0020	0.0210	0.0278	0.0043	0.0276	0.0063	0.0146	0.0015	0.0255	0.0006	0.0252	0.0194	0.0124	0.0187	0.0213	0.0221	0.0026	0.0034	0.0279	0.0209	0.0124	0.0074	0.0222	0.0219	0.0148	0.0190	0.0091	
0.0267	0.0020	0.0137	0.0202	0.0234	0.0018	0.0113	0.0023	0.0120	0.0095	0.0195	0.0208	0.0199	0.0308	0.0153	0.0133	0.0112	0.0019	0.0002	0.0096	0.0174	0.0116	0.0152	0.0208	0.0062	0.0005	0.0047	0.0136	0.0257	0.0247	0.0025	0.0202	0.0082	0.0280	0.0117	0.0203	0.0075	0.0054	0.0062	0.0201	0.0239	0.0118	0.0249	0.0097	0.0111	0.0120	0.0015	0.0309	0.0171	0.0211	0.0102	0.0130	0.0153	0.0049	0.0147	0.0100	0.0171	0.0294	0.0115	0.0192	0.0212	0.0309	0.0069	0.0190	0.0095	0.0024	0.0097	0.0196	0.0184	0.0173	
0.0078	0.0034	0.0236	0.0080	0.0158	0.0005	0.0246	0.0057	0.0089	0.0267	0.0332	0.0106	0.0216	0.0073	0.0211	0.0108	0.0028	0.0036	0.0082	0.0051	0.0091	0.0116	0.0208	0.0215	0.0241	0.0013	0.0092	0.0066	0.0026	0.0086	0.0203	0.0053	0.0110	0.0335	0.0079	0.0047	0.0265	0.0057	0.0171	0.0178	0.0168	0.0098	0.0183	0.0160	0.0204	0.0213	0.0016	0.0322	0.0015	0.0343	0.0265	0.0133	0.0181	0.0089	0.0125	0.0243	0.0101	0.0063	0.0103	0.0151	0.0203	0.0134	0.0036	0.0006	0.0047	0.0252	0.0259	0.0385	0.0236	0.0121	
0.0132	0.0302	0.0168	0.0180	0.0195	0.0226	0.0241	0.0076	0.0329	0.0075	0.0225	0.0103	0.0045	0.0065	0.0109	0.0103	0.0193	0.0038	0.0171	0.0125	0.0219	0.0214	0.0296	0.0041	0.0010	0.0017	0.0100	0.0158	0.0104	0.0273	0.0182	0.0068	0.0023	0.0130	0.0093	0.0033	0.0285	0.0005	0.0192	0.0135	0.0280	0.0036	0.0077	0.0028	0.0137	0.0063	0.0085	0.0236	0.0217	0.0210	0.0084	0.0281	0.0098	0.0121	0.0192	0.0283	0.0008	0.0106	0.0192	0.0150	0.0143	0.0104	0.0178	0.0016	0.0192	0.0230	0.0119	0.0161	0.0219	0.0072	
0.0088	0.0090	0.0146	0.0232	0.0144	0.0168	0.0077	0.0208	0.0152	0.0195	0.0175	0.0102	0.0183	0.0193	0.0187	0.0179	0.0201	0.0160	0.0220	0.0100	0.0020	0.0144	0.0114	0.0272	0.0003	0.0149	0.0068	0.0064	0.0106	0.0164	0.0188	0.0174	0.0272	0.0125	0.0091	0.0172	0.0062	0.0074	0.0215	0.0276	0.0124	0.0066	0.0159	0.0206	0.0226	0.0020	0.0110	0.0044	0.0092	0.0268	0.0242	0.0168	0.0201	0.0129	0.0031	0.0162	0.0025	0.0130	0.0226	0.0238	0.0096	0.0032	0.0094	0.0218	0.0241	0.0020	0.0112	0.0116	0.0045	0.0209	
0.0138	0.0137	0.0200	0.0256	0.0244	0.0225	0.0273	0.0219	0.0016	0.0222	0.0026	0.0043	0.0171	0.0143	0.0234	0.0049	0.0260	0.0192	0.0123	0.0120	0.0187	0.0145	0.0100	0.0007	0.0145	0.0094	0.0196	0.0206	0.0201	0.0208	0.0154	0.0041	0.0233	0.0124	0.0089	0.0081	0.0005	0.0174	0.0146	0.0075	0.0217	0.0099	0.0172	0.0004	0.0240	0.0066	0.0086	0.0246	0.0031	0.0220	0.0037	0.0242	0.0253	0.0150	0.0078	0.0297	0.0044	0.0195	0.0084	0.0135	0.0207	0.0043	0.0210	0.0073	0.0113	0.0243	0.0054	0.0096	0.0044	0.0119	
0.0050	0.0031	0.0028	0.0004	0.0247	0.0052	0.0011	0.0114	0.0074	0.0098	0.0035	0.0043	0.0173	0.0073	0.0225	0.0196	0.0036	0.0103	0.0042	0.0115	0.0040	0.0110	0.0151	0.0322	0.0160	0.0213	0.0172	0.0085	0.0201	0.0224	0.0010	0.0264	0.0200	0.0181	0.0121	0.0299	0.0244	0.0273	0.0198	0.0040	0.0257	0.0225	0.0101	0.0314	0.0114	0.0196	0.0113	0.0159	0.0152	0.0195	0.0262	0.0248	0.0064	0.0265	0.0096	0.0198	0.0195	0.0032	0.0132	0.0028	0.0169	0.0220	0.0219	0.0116	0.0084	0.0063	0.0170	0.0005	0.0160	0.0191	
0.0244	0.0030	0.0173	0.0009	0.0135	0.0100	0.0251	0.0163	0.0186	0.0238	0.0051	0.0010	0.0190	0.0012	0.0330	0.0048	0.0210	0.0232	0.0102	0.0196	0.0106	0.0168	0.0165	0.0195	0.0145	0.0044	0.0034	0.0001	0.0201	0.0070	0.0015	0.0143	0.0257	0.0229	0.0195	0.0190	0.0057	0.0046	0.0080	0.0290	0.0246	0.0038	0.0169	0.0142	0.0259	0.0155	0.0008	0.0191	0.0125	0.0031	0.0154	0.0202	0.0239	0.0028	0.0088	0.0063	0.0175	0.0273	0.0141	0.0092	0.0055	0.0302	0.0229	0.0094	0.0244	0.0232	0.0061	0.0263	0.0081	0.0081	
0.0263	0.0208	0.0187	0.0088	0.0196	0.0050	0.0017	0.0001	0.0248	0.0267	0.0026	0.0124	0.0133	0.0166	0.0247	0.0120	0.0236	0.0190	0.0163	0.0153	0.0020	0.0096	0.0210	0.0247	0.0204	0.0335	0.0086	0.0091	0.0150	0.0043	0.0101	0.0055	0.0098	0.0044	0.0035	0.0267	0.0041	0.0126	0.0116	0.0038	0.0041	0.0203	0.0050	0.0138	0.0061	0.0162	0.0106	0.0063	0.0178	0.0126	0.0290	0.0156	0.0082	0.0203	0.0056	0.0177	0.0243	0.0158	0.0186	0.0196	0.0231	0.0226	0.0078	0.0182	0.0172	0.0254	0.0044	0.0088	0.0106	0.0257	
0.0060	0.0100	0.0128	0.0109	0.0121	0.0132	0.0020	0.0061	0.0208	0.0001	0.0177	0.0018	0.0173	0.0049	0.0075	0.0285	0.0247	0.0191	0.0002	0.0097	0.0008	0.0168	0.0241	0.0230	0.0071	0.0111	0.0070	0.0196	0.0247	0.0081	0.0159	0.0012	0.0283	0.0237	0.0072	0.0179	0.0034	0.0232	0.0125	0.0235	0.0199	0.0178	0.0236	0.0196	0.0055	0.0308	0.0026	0.0071	0.0112	0.0285	0.0301	0.0186	0.0116	0.0023	0.0266	0.0175	0.0207	0.0178	0.0043	0.0000	0.0058	0.0145	0.0136	0.0119	0.0132	0.0176	0.0086	0.0408	0.0170	0.0168	
0.0231	0.0011	0.0051	0.0083	0.0254	0.0104	0.0169	0.0085	0.0166	0.0132	0.0083	0.0009	0.0050	0.0027	0.0127	0.0018	0.0214	0.0227	0.0304	0.0208	0.0290	0.0100	0.0263	0.0162	0.0179	0.0047	0.0122	0.0141	0.0066	0.0224	0.0145	0.0049	0.0150	0.0243	0.0274	0.0320	0.0134	0.0025	0.0085	0.0178	0.0030	0.0110	0.0105	0.0258	0.0232	0.0055	0.0089	0.0085	0.0036	0.0113	0.0302	0.0184	0.0003	0.0101	0.0219	0.0126	0.0110	0.0198	0.0229	0.0201	0.0289	0.0053	0.0018	0.0240	0.0271	0.0043	0.0232	0.0176	0.0019	0.0121	

Emissions
0.0995	0.1806	0.1490	0.0380	0.0536	0.1358	0.2133	0.0033	0.1269	
0.0076	0.1052	0.0252	0.0000	0.1668	0.6735	0.0050	0.0120	0.0048	
0.0097	0.1087	0.2109	0.0327	0.0525	0.2211	0.1088	0.2140	0.0415	
0.1096	0.1896	0.1806	0.0706	0.0697	0.0227	0.1287	0.1809	0.0476	
0.0181	0.1639	0.3169	0.0136	0.0651	0.0726	0.0157	0.1077	0.2263	
0.1542	0.1482	0.0442	0.2494	0.0538	0.0895	0.0782	0.0833	0.0993	
0.1508	0.2660	0.0714	0.1717	0.0764	0.0652	0.0520	0.1115	0.0349	
0.0060	0.1473	0.2137	0.1334	0.0544	0.0302	0.0852	0.2394	0.0904	
0.1139	0.0063	0.0003	0.1147	0.0979	0.0196	0.2422	0.3634	0.0417	
0.0155	0.1216	0.3185	0.0304	0.1179	0.1653	0.1297	0.0053	0.0958	
0.2458	0.0916	0.2609	0.0532	0.1357	0.0620	0.0411	0.0062	0.1034	
0.1485	0.1989	0.0692	0.1254	0.0507	0.2431	0.0732	0.0441	0.0468	
0.1415	0.1218	0.1438	0.0313	0.1369	0.0645	0.1078	0.0616	0.1909	
0.0444	0.0965	0.2844	0.0505	0.0196	0.0489	0.0877	0.1916	0.1764	
0.0065	0.0289	0.0721	0.1798	0.0189	0.1240	0.1583	0.2572	0.1543	
0.0931	0.0338	0.0894	0.0013	0.0596	0.4959	0.1184	0.0211	0.0875	
0.0490	0.1788	0.0834	0.0393	0.0733	0.0993	0.0894	0.2766	0.1110	
0.1012	0.1966	0.2090	0.1961	0.0352	0.1034	0.0448	0.1028	0.0108	
0.0140	0.2101	0.0891	0.1999	0.0629	0.0413	0.1682	0.2103	0.0041	
0.1025	0.0243	0.0385	0.0136	0.1681	0.0800	0.3016	0.0835	0.1878	
0.0924	0.2360	0.1208	0.1302	0.0381	0.0429	0.2454	0.0933	0.0009	
0.0010	0.0432	0.1943	0.0037	0.1230	0.3753	0.1635	0.0602	0.0359	
0.0569	0.1012	0.1204	0.0170	0.0803	0.0612	0.1181	0.2928	0.1521	
0.1096	0.0751	0.2496	0.1060	0.0508	0.0281	0.0190	0.2459	0.1159	
0.1538	0.1365	0.1732	0.0019	0.1313	0.0646	0.0460	0.2201	0.0727	
0.0412	0.0364	0.1006	0.0036	0.0636	0.2541	0.2403	0.1503	0.1098	
0.1006	0.0835	0.0655	0.0153	0.1064	0.0569	0.0848	0.1935	0.2935	
0.0017	0.1129	0.1826	0.0144	0.0351	0.4021	0.1053	0.0104	0.1355	
0.2040	0.0933	0.1856	0.0468	0.0585	0.0016	0.1618	0.0756	0.1729	
0.1407	0.1127	0.0042	0.1150	0.0648	0.0216	0.1333	0.2673	0.1405	
0.0384	0.1719	0.2261	0.0001	0.1550	0.2626	0.0950	0.0390	0.0121	
0.1271	0.1972	0.2154	0.0507	0.0348	0.0256	0.0965	0.2155	0.0371	
0.2053	0.0245	0.0915	0.0282	0.0049	0.0876	0.1020	0.2379	0.2181	
0.1957	0.1386	0.2825	0.0893	0.0593	0.0692	0.0786	0.0013	0.0856	
0.0403	0.2062	0.1944	0.0186	0.0946	0.1690	0.1857	0.0533	0.0380	
0.0860	0.0592	0.1879	0.0384	0.0847	0.1734	0.1588	0.1327	0.0790	
0.0390	0.0604	0.2105	0.0541	0.0605	0.2805	0.0936	0.1012	0.1003	
0.0202	0.0706	0.0715	0.0093	0.1398	0.2697	0.2240	0.0706	0.1243	
0.0751	0.1677	0.0534	0.0564	0.0249	0.2655	0.1069	0.1906	0.0596	
0.0441	0.0450	0.3267	0.0088	0.0950	0.0461	0.2461	0.0274	0.1609	
0.1117	0.1206	0.1362	0.0885	0.0880	0.1070	0.0307	0.1721	0.1452	
0.0106	0.1213	0.1927	0.0034	0.1289	0.1590	0.2408	0.1370	0.0064	
0.1136	0.2125	0.0303	0.1921	0.0399	0.1508	0.1451	0.0664	0.0493	
0.1313	0.0249	0.2562	0.0115	0.0560	0.1490	0.1880	0.0489	0.1343	
0.0648	0.2029	0.2231	0.0700	0.0327	0.0936	0.1928	0.0930	0.0272	
0.3199	0.0743	0.2049	0.0713	0.0338	0.0088	0.0194	0.1420	0.1257	
0.0991	0.2985	0.0758	0.0624	0.0130	0.1854	0.0815	0.0788	0.1054	
0.1483	0.2103	0.1821	0.0921	0.0038	0.0551	0.1148	0.0951	0.0984	
0.0284	0.1642	0.0988	0.0301	0.0849	0.2237	0.1117	0.1451	0.1130	
0.1510	0.1510	0.2557	0.1479	0.0037	0.0541	0.0892	0.0887	0.0587	
0.0814	0.1666	0.2007	0.0020	0.0267	0.0128	0.1794	0.2590	0.0714	
0.0558	0.0521	0.0436	0.1006	0.0679	0.2485	0.1084	0.2528	0.0703	
0.2435	0.0127	0.0151	0.0631	0.0071	0.0766	0.1876	0.2122	0.1823	
0.1245	0.0275	0.2989	0.0917	0.0187	0.1489	0.0591	0.0802	0.1505	
0.1035	0.0503	0.2004	0.0165	0.0714	0.2888	0.1265	0.0669	0.0756	
0.2064	0.2813	0.0775	0.0395	0.0460	0.0449	0.0067	0.2313	0.0664	
0.0544	0.0882	0.2313	0.0652	0.0307	0.1317	0.1148	0.0892	0.1945	
0.1318	0.2841	0.0151	0.0952	0.0842	0.0548	0.0158	0.1810	0.1379	
0.0873	0.0917	0.1070	0.0095	0.0677	0.1938	0.1657	0.1951	0.0821	
0.0596	0.1308	0.2316	0.0840	0.0579	0.1498	0.1066	0.0116	0.1680	
0.0107	0.1663	0.3507	0.0442	0.1403	0.1629	0.0264	0.0239	0.0745	
0.1380	0.1733	0.2304	0.0078	0.0098	0.0083	0.2570	0.1510	0.0243	
0.1745	0.0335	0.2220	0.2364	0.0420	0.0797	0.0381	0.0302	0.1436	
0.0241	0.2012	0.1201	0.0535	0.0810	0.0858	0.0465	0.2501	0.1377	
0.0816	0.2020	0.2329	0.1069	0.0011	0.1451	0.0688	0.0929	0.0689	
0.0198	0.0934	0.1619	0.1163	0.0876	0.0134	0.0920	0.1879	0.2279	
0.0494	0.0443	0.0720	0.0819	0.0868	0.1509	0.1574	0.3129	0.0443	
0.0074	0.0077	0.2164	0.3209	0.0966	0.0143	0.0578	0.1259	0.1529	
0.1306	0.3225	0.0570	0.0374	0.0873	0.0324	0.0277	0.0473	0.2579	
0.0398	0.1250	0.0217	0.0613	0.0910	0.0715	0.1269	0.2890	0.1737	
