DataSet 36
Learner: Baum Welch Learner
Log Likelihood: 121780.6247922930

Number of States: 60
Number of Symbols: 9
Threshold: 0.01

Initial Distribution:
0.0053	0.0038	0.0005	0.0066	0.0043	0.0057	0.0014	0.0069	0.0013	0.0019	0.0824	0.0025	0.0671	0.1316	0.0042	0.0007	0.0106	0.0001	0.0148	0.0087	0.0081	0.0028	0.0345	0.0030	0.0065	0.0024	0.0770	0.0003	0.0014	0.0016	0.0145	0.0229	0.0013	0.0158	0.0027	0.0141	0.0021	0.0021	0.0128	0.0026	0.0035	0.0101	0.0060	0.2564	0.0001	0.0316	0.0126	0.0050	0.0116	0.0168	0.0026	0.0025	0.0017	0.0054	0.0017	0.0028	0.0002	0.0008	0.0365	0.0034	

Transitions:
0.0179	0.0185	0.0191	0.0233	0.0313	0.0174	0.0050	0.0159	0.0189	0.0221	0.0301	0.0110	0.0163	0.0218	0.0040	0.0038	0.0220	0.0278	0.0049	0.0283	0.0141	0.0202	0.0020	0.0087	0.0114	0.0079	0.0093	0.0395	0.0059	0.0074	0.0121	0.0059	0.0016	0.0147	0.0376	0.0258	0.0070	0.0264	0.0049	0.0202	0.0126	0.0097	0.0293	0.0223	0.0361	0.0269	0.0256	0.0200	0.0028	0.0005	0.0182	0.0236	0.0333	0.0168	0.0230	0.0014	0.0160	0.0104	0.0082	0.0216	
0.0074	0.0088	0.0093	0.0157	0.0070	0.0246	0.0094	0.0018	0.0309	0.0153	0.0301	0.0341	0.0191	0.0161	0.0159	0.0034	0.0224	0.0183	0.0066	0.0225	0.0153	0.0226	0.0261	0.0046	0.0225	0.0301	0.0097	0.0221	0.0301	0.0473	0.0102	0.0418	0.0127	0.0160	0.0122	0.0061	0.0328	0.0140	0.0146	0.0123	0.0249	0.0232	0.0370	0.0306	0.0047	0.0193	0.0004	0.0107	0.0056	0.0168	0.0093	0.0005	0.0005	0.0212	0.0057	0.0192	0.0110	0.0067	0.0167	0.0139	
0.0136	0.0230	0.0104	0.0227	0.0057	0.0459	0.0208	0.0052	0.0091	0.0050	0.0059	0.0109	0.0300	0.0298	0.0283	0.0227	0.0323	0.0064	0.0007	0.0034	0.0207	0.0267	0.0116	0.0070	0.0185	0.0089	0.0375	0.0380	0.0147	0.0267	0.0359	0.0302	0.0222	0.0002	0.0298	0.0289	0.0159	0.0061	0.0141	0.0069	0.0031	0.0253	0.0005	0.0005	0.0178	0.0337	0.0024	0.0032	0.0290	0.0116	0.0259	0.0043	0.0062	0.0210	0.0268	0.0127	0.0119	0.0021	0.0030	0.0266	
0.0008	0.0348	0.0267	0.0167	0.0090	0.0142	0.0234	0.0309	0.0014	0.0013	0.0124	0.0243	0.0190	0.0249	0.0016	0.0266	0.0303	0.0128	0.0221	0.0240	0.0065	0.0304	0.0262	0.0380	0.0015	0.0298	0.0224	0.0060	0.0109	0.0188	0.0187	0.0117	0.0023	0.0183	0.0048	0.0096	0.0030	0.0158	0.0254	0.0026	0.0094	0.0046	0.0011	0.0277	0.0315	0.0026	0.0148	0.0100	0.0160	0.0241	0.0181	0.0339	0.0099	0.0112	0.0235	0.0059	0.0358	0.0357	0.0128	0.0118	
0.0227	0.0190	0.0202	0.0196	0.0151	0.0016	0.0207	0.0013	0.0255	0.0263	0.0239	0.0144	0.0170	0.0193	0.0154	0.0015	0.0253	0.0010	0.0002	0.0321	0.0109	0.0098	0.0185	0.0123	0.0279	0.0242	0.0020	0.0289	0.0318	0.0372	0.0097	0.0098	0.0015	0.0104	0.0110	0.0233	0.0155	0.0150	0.0107	0.0333	0.0190	0.0127	0.0195	0.0246	0.0039	0.0012	0.0099	0.0192	0.0288	0.0197	0.0103	0.0297	0.0285	0.0145	0.0027	0.0131	0.0294	0.0084	0.0158	0.0232	
0.0284	0.0273	0.0037	0.0244	0.0165	0.0163	0.0147	0.0091	0.0121	0.0200	0.0178	0.0119	0.0180	0.0021	0.0142	0.0303	0.0232	0.0300	0.0085	0.0300	0.0114	0.0151	0.0245	0.0080	0.0163	0.0108	0.0140	0.0213	0.0084	0.0312	0.0307	0.0074	0.0265	0.0194	0.0323	0.0214	0.0091	0.0265	0.0068	0.0222	0.0217	0.0014	0.0057	0.0094	0.0031	0.0291	0.0097	0.0239	0.0018	0.0039	0.0191	0.0314	0.0336	0.0212	0.0119	0.0153	0.0002	0.0274	0.0035	0.0050	
0.0005	0.0317	0.0007	0.0162	0.0286	0.0161	0.0225	0.0024	0.0045	0.0279	0.0278	0.0343	0.0242	0.0247	0.0105	0.0111	0.0141	0.0181	0.0057	0.0203	0.0012	0.0236	0.0167	0.0045	0.0099	0.0382	0.0106	0.0084	0.0091	0.0185	0.0292	0.0174	0.0227	0.0027	0.0214	0.0305	0.0011	0.0277	0.0211	0.0310	0.0167	0.0082	0.0215	0.0141	0.0179	0.0241	0.0109	0.0130	0.0143	0.0021	0.0056	0.0204	0.0276	0.0187	0.0048	0.0089	0.0143	0.0348	0.0087	0.0257	
0.0026	0.0149	0.0319	0.0242	0.0366	0.0089	0.0135	0.0266	0.0020	0.0139	0.0104	0.0231	0.0224	0.0113	0.0080	0.0234	0.0049	0.0053	0.0199	0.0224	0.0215	0.0326	0.0232	0.0058	0.0077	0.0067	0.0246	0.0070	0.0396	0.0137	0.0199	0.0055	0.0183	0.0362	0.0277	0.0017	0.0145	0.0347	0.0085	0.0105	0.0149	0.0261	0.0082	0.0318	0.0279	0.0188	0.0284	0.0085	0.0077	0.0110	0.0041	0.0082	0.0093	0.0225	0.0018	0.0047	0.0235	0.0271	0.0090	0.0207	
0.0124	0.0058	0.0172	0.0238	0.0004	0.0057	0.0040	0.0288	0.0258	0.0050	0.0148	0.0062	0.0233	0.0127	0.0096	0.0267	0.0185	0.0311	0.0114	0.0313	0.0174	0.0177	0.0289	0.0193	0.0061	0.0099	0.0342	0.0335	0.0306	0.0202	0.0150	0.0283	0.0158	0.0171	0.0253	0.0054	0.0023	0.0162	0.0251	0.0203	0.0136	0.0202	0.0170	0.0041	0.0284	0.0318	0.0118	0.0247	0.0094	0.0024	0.0129	0.0208	0.0089	0.0142	0.0070	0.0293	0.0060	0.0010	0.0124	0.0208	
0.0105	0.0064	0.0042	0.0073	0.0302	0.0308	0.0228	0.0078	0.0214	0.0039	0.0363	0.0067	0.0430	0.0368	0.0150	0.0406	0.0024	0.0306	0.0275	0.0101	0.0353	0.0044	0.0279	0.0289	0.0065	0.0336	0.0199	0.0062	0.0122	0.0307	0.0305	0.0014	0.0020	0.0048	0.0106	0.0100	0.0219	0.0101	0.0183	0.0075	0.0104	0.0053	0.0039	0.0078	0.0085	0.0075	0.0226	0.0194	0.0038	0.0116	0.0331	0.0138	0.0123	0.0056	0.0287	0.0048	0.0214	0.0130	0.0033	0.0462	
0.0069	0.0173	0.0408	0.0259	0.0030	0.0233	0.0043	0.0277	0.0148	0.0050	0.0052	0.0389	0.0070	0.0083	0.0311	0.0274	0.0006	0.0123	0.0159	0.0277	0.0393	0.0414	0.0006	0.0002	0.0215	0.0180	0.0123	0.0240	0.0099	0.0067	0.0153	0.0044	0.0047	0.0097	0.0409	0.0391	0.0066	0.0065	0.0038	0.0154	0.0025	0.0368	0.0267	0.0087	0.0269	0.0012	0.0427	0.0211	0.0034	0.0033	0.0041	0.0031	0.0254	0.0053	0.0299	0.0114	0.0192	0.0451	0.0091	0.0101	
0.0038	0.0094	0.0185	0.0128	0.0181	0.0042	0.0258	0.0027	0.0203	0.0030	0.0190	0.0268	0.0107	0.0050	0.0302	0.0021	0.0020	0.0045	0.0002	0.0329	0.0212	0.0284	0.0218	0.0058	0.0016	0.0248	0.0178	0.0011	0.0161	0.0305	0.0174	0.0142	0.0119	0.0204	0.0102	0.0266	0.0151	0.0235	0.0130	0.0380	0.0187	0.0267	0.0126	0.0056	0.0283	0.0132	0.0235	0.0242	0.0133	0.0287	0.0067	0.0107	0.0361	0.0312	0.0326	0.0077	0.0209	0.0130	0.0094	0.0256	
0.0168	0.0241	0.0258	0.0232	0.0199	0.0041	0.0132	0.0202	0.0239	0.0268	0.0103	0.0208	0.0108	0.0021	0.0146	0.0332	0.0125	0.0164	0.0160	0.0216	0.0344	0.0333	0.0215	0.0165	0.0116	0.0047	0.0071	0.0091	0.0230	0.0013	0.0067	0.0009	0.0070	0.0137	0.0090	0.0366	0.0034	0.0125	0.0193	0.0165	0.0216	0.0002	0.0218	0.0038	0.0064	0.0112	0.0257	0.0188	0.0093	0.0233	0.0199	0.0366	0.0235	0.0164	0.0231	0.0373	0.0315	0.0112	0.0022	0.0116	
0.0190	0.0447	0.0413	0.0275	0.0188	0.0153	0.0044	0.0026	0.0254	0.0161	0.0082	0.0012	0.0011	0.0007	0.0267	0.0408	0.0021	0.0077	0.0054	0.0252	0.0202	0.0296	0.0265	0.0321	0.0069	0.0130	0.0030	0.0154	0.0206	0.0158	0.0176	0.0148	0.0055	0.0004	0.0365	0.0463	0.0016	0.0203	0.0331	0.0267	0.0148	0.0234	0.0269	0.0057	0.0078	0.0083	0.0436	0.0171	0.0120	0.0004	0.0220	0.0301	0.0022	0.0148	0.0265	0.0042	0.0064	0.0074	0.0025	0.0039	
0.0115	0.0140	0.0122	0.0172	0.0194	0.0241	0.0249	0.0019	0.0101	0.0258	0.0266	0.0076	0.0134	0.0150	0.0053	0.0313	0.0214	0.0304	0.0139	0.0248	0.0169	0.0150	0.0277	0.0199	0.0196	0.0107	0.0286	0.0259	0.0014	0.0249	0.0242	0.0316	0.0099	0.0185	0.0092	0.0073	0.0039	0.0123	0.0118	0.0177	0.0290	0.0241	0.0162	0.0032	0.0062	0.0163	0.0058	0.0171	0.0112	0.0005	0.0098	0.0084	0.0213	0.0216	0.0202	0.0285	0.0153	0.0255	0.0226	0.0092	
0.0320	0.0000	0.0009	0.0189	0.0336	0.0342	0.0303	0.0217	0.0069	0.0382	0.0305	0.0111	0.0178	0.0333	0.0251	0.0274	0.0003	0.0268	0.0149	0.0033	0.0034	0.0081	0.0143	0.0008	0.0133	0.0195	0.0106	0.0247	0.0000	0.0123	0.0219	0.0109	0.0149	0.0019	0.0174	0.0305	0.0255	0.0292	0.0046	0.0087	0.0186	0.0109	0.0111	0.0170	0.0072	0.0300	0.0206	0.0273	0.0005	0.0260	0.0286	0.0197	0.0097	0.0213	0.0061	0.0184	0.0204	0.0001	0.0099	0.0167	
0.0175	0.0100	0.0306	0.0270	0.0041	0.0139	0.0302	0.0130	0.0092	0.0287	0.0285	0.0053	0.0169	0.0050	0.0138	0.0241	0.0262	0.0298	0.0268	0.0124	0.0215	0.0177	0.0169	0.0037	0.0116	0.0030	0.0020	0.0268	0.0285	0.0282	0.0088	0.0208	0.0191	0.0206	0.0225	0.0095	0.0173	0.0146	0.0087	0.0251	0.0038	0.0124	0.0122	0.0028	0.0295	0.0208	0.0333	0.0029	0.0073	0.0137	0.0215	0.0196	0.0055	0.0273	0.0233	0.0035	0.0286	0.0226	0.0081	0.0010	
0.0133	0.0029	0.0162	0.0142	0.0234	0.0097	0.0202	0.0005	0.0200	0.0063	0.0056	0.0169	0.0268	0.0042	0.0097	0.0102	0.0048	0.0157	0.0077	0.0270	0.0043	0.0343	0.0177	0.0150	0.0079	0.0316	0.0261	0.0307	0.0341	0.0215	0.0169	0.0336	0.0021	0.0081	0.0107	0.0022	0.0320	0.0327	0.0206	0.0217	0.0054	0.0328	0.0210	0.0053	0.0112	0.0082	0.0266	0.0022	0.0239	0.0138	0.0364	0.0124	0.0158	0.0198	0.0298	0.0134	0.0190	0.0053	0.0084	0.0308	
0.0217	0.0392	0.0033	0.0007	0.0276	0.0106	0.0166	0.0148	0.0282	0.0068	0.0118	0.0069	0.0239	0.0164	0.0219	0.0052	0.0153	0.0129	0.0017	0.0294	0.0334	0.0191	0.0030	0.0202	0.0190	0.0047	0.0137	0.0193	0.0134	0.0421	0.0147	0.0218	0.0185	0.0181	0.0359	0.0129	0.0317	0.0167	0.0168	0.0036	0.0251	0.0175	0.0098	0.0102	0.0008	0.0198	0.0180	0.0311	0.0021	0.0218	0.0380	0.0082	0.0025	0.0082	0.0001	0.0043	0.0324	0.0298	0.0116	0.0154	
0.0224	0.0462	0.0021	0.0262	0.0272	0.0270	0.0137	0.0061	0.0219	0.0073	0.0079	0.0318	0.0247	0.0252	0.0054	0.0099	0.0072	0.0220	0.0103	0.0245	0.0210	0.0199	0.0099	0.0215	0.0272	0.0108	0.0227	0.0196	0.0253	0.0377	0.0165	0.0091	0.0013	0.0224	0.0092	0.0269	0.0131	0.0116	0.0217	0.0122	0.0119	0.0095	0.0073	0.0287	0.0140	0.0020	0.0079	0.0030	0.0028	0.0150	0.0310	0.0031	0.0057	0.0194	0.0277	0.0061	0.0196	0.0225	0.0238	0.0100	
0.0010	0.0409	0.0203	0.0301	0.0304	0.0002	0.0401	0.0020	0.0260	0.0131	0.0389	0.0324	0.0305	0.0037	0.0149	0.0121	0.0132	0.0231	0.0021	0.0346	0.0009	0.0210	0.0152	0.0015	0.0003	0.0188	0.0036	0.0176	0.0410	0.0042	0.0080	0.0379	0.0164	0.0110	0.0129	0.0167	0.0284	0.0191	0.0028	0.0230	0.0098	0.0073	0.0167	0.0330	0.0288	0.0013	0.0052	0.0020	0.0117	0.0207	0.0278	0.0031	0.0191	0.0025	0.0152	0.0178	0.0191	0.0191	0.0196	0.0101	
0.0252	0.0180	0.0030	0.0179	0.0041	0.0030	0.0117	0.0199	0.0277	0.0258	0.0172	0.0269	0.0121	0.0134	0.0201	0.0210	0.0052	0.0206	0.0081	0.0284	0.0086	0.0012	0.0013	0.0099	0.0079	0.0041	0.0149	0.0189	0.0328	0.0321	0.0326	0.0111	0.0171	0.0213	0.0182	0.0203	0.0032	0.0247	0.0165	0.0220	0.0235	0.0126	0.0072	0.0175	0.0030	0.0261	0.0170	0.0307	0.0137	0.0139	0.0087	0.0259	0.0037	0.0208	0.0302	0.0240	0.0135	0.0275	0.0085	0.0239	
0.0163	0.0347	0.0213	0.0250	0.0288	0.0073	0.0053	0.0171	0.0268	0.0244	0.0146	0.0125	0.0194	0.0157	0.0086	0.0253	0.0211	0.0168	0.0049	0.0101	0.0152	0.0152	0.0247	0.0102	0.0140	0.0044	0.0043	0.0312	0.0244	0.0267	0.0079	0.0070	0.0090	0.0136	0.0280	0.0266	0.0176	0.0061	0.0181	0.0271	0.0175	0.0283	0.0265	0.0098	0.0200	0.0159	0.0254	0.0093	0.0102	0.0026	0.0014	0.0251	0.0160	0.0215	0.0116	0.0031	0.0283	0.0168	0.0063	0.0172	
0.0009	0.0069	0.0257	0.0081	0.0177	0.0146	0.0346	0.0101	0.0285	0.0146	0.0053	0.0171	0.0010	0.0087	0.0233	0.0154	0.0164	0.0149	0.0124	0.0233	0.0064	0.0250	0.0138	0.0198	0.0154	0.0177	0.0247	0.0263	0.0062	0.0318	0.0319	0.0099	0.0241	0.0269	0.0303	0.0133	0.0042	0.0244	0.0014	0.0175	0.0022	0.0163	0.0177	0.0010	0.0370	0.0165	0.0246	0.0065	0.0063	0.0258	0.0144	0.0156	0.0363	0.0221	0.0173	0.0052	0.0220	0.0036	0.0130	0.0265	
0.0201	0.0091	0.0056	0.0348	0.0235	0.0331	0.0295	0.0067	0.0157	0.0058	0.0160	0.0331	0.0121	0.0014	0.0215	0.0286	0.0105	0.0178	0.0309	0.0079	0.0277	0.0233	0.0192	0.0070	0.0113	0.0158	0.0105	0.0036	0.0115	0.0234	0.0252	0.0007	0.0049	0.0021	0.0295	0.0300	0.0136	0.0188	0.0188	0.0018	0.0238	0.0186	0.0275	0.0024	0.0195	0.0205	0.0056	0.0341	0.0052	0.0249	0.0273	0.0068	0.0131	0.0114	0.0076	0.0037	0.0253	0.0362	0.0146	0.0095	
0.0193	0.0223	0.0260	0.0269	0.0093	0.0131	0.0246	0.0078	0.0083	0.0269	0.0082	0.0246	0.0010	0.0205	0.0140	0.0065	0.0269	0.0124	0.0181	0.0238	0.0058	0.0092	0.0285	0.0144	0.0273	0.0236	0.0222	0.0312	0.0263	0.0236	0.0009	0.0152	0.0243	0.0058	0.0119	0.0041	0.0200	0.0245	0.0253	0.0050	0.0264	0.0258	0.0232	0.0140	0.0187	0.0288	0.0047	0.0222	0.0304	0.0010	0.0057	0.0118	0.0093	0.0227	0.0011	0.0095	0.0216	0.0133	0.0002	0.0202	
0.0188	0.0444	0.0186	0.0183	0.0268	0.0231	0.0337	0.0264	0.0089	0.0075	0.0087	0.0064	0.0086	0.0082	0.0315	0.0115	0.0151	0.0162	0.0258	0.0294	0.0199	0.0441	0.0268	0.0347	0.0105	0.0209	0.0032	0.0015	0.0060	0.0027	0.0094	0.0045	0.0163	0.0037	0.0188	0.0427	0.0114	0.0020	0.0241	0.0327	0.0019	0.0149	0.0117	0.0064	0.0113	0.0010	0.0391	0.0205	0.0167	0.0173	0.0238	0.0064	0.0166	0.0039	0.0044	0.0362	0.0033	0.0369	0.0009	0.0030	
0.0170	0.0250	0.0227	0.0063	0.0331	0.0144	0.0136	0.0154	0.0016	0.0322	0.0364	0.0154	0.0311	0.0040	0.0225	0.0033	0.0217	0.0055	0.0103	0.0110	0.0226	0.0112	0.0021	0.0133	0.0101	0.0109	0.0268	0.0317	0.0356	0.0188	0.0297	0.0250	0.0300	0.0166	0.0061	0.0077	0.0249	0.0047	0.0255	0.0047	0.0218	0.0122	0.0231	0.0022	0.0272	0.0044	0.0069	0.0161	0.0098	0.0016	0.0042	0.0307	0.0126	0.0251	0.0114	0.0052	0.0244	0.0066	0.0341	0.0196	
0.0186	0.0300	0.0140	0.0124	0.0032	0.0043	0.0235	0.0162	0.0326	0.0171	0.0143	0.0160	0.0105	0.0050	0.0250	0.0090	0.0219	0.0000	0.0147	0.0080	0.0026	0.0102	0.0097	0.0349	0.0159	0.0365	0.0152	0.0135	0.0039	0.0009	0.0171	0.0205	0.0075	0.0095	0.0177	0.0005	0.0377	0.0116	0.0275	0.0317	0.0200	0.0269	0.0174	0.0301	0.0213	0.0217	0.0184	0.0066	0.0317	0.0021	0.0195	0.0286	0.0250	0.0213	0.0151	0.0101	0.0131	0.0202	0.0267	0.0032	
0.0196	0.0115	0.0099	0.0315	0.0042	0.0294	0.0074	0.0019	0.0220	0.0220	0.0129	0.0102	0.0006	0.0236	0.0228	0.0083	0.0226	0.0210	0.0091	0.0358	0.0126	0.0081	0.0094	0.0007	0.0138	0.0234	0.0341	0.0243	0.0306	0.0074	0.0215	0.0198	0.0156	0.0286	0.0032	0.0067	0.0155	0.0204	0.0178	0.0277	0.0157	0.0142	0.0189	0.0154	0.0268	0.0072	0.0234	0.0274	0.0332	0.0052	0.0154	0.0235	0.0069	0.0264	0.0240	0.0138	0.0005	0.0102	0.0104	0.0139	
0.0005	0.0225	0.0082	0.0158	0.0015	0.0274	0.0291	0.0064	0.0255	0.0115	0.0217	0.0081	0.0222	0.0131	0.0162	0.0292	0.0211	0.0320	0.0086	0.0115	0.0338	0.0012	0.0215	0.0258	0.0184	0.0268	0.0084	0.0199	0.0062	0.0263	0.0078	0.0060	0.0077	0.0057	0.0300	0.0302	0.0087	0.0019	0.0074	0.0369	0.0134	0.0235	0.0042	0.0136	0.0121	0.0086	0.0372	0.0202	0.0118	0.0229	0.0261	0.0018	0.0004	0.0025	0.0193	0.0402	0.0331	0.0250	0.0164	0.0050	
0.0172	0.0092	0.0403	0.0020	0.0078	0.0215	0.0365	0.0317	0.0312	0.0163	0.0184	0.0322	0.0167	0.0101	0.0352	0.0100	0.0270	0.0070	0.0083	0.0184	0.0441	0.0291	0.0057	0.0201	0.0280	0.0069	0.0051	0.0059	0.0255	0.0368	0.0006	0.0234	0.0103	0.0019	0.0155	0.0084	0.0229	0.0025	0.0098	0.0359	0.0107	0.0036	0.0323	0.0226	0.0018	0.0010	0.0159	0.0191	0.0043	0.0081	0.0037	0.0314	0.0115	0.0109	0.0088	0.0433	0.0007	0.0324	0.0020	0.0003	
0.0132	0.0287	0.0060	0.0002	0.0251	0.0002	0.0131	0.0277	0.0014	0.0208	0.0273	0.0269	0.0295	0.0172	0.0035	0.0240	0.0265	0.0091	0.0106	0.0250	0.0313	0.0188	0.0006	0.0140	0.0197	0.0133	0.0160	0.0021	0.0338	0.0143	0.0069	0.0013	0.0275	0.0092	0.0103	0.0199	0.0369	0.0293	0.0085	0.0020	0.0210	0.0226	0.0172	0.0162	0.0167	0.0089	0.0270	0.0332	0.0051	0.0101	0.0087	0.0297	0.0082	0.0071	0.0050	0.0278	0.0268	0.0364	0.0144	0.0063	
0.0169	0.0118	0.0275	0.0187	0.0178	0.0220	0.0282	0.0228	0.0051	0.0143	0.0231	0.0311	0.0009	0.0067	0.0073	0.0044	0.0284	0.0167	0.0176	0.0125	0.0217	0.0199	0.0227	0.0196	0.0056	0.0156	0.0213	0.0277	0.0044	0.0181	0.0221	0.0027	0.0143	0.0017	0.0152	0.0139	0.0288	0.0255	0.0244	0.0373	0.0127	0.0054	0.0191	0.0129	0.0096	0.0095	0.0248	0.0268	0.0225	0.0257	0.0332	0.0082	0.0024	0.0299	0.0191	0.0015	0.0157	0.0155	0.0089	0.0005	
0.0248	0.0009	0.0152	0.0220	0.0305	0.0350	0.0088	0.0322	0.0301	0.0247	0.0098	0.0018	0.0181	0.0217	0.0319	0.0119	0.0297	0.0098	0.0031	0.0246	0.0256	0.0263	0.0229	0.0042	0.0156	0.0185	0.0007	0.0285	0.0166	0.0153	0.0334	0.0190	0.0136	0.0256	0.0043	0.0124	0.0231	0.0305	0.0193	0.0182	0.0047	0.0201	0.0013	0.0048	0.0236	0.0258	0.0168	0.0094	0.0293	0.0049	0.0045	0.0041	0.0075	0.0173	0.0060	0.0271	0.0059	0.0138	0.0051	0.0077	
0.0242	0.0186	0.0185	0.0155	0.0245	0.0231	0.0192	0.0210	0.0199	0.0198	0.0215	0.0300	0.0136	0.0148	0.0217	0.0057	0.0235	0.0240	0.0118	0.0218	0.0262	0.0212	0.0204	0.0067	0.0063	0.0265	0.0085	0.0352	0.0229	0.0077	0.0068	0.0087	0.0235	0.0115	0.0210	0.0149	0.0036	0.0185	0.0079	0.0324	0.0105	0.0218	0.0192	0.0097	0.0151	0.0050	0.0160	0.0166	0.0238	0.0002	0.0008	0.0127	0.0307	0.0120	0.0098	0.0036	0.0303	0.0084	0.0040	0.0267	
0.0146	0.0234	0.0017	0.0156	0.0150	0.0224	0.0065	0.0079	0.0018	0.0051	0.0019	0.0110	0.0150	0.0175	0.0140	0.0072	0.0052	0.0140	0.0303	0.0031	0.0124	0.0294	0.0041	0.0277	0.0058	0.0338	0.0150	0.0181	0.0042	0.0190	0.0288	0.0359	0.0124	0.0125	0.0182	0.0278	0.0301	0.0064	0.0009	0.0406	0.0017	0.0131	0.0196	0.0317	0.0346	0.0288	0.0401	0.0185	0.0023	0.0032	0.0395	0.0200	0.0187	0.0053	0.0233	0.0265	0.0160	0.0147	0.0081	0.0182	
0.0039	0.0281	0.0030	0.0164	0.0179	0.0084	0.0342	0.0045	0.0013	0.0200	0.0171	0.0325	0.0114	0.0322	0.0011	0.0303	0.0091	0.0119	0.0227	0.0137	0.0294	0.0303	0.0099	0.0369	0.0167	0.0081	0.0152	0.0104	0.0244	0.0260	0.0107	0.0128	0.0262	0.0153	0.0245	0.0097	0.0097	0.0301	0.0091	0.0267	0.0233	0.0286	0.0129	0.0154	0.0185	0.0304	0.0044	0.0188	0.0029	0.0203	0.0165	0.0021	0.0210	0.0266	0.0210	0.0064	0.0169	0.0035	0.0016	0.0076	
0.0267	0.0268	0.0155	0.0098	0.0095	0.0024	0.0019	0.0210	0.0045	0.0356	0.0208	0.0119	0.0036	0.0287	0.0258	0.0417	0.0166	0.0317	0.0121	0.0180	0.0026	0.0290	0.0048	0.0299	0.0112	0.0112	0.0255	0.0066	0.0257	0.0227	0.0202	0.0051	0.0242	0.0009	0.0338	0.0029	0.0122	0.0038	0.0076	0.0180	0.0286	0.0092	0.0138	0.0091	0.0371	0.0030	0.0262	0.0209	0.0028	0.0218	0.0191	0.0188	0.0236	0.0128	0.0048	0.0291	0.0209	0.0151	0.0208	0.0000	
0.0081	0.0370	0.0014	0.0194	0.0002	0.0222	0.0180	0.0035	0.0004	0.0175	0.0193	0.0148	0.0183	0.0231	0.0212	0.0219	0.0184	0.0291	0.0009	0.0071	0.0116	0.0068	0.0024	0.0016	0.0250	0.0040	0.0174	0.0182	0.0379	0.0037	0.0206	0.0401	0.0044	0.0062	0.0108	0.0017	0.0101	0.0284	0.0083	0.0197	0.0264	0.0295	0.0208	0.0200	0.0081	0.0093	0.0001	0.0329	0.0292	0.0114	0.0129	0.0296	0.0172	0.0278	0.0247	0.0021	0.0311	0.0426	0.0209	0.0226	
0.0017	0.0022	0.0066	0.0305	0.0029	0.0221	0.0095	0.0179	0.0203	0.0155	0.0171	0.0274	0.0151	0.0184	0.0189	0.0143	0.0189	0.0200	0.0227	0.0235	0.0044	0.0222	0.0155	0.0209	0.0242	0.0292	0.0191	0.0145	0.0196	0.0096	0.0086	0.0095	0.0047	0.0130	0.0131	0.0223	0.0239	0.0207	0.0132	0.0246	0.0320	0.0196	0.0113	0.0127	0.0245	0.0192	0.0085	0.0280	0.0075	0.0052	0.0186	0.0080	0.0064	0.0332	0.0253	0.0166	0.0195	0.0323	0.0053	0.0079	
0.0017	0.0436	0.0417	0.0143	0.0129	0.0113	0.0272	0.0035	0.0096	0.0350	0.0339	0.0409	0.0055	0.0055	0.0283	0.0229	0.0096	0.0063	0.0242	0.0073	0.0212	0.0301	0.0053	0.0140	0.0248	0.0017	0.0035	0.0087	0.0302	0.0442	0.0028	0.0427	0.0194	0.0050	0.0289	0.0035	0.0234	0.0006	0.0015	0.0293	0.0011	0.0062	0.0261	0.0154	0.0152	0.0220	0.0019	0.0003	0.0124	0.0072	0.0080	0.0183	0.0023	0.0003	0.0335	0.0149	0.0341	0.0293	0.0166	0.0088	
0.0062	0.0170	0.0150	0.0103	0.0332	0.0368	0.0158	0.0016	0.0206	0.0216	0.0005	0.0096	0.0032	0.0024	0.0053	0.0142	0.0035	0.0296	0.0001	0.0078	0.0370	0.0027	0.0296	0.0167	0.0258	0.0272	0.0329	0.0216	0.0139	0.0113	0.0110	0.0329	0.0125	0.0233	0.0143	0.0241	0.0252	0.0105	0.0200	0.0162	0.0043	0.0349	0.0167	0.0271	0.0064	0.0289	0.0106	0.0367	0.0299	0.0111	0.0086	0.0341	0.0228	0.0102	0.0088	0.0036	0.0195	0.0000	0.0170	0.0060	
0.0007	0.0470	0.0502	0.0118	0.0068	0.0014	0.0288	0.0103	0.0223	0.0123	0.0043	0.0757	0.0018	0.0049	0.0034	0.0002	0.0132	0.0030	0.0093	0.0300	0.0173	0.0634	0.0194	0.0603	0.0005	0.0104	0.0027	0.0021	0.0187	0.0153	0.0017	0.0084	0.0185	0.0077	0.0290	0.0149	0.0069	0.0029	0.0217	0.0064	0.0034	0.0003	0.0087	0.0008	0.0200	0.0040	0.0548	0.0007	0.0025	0.0061	0.0175	0.0311	0.0242	0.0287	0.0327	0.0099	0.0192	0.0579	0.0006	0.0116	
0.0193	0.0209	0.0229	0.0086	0.0142	0.0400	0.0018	0.0276	0.0042	0.0247	0.0239	0.0137	0.0181	0.0046	0.0161	0.0080	0.0190	0.0063	0.0077	0.0138	0.0219	0.0082	0.0270	0.0087	0.0243	0.0250	0.0360	0.0423	0.0162	0.0083	0.0255	0.0172	0.0181	0.0158	0.0091	0.0167	0.0068	0.0251	0.0002	0.0215	0.0090	0.0202	0.0244	0.0118	0.0139	0.0258	0.0208	0.0213	0.0049	0.0128	0.0181	0.0011	0.0116	0.0205	0.0044	0.0112	0.0211	0.0199	0.0200	0.0184	
0.0001	0.0050	0.0158	0.0251	0.0344	0.0023	0.0214	0.0323	0.0226	0.0027	0.0023	0.0290	0.0044	0.0121	0.0063	0.0279	0.0110	0.0148	0.0180	0.0263	0.0352	0.0145	0.0225	0.0412	0.0177	0.0299	0.0056	0.0053	0.0168	0.0362	0.0185	0.0156	0.0082	0.0085	0.0261	0.0111	0.0092	0.0232	0.0131	0.0191	0.0080	0.0334	0.0240	0.0009	0.0093	0.0163	0.0325	0.0218	0.0095	0.0060	0.0009	0.0089	0.0274	0.0219	0.0211	0.0261	0.0123	0.0258	0.0018	0.0009	
0.0211	0.0147	0.0133	0.0257	0.0096	0.0132	0.0092	0.0278	0.0283	0.0222	0.0144	0.0140	0.0025	0.0035	0.0155	0.0236	0.0136	0.0202	0.0111	0.0255	0.0026	0.0117	0.0144	0.0063	0.0178	0.0138	0.0193	0.0228	0.0182	0.0027	0.0276	0.0257	0.0216	0.0099	0.0222	0.0210	0.0124	0.0276	0.0135	0.0360	0.0184	0.0242	0.0238	0.0146	0.0206	0.0145	0.0021	0.0175	0.0030	0.0190	0.0029	0.0206	0.0298	0.0051	0.0296	0.0107	0.0265	0.0070	0.0191	0.0146	
0.0195	0.0190	0.0115	0.0247	0.0002	0.0271	0.0224	0.0251	0.0155	0.0226	0.0175	0.0177	0.0001	0.0169	0.0125	0.0073	0.0169	0.0043	0.0178	0.0105	0.0153	0.0043	0.0188	0.0238	0.0273	0.0093	0.0265	0.0248	0.0142	0.0106	0.0033	0.0068	0.0010	0.0274	0.0100	0.0314	0.0171	0.0039	0.0173	0.0287	0.0299	0.0094	0.0048	0.0135	0.0074	0.0162	0.0207	0.0126	0.0234	0.0217	0.0249	0.0206	0.0215	0.0190	0.0097	0.0164	0.0327	0.0190	0.0219	0.0235	
0.0257	0.0418	0.0116	0.0062	0.0220	0.0117	0.0183	0.0036	0.0083	0.0119	0.0182	0.0171	0.0147	0.0200	0.0135	0.0065	0.0272	0.0045	0.0165	0.0145	0.0255	0.0199	0.0300	0.0290	0.0148	0.0185	0.0178	0.0149	0.0198	0.0311	0.0005	0.0264	0.0070	0.0218	0.0325	0.0387	0.0303	0.0261	0.0336	0.0318	0.0010	0.0192	0.0035	0.0099	0.0010	0.0095	0.0021	0.0280	0.0057	0.0035	0.0194	0.0306	0.0009	0.0127	0.0031	0.0168	0.0036	0.0296	0.0136	0.0026	
0.0254	0.0039	0.0260	0.0183	0.0142	0.0256	0.0055	0.0302	0.0287	0.0143	0.0067	0.0024	0.0065	0.0181	0.0135	0.0039	0.0129	0.0153	0.0247	0.0044	0.0167	0.0302	0.0073	0.0180	0.0078	0.0070	0.0284	0.0330	0.0287	0.0195	0.0274	0.0099	0.0086	0.0274	0.0067	0.0409	0.0348	0.0216	0.0011	0.0149	0.0086	0.0124	0.0024	0.0188	0.0333	0.0137	0.0265	0.0127	0.0010	0.0004	0.0023	0.0316	0.0371	0.0228	0.0257	0.0022	0.0417	0.0060	0.0047	0.0054	
0.0204	0.0098	0.0015	0.0115	0.0204	0.0355	0.0333	0.0170	0.0165	0.0126	0.0042	0.0244	0.0109	0.0087	0.0290	0.0030	0.0179	0.0134	0.0141	0.0279	0.0191	0.0180	0.0255	0.0227	0.0098	0.0074	0.0126	0.0301	0.0043	0.0037	0.0018	0.0338	0.0113	0.0279	0.0202	0.0002	0.0089	0.0239	0.0071	0.0405	0.0241	0.0032	0.0305	0.0235	0.0297	0.0096	0.0086	0.0219	0.0212	0.0157	0.0141	0.0173	0.0229	0.0136	0.0182	0.0065	0.0127	0.0129	0.0242	0.0088	
0.0139	0.0045	0.0111	0.0124	0.0119	0.0091	0.0139	0.0197	0.0251	0.0229	0.0264	0.0258	0.0025	0.0115	0.0041	0.0125	0.0192	0.0077	0.0182	0.0038	0.0244	0.0199	0.0228	0.0151	0.0144	0.0156	0.0075	0.0409	0.0102	0.0125	0.0215	0.0335	0.0227	0.0290	0.0151	0.0126	0.0244	0.0154	0.0045	0.0245	0.0333	0.0187	0.0244	0.0294	0.0250	0.0159	0.0125	0.0022	0.0076	0.0011	0.0151	0.0047	0.0190	0.0243	0.0122	0.0222	0.0061	0.0258	0.0190	0.0184	
0.0003	0.0163	0.0106	0.0148	0.0106	0.0429	0.0053	0.0066	0.0026	0.0221	0.0312	0.0075	0.0008	0.0060	0.0080	0.0090	0.0352	0.0040	0.0254	0.0059	0.0053	0.0064	0.0241	0.0092	0.0275	0.0187	0.0148	0.0490	0.0246	0.0287	0.0143	0.0390	0.0249	0.0140	0.0233	0.0191	0.0161	0.0162	0.0197	0.0338	0.0155	0.0085	0.0000	0.0282	0.0101	0.0114	0.0047	0.0152	0.0213	0.0035	0.0330	0.0031	0.0003	0.0209	0.0253	0.0293	0.0265	0.0018	0.0212	0.0262	
0.0152	0.0050	0.0187	0.0115	0.0093	0.0318	0.0171	0.0249	0.0185	0.0173	0.0260	0.0158	0.0118	0.0007	0.0248	0.0228	0.0055	0.0014	0.0225	0.0160	0.0104	0.0002	0.0100	0.0159	0.0194	0.0085	0.0266	0.0087	0.0257	0.0299	0.0306	0.0125	0.0240	0.0249	0.0071	0.0072	0.0226	0.0193	0.0092	0.0168	0.0295	0.0154	0.0239	0.0278	0.0069	0.0102	0.0203	0.0325	0.0201	0.0212	0.0214	0.0228	0.0024	0.0006	0.0139	0.0178	0.0258	0.0041	0.0147	0.0224	
0.0247	0.0094	0.0287	0.0217	0.0316	0.0213	0.0232	0.0231	0.0250	0.0143	0.0090	0.0179	0.0174	0.0151	0.0208	0.0214	0.0060	0.0142	0.0061	0.0146	0.0222	0.0298	0.0127	0.0326	0.0042	0.0083	0.0104	0.0372	0.0143	0.0237	0.0166	0.0189	0.0018	0.0113	0.0156	0.0192	0.0190	0.0014	0.0030	0.0270	0.0216	0.0269	0.0050	0.0089	0.0148	0.0021	0.0307	0.0181	0.0097	0.0150	0.0131	0.0096	0.0304	0.0017	0.0092	0.0298	0.0248	0.0011	0.0179	0.0141	
0.0075	0.0355	0.0105	0.0064	0.0009	0.0293	0.0197	0.0090	0.0022	0.0019	0.0109	0.0056	0.0108	0.0150	0.0297	0.0242	0.0262	0.0077	0.0108	0.0036	0.0087	0.0264	0.0151	0.0285	0.0091	0.0087	0.0261	0.0011	0.0040	0.0235	0.0316	0.0225	0.0138	0.0175	0.0185	0.0282	0.0228	0.0357	0.0062	0.0347	0.0234	0.0247	0.0173	0.0129	0.0120	0.0075	0.0319	0.0124	0.0098	0.0153	0.0073	0.0217	0.0251	0.0163	0.0125	0.0158	0.0114	0.0224	0.0283	0.0214	
0.0016	0.0151	0.0066	0.0176	0.0098	0.0356	0.0312	0.0320	0.0014	0.0325	0.0100	0.0250	0.0348	0.0222	0.0149	0.0167	0.0114	0.0075	0.0175	0.0028	0.0099	0.0114	0.0287	0.0193	0.0089	0.0082	0.0412	0.0531	0.0092	0.0009	0.0239	0.0020	0.0042	0.0165	0.0266	0.0038	0.0226	0.0370	0.0013	0.0215	0.0184	0.0026	0.0102	0.0193	0.0128	0.0167	0.0216	0.0011	0.0356	0.0267	0.0053	0.0025	0.0029	0.0317	0.0178	0.0222	0.0259	0.0207	0.0089	0.0007	
0.0258	0.0305	0.0189	0.0007	0.0087	0.0057	0.0281	0.0184	0.0337	0.0126	0.0335	0.0119	0.0047	0.0221	0.0211	0.0063	0.0015	0.0139	0.0066	0.0337	0.0160	0.0246	0.0256	0.0122	0.0217	0.0192	0.0334	0.0149	0.0379	0.0013	0.0158	0.0451	0.0207	0.0008	0.0232	0.0184	0.0162	0.0095	0.0035	0.0067	0.0310	0.0020	0.0059	0.0271	0.0343	0.0267	0.0280	0.0042	0.0070	0.0068	0.0199	0.0108	0.0119	0.0085	0.0155	0.0009	0.0265	0.0066	0.0034	0.0178	
0.0043	0.0135	0.0288	0.0273	0.0350	0.0273	0.0273	0.0063	0.0088	0.0221	0.0156	0.0373	0.0036	0.0023	0.0064	0.0210	0.0163	0.0113	0.0216	0.0049	0.0285	0.0428	0.0046	0.0287	0.0075	0.0016	0.0137	0.0119	0.0210	0.0212	0.0246	0.0062	0.0044	0.0148	0.0458	0.0156	0.0133	0.0094	0.0202	0.0362	0.0025	0.0306	0.0258	0.0049	0.0130	0.0189	0.0079	0.0052	0.0018	0.0253	0.0116	0.0185	0.0216	0.0001	0.0007	0.0158	0.0087	0.0445	0.0047	0.0244	
0.0088	0.0085	0.0167	0.0210	0.0293	0.0176	0.0209	0.0212	0.0041	0.0327	0.0020	0.0122	0.0288	0.0247	0.0012	0.0359	0.0023	0.0240	0.0060	0.0145	0.0338	0.0156	0.0110	0.0246	0.0116	0.0246	0.0224	0.0054	0.0129	0.0247	0.0038	0.0148	0.0231	0.0159	0.0174	0.0325	0.0055	0.0022	0.0248	0.0002	0.0058	0.0131	0.0022	0.0082	0.0246	0.0253	0.0157	0.0328	0.0317	0.0022	0.0082	0.0150	0.0217	0.0259	0.0013	0.0223	0.0315	0.0298	0.0154	0.0080	

Emissions
0.1810	0.1541	0.1337	0.0752	0.1083	0.1349	0.1363	0.0612	0.0153	
0.0451	0.2384	0.3484	0.0234	0.0181	0.0352	0.1125	0.1639	0.0148	
0.2286	0.0901	0.0008	0.1112	0.0114	0.0389	0.0874	0.1972	0.2343	
0.1425	0.1282	0.2443	0.0859	0.0322	0.1206	0.0701	0.0480	0.1283	
0.0153	0.1409	0.1682	0.0448	0.0435	0.0732	0.1897	0.2669	0.0575	
0.0412	0.0721	0.1523	0.0725	0.0727	0.0685	0.1723	0.3216	0.0267	
0.0534	0.0333	0.1544	0.1680	0.0058	0.0115	0.1795	0.2407	0.1533	
0.0423	0.0703	0.1792	0.0415	0.1433	0.0050	0.1468	0.1714	0.2003	
0.1163	0.1646	0.3265	0.1073	0.0877	0.0489	0.0138	0.0621	0.0728	
0.1426	0.1135	0.0291	0.1960	0.0229	0.1431	0.2140	0.1049	0.0339	
0.0235	0.0257	0.1399	0.0038	0.0892	0.3568	0.1909	0.1115	0.0587	
0.1891	0.2100	0.1838	0.0602	0.0099	0.0192	0.0933	0.1352	0.0994	
0.0210	0.1427	0.0618	0.0087	0.1507	0.3519	0.1724	0.0595	0.0314	
0.0229	0.1742	0.0333	0.0002	0.1400	0.3560	0.2130	0.0332	0.0271	
0.0447	0.1777	0.2786	0.1136	0.0661	0.0346	0.1560	0.0744	0.0542	
0.1464	0.1891	0.0440	0.1675	0.0066	0.0918	0.1909	0.0648	0.0989	
0.1645	0.1050	0.0913	0.0608	0.1357	0.1074	0.1608	0.1674	0.0070	
0.0694	0.1232	0.2428	0.1588	0.0426	0.0964	0.1257	0.0605	0.0806	
0.1349	0.1533	0.0402	0.0067	0.0310	0.2333	0.2318	0.0139	0.1549	
0.0324	0.1888	0.2485	0.0610	0.0197	0.1550	0.0404	0.0362	0.2179	
0.0161	0.2794	0.0535	0.0651	0.0670	0.0601	0.0567	0.2077	0.1945	
0.0820	0.2334	0.1215	0.0391	0.0033	0.0886	0.0457	0.1559	0.2306	
0.0453	0.1868	0.0650	0.0192	0.0127	0.2174	0.2147	0.1099	0.1290	
0.0938	0.2590	0.1314	0.0265	0.0529	0.0382	0.0127	0.2425	0.1431	
0.0737	0.2516	0.0190	0.1191	0.1445	0.2007	0.0302	0.1096	0.0517	
0.0062	0.1764	0.1460	0.1164	0.0218	0.1014	0.1541	0.2262	0.0515	
0.0359	0.1054	0.1164	0.0025	0.0795	0.4218	0.0632	0.1303	0.0449	
0.0021	0.0109	0.0153	0.2519	0.0325	0.0609	0.0599	0.4320	0.1344	
0.1173	0.0762	0.2168	0.0568	0.0314	0.0823	0.0795	0.2387	0.1009	
0.0609	0.1862	0.2802	0.1404	0.0505	0.0018	0.0257	0.1834	0.0709	
0.0515	0.0284	0.2951	0.0307	0.1598	0.1099	0.1715	0.0703	0.0828	
0.0380	0.0395	0.3712	0.0248	0.1092	0.1873	0.0990	0.0576	0.0732	
0.1389	0.0436	0.0120	0.1562	0.1288	0.1348	0.0768	0.0026	0.3062	
0.0984	0.0477	0.2249	0.0021	0.1072	0.1688	0.1978	0.0070	0.1463	
0.1666	0.1148	0.2275	0.0741	0.0050	0.0447	0.1095	0.0984	0.1596	
0.1420	0.2628	0.0499	0.0242	0.0530	0.0542	0.1683	0.1868	0.0587	
0.0477	0.0958	0.0925	0.1149	0.1099	0.0991	0.0346	0.2418	0.1636	
0.1085	0.0368	0.1185	0.1572	0.0660	0.1145	0.1434	0.1384	0.1167	
0.0834	0.3087	0.0415	0.0581	0.0064	0.1239	0.2338	0.1384	0.0057	
0.1499	0.0604	0.2679	0.0633	0.0324	0.0281	0.0851	0.2048	0.1081	
0.1259	0.0228	0.3471	0.0776	0.0980	0.0950	0.1521	0.0225	0.0590	
0.0696	0.2030	0.1835	0.0493	0.0928	0.0309	0.1285	0.1025	0.1399	
0.0416	0.1602	0.1794	0.0963	0.0171	0.1325	0.1349	0.1244	0.1136	
0.0045	0.0267	0.2473	0.0000	0.1157	0.5493	0.0103	0.0253	0.0209	
0.2520	0.0243	0.1183	0.1856	0.0241	0.1409	0.0478	0.0980	0.1088	
0.0484	0.0389	0.1784	0.0196	0.1290	0.3268	0.0629	0.0467	0.1493	
0.1525	0.1362	0.2262	0.0014	0.0584	0.0114	0.1621	0.0832	0.1687	
0.0527	0.0776	0.1229	0.0964	0.0725	0.1009	0.1838	0.2428	0.0503	
0.0967	0.1146	0.1592	0.0538	0.1093	0.3061	0.0589	0.0510	0.0503	
0.1192	0.1084	0.1072	0.0358	0.1425	0.1428	0.2031	0.0221	0.1189	
0.0603	0.1831	0.1036	0.0326	0.0768	0.1010	0.0104	0.2678	0.1643	
0.1741	0.1365	0.1436	0.0095	0.0669	0.0075	0.1156	0.2068	0.1396	
0.0927	0.0738	0.1708	0.1060	0.0477	0.0538	0.1191	0.2004	0.1357	
0.1180	0.0795	0.1291	0.0020	0.1054	0.0802	0.1620	0.1637	0.1601	
0.2431	0.0785	0.1916	0.0775	0.0475	0.1172	0.0074	0.0978	0.1393	
0.1270	0.1817	0.2393	0.0371	0.0330	0.0289	0.1354	0.0730	0.1446	
0.2196	0.1021	0.0415	0.2008	0.0625	0.0048	0.0105	0.2071	0.1512	
0.1076	0.2430	0.1893	0.0024	0.0187	0.0240	0.0408	0.2629	0.1113	
0.0517	0.0547	0.0055	0.0043	0.2978	0.3862	0.0502	0.1173	0.0323	
0.0570	0.1277	0.0489	0.0949	0.0735	0.2195	0.3301	0.0086	0.0397	
