DataSet 36
Learner: Baum Welch Learner
Log Likelihood: 121796.6460830670

Number of States: 100
Number of Symbols: 9
Threshold: 0.01

Initial Distribution:
0.0033	0.0001	0.0014	0.0034	0.0001	0.0000	0.0184	0.0062	0.0007	0.0039	0.0009	0.0165	0.0000	0.0006	0.0090	0.0054	0.0005	0.0018	0.0010	0.0861	0.0036	0.1548	0.0004	0.0001	0.0279	0.0048	0.0119	0.0285	0.0013	0.0000	0.0026	0.0002	0.0107	0.0098	0.0278	0.0033	0.0002	0.0008	0.0000	0.0111	0.0060	0.0212	0.0083	0.0017	0.0001	0.0187	0.0797	0.0007	0.0322	0.0034	0.0378	0.0005	0.0170	0.0004	0.0028	0.0009	0.0097	0.0003	0.0001	0.0045	0.0004	0.0092	0.0070	0.0005	0.0027	0.0350	0.0031	0.0004	0.0009	0.0011	0.0028	0.0346	0.0033	0.0120	0.0013	0.0308	0.0131	0.0126	0.0169	0.0005	0.0099	0.0022	0.0000	0.0001	0.0029	0.0475	0.0002	0.0083	0.0011	0.0021	0.0013	0.0002	0.0002	0.0136	0.0008	0.0000	0.0010	0.0106	0.0006	0.0036	

Transitions:
0.0091	0.0136	0.0046	0.0151	0.0089	0.0028	0.0143	0.0093	0.0003	0.0135	0.0159	0.0110	0.0164	0.0103	0.0119	0.0038	0.0079	0.0095	0.0103	0.0115	0.0161	0.0139	0.0198	0.0207	0.0184	0.0035	0.0033	0.0145	0.0142	0.0047	0.0111	0.0053	0.0011	0.0030	0.0034	0.0045	0.0201	0.0062	0.0132	0.0070	0.0001	0.0122	0.0076	0.0113	0.0103	0.0136	0.0060	0.0106	0.0204	0.0166	0.0096	0.0159	0.0021	0.0142	0.0105	0.0121	0.0153	0.0050	0.0176	0.0063	0.0189	0.0179	0.0150	0.0161	0.0009	0.0084	0.0088	0.0125	0.0063	0.0080	0.0055	0.0030	0.0162	0.0031	0.0123	0.0005	0.0077	0.0045	0.0073	0.0019	0.0176	0.0113	0.0162	0.0130	0.0129	0.0148	0.0032	0.0076	0.0106	0.0110	0.0065	0.0121	0.0097	0.0064	0.0097	0.0004	0.0163	0.0131	0.0087	0.0030	
0.0051	0.0117	0.0048	0.0084	0.0104	0.0096	0.0208	0.0157	0.0014	0.0133	0.0043	0.0116	0.0140	0.0138	0.0075	0.0076	0.0015	0.0160	0.0023	0.0050	0.0053	0.0044	0.0008	0.0185	0.0019	0.0106	0.0152	0.0122	0.0153	0.0116	0.0014	0.0137	0.0130	0.0057	0.0158	0.0033	0.0100	0.0087	0.0014	0.0049	0.0254	0.0046	0.0058	0.0001	0.0065	0.0145	0.0222	0.0140	0.0216	0.0026	0.0193	0.0012	0.0084	0.0059	0.0183	0.0021	0.0109	0.0062	0.0091	0.0023	0.0118	0.0050	0.0029	0.0086	0.0096	0.0104	0.0214	0.0101	0.0209	0.0046	0.0161	0.0124	0.0173	0.0238	0.0046	0.0013	0.0173	0.0006	0.0095	0.0070	0.0189	0.0182	0.0119	0.0131	0.0157	0.0006	0.0065	0.0075	0.0083	0.0190	0.0093	0.0019	0.0006	0.0271	0.0082	0.0140	0.0008	0.0171	0.0123	0.0140	
0.0140	0.0069	0.0140	0.0140	0.0070	0.0045	0.0040	0.0122	0.0018	0.0135	0.0045	0.0108	0.0197	0.0202	0.0074	0.0160	0.0143	0.0073	0.0174	0.0083	0.0025	0.0094	0.0045	0.0027	0.0181	0.0177	0.0114	0.0133	0.0079	0.0111	0.0002	0.0022	0.0099	0.0105	0.0124	0.0098	0.0210	0.0005	0.0071	0.0085	0.0152	0.0142	0.0058	0.0080	0.0112	0.0176	0.0042	0.0017	0.0127	0.0114	0.0006	0.0072	0.0174	0.0015	0.0171	0.0040	0.0003	0.0203	0.0199	0.0092	0.0133	0.0079	0.0016	0.0084	0.0156	0.0023	0.0015	0.0056	0.0059	0.0162	0.0188	0.0133	0.0033	0.0095	0.0141	0.0062	0.0049	0.0132	0.0109	0.0178	0.0085	0.0101	0.0052	0.0179	0.0105	0.0092	0.0027	0.0091	0.0219	0.0083	0.0126	0.0026	0.0018	0.0135	0.0164	0.0096	0.0143	0.0156	0.0136	0.0079	
0.0149	0.0168	0.0139	0.0166	0.0131	0.0076	0.0047	0.0105	0.0068	0.0055	0.0187	0.0057	0.0044	0.0026	0.0165	0.0009	0.0022	0.0029	0.0177	0.0045	0.0215	0.0080	0.0079	0.0192	0.0047	0.0162	0.0075	0.0062	0.0113	0.0038	0.0124	0.0091	0.0138	0.0035	0.0157	0.0116	0.0146	0.0081	0.0064	0.0018	0.0027	0.0104	0.0006	0.0115	0.0073	0.0024	0.0152	0.0184	0.0143	0.0114	0.0049	0.0088	0.0129	0.0085	0.0064	0.0038	0.0092	0.0178	0.0106	0.0147	0.0211	0.0005	0.0165	0.0035	0.0110	0.0083	0.0061	0.0179	0.0037	0.0077	0.0058	0.0096	0.0126	0.0116	0.0024	0.0052	0.0109	0.0099	0.0059	0.0026	0.0172	0.0088	0.0089	0.0160	0.0139	0.0031	0.0133	0.0081	0.0130	0.0118	0.0193	0.0162	0.0187	0.0096	0.0038	0.0032	0.0115	0.0131	0.0164	0.0198	
0.0141	0.0165	0.0135	0.0079	0.0076	0.0112	0.0145	0.0003	0.0054	0.0004	0.0113	0.0152	0.0092	0.0059	0.0158	0.0072	0.0089	0.0164	0.0046	0.0090	0.0175	0.0247	0.0038	0.0091	0.0099	0.0086	0.0149	0.0045	0.0113	0.0169	0.0108	0.0122	0.0154	0.0095	0.0082	0.0198	0.0161	0.0008	0.0086	0.0056	0.0110	0.0128	0.0026	0.0141	0.0025	0.0039	0.0091	0.0111	0.0175	0.0154	0.0126	0.0151	0.0110	0.0111	0.0015	0.0136	0.0134	0.0035	0.0199	0.0208	0.0166	0.0089	0.0075	0.0058	0.0071	0.0190	0.0179	0.0004	0.0167	0.0164	0.0087	0.0110	0.0086	0.0001	0.0150	0.0045	0.0161	0.0073	0.0068	0.0041	0.0020	0.0023	0.0079	0.0146	0.0080	0.0179	0.0038	0.0042	0.0075	0.0137	0.0043	0.0131	0.0012	0.0114	0.0074	0.0017	0.0043	0.0167	0.0077	0.0059	
0.0040	0.0078	0.0109	0.0157	0.0068	0.0010	0.0074	0.0105	0.0133	0.0143	0.0148	0.0057	0.0142	0.0139	0.0181	0.0142	0.0184	0.0066	0.0161	0.0112	0.0097	0.0167	0.0107	0.0045	0.0160	0.0160	0.0083	0.0122	0.0092	0.0116	0.0174	0.0009	0.0177	0.0006	0.0005	0.0127	0.0089	0.0089	0.0070	0.0080	0.0101	0.0115	0.0079	0.0066	0.0159	0.0167	0.0186	0.0066	0.0129	0.0133	0.0021	0.0093	0.0144	0.0166	0.0154	0.0072	0.0115	0.0092	0.0044	0.0101	0.0097	0.0090	0.0140	0.0016	0.0156	0.0162	0.0060	0.0150	0.0144	0.0024	0.0061	0.0091	0.0027	0.0147	0.0014	0.0005	0.0069	0.0017	0.0078	0.0148	0.0153	0.0014	0.0057	0.0003	0.0121	0.0061	0.0030	0.0022	0.0097	0.0118	0.0017	0.0161	0.0059	0.0151	0.0134	0.0196	0.0144	0.0054	0.0121	0.0166	
0.0109	0.0003	0.0177	0.0105	0.0053	0.0161	0.0105	0.0047	0.0227	0.0131	0.0026	0.0117	0.0013	0.0105	0.0127	0.0099	0.0030	0.0269	0.0086	0.0076	0.0179	0.0029	0.0115	0.0029	0.0009	0.0072	0.0009	0.0051	0.0220	0.0021	0.0060	0.0026	0.0090	0.0068	0.0029	0.0230	0.0101	0.0210	0.0225	0.0155	0.0114	0.0156	0.0056	0.0184	0.0092	0.0077	0.0138	0.0183	0.0031	0.0029	0.0084	0.0203	0.0155	0.0030	0.0050	0.0070	0.0105	0.0124	0.0100	0.0194	0.0114	0.0035	0.0116	0.0195	0.0052	0.0175	0.0045	0.0147	0.0042	0.0156	0.0024	0.0050	0.0026	0.0088	0.0164	0.0089	0.0147	0.0137	0.0110	0.0100	0.0096	0.0032	0.0033	0.0129	0.0056	0.0088	0.0086	0.0056	0.0026	0.0197	0.0068	0.0131	0.0100	0.0177	0.0070	0.0093	0.0083	0.0136	0.0086	0.0074	
0.0057	0.0050	0.0136	0.0078	0.0011	0.0100	0.0092	0.0041	0.0067	0.0107	0.0093	0.0175	0.0207	0.0139	0.0077	0.0076	0.0010	0.0180	0.0105	0.0112	0.0174	0.0117	0.0119	0.0079	0.0073	0.0063	0.0147	0.0063	0.0055	0.0060	0.0055	0.0080	0.0034	0.0032	0.0050	0.0044	0.0119	0.0190	0.0154	0.0100	0.0153	0.0026	0.0159	0.0162	0.0095	0.0065	0.0166	0.0120	0.0086	0.0127	0.0068	0.0171	0.0008	0.0151	0.0127	0.0077	0.0153	0.0055	0.0198	0.0186	0.0142	0.0057	0.0215	0.0011	0.0050	0.0002	0.0110	0.0150	0.0090	0.0050	0.0205	0.0033	0.0024	0.0109	0.0155	0.0063	0.0184	0.0125	0.0134	0.0008	0.0074	0.0059	0.0165	0.0077	0.0147	0.0086	0.0071	0.0083	0.0047	0.0164	0.0062	0.0049	0.0205	0.0163	0.0024	0.0146	0.0035	0.0167	0.0061	0.0123	
0.0141	0.0063	0.0002	0.0048	0.0286	0.0049	0.0093	0.0059	0.0000	0.0067	0.0072	0.0003	0.0130	0.0146	0.0075	0.0046	0.0119	0.0077	0.0052	0.0130	0.0138	0.0049	0.0087	0.0179	0.0180	0.0150	0.0048	0.0064	0.0129	0.0024	0.0050	0.0002	0.0069	0.0054	0.0070	0.0016	0.0067	0.0113	0.0083	0.0106	0.0003	0.0019	0.0078	0.0172	0.0095	0.0056	0.0165	0.0033	0.0079	0.0185	0.0032	0.0111	0.0106	0.0160	0.0199	0.0095	0.0140	0.0103	0.0074	0.0043	0.0288	0.0070	0.0097	0.0132	0.0027	0.0081	0.0083	0.0037	0.0106	0.0069	0.0220	0.0144	0.0179	0.0131	0.0146	0.0109	0.0181	0.0058	0.0015	0.0134	0.0187	0.0023	0.0218	0.0212	0.0001	0.0074	0.0083	0.0148	0.0100	0.0162	0.0065	0.0237	0.0081	0.0056	0.0128	0.0223	0.0117	0.0088	0.0185	0.0022	
0.0142	0.0137	0.0110	0.0019	0.0251	0.0049	0.0133	0.0006	0.0014	0.0043	0.0117	0.0059	0.0073	0.0118	0.0060	0.0152	0.0089	0.0113	0.0177	0.0101	0.0022	0.0121	0.0172	0.0126	0.0016	0.0215	0.0088	0.0120	0.0014	0.0181	0.0004	0.0075	0.0133	0.0003	0.0163	0.0071	0.0109	0.0144	0.0186	0.0129	0.0120	0.0055	0.0126	0.0040	0.0080	0.0168	0.0115	0.0161	0.0004	0.0135	0.0053	0.0161	0.0129	0.0039	0.0188	0.0184	0.0143	0.0010	0.0002	0.0194	0.0186	0.0041	0.0195	0.0031	0.0043	0.0033	0.0096	0.0057	0.0130	0.0190	0.0067	0.0122	0.0134	0.0020	0.0177	0.0121	0.0024	0.0091	0.0031	0.0029	0.0058	0.0135	0.0122	0.0063	0.0106	0.0016	0.0150	0.0111	0.0006	0.0175	0.0120	0.0101	0.0159	0.0160	0.0214	0.0117	0.0063	0.0097	0.0000	0.0045	
0.0065	0.0079	0.0008	0.0011	0.0105	0.0122	0.0033	0.0131	0.0039	0.0031	0.0142	0.0049	0.0196	0.0140	0.0113	0.0000	0.0121	0.0101	0.0108	0.0024	0.0107	0.0008	0.0050	0.0165	0.0088	0.0179	0.0157	0.0165	0.0022	0.0063	0.0081	0.0107	0.0082	0.0175	0.0155	0.0174	0.0125	0.0092	0.0136	0.0161	0.0171	0.0010	0.0050	0.0151	0.0024	0.0042	0.0135	0.0194	0.0055	0.0184	0.0188	0.0110	0.0153	0.0175	0.0135	0.0060	0.0020	0.0068	0.0141	0.0106	0.0200	0.0091	0.0087	0.0136	0.0135	0.0042	0.0115	0.0154	0.0012	0.0135	0.0061	0.0018	0.0135	0.0119	0.0041	0.0086	0.0144	0.0052	0.0094	0.0039	0.0051	0.0166	0.0101	0.0030	0.0084	0.0119	0.0155	0.0126	0.0056	0.0084	0.0182	0.0086	0.0173	0.0063	0.0020	0.0120	0.0106	0.0067	0.0029	0.0204	
0.0088	0.0139	0.0180	0.0147	0.0164	0.0159	0.0150	0.0053	0.0186	0.0035	0.0144	0.0135	0.0179	0.0081	0.0055	0.0129	0.0202	0.0083	0.0077	0.0112	0.0145	0.0013	0.0163	0.0133	0.0143	0.0184	0.0028	0.0070	0.0133	0.0181	0.0175	0.0091	0.0051	0.0103	0.0123	0.0141	0.0037	0.0207	0.0137	0.0114	0.0120	0.0076	0.0164	0.0028	0.0200	0.0017	0.0089	0.0117	0.0014	0.0043	0.0068	0.0065	0.0006	0.0049	0.0063	0.0074	0.0021	0.0063	0.0159	0.0172	0.0125	0.0105	0.0175	0.0260	0.0057	0.0027	0.0087	0.0017	0.0106	0.0142	0.0144	0.0151	0.0126	0.0091	0.0036	0.0014	0.0029	0.0084	0.0088	0.0157	0.0044	0.0108	0.0061	0.0051	0.0025	0.0087	0.0078	0.0011	0.0045	0.0083	0.0093	0.0154	0.0058	0.0112	0.0038	0.0029	0.0127	0.0001	0.0139	0.0159	
0.0122	0.0120	0.0150	0.0060	0.0117	0.0093	0.0086	0.0083	0.0003	0.0048	0.0032	0.0112	0.0130	0.0149	0.0103	0.0183	0.0053	0.0060	0.0127	0.0166	0.0150	0.0097	0.0148	0.0033	0.0075	0.0161	0.0151	0.0038	0.0072	0.0005	0.0061	0.0022	0.0114	0.0134	0.0021	0.0114	0.0110	0.0157	0.0101	0.0107	0.0036	0.0177	0.0007	0.0150	0.0036	0.0157	0.0051	0.0050	0.0016	0.0032	0.0175	0.0050	0.0031	0.0032	0.0192	0.0041	0.0137	0.0142	0.0003	0.0149	0.0154	0.0043	0.0185	0.0143	0.0154	0.0007	0.0158	0.0151	0.0133	0.0176	0.0050	0.0083	0.0138	0.0053	0.0084	0.0155	0.0063	0.0136	0.0177	0.0075	0.0113	0.0092	0.0023	0.0051	0.0042	0.0012	0.0198	0.0100	0.0145	0.0152	0.0165	0.0171	0.0147	0.0174	0.0143	0.0186	0.0164	0.0009	0.0019	0.0039	
0.0159	0.0063	0.0100	0.0021	0.0203	0.0096	0.0117	0.0174	0.0125	0.0021	0.0160	0.0172	0.0172	0.0101	0.0032	0.0056	0.0015	0.0115	0.0156	0.0160	0.0010	0.0094	0.0027	0.0247	0.0026	0.0067	0.0087	0.0168	0.0107	0.0091	0.0179	0.0070	0.0118	0.0154	0.0136	0.0059	0.0019	0.0006	0.0067	0.0164	0.0103	0.0019	0.0150	0.0127	0.0003	0.0161	0.0029	0.0094	0.0142	0.0113	0.0187	0.0056	0.0047	0.0061	0.0034	0.0073	0.0025	0.0107	0.0247	0.0111	0.0213	0.0158	0.0060	0.0046	0.0039	0.0106	0.0058	0.0011	0.0198	0.0170	0.0038	0.0006	0.0061	0.0218	0.0079	0.0196	0.0151	0.0072	0.0157	0.0069	0.0043	0.0194	0.0013	0.0009	0.0105	0.0109	0.0009	0.0076	0.0134	0.0078	0.0038	0.0131	0.0015	0.0170	0.0162	0.0154	0.0154	0.0091	0.0117	0.0092	
0.0097	0.0013	0.0146	0.0201	0.0064	0.0177	0.0140	0.0067	0.0196	0.0040	0.0137	0.0120	0.0123	0.0114	0.0066	0.0168	0.0149	0.0068	0.0153	0.0076	0.0130	0.0106	0.0125	0.0118	0.0093	0.0120	0.0156	0.0113	0.0027	0.0166	0.0040	0.0056	0.0165	0.0085	0.0139	0.0029	0.0087	0.0040	0.0176	0.0094	0.0118	0.0131	0.0080	0.0095	0.0155	0.0079	0.0005	0.0091	0.0083	0.0145	0.0112	0.0096	0.0126	0.0179	0.0153	0.0132	0.0096	0.0031	0.0054	0.0164	0.0198	0.0078	0.0042	0.0029	0.0208	0.0061	0.0115	0.0021	0.0161	0.0045	0.0142	0.0083	0.0092	0.0017	0.0182	0.0110	0.0087	0.0012	0.0105	0.0031	0.0126	0.0087	0.0009	0.0050	0.0180	0.0111	0.0110	0.0013	0.0084	0.0040	0.0102	0.0043	0.0220	0.0001	0.0161	0.0032	0.0079	0.0062	0.0077	0.0088	
0.0150	0.0209	0.0130	0.0040	0.0040	0.0043	0.0157	0.0114	0.0226	0.0034	0.0050	0.0099	0.0097	0.0013	0.0031	0.0079	0.0098	0.0184	0.0028	0.0027	0.0178	0.0105	0.0135	0.0118	0.0145	0.0081	0.0118	0.0102	0.0085	0.0192	0.0059	0.0011	0.0141	0.0047	0.0057	0.0130	0.0197	0.0168	0.0027	0.0145	0.0165	0.0154	0.0018	0.0056	0.0210	0.0182	0.0128	0.0173	0.0179	0.0051	0.0094	0.0116	0.0042	0.0058	0.0104	0.0036	0.0055	0.0009	0.0097	0.0147	0.0106	0.0038	0.0053	0.0035	0.0160	0.0029	0.0176	0.0037	0.0133	0.0100	0.0094	0.0120	0.0143	0.0073	0.0034	0.0003	0.0095	0.0071	0.0113	0.0145	0.0118	0.0141	0.0141	0.0021	0.0031	0.0135	0.0178	0.0079	0.0144	0.0032	0.0068	0.0144	0.0078	0.0063	0.0038	0.0136	0.0113	0.0201	0.0079	0.0134	
0.0030	0.0147	0.0046	0.0069	0.0172	0.0012	0.0171	0.0178	0.0016	0.0119	0.0137	0.0200	0.0091	0.0180	0.0024	0.0194	0.0128	0.0029	0.0005	0.0031	0.0065	0.0100	0.0094	0.0150	0.0041	0.0156	0.0056	0.0101	0.0046	0.0098	0.0102	0.0149	0.0185	0.0190	0.0141	0.0015	0.0140	0.0095	0.0080	0.0024	0.0253	0.0003	0.0078	0.0040	0.0129	0.0081	0.0090	0.0142	0.0049	0.0091	0.0063	0.0093	0.0179	0.0068	0.0129	0.0164	0.0031	0.0147	0.0030	0.0004	0.0171	0.0072	0.0118	0.0134	0.0024	0.0015	0.0021	0.0137	0.0041	0.0008	0.0068	0.0012	0.0177	0.0251	0.0047	0.0076	0.0022	0.0052	0.0014	0.0209	0.0072	0.0140	0.0055	0.0216	0.0037	0.0224	0.0157	0.0123	0.0075	0.0223	0.0206	0.0209	0.0074	0.0079	0.0065	0.0152	0.0096	0.0148	0.0022	0.0090	
0.0068	0.0251	0.0082	0.0052	0.0015	0.0042	0.0152	0.0283	0.0018	0.0037	0.0147	0.0191	0.0170	0.0056	0.0169	0.0034	0.0024	0.0158	0.0103	0.0029	0.0092	0.0107	0.0083	0.0072	0.0034	0.0110	0.0155	0.0074	0.0118	0.0135	0.0197	0.0090	0.0037	0.0122	0.0114	0.0133	0.0031	0.0007	0.0173	0.0218	0.0062	0.0149	0.0118	0.0017	0.0049	0.0008	0.0102	0.0008	0.0169	0.0024	0.0123	0.0108	0.0048	0.0275	0.0013	0.0175	0.0103	0.0061	0.0021	0.0156	0.0134	0.0072	0.0105	0.0097	0.0060	0.0051	0.0123	0.0232	0.0122	0.0046	0.0009	0.0020	0.0229	0.0099	0.0220	0.0109	0.0189	0.0050	0.0210	0.0015	0.0004	0.0140	0.0200	0.0125	0.0026	0.0061	0.0046	0.0051	0.0138	0.0148	0.0024	0.0198	0.0222	0.0028	0.0141	0.0027	0.0077	0.0003	0.0154	0.0015	
0.0059	0.0085	0.0061	0.0105	0.0018	0.0072	0.0102	0.0160	0.0038	0.0075	0.0160	0.0036	0.0044	0.0003	0.0137	0.0131	0.0086	0.0136	0.0083	0.0173	0.0010	0.0087	0.0080	0.0230	0.0020	0.0026	0.0023	0.0185	0.0004	0.0117	0.0070	0.0236	0.0078	0.0206	0.0165	0.0132	0.0095	0.0064	0.0087	0.0133	0.0146	0.0100	0.0188	0.0043	0.0002	0.0160	0.0137	0.0190	0.0096	0.0170	0.0143	0.0088	0.0115	0.0154	0.0002	0.0147	0.0019	0.0078	0.0082	0.0214	0.0060	0.0167	0.0117	0.0107	0.0006	0.0156	0.0119	0.0055	0.0060	0.0013	0.0080	0.0017	0.0085	0.0136	0.0072	0.0101	0.0133	0.0019	0.0163	0.0049	0.0088	0.0035	0.0064	0.0042	0.0177	0.0154	0.0068	0.0127	0.0203	0.0209	0.0100	0.0006	0.0206	0.0089	0.0101	0.0210	0.0151	0.0082	0.0036	0.0053	
0.0023	0.0066	0.0198	0.0116	0.0076	0.0147	0.0001	0.0001	0.0291	0.0087	0.0102	0.0176	0.0112	0.0040	0.0096	0.0009	0.0131	0.0231	0.0104	0.0005	0.0159	0.0004	0.0114	0.0059	0.0056	0.0045	0.0013	0.0002	0.0066	0.0275	0.0149	0.0020	0.0233	0.0067	0.0006	0.0325	0.0173	0.0271	0.0543	0.0042	0.0080	0.0042	0.0019	0.0174	0.0167	0.0046	0.0026	0.0156	0.0152	0.0036	0.0006	0.0141	0.0186	0.0013	0.0074	0.0004	0.0015	0.0089	0.0152	0.0028	0.0061	0.0087	0.0291	0.0450	0.0115	0.0019	0.0015	0.0269	0.0008	0.0102	0.0091	0.0063	0.0054	0.0012	0.0051	0.0007	0.0131	0.0198	0.0063	0.0023	0.0126	0.0045	0.0027	0.0114	0.0091	0.0037	0.0029	0.0125	0.0113	0.0013	0.0157	0.0011	0.0012	0.0095	0.0256	0.0105	0.0076	0.0053	0.0099	0.0066	
0.0082	0.0176	0.0117	0.0062	0.0221	0.0082	0.0118	0.0187	0.0134	0.0099	0.0008	0.0039	0.0214	0.0118	0.0076	0.0031	0.0159	0.0182	0.0103	0.0046	0.0007	0.0024	0.0181	0.0000	0.0152	0.0104	0.0105	0.0179	0.0033	0.0068	0.0115	0.0146	0.0009	0.0161	0.0125	0.0205	0.0092	0.0155	0.0005	0.0138	0.0095	0.0063	0.0019	0.0067	0.0003	0.0112	0.0048	0.0069	0.0051	0.0116	0.0007	0.0082	0.0134	0.0119	0.0094	0.0048	0.0001	0.0178	0.0114	0.0069	0.0218	0.0187	0.0136	0.0075	0.0189	0.0056	0.0023	0.0177	0.0004	0.0092	0.0150	0.0179	0.0168	0.0092	0.0128	0.0094	0.0011	0.0068	0.0159	0.0010	0.0035	0.0057	0.0137	0.0084	0.0053	0.0018	0.0216	0.0101	0.0078	0.0066	0.0217	0.0143	0.0068	0.0103	0.0008	0.0177	0.0127	0.0124	0.0056	0.0168	
0.0073	0.0055	0.0083	0.0225	0.0004	0.0016	0.0050	0.0011	0.0679	0.0159	0.0091	0.0088	0.0204	0.0155	0.0022	0.0048	0.0046	0.0089	0.0011	0.0017	0.0120	0.0011	0.0148	0.0120	0.0039	0.0000	0.0062	0.0038	0.0243	0.0429	0.0170	0.0108	0.0026	0.0020	0.0037	0.0271	0.0029	0.0278	0.0348	0.0023	0.0043	0.0106	0.0065	0.0238	0.0059	0.0030	0.0023	0.0144	0.0084	0.0046	0.0010	0.0241	0.0125	0.0165	0.0031	0.0202	0.0151	0.0166	0.0046	0.0004	0.0050	0.0016	0.0181	0.0052	0.0146	0.0073	0.0120	0.0200	0.0115	0.0049	0.0059	0.0021	0.0046	0.0057	0.0047	0.0014	0.0011	0.0172	0.0030	0.0033	0.0014	0.0127	0.0138	0.0006	0.0044	0.0022	0.0149	0.0073	0.0091	0.0145	0.0142	0.0036	0.0303	0.0049	0.0234	0.0037	0.0056	0.0096	0.0081	0.0039	
0.0177	0.0080	0.0136	0.0042	0.0045	0.0053	0.0136	0.0201	0.0028	0.0163	0.0139	0.0028	0.0085	0.0012	0.0156	0.0104	0.0087	0.0068	0.0170	0.0107	0.0031	0.0127	0.0138	0.0048	0.0096	0.0000	0.0114	0.0066	0.0148	0.0139	0.0164	0.0103	0.0014	0.0159	0.0044	0.0138	0.0152	0.0094	0.0130	0.0132	0.0070	0.0155	0.0068	0.0168	0.0150	0.0119	0.0010	0.0115	0.0090	0.0043	0.0169	0.0149	0.0099	0.0029	0.0045	0.0021	0.0118	0.0145	0.0165	0.0032	0.0180	0.0133	0.0191	0.0043	0.0188	0.0028	0.0010	0.0068	0.0137	0.0041	0.0142	0.0165	0.0097	0.0006	0.0023	0.0051	0.0081	0.0090	0.0041	0.0139	0.0176	0.0025	0.0156	0.0121	0.0009	0.0001	0.0002	0.0188	0.0117	0.0019	0.0217	0.0064	0.0152	0.0117	0.0046	0.0202	0.0134	0.0020	0.0172	0.0191	
0.0102	0.0138	0.0119	0.0057	0.0114	0.0151	0.0070	0.0117	0.0004	0.0175	0.0129	0.0004	0.0068	0.0173	0.0044	0.0085	0.0162	0.0038	0.0044	0.0170	0.0026	0.0023	0.0157	0.0163	0.0057	0.0096	0.0012	0.0146	0.0124	0.0049	0.0090	0.0068	0.0135	0.0087	0.0045	0.0061	0.0106	0.0083	0.0012	0.0025	0.0132	0.0093	0.0182	0.0109	0.0096	0.0171	0.0173	0.0179	0.0108	0.0170	0.0203	0.0081	0.0152	0.0178	0.0144	0.0074	0.0143	0.0197	0.0004	0.0033	0.0157	0.0114	0.0111	0.0120	0.0094	0.0073	0.0037	0.0177	0.0153	0.0163	0.0003	0.0064	0.0049	0.0024	0.0083	0.0111	0.0048	0.0171	0.0047	0.0066	0.0100	0.0016	0.0058	0.0010	0.0060	0.0172	0.0072	0.0167	0.0194	0.0173	0.0084	0.0097	0.0094	0.0170	0.0051	0.0229	0.0138	0.0038	0.0055	0.0012	
0.0136	0.0134	0.0103	0.0137	0.0129	0.0173	0.0039	0.0127	0.0165	0.0217	0.0069	0.0167	0.0162	0.0142	0.0102	0.0129	0.0061	0.0240	0.0074	0.0049	0.0294	0.0036	0.0040	0.0221	0.0052	0.0085	0.0127	0.0077	0.0238	0.0143	0.0172	0.0002	0.0126	0.0034	0.0078	0.0154	0.0195	0.0194	0.0114	0.0084	0.0109	0.0096	0.0042	0.0255	0.0102	0.0062	0.0091	0.0159	0.0044	0.0065	0.0052	0.0017	0.0141	0.0184	0.0009	0.0079	0.0135	0.0083	0.0027	0.0045	0.0156	0.0109	0.0242	0.0025	0.0006	0.0038	0.0059	0.0116	0.0016	0.0013	0.0005	0.0065	0.0044	0.0093	0.0146	0.0046	0.0020	0.0053	0.0051	0.0010	0.0176	0.0001	0.0025	0.0072	0.0182	0.0112	0.0047	0.0138	0.0020	0.0062	0.0135	0.0050	0.0156	0.0029	0.0180	0.0160	0.0098	0.0037	0.0140	0.0044	
0.0033	0.0043	0.0149	0.0037	0.0086	0.0176	0.0105	0.0013	0.0013	0.0132	0.0040	0.0079	0.0014	0.0010	0.0079	0.0144	0.0128	0.0108	0.0046	0.0019	0.0010	0.0058	0.0089	0.0178	0.0044	0.0143	0.0010	0.0042	0.0182	0.0173	0.0132	0.0187	0.0097	0.0019	0.0151	0.0112	0.0064	0.0192	0.0202	0.0127	0.0032	0.0026	0.0125	0.0107	0.0021	0.0053	0.0042	0.0096	0.0131	0.0155	0.0011	0.0012	0.0163	0.0115	0.0034	0.0146	0.0142	0.0167	0.0202	0.0163	0.0192	0.0086	0.0018	0.0027	0.0183	0.0046	0.0132	0.0180	0.0035	0.0172	0.0121	0.0118	0.0098	0.0061	0.0172	0.0130	0.0137	0.0121	0.0105	0.0171	0.0101	0.0091	0.0088	0.0009	0.0150	0.0104	0.0203	0.0180	0.0147	0.0023	0.0107	0.0078	0.0016	0.0041	0.0199	0.0150	0.0007	0.0110	0.0101	0.0181	
0.0107	0.0068	0.0085	0.0186	0.0086	0.0072	0.0087	0.0116	0.0216	0.0073	0.0029	0.0009	0.0061	0.0239	0.0060	0.0076	0.0015	0.0010	0.0060	0.0027	0.0083	0.0136	0.0025	0.0017	0.0081	0.0038	0.0142	0.0083	0.0124	0.0099	0.0192	0.0004	0.0072	0.0153	0.0082	0.0049	0.0067	0.0196	0.0233	0.0114	0.0053	0.0079	0.0055	0.0143	0.0007	0.0099	0.0027	0.0037	0.0226	0.0105	0.0078	0.0003	0.0085	0.0117	0.0110	0.0141	0.0041	0.0065	0.0082	0.0045	0.0123	0.0001	0.0032	0.0110	0.0101	0.0016	0.0180	0.0114	0.0093	0.0020	0.0030	0.0059	0.0064	0.0132	0.0205	0.0136	0.0129	0.0127	0.0008	0.0206	0.0002	0.0118	0.0109	0.0197	0.0189	0.0161	0.0162	0.0188	0.0056	0.0214	0.0234	0.0186	0.0117	0.0110	0.0262	0.0060	0.0058	0.0220	0.0019	0.0182	
0.0128	0.0168	0.0098	0.0193	0.0098	0.0051	0.0076	0.0121	0.0181	0.0079	0.0216	0.0117	0.0045	0.0100	0.0036	0.0003	0.0130	0.0055	0.0172	0.0051	0.0081	0.0065	0.0027	0.0108	0.0015	0.0031	0.0100	0.0093	0.0137	0.0174	0.0170	0.0245	0.0090	0.0014	0.0017	0.0056	0.0217	0.0121	0.0194	0.0064	0.0020	0.0123	0.0049	0.0148	0.0214	0.0038	0.0058	0.0205	0.0035	0.0138	0.0086	0.0011	0.0042	0.0116	0.0078	0.0156	0.0140	0.0030	0.0091	0.0036	0.0071	0.0152	0.0207	0.0292	0.0001	0.0022	0.0034	0.0034	0.0048	0.0182	0.0033	0.0117	0.0098	0.0018	0.0092	0.0050	0.0086	0.0115	0.0094	0.0268	0.0053	0.0132	0.0125	0.0138	0.0120	0.0081	0.0064	0.0129	0.0089	0.0029	0.0123	0.0092	0.0268	0.0024	0.0022	0.0047	0.0210	0.0056	0.0076	0.0155	
0.0022	0.0192	0.0112	0.0093	0.0224	0.0182	0.0075	0.0017	0.0011	0.0005	0.0075	0.0014	0.0130	0.0213	0.0177	0.0090	0.0091	0.0049	0.0018	0.0095	0.0134	0.0058	0.0111	0.0032	0.0069	0.0114	0.0002	0.0078	0.0013	0.0025	0.0111	0.0029	0.0191	0.0168	0.0141	0.0151	0.0066	0.0015	0.0187	0.0227	0.0047	0.0089	0.0197	0.0098	0.0181	0.0123	0.0039	0.0224	0.0097	0.0141	0.0216	0.0116	0.0064	0.0047	0.0013	0.0174	0.0022	0.0131	0.0032	0.0058	0.0202	0.0225	0.0002	0.0173	0.0104	0.0049	0.0029	0.0144	0.0059	0.0013	0.0032	0.0066	0.0074	0.0021	0.0047	0.0048	0.0076	0.0200	0.0054	0.0157	0.0059	0.0017	0.0002	0.0103	0.0034	0.0166	0.0186	0.0159	0.0202	0.0170	0.0168	0.0165	0.0214	0.0114	0.0031	0.0073	0.0101	0.0204	0.0008	0.0132	
0.0080	0.0144	0.0102	0.0077	0.0115	0.0120	0.0071	0.0052	0.0148	0.0136	0.0068	0.0019	0.0043	0.0088	0.0196	0.0143	0.0191	0.0074	0.0150	0.0160	0.0067	0.0089	0.0141	0.0111	0.0098	0.0080	0.0069	0.0112	0.0147	0.0136	0.0156	0.0088	0.0158	0.0126	0.0053	0.0127	0.0092	0.0100	0.0137	0.0121	0.0111	0.0116	0.0161	0.0005	0.0080	0.0110	0.0141	0.0104	0.0135	0.0090	0.0115	0.0111	0.0028	0.0068	0.0054	0.0004	0.0129	0.0042	0.0218	0.0024	0.0060	0.0159	0.0043	0.0016	0.0190	0.0205	0.0028	0.0104	0.0044	0.0043	0.0066	0.0056	0.0143	0.0066	0.0057	0.0162	0.0127	0.0123	0.0006	0.0174	0.0146	0.0158	0.0014	0.0124	0.0081	0.0184	0.0052	0.0124	0.0119	0.0049	0.0006	0.0053	0.0125	0.0144	0.0042	0.0191	0.0069	0.0121	0.0013	0.0086	
0.0074	0.0004	0.0065	0.0102	0.0014	0.0034	0.0027	0.0205	0.0019	0.0077	0.0082	0.0192	0.0032	0.0027	0.0079	0.0081	0.0127	0.0124	0.0153	0.0172	0.0172	0.0093	0.0026	0.0260	0.0037	0.0009	0.0115	0.0192	0.0010	0.0094	0.0111	0.0003	0.0133	0.0135	0.0100	0.0182	0.0153	0.0133	0.0124	0.0054	0.0201	0.0075	0.0106	0.0022	0.0205	0.0007	0.0022	0.0110	0.0091	0.0178	0.0039	0.0134	0.0179	0.0017	0.0141	0.0168	0.0167	0.0069	0.0057	0.0007	0.0114	0.0051	0.0165	0.0142	0.0192	0.0072	0.0054	0.0119	0.0159	0.0122	0.0207	0.0177	0.0032	0.0090	0.0033	0.0067	0.0005	0.0000	0.0017	0.0035	0.0215	0.0017	0.0102	0.0048	0.0052	0.0166	0.0009	0.0129	0.0217	0.0157	0.0185	0.0055	0.0095	0.0105	0.0170	0.0150	0.0098	0.0178	0.0056	0.0119	
0.0125	0.0109	0.0161	0.0177	0.0188	0.0042	0.0063	0.0131	0.0152	0.0057	0.0130	0.0147	0.0041	0.0015	0.0021	0.0082	0.0169	0.0071	0.0086	0.0152	0.0057	0.0107	0.0128	0.0259	0.0135	0.0129	0.0093	0.0155	0.0107	0.0082	0.0171	0.0028	0.0105	0.0122	0.0090	0.0064	0.0047	0.0104	0.0057	0.0000	0.0122	0.0099	0.0125	0.0107	0.0189	0.0168	0.0006	0.0061	0.0067	0.0062	0.0175	0.0141	0.0077	0.0062	0.0045	0.0014	0.0147	0.0170	0.0015	0.0067	0.0140	0.0143	0.0121	0.0058	0.0089	0.0126	0.0029	0.0116	0.0181	0.0136	0.0065	0.0028	0.0046	0.0094	0.0092	0.0156	0.0250	0.0128	0.0022	0.0180	0.0118	0.0038	0.0066	0.0068	0.0132	0.0002	0.0114	0.0066	0.0085	0.0072	0.0073	0.0076	0.0117	0.0191	0.0059	0.0198	0.0110	0.0051	0.0050	0.0042	
0.0166	0.0082	0.0174	0.0159	0.0253	0.0151	0.0122	0.0030	0.0229	0.0087	0.0024	0.0006	0.0201	0.0053	0.0165	0.0098	0.0106	0.0123	0.0119	0.0067	0.0019	0.0130	0.0087	0.0103	0.0075	0.0212	0.0117	0.0065	0.0022	0.0207	0.0054	0.0162	0.0150	0.0191	0.0017	0.0049	0.0155	0.0181	0.0123	0.0040	0.0081	0.0103	0.0092	0.0262	0.0053	0.0065	0.0116	0.0084	0.0045	0.0163	0.0037	0.0033	0.0162	0.0223	0.0023	0.0235	0.0013	0.0072	0.0058	0.0016	0.0006	0.0068	0.0012	0.0033	0.0027	0.0092	0.0069	0.0193	0.0032	0.0136	0.0215	0.0130	0.0001	0.0062	0.0235	0.0095	0.0083	0.0057	0.0022	0.0015	0.0083	0.0049	0.0021	0.0059	0.0127	0.0022	0.0240	0.0186	0.0176	0.0044	0.0028	0.0063	0.0136	0.0087	0.0049	0.0012	0.0087	0.0072	0.0191	0.0175	
0.0003	0.0161	0.0042	0.0143	0.0190	0.0089	0.0018	0.0096	0.0245	0.0113	0.0147	0.0152	0.0035	0.0030	0.0168	0.0133	0.0053	0.0154	0.0134	0.0125	0.0150	0.0058	0.0269	0.0221	0.0095	0.0147	0.0042	0.0123	0.0029	0.0224	0.0032	0.0019	0.0098	0.0058	0.0010	0.0144	0.0012	0.0110	0.0108	0.0012	0.0002	0.0077	0.0183	0.0070	0.0166	0.0061	0.0018	0.0071	0.0137	0.0075	0.0106	0.0152	0.0149	0.0194	0.0040	0.0100	0.0157	0.0051	0.0017	0.0072	0.0043	0.0077	0.0070	0.0251	0.0086	0.0080	0.0052	0.0213	0.0016	0.0041	0.0166	0.0137	0.0072	0.0098	0.0201	0.0023	0.0117	0.0131	0.0052	0.0030	0.0099	0.0163	0.0198	0.0107	0.0031	0.0085	0.0067	0.0120	0.0017	0.0120	0.0139	0.0154	0.0107	0.0006	0.0210	0.0117	0.0011	0.0010	0.0151	0.0047	
0.0016	0.0053	0.0067	0.0113	0.0134	0.0015	0.0026	0.0039	0.0393	0.0010	0.0013	0.0050	0.0203	0.0252	0.0177	0.0042	0.0136	0.0194	0.0224	0.0067	0.0029	0.0049	0.0187	0.0149	0.0069	0.0178	0.0039	0.0057	0.0173	0.0169	0.0033	0.0172	0.0150	0.0011	0.0006	0.0057	0.0207	0.0138	0.0048	0.0013	0.0046	0.0016	0.0108	0.0007	0.0133	0.0045	0.0067	0.0105	0.0027	0.0085	0.0097	0.0134	0.0048	0.0017	0.0016	0.0084	0.0114	0.0148	0.0146	0.0139	0.0131	0.0119	0.0122	0.0176	0.0197	0.0075	0.0118	0.0281	0.0177	0.0129	0.0159	0.0112	0.0068	0.0093	0.0138	0.0002	0.0002	0.0162	0.0015	0.0068	0.0015	0.0136	0.0053	0.0032	0.0091	0.0092	0.0029	0.0090	0.0166	0.0133	0.0131	0.0123	0.0242	0.0054	0.0084	0.0089	0.0123	0.0043	0.0013	0.0180	
0.0142	0.0176	0.0089	0.0127	0.0190	0.0002	0.0129	0.0127	0.0068	0.0015	0.0073	0.0121	0.0149	0.0094	0.0104	0.0142	0.0100	0.0060	0.0175	0.0045	0.0093	0.0120	0.0217	0.0057	0.0159	0.0189	0.0046	0.0022	0.0057	0.0017	0.0071	0.0134	0.0094	0.0035	0.0066	0.0022	0.0042	0.0104	0.0068	0.0062	0.0101	0.0109	0.0020	0.0165	0.0041	0.0143	0.0042	0.0205	0.0137	0.0057	0.0140	0.0028	0.0047	0.0148	0.0072	0.0148	0.0007	0.0063	0.0153	0.0180	0.0180	0.0167	0.0041	0.0061	0.0119	0.0106	0.0012	0.0070	0.0041	0.0091	0.0149	0.0153	0.0148	0.0067	0.0111	0.0096	0.0158	0.0007	0.0136	0.0158	0.0119	0.0045	0.0063	0.0154	0.0035	0.0034	0.0101	0.0165	0.0120	0.0087	0.0013	0.0198	0.0175	0.0084	0.0162	0.0197	0.0058	0.0118	0.0038	0.0149	
0.0149	0.0182	0.0140	0.0052	0.0149	0.0161	0.0034	0.0184	0.0031	0.0132	0.0165	0.0165	0.0062	0.0135	0.0048	0.0073	0.0118	0.0028	0.0028	0.0064	0.0034	0.0042	0.0139	0.0185	0.0090	0.0177	0.0007	0.0090	0.0122	0.0127	0.0076	0.0021	0.0129	0.0073	0.0032	0.0151	0.0135	0.0017	0.0053	0.0078	0.0017	0.0136	0.0134	0.0013	0.0145	0.0013	0.0125	0.0055	0.0057	0.0097	0.0064	0.0030	0.0099	0.0166	0.0109	0.0110	0.0028	0.0012	0.0193	0.0178	0.0174	0.0159	0.0009	0.0063	0.0067	0.0169	0.0027	0.0182	0.0144	0.0082	0.0196	0.0080	0.0178	0.0193	0.0062	0.0104	0.0137	0.0084	0.0007	0.0088	0.0033	0.0141	0.0029	0.0066	0.0095	0.0033	0.0091	0.0184	0.0225	0.0127	0.0138	0.0122	0.0065	0.0079	0.0112	0.0079	0.0120	0.0050	0.0170	0.0174	
0.0163	0.0151	0.0108	0.0178	0.0135	0.0134	0.0045	0.0191	0.0094	0.0149	0.0004	0.0101	0.0002	0.0068	0.0145	0.0010	0.0123	0.0094	0.0153	0.0019	0.0076	0.0041	0.0022	0.0205	0.0189	0.0061	0.0019	0.0082	0.0031	0.0003	0.0166	0.0053	0.0136	0.0047	0.0086	0.0097	0.0008	0.0041	0.0131	0.0132	0.0167	0.0103	0.0064	0.0138	0.0092	0.0006	0.0108	0.0188	0.0132	0.0090	0.0122	0.0124	0.0076	0.0139	0.0071	0.0112	0.0086	0.0163	0.0016	0.0054	0.0152	0.0158	0.0125	0.0089	0.0177	0.0140	0.0118	0.0137	0.0158	0.0043	0.0004	0.0083	0.0169	0.0030	0.0033	0.0126	0.0162	0.0026	0.0078	0.0141	0.0128	0.0030	0.0170	0.0128	0.0070	0.0012	0.0165	0.0023	0.0199	0.0145	0.0000	0.0056	0.0033	0.0081	0.0196	0.0041	0.0164	0.0143	0.0165	0.0157	
0.0045	0.0185	0.0005	0.0096	0.0134	0.0037	0.0146	0.0078	0.0071	0.0083	0.0126	0.0058	0.0069	0.0053	0.0102	0.0094	0.0186	0.0131	0.0039	0.0172	0.0185	0.0106	0.0169	0.0023	0.0046	0.0174	0.0038	0.0090	0.0031	0.0142	0.0184	0.0030	0.0024	0.0134	0.0114	0.0183	0.0031	0.0079	0.0038	0.0036	0.0021	0.0109	0.0111	0.0083	0.0009	0.0117	0.0002	0.0208	0.0173	0.0093	0.0083	0.0133	0.0086	0.0019	0.0197	0.0112	0.0001	0.0223	0.0048	0.0149	0.0277	0.0143	0.0016	0.0084	0.0110	0.0120	0.0026	0.0110	0.0172	0.0116	0.0101	0.0068	0.0134	0.0196	0.0181	0.0067	0.0021	0.0036	0.0005	0.0124	0.0148	0.0059	0.0112	0.0159	0.0097	0.0008	0.0133	0.0015	0.0183	0.0176	0.0235	0.0052	0.0061	0.0089	0.0047	0.0164	0.0085	0.0007	0.0204	0.0114	
0.0087	0.0078	0.0019	0.0080	0.0005	0.0233	0.0038	0.0103	0.0082	0.0109	0.0120	0.0132	0.0201	0.0137	0.0006	0.0125	0.0024	0.0079	0.0185	0.0062	0.0016	0.0016	0.0205	0.0211	0.0094	0.0036	0.0020	0.0037	0.0194	0.0080	0.0188	0.0012	0.0076	0.0115	0.0024	0.0075	0.0083	0.0024	0.0221	0.0127	0.0170	0.0182	0.0147	0.0083	0.0129	0.0047	0.0044	0.0143	0.0104	0.0112	0.0050	0.0033	0.0025	0.0118	0.0064	0.0076	0.0109	0.0054	0.0189	0.0188	0.0149	0.0003	0.0181	0.0004	0.0110	0.0074	0.0073	0.0072	0.0096	0.0144	0.0067	0.0002	0.0096	0.0040	0.0123	0.0015	0.0067	0.0088	0.0048	0.0073	0.0205	0.0080	0.0144	0.0036	0.0214	0.0138	0.0214	0.0162	0.0051	0.0205	0.0139	0.0007	0.0086	0.0206	0.0201	0.0182	0.0023	0.0166	0.0169	0.0022	
0.0148	0.0180	0.0053	0.0146	0.0043	0.0069	0.0072	0.0149	0.0199	0.0047	0.0214	0.0025	0.0173	0.0080	0.0173	0.0068	0.0063	0.0099	0.0029	0.0076	0.0096	0.0051	0.0012	0.0130	0.0003	0.0058	0.0099	0.0110	0.0060	0.0156	0.0180	0.0144	0.0107	0.0025	0.0060	0.0183	0.0031	0.0169	0.0222	0.0075	0.0047	0.0163	0.0153	0.0176	0.0194	0.0079	0.0008	0.0158	0.0159	0.0081	0.0061	0.0087	0.0097	0.0022	0.0102	0.0081	0.0136	0.0124	0.0149	0.0170	0.0120	0.0117	0.0090	0.0030	0.0054	0.0060	0.0083	0.0161	0.0002	0.0004	0.0056	0.0055	0.0108	0.0122	0.0074	0.0065	0.0104	0.0011	0.0117	0.0102	0.0040	0.0117	0.0124	0.0127	0.0047	0.0075	0.0169	0.0084	0.0101	0.0185	0.0178	0.0083	0.0040	0.0166	0.0146	0.0074	0.0066	0.0133	0.0117	0.0071	
0.0006	0.0047	0.0179	0.0201	0.0029	0.0027	0.0097	0.0161	0.0183	0.0021	0.0225	0.0144	0.0189	0.0056	0.0122	0.0001	0.0054	0.0174	0.0188	0.0076	0.0097	0.0090	0.0065	0.0026	0.0003	0.0145	0.0024	0.0111	0.0192	0.0023	0.0025	0.0180	0.0064	0.0053	0.0063	0.0211	0.0187	0.0149	0.0222	0.0018	0.0109	0.0148	0.0124	0.0089	0.0189	0.0018	0.0061	0.0182	0.0042	0.0112	0.0010	0.0143	0.0152	0.0211	0.0145	0.0007	0.0170	0.0165	0.0167	0.0052	0.0179	0.0003	0.0012	0.0154	0.0001	0.0036	0.0087	0.0120	0.0135	0.0131	0.0040	0.0066	0.0133	0.0097	0.0187	0.0052	0.0028	0.0157	0.0029	0.0205	0.0041	0.0039	0.0091	0.0027	0.0168	0.0059	0.0143	0.0059	0.0061	0.0067	0.0008	0.0148	0.0203	0.0062	0.0035	0.0136	0.0168	0.0037	0.0058	0.0114	
0.0113	0.0013	0.0021	0.0117	0.0100	0.0120	0.0121	0.0029	0.0228	0.0104	0.0202	0.0003	0.0124	0.0008	0.0009	0.0128	0.0119	0.0197	0.0114	0.0079	0.0105	0.0017	0.0030	0.0101	0.0105	0.0049	0.0129	0.0095	0.0128	0.0051	0.0095	0.0205	0.0103	0.0097	0.0042	0.0039	0.0039	0.0186	0.0153	0.0073	0.0133	0.0115	0.0073	0.0188	0.0112	0.0004	0.0055	0.0143	0.0082	0.0081	0.0022	0.0005	0.0111	0.0173	0.0032	0.0104	0.0157	0.0130	0.0202	0.0054	0.0147	0.0033	0.0117	0.0171	0.0191	0.0165	0.0094	0.0009	0.0152	0.0159	0.0105	0.0110	0.0047	0.0032	0.0159	0.0118	0.0132	0.0043	0.0144	0.0123	0.0187	0.0178	0.0017	0.0023	0.0010	0.0079	0.0066	0.0132	0.0070	0.0165	0.0046	0.0089	0.0218	0.0070	0.0126	0.0103	0.0010	0.0128	0.0167	0.0100	
0.0098	0.0072	0.0119	0.0118	0.0229	0.0061	0.0105	0.0102	0.0158	0.0051	0.0150	0.0115	0.0159	0.0038	0.0070	0.0116	0.0023	0.0063	0.0134	0.0080	0.0118	0.0104	0.0133	0.0002	0.0148	0.0008	0.0110	0.0139	0.0080	0.0051	0.0134	0.0011	0.0060	0.0047	0.0016	0.0118	0.0000	0.0081	0.0039	0.0100	0.0114	0.0145	0.0128	0.0002	0.0155	0.0086	0.0138	0.0150	0.0179	0.0121	0.0071	0.0079	0.0160	0.0082	0.0179	0.0127	0.0110	0.0210	0.0164	0.0154	0.0151	0.0174	0.0169	0.0108	0.0107	0.0125	0.0040	0.0084	0.0021	0.0139	0.0165	0.0114	0.0040	0.0015	0.0143	0.0096	0.0175	0.0101	0.0007	0.0015	0.0040	0.0003	0.0183	0.0129	0.0139	0.0025	0.0019	0.0183	0.0063	0.0039	0.0214	0.0005	0.0119	0.0047	0.0197	0.0197	0.0168	0.0015	0.0057	0.0051	
0.0034	0.0068	0.0106	0.0041	0.0173	0.0138	0.0054	0.0160	0.0108	0.0034	0.0131	0.0001	0.0156	0.0157	0.0108	0.0119	0.0181	0.0006	0.0143	0.0070	0.0101	0.0063	0.0016	0.0195	0.0138	0.0155	0.0162	0.0179	0.0028	0.0109	0.0146	0.0186	0.0033	0.0159	0.0174	0.0144	0.0088	0.0111	0.0143	0.0029	0.0191	0.0050	0.0046	0.0023	0.0093	0.0168	0.0018	0.0139	0.0123	0.0062	0.0026	0.0138	0.0055	0.0166	0.0122	0.0141	0.0038	0.0136	0.0087	0.0015	0.0155	0.0079	0.0085	0.0143	0.0077	0.0164	0.0127	0.0018	0.0244	0.0117	0.0047	0.0023	0.0024	0.0133	0.0113	0.0071	0.0026	0.0136	0.0070	0.0181	0.0132	0.0024	0.0029	0.0154	0.0100	0.0142	0.0094	0.0040	0.0051	0.0005	0.0121	0.0151	0.0056	0.0149	0.0052	0.0079	0.0111	0.0047	0.0158	0.0090	
0.0029	0.0188	0.0191	0.0010	0.0006	0.0228	0.0121	0.0130	0.0108	0.0040	0.0186	0.0059	0.0057	0.0118	0.0068	0.0110	0.0070	0.0216	0.0070	0.0054	0.0101	0.0056	0.0201	0.0205	0.0005	0.0090	0.0126	0.0048	0.0061	0.0094	0.0161	0.0205	0.0036	0.0152	0.0101	0.0168	0.0080	0.0024	0.0290	0.0093	0.0015	0.0107	0.0144	0.0246	0.0068	0.0048	0.0050	0.0154	0.0076	0.0090	0.0099	0.0204	0.0175	0.0062	0.0006	0.0130	0.0019	0.0179	0.0002	0.0098	0.0029	0.0066	0.0130	0.0011	0.0079	0.0135	0.0031	0.0072	0.0135	0.0124	0.0071	0.0030	0.0132	0.0105	0.0078	0.0088	0.0107	0.0179	0.0099	0.0155	0.0013	0.0007	0.0176	0.0126	0.0067	0.0144	0.0162	0.0146	0.0154	0.0020	0.0114	0.0062	0.0024	0.0060	0.0095	0.0107	0.0022	0.0159	0.0093	0.0065	
0.0031	0.0025	0.0262	0.0202	0.0033	0.0189	0.0108	0.0029	0.0482	0.0053	0.0369	0.0037	0.0058	0.0085	0.0073	0.0015	0.0140	0.0451	0.0144	0.0019	0.0016	0.0008	0.0105	0.0147	0.0003	0.0148	0.0015	0.0063	0.0098	0.0344	0.0126	0.0242	0.0078	0.0023	0.0044	0.0286	0.0017	0.0020	0.0297	0.0058	0.0003	0.0078	0.0005	0.0218	0.0032	0.0039	0.0008	0.0147	0.0145	0.0030	0.0001	0.0071	0.0024	0.0029	0.0037	0.0214	0.0144	0.0063	0.0131	0.0037	0.0087	0.0039	0.0297	0.0051	0.0112	0.0016	0.0208	0.0003	0.0103	0.0090	0.0013	0.0048	0.0040	0.0014	0.0083	0.0022	0.0027	0.0157	0.0064	0.0137	0.0131	0.0056	0.0116	0.0000	0.0163	0.0039	0.0129	0.0031	0.0105	0.0109	0.0021	0.0077	0.0121	0.0037	0.0241	0.0077	0.0112	0.0181	0.0118	0.0124	
0.0106	0.0035	0.0195	0.0089	0.0044	0.0090	0.0155	0.0212	0.0125	0.0192	0.0156	0.0016	0.0148	0.0025	0.0082	0.0054	0.0146	0.0154	0.0071	0.0054	0.0103	0.0140	0.0029	0.0054	0.0094	0.0074	0.0045	0.0028	0.0043	0.0149	0.0129	0.0055	0.0145	0.0113	0.0019	0.0144	0.0083	0.0036	0.0155	0.0050	0.0140	0.0150	0.0116	0.0171	0.0158	0.0007	0.0006	0.0036	0.0217	0.0131	0.0170	0.0151	0.0107	0.0146	0.0107	0.0165	0.0008	0.0150	0.0001	0.0199	0.0052	0.0128	0.0147	0.0163	0.0048	0.0103	0.0060	0.0035	0.0007	0.0150	0.0194	0.0135	0.0027	0.0030	0.0128	0.0131	0.0019	0.0033	0.0080	0.0068	0.0065	0.0009	0.0048	0.0105	0.0208	0.0181	0.0153	0.0005	0.0011	0.0049	0.0130	0.0126	0.0035	0.0193	0.0217	0.0004	0.0186	0.0153	0.0132	0.0078	
0.0142	0.0183	0.0037	0.0034	0.0186	0.0045	0.0110	0.0074	0.0038	0.0149	0.0224	0.0162	0.0090	0.0146	0.0108	0.0038	0.0090	0.0043	0.0181	0.0037	0.0202	0.0031	0.0031	0.0201	0.0023	0.0046	0.0074	0.0047	0.0046	0.0183	0.0157	0.0096	0.0099	0.0006	0.0095	0.0111	0.0237	0.0029	0.0275	0.0126	0.0035	0.0052	0.0154	0.0081	0.0094	0.0114	0.0040	0.0125	0.0052	0.0114	0.0064	0.0223	0.0161	0.0108	0.0103	0.0100	0.0141	0.0083	0.0235	0.0105	0.0158	0.0065	0.0066	0.0159	0.0190	0.0065	0.0084	0.0074	0.0163	0.0034	0.0061	0.0036	0.0043	0.0006	0.0017	0.0052	0.0069	0.0150	0.0056	0.0090	0.0185	0.0166	0.0220	0.0092	0.0203	0.0126	0.0136	0.0013	0.0070	0.0052	0.0154	0.0096	0.0038	0.0061	0.0022	0.0165	0.0012	0.0070	0.0058	0.0007	
0.0059	0.0007	0.0131	0.0021	0.0079	0.0077	0.0090	0.0143	0.0072	0.0040	0.0219	0.0167	0.0179	0.0124	0.0115	0.0156	0.0091	0.0137	0.0135	0.0010	0.0179	0.0049	0.0202	0.0169	0.0073	0.0155	0.0024	0.0191	0.0194	0.0052	0.0074	0.0019	0.0096	0.0067	0.0016	0.0189	0.0089	0.0178	0.0241	0.0105	0.0078	0.0146	0.0142	0.0045	0.0073	0.0141	0.0091	0.0104	0.0148	0.0058	0.0066	0.0053	0.0127	0.0047	0.0035	0.0003	0.0028	0.0170	0.0148	0.0136	0.0042	0.0093	0.0136	0.0016	0.0179	0.0162	0.0075	0.0133	0.0119	0.0126	0.0102	0.0090	0.0146	0.0013	0.0137	0.0018	0.0130	0.0120	0.0074	0.0148	0.0034	0.0107	0.0030	0.0116	0.0170	0.0022	0.0068	0.0051	0.0032	0.0018	0.0138	0.0096	0.0050	0.0067	0.0066	0.0169	0.0176	0.0129	0.0080	0.0070	
0.0075	0.0141	0.0030	0.0026	0.0122	0.0219	0.0051	0.0099	0.0251	0.0016	0.0154	0.0101	0.0088	0.0003	0.0099	0.0086	0.0100	0.0057	0.0059	0.0044	0.0170	0.0006	0.0147	0.0096	0.0098	0.0003	0.0038	0.0072	0.0204	0.0005	0.0047	0.0295	0.0053	0.0008	0.0025	0.0071	0.0162	0.0014	0.0518	0.0115	0.0098	0.0096	0.0109	0.0021	0.0162	0.0021	0.0003	0.0041	0.0130	0.0088	0.0013	0.0270	0.0081	0.0165	0.0096	0.0068	0.0085	0.0129	0.0028	0.0168	0.0085	0.0097	0.0234	0.0231	0.0178	0.0072	0.0063	0.0118	0.0140	0.0055	0.0043	0.0045	0.0027	0.0039	0.0208	0.0070	0.0062	0.0095	0.0113	0.0199	0.0193	0.0014	0.0143	0.0014	0.0181	0.0057	0.0075	0.0082	0.0036	0.0203	0.0130	0.0094	0.0299	0.0029	0.0088	0.0134	0.0129	0.0046	0.0026	0.0008	
0.0170	0.0171	0.0057	0.0118	0.0117	0.0118	0.0082	0.0025	0.0103	0.0145	0.0181	0.0002	0.0220	0.0066	0.0157	0.0083	0.0044	0.0107	0.0142	0.0078	0.0025	0.0123	0.0029	0.0197	0.0130	0.0119	0.0090	0.0009	0.0145	0.0031	0.0028	0.0022	0.0040	0.0123	0.0157	0.0059	0.0125	0.0022	0.0108	0.0004	0.0164	0.0064	0.0156	0.0048	0.0163	0.0132	0.0168	0.0111	0.0076	0.0153	0.0123	0.0119	0.0090	0.0163	0.0194	0.0024	0.0087	0.0125	0.0002	0.0178	0.0059	0.0111	0.0019	0.0077	0.0150	0.0156	0.0098	0.0041	0.0096	0.0094	0.0180	0.0018	0.0031	0.0126	0.0099	0.0113	0.0183	0.0125	0.0162	0.0156	0.0113	0.0007	0.0138	0.0033	0.0100	0.0040	0.0122	0.0096	0.0173	0.0116	0.0192	0.0029	0.0024	0.0113	0.0172	0.0114	0.0044	0.0056	0.0093	0.0019	
0.0196	0.0113	0.0217	0.0212	0.0229	0.0106	0.0121	0.0163	0.0077	0.0024	0.0051	0.0131	0.0145	0.0046	0.0048	0.0032	0.0167	0.0259	0.0173	0.0070	0.0075	0.0037	0.0104	0.0197	0.0110	0.0139	0.0158	0.0085	0.0215	0.0002	0.0104	0.0136	0.0052	0.0141	0.0123	0.0019	0.0021	0.0177	0.0057	0.0023	0.0079	0.0130	0.0024	0.0177	0.0096	0.0011	0.0085	0.0200	0.0091	0.0091	0.0079	0.0074	0.0081	0.0011	0.0127	0.0156	0.0033	0.0026	0.0047	0.0054	0.0118	0.0054	0.0240	0.0078	0.0110	0.0100	0.0082	0.0159	0.0071	0.0038	0.0020	0.0010	0.0112	0.0100	0.0201	0.0069	0.0030	0.0117	0.0051	0.0122	0.0032	0.0009	0.0199	0.0061	0.0070	0.0034	0.0046	0.0042	0.0012	0.0025	0.0189	0.0176	0.0139	0.0173	0.0147	0.0043	0.0139	0.0160	0.0020	0.0179	
0.0117	0.0167	0.0093	0.0048	0.0094	0.0112	0.0118	0.0128	0.0009	0.0047	0.0084	0.0075	0.0148	0.0093	0.0016	0.0091	0.0060	0.0105	0.0152	0.0071	0.0069	0.0043	0.0111	0.0063	0.0054	0.0022	0.0099	0.0131	0.0018	0.0137	0.0120	0.0055	0.0101	0.0072	0.0002	0.0049	0.0106	0.0124	0.0125	0.0150	0.0127	0.0087	0.0030	0.0138	0.0107	0.0082	0.0044	0.0188	0.0178	0.0027	0.0165	0.0030	0.0142	0.0145	0.0108	0.0082	0.0043	0.0031	0.0212	0.0070	0.0010	0.0159	0.0108	0.0044	0.0091	0.0032	0.0149	0.0064	0.0099	0.0149	0.0161	0.0114	0.0156	0.0032	0.0130	0.0161	0.0007	0.0119	0.0109	0.0135	0.0186	0.0093	0.0157	0.0194	0.0175	0.0099	0.0092	0.0154	0.0162	0.0110	0.0004	0.0072	0.0120	0.0085	0.0133	0.0158	0.0154	0.0165	0.0059	0.0083	
0.0110	0.0142	0.0120	0.0010	0.0039	0.0041	0.0064	0.0116	0.0025	0.0145	0.0086	0.0085	0.0093	0.0028	0.0084	0.0105	0.0188	0.0131	0.0068	0.0154	0.0154	0.0002	0.0121	0.0232	0.0123	0.0090	0.0187	0.0077	0.0097	0.0214	0.0007	0.0037	0.0096	0.0034	0.0041	0.0027	0.0024	0.0186	0.0172	0.0143	0.0049	0.0138	0.0137	0.0042	0.0048	0.0098	0.0156	0.0103	0.0208	0.0042	0.0117	0.0052	0.0091	0.0068	0.0141	0.0120	0.0045	0.0087	0.0059	0.0161	0.0032	0.0130	0.0049	0.0047	0.0123	0.0041	0.0214	0.0070	0.0204	0.0060	0.0082	0.0023	0.0168	0.0135	0.0143	0.0165	0.0058	0.0063	0.0133	0.0046	0.0134	0.0077	0.0079	0.0043	0.0020	0.0152	0.0132	0.0028	0.0084	0.0168	0.0153	0.0107	0.0120	0.0224	0.0109	0.0059	0.0086	0.0107	0.0121	0.0158	
0.0109	0.0133	0.0110	0.0132	0.0171	0.0116	0.0050	0.0179	0.0112	0.0130	0.0059	0.0168	0.0147	0.0003	0.0034	0.0139	0.0097	0.0006	0.0023	0.0152	0.0104	0.0154	0.0182	0.0044	0.0111	0.0174	0.0100	0.0000	0.0014	0.0088	0.0096	0.0158	0.0143	0.0128	0.0112	0.0009	0.0142	0.0131	0.0089	0.0083	0.0097	0.0134	0.0107	0.0094	0.0067	0.0167	0.0181	0.0112	0.0163	0.0131	0.0146	0.0065	0.0071	0.0176	0.0087	0.0133	0.0111	0.0104	0.0037	0.0172	0.0020	0.0054	0.0160	0.0026	0.0048	0.0097	0.0033	0.0194	0.0064	0.0024	0.0021	0.0155	0.0109	0.0136	0.0046	0.0126	0.0046	0.0065	0.0156	0.0104	0.0153	0.0001	0.0043	0.0068	0.0130	0.0019	0.0076	0.0183	0.0073	0.0159	0.0096	0.0037	0.0110	0.0084	0.0064	0.0055	0.0183	0.0081	0.0057	0.0158	
0.0132	0.0160	0.0041	0.0146	0.0112	0.0007	0.0132	0.0124	0.0142	0.0112	0.0120	0.0047	0.0127	0.0127	0.0009	0.0015	0.0007	0.0102	0.0084	0.0021	0.0028	0.0032	0.0145	0.0119	0.0106	0.0172	0.0024	0.0011	0.0082	0.0211	0.0156	0.0190	0.0181	0.0001	0.0119	0.0231	0.0195	0.0121	0.0201	0.0101	0.0042	0.0124	0.0056	0.0168	0.0067	0.0025	0.0088	0.0176	0.0091	0.0034	0.0031	0.0107	0.0160	0.0037	0.0116	0.0092	0.0058	0.0131	0.0207	0.0148	0.0150	0.0120	0.0059	0.0159	0.0131	0.0110	0.0051	0.0136	0.0148	0.0015	0.0055	0.0067	0.0101	0.0125	0.0183	0.0046	0.0165	0.0133	0.0022	0.0093	0.0061	0.0039	0.0113	0.0029	0.0132	0.0060	0.0188	0.0145	0.0046	0.0068	0.0117	0.0021	0.0141	0.0008	0.0176	0.0091	0.0075	0.0127	0.0011	0.0127	
0.0169	0.0191	0.0012	0.0067	0.0186	0.0158	0.0161	0.0025	0.0042	0.0066	0.0095	0.0091	0.0106	0.0081	0.0070	0.0132	0.0031	0.0015	0.0168	0.0063	0.0135	0.0103	0.0066	0.0108	0.0088	0.0025	0.0175	0.0135	0.0006	0.0081	0.0159	0.0044	0.0132	0.0083	0.0117	0.0057	0.0033	0.0047	0.0040	0.0174	0.0126	0.0156	0.0104	0.0169	0.0142	0.0018	0.0142	0.0028	0.0132	0.0026	0.0060	0.0068	0.0119	0.0152	0.0002	0.0086	0.0108	0.0104	0.0203	0.0154	0.0180	0.0026	0.0019	0.0133	0.0074	0.0055	0.0145	0.0017	0.0158	0.0018	0.0084	0.0168	0.0162	0.0020	0.0121	0.0180	0.0165	0.0066	0.0124	0.0062	0.0110	0.0137	0.0004	0.0191	0.0028	0.0106	0.0131	0.0186	0.0081	0.0041	0.0133	0.0127	0.0063	0.0094	0.0181	0.0100	0.0126	0.0141	0.0114	0.0097	
0.0063	0.0130	0.0052	0.0104	0.0162	0.0065	0.0108	0.0121	0.0024	0.0020	0.0098	0.0039	0.0174	0.0102	0.0053	0.0037	0.0025	0.0031	0.0127	0.0182	0.0123	0.0172	0.0134	0.0117	0.0103	0.0175	0.0113	0.0072	0.0021	0.0029	0.0038	0.0035	0.0170	0.0029	0.0009	0.0004	0.0078	0.0082	0.0035	0.0167	0.0005	0.0002	0.0171	0.0047	0.0138	0.0101	0.0186	0.0166	0.0040	0.0161	0.0078	0.0074	0.0012	0.0150	0.0191	0.0097	0.0150	0.0162	0.0026	0.0160	0.0170	0.0032	0.0085	0.0153	0.0174	0.0064	0.0058	0.0126	0.0091	0.0047	0.0145	0.0150	0.0001	0.0199	0.0156	0.0125	0.0189	0.0072	0.0176	0.0177	0.0172	0.0142	0.0040	0.0064	0.0152	0.0143	0.0026	0.0039	0.0067	0.0096	0.0043	0.0147	0.0068	0.0060	0.0189	0.0180	0.0110	0.0178	0.0079	0.0075	
0.0035	0.0036	0.0074	0.0245	0.0006	0.0138	0.0086	0.0040	0.0189	0.0041	0.0156	0.0101	0.0210	0.0038	0.0203	0.0012	0.0188	0.0026	0.0038	0.0037	0.0054	0.0023	0.0105	0.0236	0.0014	0.0018	0.0047	0.0153	0.0184	0.0197	0.0024	0.0025	0.0196	0.0101	0.0151	0.0228	0.0086	0.0058	0.0073	0.0012	0.0043	0.0208	0.0060	0.0023	0.0181	0.0136	0.0197	0.0042	0.0102	0.0169	0.0176	0.0089	0.0146	0.0051	0.0039	0.0004	0.0154	0.0099	0.0220	0.0240	0.0130	0.0181	0.0056	0.0220	0.0018	0.0103	0.0084	0.0067	0.0081	0.0016	0.0172	0.0145	0.0165	0.0019	0.0219	0.0034	0.0191	0.0049	0.0012	0.0074	0.0035	0.0014	0.0052	0.0006	0.0002	0.0123	0.0103	0.0177	0.0064	0.0150	0.0007	0.0219	0.0088	0.0070	0.0154	0.0110	0.0140	0.0073	0.0004	0.0110	
0.0040	0.0118	0.0130	0.0077	0.0040	0.0038	0.0121	0.0128	0.0047	0.0192	0.0039	0.0112	0.0069	0.0092	0.0169	0.0078	0.0089	0.0034	0.0168	0.0094	0.0016	0.0183	0.0223	0.0120	0.0012	0.0173	0.0056	0.0100	0.0090	0.0093	0.0086	0.0091	0.0050	0.0126	0.0028	0.0128	0.0061	0.0161	0.0161	0.0149	0.0017	0.0176	0.0094	0.0063	0.0095	0.0100	0.0158	0.0165	0.0133	0.0029	0.0183	0.0102	0.0085	0.0122	0.0062	0.0072	0.0125	0.0014	0.0061	0.0101	0.0197	0.0025	0.0012	0.0137	0.0097	0.0152	0.0047	0.0136	0.0066	0.0052	0.0017	0.0169	0.0073	0.0032	0.0055	0.0039	0.0063	0.0128	0.0022	0.0094	0.0028	0.0080	0.0160	0.0059	0.0132	0.0204	0.0023	0.0140	0.0055	0.0137	0.0188	0.0049	0.0098	0.0080	0.0181	0.0192	0.0134	0.0165	0.0138	0.0203	
0.0050	0.0154	0.0139	0.0074	0.0016	0.0038	0.0035	0.0043	0.0111	0.0029	0.0032	0.0003	0.0222	0.0165	0.0068	0.0094	0.0034	0.0223	0.0007	0.0086	0.0177	0.0098	0.0119	0.0176	0.0064	0.0184	0.0024	0.0193	0.0088	0.0094	0.0093	0.0143	0.0180	0.0042	0.0053	0.0072	0.0281	0.0185	0.0099	0.0092	0.0144	0.0174	0.0048	0.0054	0.0134	0.0143	0.0051	0.0178	0.0016	0.0053	0.0105	0.0029	0.0153	0.0075	0.0056	0.0131	0.0108	0.0158	0.0217	0.0071	0.0005	0.0034	0.0241	0.0017	0.0154	0.0112	0.0052	0.0204	0.0082	0.0022	0.0127	0.0085	0.0075	0.0080	0.0184	0.0088	0.0085	0.0046	0.0007	0.0109	0.0144	0.0064	0.0189	0.0008	0.0130	0.0064	0.0188	0.0099	0.0154	0.0188	0.0146	0.0026	0.0194	0.0005	0.0143	0.0121	0.0006	0.0047	0.0087	0.0017	
0.0132	0.0108	0.0067	0.0220	0.0194	0.0048	0.0122	0.0046	0.0102	0.0117	0.0026	0.0052	0.0204	0.0065	0.0122	0.0112	0.0051	0.0203	0.0093	0.0059	0.0172	0.0115	0.0205	0.0147	0.0076	0.0081	0.0136	0.0069	0.0196	0.0047	0.0107	0.0040	0.0133	0.0147	0.0135	0.0008	0.0184	0.0197	0.0060	0.0043	0.0097	0.0108	0.0157	0.0038	0.0099	0.0068	0.0075	0.0080	0.0065	0.0115	0.0042	0.0040	0.0121	0.0042	0.0064	0.0187	0.0112	0.0159	0.0129	0.0075	0.0103	0.0058	0.0059	0.0068	0.0011	0.0169	0.0091	0.0172	0.0069	0.0136	0.0142	0.0056	0.0092	0.0034	0.0137	0.0010	0.0134	0.0107	0.0154	0.0163	0.0003	0.0077	0.0018	0.0038	0.0170	0.0061	0.0134	0.0110	0.0092	0.0006	0.0097	0.0044	0.0080	0.0156	0.0198	0.0083	0.0068	0.0111	0.0018	0.0157	
0.0179	0.0140	0.0140	0.0167	0.0025	0.0163	0.0106	0.0117	0.0087	0.0054	0.0194	0.0161	0.0188	0.0103	0.0075	0.0169	0.0037	0.0006	0.0093	0.0133	0.0080	0.0003	0.0057	0.0136	0.0058	0.0133	0.0176	0.0136	0.0068	0.0035	0.0137	0.0074	0.0105	0.0045	0.0031	0.0105	0.0142	0.0083	0.0018	0.0005	0.0165	0.0032	0.0001	0.0058	0.0014	0.0106	0.0122	0.0198	0.0121	0.0197	0.0062	0.0059	0.0031	0.0100	0.0097	0.0169	0.0061	0.0087	0.0104	0.0140	0.0278	0.0016	0.0198	0.0059	0.0145	0.0135	0.0033	0.0106	0.0096	0.0195	0.0083	0.0146	0.0195	0.0074	0.0219	0.0032	0.0003	0.0129	0.0070	0.0157	0.0205	0.0036	0.0005	0.0102	0.0163	0.0049	0.0032	0.0038	0.0185	0.0059	0.0030	0.0077	0.0014	0.0090	0.0022	0.0220	0.0031	0.0122	0.0136	0.0126	
0.0059	0.0004	0.0063	0.0156	0.0140	0.0095	0.0065	0.0176	0.0107	0.0045	0.0180	0.0077	0.0214	0.0132	0.0131	0.0132	0.0008	0.0080	0.0079	0.0050	0.0120	0.0012	0.0176	0.0031	0.0147	0.0002	0.0115	0.0104	0.0053	0.0040	0.0008	0.0076	0.0042	0.0189	0.0074	0.0206	0.0194	0.0063	0.0195	0.0076	0.0171	0.0065	0.0110	0.0114	0.0103	0.0125	0.0063	0.0075	0.0160	0.0069	0.0116	0.0131	0.0057	0.0079	0.0164	0.0045	0.0051	0.0043	0.0216	0.0124	0.0204	0.0180	0.0101	0.0070	0.0041	0.0090	0.0028	0.0194	0.0067	0.0143	0.0191	0.0130	0.0095	0.0171	0.0082	0.0031	0.0107	0.0026	0.0109	0.0017	0.0134	0.0053	0.0131	0.0162	0.0100	0.0057	0.0005	0.0171	0.0017	0.0029	0.0136	0.0154	0.0087	0.0067	0.0129	0.0233	0.0144	0.0046	0.0069	0.0003	
0.0098	0.0075	0.0010	0.0021	0.0108	0.0230	0.0022	0.0066	0.0376	0.0130	0.0233	0.0026	0.0137	0.0207	0.0173	0.0079	0.0082	0.0212	0.0178	0.0069	0.0126	0.0024	0.0234	0.0042	0.0015	0.0032	0.0042	0.0026	0.0092	0.0179	0.0088	0.0066	0.0177	0.0089	0.0072	0.0075	0.0077	0.0144	0.0185	0.0086	0.0026	0.0095	0.0139	0.0112	0.0092	0.0062	0.0011	0.0124	0.0074	0.0002	0.0045	0.0055	0.0089	0.0143	0.0080	0.0047	0.0099	0.0195	0.0190	0.0065	0.0116	0.0137	0.0016	0.0168	0.0059	0.0073	0.0074	0.0275	0.0046	0.0127	0.0058	0.0096	0.0024	0.0021	0.0138	0.0080	0.0073	0.0104	0.0114	0.0158	0.0010	0.0124	0.0164	0.0059	0.0197	0.0026	0.0152	0.0042	0.0012	0.0069	0.0154	0.0055	0.0191	0.0016	0.0247	0.0035	0.0106	0.0079	0.0011	0.0144	
0.0026	0.0050	0.0062	0.0157	0.0172	0.0180	0.0003	0.0055	0.0175	0.0130	0.0158	0.0176	0.0019	0.0070	0.0049	0.0184	0.0060	0.0143	0.0105	0.0018	0.0148	0.0015	0.0169	0.0224	0.0169	0.0180	0.0041	0.0012	0.0041	0.0104	0.0054	0.0007	0.0083	0.0163	0.0085	0.0157	0.0097	0.0189	0.0123	0.0030	0.0036	0.0083	0.0077	0.0065	0.0126	0.0147	0.0058	0.0057	0.0170	0.0010	0.0160	0.0150	0.0151	0.0235	0.0017	0.0010	0.0061	0.0087	0.0218	0.0145	0.0118	0.0181	0.0021	0.0082	0.0081	0.0135	0.0113	0.0032	0.0164	0.0083	0.0091	0.0058	0.0026	0.0081	0.0196	0.0054	0.0120	0.0092	0.0059	0.0019	0.0113	0.0184	0.0052	0.0036	0.0104	0.0080	0.0039	0.0087	0.0189	0.0093	0.0118	0.0010	0.0002	0.0150	0.0119	0.0052	0.0077	0.0192	0.0201	0.0146	
0.0045	0.0030	0.0093	0.0095	0.0124	0.0123	0.0120	0.0107	0.0009	0.0154	0.0065	0.0146	0.0005	0.0139	0.0033	0.0119	0.0129	0.0160	0.0188	0.0208	0.0127	0.0018	0.0069	0.0099	0.0159	0.0102	0.0060	0.0071	0.0147	0.0116	0.0173	0.0153	0.0091	0.0102	0.0170	0.0098	0.0108	0.0160	0.0103	0.0159	0.0173	0.0144	0.0077	0.0020	0.0021	0.0133	0.0008	0.0038	0.0135	0.0201	0.0115	0.0075	0.0161	0.0181	0.0061	0.0026	0.0141	0.0015	0.0153	0.0021	0.0074	0.0080	0.0123	0.0068	0.0171	0.0119	0.0040	0.0097	0.0204	0.0147	0.0022	0.0154	0.0070	0.0017	0.0047	0.0151	0.0146	0.0026	0.0042	0.0029	0.0099	0.0026	0.0141	0.0168	0.0025	0.0091	0.0190	0.0134	0.0038	0.0151	0.0133	0.0103	0.0046	0.0111	0.0126	0.0110	0.0008	0.0003	0.0067	0.0129	
0.0064	0.0091	0.0034	0.0153	0.0156	0.0099	0.0005	0.0145	0.0117	0.0074	0.0072	0.0097	0.0133	0.0073	0.0111	0.0026	0.0140	0.0093	0.0047	0.0028	0.0125	0.0085	0.0065	0.0040	0.0018	0.0113	0.0102	0.0158	0.0082	0.0127	0.0135	0.0137	0.0128	0.0119	0.0120	0.0143	0.0186	0.0111	0.0159	0.0082	0.0102	0.0153	0.0143	0.0106	0.0068	0.0148	0.0086	0.0127	0.0128	0.0078	0.0101	0.0036	0.0110	0.0016	0.0128	0.0125	0.0019	0.0179	0.0154	0.0036	0.0161	0.0026	0.0046	0.0136	0.0114	0.0113	0.0115	0.0018	0.0153	0.0116	0.0039	0.0152	0.0129	0.0150	0.0105	0.0138	0.0145	0.0091	0.0128	0.0034	0.0003	0.0135	0.0002	0.0018	0.0025	0.0083	0.0156	0.0122	0.0189	0.0167	0.0130	0.0182	0.0161	0.0119	0.0088	0.0073	0.0088	0.0001	0.0019	0.0092	
0.0039	0.0110	0.0030	0.0019	0.0038	0.0144	0.0085	0.0006	0.0088	0.0204	0.0026	0.0114	0.0023	0.0130	0.0048	0.0026	0.0034	0.0046	0.0153	0.0013	0.0215	0.0212	0.0045	0.0211	0.0236	0.0073	0.0002	0.0020	0.0039	0.0071	0.0072	0.0165	0.0107	0.0073	0.0203	0.0134	0.0178	0.0204	0.0216	0.0098	0.0039	0.0202	0.0083	0.0016	0.0167	0.0051	0.0214	0.0073	0.0141	0.0095	0.0035	0.0062	0.0058	0.0010	0.0155	0.0041	0.0065	0.0068	0.0024	0.0226	0.0151	0.0066	0.0181	0.0016	0.0121	0.0094	0.0004	0.0173	0.0143	0.0152	0.0099	0.0055	0.0064	0.0066	0.0208	0.0174	0.0141	0.0018	0.0010	0.0153	0.0109	0.0140	0.0116	0.0142	0.0041	0.0017	0.0103	0.0113	0.0145	0.0198	0.0040	0.0088	0.0180	0.0013	0.0189	0.0221	0.0011	0.0071	0.0114	0.0088	
0.0045	0.0012	0.0134	0.0201	0.0004	0.0156	0.0139	0.0227	0.0029	0.0148	0.0143	0.0048	0.0060	0.0060	0.0093	0.0003	0.0135	0.0011	0.0196	0.0069	0.0254	0.0075	0.0045	0.0192	0.0098	0.0001	0.0066	0.0057	0.0096	0.0008	0.0172	0.0071	0.0092	0.0130	0.0095	0.0098	0.0217	0.0143	0.0167	0.0040	0.0018	0.0088	0.0054	0.0192	0.0040	0.0152	0.0026	0.0103	0.0116	0.0128	0.0016	0.0201	0.0074	0.0026	0.0068	0.0127	0.0152	0.0185	0.0074	0.0003	0.0130	0.0138	0.0094	0.0024	0.0188	0.0054	0.0101	0.0120	0.0159	0.0016	0.0011	0.0007	0.0055	0.0103	0.0066	0.0071	0.0057	0.0046	0.0106	0.0126	0.0182	0.0154	0.0132	0.0126	0.0165	0.0140	0.0201	0.0084	0.0048	0.0157	0.0107	0.0020	0.0084	0.0137	0.0180	0.0098	0.0163	0.0035	0.0004	0.0235	
0.0039	0.0090	0.0184	0.0123	0.0140	0.0013	0.0098	0.0129	0.0258	0.0189	0.0121	0.0110	0.0066	0.0152	0.0026	0.0096	0.0018	0.0236	0.0034	0.0089	0.0117	0.0028	0.0091	0.0244	0.0067	0.0164	0.0097	0.0122	0.0256	0.0303	0.0104	0.0013	0.0055	0.0111	0.0056	0.0081	0.0071	0.0037	0.0045	0.0117	0.0037	0.0024	0.0089	0.0117	0.0093	0.0123	0.0090	0.0149	0.0103	0.0020	0.0024	0.0104	0.0007	0.0027	0.0070	0.0224	0.0042	0.0137	0.0215	0.0163	0.0085	0.0013	0.0227	0.0275	0.0073	0.0056	0.0067	0.0141	0.0051	0.0164	0.0067	0.0106	0.0071	0.0033	0.0130	0.0027	0.0130	0.0157	0.0078	0.0144	0.0030	0.0165	0.0210	0.0145	0.0142	0.0024	0.0004	0.0028	0.0026	0.0106	0.0012	0.0103	0.0065	0.0075	0.0114	0.0031	0.0047	0.0137	0.0182	0.0012	
0.0104	0.0043	0.0094	0.0141	0.0129	0.0060	0.0150	0.0133	0.0094	0.0061	0.0031	0.0050	0.0017	0.0037	0.0110	0.0096	0.0015	0.0019	0.0027	0.0030	0.0079	0.0027	0.0091	0.0155	0.0145	0.0143	0.0137	0.0022	0.0152	0.0103	0.0157	0.0194	0.0185	0.0090	0.0024	0.0201	0.0114	0.0055	0.0206	0.0064	0.0073	0.0047	0.0132	0.0168	0.0077	0.0139	0.0102	0.0004	0.0193	0.0173	0.0008	0.0039	0.0108	0.0153	0.0119	0.0076	0.0139	0.0115	0.0206	0.0020	0.0095	0.0100	0.0187	0.0193	0.0062	0.0028	0.0057	0.0116	0.0009	0.0125	0.0185	0.0150	0.0027	0.0158	0.0143	0.0015	0.0084	0.0090	0.0067	0.0164	0.0043	0.0131	0.0047	0.0125	0.0099	0.0143	0.0084	0.0030	0.0148	0.0166	0.0000	0.0149	0.0061	0.0197	0.0157	0.0136	0.0043	0.0166	0.0100	0.0043	
0.0089	0.0201	0.0262	0.0026	0.0203	0.0059	0.0004	0.0132	0.0009	0.0135	0.0249	0.0074	0.0059	0.0252	0.0175	0.0173	0.0113	0.0034	0.0121	0.0062	0.0163	0.0018	0.0201	0.0082	0.0100	0.0024	0.0088	0.0062	0.0013	0.0030	0.0191	0.0199	0.0183	0.0022	0.0091	0.0062	0.0224	0.0040	0.0256	0.0040	0.0166	0.0121	0.0022	0.0037	0.0223	0.0105	0.0073	0.0079	0.0174	0.0194	0.0035	0.0028	0.0049	0.0013	0.0102	0.0078	0.0015	0.0150	0.0101	0.0168	0.0138	0.0100	0.0131	0.0243	0.0170	0.0052	0.0117	0.0039	0.0116	0.0117	0.0029	0.0036	0.0052	0.0063	0.0153	0.0016	0.0006	0.0138	0.0095	0.0025	0.0111	0.0018	0.0076	0.0035	0.0187	0.0122	0.0087	0.0144	0.0132	0.0038	0.0040	0.0015	0.0203	0.0001	0.0099	0.0009	0.0196	0.0037	0.0085	0.0073	
0.0022	0.0080	0.0221	0.0084	0.0144	0.0008	0.0146	0.0214	0.0055	0.0095	0.0073	0.0078	0.0019	0.0060	0.0064	0.0128	0.0069	0.0095	0.0020	0.0011	0.0222	0.0119	0.0149	0.0076	0.0078	0.0017	0.0092	0.0063	0.0151	0.0140	0.0035	0.0182	0.0054	0.0029	0.0180	0.0027	0.0030	0.0200	0.0094	0.0150	0.0209	0.0087	0.0110	0.0031	0.0165	0.0146	0.0223	0.0088	0.0164	0.0167	0.0122	0.0074	0.0016	0.0063	0.0101	0.0091	0.0140	0.0134	0.0252	0.0159	0.0114	0.0094	0.0033	0.0115	0.0053	0.0104	0.0020	0.0192	0.0074	0.0040	0.0125	0.0079	0.0022	0.0067	0.0029	0.0080	0.0022	0.0069	0.0085	0.0113	0.0022	0.0010	0.0118	0.0002	0.0017	0.0149	0.0168	0.0216	0.0134	0.0124	0.0058	0.0093	0.0198	0.0185	0.0052	0.0108	0.0044	0.0208	0.0175	0.0074	
0.0122	0.0005	0.0024	0.0125	0.0052	0.0055	0.0034	0.0121	0.0093	0.0004	0.0118	0.0084	0.0045	0.0114	0.0123	0.0072	0.0241	0.0056	0.0121	0.0028	0.0192	0.0011	0.0089	0.0188	0.0127	0.0016	0.0064	0.0045	0.0028	0.0295	0.0065	0.0041	0.0132	0.0020	0.0126	0.0018	0.0347	0.0030	0.0397	0.0135	0.0091	0.0150	0.0133	0.0173	0.0053	0.0111	0.0019	0.0122	0.0036	0.0115	0.0039	0.0025	0.0104	0.0148	0.0091	0.0114	0.0150	0.0064	0.0099	0.0036	0.0115	0.0114	0.0170	0.0190	0.0154	0.0033	0.0224	0.0024	0.0088	0.0101	0.0101	0.0106	0.0058	0.0092	0.0171	0.0077	0.0065	0.0204	0.0102	0.0024	0.0149	0.0157	0.0026	0.0069	0.0051	0.0026	0.0105	0.0155	0.0099	0.0091	0.0072	0.0089	0.0194	0.0086	0.0023	0.0113	0.0064	0.0067	0.0128	0.0150	
0.0187	0.0037	0.0033	0.0186	0.0043	0.0154	0.0090	0.0197	0.0213	0.0158	0.0046	0.0193	0.0162	0.0111	0.0076	0.0151	0.0203	0.0067	0.0071	0.0073	0.0163	0.0102	0.0140	0.0018	0.0021	0.0202	0.0039	0.0194	0.0119	0.0016	0.0119	0.0010	0.0182	0.0140	0.0027	0.0173	0.0191	0.0090	0.0072	0.0080	0.0096	0.0139	0.0040	0.0197	0.0055	0.0069	0.0002	0.0013	0.0034	0.0031	0.0142	0.0001	0.0015	0.0056	0.0054	0.0006	0.0133	0.0020	0.0128	0.0063	0.0118	0.0146	0.0076	0.0199	0.0080	0.0024	0.0007	0.0250	0.0079	0.0144	0.0064	0.0063	0.0011	0.0128	0.0018	0.0139	0.0169	0.0148	0.0147	0.0211	0.0176	0.0034	0.0169	0.0071	0.0026	0.0075	0.0195	0.0124	0.0077	0.0020	0.0005	0.0130	0.0233	0.0155	0.0005	0.0183	0.0075	0.0091	0.0073	0.0016	
0.0072	0.0008	0.0181	0.0116	0.0193	0.0119	0.0158	0.0061	0.0031	0.0082	0.0074	0.0142	0.0053	0.0169	0.0068	0.0055	0.0031	0.0230	0.0100	0.0129	0.0047	0.0050	0.0144	0.0067	0.0092	0.0122	0.0105	0.0030	0.0172	0.0081	0.0093	0.0031	0.0068	0.0137	0.0052	0.0174	0.0107	0.0026	0.0101	0.0099	0.0102	0.0122	0.0088	0.0231	0.0147	0.0031	0.0062	0.0194	0.0108	0.0130	0.0075	0.0084	0.0163	0.0114	0.0151	0.0002	0.0071	0.0096	0.0245	0.0048	0.0200	0.0128	0.0125	0.0161	0.0164	0.0033	0.0086	0.0084	0.0112	0.0109	0.0165	0.0004	0.0079	0.0162	0.0064	0.0083	0.0162	0.0078	0.0069	0.0077	0.0071	0.0116	0.0120	0.0000	0.0162	0.0025	0.0046	0.0162	0.0165	0.0066	0.0073	0.0009	0.0055	0.0055	0.0143	0.0170	0.0008	0.0137	0.0036	0.0102	
0.0145	0.0164	0.0099	0.0225	0.0196	0.0115	0.0140	0.0012	0.0052	0.0072	0.0041	0.0169	0.0229	0.0087	0.0174	0.0057	0.0041	0.0159	0.0191	0.0080	0.0002	0.0061	0.0152	0.0059	0.0037	0.0156	0.0137	0.0055	0.0065	0.0160	0.0091	0.0032	0.0086	0.0148	0.0111	0.0104	0.0066	0.0173	0.0020	0.0041	0.0052	0.0021	0.0121	0.0160	0.0036	0.0079	0.0015	0.0168	0.0078	0.0056	0.0055	0.0126	0.0149	0.0121	0.0088	0.0043	0.0073	0.0029	0.0173	0.0044	0.0149	0.0090	0.0206	0.0158	0.0172	0.0000	0.0091	0.0010	0.0126	0.0102	0.0013	0.0077	0.0078	0.0111	0.0066	0.0106	0.0171	0.0156	0.0011	0.0135	0.0147	0.0180	0.0173	0.0149	0.0021	0.0006	0.0099	0.0181	0.0055	0.0121	0.0198	0.0023	0.0005	0.0187	0.0133	0.0151	0.0050	0.0026	0.0142	0.0032	
0.0008	0.0011	0.0036	0.0186	0.0054	0.0003	0.0150	0.0012	0.0036	0.0156	0.0066	0.0102	0.0011	0.0194	0.0119	0.0150	0.0150	0.0126	0.0114	0.0140	0.0134	0.0097	0.0179	0.0036	0.0113	0.0228	0.0092	0.0153	0.0031	0.0110	0.0123	0.0191	0.0016	0.0223	0.0164	0.0136	0.0214	0.0020	0.0134	0.0016	0.0028	0.0077	0.0149	0.0124	0.0053	0.0076	0.0014	0.0018	0.0072	0.0205	0.0226	0.0084	0.0109	0.0004	0.0121	0.0096	0.0056	0.0005	0.0049	0.0080	0.0103	0.0057	0.0133	0.0111	0.0024	0.0127	0.0081	0.0032	0.0068	0.0183	0.0260	0.0115	0.0052	0.0110	0.0148	0.0056	0.0226	0.0014	0.0168	0.0050	0.0217	0.0075	0.0062	0.0065	0.0130	0.0033	0.0018	0.0014	0.0088	0.0051	0.0054	0.0182	0.0197	0.0065	0.0122	0.0236	0.0092	0.0035	0.0114	0.0150	
0.0165	0.0192	0.0141	0.0093	0.0184	0.0064	0.0020	0.0046	0.0078	0.0046	0.0169	0.0044	0.0024	0.0191	0.0094	0.0020	0.0006	0.0086	0.0183	0.0111	0.0113	0.0042	0.0192	0.0008	0.0125	0.0039	0.0100	0.0155	0.0155	0.0195	0.0158	0.0151	0.0103	0.0047	0.0040	0.0221	0.0123	0.0161	0.0160	0.0043	0.0004	0.0141	0.0121	0.0012	0.0096	0.0002	0.0090	0.0183	0.0140	0.0062	0.0096	0.0179	0.0055	0.0137	0.0016	0.0098	0.0015	0.0180	0.0140	0.0117	0.0137	0.0026	0.0079	0.0099	0.0085	0.0014	0.0103	0.0181	0.0118	0.0095	0.0117	0.0025	0.0130	0.0089	0.0174	0.0073	0.0120	0.0136	0.0086	0.0146	0.0083	0.0122	0.0040	0.0072	0.0026	0.0120	0.0058	0.0168	0.0038	0.0121	0.0188	0.0120	0.0032	0.0001	0.0136	0.0173	0.0083	0.0051	0.0087	0.0078	
0.0060	0.0195	0.0039	0.0054	0.0173	0.0120	0.0027	0.0132	0.0138	0.0084	0.0191	0.0059	0.0060	0.0012	0.0020	0.0175	0.0194	0.0169	0.0054	0.0116	0.0160	0.0141	0.0122	0.0006	0.0124	0.0180	0.0002	0.0160	0.0000	0.0003	0.0034	0.0076	0.0029	0.0027	0.0062	0.0122	0.0125	0.0180	0.0131	0.0105	0.0129	0.0114	0.0037	0.0143	0.0158	0.0104	0.0085	0.0016	0.0187	0.0134	0.0157	0.0104	0.0181	0.0213	0.0120	0.0110	0.0052	0.0035	0.0145	0.0172	0.0120	0.0055	0.0138	0.0133	0.0048	0.0102	0.0032	0.0024	0.0138	0.0094	0.0056	0.0005	0.0047	0.0142	0.0178	0.0031	0.0106	0.0145	0.0041	0.0016	0.0091	0.0176	0.0185	0.0060	0.0018	0.0113	0.0087	0.0031	0.0109	0.0160	0.0069	0.0084	0.0057	0.0154	0.0197	0.0083	0.0172	0.0095	0.0104	0.0048	
0.0078	0.0065	0.0078	0.0093	0.0083	0.0166	0.0060	0.0061	0.0014	0.0096	0.0200	0.0097	0.0182	0.0110	0.0091	0.0136	0.0070	0.0062	0.0131	0.0144	0.0031	0.0002	0.0140	0.0224	0.0037	0.0217	0.0155	0.0099	0.0134	0.0091	0.0055	0.0021	0.0054	0.0220	0.0153	0.0038	0.0130	0.0102	0.0168	0.0044	0.0084	0.0028	0.0018	0.0019	0.0179	0.0177	0.0128	0.0150	0.0095	0.0078	0.0007	0.0092	0.0162	0.0174	0.0028	0.0071	0.0129	0.0097	0.0063	0.0123	0.0031	0.0180	0.0091	0.0102	0.0035	0.0203	0.0037	0.0192	0.0212	0.0049	0.0021	0.0189	0.0116	0.0112	0.0066	0.0004	0.0225	0.0089	0.0015	0.0064	0.0088	0.0002	0.0012	0.0076	0.0105	0.0166	0.0055	0.0090	0.0211	0.0080	0.0100	0.0021	0.0054	0.0082	0.0010	0.0123	0.0125	0.0115	0.0196	0.0225	
0.0118	0.0110	0.0169	0.0026	0.0034	0.0034	0.0226	0.0070	0.0112	0.0020	0.0086	0.0046	0.0059	0.0187	0.0034	0.0029	0.0122	0.0010	0.0008	0.0089	0.0104	0.0230	0.0022	0.0100	0.0212	0.0209	0.0117	0.0026	0.0063	0.0157	0.0068	0.0073	0.0110	0.0023	0.0111	0.0165	0.0028	0.0157	0.0037	0.0074	0.0189	0.0162	0.0176	0.0098	0.0168	0.0040	0.0188	0.0057	0.0047	0.0187	0.0139	0.0096	0.0092	0.0111	0.0073	0.0127	0.0073	0.0060	0.0065	0.0046	0.0084	0.0133	0.0002	0.0127	0.0127	0.0012	0.0145	0.0052	0.0055	0.0060	0.0002	0.0218	0.0191	0.0193	0.0102	0.0136	0.0005	0.0093	0.0145	0.0103	0.0056	0.0043	0.0003	0.0083	0.0042	0.0211	0.0153	0.0197	0.0188	0.0204	0.0083	0.0115	0.0086	0.0223	0.0128	0.0017	0.0167	0.0006	0.0007	0.0130	
0.0090	0.0096	0.0013	0.0173	0.0194	0.0153	0.0126	0.0139	0.0019	0.0108	0.0164	0.0005	0.0151	0.0153	0.0173	0.0082	0.0154	0.0086	0.0108	0.0152	0.0029	0.0140	0.0105	0.0100	0.0171	0.0047	0.0065	0.0169	0.0018	0.0079	0.0165	0.0001	0.0060	0.0143	0.0018	0.0164	0.0034	0.0029	0.0115	0.0080	0.0035	0.0035	0.0159	0.0039	0.0008	0.0076	0.0016	0.0159	0.0001	0.0047	0.0061	0.0057	0.0074	0.0043	0.0142	0.0138	0.0151	0.0143	0.0238	0.0125	0.0083	0.0135	0.0118	0.0123	0.0119	0.0154	0.0130	0.0171	0.0134	0.0015	0.0051	0.0105	0.0165	0.0038	0.0133	0.0156	0.0182	0.0044	0.0064	0.0087	0.0030	0.0102	0.0179	0.0169	0.0007	0.0103	0.0133	0.0027	0.0031	0.0087	0.0200	0.0100	0.0036	0.0190	0.0201	0.0092	0.0105	0.0022	0.0124	0.0041	
0.0119	0.0031	0.0037	0.0229	0.0185	0.0173	0.0054	0.0039	0.0196	0.0149	0.0237	0.0115	0.0059	0.0120	0.0083	0.0124	0.0189	0.0265	0.0126	0.0000	0.0070	0.0031	0.0228	0.0054	0.0017	0.0127	0.0055	0.0169	0.0054	0.0082	0.0069	0.0214	0.0135	0.0017	0.0086	0.0265	0.0117	0.0256	0.0354	0.0030	0.0025	0.0051	0.0089	0.0119	0.0149	0.0032	0.0021	0.0123	0.0091	0.0016	0.0031	0.0228	0.0080	0.0155	0.0002	0.0036	0.0071	0.0200	0.0175	0.0046	0.0061	0.0051	0.0017	0.0088	0.0058	0.0117	0.0003	0.0027	0.0119	0.0089	0.0081	0.0096	0.0096	0.0053	0.0144	0.0070	0.0156	0.0056	0.0066	0.0156	0.0092	0.0123	0.0085	0.0009	0.0152	0.0065	0.0101	0.0009	0.0019	0.0128	0.0092	0.0074	0.0068	0.0111	0.0209	0.0119	0.0038	0.0070	0.0016	0.0116	
0.0047	0.0041	0.0145	0.0167	0.0160	0.0123	0.0191	0.0002	0.0121	0.0018	0.0042	0.0027	0.0076	0.0157	0.0132	0.0130	0.0002	0.0165	0.0092	0.0166	0.0075	0.0223	0.0175	0.0023	0.0014	0.0181	0.0126	0.0041	0.0099	0.0017	0.0108	0.0093	0.0040	0.0113	0.0112	0.0054	0.0130	0.0092	0.0058	0.0198	0.0117	0.0079	0.0052	0.0004	0.0060	0.0071	0.0044	0.0065	0.0202	0.0034	0.0141	0.0038	0.0152	0.0090	0.0087	0.0053	0.0036	0.0177	0.0173	0.0133	0.0014	0.0140	0.0092	0.0102	0.0078	0.0129	0.0164	0.0114	0.0040	0.0082	0.0141	0.0105	0.0124	0.0106	0.0175	0.0178	0.0113	0.0177	0.0144	0.0114	0.0124	0.0058	0.0057	0.0078	0.0073	0.0076	0.0180	0.0161	0.0052	0.0058	0.0025	0.0000	0.0115	0.0110	0.0171	0.0014	0.0179	0.0119	0.0105	0.0130	
0.0094	0.0115	0.0018	0.0125	0.0088	0.0056	0.0127	0.0045	0.0116	0.0101	0.0171	0.0057	0.0010	0.0032	0.0002	0.0155	0.0072	0.0021	0.0066	0.0013	0.0249	0.0024	0.0109	0.0231	0.0064	0.0207	0.0155	0.0242	0.0163	0.0223	0.0005	0.0030	0.0082	0.0004	0.0057	0.0059	0.0062	0.0212	0.0005	0.0028	0.0140	0.0135	0.0065	0.0227	0.0161	0.0167	0.0200	0.0130	0.0153	0.0032	0.0121	0.0233	0.0060	0.0124	0.0172	0.0064	0.0034	0.0041	0.0044	0.0128	0.0122	0.0133	0.0144	0.0158	0.0095	0.0102	0.0179	0.0004	0.0168	0.0180	0.0119	0.0096	0.0012	0.0026	0.0074	0.0032	0.0182	0.0099	0.0029	0.0096	0.0219	0.0047	0.0078	0.0103	0.0029	0.0023	0.0234	0.0205	0.0019	0.0010	0.0009	0.0018	0.0169	0.0122	0.0180	0.0019	0.0017	0.0166	0.0090	0.0066	
0.0167	0.0166	0.0171	0.0150	0.0112	0.0049	0.0142	0.0021	0.0032	0.0157	0.0085	0.0111	0.0003	0.0140	0.0104	0.0052	0.0062	0.0005	0.0091	0.0047	0.0123	0.0001	0.0199	0.0186	0.0116	0.0078	0.0158	0.0117	0.0095	0.0048	0.0020	0.0023	0.0014	0.0177	0.0090	0.0178	0.0123	0.0105	0.0158	0.0167	0.0069	0.0144	0.0130	0.0070	0.0140	0.0072	0.0011	0.0168	0.0188	0.0093	0.0124	0.0012	0.0039	0.0028	0.0124	0.0188	0.0004	0.0164	0.0014	0.0048	0.0071	0.0044	0.0097	0.0170	0.0124	0.0061	0.0112	0.0027	0.0052	0.0113	0.0141	0.0127	0.0036	0.0139	0.0175	0.0167	0.0064	0.0087	0.0031	0.0071	0.0080	0.0162	0.0106	0.0009	0.0101	0.0010	0.0184	0.0168	0.0043	0.0128	0.0163	0.0132	0.0090	0.0135	0.0087	0.0235	0.0015	0.0146	0.0171	0.0049	
0.0137	0.0190	0.0149	0.0056	0.0154	0.0184	0.0126	0.0116	0.0028	0.0141	0.0125	0.0077	0.0143	0.0127	0.0148	0.0103	0.0155	0.0085	0.0084	0.0081	0.0083	0.0090	0.0194	0.0154	0.0114	0.0013	0.0051	0.0122	0.0022	0.0002	0.0142	0.0107	0.0118	0.0157	0.0095	0.0078	0.0015	0.0049	0.0060	0.0087	0.0040	0.0041	0.0131	0.0070	0.0181	0.0073	0.0150	0.0150	0.0123	0.0179	0.0039	0.0082	0.0054	0.0045	0.0159	0.0035	0.0140	0.0020	0.0135	0.0114	0.0137	0.0037	0.0080	0.0026	0.0186	0.0027	0.0118	0.0142	0.0028	0.0074	0.0095	0.0071	0.0042	0.0183	0.0061	0.0035	0.0173	0.0077	0.0121	0.0058	0.0024	0.0087	0.0179	0.0041	0.0133	0.0046	0.0031	0.0091	0.0011	0.0071	0.0098	0.0204	0.0134	0.0124	0.0154	0.0235	0.0127	0.0099	0.0091	0.0123	
0.0156	0.0027	0.0166	0.0066	0.0093	0.0177	0.0051	0.0099	0.0178	0.0143	0.0072	0.0086	0.0067	0.0055	0.0102	0.0037	0.0065	0.0067	0.0081	0.0150	0.0004	0.0042	0.0191	0.0193	0.0187	0.0117	0.0161	0.0136	0.0019	0.0079	0.0100	0.0058	0.0018	0.0026	0.0121	0.0000	0.0188	0.0144	0.0173	0.0195	0.0017	0.0157	0.0132	0.0101	0.0010	0.0018	0.0171	0.0095	0.0048	0.0137	0.0131	0.0093	0.0040	0.0175	0.0139	0.0119	0.0072	0.0201	0.0098	0.0215	0.0011	0.0143	0.0081	0.0112	0.0023	0.0006	0.0067	0.0033	0.0145	0.0109	0.0076	0.0137	0.0100	0.0089	0.0126	0.0061	0.0122	0.0056	0.0139	0.0158	0.0209	0.0067	0.0074	0.0091	0.0158	0.0023	0.0023	0.0068	0.0091	0.0021	0.0141	0.0211	0.0056	0.0228	0.0216	0.0097	0.0067	0.0025	0.0074	0.0005	
0.0148	0.0110	0.0131	0.0143	0.0075	0.0158	0.0170	0.0163	0.0039	0.0075	0.0212	0.0012	0.0040	0.0099	0.0009	0.0146	0.0064	0.0155	0.0157	0.0213	0.0210	0.0007	0.0167	0.0104	0.0209	0.0090	0.0086	0.0131	0.0095	0.0035	0.0176	0.0088	0.0195	0.0135	0.0016	0.0066	0.0113	0.0120	0.0016	0.0145	0.0036	0.0069	0.0016	0.0013	0.0030	0.0116	0.0167	0.0139	0.0198	0.0037	0.0008	0.0077	0.0066	0.0068	0.0015	0.0130	0.0149	0.0033	0.0171	0.0201	0.0115	0.0071	0.0050	0.0003	0.0086	0.0103	0.0012	0.0095	0.0088	0.0143	0.0028	0.0163	0.0170	0.0006	0.0142	0.0113	0.0212	0.0131	0.0089	0.0059	0.0128	0.0139	0.0120	0.0055	0.0029	0.0111	0.0031	0.0143	0.0120	0.0068	0.0105	0.0098	0.0154	0.0031	0.0055	0.0179	0.0013	0.0014	0.0121	0.0145	
0.0098	0.0054	0.0050	0.0033	0.0015	0.0067	0.0094	0.0064	0.0083	0.0083	0.0140	0.0027	0.0167	0.0081	0.0050	0.0142	0.0142	0.0146	0.0171	0.0171	0.0071	0.0070	0.0187	0.0025	0.0050	0.0156	0.0145	0.0141	0.0130	0.0159	0.0098	0.0172	0.0156	0.0145	0.0158	0.0079	0.0084	0.0090	0.0042	0.0143	0.0197	0.0167	0.0017	0.0026	0.0102	0.0059	0.0151	0.0083	0.0168	0.0094	0.0023	0.0023	0.0033	0.0159	0.0066	0.0016	0.0060	0.0040	0.0220	0.0070	0.0133	0.0196	0.0096	0.0096	0.0187	0.0174	0.0025	0.0175	0.0131	0.0172	0.0081	0.0039	0.0127	0.0013	0.0190	0.0082	0.0064	0.0098	0.0083	0.0177	0.0000	0.0078	0.0177	0.0059	0.0144	0.0060	0.0154	0.0041	0.0092	0.0132	0.0011	0.0055	0.0118	0.0164	0.0054	0.0025	0.0065	0.0085	0.0043	0.0155	
0.0030	0.0174	0.0135	0.0002	0.0028	0.0169	0.0076	0.0028	0.0216	0.0157	0.0205	0.0117	0.0165	0.0206	0.0069	0.0014	0.0013	0.0047	0.0154	0.0070	0.0057	0.0117	0.0132	0.0203	0.0157	0.0025	0.0104	0.0139	0.0173	0.0194	0.0027	0.0205	0.0109	0.0133	0.0121	0.0060	0.0187	0.0168	0.0047	0.0160	0.0139	0.0096	0.0056	0.0128	0.0211	0.0072	0.0086	0.0134	0.0115	0.0028	0.0004	0.0026	0.0149	0.0169	0.0077	0.0037	0.0042	0.0185	0.0043	0.0206	0.0056	0.0120	0.0075	0.0022	0.0138	0.0156	0.0014	0.0190	0.0033	0.0019	0.0061	0.0044	0.0007	0.0125	0.0121	0.0086	0.0126	0.0174	0.0160	0.0081	0.0094	0.0177	0.0040	0.0114	0.0154	0.0002	0.0017	0.0168	0.0078	0.0114	0.0002	0.0002	0.0144	0.0031	0.0169	0.0041	0.0037	0.0044	0.0157	0.0012	
0.0067	0.0144	0.0080	0.0096	0.0189	0.0129	0.0013	0.0212	0.0011	0.0135	0.0100	0.0058	0.0172	0.0123	0.0082	0.0046	0.0087	0.0105	0.0059	0.0125	0.0184	0.0036	0.0089	0.0133	0.0016	0.0066	0.0105	0.0182	0.0007	0.0064	0.0080	0.0080	0.0146	0.0157	0.0003	0.0152	0.0097	0.0128	0.0126	0.0157	0.0169	0.0016	0.0133	0.0121	0.0009	0.0112	0.0044	0.0162	0.0142	0.0079	0.0122	0.0086	0.0142	0.0045	0.0038	0.0025	0.0058	0.0169	0.0090	0.0113	0.0037	0.0042	0.0175	0.0107	0.0047	0.0015	0.0054	0.0155	0.0139	0.0133	0.0155	0.0135	0.0155	0.0060	0.0140	0.0113	0.0088	0.0093	0.0084	0.0070	0.0020	0.0131	0.0027	0.0099	0.0123	0.0143	0.0129	0.0143	0.0122	0.0155	0.0074	0.0143	0.0062	0.0046	0.0169	0.0174	0.0021	0.0020	0.0076	0.0212	
0.0050	0.0063	0.0004	0.0215	0.0153	0.0136	0.0104	0.0120	0.0092	0.0095	0.0146	0.0131	0.0061	0.0187	0.0099	0.0069	0.0014	0.0046	0.0195	0.0050	0.0108	0.0133	0.0058	0.0182	0.0093	0.0014	0.0085	0.0156	0.0091	0.0005	0.0119	0.0074	0.0056	0.0115	0.0035	0.0176	0.0170	0.0029	0.0165	0.0177	0.0082	0.0012	0.0042	0.0037	0.0046	0.0140	0.0079	0.0075	0.0178	0.0102	0.0138	0.0136	0.0041	0.0033	0.0094	0.0098	0.0011	0.0026	0.0133	0.0143	0.0091	0.0182	0.0168	0.0085	0.0189	0.0071	0.0059	0.0145	0.0184	0.0123	0.0128	0.0220	0.0095	0.0008	0.0167	0.0081	0.0121	0.0003	0.0139	0.0144	0.0140	0.0008	0.0163	0.0012	0.0074	0.0166	0.0028	0.0028	0.0019	0.0127	0.0162	0.0160	0.0107	0.0044	0.0097	0.0103	0.0014	0.0148	0.0073	0.0203	
0.0068	0.0123	0.0171	0.0033	0.0167	0.0169	0.0061	0.0035	0.0066	0.0007	0.0028	0.0011	0.0084	0.0202	0.0214	0.0086	0.0023	0.0162	0.0016	0.0203	0.0047	0.0051	0.0168	0.0059	0.0182	0.0206	0.0070	0.0059	0.0123	0.0103	0.0076	0.0179	0.0123	0.0197	0.0075	0.0019	0.0114	0.0159	0.0042	0.0148	0.0153	0.0218	0.0182	0.0011	0.0112	0.0139	0.0055	0.0140	0.0058	0.0018	0.0061	0.0044	0.0125	0.0086	0.0149	0.0020	0.0171	0.0084	0.0059	0.0001	0.0078	0.0006	0.0107	0.0181	0.0157	0.0090	0.0096	0.0130	0.0146	0.0188	0.0229	0.0079	0.0151	0.0113	0.0097	0.0047	0.0099	0.0119	0.0153	0.0055	0.0171	0.0136	0.0006	0.0098	0.0043	0.0039	0.0015	0.0043	0.0040	0.0078	0.0029	0.0213	0.0105	0.0048	0.0055	0.0139	0.0081	0.0225	0.0090	0.0012	
0.0048	0.0129	0.0037	0.0075	0.0024	0.0201	0.0089	0.0045	0.0220	0.0089	0.0169	0.0059	0.0163	0.0198	0.0060	0.0151	0.0001	0.0019	0.0119	0.0075	0.0082	0.0035	0.0113	0.0061	0.0126	0.0186	0.0173	0.0109	0.0044	0.0225	0.0150	0.0083	0.0043	0.0116	0.0002	0.0007	0.0112	0.0158	0.0095	0.0049	0.0122	0.0155	0.0037	0.0165	0.0115	0.0145	0.0061	0.0110	0.0188	0.0077	0.0066	0.0070	0.0064	0.0223	0.0130	0.0234	0.0030	0.0206	0.0153	0.0029	0.0203	0.0156	0.0014	0.0018	0.0111	0.0051	0.0021	0.0204	0.0172	0.0060	0.0055	0.0050	0.0113	0.0062	0.0152	0.0072	0.0007	0.0119	0.0105	0.0162	0.0133	0.0077	0.0137	0.0150	0.0087	0.0084	0.0017	0.0058	0.0177	0.0003	0.0184	0.0111	0.0022	0.0055	0.0072	0.0164	0.0134	0.0026	0.0031	0.0055	
0.0142	0.0109	0.0112	0.0108	0.0037	0.0041	0.0146	0.0195	0.0037	0.0046	0.0221	0.0095	0.0048	0.0162	0.0117	0.0124	0.0056	0.0056	0.0140	0.0006	0.0039	0.0199	0.0205	0.0197	0.0121	0.0157	0.0049	0.0071	0.0010	0.0223	0.0158	0.0217	0.0133	0.0068	0.0046	0.0046	0.0210	0.0034	0.0122	0.0052	0.0204	0.0019	0.0031	0.0124	0.0013	0.0091	0.0081	0.0090	0.0186	0.0179	0.0111	0.0081	0.0096	0.0030	0.0029	0.0172	0.0087	0.0147	0.0015	0.0094	0.0182	0.0045	0.0181	0.0035	0.0101	0.0010	0.0200	0.0202	0.0100	0.0060	0.0133	0.0016	0.0177	0.0127	0.0023	0.0024	0.0143	0.0058	0.0201	0.0010	0.0064	0.0172	0.0134	0.0060	0.0108	0.0075	0.0101	0.0098	0.0057	0.0077	0.0183	0.0047	0.0022	0.0016	0.0049	0.0141	0.0038	0.0235	0.0056	0.0002	
0.0109	0.0074	0.0004	0.0120	0.0014	0.0077	0.0094	0.0225	0.0004	0.0001	0.0061	0.0042	0.0162	0.0004	0.0031	0.0032	0.0092	0.0126	0.0153	0.0029	0.0167	0.0057	0.0202	0.0025	0.0089	0.0117	0.0154	0.0170	0.0044	0.0079	0.0174	0.0163	0.0172	0.0175	0.0092	0.0261	0.0170	0.0034	0.0053	0.0143	0.0114	0.0103	0.0074	0.0052	0.0014	0.0096	0.0096	0.0016	0.0192	0.0005	0.0016	0.0117	0.0044	0.0017	0.0065	0.0021	0.0133	0.0175	0.0230	0.0159	0.0123	0.0173	0.0161	0.0144	0.0012	0.0100	0.0036	0.0179	0.0094	0.0054	0.0111	0.0074	0.0072	0.0113	0.0107	0.0007	0.0233	0.0072	0.0006	0.0172	0.0219	0.0145	0.0147	0.0029	0.0057	0.0068	0.0106	0.0191	0.0075	0.0076	0.0018	0.0182	0.0035	0.0124	0.0119	0.0179	0.0121	0.0156	0.0025	0.0150	

Emissions
0.0592	0.1748	0.1973	0.0783	0.0781	0.1470	0.0216	0.1305	0.1132	
0.1082	0.0354	0.1186	0.2647	0.0126	0.0904	0.1579	0.0683	0.1440	
0.0814	0.2670	0.0153	0.0815	0.0804	0.0413	0.0758	0.2665	0.0908	
0.1562	0.0868	0.3106	0.0257	0.0190	0.0593	0.1220	0.1502	0.0702	
0.1072	0.0460	0.3205	0.2450	0.0635	0.0029	0.1030	0.0238	0.0882	
0.1507	0.2183	0.0138	0.1832	0.0692	0.0436	0.0490	0.1602	0.1119	
0.0626	0.2132	0.0913	0.0186	0.0723	0.3344	0.1123	0.0603	0.0350	
0.1495	0.0320	0.3709	0.0018	0.0654	0.1535	0.1036	0.1072	0.0161	
0.2196	0.2331	0.0737	0.0020	0.0043	0.0219	0.1679	0.1046	0.1729	
0.0290	0.1870	0.1234	0.0317	0.0885	0.0847	0.1474	0.2143	0.0940	
0.0050	0.1860	0.1835	0.0901	0.0209	0.0091	0.1554	0.1497	0.2003	
0.0351	0.1740	0.1707	0.0112	0.0936	0.1647	0.1206	0.0783	0.1518	
0.0706	0.1406	0.2865	0.2082	0.0517	0.0029	0.0697	0.0689	0.1010	
0.1817	0.1159	0.0500	0.0815	0.0283	0.0605	0.2510	0.1167	0.1144	
0.0741	0.0678	0.1686	0.0164	0.0350	0.1732	0.1425	0.1562	0.1661	
0.0090	0.1674	0.0817	0.0817	0.1342	0.1531	0.1714	0.1209	0.0807	
0.2417	0.0468	0.1398	0.1448	0.0630	0.0018	0.2536	0.0453	0.0631	
0.2056	0.3819	0.2027	0.0238	0.0618	0.0435	0.0147	0.0180	0.0480	
0.1634	0.0445	0.1703	0.0928	0.0815	0.0265	0.1237	0.1219	0.1752	
0.0069	0.1112	0.1446	0.0006	0.1526	0.5265	0.0021	0.0319	0.0235	
0.0259	0.2017	0.2984	0.0335	0.0668	0.0206	0.0778	0.1703	0.1050	
0.0032	0.0906	0.0482	0.0000	0.1449	0.5924	0.0886	0.0088	0.0233	
0.0366	0.1292	0.2789	0.0460	0.0335	0.0020	0.1464	0.2183	0.1091	
0.1717	0.0707	0.1130	0.1547	0.0169	0.0344	0.0103	0.3514	0.0769	
0.0299	0.0329	0.2489	0.0063	0.0018	0.3530	0.2049	0.0493	0.0730	
0.0308	0.0306	0.2539	0.0616	0.0246	0.1286	0.1017	0.2181	0.1500	
0.0477	0.1621	0.1125	0.0334	0.1072	0.2275	0.1441	0.1112	0.0543	
0.0293	0.1108	0.3336	0.0017	0.2592	0.0172	0.2001	0.0402	0.0080	
0.1363	0.2581	0.1178	0.0897	0.0731	0.0154	0.1445	0.0843	0.0808	
0.1195	0.2819	0.0085	0.1495	0.0164	0.0167	0.0580	0.1348	0.2147	
0.1694	0.0998	0.0992	0.0773	0.0708	0.0912	0.1022	0.1019	0.1881	
0.1270	0.0435	0.0599	0.1300	0.0185	0.0011	0.1169	0.2298	0.2733	
0.0768	0.1841	0.1234	0.0242	0.0379	0.1682	0.1681	0.0702	0.1471	
0.0527	0.1021	0.0796	0.0325	0.1640	0.1982	0.0385	0.1908	0.1417	
0.1093	0.0375	0.2243	0.0010	0.1645	0.2107	0.1713	0.0425	0.0388	
0.0401	0.1868	0.2470	0.0025	0.0254	0.0645	0.0537	0.2110	0.1691	
0.1179	0.0993	0.0230	0.1210	0.0026	0.0208	0.1184	0.2841	0.2130	
0.0945	0.2653	0.1103	0.0898	0.0555	0.0429	0.0343	0.1827	0.1248	
0.1800	0.2129	0.0916	0.0182	0.0014	0.0106	0.1098	0.1586	0.2169	
0.1106	0.0906	0.0541	0.0333	0.0443	0.2905	0.1805	0.1302	0.0659	
0.1382	0.0384	0.0389	0.0299	0.0878	0.1885	0.1371	0.2948	0.0465	
0.0683	0.0935	0.2313	0.0079	0.0980	0.1547	0.1961	0.1104	0.0397	
0.0715	0.1010	0.1186	0.0513	0.0460	0.2045	0.1534	0.1518	0.1019	
0.1242	0.2824	0.2103	0.0427	0.1016	0.0094	0.0010	0.1090	0.1195	
0.1186	0.0659	0.0016	0.1394	0.0561	0.0123	0.2022	0.1902	0.2137	
0.0625	0.1091	0.1717	0.0175	0.1230	0.2386	0.1964	0.0529	0.0283	
0.0009	0.1049	0.1901	0.0005	0.1178	0.4957	0.0136	0.0704	0.0062	
0.1301	0.1251	0.2205	0.1522	0.0407	0.0714	0.0135	0.1382	0.1084	
0.0223	0.1495	0.2061	0.0038	0.0092	0.2458	0.1981	0.1568	0.0085	
0.1272	0.0184	0.0442	0.0783	0.0890	0.1481	0.1722	0.2208	0.1018	
0.0804	0.0055	0.1954	0.0024	0.1497	0.4460	0.0173	0.0714	0.0319	
0.0749	0.2908	0.0866	0.0344	0.0714	0.0322	0.0493	0.2015	0.1589	
0.0437	0.1774	0.2150	0.0054	0.0758	0.1651	0.1865	0.0199	0.1111	
0.1488	0.1377	0.1930	0.1535	0.0055	0.0498	0.1506	0.0828	0.0782	
0.1571	0.0349	0.0884	0.1079	0.0295	0.2186	0.1433	0.1664	0.0539	
0.1526	0.2235	0.1705	0.1143	0.0817	0.0463	0.0528	0.1194	0.0388	
0.1332	0.1775	0.1450	0.0315	0.0720	0.1939	0.0614	0.0356	0.1498	
0.1139	0.0723	0.2460	0.1741	0.0292	0.0246	0.1952	0.0687	0.0759	
0.0319	0.1233	0.1796	0.1841	0.0581	0.0062	0.0998	0.2657	0.0513	
0.0101	0.1586	0.2222	0.0387	0.0842	0.1020	0.0387	0.2141	0.1314	
0.0329	0.0799	0.3486	0.1990	0.1294	0.0131	0.0348	0.0450	0.1171	
0.1563	0.0557	0.3298	0.0391	0.0608	0.2783	0.0044	0.0459	0.0296	
0.1098	0.2683	0.3299	0.0221	0.0241	0.1002	0.0704	0.0312	0.0439	
0.1650	0.2230	0.1278	0.0081	0.0387	0.0242	0.0697	0.1490	0.1946	
0.0781	0.0856	0.1819	0.0502	0.0756	0.0676	0.1261	0.1990	0.1359	
0.0454	0.1216	0.2061	0.0016	0.0895	0.2895	0.1303	0.1025	0.0135	
0.1697	0.2467	0.0162	0.0367	0.0588	0.1238	0.2233	0.0892	0.0356	
0.1701	0.1303	0.1711	0.0631	0.0021	0.0618	0.1222	0.1328	0.1464	
0.1083	0.0299	0.0146	0.0978	0.0930	0.0555	0.2078	0.2682	0.1247	
0.0932	0.1372	0.1390	0.1151	0.0609	0.1175	0.0278	0.1508	0.1585	
0.1575	0.0476	0.2837	0.0072	0.0743	0.0881	0.0757	0.2162	0.0497	
0.0115	0.0552	0.2070	0.0005	0.0686	0.3000	0.2534	0.0122	0.0917	
0.0157	0.1146	0.0807	0.1189	0.0928	0.2200	0.0511	0.1412	0.1650	
0.0924	0.0119	0.0104	0.0324	0.0548	0.2183	0.2945	0.2298	0.0556	
0.1697	0.1025	0.1604	0.0838	0.0105	0.1407	0.0198	0.2076	0.1051	
0.0729	0.1042	0.0670	0.0072	0.2319	0.3154	0.1504	0.0168	0.0342	
0.0610	0.0330	0.2153	0.0052	0.1337	0.0777	0.2154	0.1467	0.1120	
0.0555	0.1814	0.0120	0.0153	0.0221	0.1881	0.2502	0.0356	0.2398	
0.0062	0.1491	0.0924	0.0120	0.0956	0.2729	0.1131	0.0809	0.1777	
0.1649	0.0311	0.0480	0.1342	0.0583	0.0446	0.0977	0.1428	0.2784	
0.0795	0.1736	0.1732	0.0110	0.1076	0.1331	0.0444	0.2323	0.0454	
0.0774	0.1697	0.0966	0.0745	0.0862	0.1095	0.1790	0.1004	0.1066	
0.1929	0.0713	0.1547	0.1618	0.0538	0.0400	0.0574	0.1278	0.1403	
0.1464	0.1804	0.0536	0.2685	0.1050	0.1129	0.0023	0.0369	0.0940	
0.0365	0.2163	0.0096	0.0799	0.0186	0.1276	0.1357	0.2387	0.1373	
0.0307	0.1323	0.0404	0.0008	0.1064	0.3824	0.1506	0.0397	0.1166	
0.0190	0.1758	0.2513	0.1877	0.0673	0.0077	0.1267	0.1364	0.0281	
0.0091	0.1228	0.2360	0.0353	0.0608	0.1772	0.1023	0.1441	0.1125	
0.1011	0.0083	0.0414	0.1304	0.0254	0.1313	0.1869	0.2413	0.1339	
0.0959	0.1121	0.0139	0.0437	0.0285	0.0999	0.2068	0.3005	0.0985	
0.0924	0.0664	0.2702	0.1170	0.0169	0.0826	0.1229	0.1394	0.0923	
0.0002	0.0505	0.2432	0.1590	0.1541	0.0183	0.1407	0.1084	0.1254	
0.3100	0.1207	0.2131	0.0412	0.0164	0.0131	0.1456	0.1047	0.0351	
0.0136	0.1865	0.0867	0.0069	0.1052	0.1972	0.1038	0.2440	0.0560	
0.0949	0.1351	0.2349	0.0662	0.0103	0.0619	0.0579	0.2093	0.1295	
0.0365	0.0149	0.1831	0.1805	0.0882	0.0060	0.0581	0.3024	0.1303	
0.1699	0.0770	0.0421	0.1348	0.0439	0.1397	0.1091	0.1286	0.1549	
0.0208	0.1905	0.1238	0.0337	0.0046	0.2005	0.1714	0.1604	0.0943	
0.1167	0.1396	0.0721	0.1730	0.1246	0.0617	0.1261	0.1366	0.0495	
0.0970	0.0380	0.3347	0.0260	0.1049	0.1197	0.0017	0.1335	0.1444	
