DataSet 36
Learner: Baum Welch Learner
Log Likelihood: 121818.2769364230

Number of States: 70
Number of Symbols: 9
Threshold: 0.01

Initial Distribution:
0.0023	0.0031	0.0370	0.0005	0.0028	0.0025	0.0012	0.0001	0.0014	0.0010	0.0040	0.0014	0.0256	0.0001	0.0088	0.0045	0.0012	0.0173	0.0084	0.0171	0.0121	0.0025	0.0011	0.0001	0.0013	0.0522	0.0224	0.0006	0.0016	0.0053	0.0219	0.0031	0.0405	0.0073	0.0074	0.1042	0.0013	0.0019	0.0010	0.1865	0.0001	0.0078	0.0136	0.0008	0.0600	0.0494	0.0010	0.0035	0.0001	0.0014	0.0016	0.0014	0.0076	0.0009	0.0183	0.0269	0.0002	0.0256	0.0257	0.0140	0.0072	0.0154	0.0039	0.0002	0.0143	0.0127	0.0696	0.0003	0.0016	0.0004	

Transitions:
0.0103	0.0016	0.0081	0.0321	0.0077	0.0232	0.0180	0.0267	0.0014	0.0160	0.0044	0.0142	0.0045	0.0319	0.0029	0.0296	0.0177	0.0334	0.0185	0.0095	0.0123	0.0224	0.0144	0.0057	0.0108	0.0223	0.0159	0.0207	0.0160	0.0142	0.0000	0.0062	0.0139	0.0299	0.0193	0.0050	0.0143	0.0150	0.0186	0.0385	0.0036	0.0030	0.0128	0.0005	0.0274	0.0020	0.0077	0.0007	0.0023	0.0195	0.0247	0.0038	0.0107	0.0153	0.0194	0.0121	0.0180	0.0014	0.0233	0.0150	0.0045	0.0037	0.0122	0.0186	0.0241	0.0332	0.0052	0.0137	0.0037	0.0306	
0.0089	0.0020	0.0035	0.0202	0.0045	0.0104	0.0110	0.0165	0.0103	0.0087	0.0154	0.0177	0.0111	0.0237	0.0207	0.0242	0.0261	0.0317	0.0239	0.0080	0.0165	0.0115	0.0005	0.0032	0.0269	0.0007	0.0180	0.0263	0.0086	0.0239	0.0210	0.0206	0.0225	0.0034	0.0074	0.0152	0.0301	0.0184	0.0093	0.0116	0.0031	0.0279	0.0155	0.0069	0.0001	0.0116	0.0179	0.0168	0.0247	0.0245	0.0001	0.0086	0.0120	0.0217	0.0082	0.0208	0.0022	0.0007	0.0257	0.0040	0.0204	0.0128	0.0049	0.0142	0.0104	0.0213	0.0164	0.0093	0.0176	0.0256	
0.0227	0.0084	0.0060	0.0137	0.0074	0.0163	0.0220	0.0195	0.0017	0.0082	0.0141	0.0021	0.0009	0.0145	0.0321	0.0214	0.0079	0.0018	0.0271	0.0106	0.0119	0.0302	0.0190	0.0060	0.0307	0.0074	0.0226	0.0042	0.0227	0.0078	0.0180	0.0072	0.0003	0.0222	0.0204	0.0086	0.0271	0.0280	0.0176	0.0047	0.0029	0.0097	0.0342	0.0163	0.0147	0.0061	0.0095	0.0190	0.0111	0.0260	0.0130	0.0193	0.0146	0.0054	0.0090	0.0218	0.0178	0.0037	0.0130	0.0144	0.0236	0.0152	0.0330	0.0234	0.0112	0.0052	0.0014	0.0030	0.0220	0.0053	
0.0210	0.0106	0.0151	0.0047	0.0068	0.0132	0.0004	0.0020	0.0114	0.0080	0.0062	0.0047	0.0184	0.0025	0.0239	0.0032	0.0189	0.0285	0.0150	0.0297	0.0018	0.0172	0.0076	0.0009	0.0242	0.0157	0.0119	0.0041	0.0016	0.0142	0.0112	0.0090	0.0331	0.0106	0.0018	0.0282	0.0050	0.0115	0.0228	0.0339	0.0271	0.0154	0.0192	0.0107	0.0113	0.0227	0.0271	0.0209	0.0307	0.0120	0.0151	0.0060	0.0160	0.0180	0.0042	0.0017	0.0046	0.0125	0.0124	0.0207	0.0261	0.0286	0.0003	0.0253	0.0236	0.0317	0.0072	0.0095	0.0009	0.0278	
0.0265	0.0048	0.0232	0.0236	0.0008	0.0117	0.0232	0.0248	0.0217	0.0032	0.0169	0.0192	0.0050	0.0232	0.0227	0.0058	0.0216	0.0140	0.0035	0.0229	0.0209	0.0197	0.0012	0.0050	0.0002	0.0009	0.0109	0.0312	0.0140	0.0119	0.0118	0.0146	0.0262	0.0334	0.0105	0.0105	0.0090	0.0204	0.0213	0.0255	0.0054	0.0063	0.0189	0.0072	0.0045	0.0112	0.0259	0.0123	0.0004	0.0193	0.0033	0.0342	0.0061	0.0010	0.0046	0.0048	0.0066	0.0214	0.0250	0.0000	0.0291	0.0004	0.0095	0.0069	0.0231	0.0326	0.0291	0.0115	0.0029	0.0191	
0.0191	0.0201	0.0161	0.0129	0.0194	0.0149	0.0290	0.0260	0.0009	0.0167	0.0104	0.0039	0.0203	0.0264	0.0104	0.0160	0.0096	0.0224	0.0198	0.0080	0.0055	0.0140	0.0055	0.0186	0.0218	0.0050	0.0251	0.0167	0.0152	0.0055	0.0145	0.0089	0.0087	0.0135	0.0198	0.0042	0.0084	0.0186	0.0072	0.0193	0.0060	0.0096	0.0189	0.0281	0.0172	0.0212	0.0055	0.0155	0.0228	0.0038	0.0177	0.0017	0.0177	0.0209	0.0108	0.0063	0.0251	0.0223	0.0230	0.0145	0.0187	0.0118	0.0068	0.0278	0.0046	0.0010	0.0256	0.0114	0.0009	0.0047	
0.0050	0.0169	0.0139	0.0219	0.0016	0.0285	0.0264	0.0077	0.0009	0.0278	0.0005	0.0087	0.0187	0.0109	0.0186	0.0106	0.0203	0.0133	0.0023	0.0145	0.0128	0.0094	0.0242	0.0213	0.0024	0.0219	0.0026	0.0214	0.0213	0.0158	0.0227	0.0206	0.0116	0.0149	0.0258	0.0202	0.0163	0.0217	0.0169	0.0122	0.0117	0.0142	0.0204	0.0206	0.0132	0.0069	0.0163	0.0219	0.0064	0.0205	0.0091	0.0076	0.0074	0.0123	0.0225	0.0200	0.0207	0.0159	0.0208	0.0054	0.0218	0.0010	0.0089	0.0114	0.0001	0.0062	0.0169	0.0022	0.0166	0.0162	
0.0219	0.0249	0.0247	0.0148	0.0045	0.0367	0.0158	0.0043	0.0041	0.0241	0.0058	0.0068	0.0179	0.0062	0.0074	0.0152	0.0152	0.0005	0.0283	0.0013	0.0053	0.0200	0.0237	0.0145	0.0254	0.0102	0.0042	0.0148	0.0254	0.0106	0.0137	0.0163	0.0088	0.0164	0.0254	0.0107	0.0166	0.0219	0.0086	0.0229	0.0124	0.0191	0.0177	0.0033	0.0009	0.0162	0.0131	0.0049	0.0058	0.0145	0.0217	0.0187	0.0052	0.0138	0.0182	0.0026	0.0059	0.0074	0.0236	0.0229	0.0250	0.0003	0.0068	0.0248	0.0106	0.0221	0.0291	0.0016	0.0135	0.0225	
0.0242	0.0212	0.0219	0.0043	0.0174	0.0162	0.0028	0.0207	0.0121	0.0069	0.0256	0.0247	0.0081	0.0108	0.0172	0.0171	0.0098	0.0172	0.0003	0.0196	0.0060	0.0077	0.0246	0.0140	0.0267	0.0091	0.0109	0.0232	0.0216	0.0108	0.0154	0.0103	0.0219	0.0083	0.0135	0.0253	0.0031	0.0005	0.0213	0.0001	0.0001	0.0129	0.0219	0.0146	0.0254	0.0248	0.0191	0.0230	0.0054	0.0195	0.0082	0.0037	0.0011	0.0203	0.0201	0.0173	0.0223	0.0056	0.0068	0.0083	0.0052	0.0066	0.0254	0.0024	0.0198	0.0145	0.0046	0.0259	0.0265	0.0163	
0.0130	0.0086	0.0285	0.0002	0.0168	0.0257	0.0156	0.0136	0.0169	0.0296	0.0192	0.0137	0.0171	0.0036	0.0027	0.0118	0.0104	0.0017	0.0196	0.0216	0.0046	0.0240	0.0208	0.0176	0.0289	0.0218	0.0181	0.0218	0.0237	0.0116	0.0195	0.0218	0.0246	0.0170	0.0038	0.0221	0.0056	0.0012	0.0013	0.0234	0.0064	0.0141	0.0176	0.0080	0.0180	0.0175	0.0164	0.0245	0.0002	0.0092	0.0057	0.0033	0.0079	0.0045	0.0148	0.0168	0.0206	0.0104	0.0054	0.0228	0.0055	0.0219	0.0141	0.0056	0.0074	0.0273	0.0125	0.0022	0.0329	0.0033	
0.0063	0.0068	0.0239	0.0209	0.0152	0.0226	0.0057	0.0137	0.0205	0.0027	0.0076	0.0202	0.0173	0.0169	0.0055	0.0173	0.0135	0.0273	0.0035	0.0130	0.0086	0.0192	0.0225	0.0042	0.0226	0.0113	0.0240	0.0148	0.0009	0.0202	0.0042	0.0125	0.0207	0.0264	0.0008	0.0206	0.0035	0.0144	0.0145	0.0177	0.0116	0.0034	0.0160	0.0023	0.0154	0.0088	0.0001	0.0244	0.0283	0.0174	0.0103	0.0195	0.0263	0.0127	0.0197	0.0125	0.0136	0.0189	0.0008	0.0029	0.0217	0.0188	0.0110	0.0006	0.0223	0.0245	0.0252	0.0208	0.0181	0.0079	
0.0135	0.0288	0.0069	0.0110	0.0020	0.0099	0.0018	0.0265	0.0135	0.0121	0.0155	0.0004	0.0162	0.0113	0.0139	0.0131	0.0157	0.0089	0.0035	0.0177	0.0129	0.0083	0.0145	0.0141	0.0352	0.0185	0.0262	0.0185	0.0049	0.0252	0.0104	0.0050	0.0109	0.0200	0.0045	0.0112	0.0179	0.0184	0.0109	0.0143	0.0151	0.0224	0.0084	0.0188	0.0201	0.0223	0.0055	0.0007	0.0183	0.0166	0.0094	0.0160	0.0226	0.0020	0.0307	0.0053	0.0149	0.0183	0.0140	0.0112	0.0174	0.0159	0.0189	0.0217	0.0002	0.0105	0.0194	0.0221	0.0104	0.0265	
0.0228	0.0274	0.0178	0.0209	0.0009	0.0151	0.0331	0.0223	0.0224	0.0044	0.0157	0.0202	0.0003	0.0224	0.0151	0.0235	0.0101	0.0088	0.0251	0.0216	0.0220	0.0237	0.0016	0.0014	0.0319	0.0007	0.0020	0.0150	0.0170	0.0098	0.0027	0.0087	0.0188	0.0172	0.0126	0.0062	0.0255	0.0042	0.0013	0.0020	0.0053	0.0179	0.0294	0.0094	0.0208	0.0165	0.0145	0.0323	0.0076	0.0109	0.0351	0.0161	0.0021	0.0119	0.0017	0.0018	0.0318	0.0183	0.0156	0.0251	0.0220	0.0121	0.0067	0.0173	0.0020	0.0038	0.0202	0.0125	0.0012	0.0041	
0.0254	0.0065	0.0074	0.0183	0.0197	0.0088	0.0217	0.0240	0.0038	0.0029	0.0173	0.0041	0.0078	0.0100	0.0105	0.0187	0.0073	0.0086	0.0142	0.0166	0.0126	0.0236	0.0156	0.0009	0.0125	0.0219	0.0141	0.0161	0.0072	0.0209	0.0257	0.0009	0.0297	0.0053	0.0137	0.0199	0.0040	0.0097	0.0157	0.0285	0.0063	0.0037	0.0167	0.0137	0.0113	0.0184	0.0054	0.0193	0.0348	0.0088	0.0223	0.0118	0.0239	0.0127	0.0174	0.0222	0.0198	0.0060	0.0065	0.0272	0.0179	0.0122	0.0123	0.0103	0.0044	0.0193	0.0102	0.0029	0.0264	0.0237	
0.0128	0.0215	0.0177	0.0200	0.0078	0.0074	0.0072	0.0022	0.0190	0.0273	0.0148	0.0180	0.0100	0.0222	0.0295	0.0107	0.0060	0.0170	0.0126	0.0113	0.0228	0.0273	0.0049	0.0270	0.0017	0.0194	0.0155	0.0078	0.0073	0.0187	0.0055	0.0026	0.0194	0.0037	0.0179	0.0010	0.0242	0.0033	0.0041	0.0071	0.0203	0.0192	0.0134	0.0064	0.0085	0.0026	0.0259	0.0206	0.0131	0.0238	0.0110	0.0263	0.0151	0.0105	0.0256	0.0153	0.0198	0.0015	0.0157	0.0118	0.0225	0.0203	0.0210	0.0268	0.0171	0.0106	0.0093	0.0068	0.0025	0.0207	
0.0194	0.0024	0.0058	0.0033	0.0230	0.0092	0.0106	0.0270	0.0071	0.0228	0.0271	0.0269	0.0189	0.0184	0.0109	0.0114	0.0145	0.0259	0.0063	0.0058	0.0099	0.0203	0.0116	0.0157	0.0213	0.0214	0.0215	0.0221	0.0146	0.0238	0.0131	0.0174	0.0156	0.0258	0.0021	0.0075	0.0175	0.0139	0.0157	0.0167	0.0044	0.0201	0.0214	0.0231	0.0166	0.0175	0.0044	0.0042	0.0151	0.0094	0.0264	0.0000	0.0017	0.0229	0.0096	0.0247	0.0220	0.0160	0.0124	0.0001	0.0120	0.0193	0.0106	0.0092	0.0092	0.0107	0.0131	0.0002	0.0162	0.0034	
0.0191	0.0001	0.0014	0.0185	0.0014	0.0233	0.0257	0.0194	0.0003	0.0015	0.0202	0.0196	0.0056	0.0058	0.0306	0.0163	0.0142	0.0223	0.0107	0.0037	0.0174	0.0257	0.0030	0.0169	0.0057	0.0110	0.0090	0.0149	0.0119	0.0086	0.0059	0.0040	0.0206	0.0103	0.0158	0.0248	0.0283	0.0115	0.0223	0.0207	0.0026	0.0021	0.0171	0.0096	0.0108	0.0199	0.0167	0.0064	0.0092	0.0266	0.0239	0.0201	0.0186	0.0107	0.0169	0.0195	0.0289	0.0120	0.0156	0.0177	0.0132	0.0122	0.0058	0.0233	0.0282	0.0167	0.0026	0.0246	0.0195	0.0011	
0.0238	0.0050	0.0191	0.0256	0.0013	0.0128	0.0100	0.0157	0.0042	0.0129	0.0300	0.0022	0.0048	0.0136	0.0170	0.0171	0.0151	0.0129	0.0217	0.0237	0.0012	0.0214	0.0286	0.0061	0.0093	0.0149	0.0205	0.0241	0.0126	0.0207	0.0149	0.0254	0.0132	0.0080	0.0061	0.0152	0.0349	0.0370	0.0110	0.0001	0.0102	0.0041	0.0104	0.0004	0.0211	0.0050	0.0050	0.0232	0.0068	0.0108	0.0002	0.0371	0.0022	0.0306	0.0290	0.0036	0.0060	0.0179	0.0100	0.0094	0.0220	0.0117	0.0131	0.0106	0.0152	0.0041	0.0088	0.0214	0.0103	0.0261	
0.0136	0.0139	0.0220	0.0239	0.0113	0.0270	0.0071	0.0293	0.0115	0.0282	0.0159	0.0074	0.0144	0.0027	0.0277	0.0215	0.0191	0.0256	0.0083	0.0042	0.0114	0.0064	0.0156	0.0018	0.0119	0.0207	0.0218	0.0263	0.0038	0.0164	0.0213	0.0076	0.0071	0.0123	0.0222	0.0102	0.0288	0.0086	0.0112	0.0007	0.0282	0.0107	0.0086	0.0129	0.0175	0.0088	0.0281	0.0063	0.0146	0.0028	0.0175	0.0223	0.0164	0.0044	0.0102	0.0079	0.0314	0.0181	0.0110	0.0146	0.0040	0.0079	0.0213	0.0242	0.0022	0.0071	0.0187	0.0036	0.0068	0.0111	
0.0230	0.0080	0.0080	0.0084	0.0084	0.0018	0.0253	0.0034	0.0077	0.0232	0.0284	0.0170	0.0087	0.0019	0.0015	0.0043	0.0171	0.0056	0.0029	0.0135	0.0124	0.0016	0.0215	0.0246	0.0278	0.0117	0.0140	0.0175	0.0096	0.0128	0.0115	0.0212	0.0247	0.0040	0.0046	0.0046	0.0098	0.0092	0.0255	0.0055	0.0110	0.0223	0.0160	0.0144	0.0151	0.0103	0.0286	0.0205	0.0193	0.0280	0.0187	0.0259	0.0008	0.0193	0.0209	0.0197	0.0167	0.0130	0.0096	0.0183	0.0134	0.0073	0.0224	0.0273	0.0128	0.0046	0.0145	0.0076	0.0246	0.0245	
0.0233	0.0105	0.0077	0.0256	0.0048	0.0219	0.0162	0.0108	0.0044	0.0125	0.0218	0.0265	0.0259	0.0129	0.0314	0.0233	0.0219	0.0088	0.0102	0.0125	0.0195	0.0243	0.0301	0.0047	0.0303	0.0028	0.0021	0.0213	0.0009	0.0146	0.0252	0.0215	0.0213	0.0237	0.0042	0.0058	0.0153	0.0069	0.0155	0.0021	0.0101	0.0054	0.0141	0.0287	0.0017	0.0106	0.0111	0.0105	0.0255	0.0255	0.0145	0.0084	0.0276	0.0147	0.0028	0.0016	0.0107	0.0042	0.0244	0.0004	0.0204	0.0221	0.0109	0.0226	0.0139	0.0004	0.0025	0.0010	0.0094	0.0188	
0.0068	0.0128	0.0249	0.0059	0.0024	0.0153	0.0092	0.0010	0.0019	0.0081	0.0231	0.0231	0.0188	0.0085	0.0013	0.0198	0.0191	0.0222	0.0201	0.0022	0.0256	0.0077	0.0058	0.0155	0.0144	0.0178	0.0202	0.0235	0.0116	0.0014	0.0101	0.0091	0.0018	0.0101	0.0112	0.0238	0.0130	0.0231	0.0100	0.0177	0.0191	0.0086	0.0030	0.0202	0.0080	0.0255	0.0323	0.0010	0.0200	0.0275	0.0102	0.0243	0.0076	0.0054	0.0182	0.0257	0.0107	0.0097	0.0250	0.0134	0.0251	0.0166	0.0170	0.0005	0.0307	0.0126	0.0199	0.0153	0.0224	0.0045	
0.0057	0.0200	0.0019	0.0089	0.0100	0.0173	0.0046	0.0159	0.0063	0.0135	0.0205	0.0243	0.0020	0.0183	0.0195	0.0222	0.0028	0.0401	0.0154	0.0138	0.0164	0.0015	0.0023	0.0223	0.0230	0.0044	0.0172	0.0033	0.0206	0.0247	0.0063	0.0106	0.0079	0.0179	0.0161	0.0126	0.0180	0.0261	0.0251	0.0028	0.0213	0.0214	0.0043	0.0043	0.0247	0.0258	0.0175	0.0015	0.0099	0.0067	0.0085	0.0265	0.0283	0.0067	0.0148	0.0041	0.0288	0.0070	0.0169	0.0058	0.0282	0.0020	0.0209	0.0112	0.0105	0.0106	0.0191	0.0183	0.0249	0.0078	
0.0015	0.0031	0.0008	0.0110	0.0152	0.0354	0.0266	0.0337	0.0001	0.0295	0.0173	0.0169	0.0195	0.0110	0.0221	0.0100	0.0153	0.0003	0.0234	0.0157	0.0178	0.0102	0.0137	0.0222	0.0064	0.0208	0.0331	0.0203	0.0196	0.0133	0.0070	0.0266	0.0042	0.0008	0.0049	0.0036	0.0249	0.0163	0.0113	0.0171	0.0080	0.0305	0.0056	0.0134	0.0138	0.0050	0.0068	0.0093	0.0181	0.0307	0.0203	0.0114	0.0171	0.0075	0.0226	0.0172	0.0179	0.0070	0.0086	0.0001	0.0311	0.0020	0.0032	0.0130	0.0140	0.0209	0.0079	0.0133	0.0124	0.0086	
0.0148	0.0010	0.0127	0.0056	0.0068	0.0240	0.0043	0.0311	0.0019	0.0257	0.0117	0.0165	0.0020	0.0254	0.0193	0.0181	0.0084	0.0330	0.0100	0.0119	0.0145	0.0100	0.0013	0.0155	0.0248	0.0048	0.0201	0.0210	0.0230	0.0217	0.0187	0.0136	0.0227	0.0082	0.0065	0.0187	0.0021	0.0127	0.0002	0.0217	0.0156	0.0197	0.0077	0.0110	0.0132	0.0072	0.0282	0.0061	0.0234	0.0273	0.0114	0.0143	0.0095	0.0218	0.0250	0.0061	0.0317	0.0205	0.0113	0.0029	0.0012	0.0101	0.0004	0.0061	0.0041	0.0265	0.0139	0.0182	0.0201	0.0198	
0.0164	0.0330	0.0128	0.0182	0.0292	0.0121	0.0018	0.0126	0.0181	0.0132	0.0058	0.0138	0.0169	0.0011	0.0139	0.0062	0.0032	0.0017	0.0138	0.0002	0.0142	0.0027	0.0224	0.0409	0.0256	0.0013	0.0125	0.0023	0.0059	0.0146	0.0139	0.0049	0.0093	0.0005	0.0043	0.0060	0.0228	0.0222	0.0295	0.0001	0.0044	0.0083	0.0014	0.0242	0.0152	0.0050	0.0126	0.0311	0.0146	0.0279	0.0307	0.0224	0.0076	0.0244	0.0228	0.0125	0.0204	0.0153	0.0108	0.0178	0.0060	0.0210	0.0180	0.0098	0.0176	0.0144	0.0111	0.0222	0.0192	0.0314	
0.0126	0.0096	0.0044	0.0134	0.0231	0.0117	0.0017	0.0019	0.0329	0.0092	0.0199	0.0228	0.0078	0.0106	0.0317	0.0036	0.0245	0.0301	0.0015	0.0163	0.0195	0.0213	0.0029	0.0040	0.0297	0.0058	0.0267	0.0206	0.0029	0.0289	0.0159	0.0175	0.0038	0.0244	0.0109	0.0086	0.0124	0.0311	0.0293	0.0092	0.0165	0.0257	0.0014	0.0132	0.0046	0.0103	0.0216	0.0023	0.0129	0.0272	0.0056	0.0016	0.0225	0.0053	0.0053	0.0222	0.0085	0.0021	0.0145	0.0143	0.0177	0.0088	0.0332	0.0004	0.0248	0.0001	0.0105	0.0124	0.0262	0.0134	
0.0222	0.0219	0.0025	0.0157	0.0041	0.0309	0.0166	0.0208	0.0227	0.0077	0.0210	0.0242	0.0075	0.0125	0.0200	0.0167	0.0216	0.0003	0.0213	0.0213	0.0066	0.0070	0.0114	0.0062	0.0007	0.0060	0.0263	0.0012	0.0220	0.0060	0.0283	0.0063	0.0083	0.0027	0.0289	0.0087	0.0262	0.0074	0.0003	0.0109	0.0041	0.0142	0.0057	0.0084	0.0300	0.0207	0.0021	0.0146	0.0074	0.0055	0.0057	0.0128	0.0198	0.0050	0.0048	0.0121	0.0149	0.0255	0.0187	0.0281	0.0268	0.0217	0.0265	0.0201	0.0099	0.0169	0.0310	0.0057	0.0133	0.0152	
0.0153	0.0115	0.0001	0.0136	0.0138	0.0214	0.0016	0.0035	0.0104	0.0116	0.0039	0.0081	0.0206	0.0155	0.0255	0.0138	0.0157	0.0009	0.0228	0.0130	0.0209	0.0043	0.0209	0.0019	0.0086	0.0140	0.0141	0.0164	0.0269	0.0123	0.0215	0.0250	0.0043	0.0221	0.0159	0.0181	0.0139	0.0040	0.0181	0.0139	0.0118	0.0097	0.0106	0.0015	0.0219	0.0197	0.0241	0.0133	0.0225	0.0230	0.0237	0.0182	0.0078	0.0247	0.0193	0.0098	0.0234	0.0243	0.0054	0.0261	0.0041	0.0154	0.0037	0.0281	0.0176	0.0076	0.0049	0.0040	0.0259	0.0082	
0.0285	0.0112	0.0097	0.0130	0.0020	0.0149	0.0234	0.0253	0.0088	0.0181	0.0231	0.0011	0.0229	0.0046	0.0184	0.0053	0.0199	0.0074	0.0281	0.0070	0.0280	0.0182	0.0304	0.0217	0.0113	0.0245	0.0066	0.0161	0.0132	0.0171	0.0154	0.0218	0.0183	0.0133	0.0253	0.0122	0.0104	0.0272	0.0260	0.0082	0.0216	0.0002	0.0190	0.0179	0.0073	0.0030	0.0237	0.0003	0.0119	0.0147	0.0191	0.0281	0.0059	0.0193	0.0109	0.0109	0.0154	0.0174	0.0028	0.0057	0.0068	0.0078	0.0083	0.0240	0.0019	0.0022	0.0112	0.0117	0.0096	0.0033	
0.0257	0.0254	0.0083	0.0240	0.0193	0.0241	0.0337	0.0125	0.0136	0.0067	0.0042	0.0067	0.0031	0.0342	0.0347	0.0211	0.0142	0.0005	0.0024	0.0134	0.0005	0.0234	0.0226	0.0285	0.0034	0.0088	0.0191	0.0280	0.0148	0.0057	0.0202	0.0111	0.0194	0.0073	0.0154	0.0181	0.0215	0.0182	0.0019	0.0071	0.0135	0.0009	0.0073	0.0291	0.0019	0.0003	0.0050	0.0109	0.0233	0.0172	0.0234	0.0160	0.0097	0.0294	0.0029	0.0048	0.0004	0.0163	0.0149	0.0053	0.0086	0.0005	0.0353	0.0097	0.0154	0.0208	0.0105	0.0280	0.0126	0.0034	
0.0241	0.0176	0.0219	0.0206	0.0012	0.0211	0.0115	0.0212	0.0168	0.0016	0.0064	0.0116	0.0028	0.0010	0.0144	0.0093	0.0008	0.0451	0.0034	0.0091	0.0205	0.0222	0.0003	0.0224	0.0036	0.0114	0.0024	0.0289	0.0089	0.0073	0.0126	0.0063	0.0247	0.0214	0.0087	0.0163	0.0106	0.0147	0.0205	0.0033	0.0157	0.0031	0.0018	0.0128	0.0238	0.0205	0.0292	0.0253	0.0189	0.0044	0.0198	0.0167	0.0189	0.0230	0.0055	0.0017	0.0300	0.0024	0.0173	0.0147	0.0250	0.0113	0.0113	0.0093	0.0161	0.0279	0.0141	0.0127	0.0133	0.0248	
0.0377	0.0137	0.0033	0.0020	0.0393	0.0211	0.0256	0.0162	0.0224	0.0097	0.0224	0.0068	0.0091	0.0082	0.0200	0.0015	0.0159	0.0248	0.0162	0.0141	0.0166	0.0143	0.0037	0.0033	0.0097	0.0031	0.0181	0.0266	0.0326	0.0308	0.0091	0.0195	0.0084	0.0269	0.0070	0.0064	0.0112	0.0211	0.0078	0.0059	0.0067	0.0128	0.0072	0.0077	0.0023	0.0105	0.0060	0.0096	0.0236	0.0170	0.0178	0.0231	0.0004	0.0058	0.0044	0.0181	0.0103	0.0025	0.0217	0.0191	0.0024	0.0019	0.0273	0.0339	0.0004	0.0035	0.0238	0.0195	0.0399	0.0088	
0.0258	0.0227	0.0173	0.0312	0.0071	0.0120	0.0038	0.0235	0.0005	0.0153	0.0323	0.0089	0.0020	0.0153	0.0132	0.0268	0.0111	0.0053	0.0157	0.0197	0.0009	0.0067	0.0264	0.0144	0.0130	0.0037	0.0181	0.0071	0.0060	0.0269	0.0179	0.0217	0.0108	0.0178	0.0197	0.0150	0.0215	0.0027	0.0284	0.0193	0.0116	0.0113	0.0024	0.0053	0.0161	0.0214	0.0301	0.0047	0.0151	0.0063	0.0207	0.0251	0.0308	0.0087	0.0050	0.0141	0.0009	0.0031	0.0146	0.0012	0.0168	0.0267	0.0200	0.0014	0.0252	0.0115	0.0003	0.0203	0.0211	0.0007	
0.0247	0.0075	0.0055	0.0261	0.0065	0.0175	0.0041	0.0215	0.0035	0.0189	0.0047	0.0160	0.0182	0.0301	0.0083	0.0277	0.0179	0.0010	0.0078	0.0067	0.0132	0.0181	0.0176	0.0298	0.0019	0.0103	0.0193	0.0010	0.0051	0.0056	0.0190	0.0109	0.0134	0.0114	0.0060	0.0083	0.0164	0.0029	0.0016	0.0123	0.0110	0.0094	0.0276	0.0211	0.0223	0.0025	0.0062	0.0224	0.0216	0.0027	0.0210	0.0296	0.0091	0.0124	0.0154	0.0078	0.0216	0.0070	0.0215	0.0200	0.0277	0.0027	0.0150	0.0327	0.0307	0.0216	0.0012	0.0110	0.0210	0.0256	
0.0097	0.0230	0.0107	0.0281	0.0333	0.0019	0.0231	0.0183	0.0006	0.0249	0.0091	0.0266	0.0047	0.0031	0.0177	0.0301	0.0011	0.0022	0.0323	0.0199	0.0123	0.0084	0.0074	0.0129	0.0223	0.0024	0.0140	0.0008	0.0183	0.0031	0.0013	0.0217	0.0008	0.0184	0.0125	0.0008	0.0343	0.0166	0.0208	0.0017	0.0125	0.0160	0.0108	0.0260	0.0084	0.0080	0.0241	0.0147	0.0086	0.0070	0.0361	0.0496	0.0114	0.0312	0.0022	0.0023	0.0076	0.0110	0.0002	0.0139	0.0104	0.0151	0.0113	0.0319	0.0210	0.0069	0.0119	0.0111	0.0089	0.0185	
0.0186	0.0094	0.0165	0.0129	0.0078	0.0031	0.0263	0.0142	0.0197	0.0207	0.0127	0.0111	0.0148	0.0139	0.0131	0.0033	0.0098	0.0119	0.0197	0.0174	0.0217	0.0075	0.0170	0.0275	0.0009	0.0260	0.0139	0.0105	0.0244	0.0020	0.0237	0.0133	0.0012	0.0284	0.0117	0.0071	0.0101	0.0317	0.0104	0.0004	0.0040	0.0248	0.0229	0.0070	0.0038	0.0224	0.0013	0.0196	0.0135	0.0238	0.0028	0.0157	0.0158	0.0180	0.0179	0.0117	0.0235	0.0142	0.0142	0.0099	0.0194	0.0165	0.0123	0.0193	0.0201	0.0301	0.0090	0.0143	0.0028	0.0031	
0.0186	0.0079	0.0221	0.0205	0.0120	0.0303	0.0100	0.0114	0.0215	0.0031	0.0253	0.0218	0.0195	0.0049	0.0336	0.0095	0.0269	0.0171	0.0094	0.0241	0.0140	0.0189	0.0132	0.0009	0.0133	0.0150	0.0091	0.0072	0.0120	0.0047	0.0129	0.0116	0.0135	0.0098	0.0229	0.0166	0.0246	0.0273	0.0061	0.0153	0.0038	0.0130	0.0237	0.0099	0.0128	0.0162	0.0209	0.0103	0.0180	0.0143	0.0013	0.0017	0.0074	0.0033	0.0189	0.0027	0.0285	0.0168	0.0108	0.0231	0.0232	0.0019	0.0227	0.0194	0.0156	0.0142	0.0043	0.0118	0.0064	0.0048	
0.0161	0.0033	0.0025	0.0217	0.0229	0.0049	0.0207	0.0039	0.0144	0.0157	0.0244	0.0007	0.0146	0.0020	0.0035	0.0132	0.0044	0.0169	0.0180	0.0251	0.0240	0.0277	0.0115	0.0073	0.0286	0.0018	0.0136	0.0088	0.0216	0.0007	0.0148	0.0050	0.0029	0.0163	0.0245	0.0260	0.0277	0.0152	0.0079	0.0137	0.0089	0.0211	0.0079	0.0226	0.0028	0.0180	0.0154	0.0218	0.0158	0.0031	0.0087	0.0207	0.0234	0.0084	0.0082	0.0153	0.0220	0.0218	0.0238	0.0211	0.0179	0.0144	0.0086	0.0139	0.0247	0.0215	0.0267	0.0012	0.0056	0.0060	
0.0149	0.0290	0.0010	0.0123	0.0280	0.0017	0.0208	0.0109	0.0029	0.0093	0.0190	0.0155	0.0140	0.0194	0.0247	0.0339	0.0067	0.0086	0.0084	0.0068	0.0022	0.0064	0.0195	0.0265	0.0294	0.0033	0.0063	0.0137	0.0193	0.0097	0.0147	0.0145	0.0083	0.0043	0.0101	0.0040	0.0211	0.0123	0.0295	0.0002	0.0184	0.0029	0.0281	0.0129	0.0027	0.0045	0.0168	0.0231	0.0141	0.0056	0.0180	0.0072	0.0175	0.0384	0.0006	0.0070	0.0204	0.0069	0.0057	0.0191	0.0215	0.0165	0.0556	0.0236	0.0103	0.0006	0.0004	0.0153	0.0018	0.0415	
0.0044	0.0212	0.0027	0.0016	0.0080	0.0022	0.0166	0.0109	0.0090	0.0243	0.0003	0.0187	0.0005	0.0183	0.0038	0.0153	0.0167	0.0217	0.0069	0.0072	0.0284	0.0205	0.0245	0.0254	0.0106	0.0033	0.0104	0.0240	0.0231	0.0056	0.0248	0.0050	0.0202	0.0240	0.0276	0.0103	0.0015	0.0216	0.0119	0.0343	0.0225	0.0143	0.0070	0.0175	0.0247	0.0028	0.0244	0.0051	0.0176	0.0011	0.0121	0.0057	0.0081	0.0200	0.0029	0.0049	0.0299	0.0049	0.0233	0.0067	0.0239	0.0246	0.0120	0.0043	0.0385	0.0274	0.0035	0.0046	0.0197	0.0183	
0.0137	0.0224	0.0081	0.0087	0.0114	0.0072	0.0225	0.0099	0.0010	0.0067	0.0091	0.0041	0.0053	0.0237	0.0261	0.0192	0.0255	0.0398	0.0213	0.0169	0.0133	0.0251	0.0011	0.0075	0.0065	0.0044	0.0015	0.0044	0.0166	0.0009	0.0255	0.0168	0.0128	0.0252	0.0109	0.0130	0.0307	0.0013	0.0122	0.0202	0.0142	0.0168	0.0052	0.0143	0.0254	0.0138	0.0149	0.0256	0.0101	0.0114	0.0296	0.0123	0.0115	0.0295	0.0073	0.0201	0.0285	0.0028	0.0016	0.0070	0.0093	0.0136	0.0211	0.0363	0.0089	0.0183	0.0139	0.0097	0.0078	0.0065	
0.0179	0.0202	0.0082	0.0317	0.0050	0.0208	0.0182	0.0144	0.0062	0.0142	0.0209	0.0105	0.0160	0.0098	0.0039	0.0193	0.0061	0.0251	0.0155	0.0186	0.0168	0.0250	0.0253	0.0034	0.0152	0.0237	0.0174	0.0053	0.0049	0.0069	0.0229	0.0020	0.0100	0.0047	0.0138	0.0009	0.0269	0.0119	0.0233	0.0070	0.0002	0.0071	0.0238	0.0135	0.0126	0.0180	0.0241	0.0117	0.0247	0.0186	0.0137	0.0035	0.0195	0.0126	0.0111	0.0208	0.0283	0.0066	0.0130	0.0047	0.0024	0.0108	0.0099	0.0297	0.0148	0.0174	0.0204	0.0163	0.0179	0.0028	
0.0184	0.0161	0.0168	0.0078	0.0200	0.0135	0.0200	0.0131	0.0129	0.0139	0.0057	0.0109	0.0073	0.0148	0.0185	0.0218	0.0092	0.0267	0.0141	0.0212	0.0038	0.0147	0.0235	0.0118	0.0060	0.0121	0.0205	0.0270	0.0212	0.0197	0.0204	0.0036	0.0182	0.0216	0.0206	0.0156	0.0081	0.0088	0.0139	0.0001	0.0214	0.0084	0.0157	0.0200	0.0230	0.0145	0.0042	0.0171	0.0022	0.0155	0.0062	0.0217	0.0236	0.0169	0.0206	0.0025	0.0212	0.0038	0.0020	0.0073	0.0130	0.0228	0.0132	0.0163	0.0149	0.0025	0.0200	0.0130	0.0183	0.0045	
0.0183	0.0318	0.0046	0.0258	0.0006	0.0169	0.0260	0.0036	0.0142	0.0174	0.0122	0.0028	0.0210	0.0068	0.0195	0.0386	0.0049	0.0264	0.0287	0.0211	0.0159	0.0070	0.0095	0.0109	0.0147	0.0120	0.0163	0.0010	0.0038	0.0238	0.0214	0.0220	0.0024	0.0260	0.0028	0.0046	0.0216	0.0073	0.0273	0.0010	0.0055	0.0207	0.0208	0.0138	0.0211	0.0067	0.0027	0.0145	0.0028	0.0242	0.0384	0.0337	0.0203	0.0325	0.0094	0.0098	0.0215	0.0001	0.0062	0.0039	0.0030	0.0211	0.0005	0.0254	0.0187	0.0174	0.0001	0.0002	0.0024	0.0100	
0.0093	0.0294	0.0028	0.0249	0.0236	0.0028	0.0172	0.0204	0.0067	0.0230	0.0263	0.0059	0.0224	0.0128	0.0273	0.0024	0.0186	0.0027	0.0173	0.0203	0.0106	0.0215	0.0000	0.0164	0.0002	0.0036	0.0155	0.0190	0.0173	0.0068	0.0112	0.0030	0.0076	0.0207	0.0093	0.0121	0.0156	0.0220	0.0111	0.0016	0.0168	0.0204	0.0237	0.0090	0.0069	0.0104	0.0215	0.0159	0.0188	0.0213	0.0314	0.0282	0.0125	0.0108	0.0159	0.0147	0.0252	0.0118	0.0140	0.0052	0.0107	0.0218	0.0110	0.0032	0.0099	0.0147	0.0180	0.0037	0.0297	0.0014	
0.0144	0.0241	0.0237	0.0065	0.0011	0.0312	0.0001	0.0202	0.0057	0.0052	0.0125	0.0015	0.0002	0.0216	0.0121	0.0174	0.0169	0.0011	0.0036	0.0239	0.0247	0.0251	0.0064	0.0034	0.0230	0.0210	0.0165	0.0151	0.0228	0.0174	0.0218	0.0252	0.0171	0.0209	0.0071	0.0222	0.0254	0.0066	0.0061	0.0208	0.0190	0.0073	0.0092	0.0138	0.0205	0.0105	0.0197	0.0095	0.0187	0.0211	0.0023	0.0182	0.0271	0.0053	0.0014	0.0146	0.0184	0.0175	0.0131	0.0053	0.0075	0.0136	0.0215	0.0139	0.0067	0.0193	0.0122	0.0064	0.0206	0.0145	
0.0227	0.0096	0.0197	0.0093	0.0036	0.0256	0.0158	0.0207	0.0111	0.0108	0.0305	0.0032	0.0232	0.0002	0.0197	0.0311	0.0284	0.0219	0.0174	0.0187	0.0025	0.0085	0.0233	0.0026	0.0185	0.0051	0.0114	0.0238	0.0061	0.0028	0.0246	0.0206	0.0187	0.0008	0.0030	0.0189	0.0038	0.0251	0.0028	0.0072	0.0008	0.0019	0.0091	0.0035	0.0058	0.0041	0.0171	0.0285	0.0010	0.0101	0.0222	0.0006	0.0188	0.0293	0.0170	0.0151	0.0199	0.0167	0.0227	0.0270	0.0117	0.0195	0.0132	0.0092	0.0090	0.0120	0.0071	0.0200	0.0323	0.0214	
0.0246	0.0035	0.0088	0.0101	0.0175	0.0016	0.0212	0.0175	0.0200	0.0078	0.0171	0.0125	0.0206	0.0279	0.0063	0.0272	0.0244	0.0183	0.0123	0.0192	0.0029	0.0100	0.0240	0.0030	0.0252	0.0058	0.0164	0.0001	0.0210	0.0231	0.0221	0.0211	0.0331	0.0073	0.0119	0.0190	0.0169	0.0049	0.0089	0.0156	0.0138	0.0003	0.0203	0.0123	0.0103	0.0276	0.0016	0.0121	0.0002	0.0112	0.0099	0.0120	0.0103	0.0061	0.0176	0.0104	0.0076	0.0046	0.0138	0.0109	0.0103	0.0297	0.0212	0.0012	0.0134	0.0296	0.0239	0.0159	0.0142	0.0167	
0.0075	0.0196	0.0103	0.0003	0.0037	0.0037	0.0170	0.0151	0.0250	0.0043	0.0048	0.0013	0.0274	0.0071	0.0135	0.0087	0.0128	0.0268	0.0130	0.0274	0.0103	0.0178	0.0251	0.0294	0.0010	0.0161	0.0032	0.0242	0.0264	0.0130	0.0060	0.0185	0.0015	0.0110	0.0063	0.0160	0.0040	0.0119	0.0035	0.0137	0.0300	0.0294	0.0094	0.0078	0.0057	0.0089	0.0263	0.0192	0.0189	0.0050	0.0125	0.0241	0.0008	0.0148	0.0081	0.0218	0.0313	0.0105	0.0257	0.0152	0.0290	0.0195	0.0123	0.0099	0.0201	0.0187	0.0212	0.0154	0.0009	0.0196	
0.0062	0.0007	0.0155	0.0287	0.0029	0.0213	0.0060	0.0183	0.0244	0.0195	0.0194	0.0141	0.0043	0.0261	0.0001	0.0104	0.0192	0.0210	0.0030	0.0153	0.0178	0.0238	0.0119	0.0180	0.0206	0.0018	0.0097	0.0358	0.0105	0.0155	0.0111	0.0109	0.0161	0.0273	0.0296	0.0128	0.0094	0.0045	0.0120	0.0180	0.0187	0.0153	0.0182	0.0107	0.0241	0.0145	0.0202	0.0194	0.0121	0.0166	0.0033	0.0131	0.0161	0.0157	0.0042	0.0145	0.0215	0.0265	0.0081	0.0009	0.0068	0.0053	0.0045	0.0051	0.0045	0.0099	0.0205	0.0086	0.0307	0.0169	
0.0021	0.0097	0.0039	0.0126	0.0006	0.0064	0.0003	0.0004	0.0173	0.0016	0.0122	0.0184	0.0172	0.0215	0.0134	0.0286	0.0257	0.0057	0.0162	0.0144	0.0208	0.0088	0.0238	0.0107	0.0138	0.0086	0.0078	0.0161	0.0041	0.0144	0.0180	0.0100	0.0262	0.0254	0.0133	0.0216	0.0091	0.0022	0.0125	0.0314	0.0135	0.0187	0.0073	0.0062	0.0184	0.0166	0.0156	0.0105	0.0225	0.0059	0.0129	0.0189	0.0193	0.0085	0.0196	0.0199	0.0148	0.0193	0.0326	0.0203	0.0277	0.0141	0.0234	0.0032	0.0078	0.0017	0.0228	0.0213	0.0101	0.0200	
0.0198	0.0180	0.0139	0.0226	0.0005	0.0040	0.0003	0.0164	0.0186	0.0208	0.0220	0.0241	0.0190	0.0283	0.0021	0.0018	0.0184	0.0176	0.0009	0.0183	0.0053	0.0160	0.0023	0.0196	0.0017	0.0216	0.0181	0.0052	0.0238	0.0148	0.0191	0.0189	0.0014	0.0303	0.0115	0.0170	0.0012	0.0231	0.0087	0.0129	0.0194	0.0238	0.0273	0.0032	0.0254	0.0219	0.0199	0.0257	0.0010	0.0070	0.0096	0.0079	0.0237	0.0167	0.0119	0.0035	0.0200	0.0218	0.0191	0.0010	0.0103	0.0211	0.0207	0.0056	0.0020	0.0023	0.0232	0.0230	0.0126	0.0094	
0.0003	0.0212	0.0079	0.0116	0.0209	0.0128	0.0179	0.0349	0.0223	0.0028	0.0089	0.0255	0.0036	0.0189	0.0079	0.0145	0.0258	0.0184	0.0141	0.0111	0.0029	0.0038	0.0058	0.0090	0.0075	0.0300	0.0049	0.0241	0.0009	0.0264	0.0025	0.0226	0.0158	0.0215	0.0073	0.0138	0.0009	0.0135	0.0167	0.0049	0.0170	0.0199	0.0034	0.0170	0.0218	0.0166	0.0220	0.0026	0.0296	0.0188	0.0080	0.0101	0.0093	0.0014	0.0071	0.0202	0.0205	0.0225	0.0073	0.0010	0.0067	0.0267	0.0249	0.0256	0.0335	0.0149	0.0107	0.0110	0.0133	0.0205	
0.0113	0.0108	0.0185	0.0110	0.0205	0.0091	0.0003	0.0180	0.0154	0.0198	0.0065	0.0020	0.0178	0.0134	0.0243	0.0200	0.0148	0.0170	0.0145	0.0087	0.0225	0.0023	0.0047	0.0261	0.0321	0.0167	0.0188	0.0074	0.0140	0.0085	0.0037	0.0069	0.0145	0.0046	0.0009	0.0154	0.0194	0.0307	0.0073	0.0139	0.0227	0.0308	0.0125	0.0143	0.0181	0.0021	0.0292	0.0165	0.0043	0.0115	0.0304	0.0321	0.0242	0.0007	0.0264	0.0114	0.0071	0.0042	0.0102	0.0010	0.0242	0.0174	0.0011	0.0077	0.0164	0.0227	0.0063	0.0161	0.0126	0.0215	
0.0021	0.0193	0.0044	0.0238	0.0154	0.0161	0.0216	0.0157	0.0205	0.0217	0.0274	0.0093	0.0025	0.0081	0.0156	0.0078	0.0076	0.0280	0.0107	0.0144	0.0157	0.0116	0.0128	0.0084	0.0055	0.0031	0.0200	0.0051	0.0241	0.0228	0.0187	0.0074	0.0002	0.0110	0.0048	0.0049	0.0248	0.0094	0.0177	0.0169	0.0179	0.0151	0.0149	0.0191	0.0051	0.0065	0.0201	0.0300	0.0194	0.0114	0.0261	0.0329	0.0085	0.0283	0.0030	0.0193	0.0034	0.0002	0.0129	0.0095	0.0360	0.0121	0.0284	0.0340	0.0025	0.0131	0.0057	0.0205	0.0008	0.0063	
0.0145	0.0238	0.0045	0.0098	0.0245	0.0041	0.0232	0.0275	0.0271	0.0214	0.0155	0.0048	0.0123	0.0180	0.0056	0.0002	0.0294	0.0052	0.0076	0.0157	0.0042	0.0201	0.0251	0.0028	0.0006	0.0089	0.0250	0.0163	0.0151	0.0178	0.0021	0.0282	0.0201	0.0186	0.0247	0.0194	0.0150	0.0263	0.0246	0.0289	0.0240	0.0065	0.0007	0.0183	0.0227	0.0212	0.0010	0.0020	0.0221	0.0019	0.0139	0.0027	0.0113	0.0127	0.0006	0.0218	0.0042	0.0012	0.0103	0.0152	0.0073	0.0108	0.0083	0.0085	0.0174	0.0215	0.0135	0.0215	0.0253	0.0133	
0.0149	0.0013	0.0032	0.0114	0.0314	0.0227	0.0181	0.0042	0.0067	0.0065	0.0101	0.0181	0.0215	0.0160	0.0027	0.0408	0.0114	0.0071	0.0189	0.0015	0.0110	0.0181	0.0180	0.0119	0.0235	0.0067	0.0211	0.0215	0.0294	0.0037	0.0080	0.0078	0.0086	0.0057	0.0148	0.0107	0.0290	0.0022	0.0263	0.0012	0.0022	0.0290	0.0285	0.0030	0.0075	0.0107	0.0172	0.0290	0.0071	0.0241	0.0078	0.0088	0.0076	0.0245	0.0011	0.0248	0.0150	0.0189	0.0184	0.0112	0.0025	0.0287	0.0088	0.0062	0.0265	0.0017	0.0138	0.0221	0.0270	0.0182	
0.0014	0.0125	0.0083	0.0177	0.0392	0.0133	0.0197	0.0117	0.0038	0.0045	0.0269	0.0239	0.0124	0.0057	0.0259	0.0025	0.0249	0.0126	0.0034	0.0204	0.0012	0.0069	0.0149	0.0106	0.0309	0.0017	0.0175	0.0159	0.0033	0.0056	0.0016	0.0327	0.0014	0.0203	0.0175	0.0157	0.0227	0.0196	0.0244	0.0064	0.0035	0.0280	0.0194	0.0127	0.0132	0.0022	0.0135	0.0013	0.0076	0.0240	0.0025	0.0338	0.0157	0.0043	0.0123	0.0233	0.0249	0.0021	0.0123	0.0254	0.0202	0.0061	0.0138	0.0275	0.0022	0.0219	0.0215	0.0235	0.0150	0.0046	
0.0089	0.0064	0.0155	0.0207	0.0170	0.0019	0.0177	0.0016	0.0217	0.0216	0.0182	0.0193	0.0063	0.0069	0.0039	0.0041	0.0095	0.0296	0.0051	0.0215	0.0202	0.0191	0.0058	0.0285	0.0208	0.0182	0.0133	0.0175	0.0083	0.0177	0.0054	0.0196	0.0160	0.0035	0.0125	0.0172	0.0056	0.0234	0.0172	0.0082	0.0055	0.0219	0.0070	0.0191	0.0064	0.0024	0.0304	0.0048	0.0239	0.0292	0.0169	0.0346	0.0169	0.0179	0.0064	0.0159	0.0006	0.0189	0.0257	0.0179	0.0141	0.0008	0.0240	0.0056	0.0188	0.0231	0.0028	0.0049	0.0178	0.0100	
0.0280	0.0131	0.0092	0.0215	0.0198	0.0005	0.0120	0.0176	0.0168	0.0177	0.0281	0.0120	0.0202	0.0081	0.0063	0.0073	0.0038	0.0369	0.0227	0.0268	0.0194	0.0132	0.0003	0.0292	0.0335	0.0043	0.0031	0.0019	0.0256	0.0105	0.0245	0.0275	0.0113	0.0139	0.0014	0.0007	0.0199	0.0316	0.0248	0.0045	0.0076	0.0155	0.0037	0.0087	0.0188	0.0005	0.0066	0.0131	0.0261	0.0126	0.0198	0.0035	0.0090	0.0219	0.0161	0.0163	0.0128	0.0110	0.0198	0.0127	0.0284	0.0087	0.0189	0.0080	0.0118	0.0030	0.0164	0.0054	0.0099	0.0036	
0.0197	0.0072	0.0009	0.0179	0.0236	0.0131	0.0078	0.0232	0.0023	0.0266	0.0301	0.0171	0.0021	0.0185	0.0209	0.0286	0.0146	0.0214	0.0008	0.0150	0.0138	0.0024	0.0005	0.0140	0.0125	0.0172	0.0250	0.0263	0.0216	0.0191	0.0029	0.0002	0.0035	0.0258	0.0209	0.0093	0.0023	0.0225	0.0009	0.0017	0.0091	0.0252	0.0134	0.0275	0.0127	0.0046	0.0075	0.0010	0.0186	0.0228	0.0195	0.0029	0.0066	0.0245	0.0170	0.0153	0.0084	0.0124	0.0061	0.0228	0.0153	0.0111	0.0295	0.0133	0.0180	0.0269	0.0117	0.0063	0.0309	0.0053	
0.0222	0.0201	0.0222	0.0275	0.0058	0.0308	0.0200	0.0034	0.0280	0.0035	0.0200	0.0244	0.0056	0.0004	0.0013	0.0003	0.0272	0.0188	0.0079	0.0052	0.0060	0.0154	0.0138	0.0085	0.0210	0.0246	0.0241	0.0002	0.0035	0.0168	0.0178	0.0014	0.0061	0.0137	0.0254	0.0204	0.0110	0.0114	0.0154	0.0199	0.0307	0.0053	0.0164	0.0042	0.0050	0.0194	0.0062	0.0316	0.0127	0.0280	0.0043	0.0043	0.0297	0.0185	0.0292	0.0077	0.0107	0.0121	0.0115	0.0098	0.0008	0.0185	0.0285	0.0111	0.0111	0.0189	0.0136	0.0197	0.0040	0.0055	
0.0180	0.0116	0.0250	0.0129	0.0058	0.0020	0.0226	0.0111	0.0014	0.0228	0.0178	0.0212	0.0174	0.0090	0.0130	0.0135	0.0034	0.0173	0.0112	0.0182	0.0155	0.0199	0.0266	0.0044	0.0215	0.0091	0.0062	0.0084	0.0201	0.0163	0.0051	0.0115	0.0230	0.0058	0.0029	0.0190	0.0082	0.0116	0.0090	0.0276	0.0131	0.0283	0.0114	0.0151	0.0188	0.0049	0.0005	0.0154	0.0261	0.0238	0.0109	0.0197	0.0097	0.0117	0.0187	0.0230	0.0147	0.0160	0.0235	0.0245	0.0228	0.0170	0.0134	0.0105	0.0143	0.0088	0.0003	0.0096	0.0081	0.0185	
0.0104	0.0269	0.0048	0.0184	0.0086	0.0267	0.0089	0.0143	0.0143	0.0207	0.0111	0.0161	0.0163	0.0313	0.0065	0.0082	0.0018	0.0088	0.0207	0.0065	0.0036	0.0289	0.0228	0.0155	0.0027	0.0193	0.0152	0.0024	0.0363	0.0141	0.0051	0.0299	0.0101	0.0022	0.0233	0.0194	0.0299	0.0328	0.0103	0.0008	0.0278	0.0074	0.0068	0.0099	0.0190	0.0067	0.0046	0.0220	0.0095	0.0135	0.0081	0.0213	0.0301	0.0035	0.0268	0.0215	0.0056	0.0201	0.0124	0.0132	0.0066	0.0064	0.0145	0.0022	0.0084	0.0223	0.0047	0.0109	0.0149	0.0136	
0.0126	0.0054	0.0007	0.0148	0.0160	0.0235	0.0108	0.0061	0.0176	0.0168	0.0182	0.0151	0.0194	0.0174	0.0042	0.0145	0.0175	0.0062	0.0097	0.0245	0.0115	0.0015	0.0091	0.0210	0.0217	0.0084	0.0179	0.0029	0.0232	0.0237	0.0026	0.0239	0.0093	0.0233	0.0208	0.0001	0.0156	0.0074	0.0152	0.0118	0.0032	0.0228	0.0254	0.0184	0.0160	0.0109	0.0098	0.0176	0.0238	0.0206	0.0239	0.0251	0.0247	0.0091	0.0202	0.0094	0.0229	0.0019	0.0160	0.0010	0.0036	0.0086	0.0098	0.0221	0.0138	0.0210	0.0070	0.0263	0.0188	0.0047	
0.0388	0.0143	0.0082	0.0304	0.0553	0.0168	0.0037	0.0173	0.0061	0.0076	0.0027	0.0010	0.0067	0.0004	0.0016	0.0111	0.0204	0.0015	0.0383	0.0196	0.0025	0.0248	0.0261	0.0133	0.0208	0.0103	0.0146	0.0025	0.0019	0.0280	0.0084	0.0223	0.0022	0.0310	0.0006	0.0090	0.0066	0.0075	0.0205	0.0020	0.0063	0.0083	0.0410	0.0157	0.0267	0.0021	0.0047	0.0115	0.0285	0.0156	0.0005	0.0102	0.0358	0.0049	0.0014	0.0098	0.0292	0.0039	0.0041	0.0036	0.0029	0.0019	0.0259	0.0150	0.0005	0.0207	0.0305	0.0212	0.0400	0.0208	
0.0002	0.0144	0.0184	0.0225	0.0089	0.0341	0.0185	0.0083	0.0155	0.0118	0.0182	0.0055	0.0084	0.0195	0.0200	0.0015	0.0139	0.0233	0.0169	0.0225	0.0197	0.0016	0.0045	0.0085	0.0028	0.0053	0.0193	0.0137	0.0116	0.0103	0.0040	0.0197	0.0125	0.0078	0.0140	0.0147	0.0174	0.0053	0.0209	0.0058	0.0189	0.0139	0.0140	0.0208	0.0154	0.0336	0.0226	0.0232	0.0222	0.0253	0.0041	0.0007	0.0261	0.0078	0.0236	0.0232	0.0118	0.0061	0.0222	0.0038	0.0061	0.0113	0.0225	0.0059	0.0078	0.0333	0.0336	0.0016	0.0054	0.0112	
0.0106	0.0062	0.0037	0.0150	0.0027	0.0047	0.0159	0.0153	0.0297	0.0054	0.0117	0.0203	0.0198	0.0138	0.0058	0.0035	0.0235	0.0028	0.0101	0.0131	0.0016	0.0115	0.0143	0.0224	0.0292	0.0074	0.0180	0.0114	0.0121	0.0163	0.0020	0.0197	0.0263	0.0071	0.0143	0.0244	0.0267	0.0102	0.0055	0.0239	0.0136	0.0266	0.0078	0.0150	0.0209	0.0185	0.0198	0.0152	0.0008	0.0053	0.0045	0.0227	0.0207	0.0192	0.0092	0.0247	0.0267	0.0112	0.0190	0.0229	0.0168	0.0044	0.0007	0.0121	0.0044	0.0213	0.0255	0.0176	0.0260	0.0087	
0.0056	0.0116	0.0297	0.0153	0.0008	0.0042	0.0036	0.0015	0.0227	0.0096	0.0212	0.0041	0.0091	0.0072	0.0110	0.0082	0.0010	0.0040	0.0235	0.0187	0.0053	0.0116	0.0213	0.0080	0.0069	0.0085	0.0312	0.0297	0.0108	0.0025	0.0193	0.0279	0.0207	0.0230	0.0312	0.0184	0.0253	0.0027	0.0145	0.0070	0.0263	0.0178	0.0106	0.0069	0.0051	0.0117	0.0215	0.0186	0.0309	0.0235	0.0155	0.0130	0.0194	0.0071	0.0026	0.0153	0.0188	0.0138	0.0125	0.0192	0.0046	0.0065	0.0178	0.0222	0.0147	0.0240	0.0171	0.0144	0.0111	0.0193	

Emissions
0.0824	0.2903	0.1597	0.1177	0.0750	0.0887	0.0005	0.1518	0.0337	
0.2563	0.2052	0.0663	0.0028	0.0709	0.0974	0.0376	0.1324	0.1312	
0.0604	0.0432	0.0074	0.0062	0.1395	0.4040	0.0132	0.1322	0.1940	
0.1187	0.2020	0.1382	0.1674	0.0198	0.0623	0.0457	0.0961	0.1498	
0.0287	0.3782	0.1471	0.0724	0.0611	0.0196	0.1051	0.1359	0.0518	
0.0022	0.0698	0.0648	0.1184	0.0785	0.1183	0.0681	0.4385	0.0414	
0.1553	0.0435	0.0938	0.1067	0.0706	0.0165	0.1497	0.1224	0.2416	
0.1384	0.0063	0.0724	0.1635	0.0597	0.0239	0.1785	0.2699	0.0873	
0.1597	0.0177	0.1706	0.1641	0.1273	0.0374	0.1872	0.0154	0.1205	
0.2482	0.0678	0.1110	0.0395	0.0803	0.0653	0.1057	0.2010	0.0812	
0.0743	0.1748	0.1322	0.0734	0.0101	0.1005	0.0836	0.2271	0.1240	
0.1828	0.0746	0.1169	0.1469	0.0623	0.1106	0.0001	0.0943	0.2116	
0.0725	0.1976	0.0792	0.0054	0.1575	0.1729	0.1381	0.1441	0.0328	
0.1002	0.1166	0.1009	0.2185	0.0305	0.0368	0.2001	0.1051	0.0912	
0.1442	0.0707	0.2602	0.0085	0.0716	0.0175	0.1224	0.1563	0.1486	
0.0160	0.2341	0.1764	0.0787	0.0132	0.0670	0.0989	0.1568	0.1589	
0.1551	0.0647	0.1800	0.1313	0.0972	0.0723	0.0344	0.2134	0.0516	
0.0521	0.0061	0.7163	0.0241	0.0020	0.1471	0.0240	0.0069	0.0215	
0.1291	0.1509	0.0812	0.0153	0.0686	0.0574	0.2180	0.1221	0.1573	
0.0798	0.1785	0.1170	0.0058	0.0728	0.1634	0.1222	0.2389	0.0217	
0.0989	0.0388	0.1200	0.0387	0.1122	0.1868	0.1746	0.0903	0.1398	
0.1295	0.2119	0.2495	0.0676	0.0862	0.0223	0.0527	0.1434	0.0368	
0.0912	0.1845	0.1909	0.0712	0.0867	0.0497	0.1351	0.1719	0.0189	
0.2557	0.0262	0.1695	0.0688	0.0593	0.0039	0.0246	0.0965	0.2956	
0.1228	0.0870	0.1581	0.0739	0.0316	0.0171	0.1124	0.2732	0.1239	
0.0631	0.0236	0.2650	0.0037	0.1729	0.3274	0.1045	0.0111	0.0285	
0.0508	0.0984	0.0742	0.0009	0.1273	0.1255	0.1883	0.2504	0.0843	
0.0485	0.1283	0.1220	0.2174	0.0377	0.1023	0.0744	0.1979	0.0716	
0.0847	0.1694	0.0840	0.0856	0.0622	0.1008	0.1502	0.1847	0.0784	
0.0244	0.1363	0.0694	0.0660	0.0778	0.0956	0.1803	0.1719	0.1783	
0.0798	0.1428	0.1458	0.0115	0.1295	0.1387	0.1979	0.0618	0.0924	
0.0202	0.2381	0.2059	0.0584	0.0919	0.0256	0.1280	0.2193	0.0125	
0.0496	0.1285	0.0862	0.0044	0.0167	0.4013	0.1774	0.0859	0.0501	
0.0117	0.1772	0.2233	0.1007	0.0073	0.1572	0.1476	0.1685	0.0065	
0.1525	0.1122	0.0605	0.0066	0.1176	0.1602	0.1437	0.2387	0.0078	
0.0359	0.1224	0.1607	0.0003	0.1994	0.3799	0.0900	0.0106	0.0007	
0.1352	0.1202	0.1666	0.0905	0.0347	0.0482	0.0129	0.2123	0.1794	
0.1406	0.0710	0.2572	0.0302	0.0750	0.0404	0.0352	0.2388	0.1117	
0.1386	0.1694	0.1860	0.0967	0.0412	0.0361	0.1548	0.0369	0.1404	
0.0133	0.0000	0.1575	0.0002	0.1119	0.6094	0.0882	0.0015	0.0179	
0.1270	0.0764	0.0285	0.2059	0.1022	0.0293	0.0281	0.2705	0.1321	
0.0310	0.1266	0.3008	0.0402	0.1302	0.0083	0.1276	0.1575	0.0777	
0.0243	0.2694	0.2038	0.0145	0.0817	0.0424	0.1359	0.0880	0.1401	
0.1188	0.1458	0.1645	0.1047	0.0327	0.0711	0.1472	0.1163	0.0990	
0.0159	0.1531	0.1481	0.0051	0.0858	0.3044	0.1284	0.0849	0.0743	
0.0617	0.0699	0.0267	0.0101	0.0710	0.4911	0.1748	0.0799	0.0149	
0.1066	0.0718	0.1611	0.1649	0.0284	0.0961	0.1028	0.0649	0.2035	
0.1345	0.0994	0.3076	0.0227	0.0427	0.0554	0.1107	0.0565	0.1705	
0.1253	0.1270	0.1073	0.1947	0.0297	0.1162	0.0966	0.1875	0.0156	
0.1663	0.0253	0.2463	0.0342	0.0297	0.0285	0.2265	0.1514	0.0917	
0.2188	0.1280	0.1904	0.0216	0.0085	0.0362	0.2460	0.0526	0.0981	
0.1294	0.2153	0.2563	0.1309	0.0290	0.0208	0.0351	0.0008	0.1824	
0.0765	0.1637	0.2106	0.0557	0.0430	0.1344	0.1053	0.1749	0.0358	
0.0954	0.1944	0.0542	0.1465	0.0566	0.0190	0.0033	0.1770	0.2536	
0.0050	0.0990	0.1393	0.0100	0.1869	0.0739	0.1332	0.1753	0.1775	
0.0242	0.1979	0.2672	0.0197	0.2143	0.0832	0.0724	0.0104	0.1108	
0.0570	0.0514	0.2074	0.1779	0.0328	0.0185	0.1952	0.1207	0.1391	
0.0224	0.2228	0.0884	0.0311	0.1478	0.2975	0.0721	0.0250	0.0929	
0.0396	0.1025	0.2527	0.0249	0.0077	0.2996	0.1746	0.0731	0.0251	
0.0520	0.2143	0.1536	0.0381	0.0882	0.1313	0.1224	0.1455	0.0547	
0.1310	0.0377	0.2935	0.0271	0.0299	0.0978	0.1107	0.1013	0.1709	
0.1007	0.1100	0.0048	0.0032	0.0246	0.2406	0.1731	0.2107	0.1324	
0.1787	0.2249	0.0853	0.0275	0.0187	0.0672	0.0118	0.1784	0.2075	
0.0441	0.0874	0.1382	0.1854	0.0254	0.0140	0.1125	0.1190	0.2741	
0.0774	0.0311	0.0842	0.0318	0.0315	0.2259	0.2621	0.0126	0.2435	
0.0149	0.0864	0.1953	0.0577	0.0278	0.2128	0.1973	0.1902	0.0177	
0.0043	0.1930	0.0174	0.0082	0.0483	0.4611	0.1886	0.0549	0.0242	
0.0735	0.1931	0.0267	0.1743	0.0425	0.0934	0.1686	0.0570	0.1708	
0.0750	0.1207	0.1569	0.1201	0.0412	0.0246	0.0955	0.3307	0.0354	
0.2366	0.1633	0.0280	0.1622	0.0092	0.0966	0.0031	0.1207	0.1804	
