DataSet 36
Learner: Baum Welch Learner
Log Likelihood: 121770.0529263090

Number of States: 70
Number of Symbols: 9
Threshold: 0.01

Initial Distribution:
0.0002	0.0073	0.0079	0.0055	0.0003	0.0026	0.0225	0.0035	0.0038	0.0000	0.0362	0.0037	0.0131	0.0005	0.0014	0.0005	0.0033	0.0063	0.0054	0.0822	0.0083	0.0033	0.0027	0.0000	0.0854	0.0004	0.0060	0.0364	0.0029	0.0062	0.0013	0.0001	0.0110	0.0012	0.0711	0.0081	0.0001	0.0038	0.0022	0.0033	0.0010	0.0037	0.0077	0.1038	0.0036	0.0055	0.0041	0.0262	0.0188	0.0006	0.0052	0.0061	0.0010	0.0010	0.0024	0.0015	0.0191	0.0122	0.0253	0.0159	0.0040	0.0003	0.0003	0.0357	0.0174	0.0173	0.1953	0.0003	0.0023	0.0026	

Transitions:
0.0055	0.0260	0.0029	0.0031	0.0160	0.0044	0.0171	0.0246	0.0261	0.0118	0.0115	0.0269	0.0224	0.0001	0.0078	0.0169	0.0049	0.0171	0.0271	0.0140	0.0174	0.0183	0.0045	0.0100	0.0056	0.0248	0.0046	0.0084	0.0097	0.0250	0.0153	0.0238	0.0045	0.0152	0.0233	0.0123	0.0135	0.0197	0.0199	0.0039	0.0134	0.0043	0.0136	0.0287	0.0067	0.0205	0.0082	0.0079	0.0151	0.0515	0.0063	0.0044	0.0047	0.0044	0.0101	0.0214	0.0222	0.0165	0.0237	0.0215	0.0002	0.0060	0.0151	0.0232	0.0204	0.0126	0.0192	0.0075	0.0044	0.0209	
0.0062	0.0082	0.0238	0.0239	0.0002	0.0130	0.0060	0.0039	0.0056	0.0134	0.0190	0.0277	0.0219	0.0103	0.0280	0.0193	0.0194	0.0037	0.0039	0.0086	0.0203	0.0270	0.0010	0.0046	0.0045	0.0118	0.0216	0.0161	0.0092	0.0239	0.0038	0.0004	0.0031	0.0249	0.0202	0.0297	0.0103	0.0124	0.0037	0.0022	0.0102	0.0196	0.0113	0.0151	0.0306	0.0027	0.0158	0.0032	0.0019	0.0051	0.0286	0.0152	0.0045	0.0284	0.0069	0.0100	0.0058	0.0229	0.0154	0.0189	0.0212	0.0191	0.0321	0.0135	0.0083	0.0194	0.0204	0.0304	0.0189	0.0275	
0.0052	0.0080	0.0276	0.0017	0.0221	0.0318	0.0136	0.0173	0.0053	0.0016	0.0194	0.0211	0.0136	0.0027	0.0280	0.0187	0.0237	0.0102	0.0179	0.0101	0.0167	0.0159	0.0242	0.0095	0.0099	0.0284	0.0183	0.0239	0.0064	0.0086	0.0076	0.0141	0.0152	0.0063	0.0203	0.0179	0.0152	0.0023	0.0248	0.0065	0.0250	0.0255	0.0173	0.0100	0.0236	0.0032	0.0012	0.0184	0.0162	0.0289	0.0266	0.0138	0.0151	0.0043	0.0030	0.0240	0.0141	0.0153	0.0168	0.0063	0.0051	0.0114	0.0099	0.0193	0.0181	0.0067	0.0011	0.0123	0.0069	0.0089	
0.0006	0.0238	0.0161	0.0083	0.0216	0.0352	0.0316	0.0089	0.0230	0.0099	0.0232	0.0020	0.0124	0.0198	0.0181	0.0253	0.0011	0.0118	0.0007	0.0050	0.0309	0.0009	0.0126	0.0277	0.0009	0.0136	0.0157	0.0220	0.0217	0.0121	0.0023	0.0284	0.0176	0.0084	0.0198	0.0285	0.0057	0.0068	0.0194	0.0054	0.0237	0.0093	0.0241	0.0123	0.0174	0.0045	0.0032	0.0276	0.0069	0.0029	0.0108	0.0232	0.0098	0.0015	0.0118	0.0303	0.0127	0.0280	0.0079	0.0061	0.0188	0.0081	0.0188	0.0065	0.0055	0.0003	0.0168	0.0049	0.0260	0.0216	
0.0119	0.0211	0.0163	0.0218	0.0117	0.0195	0.0035	0.0297	0.0013	0.0247	0.0061	0.0151	0.0113	0.0113	0.0029	0.0101	0.0080	0.0117	0.0248	0.0142	0.0175	0.0065	0.0313	0.0102	0.0141	0.0133	0.0186	0.0127	0.0071	0.0141	0.0127	0.0301	0.0172	0.0163	0.0120	0.0115	0.0227	0.0090	0.0159	0.0141	0.0171	0.0105	0.0179	0.0089	0.0179	0.0213	0.0194	0.0226	0.0016	0.0351	0.0193	0.0015	0.0065	0.0039	0.0001	0.0094	0.0202	0.0097	0.0054	0.0270	0.0247	0.0103	0.0252	0.0121	0.0075	0.0071	0.0154	0.0196	0.0028	0.0162	
0.0134	0.0237	0.0276	0.0080	0.0236	0.0055	0.0154	0.0148	0.0121	0.0179	0.0260	0.0233	0.0169	0.0137	0.0258	0.0159	0.0190	0.0258	0.0157	0.0075	0.0137	0.0138	0.0058	0.0208	0.0186	0.0115	0.0192	0.0076	0.0020	0.0141	0.0057	0.0260	0.0271	0.0123	0.0080	0.0221	0.0067	0.0300	0.0076	0.0209	0.0217	0.0103	0.0009	0.0149	0.0001	0.0051	0.0241	0.0087	0.0169	0.0173	0.0176	0.0242	0.0049	0.0219	0.0024	0.0016	0.0179	0.0033	0.0188	0.0116	0.0130	0.0080	0.0134	0.0215	0.0128	0.0003	0.0298	0.0052	0.0040	0.0029	
0.0096	0.0212	0.0173	0.0265	0.0147	0.0056	0.0097	0.0192	0.0240	0.0131	0.0113	0.0179	0.0157	0.0127	0.0003	0.0093	0.0223	0.0389	0.0116	0.0050	0.0031	0.0040	0.0065	0.0203	0.0073	0.0252	0.0234	0.0061	0.0013	0.0293	0.0067	0.0234	0.0047	0.0182	0.0086	0.0289	0.0100	0.0132	0.0095	0.0284	0.0252	0.0379	0.0107	0.0046	0.0392	0.0028	0.0173	0.0038	0.0207	0.0051	0.0107	0.0001	0.0257	0.0276	0.0176	0.0054	0.0164	0.0219	0.0118	0.0003	0.0088	0.0055	0.0180	0.0173	0.0044	0.0164	0.0047	0.0040	0.0265	0.0054	
0.0246	0.0074	0.0225	0.0109	0.0155	0.0055	0.0226	0.0310	0.0250	0.0063	0.0237	0.0223	0.0132	0.0201	0.0153	0.0054	0.0284	0.0060	0.0150	0.0053	0.0065	0.0166	0.0219	0.0079	0.0140	0.0164	0.0087	0.0143	0.0010	0.0041	0.0208	0.0136	0.0080	0.0165	0.0054	0.0008	0.0114	0.0119	0.0102	0.0187	0.0121	0.0210	0.0266	0.0063	0.0038	0.0153	0.0226	0.0239	0.0026	0.0011	0.0311	0.0025	0.0157	0.0201	0.0198	0.0122	0.0143	0.0091	0.0250	0.0017	0.0247	0.0057	0.0248	0.0147	0.0087	0.0069	0.0111	0.0281	0.0163	0.0172	
0.0167	0.0098	0.0240	0.0180	0.0186	0.0174	0.0144	0.0148	0.0047	0.0226	0.0195	0.0142	0.0112	0.0001	0.0056	0.0177	0.0253	0.0189	0.0156	0.0171	0.0116	0.0009	0.0128	0.0057	0.0208	0.0077	0.0167	0.0085	0.0211	0.0158	0.0035	0.0199	0.0048	0.0124	0.0041	0.0129	0.0068	0.0197	0.0214	0.0057	0.0215	0.0297	0.0035	0.0168	0.0059	0.0085	0.0190	0.0247	0.0076	0.0196	0.0110	0.0185	0.0054	0.0215	0.0016	0.0208	0.0224	0.0148	0.0209	0.0114	0.0222	0.0038	0.0167	0.0077	0.0163	0.0180	0.0070	0.0271	0.0191	0.0181	
0.0118	0.0057	0.0245	0.0107	0.0309	0.0165	0.0273	0.0236	0.0009	0.0154	0.0177	0.0205	0.0008	0.0037	0.0101	0.0088	0.0180	0.0106	0.0109	0.0103	0.0192	0.0190	0.0292	0.0080	0.0088	0.0193	0.0109	0.0202	0.0012	0.0066	0.0012	0.0214	0.0025	0.0159	0.0066	0.0046	0.0304	0.0197	0.0259	0.0120	0.0223	0.0081	0.0139	0.0115	0.0206	0.0057	0.0041	0.0163	0.0206	0.0197	0.0142	0.0268	0.0181	0.0157	0.0054	0.0276	0.0096	0.0142	0.0030	0.0061	0.0072	0.0019	0.0196	0.0230	0.0131	0.0209	0.0222	0.0114	0.0278	0.0080	
0.0092	0.0203	0.0103	0.0282	0.0124	0.0082	0.0031	0.0126	0.0082	0.0025	0.0109	0.0318	0.0193	0.0193	0.0365	0.0033	0.0044	0.0264	0.0145	0.0079	0.0177	0.0132	0.0219	0.0189	0.0051	0.0396	0.0130	0.0145	0.0246	0.0058	0.0171	0.0259	0.0167	0.0202	0.0018	0.0197	0.0112	0.0207	0.0237	0.0263	0.0207	0.0255	0.0049	0.0002	0.0203	0.0100	0.0037	0.0013	0.0216	0.0094	0.0178	0.0211	0.0003	0.0140	0.0074	0.0227	0.0017	0.0170	0.0110	0.0108	0.0182	0.0112	0.0180	0.0030	0.0093	0.0182	0.0041	0.0097	0.0134	0.0069	
0.0161	0.0107	0.0280	0.0131	0.0238	0.0015	0.0110	0.0275	0.0047	0.0297	0.0202	0.0155	0.0227	0.0128	0.0115	0.0191	0.0247	0.0286	0.0040	0.0053	0.0139	0.0228	0.0014	0.0114	0.0041	0.0067	0.0059	0.0007	0.0127	0.0126	0.0002	0.0257	0.0160	0.0192	0.0167	0.0040	0.0080	0.0128	0.0207	0.0098	0.0138	0.0135	0.0152	0.0154	0.0195	0.0046	0.0199	0.0023	0.0138	0.0322	0.0081	0.0119	0.0039	0.0075	0.0202	0.0337	0.0133	0.0133	0.0111	0.0160	0.0240	0.0084	0.0073	0.0128	0.0219	0.0165	0.0236	0.0053	0.0233	0.0119	
0.0125	0.0066	0.0096	0.0252	0.0198	0.0053	0.0003	0.0104	0.0147	0.0345	0.0166	0.0042	0.0115	0.0207	0.0176	0.0264	0.0228	0.0161	0.0335	0.0192	0.0194	0.0257	0.0032	0.0014	0.0153	0.0123	0.0043	0.0052	0.0248	0.0011	0.0107	0.0166	0.0081	0.0104	0.0135	0.0348	0.0027	0.0136	0.0187	0.0206	0.0347	0.0042	0.0310	0.0092	0.0008	0.0234	0.0291	0.0168	0.0009	0.0083	0.0052	0.0146	0.0079	0.0043	0.0181	0.0204	0.0036	0.0085	0.0057	0.0102	0.0322	0.0260	0.0173	0.0112	0.0189	0.0060	0.0200	0.0045	0.0012	0.0156	
0.0110	0.0082	0.0199	0.0082	0.0198	0.0154	0.0212	0.0185	0.0003	0.0184	0.0104	0.0120	0.0034	0.0125	0.0214	0.0177	0.0030	0.0019	0.0128	0.0231	0.0235	0.0209	0.0047	0.0042	0.0184	0.0037	0.0185	0.0131	0.0199	0.0152	0.0182	0.0220	0.0129	0.0135	0.0184	0.0170	0.0170	0.0189	0.0100	0.0014	0.0175	0.0114	0.0053	0.0114	0.0218	0.0117	0.0146	0.0290	0.0117	0.0269	0.0018	0.0191	0.0126	0.0043	0.0142	0.0207	0.0035	0.0194	0.0157	0.0148	0.0189	0.0049	0.0307	0.0055	0.0279	0.0140	0.0251	0.0126	0.0216	0.0010	
0.0058	0.0073	0.0242	0.0151	0.0008	0.0161	0.0192	0.0254	0.0070	0.0036	0.0176	0.0221	0.0014	0.0296	0.0222	0.0006	0.0080	0.0132	0.0003	0.0320	0.0224	0.0365	0.0049	0.0421	0.0050	0.0207	0.0172	0.0018	0.0128	0.0075	0.0214	0.0041	0.0002	0.0153	0.0235	0.0196	0.0073	0.0314	0.0045	0.0038	0.0056	0.0107	0.0112	0.0223	0.0026	0.0041	0.0050	0.0085	0.0123	0.0246	0.0118	0.0132	0.0151	0.0303	0.0150	0.0067	0.0022	0.0318	0.0122	0.0108	0.0001	0.0182	0.0135	0.0302	0.0166	0.0123	0.0296	0.0162	0.0016	0.0323	
0.0259	0.0091	0.0125	0.0210	0.0233	0.0100	0.0149	0.0130	0.0219	0.0003	0.0183	0.0060	0.0190	0.0152	0.0256	0.0070	0.0144	0.0033	0.0027	0.0185	0.0197	0.0110	0.0115	0.0227	0.0046	0.0193	0.0323	0.0210	0.0048	0.0141	0.0102	0.0177	0.0051	0.0148	0.0030	0.0015	0.0017	0.0239	0.0034	0.0002	0.0216	0.0144	0.0018	0.0140	0.0274	0.0218	0.0239	0.0348	0.0239	0.0036	0.0235	0.0196	0.0101	0.0135	0.0050	0.0115	0.0241	0.0215	0.0231	0.0012	0.0091	0.0293	0.0082	0.0019	0.0192	0.0282	0.0037	0.0016	0.0087	0.0252	
0.0044	0.0171	0.0000	0.0032	0.0176	0.0062	0.0072	0.0047	0.0283	0.0103	0.0189	0.0032	0.0165	0.0206	0.0188	0.0183	0.0059	0.0167	0.0114	0.0107	0.0065	0.0141	0.0249	0.0016	0.0148	0.0316	0.0054	0.0004	0.0176	0.0204	0.0168	0.0186	0.0116	0.0261	0.0002	0.0259	0.0198	0.0068	0.0202	0.0236	0.0069	0.0238	0.0189	0.0067	0.0043	0.0059	0.0035	0.0095	0.0048	0.0364	0.0231	0.0128	0.0182	0.0251	0.0119	0.0229	0.0279	0.0227	0.0121	0.0202	0.0001	0.0061	0.0108	0.0195	0.0140	0.0004	0.0127	0.0223	0.0267	0.0227	
0.0004	0.0192	0.0261	0.0096	0.0065	0.0209	0.0228	0.0144	0.0246	0.0135	0.0205	0.0193	0.0195	0.0260	0.0073	0.0082	0.0042	0.0176	0.0074	0.0070	0.0014	0.0230	0.0176	0.0471	0.0225	0.0017	0.0066	0.0206	0.0136	0.0033	0.0229	0.0134	0.0110	0.0112	0.0225	0.0172	0.0254	0.0067	0.0157	0.0002	0.0233	0.0087	0.0014	0.0011	0.0009	0.0037	0.0118	0.0156	0.0143	0.0086	0.0212	0.0241	0.0074	0.0157	0.0266	0.0064	0.0017	0.0261	0.0129	0.0044	0.0096	0.0267	0.0249	0.0174	0.0193	0.0100	0.0117	0.0113	0.0195	0.0153	
0.0198	0.0202	0.0064	0.0073	0.0110	0.0176	0.0183	0.0228	0.0275	0.0279	0.0182	0.0184	0.0059	0.0073	0.0061	0.0191	0.0003	0.0163	0.0131	0.0135	0.0187	0.0268	0.0165	0.0116	0.0138	0.0329	0.0201	0.0086	0.0071	0.0121	0.0168	0.0003	0.0226	0.0034	0.0194	0.0226	0.0271	0.0010	0.0092	0.0025	0.0158	0.0104	0.0227	0.0153	0.0132	0.0190	0.0233	0.0196	0.0073	0.0197	0.0119	0.0248	0.0194	0.0042	0.0187	0.0192	0.0073	0.0212	0.0201	0.0068	0.0030	0.0122	0.0097	0.0076	0.0023	0.0122	0.0222	0.0024	0.0080	0.0102	
0.0030	0.0291	0.0070	0.0201	0.0021	0.0121	0.0120	0.0204	0.0191	0.0297	0.0043	0.0525	0.0223	0.0220	0.0156	0.0308	0.0059	0.0428	0.0172	0.0014	0.0131	0.0302	0.0102	0.0006	0.0001	0.0264	0.0184	0.0126	0.0199	0.0460	0.0394	0.0348	0.0159	0.0027	0.0101	0.0198	0.0127	0.0169	0.0016	0.0089	0.0015	0.0090	0.0024	0.0082	0.0049	0.0036	0.0076	0.0013	0.0020	0.0038	0.0128	0.0025	0.0217	0.0070	0.0085	0.0049	0.0126	0.0075	0.0071	0.0076	0.0172	0.0041	0.0105	0.0149	0.0125	0.0134	0.0039	0.0367	0.0165	0.0241	
0.0112	0.0232	0.0154	0.0046	0.0019	0.0129	0.0172	0.0143	0.0243	0.0255	0.0004	0.0212	0.0149	0.0095	0.0155	0.0205	0.0264	0.0303	0.0132	0.0121	0.0212	0.0034	0.0271	0.0085	0.0139	0.0283	0.0230	0.0065	0.0239	0.0142	0.0089	0.0134	0.0153	0.0084	0.0166	0.0173	0.0125	0.0133	0.0049	0.0022	0.0118	0.0037	0.0093	0.0134	0.0178	0.0227	0.0158	0.0239	0.0044	0.0059	0.0187	0.0176	0.0138	0.0303	0.0208	0.0086	0.0005	0.0072	0.0121	0.0038	0.0180	0.0136	0.0204	0.0108	0.0105	0.0142	0.0031	0.0077	0.0170	0.0254	
0.0066	0.0122	0.0210	0.0103	0.0046	0.0203	0.0220	0.0077	0.0184	0.0192	0.0092	0.0262	0.0028	0.0138	0.0242	0.0184	0.0238	0.0227	0.0089	0.0116	0.0138	0.0041	0.0290	0.0009	0.0116	0.0323	0.0105	0.0203	0.0029	0.0023	0.0185	0.0079	0.0102	0.0063	0.0195	0.0036	0.0269	0.0024	0.0205	0.0083	0.0136	0.0256	0.0174	0.0170	0.0195	0.0200	0.0096	0.0021	0.0148	0.0330	0.0236	0.0120	0.0287	0.0033	0.0093	0.0063	0.0132	0.0221	0.0220	0.0051	0.0061	0.0203	0.0048	0.0127	0.0010	0.0025	0.0101	0.0261	0.0229	0.0193	
0.0249	0.0231	0.0322	0.0244	0.0366	0.0212	0.0120	0.0060	0.0079	0.0234	0.0202	0.0091	0.0085	0.0066	0.0097	0.0059	0.0104	0.0072	0.0192	0.0148	0.0186	0.0052	0.0049	0.0202	0.0022	0.0200	0.0239	0.0051	0.0209	0.0170	0.0084	0.0152	0.0075	0.0240	0.0044	0.0228	0.0199	0.0306	0.0045	0.0176	0.0199	0.0109	0.0129	0.0086	0.0133	0.0261	0.0201	0.0311	0.0020	0.0235	0.0258	0.0057	0.0038	0.0058	0.0044	0.0154	0.0217	0.0112	0.0264	0.0079	0.0036	0.0089	0.0126	0.0177	0.0076	0.0050	0.0016	0.0112	0.0016	0.0175	
0.0175	0.0111	0.0031	0.0021	0.0327	0.0058	0.0171	0.0212	0.0245	0.0038	0.0032	0.0200	0.0034	0.0210	0.0231	0.0028	0.0062	0.0036	0.0177	0.0213	0.0061	0.0029	0.0034	0.0168	0.0231	0.0119	0.0298	0.0254	0.0002	0.0105	0.0174	0.0053	0.0211	0.0125	0.0046	0.0147	0.0013	0.0016	0.0067	0.0199	0.0221	0.0239	0.0121	0.0335	0.0052	0.0108	0.0026	0.0230	0.0208	0.0049	0.0263	0.0229	0.0214	0.0140	0.0101	0.0162	0.0058	0.0077	0.0125	0.0122	0.0093	0.0236	0.0240	0.0185	0.0100	0.0300	0.0385	0.0143	0.0213	0.0062	
0.0023	0.0060	0.0161	0.0288	0.0214	0.0080	0.0086	0.0073	0.0149	0.0057	0.0063	0.0136	0.0016	0.0383	0.0278	0.0267	0.0141	0.0223	0.0046	0.0070	0.0051	0.0225	0.0158	0.0207	0.0065	0.0060	0.0185	0.0136	0.0112	0.0109	0.0165	0.0232	0.0413	0.0190	0.0006	0.0257	0.0012	0.0336	0.0156	0.0011	0.0408	0.0276	0.0128	0.0025	0.0434	0.0017	0.0158	0.0118	0.0016	0.0059	0.0107	0.0085	0.0128	0.0052	0.0113	0.0057	0.0108	0.0195	0.0045	0.0061	0.0093	0.0226	0.0237	0.0066	0.0074	0.0165	0.0024	0.0193	0.0211	0.0222	
0.0218	0.0142	0.0269	0.0020	0.0168	0.0171	0.0076	0.0104	0.0310	0.0141	0.0109	0.0225	0.0198	0.0008	0.0167	0.0012	0.0022	0.0132	0.0110	0.0176	0.0241	0.0024	0.0101	0.0376	0.0163	0.0048	0.0252	0.0042	0.0127	0.0002	0.0142	0.0035	0.0043	0.0059	0.0114	0.0131	0.0276	0.0084	0.0156	0.0100	0.0015	0.0106	0.0200	0.0197	0.0053	0.0099	0.0282	0.0315	0.0104	0.0184	0.0259	0.0282	0.0006	0.0010	0.0281	0.0240	0.0081	0.0234	0.0124	0.0111	0.0180	0.0010	0.0219	0.0259	0.0236	0.0052	0.0222	0.0144	0.0134	0.0068	
0.0085	0.0210	0.0005	0.0034	0.0215	0.0196	0.0021	0.0192	0.0228	0.0073	0.0056	0.0303	0.0178	0.0218	0.0056	0.0193	0.0028	0.0063	0.0135	0.0147	0.0120	0.0246	0.0375	0.0026	0.0192	0.0014	0.0178	0.0006	0.0004	0.0003	0.0184	0.0144	0.0108	0.0100	0.0073	0.0047	0.0274	0.0247	0.0108	0.0084	0.0219	0.0277	0.0022	0.0050	0.0067	0.0240	0.0123	0.0214	0.0211	0.0166	0.0066	0.0158	0.0085	0.0344	0.0183	0.0192	0.0208	0.0243	0.0087	0.0203	0.0288	0.0013	0.0213	0.0183	0.0145	0.0199	0.0091	0.0124	0.0211	0.0009	
0.0145	0.0042	0.0183	0.0021	0.0235	0.0176	0.0161	0.0158	0.0221	0.0232	0.0126	0.0310	0.0052	0.0253	0.0393	0.0017	0.0034	0.0232	0.0146	0.0156	0.0060	0.0001	0.0158	0.0162	0.0062	0.0348	0.0050	0.0075	0.0179	0.0121	0.0120	0.0389	0.0112	0.0279	0.0103	0.0002	0.0211	0.0061	0.0267	0.0054	0.0251	0.0036	0.0020	0.0059	0.0411	0.0041	0.0199	0.0139	0.0200	0.0108	0.0218	0.0208	0.0263	0.0183	0.0108	0.0151	0.0112	0.0034	0.0128	0.0032	0.0095	0.0121	0.0014	0.0095	0.0087	0.0140	0.0052	0.0153	0.0007	0.0224	
0.0076	0.0262	0.0149	0.0074	0.0059	0.0073	0.0268	0.0046	0.0217	0.0059	0.0239	0.0110	0.0141	0.0034	0.0177	0.0134	0.0024	0.0149	0.0020	0.0004	0.0124	0.0190	0.0137	0.0321	0.0202	0.0064	0.0019	0.0144	0.0248	0.0083	0.0179	0.0151	0.0215	0.0011	0.0064	0.0211	0.0175	0.0180	0.0177	0.0134	0.0191	0.0126	0.0105	0.0143	0.0092	0.0269	0.0323	0.0260	0.0199	0.0064	0.0191	0.0013	0.0108	0.0004	0.0130	0.0201	0.0141	0.0215	0.0126	0.0287	0.0046	0.0092	0.0096	0.0108	0.0155	0.0128	0.0148	0.0138	0.0267	0.0293	
0.0347	0.0113	0.0289	0.0134	0.0100	0.0266	0.0057	0.0216	0.0098	0.0326	0.0075	0.0031	0.0206	0.0257	0.0177	0.0162	0.0330	0.0174	0.0139	0.0142	0.0056	0.0216	0.0045	0.0314	0.0076	0.0125	0.0063	0.0005	0.0004	0.0218	0.0102	0.0177	0.0016	0.0254	0.0066	0.0033	0.0037	0.0244	0.0192	0.0116	0.0095	0.0177	0.0087	0.0163	0.0176	0.0005	0.0148	0.0155	0.0140	0.0001	0.0121	0.0251	0.0182	0.0070	0.0247	0.0046	0.0078	0.0089	0.0065	0.0190	0.0241	0.0079	0.0204	0.0138	0.0120	0.0215	0.0020	0.0209	0.0106	0.0180	
0.0118	0.0055	0.0019	0.0049	0.0074	0.0155	0.0097	0.0145	0.0254	0.0081	0.0287	0.0167	0.0093	0.0002	0.0106	0.0157	0.0160	0.0247	0.0054	0.0025	0.0222	0.0233	0.0126	0.0266	0.0210	0.0050	0.0262	0.0257	0.0043	0.0188	0.0275	0.0208	0.0043	0.0039	0.0156	0.0072	0.0265	0.0199	0.0282	0.0043	0.0238	0.0198	0.0113	0.0273	0.0276	0.0040	0.0231	0.0278	0.0031	0.0201	0.0046	0.0066	0.0148	0.0087	0.0196	0.0179	0.0184	0.0067	0.0146	0.0021	0.0154	0.0126	0.0109	0.0274	0.0104	0.0070	0.0163	0.0054	0.0114	0.0026	
0.0245	0.0323	0.0228	0.0022	0.0072	0.0045	0.0059	0.0158	0.0237	0.0164	0.0102	0.0014	0.0222	0.0069	0.0208	0.0201	0.0013	0.0196	0.0102	0.0256	0.0212	0.0160	0.0030	0.0398	0.0185	0.0108	0.0125	0.0157	0.0178	0.0190	0.0174	0.0285	0.0092	0.0008	0.0060	0.0040	0.0125	0.0143	0.0043	0.0132	0.0125	0.0016	0.0059	0.0021	0.0204	0.0159	0.0189	0.0051	0.0041	0.0167	0.0056	0.0200	0.0187	0.0209	0.0203	0.0050	0.0241	0.0000	0.0141	0.0227	0.0231	0.0199	0.0008	0.0081	0.0303	0.0228	0.0265	0.0167	0.0011	0.0179	
0.0084	0.0124	0.0169	0.0243	0.0071	0.0182	0.0085	0.0013	0.0021	0.0004	0.0189	0.0052	0.0095	0.0318	0.0157	0.0375	0.0244	0.0215	0.0135	0.0002	0.0060	0.0109	0.0241	0.0192	0.0182	0.0302	0.0011	0.0006	0.0045	0.0042	0.0295	0.0358	0.0033	0.0186	0.0073	0.0154	0.0017	0.0226	0.0099	0.0263	0.0231	0.0192	0.0194	0.0104	0.0282	0.0150	0.0054	0.0026	0.0191	0.0171	0.0168	0.0256	0.0038	0.0008	0.0094	0.0235	0.0122	0.0065	0.0053	0.0079	0.0127	0.0070	0.0273	0.0232	0.0045	0.0217	0.0021	0.0224	0.0152	0.0258	
0.0277	0.0052	0.0135	0.0168	0.0045	0.0156	0.0153	0.0156	0.0168	0.0040	0.0225	0.0261	0.0080	0.0102	0.0147	0.0295	0.0227	0.0021	0.0064	0.0110	0.0041	0.0288	0.0144	0.0370	0.0138	0.0179	0.0331	0.0009	0.0091	0.0008	0.0157	0.0134	0.0168	0.0298	0.0302	0.0128	0.0251	0.0180	0.0293	0.0240	0.0151	0.0012	0.0182	0.0035	0.0221	0.0168	0.0009	0.0191	0.0103	0.0086	0.0044	0.0011	0.0156	0.0071	0.0232	0.0023	0.0203	0.0156	0.0064	0.0159	0.0133	0.0139	0.0052	0.0147	0.0199	0.0083	0.0141	0.0093	0.0092	0.0015	
0.0075	0.0058	0.0040	0.0153	0.0288	0.0024	0.0016	0.0091	0.0049	0.0298	0.0096	0.0241	0.0151	0.0002	0.0557	0.0135	0.0274	0.0150	0.0121	0.0137	0.0166	0.0064	0.0111	0.0092	0.0066	0.0088	0.0218	0.0047	0.0155	0.0210	0.0064	0.0340	0.0110	0.0134	0.0015	0.0406	0.0235	0.0084	0.0110	0.0193	0.0486	0.0100	0.0073	0.0042	0.0011	0.0305	0.0196	0.0024	0.0129	0.0038	0.0145	0.0025	0.0002	0.0134	0.0033	0.0007	0.0195	0.0186	0.0159	0.0087	0.0062	0.0333	0.0241	0.0144	0.0092	0.0175	0.0018	0.0124	0.0284	0.0284	
0.0188	0.0145	0.0312	0.0176	0.0256	0.0212	0.0306	0.0315	0.0095	0.0164	0.0105	0.0182	0.0194	0.0099	0.0256	0.0029	0.0251	0.0219	0.0027	0.0022	0.0022	0.0002	0.0049	0.0402	0.0087	0.0043	0.0087	0.0139	0.0146	0.0047	0.0260	0.0161	0.0081	0.0202	0.0153	0.0214	0.0100	0.0089	0.0155	0.0187	0.0024	0.0224	0.0131	0.0123	0.0088	0.0131	0.0056	0.0173	0.0187	0.0135	0.0029	0.0147	0.0048	0.0224	0.0319	0.0156	0.0120	0.0042	0.0115	0.0189	0.0089	0.0133	0.0098	0.0029	0.0189	0.0244	0.0126	0.0019	0.0188	0.0041	
0.0164	0.0122	0.0088	0.0133	0.0254	0.0070	0.0150	0.0207	0.0126	0.0201	0.0284	0.0184	0.0220	0.0012	0.0026	0.0078	0.0052	0.0155	0.0204	0.0003	0.0124	0.0024	0.0264	0.0146	0.0120	0.0185	0.0149	0.0123	0.0257	0.0096	0.0001	0.0031	0.0259	0.0184	0.0230	0.0204	0.0045	0.0189	0.0249	0.0156	0.0033	0.0239	0.0191	0.0148	0.0221	0.0165	0.0192	0.0081	0.0002	0.0171	0.0245	0.0005	0.0097	0.0195	0.0159	0.0249	0.0143	0.0209	0.0031	0.0102	0.0165	0.0004	0.0275	0.0001	0.0246	0.0215	0.0213	0.0038	0.0082	0.0113	
0.0024	0.0127	0.0175	0.0031	0.0226	0.0224	0.0109	0.0120	0.0262	0.0211	0.0004	0.0087	0.0109	0.0117	0.0221	0.0365	0.0202	0.0090	0.0279	0.0007	0.0028	0.0158	0.0190	0.0168	0.0300	0.0035	0.0003	0.0194	0.0175	0.0250	0.0300	0.0187	0.0268	0.0182	0.0092	0.0060	0.0122	0.0054	0.0243	0.0007	0.0106	0.0048	0.0200	0.0095	0.0092	0.0096	0.0160	0.0100	0.0088	0.0282	0.0016	0.0109	0.0043	0.0071	0.0094	0.0179	0.0219	0.0052	0.0030	0.0213	0.0168	0.0151	0.0278	0.0235	0.0239	0.0124	0.0088	0.0253	0.0022	0.0142	
0.0152	0.0150	0.0150	0.0232	0.0161	0.0282	0.0220	0.0072	0.0047	0.0166	0.0150	0.0166	0.0117	0.0205	0.0245	0.0167	0.0095	0.0207	0.0056	0.0211	0.0095	0.0059	0.0021	0.0006	0.0108	0.0220	0.0116	0.0253	0.0141	0.0184	0.0003	0.0218	0.0087	0.0238	0.0070	0.0124	0.0290	0.0062	0.0185	0.0098	0.0217	0.0152	0.0001	0.0123	0.0068	0.0256	0.0055	0.0280	0.0230	0.0064	0.0036	0.0166	0.0157	0.0078	0.0019	0.0103	0.0132	0.0144	0.0152	0.0210	0.0129	0.0225	0.0197	0.0089	0.0158	0.0204	0.0099	0.0166	0.0128	0.0133	
0.0159	0.0036	0.0021	0.0190	0.0279	0.0198	0.0051	0.0153	0.0212	0.0100	0.0156	0.0137	0.0007	0.0084	0.0166	0.0079	0.0028	0.0261	0.0162	0.0185	0.0221	0.0138	0.0148	0.0182	0.0219	0.0004	0.0272	0.0148	0.0217	0.0085	0.0146	0.0161	0.0128	0.0103	0.0137	0.0235	0.0170	0.0225	0.0085	0.0055	0.0051	0.0298	0.0151	0.0037	0.0063	0.0007	0.0198	0.0113	0.0124	0.0053	0.0200	0.0091	0.0199	0.0189	0.0110	0.0039	0.0144	0.0075	0.0219	0.0182	0.0216	0.0180	0.0165	0.0077	0.0152	0.0189	0.0246	0.0157	0.0155	0.0176	
0.0233	0.0083	0.0234	0.0133	0.0190	0.0014	0.0283	0.0173	0.0187	0.0306	0.0074	0.0146	0.0006	0.0191	0.0202	0.0118	0.0253	0.0239	0.0223	0.0145	0.0131	0.0101	0.0232	0.0195	0.0109	0.0210	0.0056	0.0114	0.0110	0.0063	0.0011	0.0066	0.0194	0.0296	0.0130	0.0095	0.0316	0.0088	0.0337	0.0144	0.0112	0.0007	0.0184	0.0020	0.0193	0.0106	0.0169	0.0041	0.0158	0.0133	0.0052	0.0055	0.0181	0.0061	0.0103	0.0168	0.0144	0.0083	0.0052	0.0287	0.0255	0.0109	0.0023	0.0074	0.0279	0.0015	0.0289	0.0033	0.0054	0.0129	
0.0125	0.0101	0.0285	0.0096	0.0012	0.0146	0.0178	0.0313	0.0246	0.0310	0.0034	0.0017	0.0203	0.0187	0.0027	0.0265	0.0167	0.0134	0.0180	0.0174	0.0229	0.0147	0.0036	0.0286	0.0139	0.0023	0.0272	0.0107	0.0058	0.0127	0.0128	0.0109	0.0209	0.0060	0.0186	0.0171	0.0119	0.0072	0.0046	0.0198	0.0228	0.0260	0.0129	0.0033	0.0165	0.0190	0.0188	0.0028	0.0022	0.0417	0.0212	0.0112	0.0131	0.0095	0.0100	0.0035	0.0109	0.0228	0.0214	0.0255	0.0129	0.0007	0.0177	0.0013	0.0104	0.0118	0.0026	0.0185	0.0024	0.0148	
0.0148	0.0042	0.0116	0.0207	0.0279	0.0060	0.0288	0.0309	0.0048	0.0258	0.0149	0.0291	0.0116	0.0068	0.0018	0.0029	0.0338	0.0208	0.0201	0.0170	0.0066	0.0165	0.0145	0.0048	0.0086	0.0351	0.0056	0.0113	0.0193	0.0026	0.0184	0.0269	0.0003	0.0178	0.0100	0.0121	0.0030	0.0208	0.0104	0.0060	0.0041	0.0170	0.0181	0.0188	0.0116	0.0161	0.0204	0.0088	0.0212	0.0107	0.0274	0.0134	0.0242	0.0103	0.0051	0.0014	0.0195	0.0039	0.0131	0.0217	0.0007	0.0174	0.0059	0.0007	0.0032	0.0119	0.0207	0.0255	0.0220	0.0198	
0.0006	0.0085	0.0053	0.0203	0.0217	0.0184	0.0098	0.0119	0.0158	0.0243	0.0052	0.0420	0.0108	0.0166	0.0211	0.0065	0.0031	0.0403	0.0158	0.0047	0.0141	0.0259	0.0066	0.0102	0.0028	0.0451	0.0048	0.0100	0.0258	0.0462	0.0251	0.0441	0.0260	0.0127	0.0037	0.0231	0.0036	0.0141	0.0165	0.0125	0.0129	0.0009	0.0104	0.0068	0.0304	0.0035	0.0000	0.0099	0.0132	0.0177	0.0142	0.0030	0.0132	0.0129	0.0112	0.0016	0.0017	0.0169	0.0040	0.0102	0.0164	0.0040	0.0212	0.0151	0.0002	0.0107	0.0018	0.0062	0.0302	0.0235	
0.0018	0.0206	0.0014	0.0246	0.0037	0.0254	0.0170	0.0141	0.0241	0.0027	0.0188	0.0091	0.0253	0.0257	0.0113	0.0199	0.0109	0.0013	0.0087	0.0080	0.0096	0.0079	0.0004	0.0252	0.0253	0.0043	0.0054	0.0147	0.0174	0.0021	0.0216	0.0304	0.0259	0.0254	0.0227	0.0160	0.0041	0.0120	0.0087	0.0041	0.0137	0.0159	0.0024	0.0053	0.0096	0.0061	0.0039	0.0317	0.0117	0.0103	0.0019	0.0105	0.0185	0.0187	0.0146	0.0220	0.0197	0.0128	0.0037	0.0232	0.0136	0.0275	0.0287	0.0196	0.0119	0.0213	0.0131	0.0032	0.0259	0.0212	
0.0121	0.0008	0.0210	0.0069	0.0220	0.0232	0.0035	0.0241	0.0102	0.0173	0.0258	0.0060	0.0022	0.0065	0.0013	0.0090	0.0016	0.0053	0.0111	0.0008	0.0244	0.0218	0.0081	0.0086	0.0158	0.0187	0.0223	0.0102	0.0231	0.0133	0.0211	0.0010	0.0002	0.0228	0.0227	0.0011	0.0196	0.0150	0.0282	0.0180	0.0195	0.0304	0.0007	0.0129	0.0280	0.0098	0.0262	0.0164	0.0155	0.0032	0.0243	0.0080	0.0212	0.0300	0.0187	0.0219	0.0200	0.0130	0.0155	0.0047	0.0265	0.0205	0.0006	0.0215	0.0203	0.0225	0.0042	0.0096	0.0079	0.0001	
0.0234	0.0156	0.0070	0.0218	0.0115	0.0317	0.0228	0.0262	0.0103	0.0095	0.0208	0.0069	0.0254	0.0225	0.0222	0.0158	0.0124	0.0017	0.0341	0.0061	0.0086	0.0056	0.0301	0.0307	0.0199	0.0001	0.0320	0.0055	0.0216	0.0010	0.0055	0.0201	0.0101	0.0215	0.0123	0.0076	0.0043	0.0002	0.0203	0.0271	0.0009	0.0019	0.0056	0.0108	0.0156	0.0251	0.0337	0.0103	0.0027	0.0130	0.0233	0.0047	0.0109	0.0016	0.0219	0.0173	0.0237	0.0117	0.0007	0.0102	0.0004	0.0192	0.0309	0.0080	0.0021	0.0020	0.0276	0.0055	0.0088	0.0181	
0.0077	0.0098	0.0108	0.0060	0.0062	0.0078	0.0252	0.0170	0.0085	0.0274	0.0023	0.0288	0.0028	0.0106	0.0187	0.0013	0.0070	0.0160	0.0414	0.0200	0.0156	0.0217	0.0425	0.0069	0.0202	0.0280	0.0015	0.0205	0.0124	0.0200	0.0308	0.0347	0.0024	0.0245	0.0006	0.0179	0.0207	0.0072	0.0293	0.0165	0.0216	0.0072	0.0048	0.0021	0.0094	0.0123	0.0146	0.0141	0.0255	0.0020	0.0364	0.0152	0.0109	0.0130	0.0160	0.0245	0.0074	0.0042	0.0073	0.0170	0.0050	0.0025	0.0077	0.0195	0.0001	0.0085	0.0072	0.0216	0.0124	0.0007	
0.0091	0.0009	0.0135	0.0116	0.0121	0.0115	0.0141	0.0213	0.0016	0.0116	0.0025	0.0157	0.0004	0.0104	0.0240	0.0084	0.0145	0.0291	0.0167	0.0097	0.0008	0.0197	0.0222	0.0039	0.0085	0.0190	0.0279	0.0092	0.0031	0.0232	0.0267	0.0326	0.0146	0.0288	0.0148	0.0281	0.0059	0.0356	0.0280	0.0141	0.0021	0.0157	0.0021	0.0174	0.0234	0.0211	0.0020	0.0239	0.0039	0.0135	0.0273	0.0222	0.0251	0.0253	0.0197	0.0169	0.0039	0.0087	0.0012	0.0159	0.0108	0.0075	0.0198	0.0046	0.0115	0.0045	0.0018	0.0051	0.0146	0.0231	
0.0033	0.0140	0.0319	0.0020	0.0123	0.0151	0.0142	0.0330	0.0168	0.0192	0.0124	0.0023	0.0067	0.0076	0.0000	0.0205	0.0013	0.0103	0.0187	0.0186	0.0184	0.0271	0.0203	0.0247	0.0027	0.0220	0.0255	0.0204	0.0073	0.0083	0.0127	0.0216	0.0090	0.0080	0.0145	0.0072	0.0039	0.0242	0.0156	0.0073	0.0068	0.0058	0.0172	0.0106	0.0105	0.0078	0.0004	0.0138	0.0031	0.0185	0.0054	0.0206	0.0075	0.0242	0.0040	0.0055	0.0262	0.0194	0.0346	0.0130	0.0284	0.0240	0.0144	0.0037	0.0178	0.0092	0.0234	0.0247	0.0177	0.0212	
0.0214	0.0054	0.0254	0.0114	0.0166	0.0150	0.0052	0.0110	0.0115	0.0250	0.0200	0.0082	0.0178	0.0167	0.0061	0.0315	0.0198	0.0204	0.0047	0.0086	0.0094	0.0101	0.0210	0.0019	0.0107	0.0219	0.0114	0.0127	0.0107	0.0038	0.0162	0.0048	0.0153	0.0118	0.0166	0.0231	0.0277	0.0209	0.0256	0.0171	0.0003	0.0129	0.0085	0.0028	0.0156	0.0142	0.0260	0.0012	0.0202	0.0002	0.0220	0.0261	0.0163	0.0102	0.0089	0.0139	0.0110	0.0204	0.0257	0.0230	0.0011	0.0167	0.0258	0.0052	0.0053	0.0139	0.0155	0.0088	0.0233	0.0106	
0.0028	0.0236	0.0237	0.0153	0.0111	0.0270	0.0001	0.0207	0.0124	0.0244	0.0208	0.0149	0.0171	0.0127	0.0127	0.0161	0.0142	0.0079	0.0020	0.0061	0.0120	0.0012	0.0245	0.0210	0.0166	0.0149	0.0163	0.0031	0.0275	0.0265	0.0233	0.0165	0.0048	0.0161	0.0200	0.0289	0.0045	0.0046	0.0274	0.0112	0.0150	0.0294	0.0117	0.0019	0.0036	0.0175	0.0272	0.0109	0.0210	0.0241	0.0063	0.0129	0.0079	0.0199	0.0167	0.0024	0.0027	0.0244	0.0212	0.0001	0.0090	0.0257	0.0236	0.0097	0.0010	0.0061	0.0051	0.0046	0.0182	0.0133	
0.0112	0.0078	0.0084	0.0152	0.0220	0.0221	0.0197	0.0232	0.0251	0.0322	0.0129	0.0052	0.0086	0.0062	0.0173	0.0117	0.0096	0.0145	0.0155	0.0190	0.0215	0.0080	0.0077	0.0352	0.0017	0.0174	0.0008	0.0002	0.0011	0.0182	0.0108	0.0254	0.0202	0.0090	0.0060	0.0222	0.0091	0.0163	0.0258	0.0050	0.0108	0.0113	0.0015	0.0208	0.0123	0.0033	0.0196	0.0147	0.0133	0.0208	0.0314	0.0197	0.0128	0.0249	0.0214	0.0044	0.0014	0.0081	0.0173	0.0039	0.0191	0.0186	0.0202	0.0000	0.0150	0.0150	0.0116	0.0276	0.0006	0.0295	
0.0031	0.0186	0.0205	0.0122	0.0120	0.0124	0.0062	0.0157	0.0129	0.0335	0.0014	0.0152	0.0117	0.0075	0.0190	0.0209	0.0106	0.0003	0.0197	0.0019	0.0268	0.0263	0.0006	0.0236	0.0134	0.0249	0.0238	0.0014	0.0090	0.0268	0.0173	0.0196	0.0104	0.0185	0.0143	0.0085	0.0000	0.0014	0.0127	0.0082	0.0229	0.0226	0.0250	0.0162	0.0019	0.0034	0.0078	0.0088	0.0040	0.0447	0.0117	0.0119	0.0120	0.0390	0.0040	0.0064	0.0203	0.0244	0.0264	0.0185	0.0209	0.0043	0.0039	0.0127	0.0059	0.0103	0.0017	0.0225	0.0261	0.0167	
0.0181	0.0094	0.0138	0.0103	0.0050	0.0041	0.0018	0.0092	0.0171	0.0102	0.0176	0.0151	0.0251	0.0123	0.0250	0.0083	0.0051	0.0208	0.0157	0.0121	0.0177	0.0006	0.0060	0.0200	0.0221	0.0259	0.0149	0.0113	0.0149	0.0224	0.0017	0.0169	0.0166	0.0197	0.0050	0.0022	0.0200	0.0020	0.0228	0.0282	0.0028	0.0099	0.0103	0.0152	0.0337	0.0062	0.0066	0.0205	0.0256	0.0296	0.0066	0.0125	0.0091	0.0120	0.0208	0.0196	0.0021	0.0209	0.0148	0.0103	0.0160	0.0195	0.0319	0.0274	0.0100	0.0054	0.0250	0.0079	0.0072	0.0134	
0.0147	0.0046	0.0298	0.0127	0.0106	0.0084	0.0213	0.0243	0.0321	0.0151	0.0179	0.0247	0.0178	0.0129	0.0099	0.0157	0.0065	0.0027	0.0176	0.0120	0.0286	0.0038	0.0122	0.0130	0.0101	0.0132	0.0127	0.0100	0.0028	0.0177	0.0065	0.0000	0.0146	0.0091	0.0117	0.0012	0.0288	0.0251	0.0026	0.0166	0.0007	0.0131	0.0195	0.0047	0.0201	0.0219	0.0045	0.0164	0.0127	0.0260	0.0351	0.0269	0.0171	0.0271	0.0157	0.0110	0.0235	0.0105	0.0038	0.0251	0.0284	0.0108	0.0175	0.0063	0.0051	0.0133	0.0107	0.0075	0.0015	0.0121	
0.0164	0.0096	0.0002	0.0001	0.0123	0.0161	0.0086	0.0075	0.0182	0.0165	0.0058	0.0372	0.0183	0.0067	0.0243	0.0094	0.0134	0.0283	0.0256	0.0012	0.0064	0.0123	0.0199	0.0035	0.0150	0.0341	0.0186	0.0093	0.0283	0.0076	0.0110	0.0259	0.0120	0.0049	0.0008	0.0196	0.0228	0.0157	0.0070	0.0245	0.0303	0.0216	0.0199	0.0071	0.0168	0.0248	0.0128	0.0074	0.0099	0.0312	0.0037	0.0141	0.0157	0.0326	0.0014	0.0110	0.0192	0.0189	0.0045	0.0138	0.0211	0.0244	0.0080	0.0064	0.0029	0.0062	0.0062	0.0222	0.0067	0.0043	
0.0122	0.0261	0.0144	0.0261	0.0023	0.0290	0.0210	0.0042	0.0200	0.0215	0.0077	0.0155	0.0007	0.0043	0.0075	0.0343	0.0108	0.0192	0.0020	0.0207	0.0195	0.0015	0.0102	0.0161	0.0036	0.0048	0.0060	0.0123	0.0099	0.0054	0.0189	0.0323	0.0045	0.0118	0.0086	0.0085	0.0044	0.0255	0.0312	0.0098	0.0244	0.0207	0.0063	0.0100	0.0182	0.0126	0.0254	0.0040	0.0045	0.0102	0.0001	0.0019	0.0190	0.0143	0.0089	0.0138	0.0133	0.0343	0.0170	0.0231	0.0150	0.0073	0.0319	0.0109	0.0074	0.0131	0.0067	0.0268	0.0251	0.0298	
0.0194	0.0167	0.0138	0.0217	0.0006	0.0042	0.0170	0.0239	0.0028	0.0213	0.0051	0.0031	0.0063	0.0333	0.0067	0.0124	0.0063	0.0202	0.0325	0.0154	0.0146	0.0060	0.0008	0.0244	0.0146	0.0195	0.0194	0.0171	0.0040	0.0290	0.0031	0.0041	0.0119	0.0062	0.0110	0.0095	0.0147	0.0274	0.0129	0.0061	0.0218	0.0229	0.0240	0.0141	0.0231	0.0124	0.0258	0.0160	0.0049	0.0221	0.0084	0.0184	0.0218	0.0264	0.0042	0.0129	0.0175	0.0132	0.0202	0.0108	0.0091	0.0302	0.0187	0.0029	0.0101	0.0024	0.0097	0.0028	0.0096	0.0246	
0.0277	0.0103	0.0021	0.0223	0.0084	0.0014	0.0081	0.0015	0.0060	0.0090	0.0125	0.0002	0.0192	0.0093	0.0215	0.0088	0.0119	0.0172	0.0290	0.0030	0.0166	0.0282	0.0279	0.0208	0.0195	0.0258	0.0282	0.0159	0.0122	0.0198	0.0190	0.0307	0.0189	0.0098	0.0210	0.0383	0.0191	0.0015	0.0194	0.0048	0.0049	0.0237	0.0110	0.0155	0.0052	0.0097	0.0122	0.0119	0.0103	0.0063	0.0260	0.0071	0.0047	0.0069	0.0053	0.0243	0.0128	0.0041	0.0225	0.0123	0.0049	0.0275	0.0164	0.0157	0.0101	0.0139	0.0100	0.0098	0.0092	0.0190	
0.0242	0.0104	0.0265	0.0252	0.0004	0.0335	0.0178	0.0074	0.0263	0.0207	0.0094	0.0170	0.0066	0.0048	0.0275	0.0165	0.0279	0.0105	0.0017	0.0012	0.0167	0.0179	0.0064	0.0048	0.0010	0.0180	0.0330	0.0217	0.0040	0.0208	0.0266	0.0030	0.0036	0.0266	0.0160	0.0152	0.0185	0.0127	0.0059	0.0098	0.0123	0.0099	0.0142	0.0098	0.0084	0.0232	0.0168	0.0182	0.0245	0.0030	0.0287	0.0069	0.0084	0.0111	0.0066	0.0066	0.0054	0.0194	0.0229	0.0182	0.0018	0.0309	0.0030	0.0040	0.0217	0.0063	0.0108	0.0157	0.0215	0.0124	
0.0200	0.0104	0.0033	0.0233	0.0195	0.0076	0.0028	0.0338	0.0277	0.0100	0.0263	0.0115	0.0240	0.0007	0.0209	0.0178	0.0224	0.0254	0.0185	0.0089	0.0103	0.0222	0.0256	0.0163	0.0071	0.0161	0.0050	0.0067	0.0211	0.0013	0.0081	0.0008	0.0190	0.0134	0.0030	0.0121	0.0022	0.0099	0.0185	0.0260	0.0022	0.0105	0.0222	0.0108	0.0119	0.0175	0.0290	0.0014	0.0079	0.0065	0.0148	0.0138	0.0313	0.0093	0.0015	0.0047	0.0200	0.0138	0.0143	0.0040	0.0017	0.0183	0.0096	0.0227	0.0306	0.0219	0.0126	0.0125	0.0319	0.0113	
0.0164	0.0100	0.0073	0.0133	0.0092	0.0266	0.0025	0.0069	0.0016	0.0160	0.0245	0.0031	0.0315	0.0139	0.0152	0.0197	0.0036	0.0187	0.0078	0.0001	0.0200	0.0172	0.0236	0.0150	0.0282	0.0073	0.0027	0.0274	0.0108	0.0131	0.0049	0.0143	0.0033	0.0227	0.0170	0.0010	0.0103	0.0107	0.0280	0.0015	0.0005	0.0124	0.0098	0.0330	0.0113	0.0253	0.0247	0.0286	0.0033	0.0037	0.0241	0.0212	0.0009	0.0291	0.0223	0.0228	0.0110	0.0229	0.0192	0.0248	0.0249	0.0042	0.0218	0.0139	0.0101	0.0064	0.0007	0.0023	0.0216	0.0166	
0.0159	0.0207	0.0158	0.0105	0.0300	0.0057	0.0020	0.0005	0.0017	0.0325	0.0087	0.0133	0.0166	0.0088	0.0334	0.0124	0.0125	0.0062	0.0064	0.0096	0.0137	0.0181	0.0202	0.0006	0.0027	0.0455	0.0138	0.0181	0.0152	0.0078	0.0283	0.0281	0.0278	0.0172	0.0098	0.0008	0.0010	0.0233	0.0225	0.0144	0.0296	0.0122	0.0167	0.0094	0.0172	0.0155	0.0071	0.0120	0.0149	0.0208	0.0205	0.0198	0.0246	0.0098	0.0168	0.0218	0.0029	0.0143	0.0031	0.0013	0.0175	0.0042	0.0121	0.0165	0.0013	0.0149	0.0058	0.0091	0.0160	0.0204	
0.0112	0.0228	0.0056	0.0234	0.0245	0.0074	0.0188	0.0007	0.0146	0.0148	0.0142	0.0352	0.0077	0.0226	0.0193	0.0019	0.0204	0.0196	0.0172	0.0156	0.0213	0.0099	0.0153	0.0184	0.0186	0.0308	0.0235	0.0179	0.0185	0.0230	0.0009	0.0001	0.0049	0.0301	0.0100	0.0023	0.0156	0.0067	0.0157	0.0178	0.0357	0.0032	0.0039	0.0124	0.0188	0.0219	0.0214	0.0195	0.0093	0.0001	0.0285	0.0016	0.0238	0.0243	0.0140	0.0017	0.0052	0.0096	0.0178	0.0004	0.0102	0.0055	0.0127	0.0193	0.0101	0.0147	0.0116	0.0117	0.0030	0.0094	
0.0135	0.0209	0.0196	0.0293	0.0245	0.0233	0.0040	0.0201	0.0100	0.0012	0.0217	0.0020	0.0108	0.0231	0.0333	0.0335	0.0063	0.0116	0.0033	0.0113	0.0209	0.0067	0.0084	0.0200	0.0067	0.0298	0.0158	0.0071	0.0017	0.0315	0.0333	0.0225	0.0282	0.0001	0.0122	0.0100	0.0052	0.0289	0.0008	0.0009	0.0305	0.0083	0.0246	0.0208	0.0050	0.0100	0.0190	0.0184	0.0030	0.0130	0.0090	0.0112	0.0068	0.0173	0.0139	0.0055	0.0082	0.0089	0.0130	0.0211	0.0047	0.0267	0.0274	0.0137	0.0013	0.0129	0.0058	0.0125	0.0010	0.0126	
0.0172	0.0095	0.0036	0.0030	0.0151	0.0088	0.0022	0.0061	0.0077	0.0247	0.0004	0.0399	0.0028	0.0209	0.0363	0.0117	0.0067	0.0045	0.0187	0.0022	0.0112	0.0203	0.0055	0.0006	0.0064	0.0855	0.0071	0.0043	0.0236	0.0353	0.0308	0.0141	0.0461	0.0257	0.0044	0.0413	0.0034	0.0064	0.0016	0.0010	0.0481	0.0387	0.0202	0.0031	0.0468	0.0094	0.0135	0.0024	0.0001	0.0080	0.0046	0.0038	0.0288	0.0185	0.0032	0.0167	0.0031	0.0032	0.0018	0.0032	0.0006	0.0228	0.0109	0.0083	0.0053	0.0091	0.0013	0.0168	0.0168	0.0142	
0.0085	0.0021	0.0386	0.0106	0.0103	0.0344	0.0363	0.0181	0.0036	0.0137	0.0089	0.0030	0.0133	0.0070	0.0126	0.0253	0.0122	0.0039	0.0044	0.0259	0.0183	0.0322	0.0257	0.0164	0.0003	0.0033	0.0133	0.0053	0.0210	0.0046	0.0152	0.0064	0.0205	0.0113	0.0066	0.0026	0.0106	0.0161	0.0120	0.0142	0.0260	0.0247	0.0036	0.0211	0.0080	0.0254	0.0146	0.0107	0.0050	0.0063	0.0123	0.0244	0.0092	0.0247	0.0309	0.0120	0.0045	0.0176	0.0137	0.0075	0.0157	0.0237	0.0237	0.0264	0.0272	0.0013	0.0137	0.0014	0.0017	0.0142	
0.0135	0.0210	0.0248	0.0149	0.0293	0.0242	0.0226	0.0047	0.0050	0.0028	0.0209	0.0032	0.0279	0.0151	0.0198	0.0183	0.0277	0.0251	0.0088	0.0198	0.0262	0.0232	0.0037	0.0034	0.0005	0.0062	0.0017	0.0061	0.0229	0.0060	0.0128	0.0114	0.0062	0.0194	0.0179	0.0134	0.0003	0.0204	0.0241	0.0024	0.0140	0.0304	0.0074	0.0082	0.0129	0.0107	0.0241	0.0040	0.0002	0.0052	0.0050	0.0123	0.0174	0.0070	0.0133	0.0187	0.0201	0.0180	0.0168	0.0166	0.0232	0.0191	0.0081	0.0246	0.0133	0.0076	0.0257	0.0064	0.0218	0.0101	
0.0230	0.0056	0.0023	0.0084	0.0098	0.0301	0.0135	0.0258	0.0175	0.0202	0.0136	0.0302	0.0072	0.0219	0.0034	0.0029	0.0232	0.0007	0.0077	0.0007	0.0244	0.0120	0.0030	0.0073	0.0086	0.0000	0.0220	0.0118	0.0227	0.0070	0.0161	0.0191	0.0081	0.0206	0.0134	0.0290	0.0127	0.0123	0.0280	0.0159	0.0075	0.0290	0.0031	0.0297	0.0073	0.0277	0.0095	0.0219	0.0222	0.0136	0.0193	0.0270	0.0290	0.0279	0.0158	0.0111	0.0030	0.0266	0.0002	0.0080	0.0090	0.0013	0.0024	0.0093	0.0025	0.0252	0.0209	0.0189	0.0053	0.0040	

Emissions
0.1614	0.0659	0.0326	0.1825	0.0648	0.1148	0.0586	0.0288	0.2906	
0.0729	0.1902	0.0019	0.0680	0.0458	0.1495	0.1864	0.1743	0.1110	
0.0193	0.0238	0.3320	0.0617	0.0625	0.1726	0.0660	0.0623	0.1999	
0.1304	0.2243	0.0915	0.0290	0.0612	0.0794	0.1554	0.1694	0.0595	
0.1720	0.0526	0.0174	0.1106	0.0088	0.0861	0.1871	0.1863	0.1792	
0.0632	0.1148	0.2954	0.1245	0.0661	0.0721	0.0760	0.1678	0.0202	
0.0319	0.0562	0.3516	0.0235	0.0937	0.2237	0.0555	0.1229	0.0409	
0.1055	0.0268	0.2666	0.0571	0.0970	0.0656	0.0767	0.2348	0.0699	
0.0480	0.0890	0.2301	0.0819	0.0619	0.1169	0.0046	0.2141	0.1534	
0.2333	0.0318	0.1311	0.1727	0.0591	0.0134	0.0778	0.1239	0.1569	
0.0259	0.0584	0.2092	0.0125	0.0683	0.2829	0.2173	0.0512	0.0744	
0.1074	0.1976	0.1243	0.0237	0.0202	0.0611	0.0106	0.2263	0.2287	
0.0195	0.0982	0.2309	0.0270	0.0821	0.1272	0.2670	0.0620	0.0862	
0.1848	0.2291	0.0728	0.1762	0.0094	0.0882	0.0052	0.0315	0.2028	
0.1719	0.3426	0.0469	0.0719	0.0086	0.0546	0.0802	0.1547	0.0686	
0.0605	0.1944	0.2652	0.1970	0.0960	0.0060	0.0572	0.1014	0.0223	
0.1912	0.0143	0.3004	0.0316	0.0891	0.0555	0.1068	0.0341	0.1771	
0.0601	0.2596	0.2372	0.0008	0.0222	0.0245	0.2322	0.1493	0.0142	
0.1448	0.2056	0.0873	0.0205	0.1475	0.0121	0.1048	0.1583	0.1191	
0.0232	0.1726	0.1696	0.0004	0.0963	0.3923	0.1214	0.0191	0.0051	
0.1037	0.0626	0.0378	0.0614	0.0874	0.1591	0.1663	0.2151	0.1067	
0.1229	0.0906	0.2279	0.0833	0.0004	0.1310	0.0019	0.1499	0.1921	
0.1262	0.1313	0.0246	0.0765	0.1011	0.0260	0.1721	0.2653	0.0768	
0.2256	0.0394	0.1342	0.3736	0.0668	0.0203	0.0374	0.0517	0.0508	
0.0277	0.1568	0.1346	0.0004	0.0763	0.4009	0.0924	0.0947	0.0162	
0.2153	0.1993	0.1844	0.0414	0.0072	0.0058	0.0448	0.1548	0.1470	
0.1261	0.0030	0.1201	0.0624	0.0060	0.1814	0.1389	0.1926	0.1696	
0.0233	0.1750	0.2045	0.0075	0.0940	0.2910	0.0873	0.0304	0.0870	
0.1438	0.1456	0.0483	0.0160	0.0210	0.0954	0.2059	0.2606	0.0633	
0.1711	0.2627	0.0114	0.0307	0.0940	0.0027	0.2944	0.0749	0.0581	
0.1317	0.2309	0.2315	0.1234	0.0466	0.0547	0.0356	0.0726	0.0731	
0.1547	0.1856	0.0573	0.2089	0.0039	0.0009	0.1704	0.1960	0.0223	
0.0491	0.2656	0.2545	0.0306	0.0066	0.0490	0.2361	0.0131	0.0953	
0.1256	0.1941	0.2105	0.0896	0.0456	0.0309	0.1261	0.1333	0.0444	
0.0244	0.1079	0.1521	0.0021	0.1403	0.3516	0.1426	0.0483	0.0307	
0.0133	0.2268	0.1719	0.0022	0.0594	0.0134	0.2714	0.1212	0.1204	
0.1008	0.0269	0.2779	0.2016	0.0207	0.0661	0.0444	0.1495	0.1121	
0.0566	0.1683	0.2141	0.0819	0.0157	0.0791	0.1812	0.0244	0.1787	
0.0306	0.1317	0.2260	0.1076	0.0683	0.0706	0.1387	0.1562	0.0703	
0.1550	0.1962	0.1120	0.0807	0.1282	0.0933	0.0123	0.1001	0.1224	
0.1003	0.2469	0.1564	0.0433	0.0272	0.0406	0.1455	0.0850	0.1549	
0.1165	0.0733	0.1780	0.0038	0.0239	0.0735	0.0605	0.2497	0.2208	
0.0935	0.1603	0.0954	0.0188	0.1532	0.1027	0.0703	0.1021	0.2039	
0.0308	0.1012	0.0301	0.0005	0.1054	0.4553	0.2074	0.0435	0.0258	
0.0885	0.3360	0.1096	0.0635	0.0119	0.0930	0.0694	0.0946	0.1335	
0.1086	0.1413	0.1140	0.0596	0.0615	0.1307	0.1237	0.1381	0.1223	
0.0340	0.0426	0.2244	0.0881	0.0986	0.0230	0.2142	0.1424	0.1328	
0.0272	0.0062	0.1549	0.0187	0.0118	0.3832	0.0571	0.1936	0.1474	
0.0422	0.2422	0.1443	0.0261	0.1408	0.2113	0.0278	0.0837	0.0814	
0.0256	0.0566	0.0248	0.0756	0.1469	0.0186	0.0621	0.4784	0.1114	
0.0658	0.0749	0.2483	0.0193	0.0446	0.0583	0.1922	0.2367	0.0600	
0.1275	0.0517	0.2205	0.0662	0.0861	0.1730	0.0586	0.0829	0.1335	
0.0504	0.1503	0.0818	0.0423	0.0538	0.0532	0.1603	0.2584	0.1494	
0.1586	0.0097	0.0739	0.0764	0.0432	0.0450	0.1673	0.2553	0.1707	
0.1660	0.0420	0.1830	0.1690	0.0769	0.1922	0.1082	0.0505	0.0122	
0.1320	0.0723	0.1470	0.0567	0.0928	0.0519	0.0984	0.3119	0.0370	
0.1208	0.0463	0.1700	0.0119	0.1027	0.2563	0.0038	0.0953	0.1929	
0.0099	0.1427	0.2849	0.0409	0.0199	0.2169	0.0807	0.1482	0.0559	
0.0207	0.0450	0.2665	0.0120	0.1483	0.1832	0.1778	0.0385	0.1081	
0.0048	0.0847	0.0225	0.0547	0.2053	0.2086	0.0860	0.2142	0.1193	
0.1200	0.0790	0.1768	0.0780	0.1116	0.0537	0.2020	0.0672	0.1117	
0.0762	0.0441	0.0742	0.1603	0.0056	0.0874	0.0921	0.1200	0.3403	
0.0492	0.1682	0.1084	0.1995	0.0569	0.0378	0.0267	0.3293	0.0240	
0.1086	0.0988	0.1965	0.0074	0.0553	0.2567	0.1782	0.0921	0.0063	
0.0950	0.1102	0.1128	0.0450	0.1087	0.3196	0.0428	0.1559	0.0099	
0.0727	0.1945	0.0893	0.0416	0.0843	0.1964	0.2903	0.0100	0.0209	
0.0047	0.0180	0.1240	0.0001	0.1741	0.5658	0.0499	0.0086	0.0548	
0.0040	0.1704	0.1864	0.0968	0.0561	0.0368	0.0727	0.1768	0.1999	
0.1020	0.1639	0.0708	0.0978	0.0865	0.0506	0.0753	0.2240	0.1292	
0.1668	0.0964	0.2537	0.1092	0.0635	0.0456	0.1161	0.0891	0.0596	
