DataSet 36
Learner: Baum Welch Learner
Log Likelihood: 121792.8671853060

Number of States: 80
Number of Symbols: 9
Threshold: 0.01

Initial Distribution:
0.0048	0.0168	0.0039	0.0001	0.0001	0.0004	0.0120	0.0001	0.0115	0.0156	0.0024	0.0000	0.0158	0.0002	0.0146	0.0017	0.0103	0.0028	0.0022	0.0016	0.0062	0.0002	0.0073	0.0060	0.0277	0.0254	0.0020	0.0220	0.0136	0.0074	0.0459	0.0178	0.0037	0.0000	0.0154	0.0029	0.0011	0.0103	0.0005	0.0006	0.0073	0.0041	0.0098	0.0051	0.0000	0.0004	0.0017	0.0053	0.0297	0.0081	0.0007	0.0005	0.0079	0.0454	0.0001	0.0034	0.1038	0.0125	0.0027	0.0007	0.0434	0.0201	0.0019	0.0001	0.2072	0.0875	0.0121	0.0039	0.0008	0.0039	0.0006	0.0009	0.0066	0.0007	0.0009	0.0003	0.0110	0.0032	0.0067	0.0062	

Transitions:
0.0159	0.0088	0.0156	0.0204	0.0090	0.0199	0.0113	0.0125	0.0193	0.0025	0.0102	0.0216	0.0120	0.0170	0.0055	0.0083	0.0096	0.0150	0.0068	0.0010	0.0060	0.0234	0.0097	0.0124	0.0026	0.0219	0.0179	0.0122	0.0036	0.0003	0.0212	0.0034	0.0146	0.0170	0.0164	0.0142	0.0045	0.0131	0.0157	0.0042	0.0116	0.0049	0.0120	0.0085	0.0237	0.0186	0.0224	0.0109	0.0090	0.0045	0.0165	0.0241	0.0093	0.0169	0.0111	0.0197	0.0003	0.0027	0.0187	0.0099	0.0213	0.0225	0.0089	0.0209	0.0043	0.0055	0.0043	0.0257	0.0245	0.0149	0.0045	0.0221	0.0200	0.0028	0.0132	0.0010	0.0070	0.0243	0.0134	0.0071	
0.0206	0.0086	0.0036	0.0241	0.0096	0.0208	0.0132	0.0215	0.0063	0.0260	0.0150	0.0025	0.0159	0.0078	0.0050	0.0166	0.0136	0.0137	0.0052	0.0204	0.0156	0.0013	0.0142	0.0176	0.0009	0.0192	0.0012	0.0046	0.0055	0.0109	0.0076	0.0010	0.0103	0.0096	0.0125	0.0145	0.0158	0.0127	0.0122	0.0062	0.0092	0.0095	0.0154	0.0209	0.0032	0.0017	0.0015	0.0115	0.0149	0.0214	0.0057	0.0206	0.0145	0.0142	0.0164	0.0237	0.0104	0.0085	0.0223	0.0161	0.0161	0.0091	0.0165	0.0223	0.0057	0.0082	0.0113	0.0087	0.0195	0.0195	0.0239	0.0095	0.0020	0.0262	0.0060	0.0092	0.0092	0.0147	0.0152	0.0223	
0.0206	0.0114	0.0120	0.0069	0.0038	0.0281	0.0075	0.0178	0.0223	0.0152	0.0202	0.0087	0.0160	0.0009	0.0092	0.0011	0.0197	0.0228	0.0150	0.0148	0.0128	0.0208	0.0264	0.0036	0.0032	0.0249	0.0128	0.0211	0.0150	0.0071	0.0125	0.0079	0.0237	0.0284	0.0165	0.0123	0.0013	0.0112	0.0221	0.0136	0.0054	0.0217	0.0145	0.0044	0.0014	0.0152	0.0187	0.0018	0.0145	0.0053	0.0151	0.0174	0.0252	0.0006	0.0132	0.0012	0.0127	0.0060	0.0031	0.0062	0.0088	0.0140	0.0017	0.0141	0.0012	0.0083	0.0110	0.0190	0.0075	0.0237	0.0254	0.0123	0.0012	0.0024	0.0121	0.0194	0.0041	0.0191	0.0020	0.0180	
0.0043	0.0131	0.0068	0.0098	0.0142	0.0232	0.0094	0.0188	0.0109	0.0194	0.0226	0.0188	0.0055	0.0156	0.0047	0.0236	0.0194	0.0020	0.0026	0.0129	0.0039	0.0009	0.0211	0.0175	0.0057	0.0042	0.0130	0.0185	0.0181	0.0179	0.0185	0.0204	0.0058	0.0122	0.0016	0.0238	0.0043	0.0246	0.0174	0.0028	0.0002	0.0149	0.0063	0.0118	0.0295	0.0051	0.0047	0.0116	0.0199	0.0157	0.0156	0.0027	0.0165	0.0111	0.0081	0.0040	0.0202	0.0112	0.0060	0.0160	0.0125	0.0138	0.0038	0.0174	0.0269	0.0005	0.0159	0.0178	0.0114	0.0098	0.0114	0.0040	0.0104	0.0004	0.0157	0.0163	0.0217	0.0076	0.0154	0.0264	
0.0226	0.0230	0.0280	0.0011	0.0183	0.0199	0.0095	0.0157	0.0039	0.0173	0.0038	0.0167	0.0104	0.0022	0.0216	0.0127	0.0120	0.0183	0.0115	0.0133	0.0122	0.0115	0.0022	0.0136	0.0015	0.0148	0.0194	0.0119	0.0190	0.0144	0.0092	0.0096	0.0280	0.0049	0.0130	0.0106	0.0114	0.0041	0.0182	0.0025	0.0203	0.0181	0.0114	0.0108	0.0028	0.0188	0.0165	0.0063	0.0080	0.0038	0.0032	0.0047	0.0159	0.0190	0.0064	0.0088	0.0333	0.0068	0.0252	0.0053	0.0014	0.0231	0.0009	0.0121	0.0214	0.0190	0.0228	0.0057	0.0112	0.0081	0.0183	0.0070	0.0234	0.0109	0.0052	0.0181	0.0022	0.0141	0.0111	0.0046	
0.0008	0.0125	0.0069	0.0151	0.0140	0.0040	0.0243	0.0023	0.0209	0.0068	0.0131	0.0091	0.0034	0.0140	0.0015	0.0281	0.0218	0.0020	0.0205	0.0065	0.0012	0.0135	0.0242	0.0010	0.0073	0.0249	0.0086	0.0014	0.0136	0.0101	0.0087	0.0076	0.0257	0.0235	0.0045	0.0176	0.0140	0.0171	0.0237	0.0138	0.0315	0.0196	0.0089	0.0032	0.0215	0.0162	0.0040	0.0117	0.0142	0.0096	0.0028	0.0009	0.0225	0.0055	0.0031	0.0164	0.0198	0.0045	0.0094	0.0181	0.0282	0.0235	0.0138	0.0131	0.0326	0.0058	0.0168	0.0095	0.0087	0.0148	0.0083	0.0074	0.0076	0.0090	0.0093	0.0084	0.0042	0.0204	0.0067	0.0188	
0.0212	0.0206	0.0121	0.0024	0.0108	0.0083	0.0137	0.0138	0.0202	0.0191	0.0000	0.0135	0.0034	0.0025	0.0145	0.0068	0.0024	0.0230	0.0047	0.0173	0.0019	0.0322	0.0056	0.0020	0.0006	0.0255	0.0136	0.0073	0.0218	0.0200	0.0088	0.0181	0.0193	0.0228	0.0230	0.0285	0.0055	0.0142	0.0021	0.0164	0.0149	0.0001	0.0149	0.0156	0.0131	0.0267	0.0022	0.0041	0.0193	0.0025	0.0064	0.0087	0.0133	0.0145	0.0189	0.0313	0.0104	0.0103	0.0019	0.0115	0.0106	0.0075	0.0189	0.0223	0.0037	0.0031	0.0134	0.0129	0.0040	0.0169	0.0014	0.0170	0.0195	0.0131	0.0320	0.0023	0.0057	0.0160	0.0160	0.0034	
0.0222	0.0193	0.0155	0.0204	0.0135	0.0044	0.0081	0.0050	0.0044	0.0010	0.0074	0.0206	0.0126	0.0190	0.0066	0.0113	0.0081	0.0236	0.0089	0.0057	0.0112	0.0166	0.0006	0.0039	0.0020	0.0182	0.0127	0.0030	0.0243	0.0123	0.0187	0.0048	0.0280	0.0231	0.0177	0.0272	0.0174	0.0002	0.0075	0.0024	0.0275	0.0088	0.0083	0.0028	0.0118	0.0070	0.0038	0.0052	0.0073	0.0150	0.0167	0.0156	0.0041	0.0098	0.0174	0.0043	0.0197	0.0093	0.0215	0.0000	0.0245	0.0045	0.0095	0.0215	0.0121	0.0025	0.0285	0.0162	0.0270	0.0101	0.0157	0.0088	0.0137	0.0071	0.0099	0.0028	0.0111	0.0278	0.0196	0.0216	
0.0109	0.0063	0.0170	0.0069	0.0180	0.0043	0.0012	0.0121	0.0057	0.0141	0.0083	0.0110	0.0066	0.0074	0.0083	0.0176	0.0183	0.0155	0.0176	0.0052	0.0095	0.0200	0.0094	0.0209	0.0155	0.0126	0.0014	0.0143	0.0208	0.0147	0.0152	0.0123	0.0126	0.0193	0.0108	0.0138	0.0060	0.0029	0.0003	0.0043	0.0006	0.0103	0.0053	0.0073	0.0300	0.0045	0.0212	0.0031	0.0222	0.0133	0.0039	0.0232	0.0031	0.0085	0.0120	0.0200	0.0123	0.0178	0.0095	0.0048	0.0022	0.0060	0.0143	0.0170	0.0115	0.0119	0.0186	0.0162	0.0214	0.0213	0.0141	0.0247	0.0129	0.0139	0.0060	0.0263	0.0118	0.0274	0.0239	0.0168	
0.0156	0.0283	0.0177	0.0080	0.0163	0.0008	0.0126	0.0033	0.0126	0.0218	0.0171	0.0138	0.0177	0.0252	0.0014	0.0201	0.0190	0.0145	0.0174	0.0094	0.0133	0.0144	0.0133	0.0019	0.0044	0.0085	0.0044	0.0110	0.0061	0.0177	0.0086	0.0001	0.0207	0.0149	0.0164	0.0057	0.0104	0.0089	0.0059	0.0244	0.0021	0.0215	0.0007	0.0011	0.0125	0.0005	0.0014	0.0165	0.0144	0.0110	0.0033	0.0309	0.0068	0.0118	0.0101	0.0035	0.0077	0.0200	0.0000	0.0032	0.0184	0.0229	0.0296	0.0310	0.0054	0.0122	0.0128	0.0050	0.0080	0.0219	0.0154	0.0164	0.0073	0.0298	0.0069	0.0215	0.0133	0.0121	0.0224	0.0050	
0.0064	0.0118	0.0002	0.0216	0.0084	0.0114	0.0153	0.0071	0.0059	0.0096	0.0144	0.0175	0.0069	0.0047	0.0251	0.0031	0.0178	0.0013	0.0155	0.0126	0.0123	0.0235	0.0114	0.0136	0.0022	0.0146	0.0151	0.0077	0.0082	0.0144	0.0138	0.0030	0.0012	0.0163	0.0167	0.0110	0.0189	0.0028	0.0145	0.0232	0.0211	0.0057	0.0196	0.0167	0.0062	0.0148	0.0027	0.0028	0.0206	0.0034	0.0170	0.0096	0.0151	0.0191	0.0165	0.0080	0.0197	0.0075	0.0194	0.0214	0.0242	0.0050	0.0222	0.0203	0.0155	0.0102	0.0137	0.0179	0.0112	0.0149	0.0037	0.0221	0.0103	0.0182	0.0184	0.0068	0.0028	0.0168	0.0109	0.0075	
0.0132	0.0121	0.0164	0.0048	0.0138	0.0100	0.0171	0.0028	0.0017	0.0078	0.0090	0.0158	0.0129	0.0243	0.0284	0.0167	0.0092	0.0027	0.0026	0.0092	0.0032	0.0108	0.0183	0.0106	0.0009	0.0028	0.0290	0.0181	0.0232	0.0075	0.0087	0.0097	0.0350	0.0077	0.0035	0.0130	0.0170	0.0286	0.0000	0.0097	0.0289	0.0099	0.0137	0.0219	0.0028	0.0111	0.0081	0.0156	0.0020	0.0089	0.0001	0.0005	0.0158	0.0215	0.0039	0.0265	0.0277	0.0233	0.0038	0.0150	0.0146	0.0291	0.0030	0.0209	0.0050	0.0016	0.0199	0.0031	0.0210	0.0097	0.0163	0.0132	0.0023	0.0168	0.0157	0.0148	0.0012	0.0189	0.0076	0.0166	
0.0177	0.0090	0.0129	0.0151	0.0115	0.0061	0.0153	0.0043	0.0029	0.0051	0.0239	0.0229	0.0127	0.0115	0.0171	0.0044	0.0049	0.0187	0.0212	0.0014	0.0180	0.0055	0.0245	0.0173	0.0078	0.0123	0.0161	0.0113	0.0003	0.0120	0.0132	0.0158	0.0121	0.0146	0.0174	0.0008	0.0044	0.0164	0.0054	0.0208	0.0037	0.0133	0.0224	0.0100	0.0167	0.0017	0.0191	0.0136	0.0161	0.0124	0.0099	0.0065	0.0193	0.0051	0.0189	0.0184	0.0062	0.0147	0.0034	0.0262	0.0056	0.0036	0.0039	0.0157	0.0031	0.0152	0.0036	0.0247	0.0150	0.0220	0.0246	0.0207	0.0131	0.0265	0.0239	0.0078	0.0050	0.0095	0.0044	0.0104	
0.0145	0.0083	0.0187	0.0139	0.0018	0.0176	0.0205	0.0079	0.0182	0.0053	0.0114	0.0076	0.0102	0.0095	0.0159	0.0014	0.0083	0.0113	0.0051	0.0077	0.0247	0.0213	0.0030	0.0012	0.0146	0.0188	0.0158	0.0001	0.0110	0.0116	0.0074	0.0042	0.0208	0.0151	0.0061	0.0018	0.0079	0.0236	0.0128	0.0151	0.0030	0.0212	0.0021	0.0077	0.0125	0.0127	0.0073	0.0065	0.0091	0.0198	0.0164	0.0229	0.0027	0.0157	0.0118	0.0191	0.0030	0.0131	0.0266	0.0123	0.0043	0.0211	0.0194	0.0126	0.0191	0.0060	0.0139	0.0237	0.0002	0.0142	0.0169	0.0223	0.0230	0.0150	0.0081	0.0006	0.0247	0.0210	0.0153	0.0213	
0.0100	0.0065	0.0117	0.0166	0.0193	0.0161	0.0023	0.0009	0.0073	0.0147	0.0278	0.0213	0.0199	0.0031	0.0059	0.0054	0.0013	0.0134	0.0147	0.0033	0.0021	0.0181	0.0089	0.0228	0.0023	0.0049	0.0001	0.0080	0.0059	0.0115	0.0199	0.0090	0.0008	0.0251	0.0215	0.0194	0.0074	0.0029	0.0202	0.0061	0.0032	0.0123	0.0100	0.0101	0.0145	0.0231	0.0176	0.0170	0.0098	0.0028	0.0292	0.0050	0.0030	0.0097	0.0267	0.0209	0.0142	0.0136	0.0120	0.0089	0.0094	0.0186	0.0184	0.0194	0.0096	0.0103	0.0146	0.0229	0.0034	0.0086	0.0284	0.0235	0.0163	0.0101	0.0294	0.0149	0.0041	0.0225	0.0082	0.0055	
0.0096	0.0098	0.0239	0.0052	0.0133	0.0191	0.0060	0.0133	0.0005	0.0050	0.0216	0.0173	0.0175	0.0128	0.0161	0.0098	0.0207	0.0183	0.0162	0.0008	0.0073	0.0177	0.0141	0.0203	0.0032	0.0008	0.0102	0.0184	0.0121	0.0073	0.0135	0.0033	0.0074	0.0077	0.0177	0.0056	0.0193	0.0170	0.0069	0.0283	0.0055	0.0036	0.0262	0.0199	0.0173	0.0070	0.0080	0.0078	0.0157	0.0132	0.0169	0.0130	0.0021	0.0069	0.0223	0.0147	0.0166	0.0002	0.0005	0.0147	0.0083	0.0105	0.0190	0.0212	0.0143	0.0179	0.0079	0.0080	0.0158	0.0097	0.0151	0.0058	0.0099	0.0225	0.0181	0.0025	0.0234	0.0153	0.0072	0.0204	
0.0202	0.0023	0.0064	0.0021	0.0153	0.0016	0.0010	0.0222	0.0121	0.0097	0.0152	0.0259	0.0123	0.0215	0.0140	0.0253	0.0066	0.0068	0.0082	0.0253	0.0241	0.0021	0.0267	0.0033	0.0177	0.0170	0.0022	0.0057	0.0145	0.0183	0.0161	0.0035	0.0156	0.0073	0.0177	0.0071	0.0031	0.0241	0.0038	0.0134	0.0167	0.0111	0.0210	0.0052	0.0005	0.0225	0.0149	0.0154	0.0064	0.0211	0.0236	0.0207	0.0077	0.0100	0.0255	0.0249	0.0058	0.0030	0.0044	0.0229	0.0206	0.0238	0.0096	0.0150	0.0098	0.0060	0.0034	0.0093	0.0004	0.0093	0.0215	0.0151	0.0028	0.0191	0.0052	0.0202	0.0049	0.0160	0.0024	0.0047	
0.0230	0.0121	0.0234	0.0155	0.0001	0.0044	0.0196	0.0050	0.0106	0.0029	0.0228	0.0280	0.0135	0.0040	0.0163	0.0244	0.0002	0.0067	0.0154	0.0168	0.0154	0.0081	0.0165	0.0228	0.0029	0.0074	0.0104	0.0135	0.0079	0.0045	0.0094	0.0182	0.0010	0.0007	0.0015	0.0106	0.0195	0.0215	0.0146	0.0097	0.0107	0.0222	0.0211	0.0200	0.0114	0.0186	0.0211	0.0223	0.0013	0.0058	0.0139	0.0256	0.0214	0.0087	0.0127	0.0185	0.0184	0.0002	0.0129	0.0172	0.0162	0.0060	0.0201	0.0059	0.0142	0.0013	0.0230	0.0147	0.0022	0.0062	0.0013	0.0067	0.0162	0.0056	0.0070	0.0203	0.0095	0.0183	0.0115	0.0091	
0.0103	0.0139	0.0165	0.0028	0.0223	0.0160	0.0293	0.0191	0.0127	0.0098	0.0131	0.0304	0.0061	0.0220	0.0215	0.0059	0.0010	0.0207	0.0068	0.0090	0.0242	0.0110	0.0226	0.0205	0.0053	0.0074	0.0094	0.0188	0.0035	0.0194	0.0080	0.0052	0.0154	0.0059	0.0088	0.0047	0.0214	0.0190	0.0193	0.0048	0.0035	0.0080	0.0010	0.0184	0.0177	0.0060	0.0004	0.0248	0.0172	0.0009	0.0233	0.0182	0.0121	0.0038	0.0158	0.0007	0.0203	0.0247	0.0246	0.0086	0.0070	0.0087	0.0144	0.0256	0.0058	0.0101	0.0093	0.0020	0.0179	0.0134	0.0181	0.0064	0.0011	0.0025	0.0068	0.0134	0.0082	0.0056	0.0034	0.0263	
0.0069	0.0121	0.0028	0.0027	0.0006	0.0131	0.0203	0.0085	0.0120	0.0053	0.0103	0.0258	0.0202	0.0057	0.0219	0.0135	0.0227	0.0064	0.0089	0.0048	0.0214	0.0226	0.0058	0.0173	0.0109	0.0078	0.0197	0.0091	0.0179	0.0196	0.0250	0.0105	0.0163	0.0226	0.0173	0.0171	0.0045	0.0078	0.0194	0.0208	0.0156	0.0192	0.0097	0.0047	0.0007	0.0109	0.0085	0.0194	0.0059	0.0090	0.0190	0.0013	0.0153	0.0162	0.0023	0.0051	0.0058	0.0042	0.0137	0.0132	0.0200	0.0085	0.0099	0.0202	0.0154	0.0022	0.0080	0.0288	0.0092	0.0024	0.0176	0.0076	0.0092	0.0176	0.0131	0.0152	0.0136	0.0011	0.0222	0.0201	
0.0036	0.0223	0.0044	0.0107	0.0047	0.0164	0.0153	0.0223	0.0202	0.0160	0.0140	0.0014	0.0177	0.0062	0.0208	0.0076	0.0106	0.0159	0.0173	0.0259	0.0053	0.0101	0.0105	0.0008	0.0180	0.0107	0.0142	0.0212	0.0001	0.0054	0.0175	0.0036	0.0046	0.0161	0.0106	0.0223	0.0032	0.0017	0.0132	0.0232	0.0093	0.0133	0.0039	0.0171	0.0162	0.0139	0.0121	0.0044	0.0202	0.0100	0.0112	0.0243	0.0086	0.0211	0.0200	0.0182	0.0110	0.0042	0.0147	0.0191	0.0010	0.0156	0.0241	0.0160	0.0169	0.0085	0.0199	0.0052	0.0222	0.0016	0.0048	0.0109	0.0025	0.0192	0.0138	0.0191	0.0046	0.0181	0.0115	0.0065	
0.0239	0.0091	0.0027	0.0141	0.0203	0.0249	0.0212	0.0052	0.0161	0.0111	0.0051	0.0280	0.0096	0.0166	0.0265	0.0152	0.0168	0.0149	0.0217	0.0043	0.0176	0.0086	0.0073	0.0166	0.0076	0.0000	0.0240	0.0190	0.0106	0.0001	0.0202	0.0202	0.0203	0.0089	0.0159	0.0148	0.0155	0.0057	0.0219	0.0215	0.0202	0.0144	0.0065	0.0064	0.0139	0.0048	0.0243	0.0066	0.0252	0.0188	0.0030	0.0123	0.0190	0.0059	0.0152	0.0113	0.0023	0.0093	0.0066	0.0156	0.0053	0.0018	0.0183	0.0218	0.0309	0.0110	0.0059	0.0055	0.0037	0.0053	0.0023	0.0067	0.0146	0.0011	0.0121	0.0020	0.0225	0.0018	0.0007	0.0018	
0.0022	0.0131	0.0197	0.0172	0.0291	0.0245	0.0020	0.0152	0.0154	0.0012	0.0137	0.0114	0.0007	0.0026	0.0187	0.0175	0.0176	0.0111	0.0088	0.0097	0.0278	0.0235	0.0031	0.0154	0.0186	0.0198	0.0283	0.0148	0.0168	0.0136	0.0140	0.0209	0.0067	0.0052	0.0182	0.0208	0.0066	0.0069	0.0003	0.0001	0.0084	0.0214	0.0125	0.0021	0.0204	0.0188	0.0077	0.0132	0.0090	0.0007	0.0083	0.0172	0.0184	0.0141	0.0037	0.0089	0.0074	0.0046	0.0223	0.0030	0.0241	0.0079	0.0270	0.0077	0.0074	0.0121	0.0015	0.0263	0.0133	0.0295	0.0104	0.0168	0.0088	0.0075	0.0017	0.0073	0.0056	0.0009	0.0286	0.0008	
0.0141	0.0122	0.0088	0.0193	0.0054	0.0025	0.0056	0.0181	0.0017	0.0076	0.0082	0.0028	0.0134	0.0263	0.0008	0.0260	0.0218	0.0068	0.0198	0.0027	0.0204	0.0135	0.0055	0.0101	0.0169	0.0192	0.0062	0.0116	0.0146	0.0241	0.0052	0.0091	0.0065	0.0202	0.0137	0.0168	0.0007	0.0083	0.0029	0.0085	0.0092	0.0121	0.0223	0.0030	0.0222	0.0052	0.0004	0.0123	0.0077	0.0028	0.0126	0.0294	0.0073	0.0190	0.0106	0.0025	0.0049	0.0244	0.0253	0.0131	0.0219	0.0204	0.0014	0.0062	0.0019	0.0231	0.0224	0.0274	0.0114	0.0119	0.0315	0.0166	0.0032	0.0138	0.0207	0.0072	0.0192	0.0017	0.0193	0.0149	
0.0212	0.0211	0.0048	0.0144	0.0221	0.0082	0.0016	0.0136	0.0156	0.0147	0.0150	0.0035	0.0130	0.0205	0.0059	0.0154	0.0095	0.0128	0.0012	0.0323	0.0101	0.0067	0.0043	0.0249	0.0025	0.0223	0.0133	0.0198	0.0014	0.0027	0.0096	0.0046	0.0047	0.0105	0.0173	0.0020	0.0172	0.0161	0.0233	0.0266	0.0134	0.0123	0.0133	0.0245	0.0056	0.0256	0.0023	0.0126	0.0015	0.0029	0.0355	0.0027	0.0004	0.0135	0.0067	0.0194	0.0067	0.0091	0.0068	0.0189	0.0056	0.0073	0.0107	0.0100	0.0002	0.0030	0.0197	0.0031	0.0005	0.0064	0.0051	0.0263	0.0183	0.0105	0.0423	0.0333	0.0198	0.0074	0.0174	0.0129	
0.0187	0.0107	0.0148	0.0310	0.0085	0.0101	0.0031	0.0106	0.0038	0.0033	0.0110	0.0027	0.0070	0.0067	0.0083	0.0140	0.0019	0.0036	0.0246	0.0264	0.0001	0.0282	0.0114	0.0166	0.0158	0.0014	0.0053	0.0160	0.0194	0.0078	0.0150	0.0097	0.0147	0.0233	0.0164	0.0246	0.0125	0.0081	0.0016	0.0185	0.0176	0.0126	0.0240	0.0202	0.0291	0.0013	0.0119	0.0126	0.0164	0.0071	0.0255	0.0168	0.0060	0.0109	0.0103	0.0175	0.0000	0.0013	0.0245	0.0051	0.0024	0.0064	0.0115	0.0260	0.0044	0.0181	0.0064	0.0104	0.0158	0.0097	0.0048	0.0204	0.0019	0.0087	0.0259	0.0133	0.0004	0.0142	0.0202	0.0207	
0.0169	0.0168	0.0038	0.0139	0.0105	0.0066	0.0028	0.0020	0.0190	0.0228	0.0288	0.0118	0.0113	0.0221	0.0117	0.0174	0.0028	0.0014	0.0138	0.0005	0.0167	0.0029	0.0299	0.0049	0.0043	0.0038	0.0095	0.0031	0.0177	0.0174	0.0219	0.0125	0.0075	0.0017	0.0128	0.0107	0.0044	0.0222	0.0128	0.0027	0.0203	0.0057	0.0191	0.0188	0.0145	0.0198	0.0065	0.0048	0.0194	0.0077	0.0109	0.0283	0.0247	0.0189	0.0053	0.0174	0.0181	0.0219	0.0107	0.0060	0.0179	0.0308	0.0089	0.0196	0.0245	0.0116	0.0031	0.0086	0.0086	0.0009	0.0120	0.0092	0.0148	0.0117	0.0063	0.0142	0.0076	0.0064	0.0132	0.0150	
0.0225	0.0063	0.0074	0.0082	0.0144	0.0254	0.0115	0.0130	0.0229	0.0016	0.0219	0.0065	0.0057	0.0043	0.0076	0.0183	0.0175	0.0221	0.0233	0.0029	0.0153	0.0358	0.0267	0.0180	0.0124	0.0010	0.0065	0.0139	0.0128	0.0156	0.0037	0.0101	0.0063	0.0345	0.0096	0.0107	0.0185	0.0003	0.0089	0.0026	0.0208	0.0135	0.0112	0.0074	0.0072	0.0093	0.0016	0.0096	0.0014	0.0074	0.0244	0.0100	0.0098	0.0098	0.0309	0.0264	0.0065	0.0155	0.0128	0.0078	0.0087	0.0252	0.0003	0.0037	0.0122	0.0050	0.0204	0.0078	0.0202	0.0189	0.0059	0.0193	0.0126	0.0183	0.0041	0.0017	0.0087	0.0131	0.0106	0.0135	
0.0307	0.0009	0.0109	0.0059	0.0017	0.0294	0.0272	0.0263	0.0043	0.0157	0.0360	0.0009	0.0102	0.0270	0.0141	0.0241	0.0143	0.0093	0.0121	0.0017	0.0148	0.0294	0.0237	0.0024	0.0032	0.0228	0.0141	0.0226	0.0111	0.0266	0.0148	0.0243	0.0048	0.0045	0.0109	0.0141	0.0150	0.0212	0.0034	0.0031	0.0063	0.0012	0.0058	0.0085	0.0017	0.0045	0.0117	0.0180	0.0308	0.0030	0.0189	0.0029	0.0024	0.0071	0.0001	0.0066	0.0068	0.0110	0.0003	0.0071	0.0020	0.0029	0.0131	0.0106	0.0155	0.0230	0.0233	0.0094	0.0174	0.0044	0.0210	0.0251	0.0053	0.0117	0.0271	0.0146	0.0170	0.0102	0.0010	0.0007	
0.0105	0.0018	0.0183	0.0082	0.0090	0.0124	0.0205	0.0237	0.0040	0.0054	0.0002	0.0029	0.0175	0.0267	0.0001	0.0043	0.0140	0.0218	0.0089	0.0027	0.0093	0.0045	0.0028	0.0195	0.0112	0.0192	0.0168	0.0150	0.0152	0.0196	0.0140	0.0034	0.0081	0.0199	0.0215	0.0010	0.0043	0.0031	0.0010	0.0145	0.0011	0.0285	0.0033	0.0091	0.0066	0.0091	0.0222	0.0056	0.0071	0.0128	0.0193	0.0249	0.0177	0.0167	0.0196	0.0060	0.0154	0.0029	0.0211	0.0165	0.0130	0.0013	0.0082	0.0169	0.0093	0.0184	0.0184	0.0272	0.0032	0.0255	0.0341	0.0170	0.0197	0.0268	0.0016	0.0110	0.0010	0.0233	0.0163	0.0054	
0.0248	0.0106	0.0091	0.0161	0.0284	0.0282	0.0049	0.0095	0.0092	0.0168	0.0021	0.0023	0.0068	0.0120	0.0149	0.0221	0.0110	0.0110	0.0333	0.0159	0.0171	0.0041	0.0076	0.0086	0.0070	0.0082	0.0090	0.0005	0.0205	0.0072	0.0042	0.0047	0.0068	0.0162	0.0139	0.0005	0.0148	0.0057	0.0167	0.0090	0.0111	0.0076	0.0106	0.0142	0.0228	0.0314	0.0014	0.0059	0.0005	0.0013	0.0302	0.0177	0.0149	0.0037	0.0250	0.0299	0.0028	0.0047	0.0070	0.0094	0.0017	0.0058	0.0163	0.0179	0.0024	0.0124	0.0132	0.0006	0.0246	0.0175	0.0175	0.0093	0.0147	0.0105	0.0343	0.0147	0.0116	0.0175	0.0109	0.0232	
0.0057	0.0144	0.0000	0.0201	0.0232	0.0232	0.0100	0.0074	0.0275	0.0216	0.0217	0.0118	0.0223	0.0073	0.0084	0.0103	0.0148	0.0129	0.0084	0.0046	0.0090	0.0014	0.0093	0.0048	0.0106	0.0077	0.0123	0.0112	0.0122	0.0049	0.0052	0.0185	0.0172	0.0196	0.0079	0.0152	0.0065	0.0243	0.0102	0.0150	0.0071	0.0081	0.0040	0.0063	0.0082	0.0041	0.0109	0.0137	0.0217	0.0097	0.0236	0.0013	0.0067	0.0049	0.0127	0.0059	0.0046	0.0182	0.0040	0.0101	0.0012	0.0262	0.0216	0.0199	0.0066	0.0149	0.0130	0.0092	0.0271	0.0228	0.0041	0.0256	0.0037	0.0253	0.0297	0.0024	0.0224	0.0003	0.0239	0.0156	
0.0228	0.0040	0.0142	0.0021	0.0112	0.0066	0.0120	0.0131	0.0071	0.0041	0.0051	0.0115	0.0170	0.0005	0.0123	0.0110	0.0115	0.0125	0.0178	0.0104	0.0150	0.0025	0.0196	0.0007	0.0057	0.0256	0.0167	0.0141	0.0115	0.0065	0.0058	0.0076	0.0227	0.0185	0.0102	0.0238	0.0087	0.0234	0.0053	0.0061	0.0066	0.0235	0.0022	0.0176	0.0220	0.0176	0.0036	0.0034	0.0044	0.0099	0.0133	0.0133	0.0062	0.0105	0.0235	0.0282	0.0102	0.0100	0.0217	0.0152	0.0084	0.0253	0.0013	0.0252	0.0170	0.0172	0.0127	0.0277	0.0136	0.0159	0.0005	0.0244	0.0069	0.0130	0.0047	0.0199	0.0001	0.0239	0.0063	0.0164	
0.0156	0.0133	0.0124	0.0018	0.0158	0.0220	0.0026	0.0082	0.0149	0.0106	0.0065	0.0217	0.0195	0.0105	0.0234	0.0090	0.0265	0.0034	0.0186	0.0161	0.0044	0.0037	0.0107	0.0116	0.0100	0.0132	0.0045	0.0205	0.0066	0.0029	0.0235	0.0182	0.0067	0.0083	0.0151	0.0115	0.0111	0.0205	0.0060	0.0215	0.0199	0.0008	0.0031	0.0173	0.0033	0.0041	0.0216	0.0190	0.0162	0.0159	0.0169	0.0140	0.0207	0.0105	0.0062	0.0103	0.0047	0.0211	0.0123	0.0160	0.0182	0.0101	0.0019	0.0148	0.0305	0.0160	0.0137	0.0111	0.0168	0.0053	0.0179	0.0166	0.0188	0.0180	0.0036	0.0033	0.0003	0.0134	0.0075	0.0049	
0.0192	0.0118	0.0015	0.0150	0.0163	0.0240	0.0177	0.0211	0.0258	0.0089	0.0143	0.0175	0.0050	0.0049	0.0047	0.0062	0.0192	0.0107	0.0187	0.0124	0.0144	0.0089	0.0283	0.0074	0.0099	0.0147	0.0149	0.0174	0.0050	0.0028	0.0112	0.0059	0.0075	0.0107	0.0036	0.0050	0.0065	0.0098	0.0030	0.0020	0.0145	0.0180	0.0150	0.0072	0.0224	0.0073	0.0148	0.0133	0.0159	0.0141	0.0072	0.0153	0.0144	0.0122	0.0175	0.0093	0.0066	0.0168	0.0217	0.0200	0.0155	0.0186	0.0156	0.0234	0.0111	0.0032	0.0045	0.0207	0.0015	0.0014	0.0021	0.0108	0.0070	0.0239	0.0171	0.0208	0.0167	0.0179	0.0127	0.0085	
0.0023	0.0065	0.0064	0.0112	0.0206	0.0006	0.0077	0.0147	0.0191	0.0163	0.0155	0.0154	0.0128	0.0110	0.0035	0.0235	0.0033	0.0197	0.0109	0.0126	0.0034	0.0258	0.0155	0.0124	0.0151	0.0202	0.0031	0.0040	0.0020	0.0189	0.0162	0.0172	0.0047	0.0103	0.0133	0.0170	0.0122	0.0040	0.0010	0.0212	0.0192	0.0152	0.0189	0.0083	0.0108	0.0109	0.0166	0.0185	0.0132	0.0168	0.0152	0.0237	0.0031	0.0188	0.0068	0.0035	0.0122	0.0159	0.0191	0.0247	0.0205	0.0029	0.0125	0.0037	0.0176	0.0155	0.0081	0.0064	0.0217	0.0121	0.0103	0.0276	0.0164	0.0144	0.0176	0.0132	0.0028	0.0060	0.0037	0.0047	
0.0047	0.0055	0.0195	0.0080	0.0028	0.0291	0.0243	0.0074	0.0050	0.0108	0.0005	0.0293	0.0126	0.0027	0.0300	0.0198	0.0034	0.0219	0.0140	0.0159	0.0043	0.0154	0.0025	0.0038	0.0129	0.0175	0.0058	0.0142	0.0028	0.0168	0.0016	0.0119	0.0188	0.0157	0.0193	0.0191	0.0158	0.0067	0.0016	0.0286	0.0003	0.0016	0.0010	0.0105	0.0120	0.0145	0.0150	0.0190	0.0224	0.0037	0.0120	0.0120	0.0198	0.0150	0.0016	0.0185	0.0044	0.0136	0.0232	0.0105	0.0218	0.0093	0.0046	0.0141	0.0133	0.0169	0.0087	0.0004	0.0098	0.0074	0.0036	0.0244	0.0174	0.0147	0.0185	0.0031	0.0121	0.0191	0.0181	0.0298	
0.0035	0.0176	0.0158	0.0320	0.0087	0.0145	0.0139	0.0019	0.0094	0.0032	0.0150	0.0031	0.0096	0.0209	0.0052	0.0206	0.0170	0.0151	0.0217	0.0155	0.0058	0.0113	0.0087	0.0113	0.0001	0.0126	0.0173	0.0022	0.0161	0.0242	0.0030	0.0086	0.0181	0.0188	0.0048	0.0033	0.0119	0.0078	0.0033	0.0243	0.0143	0.0050	0.0158	0.0036	0.0265	0.0005	0.0117	0.0214	0.0055	0.0227	0.0052	0.0263	0.0160	0.0136	0.0175	0.0189	0.0033	0.0033	0.0257	0.0293	0.0157	0.0135	0.0048	0.0146	0.0130	0.0022	0.0068	0.0140	0.0112	0.0034	0.0041	0.0218	0.0108	0.0054	0.0246	0.0002	0.0252	0.0034	0.0169	0.0247	
0.0005	0.0178	0.0237	0.0218	0.0142	0.0084	0.0166	0.0195	0.0042	0.0114	0.0186	0.0091	0.0066	0.0084	0.0250	0.0081	0.0003	0.0035	0.0056	0.0105	0.0134	0.0013	0.0137	0.0032	0.0185	0.0138	0.0099	0.0121	0.0182	0.0118	0.0165	0.0033	0.0123	0.0256	0.0136	0.0226	0.0159	0.0077	0.0211	0.0136	0.0104	0.0084	0.0056	0.0162	0.0066	0.0177	0.0078	0.0028	0.0045	0.0159	0.0206	0.0171	0.0212	0.0047	0.0063	0.0259	0.0051	0.0137	0.0038	0.0014	0.0230	0.0039	0.0016	0.0128	0.0205	0.0147	0.0208	0.0070	0.0150	0.0239	0.0112	0.0177	0.0081	0.0145	0.0035	0.0063	0.0174	0.0176	0.0168	0.0263	
0.0074	0.0085	0.0092	0.0042	0.0143	0.0263	0.0078	0.0058	0.0177	0.0233	0.0227	0.0007	0.0020	0.0242	0.0203	0.0097	0.0075	0.0231	0.0205	0.0111	0.0219	0.0010	0.0163	0.0060	0.0024	0.0074	0.0095	0.0030	0.0018	0.0003	0.0033	0.0083	0.0256	0.0051	0.0188	0.0193	0.0164	0.0375	0.0198	0.0232	0.0113	0.0180	0.0170	0.0178	0.0062	0.0131	0.0161	0.0134	0.0013	0.0219	0.0184	0.0019	0.0256	0.0075	0.0006	0.0082	0.0194	0.0021	0.0025	0.0132	0.0172	0.0044	0.0042	0.0193	0.0176	0.0094	0.0055	0.0265	0.0260	0.0005	0.0113	0.0128	0.0292	0.0025	0.0039	0.0086	0.0120	0.0239	0.0010	0.0154	
0.0158	0.0184	0.0018	0.0046	0.0013	0.0032	0.0132	0.0127	0.0057	0.0146	0.0250	0.0206	0.0176	0.0062	0.0059	0.0052	0.0113	0.0229	0.0034	0.0202	0.0091	0.0270	0.0217	0.0011	0.0066	0.0144	0.0017	0.0202	0.0033	0.0165	0.0231	0.0000	0.0012	0.0165	0.0196	0.0181	0.0018	0.0204	0.0140	0.0119	0.0214	0.0148	0.0150	0.0090	0.0032	0.0200	0.0125	0.0163	0.0236	0.0188	0.0241	0.0121	0.0131	0.0061	0.0055	0.0198	0.0017	0.0010	0.0206	0.0094	0.0001	0.0204	0.0096	0.0106	0.0142	0.0204	0.0171	0.0077	0.0093	0.0098	0.0056	0.0122	0.0080	0.0156	0.0252	0.0196	0.0038	0.0090	0.0203	0.0156	
0.0008	0.0135	0.0213	0.0071	0.0280	0.0115	0.0104	0.0211	0.0097	0.0044	0.0201	0.0009	0.0029	0.0040	0.0133	0.0034	0.0061	0.0056	0.0147	0.0054	0.0033	0.0071	0.0074	0.0088	0.0146	0.0075	0.0021	0.0004	0.0110	0.0122	0.0151	0.0177	0.0036	0.0061	0.0100	0.0157	0.0210	0.0045	0.0127	0.0105	0.0118	0.0228	0.0259	0.0057	0.0245	0.0037	0.0097	0.0048	0.0021	0.0162	0.0124	0.0301	0.0159	0.0135	0.0139	0.0187	0.0046	0.0131	0.0164	0.0192	0.0075	0.0099	0.0087	0.0286	0.0134	0.0234	0.0237	0.0292	0.0207	0.0237	0.0084	0.0021	0.0176	0.0083	0.0192	0.0065	0.0094	0.0304	0.0146	0.0140	
0.0215	0.0211	0.0202	0.0184	0.0259	0.0144	0.0013	0.0126	0.0188	0.0169	0.0091	0.0105	0.0126	0.0255	0.0008	0.0036	0.0105	0.0000	0.0157	0.0200	0.0063	0.0140	0.0138	0.0023	0.0081	0.0102	0.0055	0.0069	0.0196	0.0060	0.0078	0.0043	0.0208	0.0001	0.0159	0.0112	0.0089	0.0172	0.0227	0.0258	0.0175	0.0100	0.0022	0.0012	0.0204	0.0202	0.0100	0.0160	0.0051	0.0142	0.0164	0.0099	0.0072	0.0126	0.0070	0.0115	0.0059	0.0163	0.0075	0.0151	0.0061	0.0152	0.0167	0.0145	0.0031	0.0019	0.0093	0.0167	0.0048	0.0168	0.0197	0.0272	0.0005	0.0168	0.0255	0.0255	0.0105	0.0121	0.0105	0.0136	
0.0248	0.0112	0.0028	0.0042	0.0142	0.0041	0.0210	0.0057	0.0173	0.0065	0.0000	0.0161	0.0063	0.0102	0.0163	0.0045	0.0161	0.0137	0.0196	0.0117	0.0117	0.0243	0.0174	0.0141	0.0178	0.0176	0.0058	0.0157	0.0172	0.0087	0.0002	0.0198	0.0091	0.0189	0.0115	0.0205	0.0122	0.0112	0.0003	0.0011	0.0057	0.0040	0.0205	0.0203	0.0156	0.0034	0.0141	0.0126	0.0231	0.0161	0.0045	0.0236	0.0118	0.0185	0.0016	0.0038	0.0163	0.0119	0.0061	0.0176	0.0191	0.0038	0.0124	0.0087	0.0052	0.0005	0.0040	0.0158	0.0230	0.0201	0.0190	0.0056	0.0120	0.0192	0.0074	0.0083	0.0221	0.0191	0.0231	0.0189	
0.0038	0.0239	0.0193	0.0287	0.0041	0.0033	0.0097	0.0137	0.0141	0.0105	0.0237	0.0010	0.0058	0.0090	0.0061	0.0028	0.0137	0.0176	0.0129	0.0091	0.0269	0.0007	0.0178	0.0017	0.0032	0.0276	0.0092	0.0122	0.0160	0.0202	0.0040	0.0027	0.0159	0.0080	0.0140	0.0043	0.0072	0.0233	0.0034	0.0039	0.0162	0.0181	0.0245	0.0114	0.0338	0.0122	0.0240	0.0054	0.0125	0.0056	0.0116	0.0122	0.0023	0.0093	0.0185	0.0034	0.0016	0.0130	0.0292	0.0086	0.0244	0.0156	0.0231	0.0294	0.0035	0.0171	0.0139	0.0302	0.0198	0.0020	0.0183	0.0010	0.0118	0.0100	0.0193	0.0097	0.0045	0.0033	0.0038	0.0110	
0.0266	0.0012	0.0031	0.0102	0.0011	0.0252	0.0017	0.0028	0.0133	0.0103	0.0014	0.0224	0.0168	0.0193	0.0093	0.0222	0.0208	0.0278	0.0094	0.0019	0.0024	0.0047	0.0158	0.0127	0.0131	0.0146	0.0279	0.0147	0.0102	0.0103	0.0304	0.0226	0.0150	0.0092	0.0053	0.0188	0.0138	0.0116	0.0239	0.0081	0.0228	0.0100	0.0043	0.0039	0.0215	0.0234	0.0058	0.0131	0.0059	0.0007	0.0156	0.0045	0.0167	0.0015	0.0116	0.0170	0.0116	0.0157	0.0227	0.0085	0.0234	0.0130	0.0166	0.0043	0.0137	0.0023	0.0048	0.0143	0.0184	0.0130	0.0123	0.0057	0.0006	0.0026	0.0077	0.0156	0.0237	0.0120	0.0145	0.0131	
0.0110	0.0112	0.0085	0.0085	0.0213	0.0206	0.0068	0.0107	0.0204	0.0094	0.0085	0.0001	0.0142	0.0128	0.0116	0.0066	0.0162	0.0006	0.0152	0.0199	0.0178	0.0196	0.0211	0.0150	0.0138	0.0085	0.0039	0.0131	0.0181	0.0153	0.0199	0.0198	0.0238	0.0074	0.0203	0.0084	0.0036	0.0089	0.0063	0.0166	0.0206	0.0169	0.0137	0.0054	0.0048	0.0097	0.0125	0.0111	0.0152	0.0016	0.0230	0.0240	0.0190	0.0158	0.0193	0.0181	0.0156	0.0161	0.0187	0.0119	0.0152	0.0173	0.0164	0.0044	0.0130	0.0095	0.0012	0.0099	0.0153	0.0027	0.0025	0.0088	0.0178	0.0208	0.0022	0.0025	0.0026	0.0148	0.0101	0.0049	
0.0194	0.0133	0.0233	0.0145	0.0195	0.0236	0.0023	0.0059	0.0121	0.0044	0.0167	0.0140	0.0126	0.0174	0.0018	0.0029	0.0215	0.0102	0.0178	0.0200	0.0074	0.0039	0.0216	0.0134	0.0209	0.0141	0.0041	0.0199	0.0136	0.0126	0.0130	0.0012	0.0057	0.0170	0.0150	0.0221	0.0200	0.0023	0.0117	0.0139	0.0077	0.0181	0.0192	0.0089	0.0097	0.0162	0.0177	0.0009	0.0192	0.0225	0.0038	0.0170	0.0199	0.0149	0.0214	0.0189	0.0168	0.0072	0.0141	0.0026	0.0156	0.0066	0.0141	0.0208	0.0119	0.0123	0.0051	0.0007	0.0003	0.0035	0.0070	0.0198	0.0213	0.0018	0.0124	0.0149	0.0053	0.0108	0.0033	0.0095	
0.0245	0.0034	0.0212	0.0143	0.0212	0.0282	0.0034	0.0148	0.0231	0.0011	0.0045	0.0176	0.0077	0.0089	0.0189	0.0023	0.0018	0.0005	0.0309	0.0345	0.0112	0.0332	0.0009	0.0223	0.0112	0.0077	0.0116	0.0200	0.0073	0.0072	0.0085	0.0070	0.0035	0.0125	0.0078	0.0181	0.0091	0.0019	0.0091	0.0160	0.0107	0.0215	0.0077	0.0266	0.0007	0.0284	0.0123	0.0166	0.0040	0.0078	0.0201	0.0094	0.0133	0.0066	0.0358	0.0041	0.0016	0.0054	0.0234	0.0066	0.0042	0.0084	0.0093	0.0124	0.0079	0.0150	0.0073	0.0011	0.0013	0.0093	0.0294	0.0003	0.0150	0.0052	0.0124	0.0287	0.0105	0.0016	0.0218	0.0275	
0.0198	0.0005	0.0165	0.0272	0.0231	0.0050	0.0152	0.0230	0.0120	0.0038	0.0126	0.0030	0.0040	0.0027	0.0094	0.0043	0.0087	0.0216	0.0098	0.0056	0.0146	0.0120	0.0191	0.0212	0.0119	0.0123	0.0126	0.0116	0.0013	0.0040	0.0144	0.0021	0.0119	0.0023	0.0103	0.0058	0.0173	0.0115	0.0204	0.0123	0.0030	0.0117	0.0158	0.0214	0.0295	0.0166	0.0220	0.0153	0.0172	0.0039	0.0107	0.0180	0.0159	0.0102	0.0082	0.0109	0.0066	0.0176	0.0086	0.0079	0.0136	0.0034	0.0198	0.0087	0.0081	0.0073	0.0142	0.0018	0.0189	0.0052	0.0142	0.0294	0.0023	0.0294	0.0025	0.0027	0.0224	0.0204	0.0224	0.0261	
0.0143	0.0182	0.0218	0.0209	0.0195	0.0028	0.0106	0.0205	0.0145	0.0012	0.0156	0.0229	0.0010	0.0094	0.0217	0.0004	0.0185	0.0077	0.0104	0.0111	0.0015	0.0211	0.0185	0.0099	0.0164	0.0074	0.0139	0.0194	0.0099	0.0035	0.0158	0.0152	0.0249	0.0129	0.0127	0.0150	0.0076	0.0171	0.0138	0.0080	0.0272	0.0137	0.0057	0.0132	0.0069	0.0160	0.0233	0.0158	0.0036	0.0014	0.0103	0.0102	0.0059	0.0082	0.0194	0.0141	0.0007	0.0094	0.0052	0.0069	0.0160	0.0156	0.0115	0.0148	0.0159	0.0043	0.0211	0.0133	0.0229	0.0030	0.0172	0.0164	0.0156	0.0026	0.0130	0.0086	0.0110	0.0072	0.0026	0.0226	
0.0104	0.0247	0.0138	0.0101	0.0164	0.0217	0.0087	0.0150	0.0105	0.0182	0.0134	0.0258	0.0114	0.0050	0.0208	0.0081	0.0007	0.0197	0.0006	0.0028	0.0204	0.0078	0.0180	0.0197	0.0081	0.0131	0.0206	0.0022	0.0168	0.0089	0.0056	0.0117	0.0059	0.0050	0.0177	0.0211	0.0005	0.0065	0.0177	0.0166	0.0198	0.0068	0.0239	0.0012	0.0146	0.0128	0.0050	0.0106	0.0086	0.0068	0.0074	0.0222	0.0081	0.0187	0.0040	0.0030	0.0024	0.0128	0.0316	0.0062	0.0057	0.0051	0.0211	0.0074	0.0112	0.0197	0.0183	0.0117	0.0088	0.0285	0.0077	0.0253	0.0206	0.0085	0.0070	0.0124	0.0098	0.0190	0.0119	0.0121	
0.0097	0.0048	0.0160	0.0105	0.0290	0.0122	0.0071	0.0090	0.0025	0.0206	0.0169	0.0131	0.0057	0.0151	0.0078	0.0144	0.0081	0.0173	0.0167	0.0163	0.0264	0.0284	0.0082	0.0118	0.0011	0.0167	0.0009	0.0210	0.0113	0.0173	0.0174	0.0097	0.0028	0.0105	0.0210	0.0006	0.0145	0.0120	0.0083	0.0014	0.0154	0.0120	0.0058	0.0142	0.0090	0.0223	0.0138	0.0055	0.0034	0.0218	0.0046	0.0166	0.0027	0.0224	0.0235	0.0136	0.0159	0.0061	0.0085	0.0080	0.0085	0.0105	0.0242	0.0109	0.0169	0.0043	0.0067	0.0238	0.0200	0.0074	0.0007	0.0237	0.0090	0.0143	0.0256	0.0134	0.0149	0.0192	0.0028	0.0044	
0.0018	0.0194	0.0131	0.0159	0.0232	0.0063	0.0062	0.0042	0.0215	0.0102	0.0049	0.0090	0.0045	0.0006	0.0089	0.0044	0.0125	0.0156	0.0234	0.0059	0.0159	0.0233	0.0171	0.0229	0.0100	0.0069	0.0031	0.0134	0.0027	0.0076	0.0164	0.0041	0.0024	0.0044	0.0057	0.0152	0.0235	0.0050	0.0239	0.0177	0.0133	0.0035	0.0077	0.0110	0.0064	0.0222	0.0159	0.0093	0.0217	0.0136	0.0341	0.0321	0.0006	0.0131	0.0232	0.0135	0.0030	0.0184	0.0167	0.0064	0.0129	0.0181	0.0003	0.0097	0.0040	0.0163	0.0022	0.0013	0.0204	0.0015	0.0167	0.0112	0.0167	0.0473	0.0107	0.0153	0.0079	0.0303	0.0163	0.0028	
0.0152	0.0197	0.0210	0.0126	0.0100	0.0007	0.0042	0.0044	0.0099	0.0159	0.0036	0.0238	0.0100	0.0163	0.0231	0.0045	0.0034	0.0276	0.0224	0.0049	0.0155	0.0169	0.0122	0.0162	0.0055	0.0096	0.0312	0.0015	0.0184	0.0030	0.0029	0.0094	0.0073	0.0189	0.0131	0.0027	0.0235	0.0117	0.0246	0.0118	0.0249	0.0220	0.0119	0.0235	0.0181	0.0140	0.0244	0.0034	0.0069	0.0018	0.0082	0.0079	0.0012	0.0106	0.0105	0.0004	0.0099	0.0294	0.0075	0.0214	0.0016	0.0024	0.0108	0.0101	0.0238	0.0213	0.0161	0.0208	0.0041	0.0157	0.0056	0.0139	0.0003	0.0096	0.0098	0.0153	0.0026	0.0129	0.0224	0.0141	
0.0106	0.0226	0.0186	0.0206	0.0207	0.0155	0.0071	0.0233	0.0038	0.0114	0.0157	0.0286	0.0045	0.0247	0.0096	0.0181	0.0088	0.0028	0.0061	0.0017	0.0251	0.0025	0.0210	0.0124	0.0192	0.0148	0.0112	0.0099	0.0171	0.0154	0.0163	0.0144	0.0029	0.0167	0.0083	0.0050	0.0065	0.0207	0.0150	0.0285	0.0096	0.0162	0.0132	0.0111	0.0205	0.0042	0.0099	0.0013	0.0021	0.0183	0.0072	0.0000	0.0076	0.0153	0.0160	0.0083	0.0151	0.0033	0.0186	0.0027	0.0076	0.0164	0.0222	0.0147	0.0125	0.0023	0.0169	0.0147	0.0154	0.0041	0.0109	0.0153	0.0110	0.0060	0.0132	0.0041	0.0133	0.0091	0.0194	0.0127	
0.0079	0.0068	0.0054	0.0023	0.0189	0.0272	0.0052	0.0088	0.0012	0.0006	0.0191	0.0038	0.0019	0.0107	0.0052	0.0111	0.0096	0.0002	0.0431	0.0393	0.0103	0.0492	0.0344	0.0257	0.0020	0.0221	0.0028	0.0009	0.0016	0.0125	0.0111	0.0071	0.0027	0.0044	0.0158	0.0005	0.0115	0.0139	0.0041	0.0126	0.0068	0.0118	0.0103	0.0114	0.0276	0.0096	0.0091	0.0004	0.0148	0.0167	0.0236	0.0252	0.0062	0.0010	0.0160	0.0201	0.0012	0.0078	0.0123	0.0141	0.0029	0.0083	0.0073	0.0104	0.0002	0.0099	0.0133	0.0266	0.0176	0.0074	0.0134	0.0252	0.0123	0.0107	0.0615	0.0377	0.0082	0.0013	0.0021	0.0043	
0.0091	0.0095	0.0087	0.0021	0.0024	0.0120	0.0242	0.0048	0.0255	0.0089	0.0078	0.0255	0.0019	0.0120	0.0065	0.0086	0.0061	0.0208	0.0103	0.0286	0.0119	0.0173	0.0100	0.0246	0.0109	0.0107	0.0101	0.0075	0.0052	0.0109	0.0011	0.0150	0.0084	0.0190	0.0069	0.0250	0.0234	0.0029	0.0109	0.0165	0.0221	0.0147	0.0037	0.0101	0.0098	0.0135	0.0196	0.0056	0.0237	0.0096	0.0187	0.0157	0.0120	0.0032	0.0211	0.0228	0.0028	0.0122	0.0098	0.0129	0.0131	0.0177	0.0004	0.0089	0.0046	0.0107	0.0104	0.0121	0.0071	0.0077	0.0173	0.0031	0.0093	0.0185	0.0308	0.0284	0.0066	0.0259	0.0142	0.0067	
0.0159	0.0138	0.0092	0.0177	0.0204	0.0149	0.0019	0.0072	0.0006	0.0134	0.0217	0.0116	0.0161	0.0241	0.0018	0.0073	0.0122	0.0221	0.0023	0.0177	0.0023	0.0109	0.0296	0.0125	0.0216	0.0128	0.0009	0.0007	0.0059	0.0188	0.0127	0.0059	0.0223	0.0035	0.0010	0.0068	0.0052	0.0097	0.0102	0.0200	0.0109	0.0029	0.0119	0.0201	0.0184	0.0018	0.0093	0.0115	0.0136	0.0156	0.0086	0.0164	0.0203	0.0158	0.0043	0.0057	0.0107	0.0206	0.0239	0.0129	0.0144	0.0010	0.0018	0.0098	0.0208	0.0116	0.0159	0.0198	0.0214	0.0252	0.0008	0.0069	0.0084	0.0082	0.0109	0.0290	0.0283	0.0022	0.0230	0.0203	
0.0012	0.0155	0.0128	0.0161	0.0055	0.0015	0.0125	0.0056	0.0003	0.0253	0.0202	0.0096	0.0163	0.0012	0.0063	0.0134	0.0010	0.0026	0.0003	0.0018	0.0137	0.0204	0.0227	0.0193	0.0173	0.0059	0.0053	0.0072	0.0054	0.0053	0.0052	0.0099	0.0311	0.0156	0.0104	0.0019	0.0113	0.0226	0.0030	0.0261	0.0258	0.0111	0.0164	0.0226	0.0047	0.0149	0.0150	0.0055	0.0039	0.0028	0.0172	0.0300	0.0017	0.0202	0.0093	0.0072	0.0165	0.0148	0.0313	0.0021	0.0260	0.0026	0.0004	0.0267	0.0146	0.0062	0.0101	0.0299	0.0196	0.0055	0.0216	0.0190	0.0296	0.0048	0.0026	0.0042	0.0087	0.0253	0.0157	0.0256	
0.0145	0.0206	0.0038	0.0021	0.0110	0.0124	0.0069	0.0045	0.0142	0.0050	0.0131	0.0278	0.0148	0.0015	0.0110	0.0188	0.0065	0.0131	0.0138	0.0307	0.0075	0.0233	0.0232	0.0011	0.0032	0.0089	0.0110	0.0155	0.0130	0.0076	0.0153	0.0192	0.0019	0.0233	0.0101	0.0233	0.0243	0.0207	0.0138	0.0030	0.0114	0.0052	0.0101	0.0101	0.0279	0.0250	0.0184	0.0201	0.0058	0.0045	0.0270	0.0204	0.0043	0.0091	0.0224	0.0256	0.0020	0.0032	0.0168	0.0264	0.0064	0.0126	0.0126	0.0042	0.0015	0.0057	0.0135	0.0178	0.0148	0.0002	0.0004	0.0122	0.0028	0.0160	0.0359	0.0035	0.0075	0.0060	0.0055	0.0098	
0.0138	0.0222	0.0130	0.0129	0.0161	0.0120	0.0133	0.0093	0.0058	0.0150	0.0187	0.0249	0.0030	0.0219	0.0121	0.0104	0.0145	0.0067	0.0073	0.0127	0.0067	0.0031	0.0089	0.0066	0.0037	0.0088	0.0073	0.0197	0.0185	0.0135	0.0088	0.0016	0.0198	0.0142	0.0056	0.0155	0.0254	0.0261	0.0181	0.0190	0.0144	0.0094	0.0122	0.0006	0.0112	0.0082	0.0068	0.0095	0.0154	0.0139	0.0110	0.0020	0.0200	0.0142	0.0018	0.0146	0.0086	0.0061	0.0065	0.0037	0.0015	0.0161	0.0137	0.0181	0.0008	0.0095	0.0168	0.0179	0.0152	0.0006	0.0116	0.0229	0.0130	0.0146	0.0233	0.0288	0.0136	0.0072	0.0225	0.0257	
0.0020	0.0289	0.0057	0.0063	0.0055	0.0133	0.0034	0.0035	0.0105	0.0212	0.0234	0.0185	0.0163	0.0138	0.0200	0.0013	0.0228	0.0247	0.0218	0.0158	0.0158	0.0171	0.0260	0.0177	0.0057	0.0143	0.0119	0.0114	0.0031	0.0042	0.0271	0.0103	0.0119	0.0087	0.0016	0.0032	0.0102	0.0081	0.0114	0.0186	0.0132	0.0176	0.0078	0.0191	0.0048	0.0167	0.0026	0.0016	0.0241	0.0152	0.0022	0.0219	0.0075	0.0022	0.0094	0.0104	0.0022	0.0150	0.0329	0.0186	0.0001	0.0169	0.0006	0.0079	0.0257	0.0122	0.0071	0.0107	0.0132	0.0155	0.0198	0.0156	0.0095	0.0088	0.0076	0.0245	0.0097	0.0047	0.0155	0.0123	
0.0108	0.0105	0.0178	0.0104	0.0008	0.0041	0.0032	0.0070	0.0010	0.0137	0.0008	0.0220	0.0076	0.0267	0.0173	0.0239	0.0138	0.0004	0.0149	0.0100	0.0092	0.0160	0.0157	0.0056	0.0009	0.0153	0.0083	0.0164	0.0176	0.0077	0.0030	0.0188	0.0287	0.0085	0.0030	0.0167	0.0166	0.0232	0.0052	0.0179	0.0071	0.0208	0.0067	0.0171	0.0165	0.0132	0.0040	0.0098	0.0145	0.0129	0.0049	0.0089	0.0075	0.0187	0.0013	0.0217	0.0191	0.0068	0.0117	0.0120	0.0221	0.0054	0.0110	0.0181	0.0108	0.0021	0.0255	0.0249	0.0181	0.0326	0.0156	0.0011	0.0225	0.0037	0.0094	0.0146	0.0140	0.0193	0.0136	0.0098	
0.0077	0.0145	0.0017	0.0037	0.0052	0.0234	0.0069	0.0031	0.0162	0.0135	0.0453	0.0197	0.0026	0.0174	0.0038	0.0015	0.0032	0.0066	0.0214	0.0263	0.0157	0.0135	0.0420	0.0207	0.0025	0.0052	0.0025	0.0009	0.0045	0.0155	0.0015	0.0011	0.0042	0.0016	0.0015	0.0221	0.0009	0.0062	0.0122	0.0109	0.0025	0.0200	0.0096	0.0043	0.0062	0.0079	0.0162	0.0009	0.0057	0.0048	0.0147	0.0465	0.0017	0.0013	0.0312	0.0023	0.0001	0.0047	0.0063	0.0249	0.0014	0.0118	0.0218	0.0204	0.0003	0.0057	0.0111	0.0019	0.0149	0.0086	0.0031	0.0219	0.0006	0.0796	0.0593	0.0323	0.0152	0.0179	0.0143	0.0169	
0.0091	0.0083	0.0105	0.0010	0.0132	0.0073	0.0122	0.0096	0.0129	0.0003	0.0355	0.0215	0.0160	0.0199	0.0020	0.0176	0.0019	0.0092	0.0371	0.0207	0.0091	0.0342	0.0160	0.0087	0.0020	0.0087	0.0072	0.0057	0.0059	0.0257	0.0027	0.0075	0.0078	0.0001	0.0090	0.0254	0.0245	0.0121	0.0138	0.0006	0.0101	0.0136	0.0152	0.0152	0.0054	0.0133	0.0191	0.0056	0.0142	0.0019	0.0309	0.0114	0.0082	0.0018	0.0034	0.0193	0.0003	0.0075	0.0141	0.0246	0.0038	0.0107	0.0016	0.0120	0.0030	0.0043	0.0153	0.0223	0.0104	0.0050	0.0004	0.0119	0.0144	0.0461	0.0236	0.0329	0.0017	0.0209	0.0045	0.0274	
0.0119	0.0129	0.0123	0.0048	0.0051	0.0244	0.0159	0.0126	0.0213	0.0187	0.0209	0.0117	0.0168	0.0168	0.0118	0.0086	0.0088	0.0042	0.0206	0.0176	0.0132	0.0285	0.0255	0.0081	0.0016	0.0050	0.0047	0.0174	0.0149	0.0046	0.0109	0.0074	0.0049	0.0240	0.0071	0.0219	0.0192	0.0184	0.0072	0.0188	0.0125	0.0073	0.0010	0.0138	0.0134	0.0132	0.0119	0.0045	0.0066	0.0021	0.0112	0.0247	0.0165	0.0066	0.0085	0.0145	0.0095	0.0054	0.0027	0.0221	0.0129	0.0208	0.0197	0.0162	0.0032	0.0074	0.0038	0.0261	0.0100	0.0143	0.0157	0.0156	0.0177	0.0007	0.0044	0.0059	0.0203	0.0052	0.0187	0.0124	
0.0172	0.0017	0.0126	0.0150	0.0200	0.0157	0.0123	0.0234	0.0157	0.0237	0.0049	0.0180	0.0140	0.0109	0.0046	0.0234	0.0090	0.0086	0.0119	0.0041	0.0112	0.0184	0.0222	0.0156	0.0133	0.0236	0.0011	0.0160	0.0062	0.0020	0.0127	0.0099	0.0104	0.0142	0.0091	0.0182	0.0073	0.0081	0.0210	0.0146	0.0219	0.0089	0.0077	0.0149	0.0152	0.0230	0.0216	0.0095	0.0172	0.0104	0.0183	0.0174	0.0185	0.0159	0.0028	0.0022	0.0052	0.0220	0.0003	0.0276	0.0152	0.0159	0.0199	0.0147	0.0017	0.0141	0.0046	0.0037	0.0011	0.0191	0.0120	0.0055	0.0100	0.0194	0.0079	0.0041	0.0073	0.0050	0.0027	0.0141	
0.0210	0.0120	0.0239	0.0178	0.0066	0.0034	0.0169	0.0162	0.0102	0.0050	0.0073	0.0100	0.0058	0.0242	0.0247	0.0021	0.0136	0.0186	0.0125	0.0168	0.0157	0.0185	0.0102	0.0069	0.0010	0.0136	0.0038	0.0186	0.0083	0.0189	0.0162	0.0022	0.0219	0.0094	0.0006	0.0010	0.0177	0.0247	0.0069	0.0214	0.0221	0.0098	0.0139	0.0168	0.0050	0.0005	0.0204	0.0096	0.0184	0.0056	0.0111	0.0123	0.0146	0.0064	0.0201	0.0046	0.0024	0.0128	0.0165	0.0160	0.0236	0.0211	0.0078	0.0127	0.0099	0.0048	0.0116	0.0205	0.0240	0.0239	0.0058	0.0174	0.0104	0.0129	0.0211	0.0077	0.0027	0.0145	0.0021	0.0005	
0.0174	0.0257	0.0208	0.0037	0.0122	0.0081	0.0127	0.0167	0.0119	0.0240	0.0267	0.0050	0.0043	0.0141	0.0220	0.0012	0.0010	0.0029	0.0079	0.0160	0.0156	0.0001	0.0155	0.0221	0.0189	0.0200	0.0016	0.0204	0.0087	0.0153	0.0013	0.0102	0.0133	0.0156	0.0008	0.0066	0.0203	0.0072	0.0016	0.0043	0.0158	0.0211	0.0118	0.0019	0.0306	0.0016	0.0135	0.0214	0.0192	0.0193	0.0065	0.0006	0.0064	0.0026	0.0146	0.0166	0.0045	0.0207	0.0044	0.0211	0.0051	0.0138	0.0045	0.0268	0.0161	0.0119	0.0160	0.0168	0.0142	0.0147	0.0045	0.0257	0.0009	0.0063	0.0054	0.0156	0.0176	0.0124	0.0233	0.0208	
0.0067	0.0044	0.0078	0.0146	0.0076	0.0011	0.0057	0.0103	0.0055	0.0097	0.0001	0.0280	0.0029	0.0103	0.0306	0.0060	0.0213	0.0152	0.0073	0.0123	0.0111	0.0033	0.0105	0.0000	0.0194	0.0136	0.0269	0.0007	0.0292	0.0248	0.0030	0.0210	0.0294	0.0068	0.0129	0.0012	0.0062	0.0164	0.0163	0.0215	0.0101	0.0074	0.0066	0.0043	0.0180	0.0058	0.0177	0.0157	0.0090	0.0004	0.0222	0.0021	0.0031	0.0144	0.0132	0.0029	0.0267	0.0091	0.0274	0.0195	0.0016	0.0044	0.0140	0.0086	0.0091	0.0045	0.0296	0.0257	0.0268	0.0280	0.0294	0.0040	0.0239	0.0122	0.0049	0.0050	0.0241	0.0064	0.0088	0.0123	
0.0191	0.0097	0.0172	0.0237	0.0012	0.0006	0.0162	0.0118	0.0154	0.0082	0.0055	0.0234	0.0161	0.0263	0.0197	0.0040	0.0153	0.0265	0.0186	0.0085	0.0065	0.0176	0.0176	0.0094	0.0010	0.0182	0.0050	0.0105	0.0070	0.0068	0.0048	0.0118	0.0262	0.0080	0.0193	0.0197	0.0085	0.0205	0.0056	0.0065	0.0100	0.0111	0.0024	0.0124	0.0192	0.0002	0.0099	0.0200	0.0166	0.0015	0.0083	0.0242	0.0088	0.0176	0.0047	0.0028	0.0135	0.0053	0.0238	0.0103	0.0219	0.0033	0.0044	0.0130	0.0015	0.0141	0.0231	0.0094	0.0274	0.0295	0.0168	0.0027	0.0179	0.0126	0.0021	0.0202	0.0187	0.0022	0.0182	0.0008	
0.0072	0.0059	0.0171	0.0064	0.0219	0.0094	0.0056	0.0051	0.0048	0.0232	0.0019	0.0049	0.0179	0.0247	0.0102	0.0077	0.0056	0.0160	0.0135	0.0218	0.0003	0.0035	0.0006	0.0201	0.0074	0.0102	0.0045	0.0138	0.0165	0.0110	0.0089	0.0116	0.0117	0.0199	0.0017	0.0173	0.0083	0.0271	0.0156	0.0192	0.0099	0.0210	0.0030	0.0044	0.0288	0.0120	0.0068	0.0181	0.0056	0.0194	0.0134	0.0020	0.0130	0.0174	0.0007	0.0047	0.0031	0.0197	0.0258	0.0134	0.0032	0.0139	0.0137	0.0205	0.0062	0.0106	0.0168	0.0002	0.0221	0.0210	0.0282	0.0095	0.0236	0.0206	0.0141	0.0060	0.0000	0.0251	0.0217	0.0206	
0.0017	0.0096	0.0119	0.0227	0.0181	0.0084	0.0007	0.0147	0.0140	0.0177	0.0092	0.0107	0.0021	0.0061	0.0172	0.0253	0.0071	0.0103	0.0167	0.0058	0.0176	0.0061	0.0000	0.0095	0.0229	0.0051	0.0038	0.0121	0.0072	0.0174	0.0033	0.0076	0.0023	0.0003	0.0079	0.0214	0.0027	0.0216	0.0236	0.0282	0.0126	0.0248	0.0056	0.0184	0.0102	0.0104	0.0049	0.0148	0.0054	0.0148	0.0157	0.0169	0.0241	0.0103	0.0195	0.0172	0.0104	0.0208	0.0257	0.0180	0.0069	0.0085	0.0077	0.0286	0.0203	0.0015	0.0080	0.0025	0.0251	0.0262	0.0163	0.0177	0.0105	0.0174	0.0174	0.0192	0.0013	0.0024	0.0024	0.0094	
0.0010	0.0101	0.0133	0.0206	0.0266	0.0127	0.0108	0.0162	0.0003	0.0109	0.0065	0.0058	0.0161	0.0073	0.0220	0.0042	0.0168	0.0089	0.0041	0.0051	0.0048	0.0031	0.0194	0.0091	0.0278	0.0054	0.0091	0.0013	0.0124	0.0031	0.0201	0.0077	0.0278	0.0185	0.0124	0.0225	0.0245	0.0190	0.0010	0.0076	0.0200	0.0176	0.0018	0.0051	0.0116	0.0130	0.0282	0.0043	0.0056	0.0202	0.0066	0.0153	0.0255	0.0217	0.0050	0.0176	0.0143	0.0002	0.0165	0.0181	0.0077	0.0089	0.0022	0.0257	0.0244	0.0009	0.0073	0.0033	0.0246	0.0215	0.0068	0.0217	0.0057	0.0202	0.0134	0.0098	0.0010	0.0153	0.0256	0.0098	
0.0071	0.0025	0.0205	0.0226	0.0208	0.0224	0.0087	0.0011	0.0063	0.0145	0.0069	0.0241	0.0019	0.0094	0.0292	0.0082	0.0144	0.0060	0.0082	0.0069	0.0068	0.0216	0.0106	0.0068	0.0139	0.0090	0.0165	0.0007	0.0051	0.0176	0.0202	0.0165	0.0024	0.0063	0.0071	0.0048	0.0106	0.0090	0.0233	0.0252	0.0180	0.0062	0.0181	0.0008	0.0128	0.0066	0.0197	0.0198	0.0229	0.0064	0.0182	0.0182	0.0086	0.0108	0.0039	0.0092	0.0146	0.0120	0.0046	0.0143	0.0128	0.0072	0.0197	0.0174	0.0197	0.0134	0.0188	0.0272	0.0009	0.0200	0.0244	0.0071	0.0055	0.0098	0.0145	0.0214	0.0026	0.0103	0.0213	0.0045	
0.0146	0.0153	0.0020	0.0247	0.0262	0.0013	0.0087	0.0166	0.0029	0.0229	0.0154	0.0294	0.0041	0.0137	0.0077	0.0094	0.0081	0.0017	0.0069	0.0236	0.0124	0.0257	0.0237	0.0031	0.0077	0.0136	0.0112	0.0130	0.0154	0.0053	0.0062	0.0039	0.0138	0.0194	0.0212	0.0223	0.0047	0.0230	0.0169	0.0187	0.0022	0.0051	0.0165	0.0038	0.0082	0.0182	0.0009	0.0138	0.0025	0.0091	0.0126	0.0006	0.0026	0.0147	0.0190	0.0175	0.0104	0.0186	0.0131	0.0092	0.0082	0.0134	0.0266	0.0252	0.0065	0.0058	0.0068	0.0075	0.0155	0.0152	0.0039	0.0170	0.0065	0.0160	0.0205	0.0096	0.0059	0.0193	0.0213	0.0142	
0.0134	0.0244	0.0146	0.0064	0.0159	0.0093	0.0017	0.0207	0.0047	0.0044	0.0002	0.0068	0.0082	0.0138	0.0070	0.0121	0.0047	0.0215	0.0163	0.0165	0.0139	0.0207	0.0044	0.0125	0.0065	0.0247	0.0165	0.0106	0.0014	0.0106	0.0095	0.0027	0.0024	0.0178	0.0172	0.0172	0.0000	0.0208	0.0063	0.0017	0.0064	0.0136	0.0018	0.0096	0.0178	0.0185	0.0041	0.0164	0.0069	0.0083	0.0024	0.0137	0.0223	0.0206	0.0030	0.0190	0.0131	0.0023	0.0289	0.0207	0.0170	0.0115	0.0193	0.0225	0.0150	0.0189	0.0039	0.0180	0.0210	0.0190	0.0137	0.0151	0.0123	0.0149	0.0137	0.0000	0.0201	0.0211	0.0246	0.0093	
0.0185	0.0177	0.0053	0.0153	0.0081	0.0002	0.0045	0.0028	0.0181	0.0207	0.0225	0.0251	0.0151	0.0127	0.0076	0.0157	0.0166	0.0052	0.0171	0.0168	0.0155	0.0168	0.0018	0.0138	0.0159	0.0121	0.0180	0.0051	0.0074	0.0027	0.0026	0.0194	0.0026	0.0116	0.0200	0.0179	0.0053	0.0013	0.0117	0.0163	0.0139	0.0008	0.0174	0.0178	0.0183	0.0125	0.0145	0.0181	0.0065	0.0165	0.0058	0.0115	0.0161	0.0049	0.0181	0.0033	0.0148	0.0151	0.0176	0.0151	0.0006	0.0203	0.0190	0.0156	0.0150	0.0186	0.0171	0.0072	0.0162	0.0126	0.0147	0.0166	0.0136	0.0017	0.0009	0.0162	0.0179	0.0066	0.0196	0.0080	
0.0194	0.0017	0.0220	0.0112	0.0215	0.0153	0.0003	0.0191	0.0143	0.0134	0.0200	0.0179	0.0057	0.0229	0.0141	0.0187	0.0045	0.0043	0.0210	0.0154	0.0162	0.0084	0.0039	0.0134	0.0065	0.0102	0.0165	0.0155	0.0044	0.0001	0.0056	0.0103	0.0179	0.0097	0.0115	0.0219	0.0206	0.0091	0.0186	0.0036	0.0177	0.0193	0.0108	0.0182	0.0163	0.0183	0.0088	0.0167	0.0076	0.0068	0.0099	0.0148	0.0058	0.0002	0.0129	0.0140	0.0145	0.0050	0.0022	0.0089	0.0184	0.0026	0.0122	0.0202	0.0062	0.0065	0.0165	0.0211	0.0065	0.0160	0.0166	0.0219	0.0086	0.0182	0.0218	0.0202	0.0176	0.0041	0.0003	0.0096	

Emissions
0.0179	0.2042	0.1146	0.0824	0.0551	0.1363	0.0523	0.1807	0.1566	
0.0100	0.0128	0.2743	0.0172	0.0715	0.0908	0.2543	0.0816	0.1876	
0.1302	0.0599	0.0347	0.0863	0.0831	0.1908	0.1626	0.1982	0.0542	
0.1022	0.0095	0.1738	0.2023	0.0764	0.0311	0.1201	0.0759	0.2087	
0.1755	0.2053	0.0923	0.2211	0.0171	0.0150	0.0187	0.0726	0.1825	
0.0038	0.2025	0.0151	0.1678	0.0158	0.1001	0.0284	0.2166	0.2499	
0.0375	0.1228	0.1097	0.0366	0.0323	0.2829	0.1037	0.1556	0.1189	
0.0634	0.0955	0.1672	0.1752	0.0867	0.0304	0.0855	0.0788	0.2174	
0.0814	0.2720	0.0443	0.0016	0.0673	0.1515	0.0145	0.1582	0.2092	
0.0269	0.1730	0.2821	0.0028	0.1196	0.0457	0.1308	0.0980	0.1211	
0.1012	0.2047	0.1074	0.0319	0.0185	0.0453	0.0749	0.2124	0.2036	
0.0920	0.1378	0.0207	0.3044	0.0306	0.0049	0.0156	0.2160	0.1780	
0.0919	0.0650	0.0526	0.0033	0.1061	0.1854	0.2452	0.0687	0.1818	
0.2140	0.0271	0.1732	0.0473	0.0837	0.0215	0.1058	0.2484	0.0790	
0.0187	0.0470	0.2263	0.0582	0.1051	0.2356	0.1289	0.1773	0.0029	
0.1647	0.0654	0.1350	0.1124	0.1247	0.0150	0.1126	0.2502	0.0199	
0.0688	0.1032	0.0438	0.0500	0.0398	0.3106	0.0925	0.1364	0.1548	
0.0588	0.0257	0.1735	0.1081	0.0395	0.1300	0.1494	0.2271	0.0878	
0.2142	0.2443	0.1910	0.0918	0.0591	0.0009	0.1654	0.0320	0.0012	
0.1605	0.4337	0.0599	0.0967	0.1132	0.0059	0.0259	0.0237	0.0806	
0.0263	0.1067	0.3205	0.0800	0.0753	0.0308	0.2062	0.0215	0.1328	
0.0799	0.2507	0.2245	0.1588	0.0064	0.0035	0.1176	0.1433	0.0153	
0.0670	0.1740	0.2132	0.0094	0.0032	0.0346	0.2004	0.1835	0.1147	
0.1108	0.1986	0.1204	0.0473	0.0855	0.0809	0.0987	0.1378	0.1201	
0.0674	0.0553	0.1436	0.0145	0.1712	0.3097	0.1454	0.0717	0.0212	
0.0157	0.1406	0.2461	0.0036	0.1204	0.0626	0.2403	0.1277	0.0430	
0.1052	0.0015	0.1591	0.1724	0.1288	0.1791	0.1492	0.0311	0.0736	
0.0307	0.2314	0.0639	0.0317	0.0771	0.2689	0.1910	0.0295	0.0758	
0.0757	0.1721	0.2164	0.0160	0.0981	0.2184	0.0131	0.1677	0.0226	
0.1291	0.1529	0.3382	0.0183	0.1000	0.0691	0.0252	0.0232	0.1440	
0.0156	0.1769	0.1211	0.0096	0.0072	0.4357	0.1051	0.0399	0.0891	
0.1067	0.1173	0.0794	0.0161	0.0873	0.2426	0.2027	0.0549	0.0930	
0.0730	0.0092	0.0780	0.0893	0.0864	0.2231	0.0981	0.2372	0.1057	
0.0618	0.2125	0.0078	0.2692	0.0425	0.0390	0.1789	0.1132	0.0751	
0.1440	0.2185	0.2709	0.0004	0.1450	0.1414	0.0202	0.0247	0.0348	
0.1887	0.0833	0.2742	0.0290	0.0328	0.0667	0.1167	0.2019	0.0067	
0.1319	0.2031	0.0667	0.1477	0.0601	0.0853	0.1434	0.0375	0.1243	
0.1204	0.0061	0.0684	0.0010	0.1064	0.1021	0.1654	0.3351	0.0952	
0.1726	0.0875	0.0203	0.1572	0.0509	0.0846	0.1623	0.1680	0.0966	
0.1285	0.0162	0.1606	0.1242	0.0406	0.0993	0.0527	0.1729	0.2050	
0.0326	0.1277	0.1909	0.0888	0.0899	0.2523	0.0517	0.1498	0.0163	
0.1643	0.1569	0.2226	0.0610	0.0781	0.0843	0.0080	0.1686	0.0562	
0.1094	0.0759	0.1868	0.0253	0.0552	0.1304	0.1420	0.1337	0.1414	
0.1127	0.1964	0.1494	0.0483	0.0760	0.1596	0.0863	0.0825	0.0889	
0.1586	0.0381	0.1997	0.0343	0.0533	0.0106	0.0843	0.2445	0.1767	
0.1685	0.2526	0.1181	0.0660	0.0546	0.0941	0.1091	0.1267	0.0104	
0.1387	0.1051	0.1813	0.1085	0.0519	0.1006	0.1376	0.0983	0.0780	
0.0865	0.1288	0.0353	0.1023	0.0477	0.1517	0.2585	0.0729	0.1162	
0.0400	0.1476	0.2022	0.0150	0.0063	0.2565	0.2090	0.0281	0.0954	
0.0773	0.0869	0.1059	0.0526	0.1342	0.1062	0.2071	0.1090	0.1209	
0.1408	0.2879	0.1289	0.1575	0.0246	0.0183	0.1498	0.0128	0.0794	
0.1599	0.1631	0.1704	0.0033	0.0243	0.0322	0.0373	0.2610	0.1485	
0.0321	0.0395	0.1987	0.0274	0.1224	0.1462	0.2906	0.1240	0.0190	
0.0086	0.1063	0.1533	0.0090	0.1639	0.3022	0.1634	0.0573	0.0360	
0.0242	0.2364	0.1703	0.1746	0.0153	0.0024	0.1191	0.1065	0.1512	
0.0698	0.1660	0.0321	0.0116	0.0832	0.0115	0.2420	0.2854	0.0984	
0.0070	0.0731	0.0141	0.0006	0.1658	0.6415	0.0074	0.0505	0.0401	
0.0980	0.2071	0.2285	0.0506	0.0457	0.2956	0.0069	0.0301	0.0376	
0.0022	0.0662	0.2780	0.0805	0.0719	0.0985	0.0225	0.2026	0.1777	
0.1961	0.0083	0.2212	0.0730	0.0643	0.0220	0.0744	0.1283	0.2125	
0.0173	0.0409	0.2030	0.0073	0.1259	0.3215	0.1363	0.1148	0.0329	
0.0929	0.1101	0.0591	0.0047	0.0060	0.2048	0.2414	0.1997	0.0813	
0.1029	0.1781	0.2939	0.0987	0.1041	0.0293	0.0396	0.0168	0.1367	
0.1466	0.0417	0.0542	0.1337	0.0333	0.1004	0.0085	0.2438	0.2379	
0.0096	0.0446	0.1223	0.0000	0.1733	0.5517	0.0608	0.0253	0.0123	
0.0252	0.1310	0.2004	0.0004	0.0778	0.3452	0.1536	0.0022	0.0643	
0.0288	0.1604	0.1448	0.0400	0.0558	0.2067	0.0517	0.2089	0.1029	
0.0231	0.0085	0.3569	0.0588	0.0098	0.0579	0.1844	0.1797	0.1210	
0.1761	0.0261	0.1887	0.1355	0.0199	0.0441	0.1799	0.1870	0.0426	
0.1072	0.0747	0.2136	0.0460	0.1341	0.1014	0.0118	0.3085	0.0028	
0.0828	0.1430	0.3237	0.1609	0.0082	0.0112	0.0917	0.0684	0.1102	
0.0576	0.0482	0.1933	0.1025	0.0486	0.0201	0.0868	0.2236	0.2192	
0.0300	0.0776	0.1586	0.0289	0.0902	0.1521	0.1205	0.2157	0.1263	
0.2508	0.2062	0.0362	0.0718	0.0194	0.0276	0.0513	0.0806	0.2561	
0.1418	0.2766	0.0145	0.0847	0.0281	0.0014	0.1805	0.1542	0.1181	
0.0900	0.1997	0.1633	0.0672	0.0434	0.0003	0.0908	0.2318	0.1135	
0.0959	0.0342	0.3102	0.0081	0.0544	0.1112	0.1532	0.1295	0.1034	
0.0426	0.1251	0.2216	0.0506	0.0473	0.0600	0.0500	0.2215	0.1815	
0.1623	0.1333	0.3246	0.0582	0.0609	0.0877	0.1268	0.0403	0.0059	
0.2041	0.1382	0.0036	0.0158	0.0122	0.1131	0.2133	0.2486	0.0511	
