DataSet 41
Learner: Baum Welch Learner
Log Likelihood: 68628.4411402908

Number of States: 60
Number of Symbols: 7
Threshold: 0.01

Initial Distribution:
0.0176	0.0034	0.0359	0.0068	0.0506	0.0003	0.0029	0.0047	0.0187	0.0084	0.0012	0.0070	0.0102	0.0424	0.0753	0.0193	0.0101	0.0406	0.0104	0.0107	0.0192	0.0257	0.0011	0.0147	0.0008	0.0433	0.0304	0.0159	0.0024	0.0470	0.0190	0.0066	0.0943	0.0003	0.0021	0.0144	0.0036	0.0051	0.0198	0.0108	0.0051	0.0072	0.0007	0.0023	0.0276	0.0050	0.0082	0.0035	0.0659	0.0003	0.0010	0.0485	0.0032	0.0025	0.0087	0.0042	0.0265	0.0070	0.0023	0.0172	

Transitions:
0.0080	0.0219	0.0198	0.0222	0.0198	0.0281	0.0209	0.0054	0.0083	0.0054	0.0165	0.0058	0.0030	0.0005	0.0010	0.0030	0.0214	0.0028	0.0241	0.0202	0.0193	0.0193	0.0369	0.0034	0.0128	0.0066	0.0001	0.0308	0.0229	0.0183	0.0326	0.0285	0.0074	0.0219	0.0095	0.0390	0.0045	0.0238	0.0196	0.0045	0.0004	0.0072	0.0007	0.0216	0.0232	0.0093	0.0200	0.0186	0.0256	0.0229	0.0192	0.0256	0.0228	0.0415	0.0166	0.0309	0.0255	0.0199	0.0141	0.0146	
0.0270	0.0286	0.0151	0.0214	0.0098	0.0297	0.0340	0.0300	0.0249	0.0039	0.0000	0.0272	0.0206	0.0176	0.0165	0.0092	0.0222	0.0085	0.0170	0.0057	0.0248	0.0192	0.0374	0.0048	0.0060	0.0003	0.0060	0.0170	0.0006	0.0194	0.0095	0.0214	0.0102	0.0116	0.0165	0.0125	0.0298	0.0112	0.0111	0.0371	0.0125	0.0329	0.0312	0.0312	0.0163	0.0215	0.0125	0.0020	0.0099	0.0046	0.0082	0.0090	0.0034	0.0097	0.0269	0.0073	0.0308	0.0156	0.0271	0.0121	
0.0154	0.0164	0.0162	0.0066	0.0231	0.0149	0.0162	0.0119	0.0029	0.0089	0.0184	0.0062	0.0015	0.0134	0.0215	0.0195	0.0283	0.0038	0.0241	0.0222	0.0223	0.0033	0.0031	0.0282	0.0110	0.0201	0.0128	0.0038	0.0187	0.0067	0.0157	0.0098	0.0155	0.0020	0.0127	0.0291	0.0111	0.0135	0.0263	0.0006	0.0350	0.0007	0.0446	0.0032	0.0129	0.0414	0.0078	0.0181	0.0059	0.0461	0.0143	0.0120	0.0231	0.0413	0.0187	0.0174	0.0145	0.0222	0.0297	0.0333	
0.0324	0.0120	0.0203	0.0311	0.0209	0.0157	0.0175	0.0002	0.0052	0.0026	0.0162	0.0164	0.0084	0.0173	0.0202	0.0201	0.0060	0.0260	0.0171	0.0154	0.0177	0.0296	0.0317	0.0177	0.0385	0.0259	0.0170	0.0333	0.0137	0.0255	0.0094	0.0173	0.0161	0.0366	0.0022	0.0176	0.0083	0.0018	0.0106	0.0332	0.0164	0.0080	0.0131	0.0068	0.0140	0.0224	0.0076	0.0015	0.0043	0.0331	0.0092	0.0127	0.0062	0.0164	0.0107	0.0019	0.0165	0.0065	0.0379	0.0300	
0.0244	0.0172	0.0145	0.0095	0.0220	0.0264	0.0273	0.0119	0.0161	0.0068	0.0126	0.0040	0.0188	0.0145	0.0272	0.0098	0.0178	0.0141	0.0019	0.0073	0.0205	0.0146	0.0245	0.0156	0.0177	0.0227	0.0120	0.0040	0.0198	0.0003	0.0275	0.0003	0.0043	0.0194	0.0036	0.0299	0.0257	0.0003	0.0121	0.0192	0.0263	0.0292	0.0159	0.0290	0.0146	0.0046	0.0230	0.0191	0.0101	0.0358	0.0180	0.0249	0.0051	0.0229	0.0048	0.0116	0.0248	0.0291	0.0239	0.0294	
0.0175	0.0268	0.0204	0.0236	0.0095	0.0168	0.0414	0.0046	0.0134	0.0018	0.0247	0.0196	0.0053	0.0124	0.0141	0.0244	0.0032	0.0258	0.0018	0.0179	0.0009	0.0301	0.0288	0.0226	0.0240	0.0312	0.0298	0.0238	0.0123	0.0242	0.0024	0.0237	0.0096	0.0209	0.0090	0.0004	0.0074	0.0300	0.0210	0.0029	0.0063	0.0241	0.0062	0.0123	0.0102	0.0286	0.0290	0.0309	0.0078	0.0152	0.0093	0.0008	0.0394	0.0118	0.0352	0.0311	0.0027	0.0012	0.0030	0.0145	
0.0211	0.0127	0.0196	0.0262	0.0313	0.0315	0.0118	0.0287	0.0060	0.0097	0.0228	0.0083	0.0045	0.0272	0.0097	0.0094	0.0221	0.0114	0.0103	0.0218	0.0031	0.0037	0.0117	0.0002	0.0200	0.0015	0.0262	0.0004	0.0162	0.0176	0.0281	0.0039	0.0269	0.0106	0.0202	0.0237	0.0002	0.0152	0.0110	0.0163	0.0201	0.0039	0.0178	0.0240	0.0212	0.0004	0.0280	0.0357	0.0352	0.0204	0.0273	0.0235	0.0267	0.0158	0.0085	0.0207	0.0028	0.0213	0.0095	0.0344	
0.0021	0.0096	0.0036	0.0254	0.0151	0.0185	0.0203	0.0403	0.0137	0.0162	0.0129	0.0073	0.0299	0.0251	0.0012	0.0332	0.0213	0.0158	0.0079	0.0181	0.0059	0.0300	0.0022	0.0321	0.0274	0.0062	0.0155	0.0146	0.0015	0.0017	0.0219	0.0100	0.0081	0.0181	0.0200	0.0120	0.0002	0.0332	0.0102	0.0115	0.0205	0.0341	0.0215	0.0139	0.0093	0.0265	0.0259	0.0343	0.0125	0.0110	0.0337	0.0185	0.0205	0.0323	0.0310	0.0100	0.0072	0.0053	0.0006	0.0119	
0.0006	0.0043	0.0222	0.0107	0.0302	0.0002	0.0287	0.0221	0.0120	0.0262	0.0251	0.0183	0.0074	0.0264	0.0280	0.0048	0.0125	0.0138	0.0228	0.0316	0.0150	0.0184	0.0339	0.0241	0.0051	0.0015	0.0255	0.0169	0.0233	0.0067	0.0030	0.0305	0.0230	0.0005	0.0108	0.0167	0.0066	0.0032	0.0155	0.0110	0.0330	0.0068	0.0182	0.0241	0.0096	0.0085	0.0118	0.0218	0.0189	0.0280	0.0444	0.0138	0.0171	0.0078	0.0295	0.0166	0.0053	0.0017	0.0094	0.0345	
0.0069	0.0156	0.0254	0.0070	0.0222	0.0056	0.0304	0.0097	0.0180	0.0206	0.0009	0.0085	0.0065	0.0112	0.0007	0.0074	0.0073	0.0071	0.0204	0.0439	0.0261	0.0081	0.0314	0.0028	0.0128	0.0137	0.0124	0.0289	0.0053	0.0313	0.0100	0.0046	0.0258	0.0322	0.0051	0.0202	0.0129	0.0073	0.0016	0.0066	0.0191	0.0059	0.0500	0.0106	0.0192	0.0285	0.0146	0.0071	0.0037	0.0331	0.0134	0.0231	0.0217	0.0143	0.0069	0.0453	0.0262	0.0344	0.0429	0.0056	
0.0241	0.0023	0.0014	0.0204	0.0071	0.0345	0.0125	0.0248	0.0057	0.0199	0.0294	0.0278	0.0080	0.0081	0.0129	0.0125	0.0090	0.0082	0.0180	0.0261	0.0030	0.0048	0.0237	0.0150	0.0220	0.0089	0.0158	0.0192	0.0162	0.0040	0.0233	0.0156	0.0068	0.0496	0.0153	0.0133	0.0047	0.0090	0.0279	0.0217	0.0099	0.0282	0.0469	0.0185	0.0198	0.0099	0.0167	0.0084	0.0138	0.0344	0.0387	0.0043	0.0110	0.0076	0.0007	0.0290	0.0152	0.0172	0.0032	0.0338	
0.0127	0.0217	0.0023	0.0035	0.0269	0.0199	0.0292	0.0155	0.0250	0.0053	0.0149	0.0003	0.0133	0.0231	0.0153	0.0085	0.0074	0.0017	0.0291	0.0146	0.0232	0.0117	0.0374	0.0262	0.0193	0.0160	0.0051	0.0076	0.0243	0.0218	0.0261	0.0169	0.0062	0.0043	0.0120	0.0166	0.0277	0.0276	0.0205	0.0066	0.0204	0.0061	0.0091	0.0140	0.0060	0.0202	0.0215	0.0144	0.0211	0.0246	0.0121	0.0140	0.0269	0.0261	0.0392	0.0016	0.0229	0.0088	0.0294	0.0146	
0.0105	0.0145	0.0109	0.0065	0.0118	0.0272	0.0243	0.0137	0.0172	0.0003	0.0115	0.0105	0.0134	0.0182	0.0236	0.0150	0.0029	0.0095	0.0182	0.0267	0.0245	0.0224	0.0160	0.0034	0.0098	0.0103	0.0254	0.0172	0.0036	0.0067	0.0183	0.0152	0.0058	0.0098	0.0267	0.0042	0.0277	0.0284	0.0031	0.0119	0.0305	0.0097	0.0266	0.0213	0.0092	0.0329	0.0001	0.0028	0.0222	0.0144	0.0370	0.0107	0.0210	0.0343	0.0184	0.0204	0.0301	0.0105	0.0356	0.0354	
0.0011	0.0119	0.0080	0.0129	0.0142	0.0373	0.0067	0.0074	0.0247	0.0322	0.0259	0.0033	0.0129	0.0069	0.0306	0.0142	0.0013	0.0197	0.0329	0.0147	0.0168	0.0253	0.0279	0.0255	0.0090	0.0041	0.0271	0.0109	0.0269	0.0084	0.0065	0.0206	0.0016	0.0082	0.0139	0.0257	0.0031	0.0116	0.0081	0.0135	0.0344	0.0371	0.0149	0.0057	0.0184	0.0461	0.0041	0.0186	0.0210	0.0066	0.0342	0.0018	0.0190	0.0292	0.0215	0.0118	0.0251	0.0199	0.0057	0.0111	
0.0045	0.0256	0.0142	0.0172	0.0135	0.0135	0.0013	0.0061	0.0237	0.0116	0.0141	0.0247	0.0182	0.0121	0.0158	0.0202	0.0138	0.0125	0.0087	0.0142	0.0008	0.0099	0.0157	0.0170	0.0245	0.0029	0.0281	0.0145	0.0197	0.0013	0.0285	0.0185	0.0042	0.0332	0.0073	0.0317	0.0105	0.0238	0.0192	0.0026	0.0268	0.0287	0.0217	0.0199	0.0216	0.0289	0.0118	0.0019	0.0221	0.0342	0.0320	0.0031	0.0083	0.0245	0.0086	0.0266	0.0124	0.0281	0.0258	0.0135	
0.0141	0.0134	0.0130	0.0312	0.0116	0.0310	0.0208	0.0275	0.0062	0.0162	0.0087	0.0274	0.0222	0.0040	0.0174	0.0027	0.0204	0.0198	0.0282	0.0304	0.0172	0.0273	0.0219	0.0211	0.0088	0.0213	0.0091	0.0163	0.0183	0.0108	0.0140	0.0103	0.0272	0.0062	0.0265	0.0092	0.0125	0.0219	0.0049	0.0298	0.0093	0.0189	0.0285	0.0076	0.0168	0.0019	0.0054	0.0022	0.0019	0.0050	0.0002	0.0176	0.0046	0.0319	0.0264	0.0250	0.0239	0.0255	0.0243	0.0222	
0.0175	0.0021	0.0261	0.0228	0.0061	0.0310	0.0234	0.0281	0.0167	0.0131	0.0194	0.0022	0.0236	0.0299	0.0182	0.0218	0.0035	0.0061	0.0011	0.0066	0.0213	0.0073	0.0135	0.0164	0.0116	0.0222	0.0071	0.0021	0.0161	0.0005	0.0102	0.0189	0.0027	0.0245	0.0119	0.0094	0.0332	0.0294	0.0028	0.0248	0.0110	0.0169	0.0218	0.0273	0.0160	0.0380	0.0324	0.0072	0.0066	0.0417	0.0252	0.0166	0.0286	0.0203	0.0015	0.0108	0.0243	0.0145	0.0210	0.0126	
0.0204	0.0234	0.0079	0.0152	0.0019	0.0051	0.0293	0.0051	0.0158	0.0148	0.0042	0.0054	0.0061	0.0081	0.0234	0.0030	0.0239	0.0142	0.0020	0.0150	0.0304	0.0009	0.0302	0.0199	0.0151	0.0140	0.0198	0.0190	0.0176	0.0017	0.0188	0.0130	0.0085	0.0362	0.0007	0.0203	0.0075	0.0331	0.0193	0.0118	0.0344	0.0290	0.0263	0.0294	0.0227	0.0131	0.0147	0.0171	0.0111	0.0446	0.0284	0.0218	0.0124	0.0030	0.0127	0.0265	0.0313	0.0210	0.0014	0.0170	
0.0165	0.0100	0.0189	0.0223	0.0279	0.0318	0.0353	0.0190	0.0084	0.0102	0.0340	0.0303	0.0014	0.0214	0.0179	0.0030	0.0158	0.0295	0.0351	0.0075	0.0028	0.0072	0.0058	0.0188	0.0217	0.0204	0.0001	0.0135	0.0115	0.0113	0.0209	0.0179	0.0332	0.0069	0.0412	0.0243	0.0069	0.0007	0.0015	0.0342	0.0193	0.0029	0.0092	0.0058	0.0006	0.0253	0.0311	0.0260	0.0190	0.0116	0.0081	0.0335	0.0281	0.0356	0.0155	0.0114	0.0054	0.0039	0.0019	0.0088	
0.0244	0.0140	0.0011	0.0295	0.0219	0.0124	0.0291	0.0318	0.0206	0.0225	0.0265	0.0131	0.0249	0.0015	0.0206	0.0279	0.0297	0.0244	0.0159	0.0248	0.0189	0.0109	0.0253	0.0015	0.0036	0.0176	0.0251	0.0025	0.0210	0.0183	0.0130	0.0019	0.0289	0.0284	0.0041	0.0003	0.0016	0.0079	0.0125	0.0202	0.0299	0.0015	0.0282	0.0192	0.0106	0.0238	0.0024	0.0225	0.0046	0.0126	0.0090	0.0057	0.0186	0.0104	0.0181	0.0156	0.0197	0.0300	0.0334	0.0041	
0.0161	0.0248	0.0019	0.0038	0.0126	0.0280	0.0135	0.0027	0.0242	0.0227	0.0250	0.0191	0.0172	0.0233	0.0228	0.0162	0.0174	0.0022	0.0215	0.0112	0.0175	0.0049	0.0318	0.0117	0.0114	0.0058	0.0144	0.0209	0.0098	0.0194	0.0090	0.0019	0.0102	0.0130	0.0032	0.0049	0.0373	0.0213	0.0067	0.0187	0.0128	0.0003	0.0300	0.0166	0.0129	0.0237	0.0193	0.0250	0.0099	0.0392	0.0425	0.0141	0.0111	0.0230	0.0195	0.0140	0.0279	0.0221	0.0287	0.0071	
0.0110	0.0222	0.0205	0.0076	0.0108	0.0291	0.0078	0.0087	0.0204	0.0202	0.0213	0.0247	0.0248	0.0021	0.0259	0.0152	0.0143	0.0105	0.0297	0.0249	0.0170	0.0226	0.0081	0.0122	0.0263	0.0176	0.0207	0.0289	0.0221	0.0201	0.0076	0.0089	0.0242	0.0009	0.0074	0.0188	0.0081	0.0143	0.0027	0.0167	0.0114	0.0124	0.0328	0.0229	0.0067	0.0019	0.0206	0.0086	0.0147	0.0012	0.0322	0.0115	0.0237	0.0361	0.0191	0.0215	0.0152	0.0103	0.0160	0.0243	
0.0062	0.0100	0.0121	0.0031	0.0122	0.0136	0.0358	0.0379	0.0217	0.0095	0.0113	0.0005	0.0085	0.0107	0.0117	0.0050	0.0270	0.0125	0.0056	0.0259	0.0257	0.0139	0.0139	0.0209	0.0329	0.0227	0.0186	0.0366	0.0118	0.0169	0.0015	0.0256	0.0003	0.0141	0.0158	0.0002	0.0342	0.0275	0.0084	0.0287	0.0055	0.0240	0.0151	0.0048	0.0189	0.0262	0.0035	0.0098	0.0156	0.0161	0.0243	0.0010	0.0070	0.0284	0.0286	0.0336	0.0261	0.0235	0.0130	0.0239	
0.0255	0.0303	0.0124	0.0092	0.0110	0.0167	0.0002	0.0433	0.0021	0.0139	0.0082	0.0014	0.0065	0.0083	0.0182	0.0029	0.0018	0.0048	0.0363	0.0338	0.0222	0.0115	0.0177	0.0321	0.0332	0.0003	0.0221	0.0108	0.0194	0.0188	0.0002	0.0039	0.0156	0.0291	0.0049	0.0084	0.0168	0.0047	0.0264	0.0121	0.0348	0.0053	0.0087	0.0038	0.0062	0.0268	0.0261	0.0336	0.0030	0.0300	0.0316	0.0228	0.0320	0.0180	0.0373	0.0199	0.0169	0.0168	0.0162	0.0134	
0.0264	0.0230	0.0104	0.0162	0.0129	0.0055	0.0195	0.0262	0.0055	0.0106	0.0253	0.0292	0.0117	0.0180	0.0005	0.0153	0.0053	0.0081	0.0257	0.0079	0.0056	0.0277	0.0075	0.0280	0.0373	0.0058	0.0085	0.0065	0.0217	0.0203	0.0224	0.0296	0.0232	0.0215	0.0254	0.0069	0.0322	0.0259	0.0213	0.0020	0.0070	0.0085	0.0287	0.0250	0.0003	0.0263	0.0141	0.0080	0.0111	0.0190	0.0113	0.0064	0.0284	0.0069	0.0057	0.0438	0.0159	0.0163	0.0257	0.0088	
0.0264	0.0109	0.0258	0.0158	0.0196	0.0276	0.0047	0.0368	0.0014	0.0300	0.0249	0.0135	0.0193	0.0201	0.0008	0.0283	0.0045	0.0098	0.0314	0.0057	0.0261	0.0018	0.0317	0.0073	0.0131	0.0114	0.0064	0.0195	0.0111	0.0208	0.0231	0.0091	0.0047	0.0203	0.0072	0.0333	0.0124	0.0056	0.0015	0.0084	0.0236	0.0163	0.0066	0.0193	0.0221	0.0344	0.0185	0.0344	0.0027	0.0104	0.0379	0.0015	0.0227	0.0166	0.0154	0.0317	0.0176	0.0226	0.0044	0.0091	
0.0176	0.0170	0.0162	0.0118	0.0046	0.0187	0.0077	0.0055	0.0149	0.0061	0.0179	0.0329	0.0130	0.0173	0.0170	0.0086	0.0309	0.0063	0.0203	0.0198	0.0273	0.0068	0.0195	0.0025	0.0308	0.0176	0.0201	0.0263	0.0009	0.0104	0.0105	0.0233	0.0011	0.0332	0.0275	0.0040	0.0357	0.0250	0.0127	0.0050	0.0248	0.0166	0.0197	0.0320	0.0193	0.0319	0.0203	0.0001	0.0207	0.0068	0.0407	0.0074	0.0047	0.0247	0.0160	0.0136	0.0004	0.0183	0.0180	0.0198	
0.0299	0.0130	0.0031	0.0061	0.0271	0.0337	0.0330	0.0233	0.0268	0.0134	0.0127	0.0042	0.0277	0.0115	0.0288	0.0103	0.0266	0.0156	0.0147	0.0044	0.0305	0.0207	0.0359	0.0260	0.0157	0.0016	0.0153	0.0150	0.0127	0.0095	0.0028	0.0124	0.0095	0.0359	0.0093	0.0083	0.0151	0.0089	0.0022	0.0230	0.0304	0.0023	0.0021	0.0130	0.0235	0.0284	0.0122	0.0263	0.0195	0.0022	0.0232	0.0126	0.0030	0.0134	0.0207	0.0115	0.0134	0.0080	0.0297	0.0285	
0.0149	0.0164	0.0049	0.0167	0.0103	0.0007	0.0262	0.0011	0.0046	0.0218	0.0279	0.0133	0.0163	0.0212	0.0074	0.0215	0.0207	0.0112	0.0026	0.0257	0.0220	0.0229	0.0280	0.0104	0.0244	0.0148	0.0088	0.0002	0.0099	0.0283	0.0270	0.0041	0.0132	0.0133	0.0084	0.0148	0.0362	0.0149	0.0019	0.0273	0.0393	0.0117	0.0251	0.0017	0.0022	0.0044	0.0299	0.0123	0.0010	0.0349	0.0367	0.0192	0.0063	0.0026	0.0050	0.0298	0.0249	0.0293	0.0384	0.0291	
0.0202	0.0235	0.0196	0.0068	0.0231	0.0291	0.0299	0.0085	0.0138	0.0312	0.0010	0.0041	0.0150	0.0075	0.0208	0.0094	0.0069	0.0155	0.0095	0.0205	0.0217	0.0288	0.0369	0.0176	0.0076	0.0252	0.0262	0.0130	0.0037	0.0136	0.0190	0.0001	0.0134	0.0144	0.0010	0.0059	0.0231	0.0102	0.0058	0.0066	0.0060	0.0250	0.0327	0.0038	0.0191	0.0237	0.0096	0.0280	0.0069	0.0323	0.0203	0.0006	0.0188	0.0091	0.0355	0.0282	0.0242	0.0046	0.0331	0.0289	
0.0305	0.0153	0.0032	0.0009	0.0092	0.0011	0.0197	0.0062	0.0082	0.0194	0.0218	0.0303	0.0172	0.0020	0.0146	0.0306	0.0073	0.0201	0.0355	0.0255	0.0205	0.0028	0.0062	0.0089	0.0026	0.0171	0.0139	0.0117	0.0126	0.0077	0.0115	0.0178	0.0100	0.0137	0.0120	0.0301	0.0252	0.0254	0.0281	0.0228	0.0014	0.0075	0.0267	0.0285	0.0051	0.0231	0.0167	0.0203	0.0196	0.0001	0.0280	0.0273	0.0071	0.0141	0.0120	0.0356	0.0099	0.0300	0.0407	0.0272	
0.0213	0.0067	0.0205	0.0012	0.0069	0.0080	0.0198	0.0088	0.0219	0.0212	0.0127	0.0154	0.0001	0.0099	0.0188	0.0116	0.0173	0.0093	0.0040	0.0205	0.0027	0.0287	0.0211	0.0116	0.0248	0.0094	0.0095	0.0023	0.0307	0.0147	0.0145	0.0237	0.0243	0.0059	0.0002	0.0323	0.0156	0.0177	0.0200	0.0335	0.0001	0.0086	0.0280	0.0011	0.0179	0.0034	0.0319	0.0332	0.0207	0.0358	0.0125	0.0262	0.0260	0.0177	0.0217	0.0297	0.0201	0.0143	0.0159	0.0361	
0.0265	0.0152	0.0065	0.0119	0.0080	0.0229	0.0225	0.0310	0.0089	0.0293	0.0357	0.0355	0.0235	0.0046	0.0148	0.0285	0.0050	0.0136	0.0273	0.0185	0.0114	0.0124	0.0158	0.0024	0.0040	0.0148	0.0008	0.0096	0.0188	0.0080	0.0059	0.0002	0.0043	0.0268	0.0422	0.0180	0.0033	0.0135	0.0223	0.0300	0.0143	0.0049	0.0230	0.0290	0.0308	0.0142	0.0038	0.0172	0.0200	0.0318	0.0239	0.0027	0.0234	0.0294	0.0190	0.0187	0.0031	0.0043	0.0072	0.0250	
0.0235	0.0119	0.0079	0.0011	0.0187	0.0357	0.0281	0.0041	0.0054	0.0003	0.0261	0.0234	0.0259	0.0257	0.0043	0.0057	0.0348	0.0130	0.0036	0.0297	0.0123	0.0149	0.0172	0.0235	0.0299	0.0025	0.0125	0.0165	0.0062	0.0147	0.0142	0.0299	0.0048	0.0421	0.0127	0.0033	0.0353	0.0179	0.0083	0.0001	0.0228	0.0013	0.0150	0.0343	0.0039	0.0260	0.0099	0.0342	0.0197	0.0149	0.0268	0.0156	0.0013	0.0214	0.0154	0.0066	0.0293	0.0180	0.0137	0.0221	
0.0206	0.0114	0.0228	0.0280	0.0159	0.0287	0.0248	0.0396	0.0130	0.0017	0.0150	0.0140	0.0066	0.0027	0.0052	0.0107	0.0037	0.0150	0.0199	0.0341	0.0223	0.0169	0.0323	0.0267	0.0349	0.0242	0.0287	0.0270	0.0141	0.0044	0.0063	0.0086	0.0061	0.0279	0.0186	0.0060	0.0048	0.0222	0.0087	0.0129	0.0059	0.0114	0.0124	0.0172	0.0244	0.0080	0.0101	0.0339	0.0081	0.0038	0.0011	0.0092	0.0370	0.0126	0.0272	0.0039	0.0163	0.0014	0.0408	0.0283	
0.0282	0.0280	0.0107	0.0128	0.0274	0.0032	0.0066	0.0216	0.0200	0.0002	0.0067	0.0170	0.0082	0.0064	0.0271	0.0142	0.0069	0.0058	0.0327	0.0207	0.0148	0.0334	0.0166	0.0121	0.0049	0.0283	0.0118	0.0331	0.0001	0.0096	0.0179	0.0026	0.0241	0.0187	0.0232	0.0103	0.0378	0.0304	0.0233	0.0294	0.0035	0.0253	0.0082	0.0088	0.0259	0.0194	0.0014	0.0273	0.0151	0.0106	0.0316	0.0132	0.0041	0.0130	0.0122	0.0338	0.0137	0.0003	0.0096	0.0364	
0.0233	0.0085	0.0127	0.0102	0.0124	0.0039	0.0206	0.0278	0.0175	0.0147	0.0128	0.0065	0.0148	0.0025	0.0112	0.0156	0.0263	0.0035	0.0136	0.0194	0.0252	0.0167	0.0124	0.0194	0.0141	0.0032	0.0300	0.0145	0.0062	0.0205	0.0248	0.0277	0.0182	0.0267	0.0035	0.0284	0.0094	0.0246	0.0241	0.0230	0.0295	0.0075	0.0016	0.0326	0.0239	0.0191	0.0272	0.0009	0.0237	0.0253	0.0020	0.0070	0.0174	0.0253	0.0038	0.0040	0.0264	0.0241	0.0367	0.0115	
0.0051	0.0092	0.0138	0.0292	0.0200	0.0162	0.0177	0.0338	0.0247	0.0194	0.0132	0.0288	0.0102	0.0179	0.0185	0.0152	0.0195	0.0091	0.0276	0.0285	0.0073	0.0280	0.0209	0.0174	0.0233	0.0124	0.0136	0.0025	0.0198	0.0272	0.0300	0.0145	0.0209	0.0229	0.0258	0.0206	0.0292	0.0035	0.0070	0.0147	0.0041	0.0034	0.0019	0.0082	0.0063	0.0036	0.0285	0.0300	0.0220	0.0252	0.0243	0.0106	0.0001	0.0064	0.0029	0.0099	0.0232	0.0305	0.0116	0.0085	
0.0326	0.0134	0.0053	0.0358	0.0223	0.0368	0.0035	0.0351	0.0023	0.0047	0.0262	0.0175	0.0060	0.0107	0.0241	0.0045	0.0288	0.0077	0.0132	0.0212	0.0169	0.0220	0.0051	0.0014	0.0166	0.0154	0.0141	0.0257	0.0122	0.0118	0.0255	0.0258	0.0262	0.0004	0.0186	0.0257	0.0348	0.0015	0.0186	0.0089	0.0003	0.0033	0.0299	0.0250	0.0207	0.0017	0.0078	0.0226	0.0121	0.0340	0.0130	0.0147	0.0216	0.0284	0.0268	0.0148	0.0093	0.0054	0.0228	0.0071	
0.0209	0.0120	0.0135	0.0270	0.0126	0.0042	0.0270	0.0080	0.0295	0.0011	0.0087	0.0303	0.0233	0.0036	0.0198	0.0152	0.0328	0.0113	0.0118	0.0156	0.0081	0.0309	0.0119	0.0157	0.0022	0.0110	0.0041	0.0053	0.0109	0.0032	0.0122	0.0251	0.0183	0.0151	0.0299	0.0242	0.0268	0.0017	0.0145	0.0222	0.0146	0.0024	0.0253	0.0135	0.0230	0.0165	0.0261	0.0202	0.0049	0.0088	0.0161	0.0326	0.0329	0.0051	0.0364	0.0326	0.0019	0.0337	0.0299	0.0018	
0.0342	0.0168	0.0218	0.0278	0.0211	0.0169	0.0119	0.0144	0.0115	0.0256	0.0255	0.0270	0.0278	0.0210	0.0006	0.0051	0.0064	0.0235	0.0240	0.0208	0.0175	0.0194	0.0358	0.0032	0.0233	0.0112	0.0313	0.0148	0.0129	0.0298	0.0190	0.0215	0.0123	0.0148	0.0236	0.0321	0.0085	0.0249	0.0232	0.0084	0.0059	0.0120	0.0035	0.0073	0.0125	0.0202	0.0017	0.0031	0.0030	0.0293	0.0192	0.0044	0.0087	0.0031	0.0176	0.0156	0.0162	0.0242	0.0097	0.0112	
0.0167	0.0304	0.0227	0.0103	0.0092	0.0035	0.0124	0.0203	0.0034	0.0049	0.0263	0.0102	0.0058	0.0141	0.0096	0.0040	0.0178	0.0153	0.0204	0.0010	0.0106	0.0226	0.0095	0.0196	0.0142	0.0095	0.0136	0.0113	0.0302	0.0068	0.0108	0.0148	0.0134	0.0175	0.0242	0.0084	0.0167	0.0212	0.0281	0.0106	0.0063	0.0143	0.0371	0.0341	0.0246	0.0044	0.0294	0.0268	0.0167	0.0138	0.0381	0.0163	0.0024	0.0083	0.0294	0.0253	0.0215	0.0082	0.0368	0.0347	
0.0225	0.0033	0.0148	0.0295	0.0221	0.0168	0.0298	0.0319	0.0200	0.0046	0.0248	0.0269	0.0236	0.0089	0.0223	0.0226	0.0295	0.0082	0.0262	0.0123	0.0133	0.0198	0.0242	0.0176	0.0139	0.0150	0.0133	0.0144	0.0134	0.0003	0.0176	0.0059	0.0195	0.0004	0.0270	0.0021	0.0327	0.0014	0.0038	0.0107	0.0106	0.0055	0.0365	0.0163	0.0156	0.0005	0.0270	0.0273	0.0095	0.0058	0.0279	0.0079	0.0149	0.0245	0.0148	0.0414	0.0126	0.0008	0.0243	0.0094	
0.0020	0.0155	0.0077	0.0231	0.0202	0.0191	0.0047	0.0381	0.0188	0.0257	0.0266	0.0261	0.0075	0.0151	0.0014	0.0071	0.0260	0.0036	0.0003	0.0136	0.0230	0.0220	0.0015	0.0098	0.0076	0.0071	0.0270	0.0039	0.0199	0.0208	0.0206	0.0303	0.0144	0.0411	0.0111	0.0351	0.0380	0.0069	0.0299	0.0035	0.0364	0.0005	0.0025	0.0193	0.0071	0.0365	0.0026	0.0361	0.0153	0.0073	0.0139	0.0078	0.0007	0.0099	0.0209	0.0169	0.0141	0.0361	0.0258	0.0146	
0.0203	0.0008	0.0072	0.0004	0.0056	0.0021	0.0116	0.0140	0.0062	0.0075	0.0101	0.0150	0.0087	0.0234	0.0128	0.0189	0.0204	0.0102	0.0030	0.0099	0.0063	0.0275	0.0209	0.0132	0.0112	0.0074	0.0246	0.0084	0.0106	0.0248	0.0136	0.0340	0.0151	0.0252	0.0157	0.0338	0.0299	0.0014	0.0104	0.0059	0.0219	0.0258	0.0302	0.0122	0.0251	0.0347	0.0007	0.0037	0.0152	0.0408	0.0397	0.0215	0.0307	0.0125	0.0053	0.0311	0.0158	0.0281	0.0247	0.0325	
0.0074	0.0024	0.0011	0.0105	0.0247	0.0160	0.0292	0.0302	0.0146	0.0173	0.0286	0.0185	0.0051	0.0276	0.0206	0.0133	0.0096	0.0043	0.0213	0.0223	0.0088	0.0226	0.0195	0.0132	0.0049	0.0134	0.0002	0.0155	0.0121	0.0200	0.0124	0.0279	0.0119	0.0172	0.0371	0.0199	0.0247	0.0095	0.0203	0.0122	0.0372	0.0079	0.0219	0.0052	0.0279	0.0060	0.0243	0.0386	0.0169	0.0272	0.0195	0.0085	0.0073	0.0036	0.0221	0.0190	0.0167	0.0213	0.0093	0.0117	
0.0146	0.0150	0.0088	0.0245	0.0076	0.0016	0.0057	0.0275	0.0269	0.0067	0.0215	0.0256	0.0202	0.0084	0.0176	0.0235	0.0059	0.0094	0.0152	0.0341	0.0248	0.0005	0.0269	0.0209	0.0032	0.0015	0.0217	0.0107	0.0280	0.0145	0.0315	0.0019	0.0024	0.0128	0.0310	0.0196	0.0377	0.0209	0.0282	0.0309	0.0001	0.0012	0.0012	0.0120	0.0278	0.0190	0.0228	0.0347	0.0136	0.0277	0.0134	0.0031	0.0050	0.0115	0.0171	0.0168	0.0213	0.0213	0.0337	0.0069	
0.0122	0.0267	0.0217	0.0138	0.0075	0.0233	0.0290	0.0116	0.0102	0.0019	0.0009	0.0133	0.0144	0.0164	0.0278	0.0180	0.0334	0.0124	0.0231	0.0197	0.0102	0.0231	0.0249	0.0062	0.0054	0.0232	0.0289	0.0307	0.0220	0.0142	0.0268	0.0091	0.0259	0.0263	0.0178	0.0041	0.0059	0.0161	0.0032	0.0055	0.0209	0.0110	0.0178	0.0132	0.0161	0.0239	0.0198	0.0204	0.0097	0.0287	0.0140	0.0040	0.0274	0.0085	0.0265	0.0224	0.0020	0.0197	0.0131	0.0144	
0.0212	0.0023	0.0148	0.0240	0.0049	0.0224	0.0174	0.0261	0.0010	0.0324	0.0159	0.0120	0.0118	0.0155	0.0256	0.0255	0.0071	0.0077	0.0210	0.0104	0.0071	0.0095	0.0187	0.0279	0.0012	0.0182	0.0131	0.0147	0.0321	0.0232	0.0017	0.0194	0.0045	0.0319	0.0130	0.0196	0.0335	0.0208	0.0064	0.0277	0.0066	0.0344	0.0243	0.0157	0.0077	0.0003	0.0214	0.0063	0.0049	0.0400	0.0198	0.0151	0.0005	0.0420	0.0060	0.0161	0.0177	0.0174	0.0267	0.0138	
0.0064	0.0004	0.0188	0.0026	0.0201	0.0012	0.0062	0.0267	0.0066	0.0121	0.0034	0.0147	0.0045	0.0197	0.0035	0.0074	0.0287	0.0006	0.0219	0.0014	0.0298	0.0078	0.0122	0.0013	0.0182	0.0080	0.0154	0.0083	0.0173	0.0240	0.0315	0.0083	0.0176	0.0361	0.0252	0.0066	0.0010	0.0136	0.0213	0.0065	0.0307	0.0034	0.0394	0.0313	0.0208	0.0288	0.0159	0.0101	0.0186	0.0417	0.0308	0.0107	0.0296	0.0373	0.0157	0.0354	0.0205	0.0246	0.0226	0.0152	
0.0173	0.0295	0.0031	0.0117	0.0110	0.0305	0.0267	0.0151	0.0017	0.0261	0.0100	0.0124	0.0090	0.0137	0.0063	0.0234	0.0120	0.0105	0.0097	0.0282	0.0249	0.0066	0.0155	0.0198	0.0084	0.0120	0.0139	0.0374	0.0091	0.0221	0.0162	0.0068	0.0235	0.0125	0.0278	0.0314	0.0363	0.0176	0.0150	0.0293	0.0020	0.0044	0.0080	0.0291	0.0142	0.0088	0.0060	0.0124	0.0150	0.0255	0.0210	0.0045	0.0178	0.0326	0.0196	0.0123	0.0156	0.0145	0.0066	0.0361	
0.0150	0.0273	0.0016	0.0122	0.0151	0.0039	0.0206	0.0001	0.0261	0.0159	0.0347	0.0350	0.0006	0.0127	0.0229	0.0286	0.0009	0.0158	0.0062	0.0396	0.0105	0.0034	0.0210	0.0264	0.0094	0.0109	0.0263	0.0036	0.0299	0.0132	0.0110	0.0213	0.0125	0.0246	0.0244	0.0130	0.0048	0.0368	0.0153	0.0182	0.0330	0.0072	0.0244	0.0064	0.0289	0.0319	0.0054	0.0038	0.0027	0.0388	0.0140	0.0323	0.0134	0.0092	0.0277	0.0152	0.0116	0.0142	0.0031	0.0053	
0.0132	0.0143	0.0061	0.0160	0.0038	0.0139	0.0153	0.0229	0.0265	0.0135	0.0211	0.0040	0.0056	0.0203	0.0051	0.0025	0.0237	0.0064	0.0324	0.0194	0.0062	0.0209	0.0001	0.0309	0.0039	0.0081	0.0068	0.0082	0.0336	0.0044	0.0345	0.0269	0.0227	0.0139	0.0035	0.0156	0.0448	0.0005	0.0013	0.0165	0.0141	0.0246	0.0083	0.0262	0.0092	0.0063	0.0281	0.0258	0.0005	0.0289	0.0365	0.0016	0.0203	0.0307	0.0363	0.0362	0.0137	0.0102	0.0180	0.0351	
0.0052	0.0066	0.0163	0.0277	0.0133	0.0318	0.0108	0.0400	0.0186	0.0243	0.0046	0.0198	0.0072	0.0137	0.0048	0.0149	0.0179	0.0086	0.0213	0.0360	0.0159	0.0192	0.0080	0.0110	0.0175	0.0277	0.0087	0.0101	0.0111	0.0103	0.0337	0.0227	0.0187	0.0094	0.0128	0.0055	0.0043	0.0138	0.0083	0.0153	0.0340	0.0315	0.0425	0.0080	0.0135	0.0043	0.0287	0.0013	0.0131	0.0201	0.0113	0.0025	0.0271	0.0191	0.0135	0.0250	0.0321	0.0077	0.0167	0.0209	
0.0238	0.0011	0.0175	0.0115	0.0295	0.0182	0.0421	0.0009	0.0051	0.0004	0.0156	0.0032	0.0018	0.0064	0.0028	0.0207	0.0217	0.0321	0.0341	0.0130	0.0024	0.0082	0.0349	0.0314	0.0027	0.0314	0.0009	0.0101	0.0274	0.0268	0.0058	0.0295	0.0008	0.0286	0.0396	0.0347	0.0134	0.0257	0.0154	0.0002	0.0067	0.0255	0.0347	0.0151	0.0013	0.0066	0.0012	0.0198	0.0133	0.0303	0.0355	0.0003	0.0136	0.0023	0.0197	0.0176	0.0065	0.0262	0.0114	0.0409	
0.0149	0.0236	0.0045	0.0156	0.0247	0.0196	0.0023	0.0137	0.0095	0.0064	0.0094	0.0284	0.0164	0.0252	0.0041	0.0078	0.0121	0.0127	0.0256	0.0294	0.0259	0.0185	0.0334	0.0018	0.0313	0.0047	0.0171	0.0374	0.0083	0.0141	0.0201	0.0188	0.0145	0.0187	0.0245	0.0139	0.0256	0.0155	0.0163	0.0162	0.0047	0.0227	0.0047	0.0034	0.0162	0.0030	0.0139	0.0162	0.0299	0.0077	0.0010	0.0227	0.0348	0.0145	0.0022	0.0371	0.0254	0.0030	0.0291	0.0251	
0.0003	0.0031	0.0016	0.0232	0.0185	0.0202	0.0116	0.0041	0.0084	0.0269	0.0169	0.0253	0.0299	0.0093	0.0213	0.0041	0.0158	0.0160	0.0169	0.0236	0.0250	0.0027	0.0019	0.0021	0.0137	0.0220	0.0232	0.0036	0.0144	0.0209	0.0184	0.0206	0.0186	0.0392	0.0180	0.0018	0.0270	0.0090	0.0153	0.0330	0.0278	0.0120	0.0059	0.0071	0.0189	0.0059	0.0275	0.0195	0.0139	0.0433	0.0213	0.0025	0.0205	0.0001	0.0349	0.0344	0.0013	0.0338	0.0146	0.0272	
0.0307	0.0082	0.0190	0.0186	0.0057	0.0022	0.0042	0.0011	0.0248	0.0179	0.0157	0.0051	0.0083	0.0156	0.0328	0.0118	0.0334	0.0260	0.0156	0.0120	0.0293	0.0079	0.0162	0.0156	0.0119	0.0141	0.0322	0.0322	0.0247	0.0187	0.0002	0.0196	0.0323	0.0271	0.0048	0.0161	0.0224	0.0173	0.0013	0.0185	0.0008	0.0255	0.0227	0.0306	0.0113	0.0075	0.0278	0.0038	0.0019	0.0200	0.0298	0.0058	0.0176	0.0023	0.0274	0.0249	0.0240	0.0066	0.0105	0.0278	
0.0049	0.0105	0.0046	0.0096	0.0212	0.0297	0.0100	0.0201	0.0112	0.0125	0.0295	0.0121	0.0238	0.0281	0.0096	0.0028	0.0198	0.0169	0.0033	0.0027	0.0181	0.0277	0.0249	0.0081	0.0242	0.0269	0.0048	0.0334	0.0291	0.0156	0.0207	0.0123	0.0108	0.0121	0.0146	0.0223	0.0268	0.0129	0.0083	0.0169	0.0331	0.0102	0.0241	0.0175	0.0224	0.0160	0.0124	0.0209	0.0274	0.0242	0.0018	0.0076	0.0030	0.0058	0.0035	0.0122	0.0177	0.0268	0.0294	0.0305	
0.0264	0.0151	0.0157	0.0328	0.0282	0.0134	0.0028	0.0210	0.0173	0.0194	0.0149	0.0053	0.0083	0.0174	0.0036	0.0098	0.0044	0.0054	0.0168	0.0020	0.0152	0.0215	0.0030	0.0104	0.0186	0.0145	0.0124	0.0065	0.0074	0.0031	0.0031	0.0293	0.0243	0.0179	0.0354	0.0209	0.0345	0.0301	0.0243	0.0171	0.0191	0.0328	0.0418	0.0050	0.0085	0.0349	0.0340	0.0202	0.0018	0.0328	0.0071	0.0140	0.0169	0.0262	0.0168	0.0057	0.0120	0.0075	0.0176	0.0159	

Emissions
0.1921	0.2736	0.0543	0.0958	0.1789	0.1146	0.0908	
0.1767	0.1590	0.1114	0.0542	0.0989	0.1688	0.2310	
0.1159	0.2610	0.1525	0.2740	0.0149	0.0722	0.1096	
0.2165	0.0358	0.0944	0.1608	0.3247	0.1335	0.0342	
0.0045	0.3692	0.0453	0.2129	0.1907	0.0416	0.1357	
0.1335	0.1046	0.0972	0.0522	0.3081	0.2646	0.0398	
0.1572	0.1036	0.0601	0.0946	0.3925	0.1781	0.0140	
0.1706	0.1409	0.0856	0.0259	0.2921	0.2540	0.0308	
0.1551	0.2459	0.1130	0.1463	0.0816	0.0626	0.1954	
0.0189	0.1143	0.2253	0.1309	0.0587	0.1693	0.2827	
0.4274	0.0310	0.1292	0.0703	0.0309	0.2463	0.0648	
0.1577	0.0217	0.2335	0.0972	0.4075	0.0268	0.0555	
0.0420	0.2273	0.1099	0.1156	0.1414	0.1158	0.2480	
0.1295	0.3749	0.1537	0.1090	0.0619	0.0381	0.1328	
0.0148	0.2154	0.0339	0.3143	0.2280	0.0053	0.1883	
0.1142	0.0520	0.2433	0.1873	0.3492	0.0041	0.0499	
0.1908	0.2078	0.0370	0.0596	0.0902	0.1659	0.2486	
0.1904	0.2706	0.0451	0.3144	0.0888	0.0291	0.0615	
0.0188	0.1236	0.1706	0.1088	0.3454	0.1259	0.1068	
0.1124	0.1917	0.1549	0.0025	0.3236	0.0729	0.1420	
0.1028	0.1933	0.1623	0.1104	0.0944	0.1123	0.2246	
0.0792	0.2127	0.0335	0.2323	0.2476	0.1022	0.0925	
0.1734	0.0005	0.1534	0.0585	0.2912	0.2524	0.0706	
0.1118	0.2317	0.1946	0.1294	0.1660	0.1393	0.0272	
0.3122	0.0901	0.0893	0.0387	0.2415	0.1968	0.0315	
0.1697	0.1381	0.0569	0.2957	0.1640	0.0192	0.1564	
0.1568	0.2532	0.1653	0.0390	0.2272	0.0127	0.1459	
0.2116	0.3550	0.0735	0.0134	0.2603	0.0858	0.0003	
0.1414	0.1638	0.1378	0.0779	0.0051	0.3168	0.1572	
0.0601	0.4230	0.1755	0.1199	0.1584	0.0395	0.0236	
0.1192	0.2332	0.1673	0.0775	0.1636	0.1046	0.1346	
0.0367	0.0503	0.1429	0.1215	0.2458	0.1520	0.2509	
0.0559	0.4152	0.0384	0.2466	0.2182	0.0037	0.0220	
0.1003	0.0850	0.0155	0.0434	0.1162	0.4747	0.1648	
0.1974	0.0163	0.1579	0.0407	0.3356	0.2163	0.0359	
0.0312	0.1896	0.1820	0.0225	0.3175	0.0852	0.1720	
0.1546	0.0426	0.0105	0.0805	0.1793	0.2620	0.2705	
0.1915	0.1496	0.1343	0.0931	0.1085	0.2654	0.0576	
0.0690	0.2664	0.2334	0.0435	0.2934	0.0085	0.0857	
0.0175	0.2290	0.0897	0.1194	0.3093	0.1767	0.0585	
0.0998	0.1322	0.1304	0.0186	0.2574	0.1741	0.1877	
0.0956	0.0134	0.0070	0.2451	0.0704	0.2443	0.3243	
0.0901	0.0136	0.1190	0.0375	0.2233	0.3477	0.1688	
0.1704	0.1684	0.1931	0.0041	0.1343	0.1395	0.1902	
0.0611	0.2786	0.1922	0.1775	0.0494	0.1246	0.1166	
0.0048	0.0163	0.1347	0.1016	0.2082	0.2057	0.3287	
0.1733	0.2357	0.0742	0.0728	0.1408	0.1407	0.1625	
0.1550	0.1486	0.0558	0.0225	0.2900	0.1446	0.1835	
0.1866	0.4673	0.0319	0.1820	0.1002	0.0151	0.0168	
0.1480	0.1047	0.0914	0.0008	0.0113	0.4243	0.2196	
0.0065	0.0411	0.1807	0.0204	0.1540	0.3509	0.2465	
0.1185	0.1927	0.1018	0.2605	0.2387	0.0013	0.0866	
0.2771	0.1163	0.1000	0.0603	0.1202	0.2606	0.0654	
0.0859	0.1469	0.0473	0.0351	0.1818	0.3920	0.1110	
0.1410	0.0233	0.1364	0.0595	0.3939	0.0375	0.2084	
0.1370	0.1512	0.0057	0.0796	0.2922	0.3324	0.0019	
0.0618	0.3174	0.1318	0.1209	0.0605	0.1256	0.1819	
0.0028	0.1925	0.1199	0.0766	0.3248	0.0995	0.1839	
0.1659	0.1666	0.0109	0.0085	0.3449	0.2334	0.0699	
0.0846	0.3012	0.1319	0.0021	0.2811	0.1339	0.0652	
