DataSet 41
Learner: Baum Welch Learner
Log Likelihood: 68635.9228975973

Number of States: 70
Number of Symbols: 7
Threshold: 0.01

Initial Distribution:
0.0016	0.0127	0.0307	0.0003	0.0029	0.0016	0.0033	0.0265	0.0315	0.0006	0.0370	0.0002	0.0009	0.0039	0.0027	0.0009	0.0119	0.0039	0.0092	0.0390	0.0074	0.0045	0.0624	0.0163	0.0661	0.0115	0.0037	0.0021	0.0029	0.0061	0.0561	0.0140	0.0064	0.0033	0.0078	0.0091	0.0014	0.0177	0.0166	0.0474	0.0137	0.0031	0.0077	0.0064	0.0314	0.0238	0.0121	0.0032	0.0002	0.0123	0.0342	0.0262	0.0027	0.0008	0.0012	0.0132	0.0109	0.0044	0.0002	0.0856	0.0003	0.0023	0.0162	0.0031	0.0011	0.0178	0.0016	0.0660	0.0107	0.0034	

Transitions:
0.0245	0.0261	0.0176	0.0127	0.0027	0.0119	0.0007	0.0095	0.0189	0.0159	0.0207	0.0228	0.0115	0.0186	0.0122	0.0014	0.0268	0.0238	0.0017	0.0156	0.0285	0.0037	0.0124	0.0239	0.0151	0.0057	0.0176	0.0024	0.0102	0.0074	0.0088	0.0161	0.0173	0.0203	0.0117	0.0005	0.0059	0.0235	0.0241	0.0108	0.0221	0.0151	0.0042	0.0134	0.0251	0.0084	0.0051	0.0283	0.0228	0.0016	0.0197	0.0097	0.0250	0.0053	0.0046	0.0207	0.0098	0.0229	0.0200	0.0191	0.0224	0.0268	0.0237	0.0159	0.0034	0.0049	0.0063	0.0128	0.0048	0.0148	
0.0229	0.0079	0.0212	0.0095	0.0298	0.0111	0.0247	0.0287	0.0242	0.0133	0.0000	0.0201	0.0086	0.0085	0.0116	0.0240	0.0239	0.0102	0.0172	0.0151	0.0190	0.0136	0.0235	0.0017	0.0173	0.0214	0.0192	0.0198	0.0109	0.0194	0.0031	0.0137	0.0224	0.0041	0.0051	0.0123	0.0156	0.0142	0.0067	0.0150	0.0258	0.0113	0.0172	0.0083	0.0220	0.0034	0.0144	0.0174	0.0012	0.0043	0.0081	0.0224	0.0278	0.0132	0.0260	0.0090	0.0074	0.0236	0.0149	0.0031	0.0191	0.0127	0.0151	0.0063	0.0095	0.0104	0.0284	0.0045	0.0021	0.0009	
0.0105	0.0120	0.0022	0.0216	0.0246	0.0052	0.0207	0.0182	0.0045	0.0206	0.0053	0.0021	0.0147	0.0064	0.0110	0.0069	0.0180	0.0060	0.0071	0.0235	0.0057	0.0222	0.0206	0.0035	0.0027	0.0122	0.0239	0.0139	0.0243	0.0139	0.0041	0.0080	0.0156	0.0002	0.0188	0.0236	0.0212	0.0009	0.0162	0.0166	0.0149	0.0156	0.0144	0.0224	0.0226	0.0154	0.0207	0.0090	0.0238	0.0012	0.0170	0.0204	0.0268	0.0049	0.0219	0.0150	0.0147	0.0306	0.0204	0.0094	0.0079	0.0100	0.0184	0.0184	0.0143	0.0234	0.0169	0.0125	0.0116	0.0164	
0.0146	0.0217	0.0181	0.0152	0.0130	0.0218	0.0086	0.0015	0.0063	0.0210	0.0156	0.0220	0.0196	0.0298	0.0204	0.0114	0.0132	0.0122	0.0053	0.0077	0.0104	0.0244	0.0078	0.0045	0.0111	0.0061	0.0321	0.0291	0.0098	0.0015	0.0020	0.0060	0.0304	0.0039	0.0151	0.0013	0.0061	0.0137	0.0239	0.0048	0.0086	0.0152	0.0215	0.0072	0.0268	0.0195	0.0188	0.0274	0.0348	0.0042	0.0128	0.0069	0.0137	0.0055	0.0093	0.0223	0.0105	0.0181	0.0029	0.0056	0.0217	0.0143	0.0224	0.0060	0.0129	0.0113	0.0253	0.0140	0.0123	0.0252	
0.0061	0.0024	0.0144	0.0238	0.0006	0.0262	0.0022	0.0012	0.0078	0.0262	0.0122	0.0067	0.0239	0.0042	0.0145	0.0227	0.0252	0.0202	0.0215	0.0172	0.0223	0.0196	0.0067	0.0132	0.0107	0.0237	0.0246	0.0186	0.0224	0.0117	0.0261	0.0008	0.0110	0.0028	0.0213	0.0095	0.0197	0.0143	0.0039	0.0080	0.0211	0.0093	0.0032	0.0088	0.0162	0.0114	0.0115	0.0185	0.0185	0.0144	0.0141	0.0012	0.0240	0.0157	0.0028	0.0136	0.0220	0.0341	0.0116	0.0038	0.0011	0.0194	0.0064	0.0269	0.0253	0.0139	0.0279	0.0201	0.0048	0.0081	
0.0042	0.0137	0.0144	0.0096	0.0073	0.0102	0.0173	0.0283	0.0230	0.0037	0.0109	0.0054	0.0286	0.0057	0.0235	0.0250	0.0085	0.0262	0.0009	0.0118	0.0172	0.0199	0.0004	0.0276	0.0108	0.0025	0.0032	0.0070	0.0161	0.0042	0.0152	0.0129	0.0119	0.0073	0.0116	0.0017	0.0148	0.0124	0.0090	0.0143	0.0270	0.0224	0.0007	0.0082	0.0216	0.0226	0.0151	0.0010	0.0320	0.0227	0.0070	0.0035	0.0258	0.0215	0.0186	0.0114	0.0114	0.0174	0.0248	0.0034	0.0063	0.0107	0.0112	0.0256	0.0152	0.0252	0.0251	0.0164	0.0204	0.0276	
0.0108	0.0271	0.0123	0.0070	0.0163	0.0242	0.0198	0.0224	0.0057	0.0227	0.0126	0.0026	0.0076	0.0201	0.0215	0.0115	0.0194	0.0202	0.0148	0.0010	0.0195	0.0277	0.0135	0.0049	0.0128	0.0176	0.0131	0.0064	0.0215	0.0291	0.0012	0.0189	0.0089	0.0022	0.0118	0.0092	0.0219	0.0190	0.0068	0.0201	0.0223	0.0195	0.0087	0.0071	0.0184	0.0036	0.0016	0.0246	0.0331	0.0033	0.0048	0.0062	0.0051	0.0201	0.0066	0.0118	0.0099	0.0096	0.0215	0.0232	0.0091	0.0160	0.0279	0.0103	0.0154	0.0195	0.0260	0.0047	0.0066	0.0175	
0.0217	0.0043	0.0099	0.0151	0.0104	0.0284	0.0188	0.0081	0.0152	0.0127	0.0124	0.0220	0.0079	0.0174	0.0184	0.0222	0.0192	0.0172	0.0228	0.0017	0.0289	0.0121	0.0233	0.0070	0.0172	0.0059	0.0200	0.0308	0.0185	0.0273	0.0099	0.0211	0.0155	0.0094	0.0100	0.0008	0.0249	0.0189	0.0111	0.0077	0.0222	0.0032	0.0199	0.0085	0.0135	0.0155	0.0056	0.0113	0.0198	0.0206	0.0005	0.0074	0.0113	0.0048	0.0175	0.0093	0.0079	0.0030	0.0249	0.0033	0.0055	0.0226	0.0177	0.0185	0.0025	0.0190	0.0073	0.0243	0.0058	0.0208	
0.0278	0.0026	0.0045	0.0144	0.0099	0.0258	0.0199	0.0158	0.0200	0.0029	0.0252	0.0107	0.0101	0.0260	0.0226	0.0024	0.0136	0.0092	0.0199	0.0026	0.0215	0.0215	0.0166	0.0069	0.0026	0.0003	0.0159	0.0023	0.0053	0.0252	0.0088	0.0063	0.0050	0.0261	0.0206	0.0278	0.0024	0.0242	0.0234	0.0183	0.0178	0.0193	0.0091	0.0217	0.0039	0.0237	0.0098	0.0203	0.0244	0.0000	0.0038	0.0248	0.0062	0.0033	0.0259	0.0049	0.0110	0.0311	0.0120	0.0072	0.0092	0.0197	0.0100	0.0268	0.0205	0.0203	0.0059	0.0096	0.0041	0.0269	
0.0000	0.0209	0.0141	0.0282	0.0161	0.0014	0.0136	0.0288	0.0026	0.0089	0.0184	0.0275	0.0102	0.0060	0.0189	0.0113	0.0016	0.0017	0.0002	0.0199	0.0166	0.0046	0.0127	0.0158	0.0142	0.0315	0.0095	0.0117	0.0018	0.0167	0.0219	0.0234	0.0158	0.0211	0.0283	0.0124	0.0135	0.0082	0.0188	0.0203	0.0207	0.0133	0.0255	0.0048	0.0225	0.0102	0.0081	0.0055	0.0073	0.0097	0.0238	0.0042	0.0130	0.0148	0.0111	0.0257	0.0064	0.0302	0.0134	0.0151	0.0186	0.0012	0.0262	0.0216	0.0151	0.0221	0.0121	0.0153	0.0064	0.0072	
0.0296	0.0218	0.0110	0.0031	0.0263	0.0024	0.0090	0.0070	0.0218	0.0031	0.0149	0.0066	0.0054	0.0215	0.0177	0.0164	0.0145	0.0303	0.0091	0.0042	0.0073	0.0144	0.0160	0.0013	0.0035	0.0203	0.0194	0.0052	0.0143	0.0272	0.0220	0.0145	0.0323	0.0006	0.0090	0.0305	0.0236	0.0085	0.0183	0.0088	0.0168	0.0283	0.0040	0.0102	0.0224	0.0143	0.0244	0.0043	0.0365	0.0012	0.0038	0.0116	0.0097	0.0013	0.0295	0.0142	0.0003	0.0163	0.0306	0.0040	0.0173	0.0066	0.0188	0.0257	0.0029	0.0266	0.0081	0.0035	0.0117	0.0229	
0.0237	0.0083	0.0105	0.0299	0.0215	0.0081	0.0110	0.0141	0.0038	0.0234	0.0253	0.0143	0.0073	0.0155	0.0219	0.0153	0.0120	0.0345	0.0016	0.0274	0.0278	0.0088	0.0112	0.0134	0.0264	0.0110	0.0094	0.0076	0.0092	0.0373	0.0103	0.0188	0.0238	0.0006	0.0063	0.0239	0.0032	0.0125	0.0117	0.0145	0.0042	0.0168	0.0081	0.0085	0.0127	0.0283	0.0280	0.0057	0.0033	0.0169	0.0225	0.0092	0.0034	0.0149	0.0010	0.0153	0.0238	0.0279	0.0006	0.0094	0.0260	0.0017	0.0045	0.0070	0.0096	0.0049	0.0231	0.0059	0.0088	0.0307	
0.0126	0.0007	0.0145	0.0101	0.0221	0.0094	0.0019	0.0020	0.0014	0.0360	0.0091	0.0050	0.0052	0.0213	0.0084	0.0002	0.0160	0.0078	0.0258	0.0204	0.0011	0.0060	0.0080	0.0017	0.0159	0.0025	0.0140	0.0013	0.0266	0.0080	0.0054	0.0155	0.0294	0.0077	0.0028	0.0171	0.0252	0.0241	0.0231	0.0150	0.0145	0.0232	0.0250	0.0023	0.0276	0.0219	0.0252	0.0160	0.0346	0.0084	0.0153	0.0151	0.0078	0.0170	0.0215	0.0067	0.0182	0.0187	0.0194	0.0135	0.0275	0.0007	0.0037	0.0267	0.0194	0.0187	0.0097	0.0185	0.0189	0.0243	
0.0069	0.0280	0.0132	0.0061	0.0085	0.0071	0.0112	0.0087	0.0028	0.0367	0.0052	0.0007	0.0054	0.0183	0.0172	0.0197	0.0154	0.0096	0.0135	0.0248	0.0302	0.0090	0.0036	0.0036	0.0239	0.0146	0.0242	0.0005	0.0116	0.0108	0.0167	0.0257	0.0281	0.0019	0.0030	0.0224	0.0040	0.0010	0.0103	0.0123	0.0300	0.0127	0.0113	0.0201	0.0149	0.0236	0.0259	0.0197	0.0072	0.0018	0.0048	0.0001	0.0149	0.0227	0.0277	0.0287	0.0203	0.0115	0.0083	0.0215	0.0164	0.0120	0.0270	0.0266	0.0123	0.0065	0.0075	0.0031	0.0140	0.0301	
0.0151	0.0154	0.0273	0.0240	0.0005	0.0159	0.0267	0.0155	0.0177	0.0059	0.0142	0.0057	0.0206	0.0090	0.0040	0.0154	0.0164	0.0019	0.0046	0.0045	0.0015	0.0238	0.0207	0.0146	0.0020	0.0170	0.0188	0.0193	0.0087	0.0080	0.0178	0.0177	0.0021	0.0076	0.0138	0.0206	0.0029	0.0201	0.0200	0.0088	0.0001	0.0074	0.0183	0.0031	0.0067	0.0097	0.0162	0.0218	0.0235	0.0226	0.0196	0.0050	0.0342	0.0091	0.0269	0.0220	0.0192	0.0152	0.0259	0.0131	0.0301	0.0121	0.0051	0.0128	0.0169	0.0249	0.0033	0.0128	0.0210	0.0153	
0.0129	0.0005	0.0091	0.0193	0.0056	0.0280	0.0046	0.0200	0.0080	0.0290	0.0236	0.0325	0.0267	0.0122	0.0144	0.0120	0.0215	0.0269	0.0120	0.0212	0.0315	0.0201	0.0178	0.0064	0.0112	0.0212	0.0026	0.0082	0.0166	0.0113	0.0065	0.0002	0.0286	0.0039	0.0109	0.0194	0.0271	0.0084	0.0037	0.0011	0.0187	0.0013	0.0019	0.0015	0.0150	0.0001	0.0113	0.0282	0.0311	0.0036	0.0036	0.0095	0.0022	0.0284	0.0144	0.0219	0.0076	0.0041	0.0057	0.0112	0.0240	0.0308	0.0028	0.0319	0.0145	0.0275	0.0032	0.0175	0.0000	0.0295	
0.0156	0.0140	0.0163	0.0095	0.0068	0.0288	0.0162	0.0197	0.0175	0.0170	0.0058	0.0100	0.0112	0.0110	0.0046	0.0227	0.0246	0.0261	0.0162	0.0165	0.0107	0.0190	0.0018	0.0156	0.0071	0.0193	0.0270	0.0024	0.0140	0.0155	0.0239	0.0123	0.0238	0.0207	0.0128	0.0170	0.0210	0.0213	0.0191	0.0110	0.0035	0.0152	0.0103	0.0168	0.0063	0.0098	0.0116	0.0214	0.0261	0.0141	0.0008	0.0062	0.0051	0.0088	0.0156	0.0237	0.0108	0.0001	0.0013	0.0119	0.0277	0.0171	0.0035	0.0046	0.0161	0.0184	0.0174	0.0130	0.0214	0.0161	
0.0054	0.0092	0.0039	0.0025	0.0191	0.0268	0.0107	0.0137	0.0104	0.0344	0.0064	0.0084	0.0096	0.0298	0.0147	0.0203	0.0129	0.0161	0.0074	0.0221	0.0069	0.0220	0.0185	0.0050	0.0159	0.0190	0.0148	0.0075	0.0014	0.0214	0.0262	0.0225	0.0293	0.0062	0.0127	0.0219	0.0033	0.0029	0.0247	0.0183	0.0165	0.0001	0.0205	0.0031	0.0116	0.0212	0.0078	0.0063	0.0235	0.0289	0.0097	0.0040	0.0112	0.0042	0.0105	0.0142	0.0192	0.0337	0.0157	0.0259	0.0098	0.0032	0.0118	0.0283	0.0033	0.0120	0.0140	0.0024	0.0164	0.0268	
0.0145	0.0090	0.0166	0.0117	0.0056	0.0060	0.0023	0.0149	0.0194	0.0275	0.0071	0.0086	0.0146	0.0027	0.0063	0.0180	0.0133	0.0212	0.0206	0.0247	0.0030	0.0035	0.0140	0.0209	0.0109	0.0120	0.0181	0.0218	0.0263	0.0290	0.0081	0.0037	0.0191	0.0219	0.0089	0.0250	0.0140	0.0259	0.0241	0.0032	0.0106	0.0031	0.0044	0.0165	0.0185	0.0004	0.0135	0.0085	0.0173	0.0095	0.0227	0.0187	0.0074	0.0141	0.0167	0.0114	0.0181	0.0267	0.0263	0.0177	0.0160	0.0079	0.0137	0.0231	0.0133	0.0037	0.0188	0.0152	0.0189	0.0091	
0.0058	0.0159	0.0196	0.0193	0.0157	0.0294	0.0277	0.0229	0.0029	0.0150	0.0252	0.0100	0.0087	0.0158	0.0029	0.0174	0.0247	0.0032	0.0064	0.0274	0.0054	0.0177	0.0198	0.0045	0.0133	0.0025	0.0175	0.0088	0.0034	0.0179	0.0080	0.0189	0.0150	0.0065	0.0053	0.0067	0.0268	0.0147	0.0267	0.0153	0.0127	0.0216	0.0206	0.0125	0.0234	0.0068	0.0002	0.0312	0.0237	0.0220	0.0054	0.0130	0.0121	0.0216	0.0028	0.0138	0.0203	0.0199	0.0023	0.0111	0.0129	0.0166	0.0193	0.0169	0.0028	0.0023	0.0254	0.0011	0.0124	0.0231	
0.0179	0.0104	0.0046	0.0151	0.0155	0.0125	0.0257	0.0132	0.0066	0.0117	0.0019	0.0198	0.0162	0.0054	0.0076	0.0223	0.0107	0.0227	0.0026	0.0152	0.0152	0.0092	0.0129	0.0103	0.0059	0.0249	0.0004	0.0044	0.0103	0.0230	0.0124	0.0230	0.0179	0.0192	0.0072	0.0241	0.0106	0.0288	0.0086	0.0138	0.0194	0.0087	0.0096	0.0201	0.0120	0.0193	0.0268	0.0187	0.0085	0.0071	0.0208	0.0020	0.0304	0.0213	0.0123	0.0087	0.0227	0.0252	0.0090	0.0146	0.0110	0.0270	0.0017	0.0138	0.0277	0.0036	0.0031	0.0207	0.0219	0.0125	
0.0119	0.0146	0.0103	0.0094	0.0012	0.0045	0.0250	0.0216	0.0220	0.0167	0.0191	0.0118	0.0208	0.0024	0.0020	0.0090	0.0000	0.0228	0.0089	0.0219	0.0022	0.0155	0.0122	0.0167	0.0066	0.0216	0.0077	0.0254	0.0213	0.0087	0.0161	0.0028	0.0214	0.0192	0.0184	0.0050	0.0178	0.0170	0.0173	0.0045	0.0097	0.0014	0.0195	0.0198	0.0190	0.0237	0.0244	0.0294	0.0116	0.0131	0.0033	0.0080	0.0137	0.0232	0.0088	0.0215	0.0240	0.0226	0.0013	0.0053	0.0254	0.0024	0.0239	0.0186	0.0232	0.0186	0.0200	0.0004	0.0067	0.0246	
0.0214	0.0124	0.0013	0.0025	0.0211	0.0007	0.0212	0.0194	0.0247	0.0103	0.0192	0.0095	0.0139	0.0065	0.0045	0.0094	0.0176	0.0228	0.0147	0.0228	0.0066	0.0282	0.0111	0.0118	0.0082	0.0065	0.0023	0.0046	0.0235	0.0002	0.0065	0.0210	0.0220	0.0123	0.0216	0.0215	0.0080	0.0103	0.0062	0.0083	0.0005	0.0067	0.0191	0.0200	0.0093	0.0145	0.0147	0.0216	0.0155	0.0133	0.0020	0.0237	0.0153	0.0098	0.0207	0.0220	0.0291	0.0201	0.0212	0.0084	0.0305	0.0256	0.0226	0.0261	0.0028	0.0250	0.0197	0.0013	0.0096	0.0127	
0.0014	0.0074	0.0148	0.0055	0.0249	0.0304	0.0057	0.0211	0.0015	0.0252	0.0178	0.0105	0.0195	0.0111	0.0219	0.0109	0.0110	0.0109	0.0202	0.0040	0.0206	0.0184	0.0143	0.0237	0.0083	0.0089	0.0129	0.0214	0.0158	0.0159	0.0217	0.0106	0.0112	0.0278	0.0129	0.0235	0.0086	0.0078	0.0113	0.0149	0.0147	0.0023	0.0145	0.0244	0.0193	0.0158	0.0016	0.0126	0.0009	0.0165	0.0120	0.0070	0.0073	0.0057	0.0178	0.0095	0.0168	0.0261	0.0237	0.0129	0.0171	0.0113	0.0057	0.0169	0.0203	0.0055	0.0303	0.0138	0.0280	0.0032	
0.0029	0.0035	0.0222	0.0028	0.0203	0.0238	0.0045	0.0181	0.0020	0.0245	0.0058	0.0024	0.0220	0.0264	0.0241	0.0230	0.0065	0.0048	0.0081	0.0028	0.0048	0.0162	0.0091	0.0201	0.0030	0.0033	0.0266	0.0370	0.0030	0.0128	0.0129	0.0089	0.0146	0.0248	0.0167	0.0136	0.0110	0.0038	0.0164	0.0008	0.0061	0.0277	0.0180	0.0010	0.0087	0.0123	0.0180	0.0106	0.0215	0.0029	0.0196	0.0201	0.0126	0.0256	0.0321	0.0167	0.0228	0.0062	0.0316	0.0096	0.0339	0.0090	0.0161	0.0162	0.0056	0.0224	0.0208	0.0194	0.0088	0.0144	
0.0085	0.0023	0.0147	0.0060	0.0241	0.0066	0.0209	0.0116	0.0093	0.0193	0.0122	0.0140	0.0088	0.0249	0.0127	0.0198	0.0242	0.0191	0.0213	0.0008	0.0187	0.0045	0.0046	0.0028	0.0047	0.0267	0.0076	0.0035	0.0222	0.0161	0.0220	0.0161	0.0009	0.0247	0.0185	0.0209	0.0055	0.0047	0.0230	0.0146	0.0197	0.0052	0.0202	0.0071	0.0262	0.0072	0.0217	0.0177	0.0003	0.0081	0.0240	0.0251	0.0252	0.0064	0.0200	0.0041	0.0209	0.0130	0.0009	0.0215	0.0228	0.0169	0.0145	0.0234	0.0189	0.0200	0.0134	0.0076	0.0056	0.0187	
0.0151	0.0208	0.0187	0.0054	0.0069	0.0146	0.0104	0.0239	0.0029	0.0274	0.0016	0.0200	0.0032	0.0139	0.0140	0.0203	0.0190	0.0245	0.0025	0.0169	0.0256	0.0184	0.0032	0.0245	0.0170	0.0026	0.0162	0.0229	0.0115	0.0069	0.0206	0.0106	0.0115	0.0085	0.0165	0.0018	0.0063	0.0198	0.0266	0.0075	0.0193	0.0240	0.0088	0.0035	0.0241	0.0059	0.0131	0.0008	0.0074	0.0233	0.0246	0.0187	0.0068	0.0144	0.0156	0.0234	0.0152	0.0258	0.0117	0.0037	0.0215	0.0138	0.0117	0.0244	0.0021	0.0138	0.0077	0.0157	0.0228	0.0159	
0.0163	0.0029	0.0195	0.0176	0.0277	0.0288	0.0102	0.0283	0.0002	0.0161	0.0117	0.0167	0.0155	0.0120	0.0057	0.0020	0.0083	0.0221	0.0150	0.0157	0.0124	0.0094	0.0057	0.0172	0.0091	0.0057	0.0162	0.0127	0.0011	0.0092	0.0241	0.0168	0.0059	0.0138	0.0071	0.0211	0.0236	0.0155	0.0156	0.0095	0.0144	0.0165	0.0202	0.0224	0.0144	0.0059	0.0220	0.0279	0.0192	0.0003	0.0060	0.0108	0.0036	0.0256	0.0042	0.0059	0.0213	0.0299	0.0057	0.0128	0.0129	0.0306	0.0231	0.0184	0.0153	0.0195	0.0121	0.0214	0.0029	0.0109	
0.0037	0.0273	0.0026	0.0260	0.0137	0.0260	0.0156	0.0105	0.0050	0.0105	0.0087	0.0199	0.0200	0.0009	0.0035	0.0155	0.0184	0.0066	0.0143	0.0022	0.0007	0.0303	0.0074	0.0016	0.0056	0.0155	0.0238	0.0071	0.0137	0.0255	0.0240	0.0212	0.0290	0.0060	0.0238	0.0127	0.0121	0.0054	0.0172	0.0085	0.0240	0.0154	0.0210	0.0282	0.0087	0.0226	0.0054	0.0321	0.0183	0.0279	0.0053	0.0070	0.0170	0.0018	0.0122	0.0040	0.0151	0.0011	0.0236	0.0217	0.0005	0.0134	0.0263	0.0119	0.0151	0.0141	0.0240	0.0134	0.0040	0.0227	
0.0038	0.0119	0.0135	0.0021	0.0103	0.0144	0.0059	0.0083	0.0172	0.0107	0.0072	0.0219	0.0176	0.0108	0.0145	0.0139	0.0090	0.0235	0.0191	0.0194	0.0236	0.0084	0.0097	0.0199	0.0089	0.0093	0.0152	0.0100	0.0126	0.0247	0.0029	0.0127	0.0214	0.0196	0.0200	0.0170	0.0174	0.0103	0.0172	0.0169	0.0226	0.0044	0.0067	0.0092	0.0144	0.0050	0.0162	0.0141	0.0217	0.0212	0.0032	0.0242	0.0186	0.0096	0.0177	0.0206	0.0009	0.0237	0.0174	0.0011	0.0236	0.0220	0.0206	0.0264	0.0054	0.0171	0.0004	0.0175	0.0160	0.0259	
0.0276	0.0285	0.0023	0.0242	0.0271	0.0224	0.0020	0.0017	0.0051	0.0051	0.0156	0.0039	0.0178	0.0164	0.0163	0.0036	0.0255	0.0106	0.0003	0.0005	0.0194	0.0245	0.0163	0.0150	0.0215	0.0015	0.0087	0.0100	0.0031	0.0216	0.0052	0.0182	0.0282	0.0194	0.0237	0.0041	0.0245	0.0196	0.0145	0.0015	0.0218	0.0269	0.0156	0.0140	0.0086	0.0184	0.0041	0.0068	0.0097	0.0027	0.0174	0.0168	0.0259	0.0162	0.0085	0.0013	0.0079	0.0152	0.0002	0.0160	0.0119	0.0276	0.0271	0.0089	0.0306	0.0243	0.0076	0.0219	0.0157	0.0137	
0.0058	0.0070	0.0214	0.0211	0.0082	0.0210	0.0058	0.0072	0.0057	0.0072	0.0174	0.0029	0.0200	0.0006	0.0030	0.0146	0.0230	0.0085	0.0125	0.0208	0.0263	0.0110	0.0157	0.0170	0.0129	0.0263	0.0012	0.0090	0.0128	0.0121	0.0136	0.0050	0.0195	0.0174	0.0194	0.0133	0.0239	0.0298	0.0071	0.0114	0.0259	0.0002	0.0057	0.0194	0.0230	0.0073	0.0220	0.0280	0.0060	0.0089	0.0231	0.0250	0.0141	0.0175	0.0184	0.0224	0.0138	0.0038	0.0084	0.0076	0.0185	0.0308	0.0195	0.0198	0.0187	0.0161	0.0136	0.0035	0.0034	0.0173	
0.0213	0.0281	0.0003	0.0222	0.0041	0.0252	0.0047	0.0253	0.0198	0.0106	0.0025	0.0034	0.0028	0.0025	0.0119	0.0140	0.0212	0.0289	0.0039	0.0017	0.0266	0.0166	0.0150	0.0235	0.0199	0.0239	0.0072	0.0135	0.0028	0.0070	0.0223	0.0150	0.0234	0.0125	0.0135	0.0242	0.0236	0.0177	0.0131	0.0130	0.0182	0.0162	0.0071	0.0239	0.0060	0.0132	0.0214	0.0189	0.0069	0.0028	0.0240	0.0122	0.0284	0.0019	0.0181	0.0033	0.0091	0.0019	0.0234	0.0061	0.0161	0.0192	0.0207	0.0172	0.0130	0.0118	0.0102	0.0131	0.0116	0.0150	
0.0169	0.0058	0.0121	0.0114	0.0123	0.0086	0.0113	0.0198	0.0178	0.0154	0.0000	0.0200	0.0076	0.0277	0.0086	0.0099	0.0180	0.0241	0.0200	0.0135	0.0179	0.0231	0.0163	0.0066	0.0030	0.0303	0.0265	0.0179	0.0124	0.0277	0.0046	0.0056	0.0045	0.0189	0.0123	0.0186	0.0011	0.0177	0.0178	0.0091	0.0215	0.0180	0.0100	0.0128	0.0087	0.0000	0.0109	0.0275	0.0085	0.0031	0.0206	0.0176	0.0248	0.0008	0.0230	0.0215	0.0134	0.0078	0.0085	0.0108	0.0116	0.0215	0.0065	0.0273	0.0062	0.0205	0.0151	0.0122	0.0150	0.0209	
0.0092	0.0031	0.0017	0.0084	0.0236	0.0322	0.0139	0.0050	0.0227	0.0049	0.0127	0.0029	0.0111	0.0090	0.0009	0.0150	0.0124	0.0038	0.0216	0.0174	0.0037	0.0232	0.0062	0.0039	0.0014	0.0290	0.0139	0.0144	0.0069	0.0169	0.0130	0.0177	0.0088	0.0136	0.0206	0.0198	0.0187	0.0140	0.0074	0.0188	0.0081	0.0103	0.0078	0.0043	0.0254	0.0078	0.0090	0.0324	0.0321	0.0178	0.0071	0.0093	0.0250	0.0234	0.0167	0.0148	0.0227	0.0347	0.0082	0.0167	0.0173	0.0024	0.0244	0.0113	0.0173	0.0193	0.0262	0.0186	0.0150	0.0109	
0.0276	0.0274	0.0230	0.0247	0.0128	0.0252	0.0154	0.0033	0.0057	0.0264	0.0177	0.0169	0.0186	0.0145	0.0069	0.0051	0.0014	0.0165	0.0251	0.0081	0.0237	0.0187	0.0048	0.0157	0.0102	0.0059	0.0133	0.0257	0.0154	0.0067	0.0121	0.0096	0.0130	0.0147	0.0219	0.0087	0.0158	0.0271	0.0109	0.0179	0.0001	0.0197	0.0212	0.0141	0.0034	0.0283	0.0142	0.0158	0.0039	0.0106	0.0179	0.0093	0.0290	0.0073	0.0147	0.0076	0.0218	0.0125	0.0121	0.0055	0.0107	0.0183	0.0152	0.0012	0.0069	0.0068	0.0038	0.0019	0.0224	0.0292	
0.0175	0.0039	0.0030	0.0037	0.0078	0.0033	0.0284	0.0218	0.0098	0.0157	0.0186	0.0292	0.0226	0.0037	0.0128	0.0038	0.0138	0.0050	0.0224	0.0157	0.0147	0.0046	0.0154	0.0028	0.0135	0.0130	0.0044	0.0175	0.0073	0.0323	0.0272	0.0100	0.0221	0.0030	0.0206	0.0139	0.0070	0.0256	0.0286	0.0093	0.0086	0.0023	0.0284	0.0263	0.0183	0.0086	0.0217	0.0140	0.0174	0.0033	0.0247	0.0278	0.0052	0.0050	0.0124	0.0140	0.0148	0.0003	0.0173	0.0224	0.0251	0.0086	0.0132	0.0153	0.0145	0.0082	0.0081	0.0174	0.0104	0.0313	
0.0302	0.0261	0.0052	0.0154	0.0082	0.0140	0.0070	0.0229	0.0172	0.0066	0.0196	0.0247	0.0037	0.0041	0.0048	0.0275	0.0081	0.0203	0.0187	0.0096	0.0348	0.0076	0.0066	0.0047	0.0163	0.0368	0.0202	0.0158	0.0120	0.0111	0.0019	0.0025	0.0024	0.0191	0.0064	0.0012	0.0269	0.0286	0.0326	0.0026	0.0102	0.0003	0.0170	0.0150	0.0084	0.0076	0.0062	0.0120	0.0120	0.0226	0.0019	0.0270	0.0034	0.0029	0.0308	0.0240	0.0162	0.0001	0.0307	0.0077	0.0223	0.0252	0.0087	0.0079	0.0044	0.0196	0.0230	0.0167	0.0282	0.0044	
0.0025	0.0139	0.0146	0.0134	0.0266	0.0276	0.0196	0.0194	0.0212	0.0080	0.0191	0.0078	0.0034	0.0180	0.0056	0.0080	0.0256	0.0291	0.0154	0.0140	0.0141	0.0206	0.0162	0.0189	0.0064	0.0152	0.0222	0.0070	0.0078	0.0208	0.0135	0.0149	0.0125	0.0058	0.0138	0.0137	0.0043	0.0158	0.0026	0.0004	0.0257	0.0195	0.0025	0.0178	0.0114	0.0133	0.0159	0.0164	0.0310	0.0191	0.0137	0.0167	0.0242	0.0090	0.0145	0.0069	0.0202	0.0272	0.0057	0.0093	0.0050	0.0131	0.0107	0.0059	0.0168	0.0029	0.0245	0.0188	0.0037	0.0195	
0.0041	0.0105	0.0207	0.0167	0.0184	0.0238	0.0200	0.0002	0.0064	0.0263	0.0239	0.0076	0.0086	0.0127	0.0033	0.0294	0.0229	0.0024	0.0183	0.0065	0.0197	0.0082	0.0068	0.0174	0.0164	0.0115	0.0116	0.0268	0.0012	0.0088	0.0125	0.0167	0.0113	0.0066	0.0193	0.0050	0.0240	0.0062	0.0182	0.0180	0.0168	0.0225	0.0156	0.0106	0.0122	0.0274	0.0054	0.0325	0.0025	0.0168	0.0060	0.0168	0.0071	0.0252	0.0009	0.0205	0.0015	0.0079	0.0238	0.0039	0.0168	0.0271	0.0212	0.0277	0.0036	0.0055	0.0273	0.0011	0.0222	0.0225	
0.0026	0.0179	0.0114	0.0233	0.0233	0.0296	0.0207	0.0305	0.0040	0.0309	0.0072	0.0119	0.0241	0.0079	0.0010	0.0260	0.0136	0.0185	0.0058	0.0253	0.0030	0.0171	0.0141	0.0157	0.0112	0.0233	0.0249	0.0203	0.0087	0.0098	0.0020	0.0033	0.0063	0.0021	0.0185	0.0210	0.0114	0.0155	0.0035	0.0030	0.0052	0.0030	0.0024	0.0252	0.0277	0.0013	0.0008	0.0233	0.0313	0.0054	0.0240	0.0099	0.0277	0.0274	0.0256	0.0155	0.0020	0.0292	0.0111	0.0007	0.0021	0.0011	0.0203	0.0271	0.0248	0.0042	0.0061	0.0194	0.0164	0.0099	
0.0151	0.0001	0.0117	0.0022	0.0214	0.0326	0.0143	0.0203	0.0149	0.0142	0.0161	0.0042	0.0196	0.0032	0.0124	0.0205	0.0083	0.0076	0.0045	0.0051	0.0213	0.0146	0.0019	0.0023	0.0012	0.0039	0.0152	0.0070	0.0285	0.0247	0.0236	0.0067	0.0044	0.0150	0.0161	0.0218	0.0276	0.0252	0.0076	0.0167	0.0322	0.0114	0.0069	0.0267	0.0098	0.0252	0.0080	0.0181	0.0119	0.0030	0.0238	0.0259	0.0187	0.0102	0.0183	0.0006	0.0248	0.0121	0.0009	0.0125	0.0164	0.0094	0.0186	0.0249	0.0150	0.0108	0.0318	0.0035	0.0124	0.0227	
0.0198	0.0133	0.0223	0.0058	0.0058	0.0070	0.0066	0.0021	0.0164	0.0034	0.0176	0.0263	0.0206	0.0207	0.0198	0.0212	0.0168	0.0221	0.0218	0.0146	0.0215	0.0134	0.0156	0.0181	0.0077	0.0185	0.0189	0.0114	0.0114	0.0265	0.0221	0.0025	0.0015	0.0133	0.0062	0.0075	0.0002	0.0087	0.0032	0.0068	0.0199	0.0198	0.0142	0.0214	0.0171	0.0133	0.0094	0.0243	0.0257	0.0132	0.0160	0.0053	0.0050	0.0203	0.0213	0.0067	0.0182	0.0061	0.0218	0.0105	0.0136	0.0218	0.0144	0.0205	0.0037	0.0173	0.0243	0.0059	0.0138	0.0165	
0.0242	0.0118	0.0167	0.0146	0.0274	0.0307	0.0257	0.0236	0.0012	0.0274	0.0066	0.0267	0.0147	0.0230	0.0061	0.0193	0.0262	0.0057	0.0169	0.0002	0.0155	0.0210	0.0105	0.0140	0.0165	0.0257	0.0075	0.0244	0.0204	0.0262	0.0177	0.0020	0.0084	0.0046	0.0163	0.0078	0.0162	0.0189	0.0238	0.0152	0.0095	0.0000	0.0039	0.0012	0.0060	0.0165	0.0060	0.0231	0.0170	0.0101	0.0204	0.0173	0.0193	0.0153	0.0040	0.0026	0.0248	0.0015	0.0206	0.0201	0.0230	0.0058	0.0013	0.0023	0.0031	0.0053	0.0188	0.0088	0.0037	0.0272	
0.0044	0.0102	0.0055	0.0208	0.0226	0.0167	0.0184	0.0115	0.0096	0.0068	0.0184	0.0164	0.0080	0.0095	0.0050	0.0005	0.0128	0.0228	0.0018	0.0170	0.0106	0.0163	0.0211	0.0012	0.0042	0.0034	0.0281	0.0025	0.0273	0.0009	0.0004	0.0199	0.0188	0.0157	0.0083	0.0137	0.0150	0.0248	0.0254	0.0172	0.0137	0.0154	0.0194	0.0158	0.0069	0.0068	0.0263	0.0241	0.0309	0.0025	0.0198	0.0260	0.0106	0.0168	0.0186	0.0184	0.0147	0.0058	0.0185	0.0141	0.0186	0.0195	0.0134	0.0099	0.0058	0.0250	0.0293	0.0175	0.0009	0.0217	
0.0176	0.0177	0.0264	0.0127	0.0046	0.0306	0.0267	0.0110	0.0246	0.0347	0.0059	0.0086	0.0062	0.0275	0.0078	0.0030	0.0145	0.0009	0.0285	0.0246	0.0299	0.0099	0.0077	0.0089	0.0024	0.0317	0.0016	0.0114	0.0095	0.0140	0.0100	0.0043	0.0251	0.0043	0.0163	0.0057	0.0024	0.0320	0.0142	0.0226	0.0260	0.0043	0.0121	0.0212	0.0122	0.0103	0.0121	0.0244	0.0020	0.0027	0.0108	0.0285	0.0292	0.0107	0.0244	0.0075	0.0091	0.0251	0.0110	0.0068	0.0266	0.0169	0.0004	0.0141	0.0160	0.0012	0.0205	0.0015	0.0106	0.0039	
0.0009	0.0162	0.0164	0.0030	0.0277	0.0267	0.0258	0.0174	0.0224	0.0256	0.0116	0.0142	0.0086	0.0066	0.0235	0.0125	0.0098	0.0117	0.0086	0.0092	0.0256	0.0131	0.0141	0.0036	0.0005	0.0078	0.0038	0.0292	0.0030	0.0110	0.0211	0.0073	0.0105	0.0251	0.0017	0.0244	0.0084	0.0214	0.0119	0.0217	0.0085	0.0191	0.0202	0.0157	0.0217	0.0091	0.0052	0.0262	0.0161	0.0030	0.0174	0.0044	0.0234	0.0269	0.0072	0.0165	0.0267	0.0175	0.0027	0.0144	0.0214	0.0322	0.0139	0.0155	0.0260	0.0044	0.0034	0.0084	0.0047	0.0042	
0.0050	0.0192	0.0264	0.0098	0.0017	0.0055	0.0219	0.0010	0.0087	0.0225	0.0020	0.0109	0.0156	0.0287	0.0176	0.0180	0.0162	0.0136	0.0166	0.0162	0.0250	0.0220	0.0162	0.0240	0.0078	0.0091	0.0054	0.0058	0.0182	0.0250	0.0068	0.0184	0.0197	0.0091	0.0263	0.0003	0.0066	0.0121	0.0281	0.0020	0.0234	0.0259	0.0048	0.0125	0.0183	0.0089	0.0138	0.0177	0.0300	0.0082	0.0173	0.0212	0.0223	0.0183	0.0071	0.0114	0.0014	0.0063	0.0008	0.0177	0.0283	0.0153	0.0121	0.0221	0.0107	0.0081	0.0235	0.0043	0.0015	0.0219	
0.0129	0.0059	0.0141	0.0187	0.0214	0.0310	0.0206	0.0059	0.0040	0.0344	0.0236	0.0217	0.0124	0.0098	0.0019	0.0143	0.0027	0.0388	0.0005	0.0192	0.0298	0.0010	0.0112	0.0043	0.0033	0.0105	0.0153	0.0126	0.0322	0.0145	0.0187	0.0078	0.0156	0.0055	0.0254	0.0103	0.0086	0.0044	0.0321	0.0081	0.0223	0.0250	0.0014	0.0019	0.0332	0.0082	0.0047	0.0034	0.0231	0.0280	0.0063	0.0234	0.0057	0.0141	0.0178	0.0121	0.0220	0.0110	0.0139	0.0094	0.0118	0.0052	0.0058	0.0280	0.0094	0.0154	0.0074	0.0047	0.0152	0.0251	
0.0055	0.0284	0.0241	0.0149	0.0257	0.0027	0.0241	0.0090	0.0029	0.0275	0.0028	0.0128	0.0176	0.0020	0.0033	0.0218	0.0036	0.0263	0.0119	0.0090	0.0176	0.0253	0.0149	0.0131	0.0183	0.0151	0.0207	0.0075	0.0188	0.0125	0.0016	0.0216	0.0195	0.0197	0.0160	0.0060	0.0226	0.0160	0.0156	0.0108	0.0130	0.0131	0.0047	0.0156	0.0058	0.0234	0.0095	0.0034	0.0204	0.0121	0.0083	0.0062	0.0221	0.0270	0.0036	0.0067	0.0074	0.0124	0.0195	0.0049	0.0126	0.0259	0.0153	0.0165	0.0231	0.0041	0.0224	0.0195	0.0081	0.0243	
0.0010	0.0189	0.0072	0.0189	0.0020	0.0021	0.0180	0.0013	0.0092	0.0293	0.0045	0.0181	0.0125	0.0049	0.0044	0.0217	0.0064	0.0174	0.0225	0.0095	0.0298	0.0123	0.0186	0.0103	0.0042	0.0168	0.0244	0.0231	0.0220	0.0016	0.0050	0.0105	0.0250	0.0164	0.0110	0.0202	0.0279	0.0274	0.0235	0.0012	0.0163	0.0064	0.0000	0.0199	0.0000	0.0192	0.0052	0.0123	0.0127	0.0236	0.0224	0.0043	0.0017	0.0257	0.0308	0.0181	0.0234	0.0285	0.0184	0.0087	0.0053	0.0054	0.0051	0.0081	0.0254	0.0193	0.0244	0.0192	0.0164	0.0127	
0.0248	0.0108	0.0190	0.0206	0.0294	0.0221	0.0119	0.0033	0.0120	0.0110	0.0111	0.0138	0.0055	0.0257	0.0035	0.0009	0.0120	0.0251	0.0201	0.0227	0.0282	0.0038	0.0061	0.0137	0.0205	0.0104	0.0016	0.0220	0.0252	0.0073	0.0012	0.0091	0.0236	0.0243	0.0023	0.0162	0.0131	0.0086	0.0265	0.0062	0.0052	0.0187	0.0099	0.0080	0.0260	0.0193	0.0262	0.0079	0.0051	0.0197	0.0088	0.0268	0.0026	0.0226	0.0155	0.0206	0.0033	0.0059	0.0257	0.0135	0.0198	0.0236	0.0054	0.0061	0.0091	0.0020	0.0219	0.0067	0.0221	0.0164	
0.0152	0.0044	0.0250	0.0131	0.0219	0.0076	0.0220	0.0301	0.0137	0.0051	0.0109	0.0226	0.0142	0.0046	0.0236	0.0017	0.0080	0.0304	0.0094	0.0099	0.0139	0.0073	0.0110	0.0105	0.0154	0.0134	0.0141	0.0042	0.0286	0.0296	0.0003	0.0167	0.0133	0.0146	0.0046	0.0044	0.0032	0.0200	0.0023	0.0054	0.0282	0.0040	0.0181	0.0201	0.0048	0.0227	0.0052	0.0008	0.0084	0.0067	0.0257	0.0217	0.0269	0.0122	0.0031	0.0081	0.0190	0.0143	0.0231	0.0071	0.0200	0.0177	0.0278	0.0191	0.0039	0.0214	0.0105	0.0240	0.0250	0.0242	
0.0289	0.0233	0.0263	0.0030	0.0154	0.0111	0.0199	0.0224	0.0062	0.0313	0.0064	0.0165	0.0253	0.0230	0.0032	0.0072	0.0247	0.0358	0.0134	0.0242	0.0153	0.0196	0.0208	0.0235	0.0120	0.0112	0.0058	0.0005	0.0195	0.0142	0.0152	0.0061	0.0016	0.0143	0.0082	0.0035	0.0309	0.0293	0.0009	0.0158	0.0239	0.0033	0.0076	0.0030	0.0011	0.0093	0.0234	0.0099	0.0199	0.0254	0.0312	0.0119	0.0177	0.0029	0.0102	0.0095	0.0271	0.0018	0.0197	0.0025	0.0049	0.0230	0.0016	0.0285	0.0085	0.0002	0.0146	0.0089	0.0124	0.0002	
0.0086	0.0323	0.0280	0.0178	0.0076	0.0102	0.0113	0.0217	0.0201	0.0072	0.0144	0.0284	0.0128	0.0197	0.0108	0.0026	0.0222	0.0313	0.0053	0.0251	0.0063	0.0237	0.0052	0.0246	0.0157	0.0010	0.0018	0.0128	0.0254	0.0008	0.0280	0.0097	0.0274	0.0122	0.0148	0.0262	0.0136	0.0300	0.0227	0.0001	0.0306	0.0075	0.0076	0.0108	0.0155	0.0068	0.0035	0.0122	0.0129	0.0043	0.0080	0.0132	0.0051	0.0124	0.0235	0.0127	0.0211	0.0004	0.0286	0.0053	0.0076	0.0307	0.0230	0.0236	0.0083	0.0057	0.0022	0.0001	0.0025	0.0149	
0.0189	0.0297	0.0029	0.0057	0.0026	0.0291	0.0179	0.0250	0.0112	0.0145	0.0249	0.0207	0.0014	0.0195	0.0207	0.0127	0.0071	0.0124	0.0186	0.0038	0.0054	0.0126	0.0236	0.0180	0.0184	0.0292	0.0148	0.0161	0.0034	0.0098	0.0051	0.0031	0.0088	0.0246	0.0140	0.0094	0.0105	0.0319	0.0101	0.0187	0.0276	0.0006	0.0174	0.0157	0.0086	0.0168	0.0271	0.0045	0.0318	0.0232	0.0305	0.0195	0.0100	0.0277	0.0086	0.0058	0.0019	0.0147	0.0133	0.0034	0.0140	0.0024	0.0193	0.0033	0.0077	0.0233	0.0131	0.0033	0.0041	0.0138	
0.0026	0.0091	0.0007	0.0228	0.0106	0.0054	0.0259	0.0101	0.0100	0.0065	0.0008	0.0121	0.0167	0.0085	0.0088	0.0157	0.0258	0.0110	0.0189	0.0083	0.0096	0.0286	0.0123	0.0066	0.0091	0.0257	0.0129	0.0179	0.0087	0.0159	0.0043	0.0198	0.0379	0.0150	0.0205	0.0241	0.0225	0.0194	0.0192	0.0031	0.0136	0.0233	0.0026	0.0087	0.0027	0.0043	0.0165	0.0154	0.0317	0.0195	0.0273	0.0031	0.0183	0.0268	0.0057	0.0049	0.0247	0.0344	0.0121	0.0116	0.0303	0.0142	0.0003	0.0296	0.0002	0.0074	0.0129	0.0005	0.0140	0.0199	
0.0219	0.0071	0.0172	0.0131	0.0251	0.0143	0.0231	0.0055	0.0032	0.0084	0.0067	0.0250	0.0216	0.0135	0.0122	0.0013	0.0075	0.0050	0.0079	0.0180	0.0242	0.0213	0.0042	0.0038	0.0085	0.0292	0.0189	0.0053	0.0074	0.0304	0.0203	0.0109	0.0256	0.0036	0.0232	0.0174	0.0111	0.0007	0.0243	0.0131	0.0082	0.0136	0.0188	0.0016	0.0074	0.0212	0.0158	0.0145	0.0110	0.0239	0.0271	0.0046	0.0178	0.0218	0.0151	0.0247	0.0024	0.0149	0.0028	0.0199	0.0192	0.0151	0.0240	0.0081	0.0110	0.0211	0.0014	0.0126	0.0166	0.0230	
0.0145	0.0072	0.0068	0.0173	0.0081	0.0107	0.0055	0.0029	0.0187	0.0163	0.0081	0.0075	0.0212	0.0084	0.0198	0.0149	0.0209	0.0002	0.0093	0.0231	0.0172	0.0222	0.0212	0.0226	0.0187	0.0199	0.0171	0.0096	0.0155	0.0159	0.0198	0.0009	0.0250	0.0133	0.0081	0.0161	0.0233	0.0271	0.0147	0.0054	0.0199	0.0241	0.0171	0.0146	0.0158	0.0111	0.0182	0.0177	0.0116	0.0205	0.0250	0.0010	0.0047	0.0154	0.0036	0.0170	0.0080	0.0109	0.0205	0.0118	0.0192	0.0230	0.0129	0.0093	0.0175	0.0080	0.0108	0.0059	0.0239	0.0060	
0.0244	0.0253	0.0096	0.0024	0.0078	0.0227	0.0064	0.0080	0.0084	0.0124	0.0237	0.0016	0.0289	0.0221	0.0157	0.0257	0.0236	0.0074	0.0140	0.0171	0.0103	0.0183	0.0033	0.0010	0.0133	0.0237	0.0133	0.0148	0.0230	0.0072	0.0019	0.0103	0.0209	0.0051	0.0042	0.0011	0.0213	0.0018	0.0121	0.0179	0.0139	0.0009	0.0017	0.0122	0.0136	0.0174	0.0249	0.0263	0.0268	0.0260	0.0090	0.0040	0.0279	0.0105	0.0301	0.0058	0.0269	0.0143	0.0173	0.0067	0.0068	0.0376	0.0133	0.0006	0.0118	0.0150	0.0151	0.0187	0.0190	0.0144	
0.0035	0.0237	0.0227	0.0260	0.0072	0.0114	0.0142	0.0222	0.0109	0.0334	0.0010	0.0223	0.0198	0.0265	0.0207	0.0282	0.0167	0.0109	0.0077	0.0267	0.0096	0.0079	0.0126	0.0018	0.0073	0.0172	0.0182	0.0014	0.0012	0.0017	0.0062	0.0008	0.0089	0.0042	0.0232	0.0198	0.0090	0.0287	0.0029	0.0102	0.0220	0.0266	0.0277	0.0179	0.0081	0.0138	0.0084	0.0213	0.0074	0.0098	0.0253	0.0039	0.0171	0.0177	0.0073	0.0241	0.0067	0.0313	0.0175	0.0127	0.0267	0.0149	0.0205	0.0136	0.0183	0.0001	0.0140	0.0093	0.0013	0.0062	
0.0181	0.0191	0.0051	0.0194	0.0084	0.0115	0.0096	0.0281	0.0179	0.0270	0.0058	0.0007	0.0227	0.0170	0.0023	0.0030	0.0150	0.0198	0.0205	0.0003	0.0126	0.0126	0.0096	0.0099	0.0163	0.0078	0.0054	0.0150	0.0262	0.0085	0.0034	0.0190	0.0166	0.0230	0.0169	0.0082	0.0250	0.0245	0.0082	0.0141	0.0153	0.0071	0.0008	0.0184	0.0110	0.0183	0.0151	0.0032	0.0098	0.0123	0.0134	0.0186	0.0179	0.0008	0.0211	0.0041	0.0059	0.0253	0.0247	0.0200	0.0056	0.0266	0.0258	0.0144	0.0206	0.0114	0.0155	0.0198	0.0204	0.0228	
0.0044	0.0238	0.0094	0.0268	0.0163	0.0039	0.0131	0.0224	0.0258	0.0038	0.0180	0.0023	0.0054	0.0128	0.0208	0.0106	0.0069	0.0148	0.0050	0.0147	0.0030	0.0048	0.0232	0.0089	0.0166	0.0198	0.0093	0.0165	0.0000	0.0005	0.0059	0.0178	0.0063	0.0133	0.0090	0.0195	0.0118	0.0211	0.0135	0.0132	0.0228	0.0141	0.0226	0.0218	0.0081	0.0033	0.0180	0.0161	0.0208	0.0082	0.0058	0.0008	0.0217	0.0091	0.0196	0.0277	0.0248	0.0319	0.0076	0.0217	0.0234	0.0281	0.0201	0.0291	0.0268	0.0005	0.0272	0.0176	0.0024	0.0029	
0.0268	0.0184	0.0267	0.0139	0.0270	0.0186	0.0103	0.0015	0.0013	0.0205	0.0004	0.0251	0.0239	0.0194	0.0200	0.0045	0.0272	0.0291	0.0214	0.0102	0.0250	0.0120	0.0086	0.0176	0.0187	0.0245	0.0244	0.0255	0.0253	0.0088	0.0064	0.0216	0.0136	0.0145	0.0085	0.0157	0.0017	0.0054	0.0124	0.0021	0.0187	0.0232	0.0257	0.0188	0.0241	0.0013	0.0001	0.0005	0.0044	0.0193	0.0007	0.0005	0.0266	0.0196	0.0074	0.0153	0.0071	0.0116	0.0202	0.0019	0.0224	0.0163	0.0046	0.0238	0.0097	0.0017	0.0114	0.0075	0.0096	0.0077	
0.0032	0.0271	0.0119	0.0194	0.0271	0.0330	0.0145	0.0216	0.0198	0.0300	0.0180	0.0269	0.0186	0.0039	0.0059	0.0061	0.0038	0.0224	0.0078	0.0177	0.0106	0.0202	0.0116	0.0089	0.0069	0.0027	0.0243	0.0049	0.0095	0.0228	0.0192	0.0163	0.0236	0.0207	0.0153	0.0059	0.0184	0.0036	0.0237	0.0050	0.0009	0.0172	0.0148	0.0243	0.0079	0.0264	0.0233	0.0010	0.0194	0.0034	0.0264	0.0177	0.0015	0.0161	0.0296	0.0110	0.0098	0.0020	0.0116	0.0152	0.0090	0.0134	0.0092	0.0322	0.0029	0.0032	0.0048	0.0201	0.0116	0.0014	
0.0179	0.0007	0.0218	0.0267	0.0231	0.0221	0.0050	0.0171	0.0018	0.0134	0.0075	0.0210	0.0172	0.0052	0.0213	0.0011	0.0181	0.0036	0.0247	0.0068	0.0258	0.0150	0.0179	0.0068	0.0010	0.0202	0.0086	0.0162	0.0218	0.0056	0.0217	0.0223	0.0173	0.0133	0.0133	0.0265	0.0260	0.0021	0.0217	0.0053	0.0068	0.0210	0.0280	0.0268	0.0106	0.0170	0.0212	0.0048	0.0049	0.0013	0.0131	0.0008	0.0289	0.0068	0.0053	0.0019	0.0085	0.0185	0.0271	0.0026	0.0125	0.0197	0.0214	0.0270	0.0165	0.0104	0.0043	0.0027	0.0176	0.0278	
0.0045	0.0168	0.0103	0.0205	0.0011	0.0025	0.0173	0.0231	0.0231	0.0150	0.0255	0.0042	0.0128	0.0220	0.0184	0.0209	0.0005	0.0107	0.0075	0.0155	0.0180	0.0095	0.0039	0.0213	0.0222	0.0201	0.0006	0.0025	0.0114	0.0012	0.0145	0.0156	0.0157	0.0059	0.0243	0.0246	0.0201	0.0081	0.0065	0.0024	0.0149	0.0153	0.0216	0.0143	0.0069	0.0079	0.0060	0.0344	0.0069	0.0224	0.0112	0.0247	0.0257	0.0052	0.0083	0.0237	0.0109	0.0224	0.0238	0.0110	0.0016	0.0129	0.0105	0.0264	0.0236	0.0082	0.0211	0.0051	0.0264	0.0262	
0.0034	0.0246	0.0021	0.0050	0.0344	0.0016	0.0187	0.0188	0.0129	0.0183	0.0088	0.0012	0.0262	0.0185	0.0180	0.0210	0.0247	0.0091	0.0284	0.0023	0.0166	0.0002	0.0091	0.0207	0.0011	0.0010	0.0067	0.0375	0.0142	0.0251	0.0161	0.0001	0.0045	0.0125	0.0189	0.0213	0.0262	0.0201	0.0071	0.0086	0.0047	0.0253	0.0068	0.0089	0.0019	0.0008	0.0170	0.0260	0.0053	0.0084	0.0098	0.0104	0.0126	0.0257	0.0099	0.0031	0.0133	0.0135	0.0049	0.0188	0.0324	0.0358	0.0031	0.0148	0.0344	0.0112	0.0350	0.0115	0.0259	0.0031	
0.0244	0.0055	0.0017	0.0161	0.0284	0.0233	0.0220	0.0036	0.0167	0.0007	0.0124	0.0140	0.0223	0.0063	0.0129	0.0086	0.0179	0.0114	0.0041	0.0172	0.0062	0.0126	0.0107	0.0091	0.0103	0.0093	0.0222	0.0222	0.0101	0.0242	0.0026	0.0023	0.0277	0.0007	0.0128	0.0073	0.0086	0.0211	0.0233	0.0120	0.0097	0.0063	0.0182	0.0034	0.0130	0.0108	0.0028	0.0313	0.0352	0.0160	0.0183	0.0145	0.0093	0.0070	0.0239	0.0114	0.0200	0.0271	0.0032	0.0139	0.0000	0.0307	0.0196	0.0305	0.0248	0.0099	0.0173	0.0146	0.0244	0.0080	
0.0259	0.0278	0.0150	0.0153	0.0094	0.0298	0.0222	0.0118	0.0217	0.0025	0.0052	0.0246	0.0190	0.0195	0.0244	0.0138	0.0224	0.0205	0.0033	0.0004	0.0166	0.0139	0.0196	0.0044	0.0141	0.0101	0.0131	0.0194	0.0066	0.0028	0.0271	0.0102	0.0029	0.0156	0.0160	0.0213	0.0017	0.0252	0.0244	0.0173	0.0196	0.0096	0.0247	0.0008	0.0129	0.0045	0.0052	0.0030	0.0302	0.0098	0.0187	0.0253	0.0179	0.0207	0.0215	0.0135	0.0046	0.0107	0.0003	0.0259	0.0148	0.0047	0.0040	0.0223	0.0061	0.0223	0.0208	0.0035	0.0012	0.0043	

Emissions
0.1844	0.0230	0.1845	0.0422	0.2265	0.0835	0.2559	
0.1496	0.2638	0.0791	0.0333	0.1141	0.1271	0.2330	
0.0899	0.3079	0.1321	0.0732	0.2547	0.0183	0.1239	
0.2267	0.1850	0.1965	0.0414	0.1946	0.0983	0.0574	
0.2053	0.1691	0.0914	0.0086	0.0178	0.2618	0.2459	
0.1365	0.0444	0.0671	0.0522	0.2402	0.3105	0.1491	
0.1898	0.1878	0.1755	0.0375	0.2166	0.1147	0.0780	
0.0481	0.3445	0.0676	0.0541	0.2651	0.0551	0.1656	
0.0522	0.2092	0.1290	0.1910	0.2368	0.0367	0.1451	
0.0320	0.2188	0.0160	0.0329	0.3250	0.3747	0.0006	
0.2000	0.2590	0.2499	0.1199	0.1207	0.0173	0.0334	
0.0263	0.0380	0.0159	0.1007	0.3445	0.3312	0.1433	
0.2804	0.0163	0.2522	0.0347	0.2489	0.0827	0.0848	
0.1244	0.1323	0.0855	0.1149	0.1804	0.2218	0.1407	
0.1955	0.1871	0.1785	0.0943	0.1251	0.0870	0.1324	
0.1406	0.1096	0.1923	0.0772	0.1255	0.2734	0.0814	
0.1368	0.2459	0.2116	0.0029	0.1906	0.0729	0.1394	
0.2180	0.0791	0.0183	0.0640	0.3088	0.2179	0.0940	
0.0076	0.1758	0.1420	0.1711	0.1933	0.1801	0.1300	
0.1337	0.0971	0.0855	0.2675	0.3493	0.0200	0.0469	
0.1329	0.2305	0.0921	0.0128	0.1513	0.1820	0.1984	
0.1362	0.1030	0.1016	0.1193	0.1278	0.2477	0.1645	
0.0905	0.4203	0.0553	0.1764	0.1410	0.0055	0.1110	
0.1696	0.1023	0.1224	0.1854	0.2930	0.1070	0.0202	
0.1205	0.3395	0.0810	0.3268	0.0448	0.0199	0.0673	
0.1045	0.1812	0.0661	0.0810	0.3612	0.1092	0.0967	
0.0194	0.2892	0.1742	0.0074	0.2635	0.2421	0.0042	
0.1257	0.0342	0.0621	0.0866	0.0389	0.3299	0.3227	
0.1776	0.2820	0.0498	0.0876	0.0467	0.3232	0.0330	
0.2804	0.1055	0.0530	0.0662	0.3293	0.1529	0.0128	
0.0595	0.4052	0.0112	0.1581	0.1855	0.0084	0.1720	
0.1174	0.3680	0.2213	0.0857	0.0673	0.0302	0.1102	
0.1530	0.0702	0.0935	0.0152	0.2564	0.1566	0.2551	
0.1835	0.0357	0.1907	0.1271	0.2857	0.0955	0.0817	
0.1763	0.1899	0.1408	0.1647	0.0890	0.2386	0.0008	
0.0536	0.0572	0.2037	0.1285	0.2554	0.2225	0.0790	
0.0077	0.1094	0.0311	0.1306	0.2981	0.3344	0.0886	
0.0196	0.3051	0.0481	0.0068	0.3598	0.0487	0.2119	
0.1618	0.0548	0.1061	0.1842	0.2691	0.0914	0.1327	
0.0603	0.0302	0.1286	0.5258	0.0650	0.0426	0.1474	
0.0176	0.2418	0.1314	0.0170	0.2870	0.1298	0.1754	
0.1375	0.1366	0.1227	0.1047	0.1210	0.2425	0.1350	
0.2097	0.1440	0.1572	0.0612	0.2615	0.0727	0.0937	
0.2182	0.0660	0.1023	0.1200	0.1107	0.1553	0.2273	
0.0908	0.3632	0.0234	0.2010	0.2080	0.1114	0.0024	
0.0600	0.2943	0.2729	0.0485	0.2794	0.0191	0.0257	
0.0917	0.2443	0.1658	0.0852	0.1824	0.1687	0.0619	
0.1089	0.1000	0.0867	0.0502	0.3391	0.2872	0.0279	
0.0970	0.0074	0.0679	0.0445	0.3705	0.3207	0.0920	
0.2161	0.2228	0.0639	0.1722	0.0312	0.1238	0.1699	
0.2134	0.4365	0.0508	0.0528	0.0808	0.0403	0.1253	
0.0822	0.2176	0.0438	0.1858	0.2183	0.0689	0.1834	
0.0805	0.1272	0.0380	0.0640	0.2739	0.2302	0.1861	
0.1357	0.1276	0.1309	0.0725	0.1184	0.2747	0.1401	
0.0184	0.1719	0.1294	0.0818	0.1399	0.2560	0.2026	
0.0997	0.0868	0.0323	0.1774	0.2481	0.1141	0.2415	
0.1636	0.0730	0.2289	0.0868	0.0808	0.1426	0.2243	
0.0326	0.0400	0.0759	0.0507	0.3845	0.2871	0.1292	
0.0915	0.0918	0.0787	0.0897	0.1978	0.3548	0.0956	
0.0093	0.5599	0.0680	0.2906	0.0365	0.0320	0.0038	
0.1338	0.0315	0.1835	0.0411	0.1366	0.4148	0.0587	
0.1170	0.0355	0.0903	0.0356	0.1277	0.3037	0.2901	
0.1290	0.1047	0.0696	0.1272	0.2478	0.0387	0.2830	
0.1962	0.1612	0.1410	0.0068	0.2149	0.1803	0.0996	
0.1460	0.1434	0.1785	0.0108	0.0274	0.2381	0.2558	
0.1721	0.1183	0.1420	0.0865	0.2617	0.0258	0.1936	
0.0905	0.0140	0.1384	0.0338	0.3990	0.1615	0.1628	
0.0712	0.4048	0.1709	0.1618	0.0528	0.0007	0.1379	
0.1730	0.0238	0.0743	0.2788	0.2088	0.2314	0.0100	
0.2136	0.1945	0.0291	0.0460	0.2274	0.1165	0.1730	
