DataSet 41
Learner: Baum Welch Learner
Log Likelihood: 68633.5779502730

Number of States: 100
Number of Symbols: 7
Threshold: 0.01

Initial Distribution:
0.0021	0.0079	0.0232	0.0048	0.0148	0.0146	0.0012	0.0005	0.0027	0.0300	0.0169	0.0007	0.0004	0.0126	0.0008	0.0257	0.0087	0.0148	0.0054	0.0298	0.0081	0.0098	0.0244	0.0767	0.0031	0.0024	0.0012	0.0001	0.0074	0.0033	0.0031	0.0012	0.0103	0.0019	0.0075	0.0078	0.0032	0.0002	0.0029	0.0133	0.0037	0.0075	0.0100	0.0103	0.0006	0.0178	0.0026	0.0005	0.0046	0.0019	0.0002	0.0086	0.0026	0.0087	0.0374	0.0015	0.0218	0.0028	0.0097	0.0001	0.0009	0.0002	0.0086	0.0073	0.0028	0.0017	0.0019	0.0077	0.0014	0.0123	0.0125	0.0093	0.0493	0.0071	0.0022	0.0016	0.0021	0.0078	0.0088	0.0176	0.0055	0.0035	0.0012	0.0043	0.0026	0.0164	0.0074	0.0331	0.0028	0.0333	0.0149	0.0459	0.0007	0.0162	0.0032	0.0082	0.0130	0.0417	0.0040	0.0208	

Transitions:
0.0055	0.0010	0.0149	0.0012	0.0145	0.0089	0.0013	0.0085	0.0061	0.0119	0.0048	0.0207	0.0118	0.0056	0.0138	0.0146	0.0128	0.0033	0.0084	0.0116	0.0002	0.0073	0.0068	0.0039	0.0175	0.0082	0.0088	0.0165	0.0132	0.0123	0.0152	0.0107	0.0173	0.0181	0.0075	0.0057	0.0072	0.0054	0.0065	0.0181	0.0121	0.0001	0.0095	0.0145	0.0128	0.0166	0.0073	0.0132	0.0014	0.0195	0.0170	0.0028	0.0062	0.0021	0.0118	0.0130	0.0152	0.0117	0.0054	0.0069	0.0011	0.0040	0.0109	0.0121	0.0015	0.0142	0.0206	0.0118	0.0141	0.0085	0.0079	0.0072	0.0146	0.0118	0.0179	0.0001	0.0142	0.0117	0.0148	0.0160	0.0039	0.0104	0.0166	0.0117	0.0160	0.0112	0.0040	0.0167	0.0049	0.0132	0.0099	0.0089	0.0001	0.0177	0.0131	0.0083	0.0049	0.0004	0.0114	0.0148	
0.0224	0.0121	0.0005	0.0106	0.0076	0.0112	0.0066	0.0159	0.0028	0.0092	0.0008	0.0017	0.0199	0.0110	0.0039	0.0077	0.0088	0.0165	0.0145	0.0111	0.0099	0.0026	0.0086	0.0029	0.0194	0.0108	0.0071	0.0215	0.0158	0.0089	0.0158	0.0165	0.0001	0.0172	0.0130	0.0096	0.0096	0.0045	0.0054	0.0051	0.0052	0.0123	0.0110	0.0138	0.0127	0.0091	0.0001	0.0086	0.0148	0.0070	0.0010	0.0047	0.0050	0.0025	0.0066	0.0159	0.0051	0.0150	0.0142	0.0190	0.0062	0.0083	0.0144	0.0138	0.0162	0.0063	0.0017	0.0177	0.0117	0.0126	0.0162	0.0037	0.0131	0.0117	0.0048	0.0204	0.0086	0.0140	0.0128	0.0076	0.0120	0.0161	0.0036	0.0079	0.0094	0.0095	0.0093	0.0174	0.0103	0.0001	0.0049	0.0092	0.0122	0.0061	0.0176	0.0195	0.0112	0.0004	0.0145	0.0047	
0.0084	0.0009	0.0141	0.0016	0.0060	0.0156	0.0111	0.0150	0.0179	0.0071	0.0067	0.0102	0.0058	0.0063	0.0081	0.0064	0.0049	0.0063	0.0034	0.0100	0.0167	0.0036	0.0081	0.0098	0.0084	0.0036	0.0168	0.0139	0.0116	0.0080	0.0055	0.0099	0.0009	0.0075	0.0171	0.0092	0.0193	0.0021	0.0016	0.0110	0.0224	0.0177	0.0001	0.0006	0.0142	0.0139	0.0125	0.0054	0.0188	0.0110	0.0164	0.0044	0.0190	0.0046	0.0077	0.0063	0.0088	0.0034	0.0168	0.0064	0.0042	0.0022	0.0006	0.0111	0.0034	0.0257	0.0127	0.0183	0.0063	0.0161	0.0089	0.0030	0.0046	0.0107	0.0112	0.0205	0.0038	0.0083	0.0001	0.0102	0.0108	0.0097	0.0116	0.0026	0.0156	0.0175	0.0098	0.0126	0.0199	0.0105	0.0212	0.0141	0.0075	0.0148	0.0097	0.0175	0.0136	0.0077	0.0184	0.0120	
0.0081	0.0138	0.0106	0.0037	0.0001	0.0094	0.0178	0.0065	0.0114	0.0101	0.0005	0.0035	0.0056	0.0020	0.0141	0.0121	0.0166	0.0164	0.0142	0.0050	0.0059	0.0118	0.0014	0.0062	0.0180	0.0153	0.0177	0.0173	0.0043	0.0160	0.0242	0.0178	0.0119	0.0053	0.0044	0.0151	0.0083	0.0062	0.0033	0.0068	0.0013	0.0085	0.0022	0.0009	0.0165	0.0134	0.0169	0.0052	0.0031	0.0137	0.0021	0.0159	0.0206	0.0132	0.0074	0.0169	0.0135	0.0060	0.0078	0.0091	0.0171	0.0082	0.0007	0.0191	0.0137	0.0110	0.0130	0.0178	0.0163	0.0135	0.0050	0.0087	0.0128	0.0087	0.0038	0.0212	0.0105	0.0005	0.0148	0.0014	0.0010	0.0096	0.0093	0.0102	0.0159	0.0008	0.0152	0.0009	0.0172	0.0126	0.0043	0.0018	0.0267	0.0144	0.0130	0.0148	0.0048	0.0054	0.0073	0.0039	
0.0053	0.0139	0.0050	0.0062	0.0037	0.0128	0.0034	0.0115	0.0073	0.0090	0.0028	0.0124	0.0197	0.0059	0.0064	0.0026	0.0240	0.0076	0.0026	0.0149	0.0127	0.0091	0.0037	0.0026	0.0116	0.0036	0.0136	0.0359	0.0160	0.0109	0.0142	0.0070	0.0144	0.0104	0.0138	0.0058	0.0010	0.0016	0.0103	0.0023	0.0198	0.0084	0.0123	0.0036	0.0099	0.0101	0.0173	0.0131	0.0114	0.0104	0.0186	0.0164	0.0038	0.0147	0.0112	0.0221	0.0102	0.0040	0.0182	0.0040	0.0009	0.0041	0.0123	0.0206	0.0005	0.0301	0.0226	0.0008	0.0095	0.0162	0.0021	0.0164	0.0005	0.0004	0.0184	0.0039	0.0172	0.0004	0.0123	0.0001	0.0094	0.0193	0.0112	0.0062	0.0180	0.0149	0.0018	0.0020	0.0166	0.0020	0.0186	0.0119	0.0089	0.0042	0.0017	0.0145	0.0105	0.0134	0.0033	0.0055	
0.0152	0.0110	0.0022	0.0100	0.0045	0.0140	0.0172	0.0032	0.0127	0.0095	0.0174	0.0105	0.0137	0.0155	0.0129	0.0006	0.0162	0.0050	0.0013	0.0078	0.0172	0.0144	0.0073	0.0042	0.0024	0.0064	0.0141	0.0203	0.0189	0.0037	0.0093	0.0013	0.0176	0.0041	0.0054	0.0155	0.0142	0.0213	0.0013	0.0012	0.0156	0.0206	0.0065	0.0004	0.0042	0.0053	0.0075	0.0098	0.0119	0.0006	0.0211	0.0082	0.0158	0.0153	0.0117	0.0198	0.0042	0.0143	0.0097	0.0233	0.0026	0.0019	0.0033	0.0116	0.0040	0.0213	0.0140	0.0056	0.0082	0.0134	0.0034	0.0160	0.0036	0.0004	0.0125	0.0183	0.0077	0.0062	0.0024	0.0150	0.0193	0.0026	0.0044	0.0146	0.0056	0.0200	0.0064	0.0028	0.0103	0.0088	0.0123	0.0003	0.0109	0.0011	0.0189	0.0143	0.0119	0.0151	0.0176	0.0048	
0.0167	0.0004	0.0020	0.0180	0.0143	0.0015	0.0056	0.0155	0.0017	0.0131	0.0093	0.0218	0.0151	0.0144	0.0000	0.0192	0.0205	0.0045	0.0055	0.0059	0.0108	0.0090	0.0175	0.0132	0.0014	0.0030	0.0097	0.0040	0.0016	0.0178	0.0019	0.0133	0.0109	0.0173	0.0025	0.0212	0.0007	0.0066	0.0021	0.0046	0.0158	0.0158	0.0010	0.0134	0.0001	0.0150	0.0077	0.0127	0.0012	0.0213	0.0156	0.0088	0.0128	0.0101	0.0175	0.0037	0.0042	0.0029	0.0162	0.0140	0.0159	0.0017	0.0098	0.0022	0.0166	0.0184	0.0075	0.0180	0.0087	0.0006	0.0186	0.0137	0.0032	0.0019	0.0116	0.0191	0.0084	0.0053	0.0222	0.0052	0.0191	0.0122	0.0025	0.0023	0.0052	0.0127	0.0014	0.0009	0.0186	0.0207	0.0145	0.0108	0.0115	0.0091	0.0099	0.0143	0.0011	0.0231	0.0147	0.0031	
0.0127	0.0077	0.0065	0.0006	0.0002	0.0036	0.0077	0.0103	0.0181	0.0003	0.0170	0.0251	0.0038	0.0138	0.0167	0.0013	0.0224	0.0086	0.0177	0.0049	0.0165	0.0055	0.0220	0.0080	0.0069	0.0007	0.0013	0.0157	0.0124	0.0165	0.0178	0.0094	0.0097	0.0180	0.0143	0.0098	0.0064	0.0016	0.0026	0.0014	0.0059	0.0162	0.0012	0.0209	0.0030	0.0164	0.0172	0.0161	0.0146	0.0107	0.0140	0.0097	0.0025	0.0110	0.0079	0.0037	0.0099	0.0176	0.0160	0.0194	0.0032	0.0143	0.0142	0.0011	0.0054	0.0081	0.0124	0.0075	0.0150	0.0076	0.0160	0.0231	0.0070	0.0177	0.0199	0.0034	0.0041	0.0018	0.0111	0.0096	0.0076	0.0023	0.0018	0.0022	0.0055	0.0045	0.0058	0.0206	0.0089	0.0129	0.0002	0.0069	0.0069	0.0031	0.0174	0.0154	0.0159	0.0006	0.0131	0.0163	
0.0083	0.0063	0.0020	0.0053	0.0092	0.0144	0.0043	0.0081	0.0111	0.0030	0.0003	0.0079	0.0092	0.0077	0.0154	0.0004	0.0130	0.0124	0.0150	0.0008	0.0008	0.0111	0.0193	0.0029	0.0079	0.0038	0.0149	0.0076	0.0179	0.0054	0.0092	0.0045	0.0089	0.0160	0.0016	0.0171	0.0166	0.0215	0.0120	0.0110	0.0003	0.0007	0.0044	0.0046	0.0130	0.0118	0.0082	0.0193	0.0105	0.0221	0.0037	0.0003	0.0058	0.0133	0.0105	0.0182	0.0073	0.0160	0.0223	0.0140	0.0052	0.0205	0.0070	0.0081	0.0149	0.0249	0.0252	0.0114	0.0045	0.0131	0.0010	0.0160	0.0049	0.0070	0.0005	0.0001	0.0070	0.0140	0.0140	0.0125	0.0175	0.0129	0.0190	0.0164	0.0032	0.0078	0.0164	0.0144	0.0002	0.0073	0.0111	0.0011	0.0222	0.0173	0.0056	0.0011	0.0093	0.0173	0.0081	0.0093	
0.0153	0.0133	0.0081	0.0122	0.0103	0.0068	0.0115	0.0215	0.0105	0.0099	0.0063	0.0114	0.0055	0.0050	0.0139	0.0074	0.0050	0.0077	0.0035	0.0091	0.0188	0.0021	0.0093	0.0097	0.0018	0.0238	0.0204	0.0131	0.0016	0.0198	0.0087	0.0106	0.0079	0.0006	0.0142	0.0015	0.0138	0.0272	0.0039	0.0143	0.0142	0.0012	0.0037	0.0060	0.0006	0.0147	0.0228	0.0125	0.0046	0.0141	0.0213	0.0030	0.0158	0.0176	0.0095	0.0188	0.0031	0.0133	0.0162	0.0235	0.0091	0.0050	0.0146	0.0129	0.0047	0.0279	0.0059	0.0023	0.0071	0.0092	0.0114	0.0050	0.0038	0.0078	0.0159	0.0172	0.0164	0.0038	0.0118	0.0031	0.0004	0.0077	0.0038	0.0068	0.0034	0.0042	0.0124	0.0077	0.0053	0.0045	0.0174	0.0155	0.0051	0.0046	0.0075	0.0080	0.0032	0.0073	0.0254	0.0011	
0.0142	0.0143	0.0044	0.0133	0.0145	0.0085	0.0188	0.0063	0.0190	0.0001	0.0140	0.0219	0.0020	0.0113	0.0185	0.0009	0.0024	0.0059	0.0083	0.0018	0.0042	0.0130	0.0168	0.0003	0.0146	0.0146	0.0030	0.0004	0.0023	0.0085	0.0116	0.0070	0.0053	0.0150	0.0099	0.0038	0.0039	0.0099	0.0136	0.0143	0.0077	0.0092	0.0109	0.0041	0.0139	0.0177	0.0184	0.0135	0.0080	0.0058	0.0059	0.0159	0.0025	0.0160	0.0158	0.0203	0.0158	0.0040	0.0014	0.0012	0.0070	0.0173	0.0030	0.0115	0.0082	0.0071	0.0182	0.0079	0.0187	0.0140	0.0165	0.0146	0.0119	0.0144	0.0140	0.0171	0.0020	0.0134	0.0079	0.0133	0.0190	0.0101	0.0144	0.0154	0.0040	0.0118	0.0041	0.0063	0.0179	0.0096	0.0054	0.0001	0.0073	0.0108	0.0071	0.0108	0.0048	0.0009	0.0154	0.0065	
0.0048	0.0081	0.0123	0.0155	0.0064	0.0107	0.0029	0.0077	0.0029	0.0019	0.0158	0.0049	0.0177	0.0073	0.0024	0.0159	0.0058	0.0052	0.0062	0.0162	0.0014	0.0072	0.0116	0.0050	0.0088	0.0141	0.0057	0.0055	0.0083	0.0046	0.0111	0.0013	0.0176	0.0016	0.0086	0.0090	0.0134	0.0159	0.0098	0.0131	0.0107	0.0204	0.0025	0.0142	0.0167	0.0013	0.0047	0.0007	0.0087	0.0095	0.0041	0.0151	0.0165	0.0177	0.0043	0.0141	0.0183	0.0059	0.0079	0.0115	0.0078	0.0190	0.0142	0.0189	0.0124	0.0174	0.0061	0.0135	0.0146	0.0124	0.0028	0.0103	0.0144	0.0148	0.0057	0.0039	0.0045	0.0183	0.0149	0.0057	0.0136	0.0040	0.0185	0.0168	0.0013	0.0119	0.0056	0.0201	0.0161	0.0147	0.0098	0.0051	0.0087	0.0172	0.0045	0.0125	0.0169	0.0057	0.0008	0.0156	
0.0199	0.0075	0.0044	0.0150	0.0044	0.0122	0.0014	0.0221	0.0122	0.0008	0.0108	0.0252	0.0129	0.0028	0.0185	0.0021	0.0015	0.0146	0.0155	0.0006	0.0091	0.0051	0.0157	0.0015	0.0033	0.0107	0.0016	0.0201	0.0101	0.0116	0.0046	0.0188	0.0185	0.0184	0.0086	0.0035	0.0001	0.0019	0.0166	0.0071	0.0117	0.0084	0.0053	0.0157	0.0033	0.0103	0.0205	0.0048	0.0002	0.0026	0.0118	0.0004	0.0100	0.0002	0.0073	0.0097	0.0108	0.0020	0.0121	0.0115	0.0144	0.0021	0.0072	0.0215	0.0174	0.0128	0.0023	0.0146	0.0118	0.0149	0.0025	0.0238	0.0032	0.0098	0.0098	0.0026	0.0176	0.0021	0.0220	0.0106	0.0171	0.0170	0.0249	0.0061	0.0029	0.0033	0.0080	0.0167	0.0084	0.0172	0.0097	0.0099	0.0092	0.0024	0.0125	0.0093	0.0160	0.0064	0.0184	0.0113	
0.0121	0.0026	0.0145	0.0058	0.0175	0.0103	0.0186	0.0221	0.0097	0.0050	0.0131	0.0118	0.0021	0.0011	0.0182	0.0161	0.0032	0.0020	0.0161	0.0144	0.0013	0.0045	0.0069	0.0107	0.0031	0.0040	0.0124	0.0025	0.0190	0.0015	0.0058	0.0136	0.0041	0.0109	0.0013	0.0135	0.0033	0.0152	0.0102	0.0141	0.0091	0.0150	0.0071	0.0021	0.0089	0.0023	0.0200	0.0088	0.0068	0.0184	0.0069	0.0151	0.0116	0.0054	0.0093	0.0058	0.0150	0.0207	0.0038	0.0171	0.0016	0.0152	0.0009	0.0097	0.0011	0.0220	0.0075	0.0137	0.0199	0.0031	0.0139	0.0116	0.0122	0.0055	0.0055	0.0096	0.0168	0.0051	0.0075	0.0003	0.0084	0.0010	0.0197	0.0018	0.0171	0.0102	0.0028	0.0193	0.0239	0.0156	0.0158	0.0037	0.0106	0.0142	0.0111	0.0174	0.0114	0.0193	0.0009	0.0092	
0.0184	0.0033	0.0084	0.0035	0.0007	0.0127	0.0010	0.0045	0.0001	0.0006	0.0076	0.0125	0.0139	0.0031	0.0080	0.0004	0.0187	0.0138	0.0110	0.0106	0.0159	0.0066	0.0111	0.0020	0.0064	0.0077	0.0229	0.0016	0.0138	0.0094	0.0171	0.0183	0.0039	0.0189	0.0031	0.0029	0.0099	0.0116	0.0010	0.0206	0.0096	0.0203	0.0133	0.0191	0.0089	0.0052	0.0133	0.0053	0.0048	0.0104	0.0160	0.0097	0.0066	0.0083	0.0101	0.0077	0.0102	0.0057	0.0172	0.0115	0.0169	0.0190	0.0065	0.0088	0.0039	0.0107	0.0078	0.0131	0.0158	0.0044	0.0077	0.0072	0.0130	0.0122	0.0017	0.0184	0.0088	0.0128	0.0161	0.0168	0.0174	0.0125	0.0188	0.0043	0.0155	0.0037	0.0093	0.0134	0.0058	0.0135	0.0094	0.0031	0.0133	0.0089	0.0032	0.0099	0.0079	0.0091	0.0131	0.0155	
0.0189	0.0147	0.0039	0.0001	0.0005	0.0076	0.0109	0.0135	0.0065	0.0108	0.0147	0.0147	0.0152	0.0151	0.0127	0.0020	0.0030	0.0035	0.0115	0.0002	0.0171	0.0103	0.0068	0.0022	0.0109	0.0036	0.0125	0.0122	0.0085	0.0123	0.0078	0.0241	0.0158	0.0182	0.0150	0.0145	0.0041	0.0210	0.0051	0.0060	0.0091	0.0177	0.0053	0.0102	0.0139	0.0097	0.0187	0.0141	0.0160	0.0004	0.0073	0.0051	0.0177	0.0150	0.0121	0.0099	0.0075	0.0025	0.0064	0.0236	0.0155	0.0053	0.0027	0.0145	0.0061	0.0253	0.0185	0.0102	0.0201	0.0099	0.0123	0.0048	0.0134	0.0049	0.0103	0.0167	0.0053	0.0144	0.0056	0.0003	0.0056	0.0151	0.0118	0.0070	0.0055	0.0018	0.0027	0.0034	0.0197	0.0088	0.0095	0.0014	0.0126	0.0052	0.0121	0.0029	0.0102	0.0069	0.0038	0.0076	
0.0164	0.0041	0.0142	0.0025	0.0024	0.0176	0.0064	0.0123	0.0032	0.0012	0.0018	0.0138	0.0169	0.0067	0.0107	0.0151	0.0148	0.0120	0.0094	0.0055	0.0167	0.0135	0.0119	0.0057	0.0042	0.0135	0.0188	0.0135	0.0145	0.0067	0.0015	0.0155	0.0142	0.0123	0.0055	0.0023	0.0047	0.0094	0.0071	0.0068	0.0168	0.0130	0.0011	0.0182	0.0113	0.0168	0.0070	0.0030	0.0165	0.0162	0.0095	0.0027	0.0009	0.0166	0.0002	0.0001	0.0123	0.0064	0.0187	0.0072	0.0028	0.0139	0.0143	0.0169	0.0002	0.0069	0.0202	0.0040	0.0002	0.0083	0.0109	0.0051	0.0062	0.0038	0.0094	0.0051	0.0122	0.0146	0.0196	0.0054	0.0099	0.0136	0.0189	0.0169	0.0185	0.0181	0.0125	0.0166	0.0115	0.0060	0.0088	0.0131	0.0110	0.0195	0.0034	0.0029	0.0134	0.0053	0.0168	0.0032	
0.0005	0.0021	0.0018	0.0067	0.0021	0.0044	0.0139	0.0203	0.0072	0.0110	0.0066	0.0168	0.0118	0.0138	0.0173	0.0064	0.0180	0.0161	0.0177	0.0017	0.0124	0.0013	0.0128	0.0082	0.0181	0.0137	0.0142	0.0102	0.0003	0.0063	0.0118	0.0090	0.0172	0.0145	0.0040	0.0058	0.0089	0.0114	0.0200	0.0145	0.0029	0.0187	0.0068	0.0169	0.0186	0.0106	0.0132	0.0169	0.0016	0.0165	0.0073	0.0131	0.0076	0.0163	0.0077	0.0227	0.0092	0.0076	0.0096	0.0120	0.0117	0.0080	0.0143	0.0018	0.0043	0.0269	0.0221	0.0119	0.0084	0.0091	0.0154	0.0065	0.0011	0.0045	0.0183	0.0165	0.0122	0.0139	0.0129	0.0059	0.0017	0.0158	0.0069	0.0042	0.0004	0.0146	0.0006	0.0019	0.0043	0.0057	0.0170	0.0010	0.0002	0.0054	0.0031	0.0157	0.0005	0.0054	0.0131	0.0104	
0.0149	0.0164	0.0049	0.0096	0.0103	0.0180	0.0143	0.0032	0.0135	0.0106	0.0048	0.0129	0.0208	0.0027	0.0087	0.0098	0.0016	0.0096	0.0013	0.0115	0.0200	0.0149	0.0093	0.0013	0.0130	0.0180	0.0076	0.0225	0.0014	0.0036	0.0167	0.0097	0.0052	0.0169	0.0102	0.0032	0.0065	0.0194	0.0122	0.0015	0.0194	0.0202	0.0047	0.0089	0.0008	0.0041	0.0105	0.0161	0.0183	0.0109	0.0161	0.0076	0.0055	0.0000	0.0143	0.0179	0.0088	0.0051	0.0195	0.0244	0.0144	0.0000	0.0009	0.0136	0.0014	0.0248	0.0084	0.0152	0.0084	0.0039	0.0044	0.0058	0.0011	0.0000	0.0127	0.0009	0.0108	0.0009	0.0015	0.0072	0.0083	0.0087	0.0197	0.0089	0.0107	0.0053	0.0027	0.0047	0.0186	0.0187	0.0142	0.0011	0.0242	0.0093	0.0093	0.0199	0.0120	0.0126	0.0073	0.0017	
0.0203	0.0106	0.0098	0.0119	0.0036	0.0065	0.0088	0.0054	0.0072	0.0162	0.0039	0.0091	0.0059	0.0110	0.0117	0.0021	0.0024	0.0087	0.0021	0.0168	0.0163	0.0019	0.0174	0.0081	0.0105	0.0034	0.0115	0.0122	0.0117	0.0146	0.0041	0.0190	0.0168	0.0214	0.0098	0.0162	0.0009	0.0059	0.0099	0.0032	0.0190	0.0201	0.0190	0.0178	0.0164	0.0068	0.0202	0.0071	0.0002	0.0078	0.0199	0.0082	0.0127	0.0089	0.0076	0.0188	0.0099	0.0196	0.0036	0.0008	0.0190	0.0177	0.0131	0.0139	0.0146	0.0060	0.0166	0.0067	0.0003	0.0149	0.0016	0.0187	0.0010	0.0185	0.0004	0.0171	0.0034	0.0018	0.0161	0.0026	0.0061	0.0035	0.0134	0.0038	0.0191	0.0144	0.0068	0.0049	0.0124	0.0117	0.0045	0.0023	0.0017	0.0078	0.0056	0.0229	0.0042	0.0045	0.0029	0.0105	
0.0138	0.0088	0.0054	0.0062	0.0036	0.0148	0.0062	0.0116	0.0077	0.0087	0.0107	0.0105	0.0037	0.0003	0.0145	0.0115	0.0064	0.0074	0.0125	0.0177	0.0169	0.0069	0.0133	0.0037	0.0085	0.0159	0.0167	0.0153	0.0130	0.0011	0.0112	0.0172	0.0179	0.0053	0.0075	0.0125	0.0149	0.0035	0.0204	0.0186	0.0096	0.0157	0.0130	0.0165	0.0022	0.0123	0.0194	0.0012	0.0113	0.0100	0.0125	0.0118	0.0112	0.0027	0.0094	0.0053	0.0128	0.0002	0.0178	0.0054	0.0028	0.0113	0.0130	0.0077	0.0008	0.0143	0.0120	0.0167	0.0097	0.0007	0.0154	0.0033	0.0073	0.0130	0.0088	0.0020	0.0103	0.0164	0.0034	0.0112	0.0004	0.0134	0.0020	0.0036	0.0083	0.0141	0.0057	0.0138	0.0131	0.0028	0.0159	0.0109	0.0042	0.0123	0.0158	0.0166	0.0150	0.0071	0.0154	0.0071	
0.0049	0.0008	0.0072	0.0110	0.0086	0.0088	0.0044	0.0197	0.0126	0.0075	0.0132	0.0186	0.0259	0.0063	0.0056	0.0068	0.0122	0.0116	0.0194	0.0045	0.0071	0.0138	0.0049	0.0047	0.0024	0.0016	0.0217	0.0243	0.0189	0.0126	0.0042	0.0041	0.0019	0.0171	0.0078	0.0176	0.0037	0.0135	0.0168	0.0219	0.0141	0.0134	0.0024	0.0038	0.0108	0.0012	0.0002	0.0197	0.0092	0.0095	0.0082	0.0049	0.0115	0.0132	0.0013	0.0118	0.0157	0.0026	0.0106	0.0129	0.0119	0.0083	0.0155	0.0010	0.0060	0.0150	0.0193	0.0009	0.0172	0.0053	0.0044	0.0002	0.0159	0.0197	0.0124	0.0175	0.0120	0.0013	0.0166	0.0009	0.0013	0.0203	0.0100	0.0088	0.0066	0.0191	0.0122	0.0084	0.0163	0.0189	0.0035	0.0009	0.0012	0.0025	0.0108	0.0050	0.0113	0.0016	0.0203	0.0128	
0.0071	0.0185	0.0021	0.0029	0.0027	0.0061	0.0060	0.0126	0.0005	0.0060	0.0181	0.0164	0.0060	0.0087	0.0095	0.0095	0.0217	0.0071	0.0147	0.0086	0.0188	0.0061	0.0070	0.0130	0.0024	0.0037	0.0221	0.0206	0.0102	0.0076	0.0007	0.0121	0.0047	0.0216	0.0142	0.0021	0.0172	0.0060	0.0090	0.0225	0.0132	0.0035	0.0087	0.0075	0.0027	0.0084	0.0203	0.0128	0.0146	0.0223	0.0058	0.0076	0.0081	0.0090	0.0020	0.0001	0.0119	0.0052	0.0008	0.0230	0.0081	0.0090	0.0012	0.0140	0.0065	0.0080	0.0119	0.0060	0.0146	0.0069	0.0117	0.0151	0.0175	0.0157	0.0174	0.0146	0.0170	0.0001	0.0153	0.0134	0.0074	0.0072	0.0043	0.0092	0.0027	0.0139	0.0036	0.0159	0.0195	0.0146	0.0094	0.0110	0.0052	0.0084	0.0136	0.0042	0.0017	0.0153	0.0007	0.0142	
0.0147	0.0089	0.0145	0.0047	0.0043	0.0080	0.0061	0.0124	0.0126	0.0067	0.0028	0.0097	0.0206	0.0059	0.0152	0.0001	0.0041	0.0092	0.0088	0.0101	0.0035	0.0129	0.0054	0.0142	0.0129	0.0004	0.0122	0.0186	0.0021	0.0143	0.0117	0.0011	0.0209	0.0201	0.0133	0.0105	0.0075	0.0276	0.0052	0.0083	0.0069	0.0090	0.0048	0.0070	0.0095	0.0144	0.0018	0.0258	0.0120	0.0131	0.0274	0.0109	0.0052	0.0068	0.0062	0.0077	0.0012	0.0003	0.0122	0.0080	0.0002	0.0115	0.0094	0.0196	0.0109	0.0030	0.0161	0.0137	0.0141	0.0161	0.0092	0.0056	0.0036	0.0136	0.0063	0.0114	0.0090	0.0159	0.0045	0.0121	0.0135	0.0149	0.0208	0.0088	0.0125	0.0006	0.0128	0.0064	0.0092	0.0045	0.0138	0.0104	0.0060	0.0148	0.0177	0.0099	0.0015	0.0019	0.0157	0.0064	
0.0067	0.0086	0.0043	0.0187	0.0001	0.0103	0.0040	0.0079	0.0005	0.0006	0.0133	0.0030	0.0182	0.0121	0.0083	0.0063	0.0227	0.0172	0.0052	0.0160	0.0067	0.0008	0.0056	0.0006	0.0039	0.0048	0.0015	0.0130	0.0070	0.0168	0.0108	0.0064	0.0077	0.0199	0.0118	0.0088	0.0072	0.0204	0.0122	0.0032	0.0194	0.0112	0.0093	0.0063	0.0213	0.0099	0.0179	0.0139	0.0115	0.0055	0.0115	0.0025	0.0248	0.0172	0.0031	0.0048	0.0043	0.0041	0.0162	0.0189	0.0119	0.0154	0.0167	0.0035	0.0120	0.0105	0.0180	0.0164	0.0172	0.0179	0.0177	0.0027	0.0081	0.0027	0.0196	0.0192	0.0099	0.0001	0.0039	0.0122	0.0118	0.0058	0.0233	0.0019	0.0083	0.0069	0.0051	0.0111	0.0152	0.0094	0.0043	0.0024	0.0025	0.0145	0.0134	0.0034	0.0082	0.0084	0.0149	0.0072	
0.0192	0.0156	0.0128	0.0104	0.0036	0.0068	0.0134	0.0205	0.0159	0.0045	0.0140	0.0045	0.0004	0.0035	0.0043	0.0030	0.0168	0.0142	0.0148	0.0056	0.0030	0.0031	0.0024	0.0049	0.0161	0.0143	0.0005	0.0193	0.0095	0.0132	0.0081	0.0016	0.0063	0.0153	0.0126	0.0117	0.0072	0.0092	0.0207	0.0001	0.0146	0.0096	0.0104	0.0077	0.0160	0.0004	0.0042	0.0171	0.0106	0.0102	0.0093	0.0089	0.0144	0.0084	0.0045	0.0134	0.0148	0.0087	0.0181	0.0110	0.0078	0.0194	0.0059	0.0037	0.0176	0.0175	0.0222	0.0050	0.0065	0.0102	0.0142	0.0072	0.0005	0.0156	0.0114	0.0170	0.0100	0.0137	0.0137	0.0130	0.0117	0.0017	0.0052	0.0006	0.0071	0.0156	0.0070	0.0159	0.0100	0.0033	0.0167	0.0106	0.0130	0.0065	0.0131	0.0168	0.0007	0.0092	0.0080	0.0003	
0.0032	0.0147	0.0129	0.0205	0.0110	0.0011	0.0132	0.0193	0.0157	0.0081	0.0016	0.0001	0.0167	0.0036	0.0202	0.0047	0.0150	0.0054	0.0155	0.0047	0.0050	0.0003	0.0150	0.0024	0.0172	0.0137	0.0201	0.0166	0.0023	0.0152	0.0149	0.0018	0.0080	0.0166	0.0102	0.0145	0.0099	0.0048	0.0091	0.0063	0.0043	0.0140	0.0005	0.0194	0.0022	0.0162	0.0055	0.0068	0.0095	0.0093	0.0013	0.0122	0.0158	0.0026	0.0148	0.0021	0.0020	0.0092	0.0069	0.0177	0.0060	0.0188	0.0116	0.0001	0.0185	0.0216	0.0159	0.0003	0.0110	0.0048	0.0149	0.0115	0.0147	0.0107	0.0008	0.0149	0.0200	0.0191	0.0023	0.0148	0.0132	0.0087	0.0064	0.0131	0.0167	0.0183	0.0073	0.0051	0.0197	0.0086	0.0103	0.0012	0.0179	0.0117	0.0002	0.0068	0.0161	0.0006	0.0001	0.0020	
0.0077	0.0038	0.0159	0.0051	0.0111	0.0111	0.0183	0.0027	0.0022	0.0021	0.0025	0.0055	0.0085	0.0136	0.0053	0.0161	0.0147	0.0005	0.0050	0.0195	0.0124	0.0078	0.0018	0.0017	0.0196	0.0128	0.0158	0.0115	0.0121	0.0156	0.0206	0.0247	0.0196	0.0003	0.0100	0.0090	0.0135	0.0009	0.0023	0.0045	0.0055	0.0092	0.0025	0.0193	0.0096	0.0074	0.0232	0.0062	0.0092	0.0041	0.0174	0.0154	0.0233	0.0018	0.0103	0.0203	0.0027	0.0165	0.0122	0.0264	0.0004	0.0092	0.0099	0.0092	0.0083	0.0045	0.0080	0.0063	0.0021	0.0175	0.0051	0.0153	0.0149	0.0007	0.0172	0.0052	0.0054	0.0071	0.0196	0.0059	0.0203	0.0058	0.0009	0.0074	0.0015	0.0205	0.0027	0.0173	0.0109	0.0120	0.0053	0.0113	0.0121	0.0024	0.0041	0.0185	0.0151	0.0164	0.0104	0.0032	
0.0025	0.0094	0.0033	0.0096	0.0133	0.0014	0.0174	0.0179	0.0067	0.0049	0.0130	0.0177	0.0210	0.0062	0.0024	0.0118	0.0076	0.0034	0.0059	0.0073	0.0004	0.0082	0.0164	0.0065	0.0126	0.0049	0.0025	0.0190	0.0171	0.0154	0.0096	0.0097	0.0170	0.0135	0.0027	0.0059	0.0010	0.0114	0.0110	0.0218	0.0022	0.0084	0.0074	0.0027	0.0193	0.0079	0.0035	0.0036	0.0196	0.0097	0.0107	0.0090	0.0102	0.0021	0.0022	0.0134	0.0138	0.0135	0.0195	0.0135	0.0212	0.0011	0.0150	0.0111	0.0167	0.0056	0.0226	0.0030	0.0024	0.0150	0.0125	0.0173	0.0117	0.0065	0.0046	0.0144	0.0005	0.0123	0.0121	0.0026	0.0022	0.0183	0.0190	0.0067	0.0077	0.0177	0.0164	0.0137	0.0113	0.0101	0.0114	0.0045	0.0133	0.0159	0.0004	0.0012	0.0075	0.0182	0.0049	0.0098	
0.0125	0.0197	0.0009	0.0041	0.0104	0.0136	0.0181	0.0038	0.0167	0.0071	0.0124	0.0004	0.0021	0.0193	0.0126	0.0006	0.0056	0.0092	0.0030	0.0008	0.0057	0.0043	0.0141	0.0073	0.0042	0.0077	0.0064	0.0299	0.0066	0.0039	0.0052	0.0033	0.0101	0.0226	0.0115	0.0022	0.0162	0.0181	0.0200	0.0178	0.0006	0.0216	0.0163	0.0012	0.0224	0.0115	0.0084	0.0167	0.0069	0.0258	0.0226	0.0159	0.0203	0.0045	0.0064	0.0066	0.0079	0.0090	0.0007	0.0111	0.0102	0.0221	0.0149	0.0170	0.0057	0.0160	0.0155	0.0016	0.0029	0.0082	0.0036	0.0128	0.0134	0.0093	0.0002	0.0103	0.0073	0.0114	0.0141	0.0118	0.0007	0.0103	0.0161	0.0055	0.0083	0.0057	0.0064	0.0050	0.0143	0.0089	0.0165	0.0049	0.0179	0.0058	0.0078	0.0020	0.0004	0.0041	0.0196	0.0050	
0.0010	0.0037	0.0106	0.0166	0.0118	0.0043	0.0031	0.0079	0.0031	0.0004	0.0164	0.0177	0.0168	0.0096	0.0071	0.0149	0.0071	0.0083	0.0060	0.0009	0.0029	0.0052	0.0097	0.0085	0.0150	0.0132	0.0211	0.0112	0.0015	0.0158	0.0076	0.0031	0.0155	0.0068	0.0086	0.0150	0.0147	0.0145	0.0118	0.0024	0.0018	0.0220	0.0012	0.0112	0.0115	0.0164	0.0153	0.0024	0.0185	0.0089	0.0153	0.0081	0.0193	0.0130	0.0040	0.0139	0.0137	0.0183	0.0041	0.0002	0.0056	0.0133	0.0043	0.0054	0.0126	0.0164	0.0224	0.0071	0.0167	0.0102	0.0016	0.0132	0.0153	0.0042	0.0183	0.0033	0.0039	0.0175	0.0040	0.0135	0.0021	0.0161	0.0130	0.0105	0.0037	0.0164	0.0044	0.0018	0.0019	0.0150	0.0017	0.0103	0.0109	0.0097	0.0156	0.0091	0.0119	0.0165	0.0173	0.0125	
0.0273	0.0060	0.0033	0.0092	0.0056	0.0026	0.0125	0.0179	0.0156	0.0014	0.0111	0.0197	0.0214	0.0126	0.0210	0.0082	0.0016	0.0126	0.0018	0.0203	0.0109	0.0188	0.0073	0.0022	0.0126	0.0040	0.0029	0.0135	0.0086	0.0111	0.0120	0.0109	0.0019	0.0108	0.0153	0.0185	0.0138	0.0051	0.0096	0.0019	0.0077	0.0171	0.0063	0.0003	0.0063	0.0072	0.0054	0.0002	0.0162	0.0119	0.0095	0.0018	0.0204	0.0015	0.0058	0.0018	0.0261	0.0008	0.0215	0.0035	0.0275	0.0020	0.0056	0.0061	0.0158	0.0043	0.0180	0.0061	0.0164	0.0019	0.0168	0.0213	0.0050	0.0001	0.0125	0.0230	0.0128	0.0064	0.0213	0.0025	0.0241	0.0022	0.0226	0.0175	0.0035	0.0088	0.0130	0.0005	0.0033	0.0176	0.0190	0.0076	0.0084	0.0049	0.0016	0.0054	0.0063	0.0026	0.0092	0.0013	
0.0172	0.0168	0.0061	0.0101	0.0112	0.0097	0.0202	0.0185	0.0108	0.0068	0.0120	0.0180	0.0026	0.0200	0.0032	0.0152	0.0053	0.0065	0.0018	0.0069	0.0116	0.0129	0.0029	0.0009	0.0067	0.0030	0.0153	0.0007	0.0203	0.0053	0.0124	0.0094	0.0216	0.0197	0.0076	0.0019	0.0174	0.0079	0.0066	0.0150	0.0122	0.0219	0.0093	0.0156	0.0037	0.0023	0.0122	0.0095	0.0018	0.0044	0.0001	0.0171	0.0002	0.0015	0.0107	0.0010	0.0141	0.0048	0.0059	0.0112	0.0213	0.0182	0.0142	0.0065	0.0172	0.0020	0.0223	0.0052	0.0080	0.0010	0.0012	0.0222	0.0020	0.0098	0.0160	0.0145	0.0032	0.0086	0.0208	0.0032	0.0143	0.0030	0.0254	0.0137	0.0060	0.0119	0.0075	0.0172	0.0069	0.0071	0.0062	0.0095	0.0018	0.0164	0.0151	0.0177	0.0018	0.0041	0.0181	0.0015	
0.0071	0.0045	0.0008	0.0009	0.0016	0.0019	0.0156	0.0120	0.0047	0.0128	0.0146	0.0070	0.0080	0.0018	0.0174	0.0119	0.0184	0.0010	0.0190	0.0061	0.0124	0.0162	0.0178	0.0003	0.0158	0.0079	0.0175	0.0101	0.0149	0.0021	0.0109	0.0217	0.0115	0.0173	0.0134	0.0064	0.0010	0.0200	0.0148	0.0034	0.0160	0.0198	0.0086	0.0060	0.0110	0.0000	0.0077	0.0175	0.0178	0.0193	0.0176	0.0005	0.0045	0.0092	0.0062	0.0073	0.0059	0.0006	0.0067	0.0156	0.0064	0.0090	0.0111	0.0033	0.0090	0.0226	0.0164	0.0081	0.0044	0.0086	0.0130	0.0194	0.0061	0.0160	0.0107	0.0162	0.0076	0.0121	0.0093	0.0129	0.0021	0.0148	0.0119	0.0142	0.0065	0.0091	0.0119	0.0023	0.0085	0.0091	0.0009	0.0003	0.0129	0.0165	0.0171	0.0062	0.0025	0.0072	0.0164	0.0077	
0.0072	0.0161	0.0077	0.0058	0.0012	0.0152	0.0112	0.0095	0.0157	0.0089	0.0171	0.0126	0.0186	0.0132	0.0125	0.0062	0.0224	0.0137	0.0159	0.0005	0.0029	0.0094	0.0007	0.0077	0.0091	0.0170	0.0102	0.0164	0.0186	0.0045	0.0137	0.0002	0.0171	0.0192	0.0058	0.0037	0.0010	0.0047	0.0230	0.0114	0.0193	0.0090	0.0034	0.0163	0.0119	0.0067	0.0137	0.0185	0.0077	0.0093	0.0101	0.0055	0.0135	0.0173	0.0058	0.0204	0.0153	0.0001	0.0205	0.0102	0.0085	0.0025	0.0067	0.0158	0.0021	0.0300	0.0190	0.0107	0.0044	0.0057	0.0067	0.0137	0.0145	0.0065	0.0031	0.0174	0.0067	0.0053	0.0031	0.0009	0.0039	0.0101	0.0024	0.0086	0.0179	0.0045	0.0077	0.0017	0.0117	0.0121	0.0080	0.0007	0.0079	0.0080	0.0034	0.0169	0.0001	0.0086	0.0148	0.0058	
0.0152	0.0176	0.0088	0.0007	0.0142	0.0120	0.0074	0.0060	0.0110	0.0108	0.0069	0.0111	0.0253	0.0172	0.0033	0.0134	0.0004	0.0151	0.0175	0.0189	0.0107	0.0122	0.0016	0.0067	0.0202	0.0078	0.0113	0.0161	0.0032	0.0084	0.0169	0.0226	0.0134	0.0127	0.0068	0.0046	0.0141	0.0017	0.0152	0.0051	0.0180	0.0045	0.0083	0.0173	0.0062	0.0149	0.0065	0.0082	0.0071	0.0074	0.0174	0.0032	0.0159	0.0151	0.0020	0.0241	0.0178	0.0023	0.0021	0.0170	0.0028	0.0182	0.0015	0.0044	0.0003	0.0147	0.0193	0.0045	0.0087	0.0155	0.0002	0.0181	0.0038	0.0129	0.0023	0.0066	0.0035	0.0063	0.0052	0.0015	0.0021	0.0015	0.0046	0.0143	0.0150	0.0120	0.0040	0.0007	0.0101	0.0085	0.0077	0.0090	0.0276	0.0177	0.0025	0.0198	0.0018	0.0055	0.0169	0.0090	
0.0010	0.0003	0.0130	0.0062	0.0036	0.0126	0.0184	0.0009	0.0086	0.0098	0.0150	0.0113	0.0242	0.0004	0.0107	0.0005	0.0149	0.0035	0.0083	0.0097	0.0066	0.0125	0.0145	0.0001	0.0107	0.0058	0.0226	0.0072	0.0089	0.0027	0.0036	0.0191	0.0111	0.0104	0.0005	0.0014	0.0013	0.0189	0.0133	0.0199	0.0122	0.0036	0.0073	0.0126	0.0130	0.0130	0.0195	0.0160	0.0083	0.0016	0.0063	0.0128	0.0174	0.0047	0.0060	0.0057	0.0040	0.0157	0.0180	0.0226	0.0168	0.0130	0.0079	0.0083	0.0101	0.0242	0.0229	0.0054	0.0164	0.0075	0.0149	0.0167	0.0098	0.0109	0.0160	0.0031	0.0051	0.0026	0.0070	0.0118	0.0082	0.0008	0.0178	0.0062	0.0170	0.0056	0.0014	0.0057	0.0023	0.0133	0.0143	0.0011	0.0219	0.0095	0.0028	0.0202	0.0087	0.0015	0.0194	0.0081	
0.0219	0.0094	0.0193	0.0006	0.0020	0.0071	0.0043	0.0048	0.0065	0.0041	0.0193	0.0022	0.0144	0.0035	0.0119	0.0122	0.0199	0.0019	0.0099	0.0084	0.0179	0.0118	0.0038	0.0025	0.0157	0.0142	0.0240	0.0035	0.0092	0.0001	0.0116	0.0046	0.0047	0.0170	0.0156	0.0183	0.0016	0.0167	0.0074	0.0114	0.0023	0.0221	0.0169	0.0177	0.0209	0.0142	0.0129	0.0141	0.0003	0.0101	0.0232	0.0083	0.0143	0.0099	0.0146	0.0045	0.0071	0.0177	0.0094	0.0061	0.0103	0.0009	0.0118	0.0079	0.0164	0.0176	0.0235	0.0170	0.0051	0.0136	0.0129	0.0031	0.0124	0.0004	0.0058	0.0232	0.0122	0.0077	0.0091	0.0165	0.0069	0.0039	0.0035	0.0004	0.0002	0.0191	0.0101	0.0132	0.0205	0.0127	0.0095	0.0036	0.0069	0.0003	0.0008	0.0013	0.0024	0.0138	0.0003	0.0012	
0.0213	0.0112	0.0104	0.0074	0.0121	0.0149	0.0152	0.0123	0.0050	0.0125	0.0117	0.0239	0.0079	0.0136	0.0203	0.0045	0.0188	0.0121	0.0062	0.0166	0.0022	0.0039	0.0167	0.0079	0.0026	0.0054	0.0187	0.0168	0.0202	0.0040	0.0177	0.0190	0.0079	0.0076	0.0168	0.0122	0.0135	0.0155	0.0063	0.0029	0.0062	0.0021	0.0066	0.0012	0.0011	0.0103	0.0223	0.0130	0.0008	0.0179	0.0032	0.0063	0.0073	0.0034	0.0167	0.0129	0.0142	0.0203	0.0055	0.0084	0.0016	0.0191	0.0088	0.0009	0.0007	0.0135	0.0151	0.0198	0.0128	0.0073	0.0113	0.0036	0.0069	0.0039	0.0103	0.0004	0.0152	0.0161	0.0124	0.0105	0.0072	0.0019	0.0192	0.0035	0.0017	0.0080	0.0101	0.0034	0.0085	0.0046	0.0146	0.0098	0.0094	0.0172	0.0011	0.0083	0.0096	0.0067	0.0006	0.0086	
0.0228	0.0182	0.0005	0.0148	0.0032	0.0191	0.0195	0.0025	0.0127	0.0162	0.0174	0.0215	0.0066	0.0158	0.0017	0.0191	0.0029	0.0068	0.0196	0.0125	0.0199	0.0085	0.0121	0.0067	0.0119	0.0146	0.0145	0.0124	0.0032	0.0029	0.0108	0.0100	0.0175	0.0035	0.0116	0.0074	0.0014	0.0014	0.0010	0.0021	0.0114	0.0127	0.0094	0.0100	0.0090	0.0185	0.0110	0.0145	0.0160	0.0015	0.0051	0.0031	0.0086	0.0084	0.0089	0.0103	0.0083	0.0135	0.0039	0.0072	0.0073	0.0065	0.0173	0.0111	0.0094	0.0079	0.0020	0.0030	0.0028	0.0154	0.0184	0.0016	0.0056	0.0180	0.0013	0.0093	0.0179	0.0026	0.0008	0.0120	0.0071	0.0185	0.0201	0.0014	0.0192	0.0068	0.0019	0.0083	0.0149	0.0009	0.0181	0.0073	0.0183	0.0147	0.0150	0.0050	0.0115	0.0216	0.0008	0.0005	
0.0197	0.0055	0.0115	0.0004	0.0021	0.0028	0.0179	0.0118	0.0065	0.0001	0.0120	0.0060	0.0144	0.0130	0.0008	0.0066	0.0090	0.0139	0.0106	0.0018	0.0057	0.0126	0.0076	0.0011	0.0176	0.0079	0.0046	0.0156	0.0021	0.0147	0.0184	0.0194	0.0018	0.0003	0.0116	0.0179	0.0046	0.0191	0.0227	0.0158	0.0107	0.0130	0.0003	0.0145	0.0095	0.0121	0.0212	0.0046	0.0126	0.0074	0.0187	0.0113	0.0089	0.0169	0.0121	0.0031	0.0154	0.0107	0.0053	0.0154	0.0209	0.0045	0.0063	0.0115	0.0028	0.0163	0.0043	0.0107	0.0164	0.0010	0.0031	0.0125	0.0136	0.0164	0.0116	0.0150	0.0125	0.0132	0.0138	0.0012	0.0106	0.0196	0.0240	0.0129	0.0004	0.0031	0.0087	0.0025	0.0059	0.0098	0.0012	0.0089	0.0123	0.0046	0.0154	0.0058	0.0030	0.0086	0.0113	0.0124	
0.0137	0.0072	0.0064	0.0129	0.0026	0.0047	0.0160	0.0125	0.0065	0.0011	0.0097	0.0047	0.0220	0.0043	0.0035	0.0008	0.0058	0.0122	0.0111	0.0219	0.0033	0.0007	0.0060	0.0046	0.0242	0.0089	0.0229	0.0171	0.0026	0.0069	0.0119	0.0046	0.0035	0.0224	0.0103	0.0033	0.0118	0.0086	0.0157	0.0193	0.0099	0.0011	0.0145	0.0045	0.0024	0.0173	0.0222	0.0078	0.0017	0.0175	0.0002	0.0103	0.0238	0.0120	0.0108	0.0104	0.0022	0.0004	0.0134	0.0160	0.0060	0.0004	0.0070	0.0227	0.0125	0.0068	0.0007	0.0183	0.0135	0.0001	0.0091	0.0202	0.0181	0.0161	0.0119	0.0026	0.0050	0.0017	0.0052	0.0023	0.0132	0.0122	0.0156	0.0072	0.0076	0.0211	0.0044	0.0128	0.0092	0.0010	0.0012	0.0078	0.0190	0.0202	0.0113	0.0095	0.0124	0.0182	0.0141	0.0148	
0.0200	0.0179	0.0128	0.0012	0.0035	0.0025	0.0122	0.0059	0.0004	0.0062	0.0054	0.0003	0.0242	0.0119	0.0025	0.0093	0.0088	0.0161	0.0116	0.0139	0.0011	0.0078	0.0090	0.0079	0.0205	0.0180	0.0027	0.0012	0.0038	0.0023	0.0105	0.0095	0.0104	0.0088	0.0040	0.0101	0.0154	0.0148	0.0041	0.0045	0.0089	0.0223	0.0110	0.0204	0.0176	0.0010	0.0183	0.0053	0.0152	0.0210	0.0010	0.0108	0.0033	0.0001	0.0115	0.0103	0.0087	0.0028	0.0032	0.0082	0.0008	0.0107	0.0008	0.0207	0.0159	0.0222	0.0153	0.0076	0.0049	0.0109	0.0150	0.0175	0.0122	0.0090	0.0046	0.0012	0.0151	0.0086	0.0158	0.0157	0.0021	0.0204	0.0055	0.0049	0.0018	0.0155	0.0048	0.0079	0.0167	0.0141	0.0014	0.0097	0.0096	0.0158	0.0036	0.0220	0.0154	0.0121	0.0229	0.0156	
0.0113	0.0072	0.0160	0.0062	0.0007	0.0041	0.0161	0.0152	0.0135	0.0111	0.0103	0.0007	0.0083	0.0048	0.0052	0.0030	0.0065	0.0134	0.0156	0.0038	0.0105	0.0020	0.0135	0.0053	0.0093	0.0029	0.0082	0.0011	0.0060	0.0075	0.0021	0.0039	0.0098	0.0183	0.0069	0.0129	0.0154	0.0199	0.0060	0.0182	0.0201	0.0136	0.0117	0.0194	0.0060	0.0008	0.0086	0.0035	0.0112	0.0219	0.0120	0.0037	0.0200	0.0156	0.0078	0.0082	0.0132	0.0110	0.0180	0.0208	0.0186	0.0160	0.0066	0.0076	0.0123	0.0091	0.0116	0.0094	0.0168	0.0103	0.0056	0.0084	0.0078	0.0186	0.0050	0.0184	0.0082	0.0151	0.0028	0.0074	0.0156	0.0036	0.0115	0.0053	0.0176	0.0178	0.0054	0.0134	0.0081	0.0001	0.0185	0.0039	0.0232	0.0069	0.0003	0.0033	0.0040	0.0059	0.0063	0.0137	
0.0121	0.0142	0.0057	0.0191	0.0102	0.0020	0.0146	0.0199	0.0090	0.0079	0.0169	0.0204	0.0096	0.0101	0.0021	0.0114	0.0057	0.0010	0.0098	0.0142	0.0017	0.0141	0.0018	0.0097	0.0134	0.0007	0.0094	0.0029	0.0177	0.0014	0.0136	0.0022	0.0089	0.0054	0.0144	0.0179	0.0146	0.0106	0.0141	0.0159	0.0036	0.0083	0.0028	0.0173	0.0010	0.0017	0.0195	0.0076	0.0055	0.0077	0.0177	0.0029	0.0183	0.0105	0.0141	0.0128	0.0158	0.0099	0.0073	0.0132	0.0151	0.0123	0.0151	0.0094	0.0188	0.0183	0.0088	0.0032	0.0110	0.0035	0.0144	0.0156	0.0065	0.0154	0.0111	0.0152	0.0117	0.0056	0.0163	0.0090	0.0039	0.0167	0.0188	0.0096	0.0039	0.0093	0.0050	0.0183	0.0086	0.0027	0.0021	0.0037	0.0034	0.0008	0.0011	0.0113	0.0063	0.0154	0.0163	0.0029	
0.0156	0.0120	0.0144	0.0010	0.0082	0.0028	0.0155	0.0006	0.0003	0.0012	0.0027	0.0106	0.0192	0.0195	0.0091	0.0112	0.0158	0.0073	0.0048	0.0094	0.0121	0.0086	0.0134	0.0068	0.0016	0.0091	0.0133	0.0089	0.0143	0.0181	0.0075	0.0185	0.0084	0.0130	0.0128	0.0090	0.0016	0.0194	0.0006	0.0007	0.0152	0.0059	0.0169	0.0079	0.0212	0.0112	0.0148	0.0045	0.0117	0.0073	0.0200	0.0165	0.0104	0.0081	0.0096	0.0054	0.0165	0.0067	0.0215	0.0020	0.0123	0.0083	0.0053	0.0009	0.0127	0.0067	0.0024	0.0015	0.0030	0.0179	0.0113	0.0185	0.0062	0.0045	0.0146	0.0063	0.0100	0.0059	0.0095	0.0082	0.0157	0.0076	0.0175	0.0065	0.0025	0.0077	0.0068	0.0174	0.0003	0.0092	0.0103	0.0111	0.0183	0.0181	0.0096	0.0063	0.0158	0.0154	0.0144	0.0116	
0.0117	0.0094	0.0009	0.0140	0.0097	0.0163	0.0100	0.0050	0.0109	0.0045	0.0113	0.0134	0.0196	0.0105	0.0051	0.0035	0.0134	0.0151	0.0178	0.0064	0.0156	0.0020	0.0012	0.0067	0.0075	0.0155	0.0018	0.0098	0.0150	0.0084	0.0067	0.0139	0.0122	0.0154	0.0157	0.0041	0.0051	0.0004	0.0154	0.0039	0.0169	0.0037	0.0051	0.0139	0.0182	0.0154	0.0199	0.0052	0.0132	0.0051	0.0121	0.0008	0.0206	0.0058	0.0135	0.0074	0.0103	0.0089	0.0070	0.0152	0.0178	0.0017	0.0068	0.0032	0.0001	0.0002	0.0208	0.0014	0.0106	0.0009	0.0162	0.0130	0.0029	0.0139	0.0092	0.0146	0.0142	0.0066	0.0141	0.0079	0.0007	0.0137	0.0177	0.0080	0.0175	0.0050	0.0110	0.0062	0.0171	0.0105	0.0125	0.0088	0.0142	0.0172	0.0063	0.0143	0.0114	0.0032	0.0135	0.0121	
0.0233	0.0132	0.0109	0.0098	0.0036	0.0158	0.0183	0.0058	0.0138	0.0018	0.0119	0.0032	0.0199	0.0217	0.0159	0.0008	0.0062	0.0131	0.0045	0.0159	0.0064	0.0101	0.0031	0.0005	0.0076	0.0017	0.0002	0.0064	0.0072	0.0117	0.0222	0.0133	0.0143	0.0188	0.0062	0.0039	0.0010	0.0051	0.0065	0.0214	0.0090	0.0107	0.0083	0.0158	0.0215	0.0098	0.0038	0.0122	0.0043	0.0067	0.0119	0.0112	0.0209	0.0169	0.0077	0.0078	0.0106	0.0124	0.0058	0.0045	0.0208	0.0128	0.0124	0.0028	0.0027	0.0258	0.0120	0.0142	0.0088	0.0095	0.0169	0.0013	0.0090	0.0063	0.0061	0.0197	0.0016	0.0069	0.0025	0.0129	0.0181	0.0071	0.0000	0.0013	0.0044	0.0036	0.0106	0.0129	0.0090	0.0015	0.0102	0.0040	0.0213	0.0008	0.0199	0.0189	0.0093	0.0071	0.0125	0.0135	
0.0031	0.0075	0.0019	0.0147	0.0042	0.0085	0.0027	0.0140	0.0107	0.0106	0.0045	0.0048	0.0169	0.0102	0.0056	0.0098	0.0142	0.0145	0.0194	0.0196	0.0053	0.0129	0.0075	0.0046	0.0191	0.0132	0.0024	0.0186	0.0067	0.0114	0.0048	0.0190	0.0151	0.0042	0.0106	0.0093	0.0027	0.0064	0.0200	0.0172	0.0009	0.0038	0.0024	0.0152	0.0185	0.0063	0.0233	0.0085	0.0180	0.0091	0.0035	0.0144	0.0118	0.0137	0.0104	0.0104	0.0009	0.0132	0.0180	0.0189	0.0079	0.0114	0.0041	0.0008	0.0106	0.0157	0.0095	0.0066	0.0181	0.0125	0.0079	0.0070	0.0161	0.0026	0.0207	0.0021	0.0115	0.0135	0.0107	0.0102	0.0146	0.0117	0.0193	0.0152	0.0093	0.0081	0.0043	0.0038	0.0109	0.0042	0.0098	0.0049	0.0115	0.0018	0.0097	0.0102	0.0137	0.0020	0.0032	0.0029	
0.0206	0.0078	0.0087	0.0002	0.0124	0.0122	0.0160	0.0073	0.0103	0.0074	0.0147	0.0070	0.0027	0.0068	0.0170	0.0096	0.0132	0.0043	0.0105	0.0031	0.0058	0.0033	0.0147	0.0072	0.0060	0.0006	0.0198	0.0175	0.0120	0.0067	0.0032	0.0085	0.0103	0.0065	0.0084	0.0040	0.0016	0.0155	0.0006	0.0132	0.0095	0.0181	0.0080	0.0173	0.0069	0.0023	0.0061	0.0006	0.0028	0.0164	0.0158	0.0089	0.0100	0.0158	0.0144	0.0127	0.0119	0.0168	0.0131	0.0162	0.0155	0.0190	0.0096	0.0044	0.0075	0.0085	0.0163	0.0132	0.0128	0.0124	0.0092	0.0170	0.0036	0.0172	0.0116	0.0091	0.0108	0.0153	0.0063	0.0025	0.0138	0.0171	0.0153	0.0123	0.0112	0.0094	0.0138	0.0105	0.0075	0.0144	0.0088	0.0021	0.0021	0.0026	0.0148	0.0100	0.0028	0.0060	0.0088	0.0140	
0.0100	0.0088	0.0051	0.0093	0.0039	0.0176	0.0090	0.0129	0.0057	0.0069	0.0021	0.0202	0.0137	0.0140	0.0031	0.0142	0.0058	0.0138	0.0123	0.0201	0.0098	0.0030	0.0076	0.0121	0.0043	0.0061	0.0190	0.0027	0.0018	0.0027	0.0064	0.0072	0.0095	0.0101	0.0138	0.0049	0.0144	0.0063	0.0156	0.0152	0.0035	0.0111	0.0051	0.0207	0.0185	0.0154	0.0162	0.0096	0.0002	0.0013	0.0062	0.0056	0.0176	0.0107	0.0085	0.0044	0.0027	0.0064	0.0062	0.0192	0.0055	0.0063	0.0069	0.0036	0.0044	0.0183	0.0086	0.0024	0.0156	0.0197	0.0024	0.0248	0.0034	0.0208	0.0157	0.0004	0.0171	0.0092	0.0065	0.0071	0.0159	0.0049	0.0027	0.0006	0.0196	0.0187	0.0102	0.0177	0.0219	0.0109	0.0018	0.0050	0.0000	0.0156	0.0081	0.0208	0.0191	0.0032	0.0150	0.0194	
0.0115	0.0104	0.0084	0.0020	0.0131	0.0062	0.0026	0.0179	0.0162	0.0068	0.0067	0.0143	0.0338	0.0212	0.0043	0.0003	0.0041	0.0075	0.0060	0.0062	0.0030	0.0086	0.0031	0.0036	0.0181	0.0159	0.0224	0.0161	0.0121	0.0181	0.0005	0.0188	0.0152	0.0077	0.0150	0.0028	0.0096	0.0000	0.0028	0.0128	0.0191	0.0213	0.0003	0.0125	0.0038	0.0077	0.0120	0.0014	0.0123	0.0093	0.0181	0.0095	0.0214	0.0099	0.0115	0.0008	0.0082	0.0077	0.0068	0.0068	0.0077	0.0140	0.0021	0.0231	0.0081	0.0208	0.0243	0.0127	0.0017	0.0006	0.0095	0.0033	0.0049	0.0147	0.0103	0.0053	0.0093	0.0121	0.0021	0.0077	0.0044	0.0179	0.0235	0.0037	0.0038	0.0098	0.0149	0.0053	0.0132	0.0164	0.0179	0.0014	0.0201	0.0158	0.0062	0.0033	0.0127	0.0011	0.0025	0.0059	
0.0111	0.0134	0.0154	0.0102	0.0133	0.0095	0.0055	0.0043	0.0168	0.0083	0.0099	0.0174	0.0069	0.0186	0.0005	0.0069	0.0143	0.0150	0.0155	0.0194	0.0157	0.0113	0.0013	0.0029	0.0063	0.0069	0.0098	0.0104	0.0082	0.0058	0.0086	0.0083	0.0096	0.0131	0.0158	0.0075	0.0169	0.0090	0.0075	0.0131	0.0031	0.0143	0.0055	0.0204	0.0056	0.0167	0.0190	0.0140	0.0175	0.0188	0.0094	0.0143	0.0062	0.0019	0.0112	0.0164	0.0149	0.0151	0.0045	0.0102	0.0016	0.0174	0.0121	0.0132	0.0037	0.0042	0.0061	0.0124	0.0002	0.0112	0.0091	0.0056	0.0085	0.0029	0.0169	0.0041	0.0054	0.0017	0.0001	0.0056	0.0116	0.0122	0.0143	0.0092	0.0179	0.0093	0.0018	0.0075	0.0183	0.0009	0.0117	0.0021	0.0045	0.0159	0.0107	0.0060	0.0143	0.0138	0.0160	0.0010	
0.0165	0.0026	0.0112	0.0039	0.0050	0.0034	0.0067	0.0029	0.0045	0.0076	0.0104	0.0139	0.0190	0.0195	0.0177	0.0069	0.0046	0.0037	0.0154	0.0143	0.0015	0.0158	0.0151	0.0121	0.0211	0.0063	0.0013	0.0174	0.0120	0.0102	0.0075	0.0134	0.0057	0.0196	0.0100	0.0082	0.0157	0.0095	0.0059	0.0153	0.0029	0.0222	0.0026	0.0097	0.0103	0.0175	0.0112	0.0049	0.0208	0.0034	0.0023	0.0112	0.0217	0.0021	0.0163	0.0184	0.0085	0.0155	0.0044	0.0002	0.0026	0.0137	0.0092	0.0153	0.0031	0.0246	0.0082	0.0148	0.0072	0.0080	0.0095	0.0155	0.0161	0.0011	0.0114	0.0018	0.0136	0.0054	0.0092	0.0001	0.0170	0.0148	0.0162	0.0072	0.0090	0.0147	0.0111	0.0037	0.0198	0.0148	0.0007	0.0007	0.0052	0.0046	0.0116	0.0101	0.0075	0.0087	0.0063	0.0066	
0.0134	0.0129	0.0126	0.0099	0.0102	0.0063	0.0128	0.0217	0.0109	0.0160	0.0028	0.0023	0.0112	0.0040	0.0034	0.0050	0.0195	0.0018	0.0063	0.0088	0.0085	0.0035	0.0151	0.0091	0.0082	0.0122	0.0130	0.0217	0.0098	0.0016	0.0146	0.0071	0.0000	0.0003	0.0079	0.0031	0.0175	0.0063	0.0217	0.0022	0.0224	0.0150	0.0134	0.0011	0.0116	0.0166	0.0188	0.0242	0.0020	0.0065	0.0154	0.0078	0.0034	0.0185	0.0014	0.0128	0.0155	0.0045	0.0024	0.0039	0.0162	0.0001	0.0090	0.0103	0.0056	0.0254	0.0027	0.0070	0.0194	0.0179	0.0071	0.0120	0.0041	0.0035	0.0111	0.0147	0.0111	0.0150	0.0015	0.0092	0.0143	0.0115	0.0147	0.0036	0.0105	0.0051	0.0026	0.0030	0.0225	0.0162	0.0070	0.0126	0.0030	0.0130	0.0095	0.0196	0.0043	0.0028	0.0197	0.0089	
0.0219	0.0073	0.0036	0.0022	0.0132	0.0170	0.0026	0.0261	0.0064	0.0060	0.0199	0.0023	0.0051	0.0156	0.0094	0.0024	0.0096	0.0041	0.0200	0.0007	0.0177	0.0185	0.0081	0.0105	0.0179	0.0149	0.0160	0.0161	0.0182	0.0104	0.0102	0.0078	0.0000	0.0099	0.0124	0.0071	0.0084	0.0134	0.0096	0.0143	0.0038	0.0043	0.0168	0.0117	0.0014	0.0046	0.0131	0.0107	0.0066	0.0060	0.0157	0.0006	0.0051	0.0144	0.0157	0.0214	0.0000	0.0082	0.0109	0.0028	0.0080	0.0126	0.0027	0.0199	0.0003	0.0163	0.0026	0.0168	0.0195	0.0005	0.0153	0.0225	0.0138	0.0089	0.0188	0.0157	0.0013	0.0178	0.0177	0.0087	0.0058	0.0019	0.0079	0.0102	0.0221	0.0076	0.0024	0.0051	0.0126	0.0154	0.0070	0.0007	0.0015	0.0047	0.0058	0.0159	0.0000	0.0017	0.0120	0.0090	
0.0036	0.0145	0.0072	0.0054	0.0074	0.0138	0.0023	0.0192	0.0148	0.0055	0.0152	0.0022	0.0161	0.0002	0.0168	0.0042	0.0061	0.0123	0.0173	0.0125	0.0093	0.0161	0.0058	0.0016	0.0131	0.0161	0.0167	0.0179	0.0035	0.0058	0.0137	0.0257	0.0077	0.0069	0.0050	0.0094	0.0088	0.0242	0.0029	0.0063	0.0050	0.0083	0.0072	0.0032	0.0207	0.0045	0.0133	0.0011	0.0079	0.0235	0.0079	0.0084	0.0060	0.0201	0.0005	0.0077	0.0099	0.0076	0.0130	0.0199	0.0213	0.0094	0.0118	0.0119	0.0155	0.0218	0.0147	0.0045	0.0159	0.0058	0.0123	0.0054	0.0084	0.0119	0.0086	0.0015	0.0084	0.0025	0.0024	0.0084	0.0040	0.0139	0.0072	0.0026	0.0204	0.0038	0.0152	0.0102	0.0063	0.0208	0.0012	0.0012	0.0107	0.0068	0.0084	0.0170	0.0117	0.0161	0.0095	0.0020	
0.0130	0.0047	0.0048	0.0003	0.0036	0.0007	0.0197	0.0170	0.0076	0.0127	0.0171	0.0071	0.0086	0.0043	0.0120	0.0013	0.0020	0.0073	0.0118	0.0123	0.0023	0.0027	0.0188	0.0087	0.0061	0.0126	0.0219	0.0029	0.0027	0.0104	0.0072	0.0140	0.0144	0.0203	0.0134	0.0166	0.0074	0.0078	0.0225	0.0204	0.0044	0.0005	0.0016	0.0072	0.0014	0.0127	0.0189	0.0028	0.0163	0.0075	0.0170	0.0049	0.0043	0.0162	0.0009	0.0085	0.0061	0.0103	0.0157	0.0146	0.0024	0.0176	0.0090	0.0190	0.0114	0.0078	0.0142	0.0065	0.0059	0.0115	0.0111	0.0157	0.0086	0.0150	0.0075	0.0020	0.0010	0.0113	0.0134	0.0098	0.0173	0.0155	0.0072	0.0131	0.0176	0.0002	0.0071	0.0172	0.0203	0.0094	0.0111	0.0101	0.0146	0.0054	0.0161	0.0078	0.0070	0.0046	0.0146	0.0106	
0.0034	0.0071	0.0161	0.0029	0.0101	0.0158	0.0155	0.0094	0.0074	0.0136	0.0066	0.0157	0.0203	0.0043	0.0150	0.0048	0.0110	0.0118	0.0003	0.0125	0.0175	0.0116	0.0073	0.0109	0.0005	0.0130	0.0040	0.0052	0.0183	0.0007	0.0127	0.0152	0.0192	0.0192	0.0062	0.0076	0.0178	0.0030	0.0030	0.0180	0.0052	0.0207	0.0089	0.0179	0.0031	0.0157	0.0002	0.0071	0.0098	0.0103	0.0174	0.0113	0.0045	0.0008	0.0140	0.0101	0.0003	0.0201	0.0029	0.0174	0.0156	0.0099	0.0076	0.0079	0.0059	0.0111	0.0190	0.0179	0.0150	0.0061	0.0064	0.0086	0.0087	0.0025	0.0069	0.0187	0.0024	0.0083	0.0136	0.0023	0.0147	0.0170	0.0166	0.0075	0.0046	0.0158	0.0091	0.0155	0.0014	0.0140	0.0069	0.0132	0.0001	0.0042	0.0017	0.0161	0.0085	0.0021	0.0120	0.0119	
0.0028	0.0016	0.0081	0.0060	0.0016	0.0077	0.0017	0.0018	0.0127	0.0145	0.0064	0.0134	0.0083	0.0002	0.0033	0.0170	0.0184	0.0002	0.0032	0.0090	0.0184	0.0171	0.0179	0.0104	0.0234	0.0078	0.0092	0.0111	0.0011	0.0127	0.0097	0.0005	0.0176	0.0014	0.0005	0.0137	0.0049	0.0100	0.0092	0.0193	0.0198	0.0135	0.0037	0.0018	0.0130	0.0160	0.0176	0.0189	0.0015	0.0022	0.0214	0.0075	0.0248	0.0038	0.0120	0.0043	0.0053	0.0136	0.0080	0.0169	0.0239	0.0161	0.0003	0.0001	0.0135	0.0091	0.0171	0.0046	0.0199	0.0092	0.0151	0.0087	0.0103	0.0063	0.0128	0.0095	0.0146	0.0159	0.0091	0.0000	0.0162	0.0079	0.0088	0.0163	0.0169	0.0197	0.0007	0.0133	0.0073	0.0180	0.0090	0.0067	0.0014	0.0130	0.0182	0.0034	0.0091	0.0047	0.0109	0.0025	
0.0055	0.0081	0.0002	0.0131	0.0058	0.0111	0.0183	0.0159	0.0112	0.0054	0.0100	0.0110	0.0030	0.0090	0.0187	0.0119	0.0078	0.0010	0.0058	0.0157	0.0061	0.0188	0.0213	0.0022	0.0015	0.0018	0.0070	0.0216	0.0089	0.0073	0.0200	0.0108	0.0057	0.0062	0.0146	0.0072	0.0077	0.0148	0.0139	0.0051	0.0016	0.0088	0.0011	0.0003	0.0077	0.0191	0.0123	0.0110	0.0170	0.0066	0.0165	0.0076	0.0222	0.0169	0.0178	0.0042	0.0136	0.0191	0.0102	0.0047	0.0050	0.0208	0.0045	0.0049	0.0107	0.0010	0.0037	0.0159	0.0111	0.0120	0.0039	0.0135	0.0084	0.0013	0.0129	0.0224	0.0187	0.0185	0.0190	0.0018	0.0136	0.0124	0.0057	0.0023	0.0125	0.0097	0.0095	0.0110	0.0081	0.0141	0.0161	0.0061	0.0063	0.0084	0.0001	0.0046	0.0016	0.0232	0.0108	0.0046	
0.0206	0.0128	0.0012	0.0020	0.0016	0.0055	0.0010	0.0215	0.0038	0.0138	0.0069	0.0154	0.0001	0.0105	0.0130	0.0104	0.0147	0.0025	0.0135	0.0014	0.0113	0.0129	0.0101	0.0008	0.0204	0.0117	0.0070	0.0001	0.0010	0.0068	0.0201	0.0012	0.0066	0.0123	0.0045	0.0194	0.0107	0.0034	0.0007	0.0076	0.0079	0.0153	0.0042	0.0124	0.0049	0.0029	0.0128	0.0133	0.0175	0.0106	0.0127	0.0154	0.0047	0.0103	0.0145	0.0024	0.0057	0.0003	0.0055	0.0097	0.0239	0.0009	0.0141	0.0189	0.0009	0.0068	0.0075	0.0079	0.0032	0.0135	0.0192	0.0104	0.0021	0.0080	0.0145	0.0219	0.0084	0.0185	0.0189	0.0148	0.0027	0.0098	0.0050	0.0102	0.0167	0.0225	0.0155	0.0193	0.0173	0.0033	0.0138	0.0065	0.0229	0.0119	0.0063	0.0075	0.0143	0.0114	0.0096	0.0152	
0.0205	0.0023	0.0090	0.0016	0.0074	0.0036	0.0176	0.0225	0.0150	0.0127	0.0145	0.0074	0.0050	0.0140	0.0077	0.0073	0.0205	0.0049	0.0013	0.0027	0.0102	0.0090	0.0127	0.0006	0.0226	0.0089	0.0133	0.0166	0.0002	0.0076	0.0035	0.0257	0.0094	0.0210	0.0145	0.0001	0.0161	0.0039	0.0022	0.0142	0.0023	0.0000	0.0011	0.0007	0.0100	0.0071	0.0110	0.0065	0.0055	0.0220	0.0133	0.0086	0.0092	0.0082	0.0075	0.0094	0.0114	0.0113	0.0022	0.0031	0.0154	0.0069	0.0154	0.0101	0.0128	0.0219	0.0239	0.0041	0.0155	0.0065	0.0114	0.0141	0.0032	0.0103	0.0004	0.0111	0.0084	0.0104	0.0118	0.0126	0.0201	0.0052	0.0070	0.0022	0.0194	0.0149	0.0115	0.0014	0.0119	0.0101	0.0100	0.0037	0.0014	0.0191	0.0225	0.0192	0.0027	0.0132	0.0085	0.0094	
0.0115	0.0039	0.0112	0.0176	0.0046	0.0150	0.0070	0.0221	0.0064	0.0005	0.0197	0.0005	0.0268	0.0102	0.0034	0.0065	0.0007	0.0125	0.0104	0.0011	0.0022	0.0165	0.0136	0.0034	0.0208	0.0065	0.0158	0.0058	0.0104	0.0045	0.0062	0.0172	0.0042	0.0213	0.0028	0.0146	0.0131	0.0086	0.0217	0.0005	0.0074	0.0167	0.0135	0.0097	0.0131	0.0081	0.0072	0.0117	0.0169	0.0140	0.0186	0.0085	0.0024	0.0057	0.0108	0.0144	0.0092	0.0065	0.0010	0.0225	0.0050	0.0020	0.0072	0.0024	0.0149	0.0043	0.0216	0.0013	0.0061	0.0086	0.0132	0.0153	0.0137	0.0107	0.0151	0.0087	0.0019	0.0053	0.0154	0.0085	0.0009	0.0008	0.0106	0.0162	0.0103	0.0162	0.0119	0.0176	0.0073	0.0096	0.0044	0.0054	0.0069	0.0186	0.0176	0.0053	0.0053	0.0119	0.0152	0.0070	
0.0137	0.0042	0.0026	0.0073	0.0107	0.0016	0.0100	0.0135	0.0090	0.0030	0.0087	0.0044	0.0182	0.0121	0.0171	0.0026	0.0153	0.0087	0.0129	0.0191	0.0098	0.0151	0.0160	0.0078	0.0033	0.0072	0.0071	0.0285	0.0136	0.0093	0.0020	0.0120	0.0102	0.0065	0.0125	0.0131	0.0117	0.0001	0.0011	0.0085	0.0048	0.0023	0.0053	0.0017	0.0203	0.0001	0.0195	0.0126	0.0213	0.0138	0.0120	0.0114	0.0222	0.0164	0.0117	0.0155	0.0101	0.0079	0.0049	0.0132	0.0166	0.0127	0.0135	0.0010	0.0026	0.0021	0.0140	0.0043	0.0142	0.0014	0.0070	0.0117	0.0074	0.0048	0.0140	0.0090	0.0109	0.0117	0.0126	0.0030	0.0102	0.0107	0.0205	0.0015	0.0197	0.0067	0.0081	0.0141	0.0095	0.0034	0.0067	0.0026	0.0228	0.0085	0.0132	0.0121	0.0035	0.0058	0.0209	0.0080	
0.0082	0.0080	0.0174	0.0162	0.0028	0.0138	0.0069	0.0164	0.0006	0.0060	0.0017	0.0185	0.0150	0.0017	0.0188	0.0009	0.0125	0.0112	0.0014	0.0164	0.0115	0.0139	0.0136	0.0067	0.0174	0.0026	0.0203	0.0193	0.0104	0.0012	0.0028	0.0054	0.0143	0.0185	0.0127	0.0008	0.0125	0.0018	0.0201	0.0021	0.0196	0.0155	0.0125	0.0002	0.0015	0.0090	0.0124	0.0110	0.0104	0.0136	0.0205	0.0080	0.0047	0.0013	0.0050	0.0098	0.0130	0.0071	0.0025	0.0004	0.0198	0.0079	0.0032	0.0193	0.0060	0.0165	0.0013	0.0142	0.0048	0.0174	0.0060	0.0117	0.0117	0.0181	0.0163	0.0185	0.0171	0.0134	0.0109	0.0041	0.0118	0.0047	0.0088	0.0140	0.0015	0.0109	0.0010	0.0123	0.0120	0.0043	0.0047	0.0039	0.0185	0.0168	0.0026	0.0118	0.0082	0.0162	0.0128	0.0047	
0.0110	0.0119	0.0083	0.0116	0.0043	0.0071	0.0152	0.0050	0.0031	0.0053	0.0110	0.0236	0.0180	0.0185	0.0090	0.0112	0.0002	0.0045	0.0146	0.0137	0.0149	0.0070	0.0030	0.0005	0.0145	0.0151	0.0139	0.0202	0.0161	0.0055	0.0082	0.0026	0.0016	0.0059	0.0122	0.0151	0.0153	0.0147	0.0144	0.0130	0.0195	0.0184	0.0076	0.0037	0.0156	0.0056	0.0119	0.0010	0.0087	0.0094	0.0118	0.0030	0.0220	0.0156	0.0089	0.0015	0.0101	0.0073	0.0006	0.0059	0.0182	0.0151	0.0057	0.0174	0.0002	0.0088	0.0220	0.0105	0.0024	0.0126	0.0152	0.0062	0.0093	0.0049	0.0148	0.0190	0.0162	0.0182	0.0082	0.0050	0.0089	0.0108	0.0112	0.0067	0.0153	0.0037	0.0026	0.0021	0.0159	0.0113	0.0028	0.0058	0.0130	0.0066	0.0137	0.0030	0.0077	0.0118	0.0034	0.0048	
0.0087	0.0001	0.0133	0.0136	0.0072	0.0045	0.0095	0.0146	0.0028	0.0079	0.0031	0.0125	0.0250	0.0144	0.0170	0.0050	0.0060	0.0144	0.0011	0.0147	0.0050	0.0128	0.0131	0.0053	0.0090	0.0066	0.0120	0.0081	0.0097	0.0111	0.0091	0.0052	0.0148	0.0028	0.0129	0.0069	0.0100	0.0139	0.0193	0.0094	0.0143	0.0094	0.0150	0.0027	0.0098	0.0087	0.0112	0.0172	0.0085	0.0073	0.0179	0.0068	0.0121	0.0067	0.0132	0.0135	0.0035	0.0077	0.0076	0.0038	0.0138	0.0034	0.0022	0.0101	0.0026	0.0214	0.0191	0.0148	0.0154	0.0075	0.0125	0.0126	0.0017	0.0098	0.0016	0.0162	0.0143	0.0107	0.0166	0.0146	0.0148	0.0112	0.0191	0.0029	0.0154	0.0171	0.0100	0.0065	0.0037	0.0032	0.0036	0.0019	0.0049	0.0114	0.0153	0.0101	0.0048	0.0069	0.0194	0.0079	
0.0174	0.0128	0.0009	0.0008	0.0073	0.0029	0.0068	0.0003	0.0051	0.0024	0.0149	0.0128	0.0134	0.0112	0.0071	0.0018	0.0079	0.0155	0.0130	0.0038	0.0049	0.0070	0.0137	0.0073	0.0051	0.0120	0.0097	0.0125	0.0155	0.0102	0.0106	0.0094	0.0131	0.0085	0.0027	0.0024	0.0090	0.0197	0.0158	0.0156	0.0144	0.0156	0.0019	0.0220	0.0092	0.0108	0.0173	0.0139	0.0067	0.0154	0.0040	0.0053	0.0177	0.0164	0.0048	0.0068	0.0012	0.0073	0.0178	0.0220	0.0167	0.0192	0.0036	0.0162	0.0128	0.0112	0.0236	0.0004	0.0057	0.0037	0.0108	0.0109	0.0051	0.0206	0.0100	0.0138	0.0055	0.0115	0.0049	0.0116	0.0179	0.0135	0.0030	0.0020	0.0086	0.0016	0.0100	0.0149	0.0022	0.0176	0.0015	0.0013	0.0256	0.0121	0.0191	0.0175	0.0067	0.0082	0.0057	0.0000	
0.0164	0.0125	0.0098	0.0025	0.0008	0.0119	0.0010	0.0189	0.0059	0.0120	0.0000	0.0100	0.0033	0.0050	0.0012	0.0008	0.0177	0.0017	0.0056	0.0151	0.0180	0.0020	0.0184	0.0068	0.0030	0.0093	0.0144	0.0171	0.0008	0.0143	0.0027	0.0190	0.0094	0.0062	0.0167	0.0045	0.0048	0.0243	0.0022	0.0179	0.0008	0.0202	0.0107	0.0073	0.0210	0.0135	0.0001	0.0164	0.0120	0.0220	0.0002	0.0062	0.0024	0.0113	0.0043	0.0134	0.0133	0.0000	0.0002	0.0126	0.0023	0.0079	0.0129	0.0130	0.0119	0.0024	0.0001	0.0190	0.0055	0.0191	0.0161	0.0184	0.0003	0.0108	0.0124	0.0219	0.0108	0.0117	0.0126	0.0086	0.0103	0.0188	0.0017	0.0023	0.0158	0.0152	0.0137	0.0161	0.0008	0.0062	0.0092	0.0037	0.0202	0.0111	0.0151	0.0172	0.0025	0.0193	0.0153	0.0164	
0.0165	0.0029	0.0083	0.0142	0.0015	0.0046	0.0070	0.0146	0.0179	0.0051	0.0005	0.0037	0.0136	0.0123	0.0023	0.0056	0.0074	0.0112	0.0155	0.0187	0.0070	0.0039	0.0166	0.0124	0.0075	0.0128	0.0199	0.0153	0.0181	0.0195	0.0183	0.0141	0.0192	0.0182	0.0129	0.0059	0.0045	0.0073	0.0006	0.0116	0.0105	0.0054	0.0154	0.0157	0.0075	0.0058	0.0206	0.0086	0.0088	0.0076	0.0092	0.0098	0.0046	0.0178	0.0079	0.0119	0.0061	0.0106	0.0105	0.0138	0.0110	0.0172	0.0128	0.0001	0.0105	0.0127	0.0067	0.0135	0.0161	0.0156	0.0018	0.0007	0.0098	0.0065	0.0089	0.0014	0.0074	0.0026	0.0122	0.0006	0.0161	0.0079	0.0023	0.0098	0.0133	0.0055	0.0073	0.0017	0.0080	0.0057	0.0194	0.0101	0.0215	0.0101	0.0008	0.0153	0.0087	0.0155	0.0027	0.0131	
0.0012	0.0030	0.0124	0.0124	0.0036	0.0058	0.0201	0.0200	0.0071	0.0064	0.0021	0.0048	0.0235	0.0090	0.0160	0.0017	0.0161	0.0026	0.0075	0.0067	0.0016	0.0033	0.0060	0.0067	0.0187	0.0077	0.0051	0.0021	0.0056	0.0150	0.0115	0.0117	0.0004	0.0166	0.0174	0.0122	0.0138	0.0100	0.0080	0.0065	0.0073	0.0116	0.0121	0.0195	0.0047	0.0144	0.0167	0.0073	0.0161	0.0213	0.0200	0.0070	0.0102	0.0153	0.0146	0.0177	0.0165	0.0031	0.0175	0.0176	0.0023	0.0176	0.0101	0.0128	0.0177	0.0129	0.0045	0.0045	0.0083	0.0026	0.0069	0.0061	0.0136	0.0021	0.0202	0.0125	0.0093	0.0082	0.0061	0.0003	0.0150	0.0169	0.0076	0.0060	0.0190	0.0029	0.0019	0.0045	0.0208	0.0020	0.0138	0.0081	0.0135	0.0111	0.0038	0.0109	0.0165	0.0023	0.0001	0.0120	
0.0121	0.0087	0.0137	0.0110	0.0092	0.0110	0.0095	0.0072	0.0148	0.0038	0.0071	0.0083	0.0256	0.0139	0.0016	0.0043	0.0100	0.0053	0.0132	0.0123	0.0093	0.0185	0.0043	0.0045	0.0068	0.0184	0.0134	0.0068	0.0182	0.0111	0.0137	0.0083	0.0076	0.0140	0.0077	0.0036	0.0152	0.0176	0.0180	0.0052	0.0117	0.0150	0.0083	0.0139	0.0128	0.0049	0.0168	0.0178	0.0093	0.0195	0.0230	0.0137	0.0094	0.0053	0.0025	0.0168	0.0037	0.0106	0.0051	0.0201	0.0196	0.0057	0.0080	0.0056	0.0107	0.0014	0.0011	0.0045	0.0093	0.0149	0.0069	0.0133	0.0073	0.0072	0.0037	0.0128	0.0104	0.0093	0.0105	0.0016	0.0014	0.0159	0.0172	0.0004	0.0109	0.0001	0.0180	0.0023	0.0108	0.0118	0.0186	0.0041	0.0105	0.0176	0.0073	0.0049	0.0056	0.0018	0.0038	0.0083	
0.0056	0.0089	0.0062	0.0116	0.0072	0.0024	0.0031	0.0009	0.0012	0.0075	0.0019	0.0152	0.0251	0.0032	0.0143	0.0017	0.0113	0.0069	0.0147	0.0118	0.0028	0.0170	0.0153	0.0081	0.0193	0.0044	0.0088	0.0126	0.0015	0.0172	0.0068	0.0092	0.0073	0.0000	0.0147	0.0112	0.0086	0.0044	0.0133	0.0095	0.0181	0.0201	0.0014	0.0217	0.0155	0.0054	0.0052	0.0051	0.0059	0.0050	0.0165	0.0175	0.0090	0.0122	0.0089	0.0068	0.0155	0.0147	0.0149	0.0050	0.0166	0.0135	0.0165	0.0032	0.0038	0.0166	0.0072	0.0192	0.0057	0.0021	0.0113	0.0064	0.0141	0.0068	0.0146	0.0054	0.0160	0.0145	0.0186	0.0114	0.0002	0.0024	0.0054	0.0143	0.0034	0.0067	0.0002	0.0154	0.0104	0.0110	0.0160	0.0094	0.0116	0.0068	0.0137	0.0047	0.0157	0.0196	0.0168	0.0153	
0.0222	0.0038	0.0116	0.0030	0.0080	0.0083	0.0034	0.0015	0.0146	0.0034	0.0085	0.0203	0.0228	0.0031	0.0041	0.0090	0.0084	0.0018	0.0195	0.0176	0.0133	0.0090	0.0099	0.0080	0.0059	0.0172	0.0172	0.0124	0.0118	0.0088	0.0072	0.0211	0.0171	0.0188	0.0093	0.0137	0.0022	0.0018	0.0058	0.0150	0.0025	0.0208	0.0138	0.0052	0.0003	0.0138	0.0213	0.0055	0.0030	0.0022	0.0179	0.0120	0.0214	0.0184	0.0044	0.0093	0.0146	0.0038	0.0174	0.0164	0.0138	0.0151	0.0068	0.0081	0.0174	0.0160	0.0007	0.0156	0.0102	0.0069	0.0079	0.0058	0.0133	0.0054	0.0151	0.0164	0.0119	0.0046	0.0130	0.0080	0.0004	0.0089	0.0069	0.0080	0.0135	0.0108	0.0154	0.0008	0.0126	0.0030	0.0012	0.0094	0.0050	0.0094	0.0019	0.0076	0.0075	0.0101	0.0065	0.0045	
0.0191	0.0159	0.0149	0.0132	0.0099	0.0086	0.0207	0.0147	0.0025	0.0075	0.0157	0.0111	0.0099	0.0096	0.0138	0.0017	0.0088	0.0141	0.0124	0.0083	0.0139	0.0179	0.0047	0.0051	0.0084	0.0086	0.0026	0.0070	0.0033	0.0062	0.0048	0.0023	0.0178	0.0077	0.0097	0.0005	0.0131	0.0116	0.0195	0.0032	0.0117	0.0059	0.0134	0.0016	0.0080	0.0103	0.0102	0.0113	0.0175	0.0213	0.0198	0.0101	0.0183	0.0157	0.0130	0.0141	0.0136	0.0068	0.0068	0.0020	0.0090	0.0128	0.0075	0.0160	0.0062	0.0143	0.0120	0.0018	0.0143	0.0124	0.0059	0.0184	0.0003	0.0112	0.0163	0.0087	0.0017	0.0033	0.0017	0.0140	0.0016	0.0075	0.0098	0.0030	0.0079	0.0121	0.0051	0.0012	0.0130	0.0152	0.0046	0.0048	0.0049	0.0152	0.0132	0.0202	0.0132	0.0024	0.0135	0.0121	
0.0018	0.0068	0.0109	0.0044	0.0094	0.0031	0.0117	0.0058	0.0006	0.0042	0.0134	0.0128	0.0087	0.0130	0.0005	0.0004	0.0048	0.0059	0.0083	0.0151	0.0087	0.0086	0.0095	0.0008	0.0086	0.0202	0.0137	0.0078	0.0174	0.0188	0.0163	0.0269	0.0083	0.0100	0.0116	0.0133	0.0088	0.0059	0.0137	0.0056	0.0011	0.0020	0.0004	0.0086	0.0011	0.0124	0.0044	0.0125	0.0185	0.0174	0.0182	0.0072	0.0188	0.0010	0.0038	0.0150	0.0198	0.0150	0.0186	0.0211	0.0145	0.0077	0.0065	0.0024	0.0130	0.0227	0.0036	0.0162	0.0183	0.0055	0.0095	0.0198	0.0134	0.0031	0.0146	0.0076	0.0094	0.0017	0.0005	0.0132	0.0154	0.0176	0.0113	0.0024	0.0046	0.0051	0.0046	0.0072	0.0045	0.0018	0.0168	0.0079	0.0111	0.0142	0.0148	0.0151	0.0109	0.0187	0.0167	0.0034	
0.0122	0.0055	0.0090	0.0077	0.0025	0.0130	0.0111	0.0133	0.0065	0.0126	0.0028	0.0163	0.0236	0.0036	0.0203	0.0093	0.0188	0.0039	0.0167	0.0078	0.0106	0.0130	0.0113	0.0089	0.0105	0.0171	0.0131	0.0013	0.0087	0.0181	0.0132	0.0126	0.0066	0.0154	0.0014	0.0070	0.0030	0.0002	0.0230	0.0089	0.0125	0.0134	0.0157	0.0056	0.0192	0.0147	0.0222	0.0033	0.0164	0.0005	0.0188	0.0078	0.0005	0.0058	0.0107	0.0192	0.0125	0.0148	0.0184	0.0095	0.0031	0.0108	0.0019	0.0089	0.0057	0.0172	0.0104	0.0007	0.0019	0.0091	0.0072	0.0152	0.0042	0.0085	0.0165	0.0179	0.0146	0.0064	0.0149	0.0102	0.0162	0.0074	0.0057	0.0073	0.0028	0.0028	0.0085	0.0016	0.0206	0.0048	0.0136	0.0033	0.0021	0.0099	0.0064	0.0004	0.0075	0.0092	0.0201	0.0029	
0.0120	0.0175	0.0015	0.0048	0.0104	0.0199	0.0042	0.0144	0.0093	0.0161	0.0012	0.0089	0.0006	0.0079	0.0104	0.0143	0.0078	0.0132	0.0067	0.0045	0.0037	0.0078	0.0016	0.0126	0.0224	0.0040	0.0195	0.0191	0.0032	0.0171	0.0077	0.0048	0.0091	0.0154	0.0025	0.0008	0.0074	0.0012	0.0227	0.0051	0.0232	0.0232	0.0122	0.0014	0.0057	0.0070	0.0063	0.0154	0.0034	0.0147	0.0168	0.0170	0.0070	0.0166	0.0020	0.0023	0.0187	0.0059	0.0079	0.0093	0.0034	0.0116	0.0082	0.0157	0.0136	0.0228	0.0244	0.0083	0.0043	0.0088	0.0078	0.0064	0.0149	0.0019	0.0055	0.0061	0.0164	0.0002	0.0133	0.0118	0.0219	0.0009	0.0140	0.0110	0.0026	0.0102	0.0182	0.0150	0.0125	0.0006	0.0052	0.0014	0.0182	0.0112	0.0016	0.0108	0.0096	0.0234	0.0105	0.0066	
0.0097	0.0165	0.0078	0.0133	0.0035	0.0084	0.0020	0.0048	0.0091	0.0137	0.0072	0.0165	0.0203	0.0166	0.0089	0.0015	0.0212	0.0176	0.0107	0.0033	0.0208	0.0051	0.0165	0.0023	0.0038	0.0062	0.0125	0.0070	0.0002	0.0161	0.0177	0.0182	0.0112	0.0052	0.0020	0.0016	0.0088	0.0216	0.0085	0.0152	0.0071	0.0162	0.0032	0.0149	0.0138	0.0079	0.0111	0.0184	0.0020	0.0234	0.0129	0.0117	0.0111	0.0065	0.0065	0.0036	0.0005	0.0068	0.0119	0.0246	0.0204	0.0180	0.0035	0.0157	0.0020	0.0174	0.0056	0.0087	0.0155	0.0062	0.0103	0.0021	0.0092	0.0177	0.0177	0.0050	0.0018	0.0028	0.0098	0.0145	0.0168	0.0136	0.0039	0.0005	0.0054	0.0033	0.0051	0.0047	0.0194	0.0189	0.0012	0.0018	0.0080	0.0074	0.0178	0.0105	0.0085	0.0080	0.0143	0.0001	
0.0045	0.0001	0.0027	0.0147	0.0059	0.0077	0.0012	0.0138	0.0077	0.0026	0.0010	0.0191	0.0201	0.0168	0.0021	0.0031	0.0151	0.0026	0.0094	0.0201	0.0078	0.0178	0.0124	0.0094	0.0061	0.0088	0.0176	0.0040	0.0008	0.0064	0.0150	0.0144	0.0108	0.0107	0.0094	0.0161	0.0092	0.0086	0.0146	0.0189	0.0020	0.0146	0.0131	0.0144	0.0210	0.0034	0.0063	0.0087	0.0059	0.0139	0.0166	0.0064	0.0216	0.0126	0.0110	0.0041	0.0086	0.0084	0.0097	0.0193	0.0134	0.0188	0.0094	0.0019	0.0095	0.0092	0.0069	0.0060	0.0040	0.0048	0.0121	0.0057	0.0087	0.0132	0.0170	0.0163	0.0032	0.0180	0.0161	0.0016	0.0043	0.0058	0.0193	0.0068	0.0116	0.0064	0.0121	0.0186	0.0180	0.0074	0.0080	0.0010	0.0219	0.0144	0.0047	0.0043	0.0013	0.0158	0.0033	0.0082	
0.0221	0.0164	0.0070	0.0003	0.0162	0.0092	0.0220	0.0075	0.0144	0.0129	0.0011	0.0126	0.0146	0.0097	0.0158	0.0050	0.0000	0.0027	0.0094	0.0043	0.0161	0.0073	0.0084	0.0126	0.0217	0.0096	0.0092	0.0172	0.0082	0.0114	0.0146	0.0088	0.0173	0.0065	0.0034	0.0054	0.0004	0.0186	0.0106	0.0008	0.0097	0.0090	0.0026	0.0003	0.0076	0.0185	0.0104	0.0092	0.0015	0.0226	0.0046	0.0158	0.0048	0.0172	0.0160	0.0097	0.0097	0.0094	0.0039	0.0081	0.0041	0.0031	0.0148	0.0031	0.0042	0.0134	0.0191	0.0072	0.0038	0.0098	0.0052	0.0034	0.0120	0.0100	0.0153	0.0079	0.0042	0.0082	0.0139	0.0172	0.0027	0.0199	0.0174	0.0079	0.0093	0.0148	0.0040	0.0174	0.0109	0.0131	0.0128	0.0081	0.0135	0.0009	0.0174	0.0068	0.0089	0.0004	0.0157	0.0165	
0.0057	0.0018	0.0058	0.0116	0.0099	0.0011	0.0037	0.0158	0.0032	0.0061	0.0055	0.0030	0.0202	0.0060	0.0058	0.0051	0.0097	0.0073	0.0116	0.0090	0.0074	0.0159	0.0147	0.0059	0.0164	0.0105	0.0105	0.0160	0.0123	0.0086	0.0184	0.0040	0.0122	0.0190	0.0102	0.0182	0.0094	0.0004	0.0172	0.0078	0.0127	0.0118	0.0096	0.0194	0.0091	0.0102	0.0174	0.0069	0.0144	0.0113	0.0176	0.0149	0.0075	0.0053	0.0052	0.0065	0.0041	0.0161	0.0190	0.0009	0.0132	0.0095	0.0010	0.0142	0.0109	0.0019	0.0128	0.0183	0.0112	0.0055	0.0142	0.0102	0.0103	0.0058	0.0163	0.0181	0.0053	0.0159	0.0029	0.0016	0.0176	0.0007	0.0231	0.0021	0.0143	0.0160	0.0129	0.0052	0.0121	0.0051	0.0119	0.0083	0.0013	0.0131	0.0142	0.0023	0.0077	0.0167	0.0074	0.0056	
0.0022	0.0144	0.0099	0.0085	0.0092	0.0061	0.0039	0.0001	0.0078	0.0066	0.0008	0.0078	0.0206	0.0178	0.0037	0.0091	0.0129	0.0154	0.0185	0.0139	0.0048	0.0040	0.0077	0.0039	0.0118	0.0015	0.0094	0.0027	0.0112	0.0151	0.0087	0.0095	0.0094	0.0185	0.0154	0.0010	0.0046	0.0120	0.0119	0.0084	0.0168	0.0192	0.0136	0.0017	0.0061	0.0063	0.0031	0.0039	0.0117	0.0030	0.0137	0.0089	0.0243	0.0154	0.0013	0.0216	0.0081	0.0070	0.0202	0.0172	0.0222	0.0023	0.0070	0.0151	0.0021	0.0196	0.0216	0.0156	0.0164	0.0018	0.0055	0.0019	0.0075	0.0116	0.0199	0.0079	0.0078	0.0062	0.0015	0.0030	0.0182	0.0033	0.0131	0.0079	0.0047	0.0183	0.0069	0.0141	0.0173	0.0023	0.0129	0.0105	0.0141	0.0149	0.0098	0.0135	0.0067	0.0032	0.0211	0.0070	
0.0125	0.0060	0.0053	0.0083	0.0122	0.0087	0.0010	0.0100	0.0136	0.0109	0.0094	0.0029	0.0089	0.0173	0.0139	0.0130	0.0129	0.0168	0.0090	0.0061	0.0063	0.0013	0.0007	0.0090	0.0115	0.0088	0.0135	0.0168	0.0026	0.0060	0.0203	0.0047	0.0072	0.0109	0.0111	0.0118	0.0151	0.0031	0.0157	0.0177	0.0175	0.0229	0.0005	0.0228	0.0149	0.0090	0.0133	0.0133	0.0040	0.0156	0.0013	0.0082	0.0175	0.0137	0.0047	0.0093	0.0063	0.0121	0.0196	0.0083	0.0204	0.0091	0.0048	0.0099	0.0175	0.0076	0.0186	0.0160	0.0023	0.0009	0.0176	0.0092	0.0053	0.0145	0.0102	0.0078	0.0007	0.0007	0.0024	0.0199	0.0192	0.0169	0.0107	0.0077	0.0057	0.0083	0.0081	0.0135	0.0049	0.0045	0.0062	0.0026	0.0052	0.0056	0.0182	0.0082	0.0114	0.0127	0.0026	0.0049	
0.0167	0.0129	0.0102	0.0027	0.0124	0.0120	0.0035	0.0011	0.0032	0.0156	0.0076	0.0056	0.0115	0.0186	0.0085	0.0000	0.0202	0.0160	0.0035	0.0097	0.0169	0.0014	0.0118	0.0126	0.0154	0.0140	0.0045	0.0006	0.0160	0.0023	0.0141	0.0101	0.0175	0.0169	0.0047	0.0041	0.0046	0.0068	0.0165	0.0137	0.0041	0.0092	0.0089	0.0059	0.0173	0.0009	0.0175	0.0049	0.0184	0.0199	0.0088	0.0163	0.0093	0.0128	0.0089	0.0134	0.0022	0.0135	0.0081	0.0224	0.0094	0.0032	0.0049	0.0013	0.0061	0.0214	0.0075	0.0135	0.0138	0.0041	0.0133	0.0127	0.0015	0.0112	0.0062	0.0084	0.0110	0.0061	0.0020	0.0135	0.0200	0.0176	0.0037	0.0149	0.0146	0.0168	0.0006	0.0057	0.0061	0.0123	0.0019	0.0083	0.0218	0.0146	0.0042	0.0009	0.0025	0.0090	0.0208	0.0137	
0.0163	0.0010	0.0073	0.0125	0.0023	0.0160	0.0146	0.0210	0.0058	0.0012	0.0018	0.0163	0.0180	0.0159	0.0004	0.0077	0.0230	0.0074	0.0078	0.0106	0.0198	0.0011	0.0087	0.0010	0.0025	0.0043	0.0157	0.0099	0.0068	0.0050	0.0065	0.0029	0.0064	0.0052	0.0168	0.0170	0.0066	0.0134	0.0179	0.0207	0.0010	0.0038	0.0170	0.0053	0.0112	0.0057	0.0239	0.0035	0.0164	0.0174	0.0016	0.0124	0.0021	0.0115	0.0145	0.0151	0.0145	0.0091	0.0112	0.0240	0.0010	0.0092	0.0095	0.0014	0.0156	0.0278	0.0107	0.0068	0.0152	0.0016	0.0017	0.0085	0.0119	0.0095	0.0092	0.0180	0.0017	0.0031	0.0104	0.0164	0.0050	0.0102	0.0138	0.0099	0.0040	0.0123	0.0004	0.0154	0.0072	0.0073	0.0059	0.0113	0.0006	0.0142	0.0188	0.0132	0.0101	0.0189	0.0098	0.0062	
0.0185	0.0107	0.0070	0.0120	0.0111	0.0117	0.0014	0.0149	0.0014	0.0026	0.0103	0.0101	0.0266	0.0134	0.0151	0.0081	0.0167	0.0186	0.0177	0.0051	0.0206	0.0127	0.0003	0.0060	0.0165	0.0051	0.0092	0.0242	0.0112	0.0176	0.0028	0.0041	0.0146	0.0016	0.0182	0.0120	0.0023	0.0248	0.0228	0.0109	0.0099	0.0077	0.0147	0.0038	0.0161	0.0138	0.0230	0.0068	0.0013	0.0089	0.0197	0.0145	0.0008	0.0031	0.0088	0.0056	0.0102	0.0003	0.0175	0.0109	0.0046	0.0033	0.0021	0.0054	0.0004	0.0096	0.0174	0.0181	0.0171	0.0009	0.0065	0.0152	0.0001	0.0062	0.0175	0.0122	0.0180	0.0161	0.0115	0.0009	0.0054	0.0021	0.0195	0.0028	0.0210	0.0083	0.0027	0.0100	0.0119	0.0123	0.0017	0.0019	0.0038	0.0097	0.0079	0.0057	0.0043	0.0078	0.0037	0.0061	
0.0001	0.0016	0.0125	0.0002	0.0003	0.0174	0.0165	0.0169	0.0062	0.0141	0.0072	0.0196	0.0094	0.0184	0.0034	0.0019	0.0072	0.0156	0.0050	0.0132	0.0053	0.0035	0.0065	0.0005	0.0256	0.0046	0.0176	0.0116	0.0209	0.0098	0.0075	0.0079	0.0152	0.0053	0.0009	0.0038	0.0117	0.0182	0.0034	0.0004	0.0179	0.0104	0.0048	0.0123	0.0100	0.0067	0.0168	0.0074	0.0073	0.0056	0.0224	0.0052	0.0056	0.0101	0.0030	0.0163	0.0143	0.0121	0.0010	0.0155	0.0069	0.0041	0.0116	0.0182	0.0124	0.0217	0.0017	0.0033	0.0135	0.0220	0.0110	0.0125	0.0129	0.0050	0.0169	0.0196	0.0177	0.0155	0.0150	0.0123	0.0124	0.0066	0.0039	0.0136	0.0125	0.0006	0.0026	0.0022	0.0016	0.0042	0.0076	0.0007	0.0156	0.0084	0.0148	0.0137	0.0139	0.0103	0.0195	0.0102	
0.0071	0.0113	0.0106	0.0082	0.0129	0.0097	0.0091	0.0243	0.0139	0.0066	0.0178	0.0213	0.0247	0.0081	0.0040	0.0005	0.0009	0.0230	0.0044	0.0110	0.0170	0.0208	0.0018	0.0070	0.0111	0.0117	0.0146	0.0106	0.0125	0.0067	0.0026	0.0112	0.0166	0.0048	0.0069	0.0195	0.0117	0.0189	0.0017	0.0024	0.0115	0.0042	0.0076	0.0158	0.0065	0.0081	0.0053	0.0080	0.0044	0.0168	0.0126	0.0171	0.0071	0.0085	0.0121	0.0082	0.0103	0.0035	0.0183	0.0053	0.0194	0.0012	0.0094	0.0091	0.0057	0.0125	0.0037	0.0142	0.0022	0.0038	0.0075	0.0055	0.0167	0.0019	0.0011	0.0124	0.0123	0.0073	0.0039	0.0025	0.0063	0.0063	0.0055	0.0149	0.0176	0.0083	0.0030	0.0089	0.0123	0.0002	0.0101	0.0076	0.0260	0.0182	0.0072	0.0101	0.0128	0.0176	0.0121	0.0120	
0.0056	0.0091	0.0038	0.0155	0.0034	0.0038	0.0154	0.0050	0.0053	0.0007	0.0141	0.0019	0.0340	0.0137	0.0201	0.0060	0.0176	0.0102	0.0118	0.0159	0.0082	0.0130	0.0020	0.0009	0.0129	0.0002	0.0095	0.0008	0.0149	0.0112	0.0196	0.0157	0.0177	0.0084	0.0134	0.0122	0.0009	0.0075	0.0165	0.0113	0.0120	0.0192	0.0029	0.0103	0.0053	0.0070	0.0110	0.0035	0.0192	0.0205	0.0182	0.0030	0.0065	0.0129	0.0061	0.0149	0.0064	0.0032	0.0066	0.0068	0.0182	0.0150	0.0079	0.0159	0.0030	0.0032	0.0048	0.0125	0.0178	0.0025	0.0060	0.0094	0.0137	0.0023	0.0063	0.0091	0.0103	0.0108	0.0141	0.0043	0.0104	0.0046	0.0013	0.0139	0.0178	0.0137	0.0067	0.0045	0.0234	0.0051	0.0065	0.0130	0.0251	0.0065	0.0166	0.0165	0.0067	0.0059	0.0077	0.0017	
0.0035	0.0130	0.0039	0.0108	0.0056	0.0023	0.0030	0.0031	0.0058	0.0002	0.0171	0.0124	0.0147	0.0006	0.0159	0.0058	0.0139	0.0083	0.0143	0.0083	0.0158	0.0146	0.0092	0.0073	0.0124	0.0133	0.0136	0.0202	0.0066	0.0114	0.0187	0.0028	0.0064	0.0132	0.0006	0.0093	0.0168	0.0070	0.0104	0.0101	0.0124	0.0034	0.0219	0.0153	0.0056	0.0088	0.0093	0.0260	0.0102	0.0025	0.0276	0.0145	0.0100	0.0142	0.0036	0.0110	0.0016	0.0115	0.0012	0.0229	0.0086	0.0083	0.0131	0.0153	0.0008	0.0262	0.0130	0.0147	0.0205	0.0174	0.0102	0.0077	0.0018	0.0025	0.0154	0.0113	0.0150	0.0113	0.0023	0.0028	0.0009	0.0145	0.0236	0.0046	0.0101	0.0003	0.0088	0.0050	0.0081	0.0063	0.0126	0.0033	0.0030	0.0068	0.0041	0.0198	0.0059	0.0024	0.0210	0.0056	
0.0018	0.0150	0.0139	0.0177	0.0075	0.0098	0.0151	0.0078	0.0159	0.0137	0.0070	0.0093	0.0129	0.0191	0.0167	0.0183	0.0150	0.0086	0.0030	0.0012	0.0042	0.0005	0.0097	0.0033	0.0083	0.0093	0.0071	0.0165	0.0006	0.0001	0.0013	0.0149	0.0172	0.0143	0.0028	0.0059	0.0135	0.0028	0.0180	0.0029	0.0059	0.0071	0.0091	0.0100	0.0083	0.0035	0.0136	0.0057	0.0127	0.0048	0.0055	0.0002	0.0034	0.0166	0.0053	0.0009	0.0097	0.0146	0.0084	0.0189	0.0026	0.0239	0.0052	0.0195	0.0185	0.0172	0.0110	0.0159	0.0127	0.0111	0.0046	0.0116	0.0122	0.0002	0.0164	0.0217	0.0092	0.0199	0.0191	0.0034	0.0212	0.0003	0.0047	0.0136	0.0158	0.0010	0.0088	0.0024	0.0077	0.0026	0.0185	0.0004	0.0184	0.0180	0.0003	0.0059	0.0182	0.0181	0.0125	0.0092	
0.0151	0.0117	0.0110	0.0165	0.0147	0.0136	0.0076	0.0031	0.0004	0.0050	0.0113	0.0081	0.0194	0.0060	0.0197	0.0013	0.0161	0.0084	0.0029	0.0154	0.0052	0.0070	0.0087	0.0076	0.0148	0.0036	0.0177	0.0165	0.0195	0.0086	0.0205	0.0160	0.0074	0.0066	0.0077	0.0051	0.0065	0.0066	0.0197	0.0200	0.0141	0.0075	0.0015	0.0017	0.0107	0.0094	0.0063	0.0082	0.0181	0.0205	0.0119	0.0078	0.0115	0.0159	0.0055	0.0064	0.0036	0.0017	0.0048	0.0167	0.0200	0.0136	0.0024	0.0116	0.0067	0.0195	0.0005	0.0084	0.0158	0.0130	0.0130	0.0096	0.0101	0.0038	0.0020	0.0195	0.0055	0.0068	0.0013	0.0032	0.0176	0.0077	0.0175	0.0011	0.0186	0.0093	0.0040	0.0090	0.0214	0.0028	0.0016	0.0038	0.0014	0.0009	0.0203	0.0211	0.0035	0.0096	0.0150	0.0110	
0.0114	0.0133	0.0090	0.0048	0.0024	0.0009	0.0160	0.0076	0.0129	0.0056	0.0179	0.0179	0.0005	0.0010	0.0192	0.0078	0.0194	0.0011	0.0106	0.0171	0.0119	0.0087	0.0078	0.0071	0.0127	0.0088	0.0098	0.0171	0.0038	0.0024	0.0150	0.0165	0.0134	0.0081	0.0102	0.0009	0.0135	0.0116	0.0223	0.0179	0.0153	0.0195	0.0126	0.0106	0.0037	0.0044	0.0058	0.0003	0.0031	0.0092	0.0012	0.0021	0.0214	0.0146	0.0016	0.0229	0.0062	0.0172	0.0148	0.0167	0.0134	0.0037	0.0019	0.0133	0.0127	0.0057	0.0037	0.0122	0.0070	0.0154	0.0134	0.0091	0.0025	0.0132	0.0037	0.0146	0.0135	0.0162	0.0090	0.0053	0.0041	0.0080	0.0114	0.0124	0.0017	0.0098	0.0126	0.0137	0.0061	0.0104	0.0117	0.0100	0.0165	0.0028	0.0050	0.0107	0.0118	0.0023	0.0164	0.0137	
0.0026	0.0096	0.0155	0.0063	0.0102	0.0095	0.0204	0.0038	0.0108	0.0068	0.0049	0.0109	0.0076	0.0082	0.0098	0.0046	0.0143	0.0049	0.0089	0.0042	0.0073	0.0054	0.0065	0.0105	0.0039	0.0136	0.0152	0.0007	0.0093	0.0113	0.0162	0.0102	0.0032	0.0113	0.0033	0.0119	0.0146	0.0019	0.0040	0.0102	0.0126	0.0137	0.0036	0.0153	0.0094	0.0035	0.0084	0.0062	0.0118	0.0197	0.0142	0.0077	0.0126	0.0086	0.0108	0.0130	0.0043	0.0201	0.0032	0.0108	0.0175	0.0175	0.0105	0.0184	0.0110	0.0112	0.0069	0.0164	0.0032	0.0188	0.0093	0.0147	0.0020	0.0007	0.0104	0.0147	0.0012	0.0105	0.0063	0.0178	0.0104	0.0062	0.0084	0.0089	0.0178	0.0067	0.0151	0.0122	0.0192	0.0065	0.0057	0.0115	0.0150	0.0110	0.0102	0.0153	0.0183	0.0061	0.0035	0.0194	
0.0209	0.0109	0.0028	0.0138	0.0070	0.0024	0.0071	0.0144	0.0177	0.0126	0.0152	0.0147	0.0201	0.0043	0.0033	0.0097	0.0125	0.0034	0.0189	0.0045	0.0148	0.0132	0.0182	0.0110	0.0115	0.0147	0.0166	0.0180	0.0093	0.0175	0.0184	0.0192	0.0073	0.0107	0.0014	0.0168	0.0019	0.0163	0.0012	0.0188	0.0011	0.0095	0.0115	0.0035	0.0138	0.0121	0.0051	0.0151	0.0085	0.0226	0.0048	0.0136	0.0082	0.0220	0.0024	0.0047	0.0133	0.0065	0.0053	0.0213	0.0103	0.0158	0.0020	0.0020	0.0011	0.0282	0.0084	0.0029	0.0022	0.0040	0.0090	0.0183	0.0024	0.0028	0.0033	0.0051	0.0013	0.0139	0.0041	0.0164	0.0091	0.0196	0.0043	0.0087	0.0148	0.0004	0.0080	0.0066	0.0082	0.0173	0.0047	0.0108	0.0101	0.0044	0.0088	0.0068	0.0050	0.0104	0.0021	0.0084	
0.0074	0.0011	0.0106	0.0035	0.0082	0.0051	0.0111	0.0045	0.0153	0.0164	0.0022	0.0198	0.0036	0.0063	0.0069	0.0085	0.0113	0.0129	0.0079	0.0008	0.0113	0.0198	0.0137	0.0029	0.0187	0.0162	0.0108	0.0201	0.0157	0.0185	0.0189	0.0118	0.0121	0.0133	0.0104	0.0072	0.0057	0.0227	0.0008	0.0082	0.0080	0.0046	0.0098	0.0078	0.0154	0.0043	0.0144	0.0003	0.0182	0.0198	0.0159	0.0154	0.0033	0.0009	0.0009	0.0081	0.0048	0.0079	0.0041	0.0167	0.0162	0.0142	0.0090	0.0184	0.0009	0.0133	0.0072	0.0111	0.0185	0.0174	0.0031	0.0105	0.0094	0.0190	0.0134	0.0063	0.0090	0.0074	0.0081	0.0138	0.0031	0.0096	0.0009	0.0144	0.0034	0.0037	0.0075	0.0102	0.0117	0.0033	0.0024	0.0160	0.0187	0.0065	0.0137	0.0135	0.0127	0.0089	0.0081	0.0028	
0.0216	0.0011	0.0034	0.0172	0.0102	0.0022	0.0026	0.0037	0.0071	0.0101	0.0178	0.0201	0.0257	0.0108	0.0113	0.0035	0.0148	0.0100	0.0151	0.0186	0.0048	0.0140	0.0199	0.0078	0.0195	0.0055	0.0186	0.0055	0.0069	0.0166	0.0130	0.0189	0.0010	0.0052	0.0143	0.0018	0.0062	0.0030	0.0040	0.0011	0.0017	0.0051	0.0033	0.0176	0.0068	0.0052	0.0208	0.0061	0.0154	0.0103	0.0008	0.0026	0.0172	0.0094	0.0157	0.0024	0.0013	0.0119	0.0017	0.0080	0.0071	0.0194	0.0130	0.0101	0.0026	0.0238	0.0207	0.0146	0.0116	0.0091	0.0169	0.0121	0.0068	0.0152	0.0147	0.0004	0.0104	0.0029	0.0070	0.0107	0.0087	0.0104	0.0112	0.0142	0.0189	0.0081	0.0026	0.0102	0.0068	0.0143	0.0006	0.0093	0.0012	0.0156	0.0144	0.0045	0.0069	0.0150	0.0151	0.0054	
0.0095	0.0024	0.0107	0.0058	0.0072	0.0088	0.0142	0.0227	0.0142	0.0133	0.0099	0.0180	0.0072	0.0109	0.0232	0.0114	0.0095	0.0144	0.0098	0.0148	0.0185	0.0048	0.0078	0.0118	0.0084	0.0029	0.0119	0.0220	0.0005	0.0112	0.0135	0.0189	0.0095	0.0006	0.0013	0.0046	0.0139	0.0026	0.0098	0.0076	0.0163	0.0034	0.0148	0.0077	0.0044	0.0021	0.0124	0.0116	0.0152	0.0195	0.0195	0.0079	0.0044	0.0185	0.0065	0.0055	0.0103	0.0144	0.0217	0.0100	0.0005	0.0011	0.0164	0.0038	0.0048	0.0196	0.0118	0.0039	0.0086	0.0133	0.0013	0.0063	0.0074	0.0024	0.0009	0.0152	0.0092	0.0013	0.0109	0.0046	0.0103	0.0205	0.0218	0.0026	0.0162	0.0026	0.0105	0.0078	0.0135	0.0126	0.0123	0.0150	0.0033	0.0173	0.0095	0.0138	0.0031	0.0091	0.0014	0.0073	

Emissions
0.1691	0.0892	0.0169	0.0137	0.3347	0.1626	0.2138	
0.0140	0.2517	0.1770	0.1037	0.2399	0.0532	0.1605	
0.2486	0.0565	0.0671	0.3796	0.2067	0.0327	0.0088	
0.2884	0.2341	0.1450	0.0220	0.0673	0.0727	0.1705	
0.2149	0.2088	0.1265	0.2440	0.0023	0.0325	0.1710	
0.0564	0.3332	0.1794	0.0757	0.1635	0.0468	0.1450	
0.1473	0.1539	0.0324	0.1033	0.3114	0.2133	0.0384	
0.0731	0.0844	0.0763	0.0269	0.3443	0.2230	0.1719	
0.1840	0.1455	0.2352	0.0902	0.1027	0.1546	0.0878	
0.1127	0.2487	0.2236	0.2379	0.0130	0.0073	0.1568	
0.0407	0.1681	0.0928	0.2032	0.3486	0.0688	0.0778	
0.2501	0.0912	0.0338	0.0399	0.2883	0.1847	0.1120	
0.0039	0.0128	0.1368	0.0137	0.2708	0.4188	0.1432	
0.0803	0.3015	0.1435	0.0342	0.3528	0.0640	0.0237	
0.0992	0.0932	0.0933	0.1117	0.2380	0.3345	0.0300	
0.1625	0.3754	0.0530	0.2271	0.0199	0.0332	0.1289	
0.0214	0.2511	0.0553	0.0877	0.3061	0.1812	0.0970	
0.1128	0.1595	0.1710	0.1297	0.1116	0.0228	0.2925	
0.1870	0.2554	0.1953	0.0173	0.0597	0.1003	0.1850	
0.0205	0.4022	0.1344	0.0754	0.3165	0.0426	0.0085	
0.0434	0.1454	0.0570	0.1927	0.2542	0.2231	0.0841	
0.1708	0.1182	0.1156	0.1641	0.1332	0.1105	0.1876	
0.0037	0.4478	0.0920	0.0760	0.2468	0.0466	0.0870	
0.0146	0.3414	0.1646	0.4346	0.0410	0.0028	0.0009	
0.2728	0.1943	0.0700	0.0135	0.2078	0.1809	0.0608	
0.0075	0.1016	0.1917	0.1075	0.1400	0.2487	0.2030	
0.1284	0.0497	0.0468	0.1045	0.2920	0.3522	0.0266	
0.0174	0.1192	0.0096	0.0663	0.0970	0.6729	0.0176	
0.1605	0.1124	0.1303	0.0642	0.2579	0.0565	0.2183	
0.1475	0.0836	0.1613	0.1225	0.0630	0.2117	0.2104	
0.1123	0.1469	0.1063	0.0243	0.2547	0.1991	0.1563	
0.0811	0.1439	0.0403	0.0533	0.1237	0.3430	0.2145	
0.1022	0.1134	0.1950	0.0864	0.3577	0.0552	0.0901	
0.2359	0.0444	0.0766	0.0844	0.1348	0.2586	0.1653	
0.2704	0.1523	0.2340	0.0988	0.0175	0.0414	0.1857	
0.2442	0.2375	0.0574	0.1274	0.0813	0.1299	0.1223	
0.2441	0.1396	0.2611	0.0565	0.1700	0.0195	0.1093	
0.0233	0.0215	0.1414	0.0599	0.2414	0.3741	0.1383	
0.0813	0.0465	0.1126	0.0469	0.3263	0.2586	0.1278	
0.0657	0.2190	0.0066	0.0854	0.3735	0.0823	0.1676	
0.1392	0.1285	0.1503	0.0701	0.2373	0.2233	0.0512	
0.1834	0.1760	0.0667	0.0084	0.2869	0.1038	0.1750	
0.0826	0.0930	0.2856	0.1416	0.2318	0.0285	0.1369	
0.0964	0.2910	0.0542	0.0839	0.1932	0.1717	0.1096	
0.1956	0.1548	0.0082	0.0444	0.2282	0.2933	0.0755	
0.0967	0.2288	0.1605	0.1329	0.2439	0.0287	0.1086	
0.1597	0.0730	0.0474	0.0195	0.2081	0.2470	0.2452	
0.1075	0.0238	0.3098	0.0670	0.1892	0.1476	0.1551	
0.2049	0.2207	0.0466	0.0653	0.0295	0.2383	0.1948	
0.1688	0.0688	0.1180	0.0066	0.2840	0.1641	0.1898	
0.0930	0.0008	0.1278	0.0498	0.2783	0.3105	0.1399	
0.1487	0.0171	0.0731	0.3041	0.0388	0.1569	0.2614	
0.1756	0.0794	0.0248	0.0594	0.2166	0.2849	0.1593	
0.0174	0.2449	0.0753	0.1238	0.1382	0.1869	0.2136	
0.1562	0.3118	0.0122	0.2547	0.1166	0.0188	0.1298	
0.0206	0.0057	0.2328	0.0787	0.1957	0.3148	0.1517	
0.1343	0.4333	0.0871	0.0018	0.1313	0.0051	0.2071	
0.3315	0.1286	0.1715	0.0124	0.2213	0.0149	0.1199	
0.0442	0.1360	0.1742	0.0944	0.3250	0.1336	0.0927	
0.0909	0.0349	0.0125	0.0746	0.0904	0.4990	0.1978	
0.1024	0.1506	0.0047	0.0412	0.2669	0.2095	0.2247	
0.1710	0.1738	0.1102	0.0018	0.2904	0.0523	0.2005	
0.0760	0.1505	0.1810	0.1898	0.1034	0.1006	0.1987	
0.1076	0.2159	0.1457	0.0577	0.2536	0.1742	0.0454	
0.3360	0.1474	0.0991	0.0303	0.0412	0.0750	0.2710	
0.0021	0.1421	0.1633	0.0035	0.2636	0.3184	0.1070	
0.1354	0.0958	0.1426	0.0300	0.3323	0.2495	0.0144	
0.1403	0.0787	0.1341	0.1723	0.1916	0.1688	0.1143	
0.1702	0.0391	0.2093	0.0670	0.1319	0.1198	0.2627	
0.1245	0.1206	0.1716	0.1454	0.3378	0.0414	0.0587	
0.1653	0.3036	0.1744	0.0811	0.1702	0.0631	0.0423	
0.2092	0.2075	0.0671	0.0659	0.3142	0.0914	0.0446	
0.0246	0.4506	0.0503	0.2226	0.1110	0.0162	0.1246	
0.0948	0.2633	0.0831	0.0667	0.2166	0.1230	0.1525	
0.1980	0.1401	0.0747	0.0690	0.0862	0.2402	0.1917	
0.0962	0.2112	0.1313	0.0155	0.2989	0.2225	0.0245	
0.1984	0.1751	0.0678	0.1096	0.0160	0.3015	0.1316	
0.1933	0.2613	0.0614	0.1651	0.0369	0.2125	0.0695	
0.2134	0.1440	0.0048	0.1428	0.2691	0.0909	0.1351	
0.1582	0.3230	0.1188	0.0550	0.1577	0.0228	0.1645	
0.1821	0.1769	0.0661	0.0787	0.2528	0.0940	0.1495	
0.0960	0.0630	0.1746	0.1036	0.3908	0.1291	0.0428	
0.1977	0.0351	0.1578	0.0175	0.2947	0.2255	0.0718	
0.1527	0.2326	0.1046	0.2188	0.0141	0.2624	0.0149	
0.1594	0.1386	0.0937	0.0579	0.1838	0.1968	0.1699	
0.0060	0.3880	0.0382	0.0904	0.2209	0.1072	0.1493	
0.0718	0.1809	0.0603	0.2190	0.0686	0.1533	0.2462	
0.1200	0.3686	0.0101	0.1858	0.1854	0.0407	0.0893	
0.0506	0.0189	0.1540	0.1070	0.3334	0.2377	0.0985	
0.0827	0.4819	0.0033	0.0417	0.1875	0.0173	0.1854	
0.0693	0.3858	0.2252	0.1107	0.0299	0.1472	0.0318	
0.0133	0.0721	0.2679	0.5397	0.0028	0.0155	0.0887	
0.0112	0.1782	0.0093	0.0192	0.1847	0.3153	0.2820	
0.1457	0.1522	0.1223	0.1295	0.2688	0.0367	0.1447	
0.1133	0.0703	0.1937	0.1261	0.1362	0.2799	0.0804	
0.0075	0.1324	0.0767	0.1273	0.4602	0.1445	0.0513	
0.2153	0.2398	0.1450	0.1419	0.1600	0.0096	0.0883	
0.0784	0.5276	0.0009	0.0577	0.2334	0.0070	0.0950	
0.0729	0.0502	0.2032	0.0352	0.2768	0.1413	0.2203	
0.3058	0.1003	0.0927	0.3016	0.1891	0.0062	0.0043	
