DataSet 41
Learner: Baum Welch Learner
Log Likelihood: 68655.1248368060

Number of States: 60
Number of Symbols: 7
Threshold: 0.01

Initial Distribution:
0.0099	0.0132	0.0203	0.0031	0.0574	0.0048	0.0042	0.0403	0.0000	0.0013	0.0002	0.0118	0.0119	0.0393	0.0057	0.0002	0.0179	0.0022	0.0209	0.0023	0.0042	0.0011	0.0062	0.0372	0.0022	0.0074	0.0198	0.0352	0.0152	0.0123	0.0125	0.0030	0.0040	0.0082	0.0448	0.0859	0.0001	0.0278	0.0099	0.0017	0.0405	0.0019	0.0026	0.0028	0.0182	0.0332	0.0186	0.0200	0.0118	0.0187	0.0332	0.0506	0.0026	0.0869	0.0167	0.0143	0.0031	0.0087	0.0057	0.0042	

Transitions:
0.0316	0.0252	0.0023	0.0029	0.0006	0.0267	0.0279	0.0090	0.0019	0.0287	0.0415	0.0276	0.0221	0.0090	0.0182	0.0117	0.0344	0.0135	0.0036	0.0337	0.0062	0.0409	0.0138	0.0090	0.0027	0.0170	0.0048	0.0062	0.0016	0.0146	0.0241	0.0141	0.0297	0.0049	0.0097	0.0050	0.0051	0.0119	0.0067	0.0259	0.0259	0.0011	0.0235	0.0276	0.0133	0.0005	0.0032	0.0245	0.0160	0.0208	0.0126	0.0293	0.0195	0.0234	0.0081	0.0310	0.0083	0.0298	0.0350	0.0202	
0.0238	0.0221	0.0058	0.0236	0.0264	0.0191	0.0295	0.0209	0.0000	0.0120	0.0065	0.0178	0.0044	0.0135	0.0029	0.0047	0.0116	0.0223	0.0232	0.0023	0.0114	0.0141	0.0293	0.0122	0.0021	0.0370	0.0242	0.0055	0.0291	0.0108	0.0304	0.0124	0.0092	0.0192	0.0019	0.0055	0.0291	0.0300	0.0278	0.0332	0.0045	0.0154	0.0366	0.0059	0.0131	0.0249	0.0175	0.0048	0.0234	0.0035	0.0183	0.0202	0.0004	0.0279	0.0088	0.0107	0.0218	0.0288	0.0193	0.0273	
0.0250	0.0209	0.0226	0.0255	0.0091	0.0266	0.0105	0.0183	0.0156	0.0305	0.0125	0.0146	0.0193	0.0273	0.0337	0.0338	0.0157	0.0188	0.0287	0.0114	0.0071	0.0227	0.0183	0.0248	0.0239	0.0082	0.0094	0.0112	0.0094	0.0226	0.0110	0.0009	0.0099	0.0370	0.0021	0.0123	0.0265	0.0056	0.0293	0.0193	0.0136	0.0046	0.0288	0.0310	0.0240	0.0047	0.0001	0.0022	0.0003	0.0176	0.0301	0.0068	0.0294	0.0071	0.0231	0.0056	0.0060	0.0009	0.0287	0.0035	
0.0209	0.0360	0.0087	0.0283	0.0122	0.0094	0.0030	0.0239	0.0375	0.0219	0.0043	0.0102	0.0213	0.0086	0.0360	0.0047	0.0277	0.0259	0.0280	0.0227	0.0090	0.0104	0.0155	0.0276	0.0334	0.0104	0.0050	0.0028	0.0093	0.0309	0.0082	0.0257	0.0068	0.0301	0.0027	0.0145	0.0354	0.0062	0.0149	0.0200	0.0035	0.0119	0.0100	0.0207	0.0119	0.0172	0.0126	0.0162	0.0141	0.0203	0.0133	0.0169	0.0039	0.0117	0.0266	0.0104	0.0181	0.0176	0.0268	0.0062	
0.0042	0.0335	0.0090	0.0393	0.0051	0.0130	0.0023	0.0293	0.0091	0.0125	0.0107	0.0224	0.0065	0.0103	0.0165	0.0339	0.0289	0.0348	0.0108	0.0113	0.0282	0.0252	0.0251	0.0184	0.0163	0.0233	0.0149	0.0217	0.0284	0.0258	0.0010	0.0122	0.0117	0.0079	0.0098	0.0032	0.0440	0.0051	0.0111	0.0351	0.0127	0.0145	0.0138	0.0032	0.0071	0.0168	0.0057	0.0253	0.0270	0.0269	0.0092	0.0175	0.0025	0.0099	0.0150	0.0161	0.0092	0.0264	0.0160	0.0132	
0.0256	0.0093	0.0021	0.0176	0.0064	0.0290	0.0082	0.0011	0.0371	0.0120	0.0034	0.0229	0.0127	0.0108	0.0287	0.0125	0.0062	0.0209	0.0097	0.0272	0.0194	0.0346	0.0278	0.0281	0.0141	0.0125	0.0077	0.0232	0.0264	0.0262	0.0209	0.0033	0.0183	0.0326	0.0048	0.0047	0.0148	0.0276	0.0272	0.0121	0.0148	0.0061	0.0311	0.0233	0.0205	0.0143	0.0037	0.0164	0.0199	0.0015	0.0109	0.0198	0.0120	0.0192	0.0239	0.0259	0.0136	0.0032	0.0013	0.0288	
0.0232	0.0103	0.0055	0.0027	0.0130	0.0341	0.0018	0.0185	0.0112	0.0247	0.0434	0.0099	0.0233	0.0293	0.0087	0.0178	0.0347	0.0039	0.0050	0.0348	0.0080	0.0271	0.0104	0.0262	0.0197	0.0065	0.0230	0.0282	0.0031	0.0062	0.0209	0.0105	0.0259	0.0400	0.0229	0.0059	0.0002	0.0271	0.0088	0.0293	0.0167	0.0244	0.0171	0.0031	0.0040	0.0022	0.0259	0.0118	0.0189	0.0149	0.0355	0.0132	0.0323	0.0055	0.0221	0.0015	0.0009	0.0137	0.0194	0.0113	
0.0119	0.0038	0.0152	0.0028	0.0291	0.0230	0.0142	0.0295	0.0114	0.0490	0.0167	0.0081	0.0259	0.0118	0.0144	0.0255	0.0075	0.0085	0.0223	0.0179	0.0106	0.0139	0.0179	0.0213	0.0073	0.0150	0.0119	0.0220	0.0110	0.0244	0.0070	0.0276	0.0068	0.0346	0.0191	0.0135	0.0030	0.0110	0.0072	0.0210	0.0238	0.0038	0.0070	0.0195	0.0016	0.0259	0.0154	0.0226	0.0306	0.0007	0.0271	0.0276	0.0254	0.0036	0.0009	0.0004	0.0246	0.0353	0.0326	0.0170	
0.0077	0.0224	0.0134	0.0196	0.0186	0.0193	0.0006	0.0247	0.0215	0.0293	0.0196	0.0215	0.0237	0.0040	0.0232	0.0048	0.0035	0.0225	0.0143	0.0135	0.0233	0.0238	0.0242	0.0075	0.0230	0.0117	0.0261	0.0022	0.0242	0.0146	0.0177	0.0059	0.0114	0.0217	0.0061	0.0187	0.0165	0.0174	0.0216	0.0079	0.0201	0.0182	0.0297	0.0282	0.0113	0.0256	0.0183	0.0096	0.0099	0.0229	0.0248	0.0231	0.0062	0.0112	0.0133	0.0128	0.0215	0.0064	0.0213	0.0122	
0.0258	0.0335	0.0276	0.0063	0.0042	0.0103	0.0133	0.0074	0.0279	0.0322	0.0206	0.0146	0.0029	0.0074	0.0222	0.0079	0.0242	0.0278	0.0209	0.0283	0.0171	0.0187	0.0243	0.0017	0.0218	0.0348	0.0278	0.0239	0.0015	0.0196	0.0016	0.0116	0.0191	0.0093	0.0154	0.0180	0.0181	0.0238	0.0226	0.0031	0.0179	0.0179	0.0201	0.0152	0.0082	0.0092	0.0154	0.0222	0.0247	0.0095	0.0202	0.0001	0.0110	0.0268	0.0209	0.0083	0.0038	0.0277	0.0162	0.0058	
0.0127	0.0143	0.0067	0.0114	0.0217	0.0069	0.0320	0.0236	0.0256	0.0322	0.0251	0.0031	0.0028	0.0185	0.0088	0.0333	0.0299	0.0072	0.0216	0.0138	0.0078	0.0380	0.0071	0.0191	0.0316	0.0018	0.0286	0.0201	0.0111	0.0063	0.0199	0.0232	0.0057	0.0205	0.0229	0.0038	0.0119	0.0081	0.0241	0.0026	0.0139	0.0325	0.0072	0.0314	0.0240	0.0196	0.0224	0.0168	0.0237	0.0009	0.0115	0.0291	0.0043	0.0038	0.0236	0.0106	0.0054	0.0180	0.0123	0.0235	
0.0113	0.0032	0.0111	0.0250	0.0050	0.0299	0.0311	0.0167	0.0006	0.0044	0.0232	0.0262	0.0121	0.0204	0.0400	0.0143	0.0267	0.0115	0.0249	0.0124	0.0048	0.0088	0.0027	0.0108	0.0309	0.0267	0.0162	0.0020	0.0203	0.0100	0.0237	0.0284	0.0233	0.0009	0.0217	0.0086	0.0210	0.0178	0.0248	0.0306	0.0203	0.0150	0.0307	0.0225	0.0131	0.0151	0.0118	0.0139	0.0054	0.0225	0.0189	0.0295	0.0255	0.0017	0.0210	0.0042	0.0009	0.0040	0.0235	0.0167	
0.0100	0.0228	0.0214	0.0248	0.0029	0.0199	0.0294	0.0131	0.0387	0.0207	0.0350	0.0059	0.0129	0.0246	0.0199	0.0294	0.0147	0.0142	0.0218	0.0073	0.0084	0.0025	0.0300	0.0277	0.0214	0.0017	0.0027	0.0181	0.0126	0.0167	0.0062	0.0095	0.0200	0.0092	0.0125	0.0194	0.0173	0.0000	0.0147	0.0224	0.0184	0.0336	0.0188	0.0188	0.0174	0.0082	0.0082	0.0169	0.0130	0.0266	0.0200	0.0174	0.0085	0.0119	0.0049	0.0073	0.0280	0.0303	0.0266	0.0025	
0.0256	0.0061	0.0009	0.0121	0.0106	0.0207	0.0125	0.0123	0.0208	0.0340	0.0115	0.0187	0.0329	0.0008	0.0219	0.0130	0.0191	0.0149	0.0060	0.0146	0.0297	0.0186	0.0119	0.0236	0.0382	0.0311	0.0024	0.0120	0.0039	0.0080	0.0326	0.0215	0.0004	0.0159	0.0070	0.0194	0.0456	0.0111	0.0111	0.0100	0.0029	0.0016	0.0100	0.0306	0.0190	0.0065	0.0196	0.0095	0.0013	0.0321	0.0304	0.0219	0.0293	0.0220	0.0136	0.0080	0.0305	0.0167	0.0116	0.0200	
0.0155	0.0351	0.0054	0.0108	0.0207	0.0221	0.0151	0.0178	0.0274	0.0352	0.0140	0.0054	0.0021	0.0258	0.0084	0.0231	0.0050	0.0167	0.0002	0.0280	0.0056	0.0326	0.0110	0.0076	0.0128	0.0136	0.0211	0.0084	0.0013	0.0289	0.0213	0.0170	0.0263	0.0232	0.0236	0.0025	0.0269	0.0301	0.0004	0.0271	0.0219	0.0318	0.0171	0.0045	0.0126	0.0181	0.0120	0.0211	0.0138	0.0187	0.0018	0.0099	0.0122	0.0137	0.0095	0.0189	0.0182	0.0299	0.0279	0.0114	
0.0012	0.0050	0.0195	0.0349	0.0045	0.0295	0.0083	0.0124	0.0061	0.0055	0.0374	0.0078	0.0165	0.0051	0.0033	0.0075	0.0138	0.0059	0.0258	0.0317	0.0312	0.0358	0.0340	0.0129	0.0341	0.0172	0.0028	0.0146	0.0120	0.0040	0.0143	0.0321	0.0002	0.0250	0.0296	0.0158	0.0156	0.0250	0.0370	0.0207	0.0149	0.0061	0.0296	0.0118	0.0291	0.0282	0.0238	0.0067	0.0156	0.0067	0.0106	0.0181	0.0049	0.0046	0.0146	0.0053	0.0073	0.0065	0.0330	0.0273	
0.0243	0.0227	0.0003	0.0013	0.0189	0.0267	0.0075	0.0253	0.0119	0.0179	0.0258	0.0211	0.0047	0.0051	0.0118	0.0238	0.0047	0.0189	0.0137	0.0030	0.0186	0.0299	0.0027	0.0041	0.0265	0.0327	0.0220	0.0228	0.0026	0.0180	0.0102	0.0086	0.0164	0.0083	0.0243	0.0177	0.0040	0.0204	0.0175	0.0294	0.0179	0.0296	0.0310	0.0273	0.0126	0.0143	0.0075	0.0252	0.0231	0.0212	0.0006	0.0181	0.0193	0.0244	0.0041	0.0269	0.0166	0.0277	0.0061	0.0205	
0.0062	0.0162	0.0248	0.0329	0.0049	0.0167	0.0058	0.0321	0.0143	0.0329	0.0277	0.0157	0.0294	0.0170	0.0214	0.0263	0.0348	0.0071	0.0211	0.0150	0.0280	0.0403	0.0043	0.0090	0.0241	0.0314	0.0200	0.0233	0.0042	0.0310	0.0030	0.0116	0.0143	0.0351	0.0272	0.0057	0.0065	0.0051	0.0276	0.0005	0.0126	0.0148	0.0294	0.0039	0.0071	0.0187	0.0171	0.0038	0.0123	0.0156	0.0009	0.0148	0.0059	0.0269	0.0013	0.0120	0.0079	0.0201	0.0057	0.0148	
0.0308	0.0121	0.0245	0.0203	0.0170	0.0105	0.0010	0.0027	0.0335	0.0118	0.0207	0.0283	0.0125	0.0214	0.0395	0.0115	0.0059	0.0370	0.0011	0.0028	0.0029	0.0194	0.0186	0.0208	0.0304	0.0239	0.0032	0.0183	0.0306	0.0141	0.0273	0.0223	0.0299	0.0128	0.0045	0.0003	0.0242	0.0043	0.0196	0.0327	0.0168	0.0221	0.0148	0.0017	0.0016	0.0065	0.0009	0.0154	0.0296	0.0278	0.0076	0.0096	0.0173	0.0024	0.0121	0.0134	0.0304	0.0074	0.0225	0.0348	
0.0077	0.0166	0.0066	0.0143	0.0097	0.0282	0.0310	0.0030	0.0212	0.0442	0.0298	0.0011	0.0131	0.0030	0.0221	0.0211	0.0030	0.0161	0.0164	0.0244	0.0230	0.0271	0.0289	0.0027	0.0078	0.0284	0.0047	0.0251	0.0334	0.0236	0.0046	0.0154	0.0130	0.0227	0.0238	0.0021	0.0129	0.0008	0.0239	0.0079	0.0136	0.0351	0.0433	0.0316	0.0033	0.0055	0.0208	0.0106	0.0180	0.0248	0.0110	0.0140	0.0211	0.0017	0.0092	0.0194	0.0211	0.0048	0.0049	0.0216	
0.0243	0.0339	0.0031	0.0347	0.0231	0.0087	0.0220	0.0263	0.0158	0.0215	0.0076	0.0021	0.0196	0.0089	0.0080	0.0276	0.0199	0.0333	0.0278	0.0012	0.0345	0.0354	0.0148	0.0043	0.0140	0.0266	0.0229	0.0109	0.0097	0.0031	0.0113	0.0082	0.0251	0.0030	0.0154	0.0119	0.0349	0.0053	0.0016	0.0309	0.0186	0.0346	0.0004	0.0013	0.0180	0.0077	0.0179	0.0092	0.0278	0.0184	0.0009	0.0249	0.0050	0.0029	0.0228	0.0264	0.0153	0.0349	0.0158	0.0039	
0.0194	0.0076	0.0187	0.0116	0.0026	0.0323	0.0069	0.0210	0.0261	0.0321	0.0358	0.0124	0.0251	0.0033	0.0164	0.0343	0.0253	0.0130	0.0144	0.0041	0.0005	0.0191	0.0205	0.0203	0.0023	0.0253	0.0020	0.0217	0.0113	0.0203	0.0361	0.0342	0.0222	0.0331	0.0126	0.0107	0.0132	0.0286	0.0317	0.0266	0.0033	0.0024	0.0240	0.0049	0.0253	0.0225	0.0002	0.0012	0.0252	0.0214	0.0063	0.0048	0.0142	0.0110	0.0025	0.0027	0.0172	0.0317	0.0085	0.0157	
0.0303	0.0154	0.0096	0.0075	0.0218	0.0302	0.0245	0.0290	0.0233	0.0005	0.0202	0.0006	0.0117	0.0219	0.0005	0.0318	0.0293	0.0127	0.0251	0.0167	0.0187	0.0005	0.0034	0.0175	0.0128	0.0323	0.0118	0.0104	0.0262	0.0082	0.0248	0.0165	0.0143	0.0149	0.0280	0.0177	0.0227	0.0118	0.0134	0.0257	0.0298	0.0043	0.0111	0.0214	0.0076	0.0059	0.0194	0.0181	0.0110	0.0046	0.0063	0.0072	0.0013	0.0239	0.0233	0.0260	0.0085	0.0240	0.0260	0.0262	
0.0228	0.0119	0.0012	0.0185	0.0062	0.0017	0.0160	0.0296	0.0371	0.0137	0.0067	0.0178	0.0259	0.0022	0.0225	0.0158	0.0229	0.0160	0.0084	0.0077	0.0027	0.0275	0.0024	0.0198	0.0024	0.0215	0.0131	0.0206	0.0174	0.0298	0.0112	0.0353	0.0133	0.0178	0.0049	0.0151	0.0031	0.0226	0.0126	0.0070	0.0194	0.0273	0.0325	0.0322	0.0273	0.0175	0.0065	0.0294	0.0052	0.0153	0.0043	0.0268	0.0165	0.0166	0.0275	0.0340	0.0097	0.0135	0.0129	0.0204	
0.0227	0.0321	0.0145	0.0000	0.0300	0.0063	0.0035	0.0159	0.0371	0.0023	0.0163	0.0319	0.0317	0.0026	0.0234	0.0120	0.0326	0.0027	0.0229	0.0189	0.0127	0.0210	0.0225	0.0006	0.0304	0.0208	0.0186	0.0262	0.0261	0.0063	0.0084	0.0266	0.0121	0.0329	0.0211	0.0232	0.0146	0.0317	0.0011	0.0288	0.0195	0.0324	0.0035	0.0044	0.0049	0.0074	0.0255	0.0109	0.0014	0.0185	0.0043	0.0074	0.0221	0.0316	0.0092	0.0045	0.0074	0.0150	0.0074	0.0173	
0.0224	0.0076	0.0240	0.0256	0.0244	0.0197	0.0201	0.0065	0.0160	0.0273	0.0347	0.0029	0.0014	0.0267	0.0313	0.0191	0.0133	0.0144	0.0267	0.0207	0.0206	0.0048	0.0295	0.0070	0.0021	0.0030	0.0018	0.0111	0.0159	0.0137	0.0197	0.0322	0.0166	0.0194	0.0050	0.0091	0.0027	0.0140	0.0106	0.0169	0.0234	0.0238	0.0345	0.0104	0.0196	0.0004	0.0041	0.0197	0.0029	0.0236	0.0256	0.0265	0.0161	0.0211	0.0217	0.0161	0.0104	0.0163	0.0212	0.0220	
0.0172	0.0050	0.0182	0.0020	0.0027	0.0270	0.0168	0.0135	0.0277	0.0196	0.0163	0.0008	0.0033	0.0095	0.0303	0.0330	0.0070	0.0166	0.0158	0.0017	0.0278	0.0105	0.0103	0.0202	0.0212	0.0271	0.0114	0.0236	0.0214	0.0171	0.0239	0.0178	0.0172	0.0202	0.0258	0.0119	0.0323	0.0239	0.0059	0.0201	0.0132	0.0220	0.0002	0.0163	0.0083	0.0181	0.0155	0.0051	0.0205	0.0262	0.0087	0.0246	0.0269	0.0155	0.0225	0.0078	0.0251	0.0312	0.0107	0.0079	
0.0182	0.0204	0.0178	0.0064	0.0153	0.0284	0.0112	0.0161	0.0195	0.0177	0.0404	0.0146	0.0083	0.0268	0.0233	0.0103	0.0091	0.0318	0.0112	0.0378	0.0077	0.0094	0.0086	0.0249	0.0109	0.0045	0.0192	0.0024	0.0282	0.0219	0.0154	0.0000	0.0130	0.0353	0.0037	0.0228	0.0450	0.0225	0.0327	0.0167	0.0110	0.0045	0.0311	0.0107	0.0239	0.0208	0.0139	0.0003	0.0010	0.0178	0.0003	0.0018	0.0210	0.0101	0.0015	0.0097	0.0134	0.0345	0.0272	0.0163	
0.0061	0.0091	0.0192	0.0294	0.0225	0.0308	0.0332	0.0129	0.0296	0.0288	0.0135	0.0137	0.0243	0.0274	0.0208	0.0035	0.0139	0.0335	0.0252	0.0158	0.0224	0.0285	0.0020	0.0101	0.0225	0.0217	0.0128	0.0008	0.0302	0.0268	0.0145	0.0342	0.0003	0.0170	0.0095	0.0041	0.0175	0.0013	0.0176	0.0007	0.0307	0.0040	0.0098	0.0116	0.0057	0.0174	0.0053	0.0194	0.0291	0.0300	0.0298	0.0146	0.0033	0.0124	0.0253	0.0155	0.0061	0.0122	0.0038	0.0063	
0.0193	0.0338	0.0117	0.0426	0.0051	0.0123	0.0151	0.0127	0.0304	0.0184	0.0293	0.0134	0.0102	0.0237	0.0195	0.0230	0.0143	0.0298	0.0033	0.0024	0.0144	0.0361	0.0060	0.0305	0.0337	0.0020	0.0255	0.0156	0.0226	0.0270	0.0235	0.0041	0.0260	0.0130	0.0132	0.0009	0.0313	0.0085	0.0049	0.0307	0.0048	0.0301	0.0031	0.0182	0.0080	0.0132	0.0010	0.0082	0.0305	0.0096	0.0026	0.0148	0.0084	0.0014	0.0287	0.0243	0.0271	0.0195	0.0017	0.0052	
0.0158	0.0288	0.0201	0.0306	0.0119	0.0167	0.0167	0.0025	0.0138	0.0165	0.0380	0.0042	0.0158	0.0075	0.0329	0.0236	0.0230	0.0231	0.0189	0.0138	0.0006	0.0241	0.0217	0.0125	0.0238	0.0168	0.0272	0.0234	0.0172	0.0205	0.0067	0.0037	0.0067	0.0362	0.0104	0.0082	0.0028	0.0087	0.0019	0.0264	0.0028	0.0336	0.0344	0.0195	0.0104	0.0262	0.0234	0.0259	0.0053	0.0068	0.0056	0.0036	0.0275	0.0194	0.0037	0.0250	0.0067	0.0119	0.0031	0.0316	
0.0238	0.0239	0.0168	0.0284	0.0048	0.0277	0.0357	0.0199	0.0359	0.0259	0.0234	0.0123	0.0182	0.0245	0.0106	0.0022	0.0234	0.0021	0.0298	0.0317	0.0247	0.0431	0.0267	0.0103	0.0191	0.0064	0.0077	0.0158	0.0301	0.0154	0.0031	0.0287	0.0048	0.0042	0.0054	0.0130	0.0164	0.0095	0.0142	0.0233	0.0020	0.0105	0.0014	0.0217	0.0208	0.0261	0.0132	0.0013	0.0150	0.0020	0.0086	0.0057	0.0119	0.0103	0.0097	0.0221	0.0256	0.0081	0.0068	0.0339	
0.0181	0.0117	0.0180	0.0206	0.0113	0.0257	0.0085	0.0164	0.0340	0.0338	0.0305	0.0132	0.0157	0.0105	0.0293	0.0149	0.0317	0.0037	0.0181	0.0295	0.0226	0.0088	0.0054	0.0262	0.0067	0.0326	0.0102	0.0213	0.0264	0.0128	0.0139	0.0070	0.0018	0.0153	0.0019	0.0169	0.0241	0.0165	0.0046	0.0318	0.0156	0.0001	0.0156	0.0243	0.0103	0.0202	0.0130	0.0004	0.0190	0.0003	0.0283	0.0264	0.0210	0.0112	0.0112	0.0107	0.0069	0.0346	0.0096	0.0196	
0.0155	0.0138	0.0212	0.0103	0.0041	0.0140	0.0121	0.0083	0.0132	0.0409	0.0332	0.0119	0.0274	0.0209	0.0075	0.0281	0.0268	0.0170	0.0112	0.0132	0.0139	0.0141	0.0085	0.0254	0.0213	0.0307	0.0191	0.0175	0.0020	0.0235	0.0137	0.0217	0.0069	0.0237	0.0143	0.0037	0.0117	0.0045	0.0179	0.0004	0.0162	0.0104	0.0302	0.0238	0.0076	0.0138	0.0234	0.0243	0.0087	0.0239	0.0192	0.0253	0.0189	0.0265	0.0046	0.0036	0.0065	0.0339	0.0217	0.0126	
0.0327	0.0275	0.0066	0.0260	0.0161	0.0039	0.0039	0.0132	0.0114	0.0022	0.0161	0.0259	0.0319	0.0128	0.0340	0.0063	0.0216	0.0245	0.0178	0.0027	0.0380	0.0324	0.0149	0.0133	0.0057	0.0312	0.0032	0.0088	0.0170	0.0130	0.0319	0.0131	0.0164	0.0071	0.0064	0.0269	0.0024	0.0045	0.0048	0.0056	0.0141	0.0189	0.0279	0.0084	0.0105	0.0281	0.0251	0.0070	0.0063	0.0371	0.0184	0.0209	0.0164	0.0188	0.0137	0.0039	0.0140	0.0329	0.0162	0.0275	
0.0006	0.0337	0.0221	0.0435	0.0026	0.0012	0.0067	0.0282	0.0088	0.0478	0.0042	0.0207	0.0133	0.0130	0.0306	0.0220	0.0027	0.0071	0.0020	0.0116	0.0010	0.0462	0.0037	0.0149	0.0326	0.0136	0.0273	0.0288	0.0313	0.0034	0.0137	0.0093	0.0246	0.0168	0.0035	0.0176	0.0347	0.0178	0.0049	0.0116	0.0200	0.0349	0.0016	0.0079	0.0246	0.0012	0.0032	0.0023	0.0299	0.0306	0.0007	0.0062	0.0313	0.0045	0.0347	0.0044	0.0327	0.0189	0.0035	0.0270	
0.0044	0.0132	0.0223	0.0039	0.0118	0.0289	0.0282	0.0016	0.0111	0.0045	0.0470	0.0117	0.0005	0.0203	0.0245	0.0028	0.0269	0.0367	0.0146	0.0335	0.0114	0.0467	0.0376	0.0004	0.0022	0.0109	0.0130	0.0118	0.0240	0.0002	0.0204	0.0031	0.0169	0.0162	0.0042	0.0074	0.0482	0.0281	0.0244	0.0011	0.0074	0.0016	0.0387	0.0306	0.0201	0.0166	0.0041	0.0253	0.0195	0.0175	0.0079	0.0244	0.0290	0.0070	0.0120	0.0074	0.0123	0.0342	0.0010	0.0070	
0.0144	0.0100	0.0099	0.0095	0.0083	0.0298	0.0265	0.0186	0.0268	0.0085	0.0029	0.0310	0.0052	0.0182	0.0195	0.0102	0.0013	0.0027	0.0053	0.0150	0.0036	0.0203	0.0341	0.0041	0.0277	0.0356	0.0056	0.0093	0.0010	0.0304	0.0298	0.0016	0.0273	0.0194	0.0205	0.0290	0.0278	0.0191	0.0190	0.0332	0.0297	0.0236	0.0142	0.0151	0.0175	0.0106	0.0210	0.0116	0.0277	0.0052	0.0075	0.0111	0.0280	0.0192	0.0037	0.0302	0.0158	0.0068	0.0165	0.0127	
0.0248	0.0149	0.0145	0.0319	0.0063	0.0008	0.0349	0.0198	0.0445	0.0235	0.0234	0.0155	0.0126	0.0064	0.0193	0.0225	0.0048	0.0184	0.0169	0.0147	0.0084	0.0374	0.0194	0.0254	0.0251	0.0228	0.0075	0.0079	0.0137	0.0231	0.0141	0.0199	0.0023	0.0092	0.0065	0.0119	0.0012	0.0174	0.0052	0.0183	0.0109	0.0016	0.0202	0.0104	0.0167	0.0184	0.0213	0.0164	0.0046	0.0186	0.0239	0.0294	0.0209	0.0030	0.0037	0.0277	0.0342	0.0265	0.0022	0.0225	
0.0257	0.0256	0.0076	0.0070	0.0280	0.0299	0.0133	0.0080	0.0326	0.0409	0.0199	0.0145	0.0085	0.0018	0.0346	0.0070	0.0106	0.0069	0.0066	0.0327	0.0292	0.0286	0.0051	0.0242	0.0326	0.0233	0.0302	0.0250	0.0042	0.0092	0.0160	0.0121	0.0143	0.0185	0.0241	0.0165	0.0247	0.0101	0.0096	0.0235	0.0134	0.0187	0.0237	0.0049	0.0029	0.0074	0.0152	0.0131	0.0044	0.0239	0.0189	0.0227	0.0129	0.0051	0.0196	0.0024	0.0139	0.0148	0.0081	0.0111	
0.0299	0.0123	0.0028	0.0229	0.0116	0.0041	0.0277	0.0202	0.0108	0.0105	0.0136	0.0010	0.0208	0.0144	0.0162	0.0081	0.0023	0.0332	0.0175	0.0233	0.0301	0.0162	0.0263	0.0056	0.0209	0.0226	0.0221	0.0092	0.0217	0.0198	0.0038	0.0108	0.0010	0.0278	0.0168	0.0000	0.0163	0.0216	0.0192	0.0295	0.0058	0.0251	0.0073	0.0242	0.0117	0.0134	0.0203	0.0252	0.0177	0.0137	0.0256	0.0138	0.0210	0.0117	0.0125	0.0146	0.0162	0.0277	0.0282	0.0197	
0.0072	0.0180	0.0275	0.0219	0.0032	0.0017	0.0336	0.0280	0.0295	0.0155	0.0302	0.0049	0.0082	0.0172	0.0157	0.0032	0.0067	0.0267	0.0195	0.0038	0.0249	0.0316	0.0217	0.0075	0.0194	0.0192	0.0177	0.0124	0.0151	0.0043	0.0094	0.0139	0.0244	0.0341	0.0203	0.0136	0.0273	0.0191	0.0226	0.0115	0.0161	0.0315	0.0027	0.0061	0.0191	0.0202	0.0057	0.0211	0.0010	0.0102	0.0106	0.0191	0.0050	0.0221	0.0188	0.0070	0.0269	0.0212	0.0260	0.0173	
0.0174	0.0205	0.0155	0.0269	0.0021	0.0096	0.0092	0.0122	0.0015	0.0381	0.0087	0.0202	0.0097	0.0086	0.0205	0.0012	0.0328	0.0181	0.0170	0.0337	0.0141	0.0269	0.0184	0.0083	0.0310	0.0384	0.0130	0.0019	0.0074	0.0144	0.0243	0.0046	0.0196	0.0065	0.0385	0.0030	0.0156	0.0178	0.0042	0.0159	0.0234	0.0338	0.0416	0.0055	0.0036	0.0264	0.0081	0.0249	0.0135	0.0239	0.0146	0.0150	0.0076	0.0052	0.0042	0.0271	0.0302	0.0068	0.0305	0.0067	
0.0345	0.0066	0.0041	0.0286	0.0063	0.0030	0.0026	0.0044	0.0138	0.0189	0.0278	0.0177	0.0129	0.0026	0.0099	0.0228	0.0266	0.0127	0.0042	0.0068	0.0218	0.0210	0.0305	0.0181	0.0003	0.0114	0.0318	0.0136	0.0006	0.0057	0.0031	0.0102	0.0179	0.0401	0.0186	0.0124	0.0325	0.0127	0.0372	0.0008	0.0218	0.0072	0.0279	0.0392	0.0059	0.0289	0.0001	0.0047	0.0345	0.0263	0.0059	0.0267	0.0027	0.0221	0.0207	0.0155	0.0168	0.0253	0.0224	0.0384	
0.0072	0.0209	0.0030	0.0056	0.0085	0.0096	0.0353	0.0171	0.0301	0.0327	0.0326	0.0144	0.0110	0.0031	0.0230	0.0199	0.0302	0.0299	0.0096	0.0035	0.0091	0.0313	0.0218	0.0126	0.0004	0.0158	0.0067	0.0260	0.0105	0.0012	0.0236	0.0042	0.0209	0.0005	0.0254	0.0280	0.0027	0.0164	0.0233	0.0304	0.0003	0.0222	0.0244	0.0050	0.0287	0.0194	0.0087	0.0288	0.0049	0.0085	0.0242	0.0252	0.0137	0.0145	0.0252	0.0154	0.0037	0.0288	0.0037	0.0367	
0.0030	0.0016	0.0059	0.0232	0.0264	0.0215	0.0262	0.0136	0.0129	0.0255	0.0166	0.0123	0.0060	0.0135	0.0031	0.0326	0.0045	0.0177	0.0117	0.0097	0.0065	0.0114	0.0302	0.0031	0.0154	0.0129	0.0262	0.0048	0.0131	0.0120	0.0288	0.0120	0.0121	0.0284	0.0267	0.0292	0.0146	0.0020	0.0115	0.0167	0.0038	0.0341	0.0299	0.0230	0.0251	0.0098	0.0139	0.0334	0.0166	0.0307	0.0132	0.0234	0.0152	0.0276	0.0278	0.0289	0.0109	0.0041	0.0054	0.0178	
0.0247	0.0167	0.0007	0.0363	0.0156	0.0021	0.0321	0.0150	0.0255	0.0040	0.0181	0.0019	0.0025	0.0267	0.0043	0.0103	0.0181	0.0043	0.0071	0.0030	0.0274	0.0330	0.0251	0.0140	0.0309	0.0073	0.0251	0.0126	0.0001	0.0284	0.0146	0.0068	0.0233	0.0294	0.0168	0.0143	0.0344	0.0207	0.0315	0.0245	0.0096	0.0343	0.0144	0.0127	0.0113	0.0073	0.0150	0.0126	0.0226	0.0156	0.0095	0.0061	0.0282	0.0015	0.0198	0.0280	0.0278	0.0200	0.0006	0.0140	
0.0063	0.0170	0.0104	0.0235	0.0113	0.0070	0.0047	0.0090	0.0142	0.0234	0.0159	0.0267	0.0037	0.0129	0.0288	0.0352	0.0136	0.0126	0.0258	0.0248	0.0230	0.0191	0.0266	0.0161	0.0228	0.0151	0.0101	0.0219	0.0071	0.0195	0.0172	0.0104	0.0186	0.0191	0.0149	0.0203	0.0230	0.0213	0.0311	0.0090	0.0049	0.0093	0.0055	0.0079	0.0021	0.0115	0.0007	0.0108	0.0094	0.0208	0.0174	0.0153	0.0197	0.0090	0.0256	0.0218	0.0223	0.0324	0.0296	0.0312	
0.0278	0.0097	0.0017	0.0261	0.0224	0.0025	0.0043	0.0192	0.0335	0.0329	0.0157	0.0188	0.0111	0.0208	0.0162	0.0134	0.0089	0.0159	0.0130	0.0073	0.0145	0.0392	0.0191	0.0164	0.0014	0.0073	0.0211	0.0084	0.0253	0.0245	0.0032	0.0188	0.0236	0.0329	0.0127	0.0229	0.0080	0.0147	0.0140	0.0004	0.0110	0.0149	0.0183	0.0158	0.0088	0.0275	0.0035	0.0236	0.0303	0.0126	0.0166	0.0091	0.0153	0.0210	0.0156	0.0249	0.0228	0.0182	0.0208	0.0197	
0.0142	0.0293	0.0254	0.0036	0.0213	0.0259	0.0264	0.0164	0.0133	0.0228	0.0048	0.0276	0.0012	0.0147	0.0336	0.0007	0.0186	0.0025	0.0068	0.0034	0.0023	0.0329	0.0154	0.0134	0.0104	0.0330	0.0025	0.0042	0.0139	0.0169	0.0040	0.0235	0.0214	0.0312	0.0208	0.0154	0.0212	0.0135	0.0232	0.0168	0.0064	0.0258	0.0251	0.0138	0.0087	0.0197	0.0068	0.0019	0.0298	0.0193	0.0118	0.0253	0.0117	0.0174	0.0173	0.0214	0.0163	0.0164	0.0246	0.0321	
0.0289	0.0223	0.0021	0.0351	0.0125	0.0148	0.0023	0.0067	0.0418	0.0142	0.0185	0.0049	0.0105	0.0266	0.0383	0.0179	0.0062	0.0000	0.0027	0.0250	0.0230	0.0003	0.0118	0.0273	0.0083	0.0178	0.0119	0.0061	0.0116	0.0365	0.0030	0.0062	0.0180	0.0330	0.0230	0.0180	0.0285	0.0245	0.0333	0.0338	0.0192	0.0012	0.0114	0.0221	0.0035	0.0059	0.0101	0.0211	0.0231	0.0045	0.0148	0.0149	0.0144	0.0054	0.0132	0.0263	0.0149	0.0085	0.0199	0.0386	
0.0013	0.0277	0.0242	0.0307	0.0057	0.0074	0.0160	0.0158	0.0380	0.0112	0.0285	0.0112	0.0012	0.0064	0.0353	0.0203	0.0219	0.0239	0.0216	0.0333	0.0044	0.0289	0.0182	0.0052	0.0179	0.0225	0.0226	0.0107	0.0160	0.0002	0.0067	0.0124	0.0075	0.0332	0.0238	0.0202	0.0047	0.0112	0.0100	0.0272	0.0187	0.0268	0.0241	0.0125	0.0090	0.0024	0.0107	0.0046	0.0060	0.0232	0.0278	0.0191	0.0147	0.0146	0.0277	0.0087	0.0137	0.0243	0.0086	0.0180	
0.0164	0.0062	0.0015	0.0390	0.0019	0.0141	0.0033	0.0018	0.0142	0.0107	0.0204	0.0111	0.0115	0.0279	0.0123	0.0158	0.0052	0.0044	0.0289	0.0182	0.0098	0.0282	0.0076	0.0301	0.0009	0.0261	0.0349	0.0205	0.0067	0.0187	0.0114	0.0149	0.0036	0.0315	0.0154	0.0147	0.0257	0.0283	0.0119	0.0323	0.0006	0.0135	0.0347	0.0369	0.0091	0.0223	0.0076	0.0148	0.0102	0.0160	0.0055	0.0097	0.0284	0.0295	0.0080	0.0261	0.0308	0.0098	0.0327	0.0159	
0.0159	0.0126	0.0190	0.0321	0.0238	0.0011	0.0068	0.0163	0.0217	0.0318	0.0237	0.0177	0.0210	0.0289	0.0162	0.0337	0.0232	0.0099	0.0133	0.0145	0.0131	0.0174	0.0148	0.0196	0.0147	0.0036	0.0148	0.0076	0.0167	0.0222	0.0146	0.0166	0.0225	0.0302	0.0103	0.0174	0.0258	0.0004	0.0023	0.0091	0.0107	0.0223	0.0019	0.0164	0.0205	0.0153	0.0128	0.0325	0.0121	0.0106	0.0271	0.0191	0.0273	0.0124	0.0038	0.0015	0.0349	0.0041	0.0121	0.0261	
0.0147	0.0324	0.0012	0.0334	0.0054	0.0052	0.0232	0.0281	0.0207	0.0313	0.0172	0.0259	0.0038	0.0057	0.0356	0.0243	0.0106	0.0336	0.0236	0.0277	0.0217	0.0281	0.0281	0.0049	0.0195	0.0253	0.0176	0.0036	0.0233	0.0120	0.0145	0.0117	0.0173	0.0105	0.0191	0.0099	0.0272	0.0040	0.0084	0.0202	0.0237	0.0158	0.0139	0.0209	0.0198	0.0036	0.0133	0.0148	0.0164	0.0124	0.0199	0.0007	0.0054	0.0130	0.0023	0.0210	0.0047	0.0277	0.0080	0.0123	
0.0197	0.0269	0.0050	0.0046	0.0043	0.0028	0.0065	0.0360	0.0174	0.0238	0.0018	0.0069	0.0226	0.0104	0.0350	0.0071	0.0121	0.0065	0.0092	0.0199	0.0107	0.0057	0.0233	0.0155	0.0270	0.0285	0.0073	0.0014	0.0093	0.0351	0.0099	0.0295	0.0298	0.0337	0.0055	0.0100	0.0138	0.0117	0.0203	0.0326	0.0001	0.0264	0.0050	0.0029	0.0123	0.0190	0.0109	0.0276	0.0312	0.0333	0.0201	0.0400	0.0222	0.0303	0.0038	0.0134	0.0017	0.0292	0.0149	0.0169	
0.0317	0.0046	0.0202	0.0184	0.0070	0.0099	0.0128	0.0340	0.0069	0.0211	0.0362	0.0006	0.0193	0.0129	0.0192	0.0255	0.0004	0.0164	0.0337	0.0093	0.0098	0.0133	0.0108	0.0152	0.0166	0.0122	0.0040	0.0020	0.0263	0.0245	0.0070	0.0200	0.0277	0.0020	0.0353	0.0250	0.0031	0.0284	0.0332	0.0025	0.0061	0.0211	0.0304	0.0111	0.0033	0.0157	0.0107	0.0052	0.0133	0.0233	0.0148	0.0248	0.0264	0.0061	0.0052	0.0185	0.0297	0.0093	0.0310	0.0349	
0.0059	0.0086	0.0023	0.0138	0.0067	0.0055	0.0053	0.0180	0.0159	0.0206	0.0184	0.0101	0.0172	0.0232	0.0015	0.0264	0.0183	0.0308	0.0063	0.0344	0.0303	0.0338	0.0229	0.0060	0.0126	0.0236	0.0252	0.0172	0.0257	0.0111	0.0010	0.0255	0.0189	0.0299	0.0264	0.0218	0.0144	0.0108	0.0007	0.0280	0.0104	0.0243	0.0251	0.0253	0.0013	0.0003	0.0231	0.0206	0.0045	0.0115	0.0305	0.0263	0.0011	0.0000	0.0253	0.0072	0.0144	0.0265	0.0305	0.0168	
0.0125	0.0183	0.0207	0.0056	0.0153	0.0249	0.0276	0.0241	0.0018	0.0059	0.0162	0.0096	0.0280	0.0091	0.0267	0.0085	0.0072	0.0379	0.0045	0.0169	0.0302	0.0002	0.0210	0.0149	0.0151	0.0066	0.0247	0.0196	0.0319	0.0221	0.0107	0.0213	0.0099	0.0193	0.0177	0.0221	0.0016	0.0196	0.0097	0.0135	0.0106	0.0080	0.0348	0.0007	0.0021	0.0202	0.0245	0.0218	0.0123	0.0260	0.0024	0.0202	0.0256	0.0167	0.0277	0.0100	0.0322	0.0100	0.0275	0.0138	
0.0270	0.0001	0.0214	0.0161	0.0173	0.0224	0.0322	0.0146	0.0298	0.0276	0.0062	0.0194	0.0168	0.0191	0.0021	0.0217	0.0062	0.0156	0.0106	0.0240	0.0084	0.0014	0.0105	0.0032	0.0170	0.0245	0.0230	0.0176	0.0196	0.0070	0.0195	0.0218	0.0220	0.0324	0.0123	0.0073	0.0135	0.0115	0.0089	0.0083	0.0207	0.0141	0.0355	0.0204	0.0167	0.0103	0.0232	0.0221	0.0159	0.0081	0.0042	0.0143	0.0259	0.0016	0.0020	0.0222	0.0218	0.0222	0.0250	0.0339	

Emissions
0.1771	0.0590	0.1523	0.0789	0.3016	0.0835	0.1475	
0.1757	0.1270	0.1835	0.0453	0.3801	0.0629	0.0256	
0.1881	0.2835	0.0091	0.1396	0.1640	0.0222	0.1934	
0.1805	0.0515	0.1038	0.0194	0.1719	0.2852	0.1877	
0.1273	0.2631	0.1220	0.2749	0.1370	0.0204	0.0554	
0.1559	0.1664	0.1206	0.1101	0.1295	0.2739	0.0436	
0.1670	0.2778	0.0163	0.0556	0.1091	0.3223	0.0518	
0.0322	0.3434	0.2056	0.0850	0.2875	0.0226	0.0237	
0.0085	0.0721	0.0671	0.0327	0.1782	0.4291	0.2123	
0.1580	0.0190	0.1018	0.0347	0.3486	0.2700	0.0679	
0.1106	0.1459	0.0099	0.0216	0.2288	0.4083	0.0750	
0.0936	0.1715	0.2325	0.0825	0.0688	0.1598	0.1912	
0.2152	0.2430	0.1054	0.1353	0.0611	0.0831	0.1569	
0.0281	0.0727	0.0696	0.3059	0.2644	0.0324	0.2270	
0.1050	0.1008	0.1576	0.0281	0.2870	0.1862	0.1353	
0.0643	0.1577	0.0180	0.0320	0.1933	0.3926	0.1421	
0.0248	0.3373	0.0726	0.1195	0.2849	0.1437	0.0171	
0.0950	0.0419	0.1461	0.1041	0.2379	0.3215	0.0534	
0.0904	0.2612	0.0874	0.1445	0.1775	0.0914	0.1476	
0.1534	0.1458	0.1588	0.0126	0.2253	0.2338	0.0703	
0.2068	0.0964	0.0831	0.1194	0.1642	0.3117	0.0183	
0.1273	0.0196	0.0914	0.0334	0.3518	0.3116	0.0650	
0.0687	0.0806	0.0792	0.0661	0.3664	0.1548	0.1842	
0.0394	0.4146	0.2041	0.0168	0.2467	0.0045	0.0738	
0.1737	0.0498	0.0447	0.0787	0.2232	0.2547	0.1752	
0.2018	0.0943	0.0436	0.0344	0.3972	0.0459	0.1829	
0.1334	0.2882	0.0857	0.1092	0.2020	0.0778	0.1038	
0.1057	0.2328	0.1470	0.2402	0.0765	0.0734	0.1243	
0.0845	0.1649	0.1007	0.1398	0.2293	0.1408	0.1400	
0.2207	0.1085	0.1937	0.1087	0.0842	0.1637	0.1205	
0.2665	0.0760	0.0584	0.1968	0.2277	0.0350	0.1396	
0.1851	0.0568	0.0965	0.1180	0.2637	0.2471	0.0327	
0.2287	0.1832	0.2866	0.0495	0.0811	0.0425	0.1285	
0.1441	0.2033	0.0792	0.0344	0.1208	0.2410	0.1771	
0.1232	0.3205	0.0355	0.1255	0.2611	0.0034	0.1307	
0.0477	0.2509	0.1384	0.3157	0.0984	0.0068	0.1420	
0.1223	0.0277	0.2634	0.0176	0.0557	0.4252	0.0880	
0.1801	0.4151	0.0312	0.0228	0.2536	0.0301	0.0671	
0.1489	0.3182	0.2030	0.0300	0.0606	0.2115	0.0278	
0.1252	0.0625	0.1201	0.1012	0.2927	0.2394	0.0588	
0.1270	0.3195	0.0737	0.1769	0.2212	0.0422	0.0394	
0.1582	0.1405	0.0048	0.0309	0.1348	0.2490	0.2817	
0.1809	0.0120	0.0654	0.0205	0.4003	0.1344	0.1865	
0.1282	0.1926	0.1089	0.0277	0.1369	0.2237	0.1821	
0.2314	0.1902	0.0737	0.1265	0.0953	0.0201	0.2628	
0.2045	0.2687	0.0835	0.1667	0.2551	0.0007	0.0208	
0.0843	0.2464	0.1949	0.1576	0.0899	0.0524	0.1744	
0.0736	0.1094	0.2330	0.2570	0.0929	0.1393	0.0948	
0.1764	0.2005	0.0777	0.0758	0.2589	0.0834	0.1273	
0.0143	0.2981	0.2223	0.0152	0.1954	0.0226	0.2322	
0.0801	0.4302	0.1223	0.0858	0.1206	0.0932	0.0678	
0.0419	0.4002	0.1060	0.0712	0.2020	0.0185	0.1603	
0.0340	0.0939	0.1209	0.1002	0.2262	0.2043	0.2205	
0.0907	0.3967	0.0153	0.2994	0.1343	0.0181	0.0455	
0.0038	0.0642	0.2106	0.2545	0.0598	0.2018	0.2053	
0.0684	0.0754	0.1367	0.1556	0.3503	0.0003	0.2131	
0.0753	0.0134	0.1493	0.0672	0.1939	0.0806	0.4204	
0.0808	0.0751	0.0187	0.1643	0.2393	0.2605	0.1613	
0.2171	0.1359	0.0805	0.1203	0.1248	0.2816	0.0398	
0.1295	0.1657	0.0743	0.0531	0.0654	0.2839	0.2281	
