DataSet 41
Learner: Baum Welch Learner
Log Likelihood: 68655.7921068045

Number of States: 90
Number of Symbols: 7
Threshold: 0.01

Initial Distribution:
0.0197	0.0257	0.0062	0.0305	0.0080	0.0212	0.0038	0.0022	0.0170	0.0115	0.0661	0.0046	0.0009	0.0083	0.0165	0.0009	0.0226	0.0030	0.0104	0.0160	0.0098	0.0033	0.0026	0.0122	0.0064	0.0001	0.0323	0.0021	0.0034	0.0010	0.0006	0.0023	0.0003	0.0042	0.0185	0.0050	0.0434	0.0028	0.0201	0.0095	0.0032	0.0242	0.0118	0.0061	0.0020	0.0021	0.0367	0.0071	0.0013	0.0117	0.0235	0.0002	0.0227	0.0021	0.0161	0.0008	0.0035	0.0172	0.0099	0.0255	0.0245	0.0011	0.0148	0.0571	0.0058	0.0026	0.0018	0.0214	0.0085	0.0014	0.0072	0.0017	0.0009	0.0025	0.0075	0.0018	0.0400	0.0084	0.0136	0.0369	0.0013	0.0029	0.0002	0.0175	0.0046	0.0015	0.0058	0.0004	0.0029	0.0006	

Transitions:
0.0004	0.0109	0.0184	0.0043	0.0231	0.0085	0.0140	0.0128	0.0251	0.0102	0.0053	0.0076	0.0022	0.0007	0.0009	0.0090	0.0107	0.0147	0.0227	0.0170	0.0045	0.0110	0.0030	0.0104	0.0135	0.0126	0.0006	0.0195	0.0017	0.0103	0.0147	0.0056	0.0012	0.0262	0.0048	0.0224	0.0064	0.0062	0.0120	0.0191	0.0194	0.0090	0.0164	0.0091	0.0183	0.0201	0.0047	0.0003	0.0221	0.0077	0.0105	0.0024	0.0020	0.0192	0.0046	0.0131	0.0113	0.0069	0.0164	0.0086	0.0084	0.0178	0.0111	0.0124	0.0222	0.0018	0.0066	0.0019	0.0186	0.0023	0.0004	0.0058	0.0014	0.0028	0.0207	0.0168	0.0155	0.0203	0.0210	0.0143	0.0059	0.0004	0.0276	0.0177	0.0214	0.0109	0.0024	0.0041	0.0201	0.0210	
0.0101	0.0008	0.0131	0.0021	0.0119	0.0184	0.0009	0.0039	0.0116	0.0113	0.0088	0.0031	0.0058	0.0201	0.0072	0.0063	0.0008	0.0272	0.0229	0.0119	0.0215	0.0154	0.0088	0.0181	0.0043	0.0108	0.0147	0.0164	0.0210	0.0128	0.0288	0.0034	0.0089	0.0026	0.0109	0.0233	0.0128	0.0215	0.0163	0.0002	0.0186	0.0099	0.0046	0.0081	0.0056	0.0023	0.0161	0.0044	0.0104	0.0113	0.0075	0.0036	0.0055	0.0070	0.0205	0.0205	0.0167	0.0155	0.0215	0.0016	0.0034	0.0071	0.0082	0.0003	0.0132	0.0097	0.0211	0.0024	0.0046	0.0100	0.0130	0.0021	0.0092	0.0225	0.0166	0.0065	0.0094	0.0007	0.0171	0.0017	0.0152	0.0153	0.0102	0.0059	0.0012	0.0193	0.0204	0.0230	0.0057	0.0232	
0.0054	0.0007	0.0003	0.0105	0.0236	0.0062	0.0047	0.0057	0.0193	0.0147	0.0038	0.0154	0.0248	0.0274	0.0151	0.0081	0.0136	0.0097	0.0107	0.0147	0.0089	0.0136	0.0191	0.0148	0.0123	0.0158	0.0155	0.0023	0.0239	0.0205	0.0153	0.0264	0.0270	0.0117	0.0011	0.0114	0.0013	0.0144	0.0011	0.0112	0.0016	0.0036	0.0040	0.0003	0.0265	0.0210	0.0110	0.0076	0.0059	0.0141	0.0003	0.0145	0.0095	0.0120	0.0094	0.0160	0.0044	0.0040	0.0021	0.0056	0.0080	0.0023	0.0063	0.0019	0.0043	0.0072	0.0167	0.0100	0.0201	0.0127	0.0052	0.0029	0.0100	0.0208	0.0105	0.0026	0.0083	0.0246	0.0211	0.0102	0.0248	0.0150	0.0255	0.0059	0.0173	0.0017	0.0087	0.0071	0.0006	0.0123	
0.0064	0.0141	0.0127	0.0170	0.0031	0.0177	0.0223	0.0023	0.0208	0.0096	0.0019	0.0018	0.0111	0.0199	0.0093	0.0205	0.0035	0.0151	0.0015	0.0072	0.0066	0.0069	0.0045	0.0079	0.0077	0.0239	0.0041	0.0002	0.0110	0.0029	0.0323	0.0143	0.0160	0.0155	0.0025	0.0082	0.0095	0.0122	0.0211	0.0131	0.0038	0.0052	0.0005	0.0101	0.0153	0.0216	0.0029	0.0023	0.0193	0.0146	0.0143	0.0252	0.0049	0.0150	0.0028	0.0009	0.0193	0.0026	0.0100	0.0053	0.0146	0.0234	0.0153	0.0134	0.0118	0.0153	0.0122	0.0150	0.0143	0.0038	0.0061	0.0133	0.0234	0.0113	0.0033	0.0220	0.0055	0.0207	0.0202	0.0082	0.0203	0.0034	0.0061	0.0137	0.0062	0.0031	0.0059	0.0204	0.0108	0.0029	
0.0130	0.0099	0.0033	0.0096	0.0239	0.0033	0.0121	0.0071	0.0152	0.0166	0.0062	0.0067	0.0079	0.0147	0.0084	0.0064	0.0028	0.0170	0.0118	0.0046	0.0169	0.0003	0.0029	0.0238	0.0145	0.0103	0.0149	0.0015	0.0106	0.0094	0.0072	0.0194	0.0080	0.0127	0.0113	0.0193	0.0082	0.0013	0.0126	0.0003	0.0062	0.0188	0.0166	0.0042	0.0038	0.0074	0.0127	0.0124	0.0012	0.0240	0.0219	0.0116	0.0061	0.0046	0.0066	0.0121	0.0073	0.0048	0.0001	0.0073	0.0075	0.0123	0.0201	0.0125	0.0121	0.0112	0.0151	0.0235	0.0022	0.0181	0.0149	0.0018	0.0046	0.0087	0.0197	0.0213	0.0077	0.0307	0.0158	0.0038	0.0165	0.0028	0.0268	0.0120	0.0085	0.0242	0.0126	0.0043	0.0038	0.0292	
0.0088	0.0047	0.0013	0.0050	0.0161	0.0117	0.0034	0.0030	0.0215	0.0107	0.0084	0.0171	0.0136	0.0098	0.0037	0.0205	0.0046	0.0220	0.0087	0.0134	0.0082	0.0075	0.0082	0.0127	0.0097	0.0092	0.0098	0.0056	0.0048	0.0121	0.0031	0.0185	0.0251	0.0052	0.0040	0.0096	0.0005	0.0215	0.0222	0.0044	0.0166	0.0022	0.0042	0.0045	0.0202	0.0041	0.0115	0.0128	0.0078	0.0087	0.0102	0.0219	0.0154	0.0120	0.0136	0.0035	0.0242	0.0055	0.0198	0.0048	0.0012	0.0197	0.0215	0.0052	0.0098	0.0195	0.0209	0.0051	0.0031	0.0184	0.0184	0.0055	0.0269	0.0034	0.0167	0.0039	0.0023	0.0041	0.0033	0.0048	0.0216	0.0229	0.0255	0.0152	0.0199	0.0076	0.0187	0.0044	0.0145	0.0021	
0.0096	0.0128	0.0038	0.0147	0.0046	0.0161	0.0054	0.0233	0.0244	0.0163	0.0039	0.0075	0.0149	0.0175	0.0097	0.0107	0.0168	0.0197	0.0148	0.0102	0.0002	0.0172	0.0023	0.0088	0.0126	0.0021	0.0153	0.0059	0.0142	0.0031	0.0013	0.0237	0.0238	0.0015	0.0050	0.0016	0.0020	0.0021	0.0230	0.0042	0.0272	0.0033	0.0087	0.0082	0.0025	0.0111	0.0099	0.0095	0.0002	0.0069	0.0081	0.0050	0.0104	0.0045	0.0019	0.0198	0.0185	0.0141	0.0056	0.0020	0.0219	0.0228	0.0101	0.0112	0.0151	0.0090	0.0141	0.0080	0.0074	0.0151	0.0073	0.0163	0.0247	0.0106	0.0091	0.0189	0.0071	0.0191	0.0111	0.0016	0.0177	0.0120	0.0078	0.0050	0.0155	0.0200	0.0051	0.0128	0.0242	0.0152	
0.0077	0.0088	0.0204	0.0139	0.0072	0.0005	0.0174	0.0184	0.0143	0.0135	0.0149	0.0014	0.0030	0.0111	0.0007	0.0166	0.0073	0.0030	0.0181	0.0065	0.0093	0.0236	0.0047	0.0024	0.0130	0.0113	0.0130	0.0051	0.0007	0.0243	0.0043	0.0033	0.0119	0.0197	0.0037	0.0178	0.0153	0.0173	0.0030	0.0100	0.0241	0.0103	0.0000	0.0198	0.0082	0.0120	0.0055	0.0169	0.0037	0.0230	0.0084	0.0028	0.0141	0.0144	0.0024	0.0088	0.0055	0.0186	0.0073	0.0176	0.0064	0.0132	0.0177	0.0152	0.0117	0.0139	0.0131	0.0075	0.0049	0.0053	0.0154	0.0121	0.0263	0.0076	0.0056	0.0208	0.0220	0.0118	0.0181	0.0003	0.0035	0.0222	0.0007	0.0011	0.0095	0.0024	0.0099	0.0175	0.0166	0.0261	
0.0116	0.0028	0.0101	0.0076	0.0016	0.0082	0.0238	0.0029	0.0132	0.0128	0.0193	0.0248	0.0176	0.0298	0.0041	0.0189	0.0026	0.0089	0.0101	0.0074	0.0105	0.0187	0.0230	0.0056	0.0138	0.0130	0.0111	0.0139	0.0110	0.0093	0.0084	0.0213	0.0210	0.0103	0.0136	0.0092	0.0026	0.0179	0.0068	0.0176	0.0201	0.0138	0.0021	0.0042	0.0032	0.0056	0.0052	0.0014	0.0164	0.0114	0.0168	0.0021	0.0053	0.0076	0.0087	0.0220	0.0053	0.0025	0.0183	0.0130	0.0204	0.0049	0.0163	0.0174	0.0054	0.0006	0.0061	0.0024	0.0093	0.0149	0.0164	0.0096	0.0010	0.0142	0.0090	0.0127	0.0132	0.0163	0.0055	0.0084	0.0079	0.0122	0.0218	0.0178	0.0076	0.0041	0.0126	0.0084	0.0033	0.0181	
0.0054	0.0000	0.0009	0.0136	0.0034	0.0123	0.0034	0.0021	0.0245	0.0017	0.0140	0.0022	0.0188	0.0001	0.0142	0.0121	0.0006	0.0195	0.0203	0.0157	0.0014	0.0095	0.0192	0.0025	0.0070	0.0065	0.0043	0.0162	0.0149	0.0026	0.0124	0.0267	0.0308	0.0128	0.0075	0.0133	0.0063	0.0065	0.0088	0.0144	0.0116	0.0093	0.0143	0.0024	0.0164	0.0037	0.0146	0.0181	0.0236	0.0147	0.0027	0.0235	0.0072	0.0085	0.0173	0.0200	0.0018	0.0179	0.0095	0.0168	0.0088	0.0072	0.0104	0.0131	0.0129	0.0186	0.0024	0.0032	0.0121	0.0058	0.0027	0.0134	0.0101	0.0040	0.0047	0.0091	0.0117	0.0196	0.0126	0.0028	0.0113	0.0085	0.0226	0.0172	0.0225	0.0118	0.0120	0.0127	0.0175	0.0163	
0.0133	0.0092	0.0224	0.0155	0.0098	0.0024	0.0049	0.0246	0.0167	0.0148	0.0006	0.0184	0.0112	0.0214	0.0193	0.0120	0.0124	0.0079	0.0052	0.0077	0.0040	0.0074	0.0079	0.0048	0.0114	0.0023	0.0095	0.0161	0.0279	0.0015	0.0148	0.0172	0.0187	0.0299	0.0152	0.0151	0.0170	0.0240	0.0235	0.0033	0.0076	0.0124	0.0071	0.0226	0.0048	0.0296	0.0004	0.0038	0.0022	0.0094	0.0012	0.0119	0.0097	0.0120	0.0117	0.0120	0.0069	0.0155	0.0008	0.0058	0.0160	0.0145	0.0017	0.0089	0.0066	0.0147	0.0053	0.0068	0.0017	0.0030	0.0161	0.0208	0.0146	0.0008	0.0016	0.0126	0.0179	0.0089	0.0026	0.0158	0.0018	0.0081	0.0165	0.0101	0.0327	0.0003	0.0044	0.0002	0.0172	0.0094	
0.0073	0.0037	0.0177	0.0116	0.0127	0.0168	0.0144	0.0204	0.0172	0.0138	0.0132	0.0156	0.0021	0.0267	0.0116	0.0089	0.0179	0.0087	0.0072	0.0237	0.0092	0.0207	0.0125	0.0067	0.0044	0.0073	0.0168	0.0154	0.0101	0.0075	0.0073	0.0048	0.0198	0.0164	0.0156	0.0081	0.0160	0.0160	0.0112	0.0071	0.0193	0.0010	0.0149	0.0098	0.0021	0.0085	0.0047	0.0136	0.0113	0.0141	0.0007	0.0207	0.0128	0.0115	0.0225	0.0104	0.0154	0.0095	0.0106	0.0043	0.0199	0.0215	0.0113	0.0076	0.0071	0.0082	0.0167	0.0074	0.0051	0.0106	0.0097	0.0048	0.0223	0.0006	0.0029	0.0072	0.0059	0.0022	0.0061	0.0141	0.0017	0.0054	0.0021	0.0188	0.0047	0.0127	0.0117	0.0056	0.0167	0.0075	
0.0128	0.0079	0.0056	0.0052	0.0088	0.0164	0.0134	0.0047	0.0038	0.0127	0.0105	0.0189	0.0104	0.0027	0.0021	0.0176	0.0147	0.0143	0.0088	0.0144	0.0048	0.0114	0.0038	0.0109	0.0027	0.0168	0.0151	0.0134	0.0040	0.0214	0.0197	0.0150	0.0149	0.0197	0.0129	0.0162	0.0148	0.0115	0.0123	0.0056	0.0153	0.0006	0.0194	0.0112	0.0063	0.0040	0.0135	0.0179	0.0130	0.0090	0.0106	0.0220	0.0126	0.0022	0.0014	0.0040	0.0065	0.0119	0.0043	0.0136	0.0197	0.0196	0.0009	0.0057	0.0140	0.0160	0.0057	0.0086	0.0086	0.0049	0.0173	0.0064	0.0001	0.0033	0.0190	0.0034	0.0118	0.0132	0.0089	0.0146	0.0215	0.0223	0.0256	0.0154	0.0029	0.0006	0.0165	0.0106	0.0181	0.0130	
0.0141	0.0069	0.0089	0.0192	0.0085	0.0166	0.0001	0.0130	0.0244	0.0074	0.0211	0.0076	0.0141	0.0122	0.0095	0.0062	0.0178	0.0149	0.0039	0.0222	0.0141	0.0186	0.0060	0.0055	0.0189	0.0003	0.0001	0.0081	0.0054	0.0203	0.0020	0.0215	0.0158	0.0209	0.0138	0.0096	0.0004	0.0022	0.0192	0.0056	0.0036	0.0012	0.0189	0.0018	0.0014	0.0158	0.0077	0.0122	0.0020	0.0226	0.0034	0.0069	0.0063	0.0218	0.0230	0.0231	0.0021	0.0025	0.0031	0.0079	0.0170	0.0166	0.0088	0.0030	0.0054	0.0014	0.0146	0.0150	0.0213	0.0035	0.0054	0.0173	0.0201	0.0210	0.0175	0.0130	0.0001	0.0043	0.0049	0.0033	0.0166	0.0113	0.0057	0.0072	0.0118	0.0197	0.0129	0.0162	0.0232	0.0181	
0.0062	0.0134	0.0188	0.0073	0.0137	0.0070	0.0130	0.0144	0.0125	0.0170	0.0106	0.0124	0.0156	0.0194	0.0136	0.0083	0.0069	0.0088	0.0054	0.0093	0.0236	0.0161	0.0176	0.0159	0.0161	0.0081	0.0074	0.0006	0.0139	0.0102	0.0136	0.0027	0.0181	0.0053	0.0107	0.0080	0.0122	0.0042	0.0089	0.0060	0.0236	0.0068	0.0041	0.0043	0.0066	0.0192	0.0111	0.0056	0.0171	0.0032	0.0055	0.0038	0.0070	0.0102	0.0130	0.0099	0.0219	0.0003	0.0144	0.0037	0.0148	0.0129	0.0202	0.0073	0.0113	0.0162	0.0222	0.0095	0.0030	0.0112	0.0101	0.0041	0.0289	0.0185	0.0102	0.0112	0.0112	0.0206	0.0128	0.0113	0.0121	0.0055	0.0114	0.0098	0.0013	0.0085	0.0162	0.0026	0.0116	0.0097	
0.0067	0.0168	0.0098	0.0032	0.0075	0.0023	0.0114	0.0210	0.0189	0.0085	0.0224	0.0041	0.0019	0.0072	0.0089	0.0028	0.0039	0.0096	0.0213	0.0055	0.0222	0.0066	0.0066	0.0032	0.0167	0.0184	0.0057	0.0154	0.0098	0.0020	0.0025	0.0230	0.0013	0.0213	0.0010	0.0148	0.0147	0.0175	0.0147	0.0129	0.0003	0.0137	0.0241	0.0085	0.0199	0.0098	0.0029	0.0034	0.0167	0.0237	0.0035	0.0095	0.0040	0.0058	0.0095	0.0015	0.0127	0.0060	0.0122	0.0128	0.0181	0.0206	0.0121	0.0128	0.0064	0.0028	0.0024	0.0040	0.0048	0.0223	0.0064	0.0092	0.0190	0.0086	0.0048	0.0036	0.0072	0.0253	0.0107	0.0049	0.0141	0.0032	0.0240	0.0112	0.0194	0.0188	0.0156	0.0199	0.0119	0.0310	
0.0035	0.0085	0.0045	0.0019	0.0177	0.0015	0.0056	0.0058	0.0022	0.0101	0.0044	0.0200	0.0233	0.0210	0.0110	0.0152	0.0104	0.0196	0.0016	0.0057	0.0183	0.0112	0.0167	0.0039	0.0202	0.0182	0.0021	0.0179	0.0176	0.0121	0.0132	0.0087	0.0184	0.0054	0.0119	0.0144	0.0035	0.0125	0.0155	0.0022	0.0216	0.0005	0.0142	0.0159	0.0261	0.0140	0.0027	0.0181	0.0183	0.0032	0.0022	0.0228	0.0126	0.0045	0.0045	0.0138	0.0174	0.0200	0.0032	0.0179	0.0185	0.0057	0.0102	0.0101	0.0015	0.0188	0.0059	0.0120	0.0033	0.0221	0.0098	0.0174	0.0015	0.0204	0.0068	0.0147	0.0133	0.0239	0.0058	0.0051	0.0143	0.0047	0.0048	0.0129	0.0081	0.0122	0.0129	0.0095	0.0003	0.0022	
0.0183	0.0046	0.0109	0.0118	0.0036	0.0123	0.0117	0.0051	0.0159	0.0000	0.0075	0.0093	0.0150	0.0206	0.0090	0.0035	0.0138	0.0153	0.0167	0.0109	0.0189	0.0175	0.0146	0.0183	0.0096	0.0151	0.0016	0.0228	0.0055	0.0119	0.0056	0.0201	0.0148	0.0015	0.0003	0.0048	0.0086	0.0062	0.0156	0.0186	0.0035	0.0096	0.0045	0.0066	0.0224	0.0027	0.0083	0.0071	0.0165	0.0046	0.0174	0.0203	0.0112	0.0101	0.0049	0.0037	0.0112	0.0136	0.0065	0.0090	0.0100	0.0133	0.0229	0.0057	0.0155	0.0086	0.0130	0.0152	0.0172	0.0095	0.0133	0.0094	0.0204	0.0007	0.0067	0.0078	0.0131	0.0095	0.0193	0.0053	0.0056	0.0172	0.0256	0.0015	0.0119	0.0098	0.0058	0.0041	0.0174	0.0228	
0.0120	0.0146	0.0206	0.0054	0.0063	0.0089	0.0106	0.0182	0.0110	0.0090	0.0070	0.0149	0.0107	0.0100	0.0079	0.0064	0.0144	0.0112	0.0045	0.0185	0.0131	0.0030	0.0156	0.0004	0.0029	0.0180	0.0120	0.0202	0.0139	0.0057	0.0044	0.0127	0.0185	0.0206	0.0124	0.0142	0.0077	0.0111	0.0140	0.0168	0.0168	0.0115	0.0137	0.0075	0.0199	0.0105	0.0026	0.0098	0.0102	0.0070	0.0090	0.0153	0.0171	0.0167	0.0039	0.0114	0.0017	0.0195	0.0039	0.0085	0.0136	0.0119	0.0039	0.0059	0.0055	0.0159	0.0168	0.0103	0.0138	0.0180	0.0148	0.0059	0.0188	0.0075	0.0022	0.0197	0.0073	0.0097	0.0033	0.0097	0.0125	0.0041	0.0095	0.0065	0.0150	0.0107	0.0121	0.0187	0.0164	0.0039	
0.0133	0.0111	0.0090	0.0045	0.0003	0.0027	0.0102	0.0085	0.0022	0.0189	0.0115	0.0134	0.0142	0.0159	0.0101	0.0038	0.0156	0.0113	0.0182	0.0066	0.0040	0.0161	0.0170	0.0141	0.0187	0.0124	0.0049	0.0219	0.0139	0.0174	0.0065	0.0238	0.0165	0.0138	0.0028	0.0048	0.0159	0.0106	0.0088	0.0232	0.0082	0.0181	0.0060	0.0055	0.0237	0.0012	0.0078	0.0138	0.0152	0.0131	0.0125	0.0015	0.0023	0.0097	0.0182	0.0206	0.0159	0.0181	0.0080	0.0084	0.0158	0.0135	0.0167	0.0074	0.0155	0.0136	0.0161	0.0037	0.0115	0.0082	0.0044	0.0072	0.0021	0.0164	0.0183	0.0051	0.0089	0.0151	0.0133	0.0154	0.0038	0.0126	0.0027	0.0012	0.0027	0.0061	0.0211	0.0061	0.0148	0.0043	
0.0100	0.0036	0.0030	0.0003	0.0017	0.0141	0.0050	0.0212	0.0129	0.0060	0.0046	0.0061	0.0025	0.0104	0.0064	0.0069	0.0178	0.0066	0.0144	0.0187	0.0139	0.0046	0.0026	0.0158	0.0051	0.0077	0.0117	0.0193	0.0064	0.0088	0.0167	0.0145	0.0126	0.0105	0.0196	0.0011	0.0041	0.0016	0.0177	0.0050	0.0225	0.0093	0.0224	0.0102	0.0152	0.0228	0.0088	0.0148	0.0152	0.0207	0.0064	0.0162	0.0152	0.0187	0.0117	0.0065	0.0013	0.0119	0.0171	0.0167	0.0031	0.0118	0.0156	0.0060	0.0130	0.0149	0.0153	0.0168	0.0117	0.0079	0.0009	0.0191	0.0125	0.0083	0.0170	0.0028	0.0054	0.0208	0.0023	0.0054	0.0198	0.0213	0.0001	0.0098	0.0006	0.0048	0.0223	0.0154	0.0213	0.0186	
0.0198	0.0150	0.0063	0.0010	0.0009	0.0098	0.0208	0.0161	0.0238	0.0194	0.0051	0.0175	0.0046	0.0112	0.0112	0.0105	0.0021	0.0073	0.0025	0.0116	0.0019	0.0075	0.0088	0.0114	0.0200	0.0079	0.0107	0.0056	0.0064	0.0083	0.0187	0.0030	0.0218	0.0218	0.0069	0.0058	0.0113	0.0100	0.0080	0.0084	0.0059	0.0106	0.0198	0.0054	0.0010	0.0042	0.0136	0.0133	0.0131	0.0148	0.0019	0.0153	0.0099	0.0086	0.0127	0.0151	0.0092	0.0160	0.0062	0.0161	0.0209	0.0143	0.0104	0.0117	0.0009	0.0023	0.0190	0.0054	0.0016	0.0128	0.0185	0.0132	0.0254	0.0154	0.0050	0.0124	0.0113	0.0036	0.0128	0.0114	0.0158	0.0247	0.0184	0.0157	0.0040	0.0062	0.0140	0.0108	0.0095	0.0193	
0.0159	0.0150	0.0037	0.0105	0.0111	0.0111	0.0034	0.0045	0.0049	0.0174	0.0054	0.0092	0.0129	0.0019	0.0109	0.0095	0.0100	0.0179	0.0042	0.0000	0.0045	0.0050	0.0043	0.0109	0.0020	0.0239	0.0002	0.0160	0.0098	0.0217	0.0115	0.0120	0.0210	0.0096	0.0114	0.0172	0.0078	0.0063	0.0067	0.0130	0.0084	0.0046	0.0185	0.0120	0.0088	0.0046	0.0062	0.0105	0.0169	0.0153	0.0108	0.0232	0.0040	0.0076	0.0102	0.0138	0.0163	0.0116	0.0122	0.0088	0.0118	0.0085	0.0180	0.0071	0.0088	0.0154	0.0114	0.0026	0.0096	0.0222	0.0190	0.0052	0.0113	0.0112	0.0127	0.0195	0.0064	0.0161	0.0065	0.0138	0.0154	0.0113	0.0255	0.0149	0.0031	0.0138	0.0049	0.0095	0.0200	0.0265	
0.0034	0.0166	0.0170	0.0158	0.0006	0.0186	0.0125	0.0128	0.0043	0.0103	0.0111	0.0047	0.0026	0.0226	0.0152	0.0081	0.0079	0.0166	0.0179	0.0137	0.0092	0.0017	0.0056	0.0129	0.0197	0.0038	0.0089	0.0023	0.0070	0.0224	0.0160	0.0051	0.0056	0.0128	0.0145	0.0215	0.0095	0.0123	0.0127	0.0160	0.0098	0.0144	0.0083	0.0178	0.0068	0.0107	0.0070	0.0018	0.0215	0.0173	0.0036	0.0160	0.0130	0.0081	0.0141	0.0024	0.0166	0.0021	0.0016	0.0176	0.0096	0.0096	0.0054	0.0072	0.0204	0.0096	0.0007	0.0117	0.0017	0.0234	0.0180	0.0180	0.0021	0.0013	0.0044	0.0128	0.0130	0.0113	0.0103	0.0069	0.0194	0.0106	0.0087	0.0111	0.0151	0.0002	0.0121	0.0188	0.0227	0.0213	
0.0056	0.0086	0.0106	0.0106	0.0057	0.0168	0.0118	0.0005	0.0183	0.0153	0.0075	0.0169	0.0000	0.0220	0.0006	0.0070	0.0086	0.0135	0.0035	0.0014	0.0102	0.0058	0.0132	0.0154	0.0030	0.0012	0.0026	0.0196	0.0185	0.0226	0.0176	0.0053	0.0159	0.0092	0.0116	0.0067	0.0069	0.0079	0.0165	0.0068	0.0207	0.0107	0.0102	0.0161	0.0248	0.0001	0.0073	0.0075	0.0087	0.0063	0.0093	0.0229	0.0127	0.0162	0.0043	0.0008	0.0170	0.0177	0.0106	0.0041	0.0143	0.0164	0.0043	0.0014	0.0205	0.0037	0.0015	0.0129	0.0064	0.0166	0.0183	0.0024	0.0185	0.0166	0.0023	0.0206	0.0168	0.0245	0.0154	0.0024	0.0130	0.0178	0.0095	0.0123	0.0085	0.0217	0.0128	0.0188	0.0043	0.0165	
0.0087	0.0100	0.0191	0.0094	0.0127	0.0021	0.0098	0.0099	0.0183	0.0151	0.0142	0.0185	0.0017	0.0192	0.0054	0.0090	0.0023	0.0199	0.0161	0.0087	0.0066	0.0186	0.0010	0.0077	0.0126	0.0012	0.0077	0.0162	0.0169	0.0256	0.0153	0.0068	0.0121	0.0190	0.0031	0.0048	0.0037	0.0037	0.0075	0.0226	0.0101	0.0053	0.0025	0.0210	0.0060	0.0208	0.0113	0.0129	0.0035	0.0007	0.0140	0.0215	0.0021	0.0159	0.0059	0.0163	0.0139	0.0095	0.0014	0.0085	0.0119	0.0169	0.0167	0.0146	0.0034	0.0136	0.0085	0.0056	0.0109	0.0045	0.0017	0.0187	0.0131	0.0154	0.0189	0.0231	0.0134	0.0022	0.0048	0.0107	0.0088	0.0217	0.0149	0.0145	0.0004	0.0192	0.0027	0.0144	0.0120	0.0168	
0.0107	0.0121	0.0022	0.0175	0.0092	0.0099	0.0140	0.0033	0.0189	0.0091	0.0060	0.0078	0.0029	0.0230	0.0188	0.0189	0.0059	0.0100	0.0191	0.0077	0.0001	0.0099	0.0046	0.0060	0.0019	0.0242	0.0049	0.0011	0.0236	0.0071	0.0178	0.0225	0.0256	0.0014	0.0088	0.0055	0.0139	0.0108	0.0085	0.0077	0.0070	0.0083	0.0040	0.0140	0.0065	0.0248	0.0128	0.0108	0.0190	0.0028	0.0074	0.0197	0.0151	0.0025	0.0101	0.0032	0.0145	0.0156	0.0174	0.0092	0.0054	0.0129	0.0035	0.0088	0.0191	0.0144	0.0126	0.0010	0.0090	0.0175	0.0201	0.0164	0.0322	0.0105	0.0018	0.0097	0.0043	0.0125	0.0031	0.0015	0.0029	0.0181	0.0087	0.0174	0.0217	0.0168	0.0003	0.0151	0.0141	0.0111	
0.0110	0.0024	0.0152	0.0143	0.0024	0.0127	0.0090	0.0171	0.0200	0.0114	0.0079	0.0146	0.0016	0.0001	0.0027	0.0167	0.0120	0.0086	0.0003	0.0006	0.0212	0.0024	0.0122	0.0135	0.0096	0.0135	0.0042	0.0090	0.0181	0.0017	0.0157	0.0238	0.0141	0.0011	0.0012	0.0157	0.0020	0.0027	0.0067	0.0096	0.0016	0.0084	0.0136	0.0125	0.0183	0.0111	0.0133	0.0070	0.0146	0.0023	0.0018	0.0176	0.0123	0.0113	0.0120	0.0119	0.0132	0.0203	0.0100	0.0120	0.0087	0.0003	0.0227	0.0117	0.0195	0.0113	0.0038	0.0003	0.0201	0.0089	0.0123	0.0119	0.0006	0.0122	0.0193	0.0080	0.0082	0.0238	0.0019	0.0160	0.0179	0.0230	0.0221	0.0144	0.0217	0.0216	0.0039	0.0214	0.0123	0.0167	
0.0051	0.0030	0.0168	0.0132	0.0004	0.0010	0.0139	0.0242	0.0176	0.0013	0.0057	0.0186	0.0104	0.0072	0.0089	0.0133	0.0118	0.0030	0.0144	0.0050	0.0026	0.0154	0.0221	0.0109	0.0229	0.0152	0.0052	0.0090	0.0211	0.0285	0.0103	0.0077	0.0145	0.0107	0.0024	0.0090	0.0167	0.0075	0.0131	0.0235	0.0209	0.0095	0.0057	0.0006	0.0210	0.0005	0.0100	0.0117	0.0021	0.0115	0.0074	0.0019	0.0070	0.0072	0.0107	0.0159	0.0065	0.0043	0.0199	0.0107	0.0173	0.0056	0.0030	0.0151	0.0170	0.0007	0.0054	0.0000	0.0031	0.0046	0.0128	0.0069	0.0172	0.0153	0.0096	0.0160	0.0085	0.0262	0.0203	0.0164	0.0011	0.0212	0.0076	0.0085	0.0137	0.0087	0.0239	0.0044	0.0250	0.0168	
0.0029	0.0165	0.0122	0.0013	0.0027	0.0118	0.0098	0.0104	0.0094	0.0151	0.0184	0.0123	0.0090	0.0267	0.0132	0.0008	0.0093	0.0156	0.0208	0.0209	0.0064	0.0097	0.0084	0.0233	0.0107	0.0012	0.0213	0.0228	0.0064	0.0091	0.0022	0.0016	0.0009	0.0147	0.0005	0.0142	0.0147	0.0115	0.0120	0.0217	0.0041	0.0174	0.0130	0.0042	0.0018	0.0140	0.0073	0.0065	0.0086	0.0136	0.0184	0.0073	0.0051	0.0024	0.0049	0.0169	0.0095	0.0114	0.0147	0.0017	0.0118	0.0139	0.0045	0.0013	0.0130	0.0147	0.0098	0.0169	0.0215	0.0045	0.0047	0.0006	0.0022	0.0007	0.0160	0.0091	0.0204	0.0047	0.0233	0.0175	0.0155	0.0182	0.0113	0.0172	0.0098	0.0198	0.0194	0.0236	0.0108	0.0080	
0.0064	0.0060	0.0196	0.0082	0.0095	0.0115	0.0166	0.0106	0.0145	0.0070	0.0021	0.0152	0.0097	0.0058	0.0043	0.0210	0.0031	0.0055	0.0096	0.0226	0.0239	0.0054	0.0141	0.0150	0.0096	0.0215	0.0045	0.0108	0.0142	0.0214	0.0209	0.0154	0.0071	0.0160	0.0174	0.0190	0.0029	0.0127	0.0157	0.0027	0.0151	0.0078	0.0121	0.0131	0.0227	0.0013	0.0049	0.0037	0.0090	0.0150	0.0129	0.0165	0.0094	0.0112	0.0083	0.0024	0.0179	0.0023	0.0024	0.0102	0.0066	0.0069	0.0218	0.0169	0.0104	0.0112	0.0069	0.0164	0.0079	0.0118	0.0139	0.0107	0.0151	0.0062	0.0060	0.0111	0.0159	0.0011	0.0222	0.0054	0.0143	0.0017	0.0002	0.0227	0.0011	0.0084	0.0010	0.0179	0.0062	0.0246	
0.0029	0.0014	0.0115	0.0031	0.0191	0.0048	0.0120	0.0139	0.0027	0.0038	0.0122	0.0113	0.0156	0.0236	0.0004	0.0016	0.0008	0.0036	0.0069	0.0213	0.0094	0.0163	0.0027	0.0175	0.0207	0.0055	0.0056	0.0242	0.0198	0.0021	0.0102	0.0168	0.0115	0.0141	0.0057	0.0115	0.0012	0.0061	0.0111	0.0244	0.0184	0.0010	0.0182	0.0192	0.0163	0.0022	0.0041	0.0007	0.0183	0.0225	0.0054	0.0224	0.0076	0.0065	0.0060	0.0097	0.0204	0.0166	0.0059	0.0107	0.0161	0.0144	0.0168	0.0013	0.0174	0.0015	0.0190	0.0049	0.0134	0.0119	0.0198	0.0139	0.0152	0.0059	0.0019	0.0097	0.0179	0.0100	0.0037	0.0138	0.0004	0.0066	0.0278	0.0196	0.0175	0.0150	0.0061	0.0035	0.0065	0.0273	
0.0104	0.0062	0.0001	0.0002	0.0007	0.0022	0.0081	0.0185	0.0029	0.0111	0.0022	0.0002	0.0089	0.0121	0.0000	0.0135	0.0045	0.0017	0.0051	0.0213	0.0165	0.0130	0.0124	0.0097	0.0115	0.0190	0.0131	0.0209	0.0065	0.0000	0.0193	0.0231	0.0257	0.0186	0.0168	0.0111	0.0108	0.0136	0.0058	0.0217	0.0008	0.0162	0.0052	0.0130	0.0179	0.0003	0.0163	0.0112	0.0192	0.0056	0.0073	0.0045	0.0158	0.0065	0.0032	0.0004	0.0190	0.0093	0.0114	0.0064	0.0077	0.0106	0.0125	0.0017	0.0144	0.0051	0.0013	0.0093	0.0125	0.0090	0.0184	0.0129	0.0219	0.0053	0.0199	0.0159	0.0068	0.0220	0.0209	0.0077	0.0189	0.0050	0.0265	0.0006	0.0122	0.0149	0.0211	0.0150	0.0160	0.0258	
0.0158	0.0055	0.0025	0.0147	0.0151	0.0106	0.0095	0.0030	0.0167	0.0083	0.0188	0.0095	0.0184	0.0125	0.0066	0.0183	0.0065	0.0139	0.0090	0.0113	0.0155	0.0239	0.0136	0.0002	0.0136	0.0037	0.0116	0.0144	0.0113	0.0008	0.0059	0.0117	0.0167	0.0168	0.0126	0.0122	0.0094	0.0162	0.0138	0.0101	0.0047	0.0042	0.0203	0.0124	0.0141	0.0078	0.0039	0.0087	0.0120	0.0230	0.0060	0.0079	0.0046	0.0050	0.0035	0.0165	0.0139	0.0023	0.0077	0.0097	0.0174	0.0198	0.0153	0.0181	0.0016	0.0099	0.0122	0.0066	0.0189	0.0224	0.0030	0.0110	0.0228	0.0003	0.0055	0.0124	0.0015	0.0043	0.0099	0.0034	0.0182	0.0035	0.0259	0.0139	0.0166	0.0003	0.0058	0.0126	0.0125	0.0259	
0.0175	0.0082	0.0091	0.0040	0.0111	0.0047	0.0138	0.0222	0.0110	0.0007	0.0138	0.0221	0.0131	0.0198	0.0125	0.0171	0.0065	0.0052	0.0002	0.0171	0.0196	0.0107	0.0144	0.0041	0.0110	0.0226	0.0014	0.0006	0.0045	0.0013	0.0078	0.0024	0.0210	0.0036	0.0190	0.0143	0.0024	0.0177	0.0141	0.0003	0.0221	0.0018	0.0150	0.0089	0.0118	0.0008	0.0124	0.0038	0.0198	0.0010	0.0118	0.0009	0.0103	0.0170	0.0237	0.0107	0.0214	0.0042	0.0176	0.0117	0.0035	0.0129	0.0185	0.0067	0.0163	0.0144	0.0044	0.0068	0.0178	0.0022	0.0128	0.0112	0.0176	0.0226	0.0173	0.0151	0.0151	0.0053	0.0184	0.0080	0.0060	0.0221	0.0050	0.0031	0.0092	0.0055	0.0129	0.0225	0.0034	0.0143	
0.0169	0.0204	0.0016	0.0007	0.0221	0.0055	0.0063	0.0093	0.0111	0.0148	0.0157	0.0061	0.0076	0.0185	0.0080	0.0027	0.0073	0.0129	0.0228	0.0089	0.0166	0.0162	0.0079	0.0068	0.0091	0.0054	0.0075	0.0182	0.0228	0.0139	0.0020	0.0080	0.0046	0.0064	0.0055	0.0152	0.0085	0.0100	0.0031	0.0153	0.0080	0.0072	0.0113	0.0025	0.0175	0.0196	0.0092	0.0089	0.0140	0.0070	0.0173	0.0010	0.0208	0.0153	0.0163	0.0033	0.0130	0.0220	0.0133	0.0132	0.0158	0.0141	0.0099	0.0038	0.0190	0.0109	0.0010	0.0042	0.0098	0.0235	0.0126	0.0171	0.0094	0.0072	0.0000	0.0084	0.0034	0.0089	0.0132	0.0078	0.0145	0.0247	0.0302	0.0178	0.0169	0.0020	0.0086	0.0095	0.0094	0.0033	
0.0009	0.0102	0.0159	0.0100	0.0153	0.0098	0.0193	0.0072	0.0089	0.0013	0.0106	0.0063	0.0212	0.0164	0.0149	0.0184	0.0106	0.0135	0.0182	0.0106	0.0010	0.0053	0.0029	0.0050	0.0168	0.0267	0.0111	0.0128	0.0112	0.0118	0.0057	0.0169	0.0213	0.0096	0.0125	0.0202	0.0013	0.0163	0.0159	0.0070	0.0078	0.0120	0.0116	0.0111	0.0128	0.0103	0.0169	0.0034	0.0007	0.0126	0.0062	0.0182	0.0116	0.0168	0.0008	0.0180	0.0119	0.0111	0.0133	0.0105	0.0153	0.0060	0.0158	0.0154	0.0182	0.0055	0.0122	0.0089	0.0003	0.0184	0.0154	0.0156	0.0227	0.0102	0.0037	0.0053	0.0078	0.0134	0.0146	0.0068	0.0003	0.0114	0.0150	0.0141	0.0031	0.0082	0.0012	0.0183	0.0081	0.0007	
0.0063	0.0091	0.0028	0.0026	0.0118	0.0003	0.0237	0.0209	0.0219	0.0046	0.0171	0.0097	0.0044	0.0078	0.0129	0.0153	0.0173	0.0039	0.0129	0.0190	0.0079	0.0202	0.0156	0.0053	0.0145	0.0105	0.0107	0.0031	0.0197	0.0132	0.0057	0.0178	0.0066	0.0235	0.0079	0.0049	0.0111	0.0153	0.0216	0.0047	0.0077	0.0095	0.0179	0.0113	0.0145	0.0142	0.0075	0.0084	0.0168	0.0096	0.0077	0.0261	0.0057	0.0114	0.0187	0.0092	0.0219	0.0162	0.0135	0.0020	0.0091	0.0181	0.0018	0.0045	0.0003	0.0049	0.0045	0.0029	0.0198	0.0173	0.0224	0.0061	0.0052	0.0082	0.0102	0.0150	0.0021	0.0024	0.0201	0.0005	0.0276	0.0058	0.0125	0.0076	0.0219	0.0064	0.0064	0.0161	0.0057	0.0008	
0.0072	0.0153	0.0030	0.0146	0.0207	0.0087	0.0098	0.0127	0.0101	0.0046	0.0062	0.0050	0.0106	0.0214	0.0088	0.0025	0.0122	0.0209	0.0014	0.0009	0.0058	0.0167	0.0204	0.0097	0.0030	0.0035	0.0066	0.0171	0.0063	0.0168	0.0192	0.0139	0.0197	0.0187	0.0064	0.0023	0.0032	0.0052	0.0109	0.0000	0.0040	0.0089	0.0095	0.0131	0.0162	0.0147	0.0117	0.0092	0.0161	0.0177	0.0103	0.0083	0.0118	0.0039	0.0143	0.0130	0.0185	0.0148	0.0138	0.0130	0.0020	0.0153	0.0063	0.0156	0.0072	0.0161	0.0060	0.0150	0.0122	0.0100	0.0175	0.0087	0.0103	0.0012	0.0162	0.0177	0.0055	0.0107	0.0159	0.0072	0.0101	0.0204	0.0232	0.0090	0.0037	0.0129	0.0223	0.0152	0.0012	0.0204	
0.0045	0.0103	0.0121	0.0138	0.0215	0.0075	0.0047	0.0149	0.0056	0.0164	0.0074	0.0204	0.0171	0.0092	0.0153	0.0023	0.0154	0.0124	0.0078	0.0003	0.0084	0.0106	0.0176	0.0073	0.0041	0.0049	0.0156	0.0220	0.0160	0.0184	0.0180	0.0164	0.0166	0.0218	0.0035	0.0078	0.0151	0.0115	0.0038	0.0110	0.0121	0.0109	0.0023	0.0005	0.0265	0.0131	0.0014	0.0115	0.0102	0.0016	0.0131	0.0109	0.0070	0.0009	0.0072	0.0163	0.0161	0.0045	0.0135	0.0136	0.0105	0.0074	0.0219	0.0107	0.0237	0.0158	0.0043	0.0195	0.0041	0.0147	0.0036	0.0067	0.0088	0.0173	0.0101	0.0186	0.0077	0.0217	0.0074	0.0105	0.0028	0.0065	0.0111	0.0143	0.0007	0.0101	0.0063	0.0149	0.0130	0.0127	
0.0112	0.0131	0.0194	0.0070	0.0196	0.0025	0.0122	0.0112	0.0013	0.0035	0.0063	0.0034	0.0064	0.0194	0.0128	0.0073	0.0012	0.0098	0.0113	0.0133	0.0087	0.0204	0.0163	0.0022	0.0117	0.0061	0.0167	0.0079	0.0117	0.0121	0.0091	0.0136	0.0073	0.0174	0.0171	0.0086	0.0063	0.0147	0.0000	0.0078	0.0013	0.0130	0.0138	0.0039	0.0044	0.0192	0.0147	0.0094	0.0139	0.0153	0.0065	0.0185	0.0019	0.0164	0.0172	0.0132	0.0176	0.0178	0.0166	0.0109	0.0030	0.0068	0.0206	0.0096	0.0164	0.0148	0.0148	0.0120	0.0170	0.0109	0.0165	0.0044	0.0103	0.0036	0.0103	0.0148	0.0043	0.0174	0.0173	0.0096	0.0073	0.0100	0.0153	0.0177	0.0029	0.0156	0.0105	0.0086	0.0174	0.0069	
0.0102	0.0108	0.0177	0.0082	0.0041	0.0121	0.0186	0.0034	0.0119	0.0068	0.0024	0.0071	0.0153	0.0068	0.0174	0.0027	0.0062	0.0261	0.0100	0.0093	0.0138	0.0045	0.0188	0.0074	0.0041	0.0220	0.0134	0.0024	0.0114	0.0257	0.0109	0.0121	0.0241	0.0204	0.0167	0.0059	0.0069	0.0008	0.0016	0.0191	0.0216	0.0011	0.0030	0.0130	0.0128	0.0025	0.0164	0.0070	0.0006	0.0005	0.0062	0.0167	0.0003	0.0090	0.0157	0.0081	0.0199	0.0112	0.0058	0.0077	0.0181	0.0170	0.0163	0.0110	0.0238	0.0172	0.0130	0.0167	0.0074	0.0163	0.0159	0.0061	0.0273	0.0131	0.0118	0.0110	0.0009	0.0085	0.0002	0.0012	0.0247	0.0116	0.0026	0.0104	0.0165	0.0176	0.0091	0.0081	0.0003	0.0180	
0.0093	0.0176	0.0166	0.0145	0.0230	0.0227	0.0096	0.0134	0.0198	0.0144	0.0131	0.0231	0.0276	0.0129	0.0044	0.0016	0.0151	0.0124	0.0173	0.0058	0.0075	0.0102	0.0102	0.0035	0.0111	0.0118	0.0128	0.0060	0.0007	0.0053	0.0096	0.0050	0.0250	0.0172	0.0027	0.0149	0.0103	0.0037	0.0131	0.0137	0.0020	0.0084	0.0169	0.0071	0.0136	0.0231	0.0105	0.0139	0.0026	0.0103	0.0011	0.0252	0.0107	0.0168	0.0080	0.0000	0.0123	0.0119	0.0055	0.0115	0.0088	0.0023	0.0143	0.0076	0.0054	0.0073	0.0023	0.0042	0.0076	0.0111	0.0132	0.0116	0.0250	0.0030	0.0035	0.0176	0.0157	0.0019	0.0175	0.0101	0.0268	0.0251	0.0044	0.0127	0.0027	0.0100	0.0133	0.0023	0.0102	0.0031	
0.0057	0.0182	0.0217	0.0011	0.0070	0.0189	0.0182	0.0068	0.0016	0.0030	0.0156	0.0060	0.0073	0.0143	0.0142	0.0112	0.0001	0.0095	0.0131	0.0109	0.0055	0.0091	0.0190	0.0144	0.0131	0.0079	0.0180	0.0004	0.0064	0.0216	0.0137	0.0003	0.0169	0.0040	0.0040	0.0123	0.0104	0.0163	0.0167	0.0039	0.0210	0.0084	0.0204	0.0126	0.0178	0.0141	0.0114	0.0112	0.0128	0.0154	0.0093	0.0047	0.0093	0.0190	0.0178	0.0176	0.0007	0.0067	0.0099	0.0190	0.0010	0.0173	0.0002	0.0048	0.0103	0.0154	0.0106	0.0041	0.0078	0.0083	0.0172	0.0033	0.0144	0.0083	0.0113	0.0190	0.0093	0.0095	0.0203	0.0161	0.0140	0.0093	0.0115	0.0141	0.0078	0.0121	0.0124	0.0168	0.0065	0.0098	
0.0113	0.0073	0.0081	0.0137	0.0026	0.0012	0.0099	0.0163	0.0024	0.0192	0.0033	0.0105	0.0032	0.0065	0.0115	0.0071	0.0101	0.0004	0.0095	0.0028	0.0106	0.0167	0.0077	0.0155	0.0056	0.0144	0.0096	0.0112	0.0203	0.0240	0.0050	0.0193	0.0191	0.0017	0.0167	0.0094	0.0137	0.0154	0.0069	0.0123	0.0064	0.0132	0.0057	0.0018	0.0180	0.0060	0.0038	0.0032	0.0151	0.0021	0.0212	0.0125	0.0064	0.0034	0.0170	0.0187	0.0002	0.0156	0.0123	0.0093	0.0111	0.0017	0.0193	0.0043	0.0156	0.0075	0.0105	0.0021	0.0104	0.0086	0.0092	0.0171	0.0154	0.0173	0.0186	0.0207	0.0103	0.0072	0.0206	0.0179	0.0091	0.0078	0.0165	0.0183	0.0189	0.0185	0.0110	0.0174	0.0055	0.0278	
0.0076	0.0026	0.0026	0.0158	0.0212	0.0045	0.0219	0.0000	0.0126	0.0066	0.0128	0.0025	0.0177	0.0118	0.0082	0.0020	0.0137	0.0081	0.0072	0.0013	0.0120	0.0146	0.0171	0.0107	0.0210	0.0085	0.0081	0.0210	0.0066	0.0242	0.0249	0.0229	0.0248	0.0137	0.0158	0.0046	0.0107	0.0173	0.0016	0.0118	0.0216	0.0065	0.0149	0.0104	0.0059	0.0083	0.0112	0.0033	0.0042	0.0170	0.0157	0.0025	0.0062	0.0037	0.0092	0.0175	0.0093	0.0087	0.0221	0.0107	0.0158	0.0198	0.0164	0.0092	0.0071	0.0168	0.0057	0.0009	0.0115	0.0094	0.0081	0.0013	0.0080	0.0160	0.0037	0.0012	0.0168	0.0045	0.0106	0.0090	0.0168	0.0084	0.0212	0.0089	0.0193	0.0182	0.0095	0.0152	0.0051	0.0047	
0.0136	0.0036	0.0155	0.0088	0.0212	0.0146	0.0139	0.0031	0.0043	0.0050	0.0011	0.0118	0.0135	0.0164	0.0092	0.0174	0.0132	0.0138	0.0213	0.0062	0.0160	0.0039	0.0002	0.0054	0.0183	0.0102	0.0023	0.0054	0.0158	0.0111	0.0125	0.0154	0.0222	0.0086	0.0088	0.0021	0.0036	0.0150	0.0185	0.0046	0.0083	0.0112	0.0144	0.0028	0.0131	0.0014	0.0118	0.0000	0.0212	0.0010	0.0004	0.0210	0.0122	0.0169	0.0073	0.0155	0.0055	0.0092	0.0101	0.0074	0.0132	0.0083	0.0081	0.0110	0.0166	0.0098	0.0152	0.0038	0.0043	0.0089	0.0112	0.0007	0.0191	0.0165	0.0150	0.0203	0.0038	0.0201	0.0150	0.0142	0.0166	0.0031	0.0082	0.0126	0.0118	0.0109	0.0200	0.0189	0.0218	0.0227	
0.0150	0.0129	0.0054	0.0080	0.0125	0.0164	0.0075	0.0064	0.0069	0.0002	0.0048	0.0101	0.0178	0.0135	0.0073	0.0241	0.0033	0.0237	0.0209	0.0095	0.0101	0.0085	0.0129	0.0118	0.0178	0.0163	0.0006	0.0172	0.0053	0.0066	0.0134	0.0240	0.0073	0.0084	0.0099	0.0184	0.0124	0.0038	0.0063	0.0010	0.0163	0.0155	0.0098	0.0186	0.0173	0.0055	0.0069	0.0173	0.0049	0.0095	0.0066	0.0008	0.0002	0.0113	0.0107	0.0100	0.0040	0.0143	0.0155	0.0162	0.0170	0.0126	0.0010	0.0015	0.0112	0.0093	0.0039	0.0085	0.0201	0.0164	0.0045	0.0003	0.0188	0.0180	0.0146	0.0103	0.0177	0.0217	0.0012	0.0087	0.0059	0.0046	0.0159	0.0173	0.0213	0.0114	0.0191	0.0157	0.0192	0.0031	
0.0108	0.0026	0.0099	0.0065	0.0034	0.0004	0.0199	0.0107	0.0077	0.0023	0.0009	0.0202	0.0201	0.0147	0.0038	0.0091	0.0058	0.0034	0.0174	0.0017	0.0139	0.0082	0.0115	0.0040	0.0139	0.0198	0.0006	0.0076	0.0056	0.0277	0.0143	0.0142	0.0175	0.0209	0.0166	0.0011	0.0079	0.0038	0.0144	0.0165	0.0125	0.0063	0.0072	0.0201	0.0128	0.0070	0.0051	0.0193	0.0113	0.0097	0.0019	0.0177	0.0155	0.0144	0.0107	0.0057	0.0132	0.0053	0.0168	0.0077	0.0176	0.0124	0.0048	0.0062	0.0112	0.0104	0.0069	0.0185	0.0119	0.0056	0.0173	0.0039	0.0120	0.0013	0.0108	0.0040	0.0188	0.0160	0.0164	0.0047	0.0090	0.0014	0.0247	0.0169	0.0198	0.0205	0.0141	0.0194	0.0085	0.0236	
0.0078	0.0049	0.0068	0.0052	0.0179	0.0157	0.0046	0.0219	0.0113	0.0172	0.0162	0.0067	0.0093	0.0065	0.0100	0.0208	0.0045	0.0203	0.0038	0.0077	0.0065	0.0197	0.0098	0.0094	0.0005	0.0251	0.0129	0.0095	0.0135	0.0147	0.0233	0.0116	0.0188	0.0212	0.0136	0.0099	0.0139	0.0027	0.0062	0.0139	0.0234	0.0002	0.0032	0.0171	0.0087	0.0023	0.0123	0.0116	0.0026	0.0176	0.0108	0.0218	0.0126	0.0001	0.0095	0.0107	0.0190	0.0161	0.0060	0.0157	0.0020	0.0158	0.0089	0.0145	0.0198	0.0106	0.0144	0.0081	0.0102	0.0032	0.0007	0.0027	0.0146	0.0107	0.0072	0.0056	0.0144	0.0143	0.0051	0.0156	0.0063	0.0045	0.0089	0.0139	0.0206	0.0018	0.0154	0.0141	0.0111	0.0078	
0.0122	0.0012	0.0170	0.0092	0.0166	0.0034	0.0133	0.0065	0.0217	0.0145	0.0061	0.0048	0.0026	0.0246	0.0181	0.0124	0.0056	0.0062	0.0151	0.0039	0.0170	0.0046	0.0117	0.0058	0.0134	0.0262	0.0068	0.0154	0.0008	0.0234	0.0240	0.0009	0.0312	0.0056	0.0080	0.0224	0.0050	0.0007	0.0206	0.0041	0.0182	0.0083	0.0118	0.0099	0.0156	0.0009	0.0017	0.0079	0.0200	0.0061	0.0117	0.0151	0.0005	0.0066	0.0135	0.0113	0.0132	0.0118	0.0201	0.0132	0.0154	0.0190	0.0054	0.0004	0.0220	0.0089	0.0055	0.0158	0.0108	0.0249	0.0049	0.0057	0.0109	0.0103	0.0091	0.0032	0.0097	0.0024	0.0170	0.0098	0.0224	0.0011	0.0008	0.0159	0.0033	0.0058	0.0002	0.0152	0.0148	0.0294	
0.0087	0.0172	0.0033	0.0033	0.0085	0.0177	0.0063	0.0143	0.0109	0.0022	0.0205	0.0044	0.0167	0.0207	0.0014	0.0114	0.0034	0.0122	0.0153	0.0114	0.0210	0.0104	0.0144	0.0080	0.0197	0.0138	0.0174	0.0149	0.0184	0.0186	0.0062	0.0128	0.0058	0.0099	0.0117	0.0078	0.0026	0.0026	0.0002	0.0173	0.0159	0.0165	0.0157	0.0169	0.0165	0.0121	0.0037	0.0046	0.0093	0.0165	0.0020	0.0092	0.0163	0.0022	0.0014	0.0182	0.0025	0.0163	0.0073	0.0151	0.0203	0.0145	0.0191	0.0149	0.0161	0.0039	0.0156	0.0081	0.0060	0.0140	0.0071	0.0012	0.0117	0.0010	0.0153	0.0020	0.0209	0.0223	0.0142	0.0043	0.0104	0.0142	0.0001	0.0058	0.0100	0.0231	0.0153	0.0044	0.0088	0.0138	
0.0059	0.0060	0.0175	0.0062	0.0220	0.0020	0.0015	0.0200	0.0007	0.0101	0.0105	0.0186	0.0224	0.0205	0.0064	0.0004	0.0137	0.0211	0.0118	0.0232	0.0038	0.0044	0.0042	0.0019	0.0030	0.0112	0.0127	0.0114	0.0049	0.0188	0.0144	0.0217	0.0249	0.0206	0.0063	0.0249	0.0046	0.0051	0.0072	0.0121	0.0003	0.0010	0.0145	0.0019	0.0148	0.0159	0.0110	0.0029	0.0251	0.0114	0.0033	0.0239	0.0150	0.0095	0.0078	0.0028	0.0041	0.0174	0.0044	0.0066	0.0069	0.0124	0.0135	0.0059	0.0259	0.0011	0.0216	0.0046	0.0104	0.0099	0.0152	0.0110	0.0158	0.0214	0.0181	0.0022	0.0068	0.0032	0.0121	0.0077	0.0194	0.0151	0.0153	0.0146	0.0153	0.0149	0.0001	0.0099	0.0092	0.0080	
0.0130	0.0089	0.0007	0.0159	0.0033	0.0081	0.0108	0.0132	0.0024	0.0085	0.0127	0.0077	0.0164	0.0173	0.0110	0.0152	0.0061	0.0184	0.0103	0.0067	0.0208	0.0011	0.0016	0.0125	0.0128	0.0230	0.0003	0.0204	0.0186	0.0107	0.0011	0.0145	0.0264	0.0067	0.0093	0.0029	0.0078	0.0118	0.0178	0.0108	0.0162	0.0115	0.0003	0.0031	0.0195	0.0101	0.0173	0.0185	0.0183	0.0166	0.0039	0.0081	0.0159	0.0016	0.0107	0.0166	0.0124	0.0048	0.0094	0.0064	0.0089	0.0103	0.0183	0.0111	0.0079	0.0045	0.0105	0.0055	0.0015	0.0171	0.0027	0.0143	0.0270	0.0199	0.0128	0.0003	0.0008	0.0231	0.0030	0.0017	0.0210	0.0020	0.0065	0.0205	0.0025	0.0159	0.0115	0.0181	0.0184	0.0235	
0.0132	0.0051	0.0036	0.0117	0.0032	0.0027	0.0001	0.0069	0.0236	0.0094	0.0178	0.0180	0.0245	0.0016	0.0145	0.0106	0.0087	0.0295	0.0109	0.0109	0.0184	0.0150	0.0026	0.0056	0.0135	0.0102	0.0051	0.0208	0.0170	0.0188	0.0213	0.0207	0.0170	0.0075	0.0015	0.0194	0.0129	0.0094	0.0211	0.0126	0.0003	0.0135	0.0032	0.0163	0.0052	0.0036	0.0044	0.0040	0.0034	0.0149	0.0060	0.0183	0.0082	0.0089	0.0025	0.0011	0.0047	0.0202	0.0250	0.0175	0.0205	0.0033	0.0165	0.0024	0.0175	0.0063	0.0039	0.0119	0.0252	0.0238	0.0176	0.0013	0.0049	0.0238	0.0089	0.0241	0.0096	0.0112	0.0029	0.0087	0.0044	0.0024	0.0210	0.0221	0.0086	0.0024	0.0082	0.0033	0.0047	0.0009	
0.0110	0.0125	0.0086	0.0014	0.0182	0.0162	0.0024	0.0004	0.0223	0.0166	0.0160	0.0132	0.0044	0.0056	0.0119	0.0064	0.0066	0.0121	0.0190	0.0037	0.0149	0.0156	0.0160	0.0081	0.0140	0.0198	0.0060	0.0153	0.0179	0.0181	0.0228	0.0012	0.0109	0.0226	0.0043	0.0179	0.0090	0.0011	0.0041	0.0117	0.0207	0.0066	0.0079	0.0042	0.0134	0.0108	0.0152	0.0105	0.0194	0.0009	0.0112	0.0221	0.0029	0.0004	0.0098	0.0197	0.0017	0.0191	0.0105	0.0166	0.0097	0.0078	0.0051	0.0052	0.0204	0.0164	0.0035	0.0040	0.0200	0.0024	0.0132	0.0061	0.0091	0.0074	0.0064	0.0030	0.0069	0.0148	0.0005	0.0011	0.0213	0.0214	0.0223	0.0168	0.0204	0.0028	0.0188	0.0093	0.0106	0.0103	
0.0161	0.0139	0.0129	0.0046	0.0011	0.0089	0.0046	0.0021	0.0056	0.0113	0.0077	0.0155	0.0115	0.0214	0.0052	0.0073	0.0086	0.0170	0.0143	0.0076	0.0127	0.0125	0.0191	0.0085	0.0011	0.0131	0.0113	0.0113	0.0079	0.0221	0.0009	0.0187	0.0152	0.0133	0.0058	0.0185	0.0133	0.0005	0.0074	0.0207	0.0191	0.0046	0.0063	0.0107	0.0176	0.0036	0.0052	0.0184	0.0067	0.0151	0.0128	0.0025	0.0135	0.0035	0.0167	0.0054	0.0173	0.0041	0.0050	0.0086	0.0171	0.0154	0.0175	0.0079	0.0119	0.0105	0.0176	0.0210	0.0120	0.0097	0.0109	0.0085	0.0093	0.0142	0.0088	0.0069	0.0063	0.0113	0.0147	0.0157	0.0077	0.0148	0.0025	0.0162	0.0040	0.0215	0.0016	0.0124	0.0169	0.0274	
0.0033	0.0119	0.0195	0.0154	0.0005	0.0027	0.0105	0.0211	0.0148	0.0030	0.0036	0.0071	0.0080	0.0205	0.0025	0.0037	0.0115	0.0211	0.0186	0.0121	0.0003	0.0083	0.0113	0.0087	0.0005	0.0061	0.0135	0.0272	0.0052	0.0143	0.0104	0.0123	0.0031	0.0145	0.0052	0.0230	0.0115	0.0088	0.0173	0.0066	0.0192	0.0082	0.0089	0.0140	0.0176	0.0012	0.0036	0.0036	0.0142	0.0015	0.0055	0.0040	0.0167	0.0063	0.0188	0.0175	0.0018	0.0113	0.0168	0.0151	0.0079	0.0111	0.0143	0.0078	0.0188	0.0167	0.0040	0.0197	0.0127	0.0056	0.0095	0.0047	0.0031	0.0106	0.0153	0.0160	0.0209	0.0291	0.0146	0.0194	0.0012	0.0130	0.0112	0.0037	0.0078	0.0083	0.0181	0.0185	0.0147	0.0162	
0.0177	0.0051	0.0119	0.0005	0.0207	0.0049	0.0199	0.0017	0.0271	0.0188	0.0198	0.0086	0.0133	0.0121	0.0092	0.0009	0.0010	0.0051	0.0131	0.0100	0.0240	0.0024	0.0168	0.0196	0.0167	0.0239	0.0028	0.0110	0.0025	0.0087	0.0026	0.0094	0.0075	0.0047	0.0081	0.0042	0.0134	0.0023	0.0178	0.0122	0.0187	0.0152	0.0023	0.0192	0.0025	0.0180	0.0000	0.0212	0.0122	0.0059	0.0058	0.0146	0.0054	0.0041	0.0136	0.0183	0.0142	0.0120	0.0086	0.0195	0.0019	0.0081	0.0252	0.0116	0.0165	0.0110	0.0014	0.0066	0.0012	0.0091	0.0080	0.0195	0.0123	0.0006	0.0140	0.0027	0.0001	0.0221	0.0220	0.0189	0.0262	0.0037	0.0250	0.0198	0.0003	0.0137	0.0020	0.0021	0.0152	0.0162	
0.0123	0.0027	0.0172	0.0183	0.0111	0.0088	0.0191	0.0112	0.0029	0.0118	0.0118	0.0156	0.0222	0.0039	0.0158	0.0078	0.0012	0.0057	0.0126	0.0092	0.0170	0.0156	0.0149	0.0066	0.0190	0.0235	0.0080	0.0029	0.0132	0.0037	0.0105	0.0256	0.0171	0.0101	0.0148	0.0037	0.0031	0.0111	0.0123	0.0038	0.0063	0.0089	0.0142	0.0064	0.0081	0.0062	0.0037	0.0159	0.0203	0.0138	0.0100	0.0212	0.0101	0.0050	0.0191	0.0225	0.0112	0.0090	0.0013	0.0103	0.0002	0.0156	0.0207	0.0176	0.0032	0.0139	0.0007	0.0097	0.0090	0.0173	0.0034	0.0115	0.0179	0.0086	0.0030	0.0054	0.0002	0.0088	0.0007	0.0111	0.0180	0.0157	0.0056	0.0192	0.0139	0.0125	0.0110	0.0097	0.0133	0.0215	
0.0136	0.0127	0.0097	0.0013	0.0048	0.0111	0.0145	0.0166	0.0053	0.0133	0.0041	0.0176	0.0096	0.0045	0.0094	0.0241	0.0036	0.0031	0.0022	0.0145	0.0230	0.0031	0.0094	0.0081	0.0174	0.0094	0.0087	0.0005	0.0095	0.0154	0.0061	0.0171	0.0312	0.0156	0.0013	0.0087	0.0020	0.0152	0.0055	0.0126	0.0171	0.0046	0.0041	0.0082	0.0115	0.0018	0.0070	0.0016	0.0097	0.0120	0.0067	0.0118	0.0067	0.0215	0.0225	0.0158	0.0095	0.0212	0.0075	0.0185	0.0017	0.0138	0.0086	0.0113	0.0094	0.0145	0.0170	0.0134	0.0022	0.0025	0.0207	0.0124	0.0292	0.0135	0.0187	0.0150	0.0180	0.0001	0.0020	0.0135	0.0000	0.0099	0.0166	0.0167	0.0040	0.0169	0.0068	0.0256	0.0177	0.0133	
0.0010	0.0021	0.0068	0.0066	0.0126	0.0022	0.0204	0.0136	0.0241	0.0153	0.0066	0.0132	0.0238	0.0079	0.0095	0.0204	0.0085	0.0200	0.0205	0.0063	0.0162	0.0075	0.0195	0.0106	0.0198	0.0160	0.0165	0.0141	0.0100	0.0187	0.0072	0.0204	0.0009	0.0133	0.0010	0.0147	0.0040	0.0103	0.0211	0.0190	0.0171	0.0061	0.0013	0.0068	0.0107	0.0086	0.0080	0.0071	0.0204	0.0068	0.0059	0.0122	0.0175	0.0086	0.0205	0.0143	0.0049	0.0160	0.0134	0.0178	0.0042	0.0062	0.0036	0.0054	0.0092	0.0097	0.0110	0.0080	0.0051	0.0001	0.0133	0.0002	0.0223	0.0026	0.0116	0.0059	0.0063	0.0151	0.0039	0.0071	0.0056	0.0144	0.0183	0.0031	0.0066	0.0198	0.0169	0.0138	0.0147	0.0097	
0.0100	0.0086	0.0194	0.0020	0.0147	0.0076	0.0041	0.0153	0.0180	0.0164	0.0152	0.0006	0.0025	0.0225	0.0107	0.0066	0.0100	0.0183	0.0193	0.0132	0.0086	0.0137	0.0118	0.0027	0.0131	0.0130	0.0117	0.0002	0.0206	0.0130	0.0141	0.0223	0.0153	0.0188	0.0088	0.0025	0.0014	0.0141	0.0095	0.0022	0.0011	0.0089	0.0136	0.0065	0.0135	0.0042	0.0076	0.0124	0.0081	0.0005	0.0048	0.0224	0.0123	0.0015	0.0180	0.0184	0.0183	0.0164	0.0097	0.0004	0.0139	0.0039	0.0163	0.0061	0.0030	0.0167	0.0062	0.0049	0.0104	0.0124	0.0042	0.0162	0.0083	0.0156	0.0107	0.0198	0.0195	0.0068	0.0114	0.0075	0.0044	0.0214	0.0141	0.0196	0.0059	0.0157	0.0068	0.0134	0.0200	0.0139	
0.0044	0.0050	0.0054	0.0084	0.0090	0.0146	0.0148	0.0077	0.0024	0.0126	0.0103	0.0036	0.0029	0.0159	0.0201	0.0088	0.0103	0.0191	0.0120	0.0011	0.0207	0.0125	0.0048	0.0015	0.0178	0.0204	0.0108	0.0177	0.0014	0.0078	0.0148	0.0208	0.0072	0.0259	0.0058	0.0244	0.0104	0.0169	0.0109	0.0162	0.0027	0.0113	0.0018	0.0207	0.0146	0.0010	0.0151	0.0171	0.0039	0.0167	0.0033	0.0112	0.0023	0.0185	0.0104	0.0160	0.0016	0.0039	0.0113	0.0092	0.0038	0.0206	0.0052	0.0153	0.0025	0.0034	0.0192	0.0031	0.0091	0.0246	0.0140	0.0150	0.0094	0.0173	0.0165	0.0080	0.0096	0.0089	0.0093	0.0143	0.0202	0.0193	0.0154	0.0034	0.0052	0.0021	0.0159	0.0084	0.0101	0.0214	
0.0168	0.0101	0.0060	0.0144	0.0114	0.0024	0.0074	0.0077	0.0138	0.0083	0.0032	0.0156	0.0047	0.0064	0.0024	0.0129	0.0025	0.0068	0.0219	0.0063	0.0037	0.0186	0.0137	0.0225	0.0149	0.0085	0.0066	0.0030	0.0147	0.0277	0.0099	0.0131	0.0171	0.0200	0.0009	0.0060	0.0073	0.0072	0.0074	0.0217	0.0227	0.0032	0.0108	0.0033	0.0159	0.0059	0.0116	0.0079	0.0002	0.0171	0.0202	0.0084	0.0097	0.0030	0.0107	0.0017	0.0188	0.0088	0.0071	0.0019	0.0140	0.0055	0.0167	0.0155	0.0252	0.0139	0.0193	0.0106	0.0044	0.0238	0.0012	0.0153	0.0234	0.0023	0.0065	0.0273	0.0064	0.0149	0.0070	0.0062	0.0145	0.0246	0.0028	0.0229	0.0014	0.0050	0.0005	0.0140	0.0064	0.0340	
0.0079	0.0019	0.0224	0.0043	0.0005	0.0145	0.0113	0.0172	0.0062	0.0188	0.0073	0.0044	0.0041	0.0036	0.0087	0.0042	0.0067	0.0084	0.0187	0.0147	0.0228	0.0076	0.0002	0.0012	0.0085	0.0228	0.0033	0.0181	0.0181	0.0207	0.0157	0.0092	0.0045	0.0064	0.0095	0.0205	0.0136	0.0152	0.0024	0.0147	0.0126	0.0104	0.0056	0.0101	0.0274	0.0124	0.0150	0.0205	0.0072	0.0204	0.0165	0.0190	0.0145	0.0140	0.0031	0.0016	0.0022	0.0218	0.0220	0.0032	0.0111	0.0164	0.0245	0.0107	0.0048	0.0006	0.0003	0.0193	0.0149	0.0172	0.0087	0.0125	0.0064	0.0047	0.0017	0.0062	0.0020	0.0158	0.0022	0.0135	0.0022	0.0057	0.0129	0.0215	0.0192	0.0242	0.0132	0.0116	0.0029	0.0126	
0.0145	0.0136	0.0163	0.0151	0.0024	0.0133	0.0143	0.0161	0.0058	0.0185	0.0091	0.0188	0.0078	0.0174	0.0073	0.0032	0.0071	0.0127	0.0137	0.0200	0.0247	0.0111	0.0177	0.0027	0.0015	0.0088	0.0055	0.0016	0.0178	0.0063	0.0111	0.0154	0.0230	0.0062	0.0141	0.0108	0.0138	0.0059	0.0029	0.0073	0.0159	0.0065	0.0057	0.0034	0.0062	0.0053	0.0156	0.0155	0.0087	0.0145	0.0090	0.0018	0.0151	0.0051	0.0092	0.0073	0.0229	0.0135	0.0192	0.0148	0.0079	0.0117	0.0216	0.0006	0.0105	0.0002	0.0020	0.0011	0.0174	0.0246	0.0049	0.0034	0.0109	0.0061	0.0049	0.0132	0.0043	0.0174	0.0208	0.0137	0.0099	0.0144	0.0213	0.0005	0.0163	0.0084	0.0152	0.0118	0.0199	0.0151	
0.0109	0.0053	0.0091	0.0065	0.0245	0.0010	0.0110	0.0069	0.0143	0.0043	0.0023	0.0191	0.0220	0.0093	0.0103	0.0087	0.0130	0.0144	0.0001	0.0203	0.0027	0.0070	0.0156	0.0010	0.0095	0.0238	0.0167	0.0225	0.0090	0.0023	0.0080	0.0166	0.0061	0.0101	0.0083	0.0229	0.0146	0.0005	0.0083	0.0048	0.0020	0.0179	0.0192	0.0177	0.0206	0.0143	0.0125	0.0078	0.0142	0.0073	0.0134	0.0038	0.0116	0.0219	0.0079	0.0058	0.0142	0.0085	0.0204	0.0017	0.0040	0.0132	0.0215	0.0116	0.0231	0.0128	0.0148	0.0117	0.0204	0.0150	0.0123	0.0147	0.0058	0.0186	0.0158	0.0039	0.0067	0.0264	0.0075	0.0165	0.0054	0.0130	0.0106	0.0005	0.0112	0.0039	0.0011	0.0053	0.0005	0.0058	
0.0069	0.0085	0.0014	0.0055	0.0250	0.0105	0.0010	0.0089	0.0247	0.0029	0.0208	0.0017	0.0099	0.0286	0.0111	0.0002	0.0181	0.0179	0.0046	0.0051	0.0239	0.0141	0.0225	0.0028	0.0197	0.0174	0.0040	0.0197	0.0046	0.0205	0.0128	0.0101	0.0143	0.0178	0.0040	0.0017	0.0112	0.0213	0.0180	0.0064	0.0026	0.0164	0.0024	0.0042	0.0228	0.0036	0.0025	0.0080	0.0050	0.0084	0.0042	0.0091	0.0003	0.0165	0.0062	0.0165	0.0115	0.0189	0.0109	0.0066	0.0065	0.0033	0.0049	0.0023	0.0127	0.0113	0.0111	0.0119	0.0192	0.0157	0.0090	0.0005	0.0249	0.0195	0.0022	0.0003	0.0113	0.0199	0.0073	0.0124	0.0151	0.0207	0.0178	0.0186	0.0106	0.0043	0.0081	0.0179	0.0115	0.0123	
0.0133	0.0156	0.0134	0.0081	0.0005	0.0189	0.0159	0.0264	0.0112	0.0063	0.0122	0.0136	0.0125	0.0147	0.0000	0.0057	0.0072	0.0026	0.0184	0.0065	0.0047	0.0191	0.0145	0.0201	0.0203	0.0112	0.0104	0.0129	0.0163	0.0132	0.0040	0.0250	0.0021	0.0089	0.0018	0.0168	0.0090	0.0088	0.0212	0.0041	0.0076	0.0106	0.0046	0.0008	0.0024	0.0013	0.0046	0.0029	0.0194	0.0086	0.0175	0.0079	0.0002	0.0062	0.0061	0.0208	0.0023	0.0216	0.0159	0.0132	0.0088	0.0075	0.0096	0.0035	0.0026	0.0177	0.0100	0.0071	0.0101	0.0093	0.0156	0.0003	0.0055	0.0120	0.0220	0.0202	0.0130	0.0189	0.0151	0.0142	0.0047	0.0102	0.0200	0.0081	0.0169	0.0250	0.0231	0.0208	0.0009	0.0056	
0.0104	0.0123	0.0129	0.0062	0.0159	0.0184	0.0045	0.0004	0.0255	0.0054	0.0109	0.0213	0.0173	0.0134	0.0092	0.0178	0.0013	0.0109	0.0074	0.0147	0.0111	0.0106	0.0024	0.0016	0.0075	0.0033	0.0127	0.0010	0.0123	0.0044	0.0252	0.0170	0.0069	0.0072	0.0134	0.0172	0.0061	0.0191	0.0191	0.0201	0.0106	0.0074	0.0126	0.0074	0.0017	0.0064	0.0125	0.0018	0.0155	0.0171	0.0142	0.0099	0.0080	0.0076	0.0158	0.0019	0.0151	0.0108	0.0234	0.0106	0.0046	0.0032	0.0113	0.0127	0.0056	0.0188	0.0152	0.0064	0.0170	0.0168	0.0085	0.0040	0.0152	0.0078	0.0042	0.0214	0.0163	0.0176	0.0007	0.0013	0.0115	0.0158	0.0100	0.0141	0.0070	0.0127	0.0042	0.0199	0.0142	0.0172	
0.0042	0.0124	0.0169	0.0062	0.0210	0.0055	0.0226	0.0208	0.0027	0.0018	0.0091	0.0068	0.0088	0.0269	0.0064	0.0154	0.0134	0.0024	0.0033	0.0169	0.0057	0.0177	0.0110	0.0140	0.0023	0.0171	0.0119	0.0174	0.0114	0.0206	0.0217	0.0260	0.0225	0.0036	0.0082	0.0113	0.0053	0.0035	0.0128	0.0193	0.0003	0.0004	0.0114	0.0175	0.0161	0.0031	0.0059	0.0092	0.0035	0.0126	0.0123	0.0031	0.0120	0.0179	0.0103	0.0081	0.0084	0.0197	0.0066	0.0039	0.0111	0.0028	0.0092	0.0067	0.0066	0.0129	0.0125	0.0029	0.0098	0.0243	0.0061	0.0114	0.0167	0.0048	0.0133	0.0038	0.0052	0.0156	0.0087	0.0142	0.0061	0.0086	0.0210	0.0188	0.0211	0.0147	0.0033	0.0188	0.0160	0.0040	
0.0040	0.0075	0.0210	0.0057	0.0098	0.0167	0.0134	0.0043	0.0113	0.0168	0.0102	0.0039	0.0189	0.0048	0.0051	0.0023	0.0094	0.0101	0.0051	0.0058	0.0015	0.0181	0.0122	0.0068	0.0224	0.0042	0.0078	0.0156	0.0120	0.0175	0.0099	0.0202	0.0100	0.0071	0.0145	0.0170	0.0114	0.0025	0.0164	0.0194	0.0110	0.0014	0.0206	0.0128	0.0102	0.0011	0.0057	0.0099	0.0074	0.0186	0.0013	0.0167	0.0104	0.0084	0.0012	0.0096	0.0181	0.0126	0.0074	0.0042	0.0080	0.0016	0.0150	0.0159	0.0077	0.0142	0.0130	0.0141	0.0094	0.0125	0.0062	0.0089	0.0157	0.0078	0.0154	0.0252	0.0180	0.0002	0.0192	0.0157	0.0171	0.0224	0.0051	0.0159	0.0118	0.0197	0.0057	0.0235	0.0058	0.0084	
0.0005	0.0038	0.0175	0.0118	0.0098	0.0100	0.0116	0.0000	0.0070	0.0142	0.0069	0.0162	0.0014	0.0272	0.0070	0.0159	0.0006	0.0027	0.0165	0.0020	0.0197	0.0188	0.0166	0.0082	0.0089	0.0178	0.0168	0.0217	0.0093	0.0153	0.0156	0.0229	0.0129	0.0052	0.0101	0.0020	0.0128	0.0010	0.0023	0.0070	0.0158	0.0145	0.0165	0.0061	0.0186	0.0052	0.0174	0.0074	0.0070	0.0002	0.0163	0.0040	0.0054	0.0042	0.0161	0.0048	0.0147	0.0068	0.0071	0.0165	0.0133	0.0131	0.0175	0.0136	0.0019	0.0130	0.0060	0.0168	0.0089	0.0108	0.0214	0.0197	0.0001	0.0096	0.0122	0.0209	0.0016	0.0109	0.0222	0.0023	0.0200	0.0169	0.0195	0.0089	0.0155	0.0102	0.0104	0.0057	0.0147	0.0104	
0.0101	0.0074	0.0154	0.0054	0.0180	0.0187	0.0034	0.0224	0.0056	0.0191	0.0184	0.0002	0.0240	0.0246	0.0022	0.0199	0.0023	0.0223	0.0150	0.0180	0.0028	0.0036	0.0093	0.0024	0.0026	0.0246	0.0164	0.0064	0.0035	0.0192	0.0047	0.0009	0.0072	0.0013	0.0164	0.0086	0.0037	0.0153	0.0150	0.0112	0.0173	0.0015	0.0036	0.0185	0.0049	0.0160	0.0119	0.0144	0.0047	0.0159	0.0047	0.0164	0.0101	0.0169	0.0047	0.0080	0.0234	0.0137	0.0045	0.0162	0.0013	0.0184	0.0200	0.0094	0.0162	0.0183	0.0161	0.0172	0.0006	0.0164	0.0139	0.0077	0.0046	0.0029	0.0007	0.0004	0.0200	0.0141	0.0214	0.0078	0.0089	0.0048	0.0026	0.0082	0.0091	0.0127	0.0100	0.0095	0.0191	0.0129	
0.0089	0.0111	0.0124	0.0149	0.0113	0.0173	0.0060	0.0155	0.0026	0.0054	0.0184	0.0171	0.0160	0.0132	0.0026	0.0220	0.0073	0.0101	0.0181	0.0045	0.0093	0.0097	0.0156	0.0167	0.0103	0.0217	0.0151	0.0133	0.0033	0.0047	0.0094	0.0097	0.0012	0.0131	0.0052	0.0011	0.0150	0.0055	0.0142	0.0047	0.0179	0.0065	0.0101	0.0169	0.0142	0.0144	0.0091	0.0126	0.0037	0.0134	0.0037	0.0014	0.0118	0.0136	0.0020	0.0012	0.0202	0.0176	0.0105	0.0126	0.0016	0.0167	0.0124	0.0168	0.0202	0.0113	0.0144	0.0035	0.0053	0.0032	0.0211	0.0034	0.0201	0.0124	0.0096	0.0005	0.0218	0.0268	0.0055	0.0145	0.0086	0.0044	0.0093	0.0137	0.0218	0.0095	0.0184	0.0092	0.0110	0.0064	
0.0033	0.0028	0.0182	0.0012	0.0030	0.0173	0.0170	0.0117	0.0148	0.0184	0.0136	0.0072	0.0071	0.0009	0.0134	0.0001	0.0052	0.0231	0.0056	0.0016	0.0023	0.0207	0.0118	0.0148	0.0048	0.0221	0.0088	0.0219	0.0230	0.0094	0.0195	0.0084	0.0169	0.0012	0.0181	0.0198	0.0067	0.0135	0.0116	0.0112	0.0039	0.0084	0.0011	0.0073	0.0230	0.0016	0.0151	0.0060	0.0231	0.0201	0.0019	0.0198	0.0033	0.0080	0.0017	0.0064	0.0142	0.0019	0.0158	0.0038	0.0083	0.0206	0.0112	0.0099	0.0034	0.0146	0.0133	0.0065	0.0017	0.0225	0.0120	0.0129	0.0122	0.0164	0.0172	0.0166	0.0183	0.0067	0.0162	0.0026	0.0024	0.0047	0.0238	0.0221	0.0083	0.0005	0.0039	0.0070	0.0237	0.0217	
0.0037	0.0080	0.0232	0.0055	0.0270	0.0042	0.0193	0.0141	0.0029	0.0040	0.0097	0.0129	0.0033	0.0037	0.0067	0.0140	0.0065	0.0091	0.0118	0.0124	0.0102	0.0113	0.0053	0.0211	0.0023	0.0060	0.0004	0.0167	0.0048	0.0028	0.0092	0.0089	0.0075	0.0104	0.0160	0.0070	0.0138	0.0025	0.0193	0.0217	0.0164	0.0061	0.0014	0.0212	0.0193	0.0134	0.0004	0.0177	0.0127	0.0228	0.0167	0.0210	0.0205	0.0102	0.0054	0.0164	0.0025	0.0034	0.0047	0.0165	0.0034	0.0095	0.0095	0.0016	0.0226	0.0031	0.0026	0.0222	0.0106	0.0027	0.0163	0.0050	0.0137	0.0142	0.0184	0.0043	0.0100	0.0184	0.0009	0.0102	0.0053	0.0061	0.0275	0.0101	0.0105	0.0202	0.0140	0.0225	0.0032	0.0332	
0.0031	0.0099	0.0179	0.0028	0.0141	0.0048	0.0223	0.0223	0.0001	0.0107	0.0081	0.0056	0.0088	0.0150	0.0010	0.0104	0.0038	0.0024	0.0177	0.0030	0.0108	0.0121	0.0017	0.0128	0.0087	0.0279	0.0088	0.0198	0.0160	0.0263	0.0202	0.0075	0.0222	0.0146	0.0176	0.0020	0.0057	0.0101	0.0051	0.0102	0.0054	0.0053	0.0105	0.0098	0.0298	0.0011	0.0174	0.0076	0.0086	0.0181	0.0080	0.0117	0.0022	0.0211	0.0113	0.0159	0.0143	0.0022	0.0186	0.0114	0.0161	0.0224	0.0080	0.0010	0.0177	0.0049	0.0129	0.0126	0.0138	0.0227	0.0021	0.0156	0.0285	0.0061	0.0169	0.0018	0.0004	0.0145	0.0181	0.0062	0.0017	0.0039	0.0165	0.0142	0.0108	0.0055	0.0034	0.0163	0.0026	0.0087	
0.0088	0.0035	0.0140	0.0121	0.0195	0.0040	0.0002	0.0115	0.0122	0.0138	0.0057	0.0032	0.0185	0.0081	0.0194	0.0161	0.0088	0.0216	0.0015	0.0078	0.0136	0.0180	0.0061	0.0062	0.0110	0.0171	0.0056	0.0140	0.0152	0.0145	0.0022	0.0263	0.0188	0.0072	0.0067	0.0196	0.0015	0.0040	0.0098	0.0136	0.0020	0.0085	0.0137	0.0014	0.0248	0.0211	0.0069	0.0053	0.0206	0.0117	0.0116	0.0066	0.0120	0.0151	0.0149	0.0138	0.0212	0.0068	0.0030	0.0035	0.0159	0.0063	0.0170	0.0003	0.0144	0.0117	0.0124	0.0080	0.0178	0.0014	0.0129	0.0067	0.0129	0.0089	0.0052	0.0011	0.0004	0.0055	0.0095	0.0107	0.0041	0.0024	0.0240	0.0204	0.0244	0.0162	0.0068	0.0185	0.0137	0.0251	
0.0176	0.0153	0.0009	0.0045	0.0191	0.0170	0.0155	0.0209	0.0106	0.0071	0.0085	0.0212	0.0066	0.0193	0.0006	0.0099	0.0156	0.0049	0.0083	0.0169	0.0134	0.0163	0.0183	0.0107	0.0010	0.0177	0.0064	0.0213	0.0035	0.0245	0.0050	0.0155	0.0213	0.0020	0.0031	0.0162	0.0051	0.0036	0.0127	0.0123	0.0080	0.0016	0.0195	0.0032	0.0061	0.0054	0.0160	0.0058	0.0170	0.0103	0.0194	0.0025	0.0092	0.0167	0.0078	0.0039	0.0227	0.0103	0.0050	0.0000	0.0099	0.0166	0.0198	0.0100	0.0021	0.0136	0.0185	0.0040	0.0125	0.0042	0.0026	0.0124	0.0153	0.0159	0.0074	0.0100	0.0209	0.0173	0.0072	0.0135	0.0227	0.0010	0.0002	0.0162	0.0173	0.0034	0.0026	0.0014	0.0156	0.0255	
0.0164	0.0147	0.0209	0.0094	0.0022	0.0105	0.0064	0.0057	0.0012	0.0098	0.0053	0.0142	0.0158	0.0181	0.0048	0.0058	0.0075	0.0148	0.0122	0.0202	0.0062	0.0070	0.0040	0.0089	0.0007	0.0091	0.0142	0.0017	0.0142	0.0255	0.0125	0.0229	0.0106	0.0131	0.0058	0.0061	0.0117	0.0008	0.0157	0.0168	0.0030	0.0107	0.0130	0.0187	0.0131	0.0078	0.0051	0.0057	0.0080	0.0151	0.0126	0.0124	0.0093	0.0169	0.0138	0.0118	0.0131	0.0116	0.0114	0.0143	0.0150	0.0049	0.0144	0.0019	0.0202	0.0071	0.0040	0.0035	0.0085	0.0004	0.0107	0.0081	0.0212	0.0162	0.0150	0.0152	0.0146	0.0095	0.0199	0.0123	0.0025	0.0114	0.0189	0.0207	0.0058	0.0030	0.0094	0.0127	0.0206	0.0213	
0.0135	0.0041	0.0112	0.0011	0.0187	0.0174	0.0006	0.0107	0.0192	0.0025	0.0031	0.0026	0.0174	0.0092	0.0022	0.0061	0.0101	0.0146	0.0026	0.0012	0.0188	0.0054	0.0125	0.0204	0.0130	0.0068	0.0109	0.0194	0.0182	0.0197	0.0157	0.0149	0.0059	0.0142	0.0063	0.0052	0.0148	0.0161	0.0167	0.0200	0.0116	0.0034	0.0104	0.0192	0.0131	0.0001	0.0106	0.0060	0.0149	0.0005	0.0105	0.0173	0.0079	0.0165	0.0165	0.0092	0.0120	0.0128	0.0099	0.0130	0.0064	0.0068	0.0152	0.0037	0.0040	0.0091	0.0165	0.0042	0.0012	0.0192	0.0065	0.0163	0.0173	0.0050	0.0101	0.0174	0.0175	0.0186	0.0073	0.0105	0.0138	0.0055	0.0252	0.0173	0.0041	0.0048	0.0047	0.0094	0.0194	0.0243	
0.0160	0.0077	0.0076	0.0052	0.0142	0.0053	0.0129	0.0057	0.0136	0.0009	0.0031	0.0104	0.0062	0.0240	0.0159	0.0183	0.0187	0.0043	0.0107	0.0034	0.0181	0.0220	0.0072	0.0247	0.0238	0.0032	0.0101	0.0254	0.0002	0.0277	0.0071	0.0135	0.0087	0.0070	0.0041	0.0251	0.0115	0.0128	0.0193	0.0060	0.0040	0.0123	0.0035	0.0084	0.0129	0.0093	0.0213	0.0004	0.0026	0.0148	0.0067	0.0016	0.0004	0.0178	0.0026	0.0226	0.0012	0.0099	0.0087	0.0093	0.0168	0.0171	0.0053	0.0153	0.0229	0.0174	0.0021	0.0006	0.0168	0.0223	0.0018	0.0093	0.0114	0.0044	0.0228	0.0037	0.0170	0.0000	0.0123	0.0123	0.0038	0.0117	0.0229	0.0116	0.0190	0.0063	0.0121	0.0148	0.0038	0.0104	
0.0166	0.0042	0.0037	0.0055	0.0098	0.0080	0.0074	0.0112	0.0086	0.0140	0.0042	0.0203	0.0058	0.0078	0.0078	0.0224	0.0102	0.0188	0.0167	0.0231	0.0055	0.0010	0.0179	0.0193	0.0055	0.0093	0.0179	0.0206	0.0006	0.0136	0.0057	0.0148	0.0203	0.0104	0.0154	0.0191	0.0034	0.0002	0.0161	0.0134	0.0180	0.0034	0.0086	0.0200	0.0070	0.0047	0.0020	0.0083	0.0212	0.0175	0.0115	0.0140	0.0162	0.0028	0.0009	0.0178	0.0082	0.0072	0.0027	0.0003	0.0079	0.0122	0.0100	0.0006	0.0112	0.0142	0.0009	0.0191	0.0095	0.0174	0.0137	0.0125	0.0015	0.0042	0.0049	0.0011	0.0132	0.0009	0.0123	0.0179	0.0052	0.0144	0.0233	0.0061	0.0222	0.0170	0.0180	0.0164	0.0091	0.0343	
0.0104	0.0212	0.0217	0.0138	0.0015	0.0027	0.0182	0.0114	0.0099	0.0122	0.0043	0.0064	0.0222	0.0096	0.0014	0.0267	0.0099	0.0161	0.0235	0.0002	0.0080	0.0095	0.0164	0.0039	0.0210	0.0237	0.0178	0.0050	0.0026	0.0232	0.0003	0.0090	0.0138	0.0146	0.0041	0.0175	0.0155	0.0069	0.0043	0.0033	0.0074	0.0033	0.0164	0.0024	0.0259	0.0007	0.0142	0.0110	0.0045	0.0005	0.0041	0.0050	0.0186	0.0083	0.0165	0.0025	0.0064	0.0190	0.0005	0.0034	0.0070	0.0140	0.0092	0.0147	0.0146	0.0196	0.0177	0.0094	0.0034	0.0094	0.0030	0.0049	0.0111	0.0174	0.0178	0.0036	0.0191	0.0184	0.0085	0.0154	0.0063	0.0093	0.0336	0.0022	0.0133	0.0225	0.0122	0.0032	0.0225	0.0023	
0.0090	0.0016	0.0060	0.0006	0.0205	0.0125	0.0168	0.0215	0.0109	0.0181	0.0048	0.0066	0.0073	0.0206	0.0130	0.0228	0.0123	0.0014	0.0138	0.0130	0.0093	0.0143	0.0079	0.0061	0.0203	0.0229	0.0109	0.0059	0.0039	0.0173	0.0087	0.0171	0.0117	0.0017	0.0157	0.0007	0.0146	0.0068	0.0204	0.0011	0.0067	0.0132	0.0004	0.0091	0.0116	0.0196	0.0169	0.0028	0.0038	0.0123	0.0014	0.0102	0.0091	0.0055	0.0134	0.0179	0.0161	0.0220	0.0032	0.0158	0.0013	0.0120	0.0176	0.0160	0.0127	0.0123	0.0153	0.0058	0.0002	0.0216	0.0200	0.0076	0.0023	0.0110	0.0054	0.0149	0.0136	0.0272	0.0177	0.0155	0.0008	0.0116	0.0017	0.0135	0.0129	0.0004	0.0038	0.0047	0.0090	0.0308	
0.0066	0.0213	0.0046	0.0030	0.0243	0.0161	0.0006	0.0023	0.0241	0.0179	0.0045	0.0167	0.0032	0.0097	0.0076	0.0172	0.0060	0.0213	0.0006	0.0016	0.0061	0.0182	0.0022	0.0054	0.0196	0.0141	0.0113	0.0039	0.0080	0.0154	0.0103	0.0154	0.0215	0.0005	0.0127	0.0000	0.0042	0.0214	0.0143	0.0144	0.0137	0.0105	0.0020	0.0020	0.0199	0.0081	0.0072	0.0155	0.0006	0.0232	0.0157	0.0081	0.0035	0.0070	0.0189	0.0120	0.0222	0.0214	0.0100	0.0089	0.0037	0.0195	0.0207	0.0077	0.0071	0.0115	0.0162	0.0025	0.0190	0.0137	0.0104	0.0074	0.0061	0.0087	0.0118	0.0169	0.0168	0.0003	0.0129	0.0077	0.0062	0.0218	0.0037	0.0104	0.0161	0.0048	0.0094	0.0140	0.0058	0.0287	
0.0019	0.0049	0.0125	0.0042	0.0109	0.0140	0.0182	0.0171	0.0179	0.0031	0.0101	0.0056	0.0238	0.0122	0.0072	0.0080	0.0009	0.0183	0.0196	0.0016	0.0227	0.0201	0.0101	0.0196	0.0030	0.0104	0.0136	0.0086	0.0148	0.0031	0.0046	0.0075	0.0242	0.0194	0.0091	0.0033	0.0133	0.0219	0.0005	0.0179	0.0237	0.0165	0.0045	0.0081	0.0243	0.0004	0.0150	0.0145	0.0227	0.0108	0.0027	0.0183	0.0130	0.0041	0.0021	0.0052	0.0200	0.0124	0.0028	0.0012	0.0193	0.0097	0.0022	0.0112	0.0231	0.0066	0.0088	0.0039	0.0211	0.0088	0.0104	0.0012	0.0214	0.0023	0.0031	0.0230	0.0138	0.0021	0.0037	0.0018	0.0133	0.0019	0.0121	0.0026	0.0231	0.0122	0.0141	0.0157	0.0170	0.0087	
0.0056	0.0056	0.0208	0.0127	0.0167	0.0079	0.0175	0.0120	0.0063	0.0098	0.0100	0.0137	0.0124	0.0135	0.0004	0.0020	0.0135	0.0118	0.0010	0.0039	0.0110	0.0184	0.0080	0.0005	0.0114	0.0193	0.0008	0.0293	0.0160	0.0114	0.0125	0.0189	0.0116	0.0156	0.0003	0.0029	0.0026	0.0141	0.0059	0.0165	0.0001	0.0020	0.0136	0.0166	0.0125	0.0206	0.0060	0.0150	0.0018	0.0213	0.0107	0.0007	0.0114	0.0094	0.0124	0.0109	0.0177	0.0188	0.0075	0.0171	0.0065	0.0174	0.0175	0.0149	0.0200	0.0162	0.0021	0.0212	0.0108	0.0213	0.0178	0.0042	0.0055	0.0067	0.0035	0.0118	0.0019	0.0186	0.0107	0.0100	0.0090	0.0057	0.0250	0.0171	0.0186	0.0158	0.0036	0.0002	0.0003	0.0160	

Emissions
0.1107	0.2327	0.1074	0.1930	0.1877	0.0290	0.1393	
0.1503	0.3259	0.0995	0.2164	0.1324	0.0290	0.0465	
0.3051	0.1150	0.1785	0.0485	0.1304	0.0894	0.1331	
0.0507	0.1911	0.2033	0.1920	0.0798	0.0042	0.2790	
0.0266	0.0189	0.1854	0.0292	0.5072	0.0374	0.1954	
0.1555	0.4315	0.1921	0.0401	0.0429	0.0231	0.1148	
0.2041	0.2349	0.1381	0.0205	0.0064	0.2005	0.1956	
0.1126	0.1701	0.1271	0.0675	0.2289	0.2843	0.0095	
0.0201	0.4056	0.0185	0.0406	0.0405	0.1222	0.3525	
0.2048	0.2988	0.1405	0.0906	0.0354	0.1215	0.1085	
0.0940	0.6001	0.0222	0.1269	0.0633	0.0056	0.0878	
0.1887	0.0668	0.0805	0.0511	0.2656	0.0732	0.2741	
0.0424	0.2377	0.1005	0.0337	0.0740	0.3368	0.1749	
0.1071	0.2358	0.0104	0.0099	0.2584	0.1602	0.2183	
0.0154	0.0181	0.2738	0.4378	0.0604	0.1395	0.0549	
0.1658	0.1226	0.0664	0.0427	0.2499	0.2262	0.1264	
0.0763	0.2973	0.1793	0.1790	0.0806	0.0131	0.1744	
0.0160	0.0651	0.0297	0.1175	0.3160	0.2680	0.1878	
0.1004	0.0367	0.0682	0.1994	0.2548	0.1705	0.1699	
0.0297	0.2767	0.0628	0.1068	0.3735	0.0954	0.0552	
0.0004	0.3083	0.1122	0.0478	0.3202	0.1704	0.0408	
0.2590	0.0423	0.0635	0.0729	0.2574	0.0750	0.2299	
0.2093	0.1386	0.1888	0.0115	0.1886	0.0690	0.1941	
0.2802	0.1476	0.0570	0.1976	0.1632	0.0866	0.0677	
0.0919	0.2165	0.0910	0.0963	0.2922	0.1898	0.0222	
0.1152	0.1324	0.1658	0.0111	0.0487	0.4566	0.0702	
0.1702	0.3270	0.1288	0.2054	0.0585	0.0359	0.0743	
0.3753	0.0973	0.0498	0.0515	0.1408	0.2043	0.0810	
0.1396	0.0989	0.1040	0.0859	0.1772	0.2551	0.1393	
0.1285	0.2032	0.0135	0.0041	0.2544	0.3206	0.0757	
0.0020	0.0533	0.2107	0.0389	0.1741	0.2707	0.2504	
0.1131	0.0926	0.1663	0.0100	0.3027	0.2445	0.0707	
0.1016	0.0517	0.0496	0.0459	0.0743	0.4570	0.2200	
0.0364	0.0303	0.1139	0.1156	0.3785	0.2139	0.1113	
0.1671	0.2311	0.0986	0.1268	0.1617	0.0056	0.2092	
0.0152	0.0576	0.2072	0.1451	0.3966	0.1369	0.0414	
0.0030	0.3985	0.1239	0.3141	0.0679	0.0390	0.0537	
0.1772	0.2056	0.1118	0.0609	0.0181	0.2006	0.2258	
0.0304	0.1721	0.1300	0.1512	0.3050	0.0740	0.1373	
0.1966	0.1295	0.1044	0.0858	0.3177	0.0923	0.0737	
0.0076	0.1324	0.1565	0.0750	0.3066	0.2845	0.0375	
0.1069	0.3703	0.1932	0.1886	0.0925	0.0252	0.0233	
0.2147	0.2926	0.0125	0.0820	0.1617	0.0136	0.2231	
0.1862	0.0369	0.0451	0.1733	0.3319	0.1473	0.0794	
0.0834	0.0038	0.0459	0.0553	0.3638	0.2841	0.1636	
0.1970	0.0397	0.0448	0.1302	0.0205	0.3123	0.2556	
0.0815	0.3085	0.1297	0.2138	0.0970	0.0352	0.1343	
0.1352	0.1818	0.2171	0.0868	0.1598	0.1217	0.0976	
0.0704	0.1179	0.1261	0.1380	0.0549	0.4623	0.0304	
0.2945	0.2662	0.0715	0.0784	0.1245	0.0980	0.0669	
0.2105	0.3738	0.1647	0.1173	0.0934	0.0186	0.0218	
0.0541	0.0516	0.0263	0.0378	0.3837	0.2004	0.2461	
0.1304	0.1371	0.1893	0.2210	0.1782	0.0483	0.0958	
0.1873	0.1548	0.1546	0.1064	0.0018	0.2411	0.1542	
0.0756	0.3663	0.1108	0.0665	0.0980	0.1142	0.1687	
0.1992	0.0189	0.2295	0.0109	0.1259	0.1238	0.2919	
0.0326	0.1403	0.1174	0.0486	0.3315	0.1461	0.1835	
0.0760	0.1196	0.1147	0.2044	0.3523	0.1218	0.0112	
0.0295	0.3162	0.0853	0.0507	0.1791	0.1041	0.2349	
0.1095	0.2278	0.0337	0.1837	0.2208	0.0342	0.1903	
0.0559	0.4422	0.1133	0.0789	0.0605	0.0686	0.1806	
0.1337	0.1145	0.1445	0.0608	0.1833	0.1391	0.2241	
0.0895	0.2791	0.0721	0.0577	0.3043	0.0956	0.1017	
0.0116	0.2323	0.1211	0.3172	0.2319	0.0023	0.0836	
0.1796	0.0277	0.1096	0.1260	0.3908	0.1340	0.0322	
0.1153	0.0376	0.1375	0.1408	0.1918	0.1715	0.2055	
0.1170	0.1669	0.1233	0.1351	0.0392	0.3691	0.0495	
0.1569	0.2533	0.0641	0.2104	0.2324	0.0562	0.0267	
0.1271	0.2370	0.0889	0.0625	0.1721	0.0698	0.2426	
0.1103	0.0559	0.1446	0.0652	0.3324	0.2786	0.0130	
0.1571	0.2509	0.0781	0.0934	0.0769	0.1929	0.1507	
0.2712	0.0497	0.1889	0.0991	0.0213	0.1434	0.2265	
0.0617	0.0099	0.1270	0.0137	0.2875	0.3069	0.1933	
0.1177	0.0361	0.1055	0.1528	0.0402	0.2849	0.2627	
0.1879	0.3452	0.1263	0.0464	0.1456	0.0751	0.0736	
0.2578	0.0035	0.0646	0.0735	0.2865	0.1838	0.1303	
0.1068	0.2733	0.0980	0.1572	0.3146	0.0085	0.0417	
0.0905	0.0504	0.1448	0.0231	0.5320	0.0640	0.0951	
0.1955	0.3741	0.1146	0.0360	0.0283	0.1273	0.1242	
0.1081	0.2324	0.1089	0.3523	0.0620	0.0584	0.0778	
0.0108	0.1351	0.1285	0.0222	0.2266	0.1914	0.2853	
0.1417	0.2277	0.0958	0.0220	0.2446	0.2330	0.0353	
0.1431	0.1384	0.0134	0.0278	0.3003	0.3406	0.0365	
0.0196	0.2776	0.0763	0.1614	0.2945	0.1628	0.0078	
0.0237	0.0013	0.1375	0.1904	0.2671	0.3169	0.0632	
0.1646	0.1826	0.1451	0.0354	0.2961	0.1371	0.0390	
0.2182	0.0038	0.1530	0.0698	0.3120	0.0768	0.1664	
0.1694	0.0989	0.0944	0.0198	0.2864	0.0857	0.2455	
0.1890	0.0430	0.1076	0.1092	0.1403	0.2823	0.1287	
0.2413	0.0126	0.0653	0.0173	0.3279	0.3351	0.0005	
