DataSet 41
Learner: Baum Welch Learner
Log Likelihood: 68633.6502101233

Number of States: 90
Number of Symbols: 7
Threshold: 0.01

Initial Distribution:
0.0154	0.0077	0.0007	0.0106	0.0036	0.0018	0.0035	0.0060	0.0593	0.0023	0.0034	0.0137	0.0051	0.0000	0.0458	0.0007	0.0074	0.0018	0.0206	0.0035	0.0021	0.0282	0.0118	0.0053	0.0054	0.0131	0.0008	0.0047	0.0038	0.0029	0.0104	0.0162	0.0010	0.0371	0.0015	0.0004	0.0009	0.0202	0.0025	0.0484	0.0068	0.0096	0.0048	0.0005	0.0018	0.0644	0.0089	0.0008	0.0033	0.0125	0.0053	0.0096	0.0015	0.0005	0.0002	0.0000	0.0007	0.0420	0.0148	0.0126	0.0165	0.0020	0.0062	0.0018	0.0055	0.0209	0.0311	0.0025	0.0065	0.0034	0.0441	0.0040	0.0339	0.0076	0.0003	0.0077	0.0075	0.0043	0.0165	0.0297	0.0092	0.0000	0.0087	0.0468	0.0092	0.0097	0.0009	0.0065	0.0259	0.0009	

Transitions:
0.0188	0.0077	0.0238	0.0170	0.0017	0.0007	0.0009	0.0210	0.0175	0.0166	0.0032	0.0155	0.0093	0.0150	0.0079	0.0012	0.0082	0.0066	0.0010	0.0190	0.0113	0.0187	0.0183	0.0036	0.0115	0.0150	0.0085	0.0099	0.0126	0.0106	0.0115	0.0126	0.0030	0.0047	0.0017	0.0093	0.0115	0.0042	0.0229	0.0005	0.0033	0.0123	0.0075	0.0059	0.0122	0.0060	0.0124	0.0038	0.0110	0.0140	0.0096	0.0174	0.0220	0.0167	0.0244	0.0275	0.0118	0.0123	0.0071	0.0058	0.0130	0.0129	0.0048	0.0153	0.0219	0.0068	0.0114	0.0028	0.0135	0.0223	0.0089	0.0041	0.0072	0.0007	0.0170	0.0148	0.0120	0.0130	0.0117	0.0012	0.0027	0.0050	0.0224	0.0148	0.0204	0.0178	0.0237	0.0114	0.0065	0.0027	
0.0025	0.0164	0.0254	0.0143	0.0098	0.0138	0.0103	0.0174	0.0047	0.0074	0.0145	0.0095	0.0132	0.0166	0.0062	0.0074	0.0090	0.0213	0.0141	0.0021	0.0103	0.0173	0.0033	0.0054	0.0042	0.0079	0.0157	0.0111	0.0098	0.0041	0.0051	0.0024	0.0121	0.0058	0.0142	0.0084	0.0053	0.0123	0.0166	0.0031	0.0067	0.0123	0.0086	0.0070	0.0059	0.0088	0.0120	0.0053	0.0096	0.0102	0.0062	0.0026	0.0116	0.0074	0.0191	0.0084	0.0177	0.0102	0.0080	0.0162	0.0150	0.0194	0.0066	0.0024	0.0211	0.0108	0.0134	0.0044	0.0210	0.0211	0.0004	0.0156	0.0034	0.0193	0.0170	0.0121	0.0087	0.0171	0.0184	0.0089	0.0154	0.0117	0.0250	0.0155	0.0178	0.0047	0.0191	0.0094	0.0102	0.0110	
0.0188	0.0108	0.0064	0.0142	0.0104	0.0095	0.0066	0.0066	0.0076	0.0150	0.0174	0.0089	0.0060	0.0178	0.0121	0.0124	0.0182	0.0172	0.0115	0.0179	0.0202	0.0163	0.0152	0.0191	0.0034	0.0047	0.0003	0.0119	0.0052	0.0163	0.0155	0.0085	0.0083	0.0084	0.0201	0.0075	0.0107	0.0097	0.0081	0.0071	0.0101	0.0018	0.0124	0.0048	0.0162	0.0057	0.0055	0.0074	0.0041	0.0049	0.0053	0.0194	0.0186	0.0193	0.0148	0.0030	0.0223	0.0060	0.0101	0.0047	0.0076	0.0176	0.0017	0.0149	0.0213	0.0063	0.0019	0.0189	0.0174	0.0053	0.0017	0.0086	0.0076	0.0040	0.0100	0.0129	0.0041	0.0087	0.0039	0.0157	0.0170	0.0200	0.0066	0.0228	0.0078	0.0178	0.0137	0.0110	0.0195	0.0159	
0.0090	0.0019	0.0254	0.0028	0.0007	0.0192	0.0235	0.0207	0.0065	0.0080	0.0044	0.0109	0.0113	0.0228	0.0031	0.0202	0.0113	0.0158	0.0080	0.0146	0.0208	0.0093	0.0037	0.0153	0.0062	0.0122	0.0087	0.0028	0.0045	0.0236	0.0117	0.0090	0.0157	0.0007	0.0167	0.0158	0.0081	0.0047	0.0040	0.0119	0.0159	0.0055	0.0030	0.0218	0.0112	0.0058	0.0045	0.0090	0.0157	0.0090	0.0054	0.0205	0.0006	0.0044	0.0242	0.0270	0.0216	0.0042	0.0187	0.0070	0.0057	0.0177	0.0122	0.0102	0.0142	0.0121	0.0133	0.0124	0.0031	0.0047	0.0075	0.0074	0.0096	0.0165	0.0218	0.0103	0.0068	0.0062	0.0027	0.0158	0.0069	0.0012	0.0074	0.0132	0.0137	0.0151	0.0145	0.0140	0.0031	0.0203	
0.0015	0.0034	0.0080	0.0157	0.0100	0.0256	0.0142	0.0174	0.0051	0.0203	0.0133	0.0168	0.0062	0.0160	0.0023	0.0217	0.0105	0.0064	0.0059	0.0051	0.0151	0.0125	0.0032	0.0010	0.0232	0.0051	0.0111	0.0217	0.0145	0.0206	0.0002	0.0050	0.0059	0.0052	0.0029	0.0050	0.0228	0.0156	0.0090	0.0209	0.0001	0.0132	0.0022	0.0037	0.0062	0.0113	0.0165	0.0169	0.0127	0.0147	0.0049	0.0072	0.0076	0.0211	0.0060	0.0127	0.0011	0.0056	0.0165	0.0045	0.0091	0.0154	0.0029	0.0081	0.0239	0.0069	0.0110	0.0251	0.0114	0.0190	0.0002	0.0169	0.0194	0.0056	0.0060	0.0018	0.0099	0.0194	0.0171	0.0084	0.0079	0.0251	0.0078	0.0223	0.0128	0.0144	0.0198	0.0067	0.0014	0.0140	
0.0041	0.0120	0.0219	0.0039	0.0143	0.0101	0.0090	0.0146	0.0040	0.0202	0.0007	0.0158	0.0049	0.0180	0.0135	0.0113	0.0085	0.0014	0.0141	0.0025	0.0239	0.0014	0.0116	0.0073	0.0163	0.0113	0.0051	0.0048	0.0163	0.0071	0.0082	0.0052	0.0192	0.0142	0.0164	0.0067	0.0197	0.0141	0.0150	0.0162	0.0154	0.0181	0.0174	0.0207	0.0087	0.0099	0.0119	0.0164	0.0051	0.0026	0.0049	0.0174	0.0125	0.0219	0.0171	0.0034	0.0031	0.0099	0.0082	0.0011	0.0031	0.0039	0.0003	0.0221	0.0107	0.0135	0.0166	0.0093	0.0004	0.0076	0.0131	0.0138	0.0079	0.0204	0.0096	0.0037	0.0052	0.0117	0.0193	0.0027	0.0169	0.0157	0.0211	0.0131	0.0012	0.0123	0.0160	0.0223	0.0036	0.0125	
0.0053	0.0032	0.0076	0.0141	0.0188	0.0152	0.0183	0.0195	0.0102	0.0144	0.0150	0.0059	0.0164	0.0236	0.0085	0.0136	0.0095	0.0190	0.0108	0.0094	0.0214	0.0112	0.0144	0.0065	0.0031	0.0120	0.0039	0.0105	0.0184	0.0224	0.0009	0.0176	0.0039	0.0075	0.0027	0.0103	0.0090	0.0158	0.0031	0.0166	0.0106	0.0083	0.0041	0.0097	0.0111	0.0108	0.0183	0.0029	0.0034	0.0096	0.0023	0.0212	0.0107	0.0175	0.0200	0.0212	0.0139	0.0002	0.0100	0.0038	0.0082	0.0073	0.0018	0.0152	0.0143	0.0138	0.0022	0.0059	0.0176	0.0216	0.0034	0.0145	0.0124	0.0166	0.0243	0.0090	0.0067	0.0048	0.0173	0.0099	0.0128	0.0020	0.0064	0.0075	0.0166	0.0015	0.0132	0.0110	0.0146	0.0090	
0.0228	0.0068	0.0072	0.0226	0.0122	0.0041	0.0058	0.0118	0.0192	0.0175	0.0114	0.0131	0.0078	0.0065	0.0064	0.0104	0.0071	0.0180	0.0136	0.0040	0.0097	0.0071	0.0042	0.0201	0.0110	0.0057	0.0007	0.0185	0.0174	0.0121	0.0029	0.0123	0.0088	0.0063	0.0189	0.0142	0.0083	0.0120	0.0036	0.0148	0.0055	0.0159	0.0091	0.0009	0.0211	0.0165	0.0143	0.0006	0.0002	0.0057	0.0137	0.0150	0.0144	0.0131	0.0239	0.0179	0.0042	0.0055	0.0083	0.0051	0.0029	0.0104	0.0159	0.0083	0.0144	0.0149	0.0048	0.0251	0.0076	0.0114	0.0018	0.0136	0.0119	0.0237	0.0207	0.0122	0.0178	0.0029	0.0001	0.0105	0.0116	0.0002	0.0173	0.0107	0.0168	0.0083	0.0236	0.0207	0.0073	0.0044	
0.0134	0.0012	0.0055	0.0210	0.0162	0.0236	0.0244	0.0036	0.0073	0.0045	0.0160	0.0178	0.0170	0.0106	0.0044	0.0266	0.0041	0.0189	0.0126	0.0056	0.0213	0.0003	0.0075	0.0203	0.0192	0.0030	0.0188	0.0086	0.0104	0.0047	0.0191	0.0057	0.0120	0.0032	0.0202	0.0009	0.0107	0.0149	0.0071	0.0032	0.0189	0.0141	0.0167	0.0233	0.0183	0.0134	0.0070	0.0052	0.0057	0.0175	0.0058	0.0066	0.0079	0.0036	0.0100	0.0180	0.0182	0.0055	0.0083	0.0097	0.0011	0.0103	0.0147	0.0081	0.0068	0.0098	0.0039	0.0147	0.0163	0.0056	0.0093	0.0150	0.0115	0.0101	0.0101	0.0021	0.0073	0.0113	0.0014	0.0183	0.0147	0.0120	0.0040	0.0112	0.0225	0.0150	0.0019	0.0109	0.0147	0.0066	
0.0067	0.0039	0.0099	0.0160	0.0028	0.0100	0.0036	0.0102	0.0098	0.0132	0.0117	0.0186	0.0159	0.0011	0.0051	0.0182	0.0147	0.0232	0.0132	0.0055	0.0082	0.0048	0.0053	0.0103	0.0205	0.0121	0.0072	0.0209	0.0055	0.0199	0.0044	0.0118	0.0168	0.0054	0.0224	0.0046	0.0035	0.0146	0.0119	0.0016	0.0194	0.0179	0.0222	0.0171	0.0062	0.0131	0.0164	0.0024	0.0089	0.0045	0.0163	0.0062	0.0188	0.0125	0.0301	0.0021	0.0256	0.0141	0.0187	0.0096	0.0203	0.0057	0.0042	0.0215	0.0054	0.0156	0.0020	0.0078	0.0040	0.0016	0.0086	0.0005	0.0074	0.0162	0.0093	0.0078	0.0062	0.0140	0.0043	0.0141	0.0133	0.0077	0.0120	0.0004	0.0212	0.0225	0.0040	0.0055	0.0079	0.0218	
0.0075	0.0050	0.0225	0.0210	0.0034	0.0192	0.0150	0.0043	0.0086	0.0112	0.0185	0.0112	0.0230	0.0096	0.0147	0.0198	0.0179	0.0013	0.0028	0.0087	0.0196	0.0069	0.0165	0.0029	0.0205	0.0143	0.0170	0.0059	0.0177	0.0061	0.0104	0.0160	0.0156	0.0055	0.0151	0.0055	0.0044	0.0107	0.0129	0.0125	0.0204	0.0025	0.0085	0.0176	0.0003	0.0027	0.0073	0.0053	0.0072	0.0031	0.0027	0.0019	0.0014	0.0024	0.0014	0.0009	0.0143	0.0120	0.0016	0.0095	0.0211	0.0088	0.0071	0.0033	0.0237	0.0173	0.0171	0.0170	0.0147	0.0090	0.0129	0.0059	0.0125	0.0124	0.0109	0.0120	0.0203	0.0196	0.0024	0.0133	0.0077	0.0139	0.0220	0.0154	0.0017	0.0111	0.0224	0.0176	0.0055	0.0174	
0.0150	0.0102	0.0117	0.0017	0.0172	0.0145	0.0170	0.0056	0.0145	0.0030	0.0060	0.0223	0.0148	0.0242	0.0102	0.0192	0.0104	0.0157	0.0164	0.0078	0.0029	0.0085	0.0124	0.0111	0.0009	0.0091	0.0096	0.0137	0.0004	0.0079	0.0005	0.0033	0.0071	0.0170	0.0187	0.0005	0.0198	0.0115	0.0274	0.0170	0.0197	0.0161	0.0037	0.0316	0.0090	0.0109	0.0214	0.0169	0.0001	0.0048	0.0240	0.0075	0.0004	0.0212	0.0183	0.0070	0.0229	0.0010	0.0010	0.0062	0.0002	0.0251	0.0054	0.0092	0.0022	0.0034	0.0092	0.0193	0.0088	0.0159	0.0016	0.0016	0.0128	0.0190	0.0139	0.0077	0.0076	0.0126	0.0039	0.0081	0.0074	0.0220	0.0147	0.0164	0.0077	0.0171	0.0038	0.0078	0.0063	0.0093	
0.0010	0.0130	0.0090	0.0097	0.0208	0.0239	0.0084	0.0129	0.0197	0.0030	0.0011	0.0051	0.0108	0.0102	0.0019	0.0202	0.0113	0.0063	0.0094	0.0017	0.0190	0.0084	0.0204	0.0128	0.0203	0.0069	0.0043	0.0094	0.0041	0.0088	0.0199	0.0045	0.0109	0.0008	0.0132	0.0080	0.0149	0.0058	0.0207	0.0112	0.0028	0.0186	0.0150	0.0001	0.0092	0.0028	0.0045	0.0082	0.0151	0.0079	0.0031	0.0181	0.0205	0.0040	0.0135	0.0164	0.0188	0.0143	0.0113	0.0142	0.0160	0.0220	0.0085	0.0110	0.0036	0.0154	0.0151	0.0101	0.0186	0.0146	0.0058	0.0056	0.0085	0.0193	0.0226	0.0012	0.0139	0.0170	0.0043	0.0157	0.0019	0.0244	0.0142	0.0186	0.0045	0.0024	0.0066	0.0061	0.0113	0.0189	
0.0117	0.0141	0.0142	0.0056	0.0184	0.0047	0.0067	0.0035	0.0192	0.0098	0.0078	0.0144	0.0113	0.0004	0.0021	0.0178	0.0094	0.0008	0.0052	0.0098	0.0215	0.0200	0.0136	0.0156	0.0093	0.0165	0.0043	0.0144	0.0061	0.0007	0.0100	0.0116	0.0196	0.0169	0.0031	0.0097	0.0120	0.0024	0.0007	0.0155	0.0154	0.0128	0.0008	0.0132	0.0093	0.0055	0.0075	0.0173	0.0133	0.0061	0.0113	0.0050	0.0009	0.0009	0.0234	0.0148	0.0044	0.0156	0.0168	0.0276	0.0205	0.0154	0.0159	0.0176	0.0010	0.0134	0.0185	0.0124	0.0191	0.0113	0.0077	0.0066	0.0000	0.0094	0.0163	0.0066	0.0165	0.0169	0.0067	0.0036	0.0080	0.0138	0.0175	0.0232	0.0069	0.0045	0.0087	0.0180	0.0220	0.0097	
0.0054	0.0136	0.0074	0.0011	0.0166	0.0022	0.0154	0.0051	0.0087	0.0155	0.0067	0.0160	0.0167	0.0012	0.0156	0.0071	0.0053	0.0128	0.0048	0.0117	0.0169	0.0043	0.0106	0.0124	0.0123	0.0085	0.0155	0.0205	0.0077	0.0169	0.0059	0.0008	0.0087	0.0055	0.0064	0.0104	0.0009	0.0166	0.0144	0.0096	0.0125	0.0099	0.0067	0.0194	0.0145	0.0086	0.0129	0.0167	0.0211	0.0011	0.0206	0.0176	0.0121	0.0084	0.0184	0.0010	0.0226	0.0102	0.0113	0.0048	0.0070	0.0117	0.0156	0.0260	0.0040	0.0064	0.0042	0.0119	0.0156	0.0057	0.0043	0.0074	0.0168	0.0147	0.0176	0.0013	0.0195	0.0163	0.0177	0.0146	0.0128	0.0149	0.0252	0.0048	0.0176	0.0097	0.0128	0.0046	0.0076	0.0078	
0.0162	0.0068	0.0090	0.0068	0.0056	0.0007	0.0193	0.0102	0.0124	0.0096	0.0075	0.0041	0.0040	0.0193	0.0150	0.0137	0.0186	0.0189	0.0095	0.0133	0.0032	0.0034	0.0166	0.0136	0.0128	0.0111	0.0131	0.0095	0.0195	0.0178	0.0124	0.0012	0.0189	0.0061	0.0087	0.0150	0.0184	0.0102	0.0113	0.0152	0.0036	0.0079	0.0057	0.0078	0.0103	0.0087	0.0116	0.0061	0.0104	0.0035	0.0076	0.0138	0.0156	0.0185	0.0041	0.0158	0.0146	0.0117	0.0140	0.0145	0.0067	0.0103	0.0095	0.0185	0.0181	0.0051	0.0063	0.0194	0.0071	0.0197	0.0134	0.0083	0.0068	0.0141	0.0119	0.0124	0.0164	0.0072	0.0029	0.0009	0.0170	0.0117	0.0172	0.0176	0.0058	0.0007	0.0080	0.0219	0.0048	0.0159	
0.0042	0.0030	0.0197	0.0183	0.0126	0.0173	0.0179	0.0098	0.0141	0.0045	0.0036	0.0160	0.0205	0.0150	0.0096	0.0006	0.0070	0.0009	0.0064	0.0075	0.0168	0.0054	0.0126	0.0148	0.0156	0.0166	0.0124	0.0199	0.0095	0.0171	0.0151	0.0065	0.0098	0.0083	0.0154	0.0094	0.0124	0.0096	0.0033	0.0149	0.0002	0.0085	0.0170	0.0214	0.0171	0.0017	0.0110	0.0072	0.0057	0.0049	0.0120	0.0066	0.0140	0.0199	0.0014	0.0243	0.0135	0.0018	0.0028	0.0140	0.0020	0.0210	0.0005	0.0244	0.0070	0.0144	0.0070	0.0096	0.0180	0.0210	0.0083	0.0164	0.0180	0.0124	0.0080	0.0056	0.0087	0.0120	0.0160	0.0112	0.0062	0.0077	0.0115	0.0038	0.0008	0.0115	0.0177	0.0140	0.0084	0.0181	
0.0181	0.0085	0.0078	0.0090	0.0163	0.0005	0.0080	0.0177	0.0121	0.0017	0.0143	0.0039	0.0109	0.0085	0.0149	0.0172	0.0082	0.0019	0.0122	0.0133	0.0113	0.0158	0.0060	0.0119	0.0070	0.0155	0.0084	0.0161	0.0176	0.0153	0.0006	0.0147	0.0220	0.0167	0.0249	0.0184	0.0103	0.0082	0.0212	0.0062	0.0196	0.0124	0.0216	0.0182	0.0212	0.0022	0.0162	0.0032	0.0059	0.0038	0.0028	0.0137	0.0015	0.0159	0.0083	0.0015	0.0050	0.0127	0.0032	0.0221	0.0112	0.0120	0.0010	0.0180	0.0012	0.0170	0.0052	0.0117	0.0082	0.0203	0.0065	0.0006	0.0048	0.0043	0.0187	0.0151	0.0162	0.0098	0.0149	0.0036	0.0141	0.0097	0.0101	0.0138	0.0106	0.0071	0.0142	0.0024	0.0147	0.0188	
0.0125	0.0115	0.0051	0.0161	0.0168	0.0103	0.0097	0.0008	0.0111	0.0200	0.0145	0.0089	0.0159	0.0064	0.0127	0.0024	0.0072	0.0200	0.0202	0.0059	0.0027	0.0113	0.0016	0.0196	0.0018	0.0045	0.0167	0.0070	0.0079	0.0150	0.0046	0.0036	0.0174	0.0088	0.0077	0.0145	0.0180	0.0088	0.0101	0.0053	0.0099	0.0183	0.0172	0.0216	0.0092	0.0081	0.0111	0.0050	0.0191	0.0084	0.0201	0.0166	0.0024	0.0077	0.0194	0.0252	0.0117	0.0049	0.0141	0.0105	0.0094	0.0015	0.0125	0.0184	0.0123	0.0116	0.0096	0.0058	0.0193	0.0002	0.0051	0.0197	0.0074	0.0156	0.0180	0.0037	0.0159	0.0046	0.0121	0.0099	0.0114	0.0165	0.0098	0.0172	0.0161	0.0085	0.0021	0.0095	0.0135	0.0078	
0.0052	0.0097	0.0179	0.0183	0.0195	0.0121	0.0057	0.0177	0.0042	0.0175	0.0178	0.0052	0.0059	0.0214	0.0019	0.0220	0.0071	0.0100	0.0089	0.0111	0.0027	0.0066	0.0132	0.0031	0.0215	0.0147	0.0117	0.0178	0.0042	0.0056	0.0073	0.0019	0.0087	0.0084	0.0146	0.0116	0.0054	0.0100	0.0196	0.0047	0.0000	0.0001	0.0006	0.0198	0.0128	0.0051	0.0080	0.0170	0.0173	0.0115	0.0003	0.0118	0.0203	0.0048	0.0064	0.0258	0.0204	0.0081	0.0172	0.0187	0.0170	0.0112	0.0109	0.0316	0.0058	0.0131	0.0136	0.0174	0.0021	0.0070	0.0131	0.0152	0.0105	0.0063	0.0118	0.0016	0.0057	0.0156	0.0084	0.0100	0.0075	0.0190	0.0193	0.0079	0.0041	0.0160	0.0062	0.0079	0.0057	0.0202	
0.0242	0.0155	0.0196	0.0223	0.0106	0.0128	0.0096	0.0011	0.0130	0.0237	0.0133	0.0145	0.0137	0.0159	0.0024	0.0066	0.0023	0.0157	0.0117	0.0030	0.0182	0.0235	0.0014	0.0076	0.0139	0.0003	0.0178	0.0063	0.0176	0.0110	0.0085	0.0075	0.0039	0.0037	0.0063	0.0152	0.0013	0.0120	0.0214	0.0016	0.0154	0.0048	0.0071	0.0141	0.0219	0.0103	0.0070	0.0067	0.0069	0.0161	0.0147	0.0135	0.0161	0.0075	0.0054	0.0015	0.0194	0.0058	0.0068	0.0089	0.0151	0.0032	0.0055	0.0051	0.0104	0.0023	0.0108	0.0097	0.0070	0.0052	0.0041	0.0096	0.0149	0.0154	0.0099	0.0079	0.0143	0.0103	0.0071	0.0175	0.0133	0.0131	0.0242	0.0179	0.0151	0.0184	0.0210	0.0241	0.0010	0.0061	
0.0052	0.0178	0.0096	0.0116	0.0100	0.0174	0.0258	0.0045	0.0025	0.0237	0.0015	0.0005	0.0222	0.0021	0.0144	0.0076	0.0209	0.0017	0.0131	0.0160	0.0110	0.0039	0.0213	0.0090	0.0204	0.0032	0.0054	0.0131	0.0089	0.0138	0.0055	0.0086	0.0041	0.0008	0.0172	0.0067	0.0021	0.0039	0.0040	0.0141	0.0098	0.0074	0.0082	0.0124	0.0141	0.0093	0.0113	0.0200	0.0013	0.0063	0.0178	0.0155	0.0010	0.0075	0.0220	0.0017	0.0182	0.0143	0.0191	0.0041	0.0079	0.0087	0.0139	0.0248	0.0118	0.0095	0.0138	0.0278	0.0034	0.0076	0.0034	0.0184	0.0210	0.0016	0.0054	0.0211	0.0193	0.0105	0.0133	0.0011	0.0107	0.0077	0.0122	0.0012	0.0145	0.0134	0.0160	0.0257	0.0031	0.0242	
0.0156	0.0042	0.0088	0.0184	0.0094	0.0004	0.0165	0.0163	0.0197	0.0082	0.0178	0.0131	0.0156	0.0183	0.0044	0.0034	0.0161	0.0210	0.0012	0.0165	0.0059	0.0041	0.0060	0.0148	0.0139	0.0001	0.0014	0.0127	0.0176	0.0200	0.0150	0.0156	0.0143	0.0039	0.0101	0.0175	0.0063	0.0186	0.0148	0.0046	0.0035	0.0210	0.0115	0.0040	0.0038	0.0161	0.0125	0.0132	0.0165	0.0097	0.0142	0.0131	0.0188	0.0072	0.0144	0.0135	0.0203	0.0117	0.0056	0.0093	0.0197	0.0034	0.0173	0.0001	0.0137	0.0006	0.0005	0.0111	0.0067	0.0062	0.0162	0.0173	0.0063	0.0170	0.0151	0.0056	0.0120	0.0017	0.0110	0.0143	0.0060	0.0116	0.0152	0.0080	0.0031	0.0028	0.0196	0.0064	0.0121	0.0176	
0.0216	0.0122	0.0156	0.0048	0.0074	0.0003	0.0004	0.0125	0.0127	0.0034	0.0203	0.0045	0.0072	0.0146	0.0139	0.0210	0.0074	0.0014	0.0170	0.0067	0.0232	0.0184	0.0035	0.0130	0.0021	0.0110	0.0080	0.0128	0.0200	0.0119	0.0015	0.0169	0.0238	0.0090	0.0095	0.0060	0.0046	0.0023	0.0147	0.0153	0.0072	0.0024	0.0129	0.0105	0.0231	0.0031	0.0044	0.0058	0.0166	0.0056	0.0176	0.0203	0.0165	0.0072	0.0274	0.0027	0.0115	0.0027	0.0031	0.0219	0.0147	0.0118	0.0152	0.0018	0.0021	0.0033	0.0066	0.0223	0.0047	0.0092	0.0155	0.0056	0.0115	0.0233	0.0266	0.0158	0.0071	0.0158	0.0162	0.0208	0.0054	0.0047	0.0178	0.0149	0.0148	0.0037	0.0019	0.0140	0.0121	0.0057	
0.0182	0.0008	0.0223	0.0166	0.0018	0.0242	0.0093	0.0098	0.0080	0.0158	0.0207	0.0083	0.0011	0.0089	0.0113	0.0140	0.0087	0.0182	0.0081	0.0024	0.0188	0.0169	0.0115	0.0047	0.0132	0.0114	0.0129	0.0028	0.0101	0.0234	0.0018	0.0175	0.0102	0.0202	0.0170	0.0170	0.0075	0.0193	0.0248	0.0030	0.0120	0.0260	0.0106	0.0002	0.0030	0.0196	0.0024	0.0137	0.0020	0.0024	0.0174	0.0096	0.0065	0.0089	0.0136	0.0016	0.0152	0.0153	0.0037	0.0170	0.0070	0.0067	0.0008	0.0091	0.0163	0.0019	0.0209	0.0024	0.0165	0.0184	0.0063	0.0131	0.0180	0.0047	0.0167	0.0168	0.0064	0.0094	0.0020	0.0141	0.0078	0.0018	0.0009	0.0083	0.0031	0.0163	0.0115	0.0247	0.0120	0.0127	
0.0022	0.0102	0.0165	0.0065	0.0217	0.0060	0.0211	0.0007	0.0076	0.0005	0.0188	0.0005	0.0206	0.0069	0.0145	0.0052	0.0122	0.0021	0.0158	0.0129	0.0179	0.0031	0.0150	0.0127	0.0057	0.0048	0.0043	0.0159	0.0055	0.0234	0.0117	0.0001	0.0157	0.0026	0.0187	0.0158	0.0214	0.0109	0.0099	0.0077	0.0213	0.0063	0.0010	0.0020	0.0174	0.0060	0.0049	0.0173	0.0117	0.0192	0.0016	0.0093	0.0067	0.0198	0.0239	0.0286	0.0205	0.0020	0.0015	0.0127	0.0002	0.0032	0.0160	0.0110	0.0096	0.0201	0.0070	0.0192	0.0130	0.0004	0.0053	0.0025	0.0141	0.0081	0.0167	0.0082	0.0026	0.0131	0.0200	0.0168	0.0190	0.0127	0.0051	0.0069	0.0197	0.0047	0.0192	0.0200	0.0070	0.0197	
0.0224	0.0139	0.0118	0.0163	0.0107	0.0222	0.0119	0.0115	0.0163	0.0168	0.0197	0.0092	0.0045	0.0135	0.0118	0.0236	0.0121	0.0230	0.0029	0.0064	0.0197	0.0052	0.0053	0.0039	0.0162	0.0101	0.0190	0.0125	0.0120	0.0055	0.0024	0.0087	0.0061	0.0099	0.0010	0.0074	0.0125	0.0010	0.0228	0.0126	0.0196	0.0109	0.0201	0.0020	0.0165	0.0067	0.0049	0.0224	0.0137	0.0132	0.0088	0.0155	0.0144	0.0010	0.0268	0.0206	0.0140	0.0038	0.0006	0.0172	0.0192	0.0013	0.0162	0.0148	0.0155	0.0060	0.0039	0.0118	0.0100	0.0028	0.0059	0.0114	0.0003	0.0101	0.0073	0.0044	0.0054	0.0030	0.0046	0.0039	0.0061	0.0038	0.0176	0.0159	0.0131	0.0067	0.0255	0.0072	0.0122	0.0071	
0.0221	0.0085	0.0007	0.0017	0.0199	0.0236	0.0130	0.0111	0.0122	0.0122	0.0053	0.0146	0.0070	0.0154	0.0132	0.0223	0.0168	0.0043	0.0131	0.0147	0.0119	0.0098	0.0221	0.0169	0.0124	0.0150	0.0079	0.0076	0.0168	0.0056	0.0063	0.0172	0.0101	0.0020	0.0032	0.0147	0.0115	0.0169	0.0124	0.0077	0.0152	0.0157	0.0143	0.0140	0.0186	0.0081	0.0174	0.0029	0.0020	0.0119	0.0100	0.0154	0.0126	0.0041	0.0201	0.0137	0.0107	0.0034	0.0111	0.0011	0.0127	0.0056	0.0135	0.0079	0.0055	0.0055	0.0065	0.0048	0.0102	0.0160	0.0092	0.0174	0.0139	0.0072	0.0205	0.0144	0.0151	0.0059	0.0161	0.0017	0.0178	0.0055	0.0044	0.0017	0.0133	0.0112	0.0079	0.0085	0.0053	0.0129	
0.0099	0.0076	0.0114	0.0129	0.0221	0.0136	0.0005	0.0100	0.0100	0.0168	0.0029	0.0140	0.0170	0.0100	0.0064	0.0177	0.0041	0.0066	0.0045	0.0022	0.0232	0.0029	0.0079	0.0107	0.0035	0.0070	0.0018	0.0184	0.0129	0.0179	0.0162	0.0166	0.0188	0.0129	0.0075	0.0005	0.0098	0.0012	0.0140	0.0089	0.0149	0.0061	0.0205	0.0049	0.0211	0.0039	0.0129	0.0233	0.0169	0.0171	0.0073	0.0024	0.0035	0.0052	0.0238	0.0091	0.0003	0.0165	0.0091	0.0105	0.0081	0.0085	0.0162	0.0257	0.0191	0.0034	0.0155	0.0261	0.0008	0.0079	0.0052	0.0031	0.0156	0.0188	0.0100	0.0103	0.0058	0.0037	0.0112	0.0183	0.0146	0.0065	0.0229	0.0133	0.0065	0.0181	0.0217	0.0185	0.0014	0.0010	
0.0004	0.0102	0.0156	0.0006	0.0028	0.0102	0.0112	0.0019	0.0099	0.0175	0.0100	0.0160	0.0208	0.0127	0.0149	0.0055	0.0082	0.0100	0.0192	0.0040	0.0008	0.0182	0.0103	0.0119	0.0177	0.0030	0.0098	0.0055	0.0114	0.0228	0.0069	0.0022	0.0189	0.0183	0.0071	0.0157	0.0119	0.0152	0.0172	0.0006	0.0027	0.0044	0.0178	0.0196	0.0117	0.0005	0.0097	0.0114	0.0202	0.0013	0.0095	0.0099	0.0225	0.0216	0.0001	0.0054	0.0022	0.0024	0.0071	0.0251	0.0209	0.0056	0.0120	0.0136	0.0111	0.0066	0.0196	0.0227	0.0046	0.0234	0.0154	0.0155	0.0163	0.0191	0.0017	0.0159	0.0019	0.0140	0.0011	0.0147	0.0130	0.0002	0.0075	0.0104	0.0097	0.0200	0.0055	0.0216	0.0222	0.0021	
0.0170	0.0078	0.0122	0.0173	0.0038	0.0271	0.0163	0.0051	0.0079	0.0036	0.0010	0.0156	0.0070	0.0274	0.0069	0.0216	0.0156	0.0023	0.0178	0.0036	0.0026	0.0099	0.0020	0.0165	0.0085	0.0209	0.0209	0.0045	0.0020	0.0161	0.0018	0.0024	0.0202	0.0018	0.0084	0.0079	0.0065	0.0021	0.0214	0.0034	0.0063	0.0217	0.0094	0.0286	0.0157	0.0009	0.0188	0.0133	0.0028	0.0136	0.0042	0.0038	0.0007	0.0232	0.0337	0.0082	0.0079	0.0161	0.0084	0.0053	0.0004	0.0112	0.0027	0.0248	0.0011	0.0211	0.0177	0.0051	0.0155	0.0279	0.0113	0.0150	0.0092	0.0193	0.0250	0.0041	0.0012	0.0037	0.0241	0.0055	0.0033	0.0124	0.0010	0.0104	0.0090	0.0226	0.0030	0.0283	0.0022	0.0025	
0.0027	0.0110	0.0201	0.0097	0.0037	0.0220	0.0185	0.0136	0.0169	0.0179	0.0043	0.0120	0.0195	0.0047	0.0029	0.0136	0.0146	0.0088	0.0168	0.0178	0.0050	0.0023	0.0154	0.0025	0.0023	0.0114	0.0087	0.0185	0.0086	0.0026	0.0133	0.0137	0.0008	0.0076	0.0167	0.0001	0.0172	0.0182	0.0127	0.0007	0.0084	0.0083	0.0061	0.0072	0.0005	0.0092	0.0133	0.0213	0.0059	0.0126	0.0038	0.0142	0.0004	0.0083	0.0257	0.0002	0.0184	0.0114	0.0072	0.0107	0.0083	0.0011	0.0033	0.0244	0.0206	0.0074	0.0108	0.0105	0.0095	0.0040	0.0148	0.0170	0.0170	0.0224	0.0078	0.0133	0.0188	0.0105	0.0018	0.0105	0.0187	0.0117	0.0108	0.0122	0.0201	0.0016	0.0204	0.0178	0.0091	0.0211	
0.0053	0.0040	0.0105	0.0156	0.0126	0.0096	0.0056	0.0104	0.0076	0.0099	0.0208	0.0044	0.0112	0.0032	0.0011	0.0076	0.0188	0.0021	0.0002	0.0031	0.0038	0.0037	0.0130	0.0174	0.0114	0.0195	0.0103	0.0094	0.0190	0.0168	0.0132	0.0236	0.0236	0.0133	0.0236	0.0127	0.0028	0.0210	0.0079	0.0219	0.0100	0.0090	0.0036	0.0092	0.0149	0.0185	0.0019	0.0065	0.0112	0.0111	0.0032	0.0144	0.0159	0.0083	0.0150	0.0016	0.0139	0.0156	0.0079	0.0214	0.0172	0.0206	0.0120	0.0075	0.0023	0.0027	0.0089	0.0176	0.0056	0.0096	0.0065	0.0210	0.0164	0.0016	0.0173	0.0146	0.0008	0.0017	0.0051	0.0178	0.0129	0.0101	0.0137	0.0101	0.0116	0.0160	0.0021	0.0068	0.0312	0.0139	
0.0161	0.0059	0.0164	0.0144	0.0033	0.0180	0.0170	0.0137	0.0053	0.0124	0.0066	0.0057	0.0010	0.0003	0.0027	0.0045	0.0176	0.0173	0.0121	0.0156	0.0006	0.0106	0.0113	0.0129	0.0239	0.0102	0.0175	0.0060	0.0173	0.0070	0.0004	0.0011	0.0174	0.0074	0.0196	0.0009	0.0095	0.0032	0.0286	0.0002	0.0034	0.0075	0.0166	0.0278	0.0093	0.0085	0.0058	0.0192	0.0050	0.0087	0.0213	0.0114	0.0161	0.0055	0.0233	0.0045	0.0166	0.0191	0.0144	0.0089	0.0159	0.0082	0.0159	0.0019	0.0076	0.0070	0.0053	0.0168	0.0043	0.0040	0.0112	0.0187	0.0112	0.0198	0.0144	0.0100	0.0198	0.0174	0.0037	0.0055	0.0043	0.0200	0.0017	0.0063	0.0102	0.0122	0.0142	0.0176	0.0097	0.0207	
0.0085	0.0091	0.0108	0.0060	0.0039	0.0237	0.0168	0.0154	0.0084	0.0029	0.0051	0.0169	0.0192	0.0023	0.0128	0.0017	0.0171	0.0249	0.0162	0.0033	0.0071	0.0153	0.0189	0.0087	0.0107	0.0219	0.0068	0.0068	0.0154	0.0217	0.0170	0.0132	0.0239	0.0095	0.0225	0.0061	0.0093	0.0085	0.0176	0.0152	0.0201	0.0046	0.0077	0.0012	0.0028	0.0093	0.0042	0.0221	0.0170	0.0072	0.0157	0.0131	0.0012	0.0139	0.0135	0.0184	0.0166	0.0015	0.0187	0.0049	0.0095	0.0093	0.0006	0.0131	0.0072	0.0118	0.0145	0.0060	0.0090	0.0118	0.0122	0.0111	0.0057	0.0212	0.0064	0.0015	0.0110	0.0167	0.0065	0.0174	0.0128	0.0126	0.0129	0.0069	0.0040	0.0052	0.0141	0.0080	0.0023	0.0041	
0.0133	0.0043	0.0108	0.0068	0.0085	0.0147	0.0032	0.0151	0.0161	0.0086	0.0141	0.0193	0.0142	0.0060	0.0122	0.0044	0.0057	0.0047	0.0080	0.0068	0.0227	0.0168	0.0179	0.0210	0.0099	0.0014	0.0128	0.0159	0.0091	0.0018	0.0185	0.0109	0.0027	0.0040	0.0188	0.0102	0.0191	0.0188	0.0116	0.0125	0.0188	0.0193	0.0011	0.0183	0.0044	0.0156	0.0170	0.0105	0.0135	0.0174	0.0158	0.0072	0.0239	0.0163	0.0043	0.0196	0.0097	0.0101	0.0195	0.0074	0.0177	0.0112	0.0047	0.0137	0.0124	0.0036	0.0181	0.0089	0.0095	0.0020	0.0062	0.0072	0.0154	0.0146	0.0093	0.0025	0.0150	0.0003	0.0151	0.0145	0.0051	0.0076	0.0175	0.0118	0.0028	0.0112	0.0096	0.0073	0.0016	0.0009	
0.0009	0.0070	0.0010	0.0036	0.0192	0.0150	0.0146	0.0087	0.0052	0.0249	0.0172	0.0080	0.0003	0.0169	0.0107	0.0141	0.0121	0.0078	0.0072	0.0001	0.0255	0.0079	0.0169	0.0052	0.0263	0.0120	0.0099	0.0198	0.0103	0.0234	0.0107	0.0077	0.0064	0.0047	0.0014	0.0147	0.0065	0.0103	0.0293	0.0136	0.0110	0.0082	0.0165	0.0238	0.0178	0.0125	0.0056	0.0082	0.0178	0.0093	0.0185	0.0046	0.0263	0.0016	0.0021	0.0211	0.0143	0.0120	0.0035	0.0022	0.0001	0.0176	0.0158	0.0121	0.0066	0.0068	0.0014	0.0208	0.0139	0.0213	0.0044	0.0018	0.0053	0.0127	0.0114	0.0085	0.0145	0.0012	0.0096	0.0014	0.0055	0.0043	0.0230	0.0170	0.0201	0.0100	0.0159	0.0064	0.0046	0.0123	
0.0074	0.0096	0.0092	0.0175	0.0205	0.0199	0.0120	0.0064	0.0085	0.0099	0.0152	0.0150	0.0172	0.0015	0.0047	0.0189	0.0173	0.0105	0.0132	0.0094	0.0195	0.0080	0.0070	0.0021	0.0180	0.0182	0.0146	0.0179	0.0093	0.0184	0.0140	0.0143	0.0084	0.0022	0.0095	0.0149	0.0156	0.0093	0.0182	0.0107	0.0006	0.0084	0.0125	0.0013	0.0063	0.0119	0.0081	0.0185	0.0147	0.0014	0.0119	0.0043	0.0146	0.0180	0.0148	0.0255	0.0037	0.0056	0.0015	0.0006	0.0003	0.0135	0.0174	0.0141	0.0138	0.0204	0.0045	0.0160	0.0145	0.0132	0.0029	0.0107	0.0132	0.0006	0.0115	0.0082	0.0176	0.0062	0.0188	0.0011	0.0083	0.0231	0.0057	0.0073	0.0057	0.0123	0.0059	0.0125	0.0112	0.0113	
0.0119	0.0069	0.0065	0.0110	0.0140	0.0117	0.0114	0.0190	0.0082	0.0053	0.0104	0.0208	0.0061	0.0036	0.0182	0.0011	0.0095	0.0148	0.0123	0.0001	0.0226	0.0153	0.0124	0.0003	0.0125	0.0036	0.0059	0.0081	0.0108	0.0022	0.0209	0.0220	0.0014	0.0061	0.0328	0.0256	0.0039	0.0050	0.0125	0.0010	0.0005	0.0009	0.0235	0.0144	0.0217	0.0164	0.0142	0.0029	0.0121	0.0058	0.0032	0.0159	0.0052	0.0125	0.0131	0.0202	0.0203	0.0070	0.0003	0.0150	0.0025	0.0010	0.0102	0.0040	0.0135	0.0148	0.0152	0.0226	0.0049	0.0014	0.0174	0.0057	0.0033	0.0067	0.0283	0.0172	0.0171	0.0194	0.0099	0.0206	0.0087	0.0077	0.0153	0.0062	0.0203	0.0016	0.0096	0.0100	0.0281	0.0035	
0.0175	0.0174	0.0042	0.0210	0.0213	0.0247	0.0137	0.0135	0.0003	0.0250	0.0183	0.0155	0.0201	0.0089	0.0044	0.0214	0.0100	0.0227	0.0105	0.0100	0.0178	0.0003	0.0186	0.0023	0.0235	0.0195	0.0014	0.0046	0.0064	0.0107	0.0040	0.0041	0.0047	0.0009	0.0043	0.0026	0.0015	0.0040	0.0092	0.0001	0.0077	0.0061	0.0186	0.0138	0.0212	0.0125	0.0052	0.0102	0.0228	0.0011	0.0134	0.0135	0.0204	0.0056	0.0095	0.0242	0.0195	0.0010	0.0204	0.0004	0.0184	0.0067	0.0065	0.0142	0.0129	0.0157	0.0069	0.0225	0.0052	0.0034	0.0129	0.0072	0.0099	0.0142	0.0028	0.0086	0.0029	0.0099	0.0037	0.0026	0.0124	0.0120	0.0068	0.0042	0.0213	0.0146	0.0109	0.0235	0.0108	0.0081	
0.0082	0.0003	0.0055	0.0078	0.0024	0.0013	0.0008	0.0082	0.0220	0.0063	0.0094	0.0093	0.0080	0.0246	0.0052	0.0062	0.0010	0.0071	0.0029	0.0206	0.0188	0.0087	0.0240	0.0213	0.0103	0.0093	0.0014	0.0006	0.0150	0.0017	0.0053	0.0099	0.0053	0.0185	0.0201	0.0191	0.0023	0.0052	0.0153	0.0019	0.0111	0.0218	0.0162	0.0233	0.0186	0.0054	0.0056	0.0131	0.0011	0.0149	0.0118	0.0039	0.0245	0.0187	0.0175	0.0282	0.0031	0.0078	0.0232	0.0186	0.0245	0.0002	0.0149	0.0202	0.0010	0.0210	0.0047	0.0104	0.0010	0.0098	0.0035	0.0201	0.0184	0.0009	0.0124	0.0187	0.0163	0.0003	0.0017	0.0033	0.0033	0.0187	0.0229	0.0266	0.0108	0.0019	0.0139	0.0109	0.0088	0.0195	
0.0141	0.0136	0.0060	0.0156	0.0022	0.0115	0.0021	0.0197	0.0166	0.0164	0.0007	0.0196	0.0103	0.0161	0.0101	0.0161	0.0084	0.0203	0.0078	0.0129	0.0054	0.0020	0.0072	0.0185	0.0128	0.0082	0.0006	0.0159	0.0057	0.0216	0.0079	0.0162	0.0257	0.0041	0.0175	0.0091	0.0116	0.0203	0.0259	0.0004	0.0178	0.0199	0.0039	0.0066	0.0024	0.0051	0.0039	0.0072	0.0087	0.0149	0.0132	0.0153	0.0022	0.0151	0.0160	0.0158	0.0089	0.0082	0.0063	0.0160	0.0085	0.0082	0.0114	0.0192	0.0098	0.0046	0.0168	0.0049	0.0222	0.0021	0.0042	0.0108	0.0185	0.0064	0.0200	0.0066	0.0183	0.0010	0.0162	0.0056	0.0033	0.0204	0.0064	0.0120	0.0055	0.0142	0.0150	0.0067	0.0147	0.0024	
0.0006	0.0017	0.0159	0.0050	0.0158	0.0141	0.0067	0.0063	0.0189	0.0198	0.0086	0.0226	0.0097	0.0091	0.0104	0.0051	0.0177	0.0205	0.0220	0.0044	0.0164	0.0075	0.0179	0.0002	0.0130	0.0158	0.0003	0.0009	0.0143	0.0187	0.0106	0.0129	0.0143	0.0161	0.0018	0.0030	0.0198	0.0150	0.0193	0.0063	0.0024	0.0168	0.0050	0.0226	0.0230	0.0040	0.0074	0.0249	0.0011	0.0013	0.0182	0.0210	0.0097	0.0107	0.0133	0.0196	0.0086	0.0124	0.0158	0.0233	0.0112	0.0059	0.0137	0.0024	0.0092	0.0160	0.0089	0.0148	0.0064	0.0088	0.0085	0.0033	0.0020	0.0149	0.0025	0.0182	0.0030	0.0188	0.0028	0.0069	0.0070	0.0007	0.0215	0.0135	0.0196	0.0129	0.0053	0.0026	0.0089	0.0095	
0.0157	0.0026	0.0211	0.0151	0.0198	0.0253	0.0000	0.0022	0.0090	0.0024	0.0163	0.0187	0.0188	0.0182	0.0111	0.0156	0.0170	0.0206	0.0089	0.0094	0.0130	0.0079	0.0123	0.0085	0.0127	0.0104	0.0046	0.0020	0.0049	0.0190	0.0116	0.0071	0.0041	0.0162	0.0180	0.0063	0.0046	0.0072	0.0229	0.0043	0.0215	0.0009	0.0097	0.0004	0.0173	0.0098	0.0060	0.0067	0.0221	0.0038	0.0158	0.0099	0.0191	0.0219	0.0262	0.0107	0.0150	0.0100	0.0042	0.0090	0.0141	0.0241	0.0182	0.0134	0.0131	0.0079	0.0112	0.0228	0.0025	0.0084	0.0089	0.0119	0.0175	0.0031	0.0134	0.0077	0.0008	0.0106	0.0180	0.0001	0.0028	0.0329	0.0034	0.0008	0.0016	0.0021	0.0127	0.0054	0.0000	0.0053	
0.0134	0.0107	0.0030	0.0088	0.0144	0.0026	0.0033	0.0153	0.0076	0.0034	0.0177	0.0096	0.0048	0.0139	0.0100	0.0043	0.0092	0.0170	0.0093	0.0076	0.0077	0.0014	0.0162	0.0043	0.0045	0.0146	0.0139	0.0183	0.0132	0.0114	0.0149	0.0071	0.0198	0.0139	0.0194	0.0182	0.0097	0.0106	0.0154	0.0064	0.0069	0.0072	0.0015	0.0203	0.0027	0.0109	0.0151	0.0139	0.0097	0.0164	0.0127	0.0192	0.0208	0.0154	0.0292	0.0194	0.0197	0.0145	0.0051	0.0182	0.0074	0.0066	0.0018	0.0238	0.0066	0.0090	0.0093	0.0087	0.0193	0.0166	0.0122	0.0219	0.0016	0.0014	0.0005	0.0147	0.0002	0.0022	0.0021	0.0080	0.0153	0.0025	0.0092	0.0136	0.0186	0.0197	0.0150	0.0056	0.0179	0.0028	
0.0040	0.0114	0.0073	0.0135	0.0004	0.0020	0.0056	0.0016	0.0046	0.0187	0.0024	0.0108	0.0159	0.0143	0.0012	0.0144	0.0157	0.0181	0.0100	0.0184	0.0127	0.0099	0.0140	0.0162	0.0221	0.0061	0.0172	0.0065	0.0023	0.0087	0.0149	0.0046	0.0060	0.0128	0.0100	0.0049	0.0143	0.0089	0.0010	0.0139	0.0127	0.0149	0.0148	0.0148	0.0071	0.0075	0.0061	0.0111	0.0163	0.0042	0.0010	0.0194	0.0152	0.0007	0.0139	0.0158	0.0152	0.0093	0.0150	0.0091	0.0044	0.0161	0.0211	0.0252	0.0128	0.0189	0.0015	0.0010	0.0074	0.0241	0.0135	0.0099	0.0111	0.0162	0.0046	0.0112	0.0205	0.0077	0.0110	0.0062	0.0179	0.0033	0.0170	0.0111	0.0087	0.0221	0.0190	0.0071	0.0030	0.0250	
0.0139	0.0036	0.0168	0.0063	0.0154	0.0212	0.0222	0.0154	0.0126	0.0117	0.0080	0.0051	0.0067	0.0203	0.0045	0.0131	0.0040	0.0220	0.0152	0.0182	0.0142	0.0056	0.0003	0.0065	0.0164	0.0017	0.0036	0.0009	0.0124	0.0190	0.0011	0.0132	0.0156	0.0076	0.0020	0.0130	0.0144	0.0070	0.0234	0.0056	0.0118	0.0035	0.0132	0.0240	0.0210	0.0119	0.0177	0.0180	0.0137	0.0125	0.0141	0.0145	0.0111	0.0076	0.0069	0.0102	0.0040	0.0068	0.0113	0.0114	0.0126	0.0198	0.0023	0.0217	0.0097	0.0115	0.0078	0.0209	0.0174	0.0114	0.0167	0.0174	0.0176	0.0110	0.0054	0.0070	0.0132	0.0012	0.0067	0.0001	0.0041	0.0085	0.0082	0.0164	0.0025	0.0056	0.0070	0.0110	0.0037	0.0168	
0.0163	0.0064	0.0205	0.0098	0.0183	0.0202	0.0015	0.0191	0.0149	0.0072	0.0078	0.0005	0.0006	0.0056	0.0219	0.0221	0.0201	0.0246	0.0024	0.0214	0.0202	0.0030	0.0015	0.0137	0.0092	0.0069	0.0138	0.0074	0.0190	0.0048	0.0067	0.0236	0.0143	0.0016	0.0195	0.0136	0.0006	0.0120	0.0199	0.0127	0.0092	0.0231	0.0142	0.0000	0.0162	0.0048	0.0084	0.0069	0.0013	0.0048	0.0088	0.0069	0.0098	0.0098	0.0280	0.0137	0.0066	0.0048	0.0009	0.0115	0.0037	0.0213	0.0005	0.0097	0.0007	0.0066	0.0107	0.0270	0.0086	0.0046	0.0246	0.0060	0.0046	0.0140	0.0118	0.0184	0.0125	0.0011	0.0184	0.0039	0.0208	0.0098	0.0046	0.0155	0.0154	0.0216	0.0131	0.0056	0.0021	0.0082	
0.0077	0.0145	0.0149	0.0101	0.0099	0.0163	0.0216	0.0054	0.0175	0.0097	0.0147	0.0083	0.0213	0.0218	0.0060	0.0047	0.0028	0.0223	0.0153	0.0030	0.0240	0.0035	0.0078	0.0192	0.0103	0.0154	0.0124	0.0125	0.0116	0.0008	0.0112	0.0027	0.0174	0.0121	0.0194	0.0011	0.0150	0.0125	0.0058	0.0132	0.0183	0.0053	0.0017	0.0145	0.0079	0.0073	0.0089	0.0081	0.0026	0.0086	0.0162	0.0156	0.0075	0.0229	0.0125	0.0060	0.0102	0.0097	0.0013	0.0099	0.0181	0.0075	0.0118	0.0286	0.0139	0.0110	0.0084	0.0298	0.0005	0.0089	0.0070	0.0099	0.0103	0.0011	0.0047	0.0102	0.0024	0.0175	0.0108	0.0139	0.0058	0.0074	0.0095	0.0012	0.0041	0.0002	0.0251	0.0238	0.0081	0.0177	
0.0138	0.0017	0.0154	0.0126	0.0236	0.0163	0.0142	0.0027	0.0168	0.0182	0.0190	0.0126	0.0078	0.0202	0.0012	0.0087	0.0029	0.0063	0.0168	0.0134	0.0014	0.0084	0.0026	0.0053	0.0060	0.0146	0.0176	0.0123	0.0157	0.0144	0.0123	0.0114	0.0101	0.0065	0.0168	0.0077	0.0182	0.0001	0.0029	0.0104	0.0019	0.0234	0.0008	0.0213	0.0210	0.0148	0.0207	0.0130	0.0001	0.0169	0.0182	0.0159	0.0046	0.0197	0.0176	0.0058	0.0226	0.0078	0.0077	0.0056	0.0140	0.0004	0.0073	0.0059	0.0032	0.0077	0.0023	0.0256	0.0039	0.0178	0.0096	0.0033	0.0026	0.0045	0.0157	0.0011	0.0089	0.0079	0.0090	0.0078	0.0130	0.0105	0.0124	0.0199	0.0161	0.0211	0.0113	0.0121	0.0161	0.0106	
0.0086	0.0077	0.0194	0.0183	0.0247	0.0021	0.0163	0.0165	0.0112	0.0134	0.0132	0.0004	0.0104	0.0083	0.0036	0.0183	0.0103	0.0299	0.0050	0.0104	0.0188	0.0108	0.0007	0.0229	0.0169	0.0066	0.0085	0.0103	0.0112	0.0051	0.0140	0.0088	0.0041	0.0102	0.0078	0.0031	0.0109	0.0067	0.0104	0.0082	0.0090	0.0148	0.0185	0.0306	0.0171	0.0097	0.0205	0.0071	0.0168	0.0003	0.0084	0.0107	0.0066	0.0067	0.0246	0.0289	0.0099	0.0116	0.0041	0.0097	0.0129	0.0048	0.0039	0.0124	0.0142	0.0015	0.0134	0.0224	0.0002	0.0014	0.0033	0.0050	0.0117	0.0204	0.0019	0.0007	0.0175	0.0028	0.0056	0.0159	0.0065	0.0039	0.0171	0.0099	0.0183	0.0097	0.0120	0.0253	0.0008	0.0147	
0.0156	0.0134	0.0029	0.0136	0.0202	0.0059	0.0104	0.0069	0.0065	0.0121	0.0162	0.0063	0.0066	0.0167	0.0145	0.0039	0.0151	0.0112	0.0044	0.0115	0.0199	0.0041	0.0100	0.0060	0.0049	0.0106	0.0090	0.0129	0.0128	0.0034	0.0130	0.0180	0.0167	0.0090	0.0057	0.0086	0.0014	0.0203	0.0242	0.0163	0.0120	0.0115	0.0180	0.0143	0.0022	0.0013	0.0166	0.0001	0.0142	0.0123	0.0119	0.0201	0.0171	0.0082	0.0134	0.0147	0.0078	0.0151	0.0101	0.0082	0.0154	0.0193	0.0132	0.0030	0.0226	0.0174	0.0117	0.0185	0.0094	0.0081	0.0021	0.0172	0.0113	0.0078	0.0019	0.0081	0.0073	0.0158	0.0039	0.0029	0.0114	0.0150	0.0170	0.0009	0.0098	0.0149	0.0042	0.0044	0.0227	0.0129	
0.0005	0.0033	0.0086	0.0097	0.0022	0.0178	0.0156	0.0122	0.0141	0.0035	0.0089	0.0019	0.0129	0.0085	0.0094	0.0166	0.0066	0.0081	0.0082	0.0001	0.0038	0.0109	0.0157	0.0072	0.0144	0.0044	0.0165	0.0133	0.0149	0.0052	0.0149	0.0110	0.0194	0.0159	0.0095	0.0210	0.0093	0.0023	0.0062	0.0072	0.0169	0.0203	0.0044	0.0211	0.0194	0.0109	0.0188	0.0137	0.0120	0.0144	0.0078	0.0165	0.0180	0.0208	0.0113	0.0117	0.0112	0.0019	0.0148	0.0254	0.0192	0.0016	0.0001	0.0071	0.0113	0.0159	0.0061	0.0166	0.0195	0.0100	0.0089	0.0042	0.0017	0.0219	0.0055	0.0069	0.0060	0.0128	0.0118	0.0035	0.0043	0.0084	0.0020	0.0243	0.0162	0.0177	0.0115	0.0164	0.0085	0.0170	
0.0090	0.0045	0.0091	0.0084	0.0125	0.0200	0.0185	0.0166	0.0103	0.0194	0.0049	0.0043	0.0151	0.0006	0.0040	0.0044	0.0141	0.0228	0.0132	0.0012	0.0038	0.0166	0.0105	0.0125	0.0158	0.0110	0.0195	0.0011	0.0117	0.0157	0.0051	0.0081	0.0081	0.0011	0.0030	0.0035	0.0189	0.0124	0.0132	0.0085	0.0128	0.0111	0.0039	0.0213	0.0209	0.0002	0.0129	0.0024	0.0158	0.0107	0.0021	0.0140	0.0010	0.0069	0.0224	0.0185	0.0191	0.0116	0.0140	0.0189	0.0151	0.0159	0.0044	0.0262	0.0116	0.0126	0.0139	0.0165	0.0204	0.0004	0.0055	0.0011	0.0069	0.0055	0.0101	0.0095	0.0129	0.0136	0.0127	0.0113	0.0161	0.0224	0.0072	0.0181	0.0105	0.0125	0.0120	0.0031	0.0055	0.0133	
0.0093	0.0019	0.0179	0.0109	0.0168	0.0244	0.0062	0.0054	0.0059	0.0043	0.0040	0.0018	0.0048	0.0177	0.0062	0.0011	0.0068	0.0186	0.0218	0.0024	0.0224	0.0002	0.0024	0.0019	0.0194	0.0187	0.0074	0.0064	0.0089	0.0188	0.0049	0.0161	0.0051	0.0069	0.0144	0.0045	0.0022	0.0163	0.0102	0.0089	0.0069	0.0092	0.0092	0.0095	0.0124	0.0152	0.0123	0.0129	0.0125	0.0091	0.0052	0.0126	0.0052	0.0048	0.0141	0.0120	0.0225	0.0139	0.0115	0.0246	0.0121	0.0234	0.0169	0.0077	0.0222	0.0079	0.0159	0.0192	0.0036	0.0025	0.0173	0.0110	0.0069	0.0093	0.0194	0.0099	0.0103	0.0125	0.0125	0.0030	0.0041	0.0249	0.0130	0.0216	0.0117	0.0117	0.0085	0.0205	0.0196	0.0013	
0.0041	0.0038	0.0045	0.0118	0.0214	0.0108	0.0110	0.0200	0.0085	0.0217	0.0211	0.0167	0.0105	0.0114	0.0083	0.0158	0.0060	0.0207	0.0100	0.0196	0.0222	0.0061	0.0051	0.0090	0.0135	0.0161	0.0035	0.0191	0.0189	0.0099	0.0004	0.0182	0.0012	0.0020	0.0261	0.0159	0.0093	0.0160	0.0135	0.0077	0.0029	0.0149	0.0055	0.0171	0.0058	0.0073	0.0071	0.0076	0.0111	0.0179	0.0056	0.0130	0.0129	0.0198	0.0049	0.0261	0.0244	0.0122	0.0189	0.0036	0.0045	0.0132	0.0035	0.0004	0.0222	0.0010	0.0130	0.0080	0.0109	0.0155	0.0063	0.0110	0.0052	0.0005	0.0215	0.0049	0.0014	0.0108	0.0045	0.0033	0.0065	0.0273	0.0089	0.0200	0.0032	0.0082	0.0074	0.0049	0.0209	0.0009	
0.0172	0.0104	0.0209	0.0087	0.0054	0.0172	0.0100	0.0047	0.0152	0.0036	0.0146	0.0012	0.0202	0.0206	0.0095	0.0179	0.0072	0.0138	0.0003	0.0182	0.0207	0.0088	0.0121	0.0169	0.0183	0.0071	0.0013	0.0063	0.0187	0.0148	0.0119	0.0092	0.0078	0.0069	0.0216	0.0143	0.0157	0.0164	0.0212	0.0037	0.0184	0.0188	0.0191	0.0018	0.0114	0.0051	0.0003	0.0186	0.0088	0.0071	0.0001	0.0163	0.0050	0.0017	0.0066	0.0110	0.0002	0.0006	0.0126	0.0191	0.0116	0.0035	0.0067	0.0037	0.0109	0.0024	0.0122	0.0105	0.0193	0.0173	0.0009	0.0102	0.0139	0.0196	0.0246	0.0158	0.0116	0.0093	0.0057	0.0080	0.0061	0.0096	0.0192	0.0098	0.0120	0.0189	0.0085	0.0073	0.0043	0.0136	
0.0150	0.0142	0.0063	0.0193	0.0148	0.0178	0.0111	0.0151	0.0084	0.0102	0.0101	0.0168	0.0184	0.0137	0.0051	0.0116	0.0015	0.0101	0.0017	0.0047	0.0167	0.0076	0.0134	0.0046	0.0125	0.0041	0.0057	0.0168	0.0100	0.0120	0.0133	0.0054	0.0023	0.0045	0.0216	0.0064	0.0047	0.0157	0.0039	0.0035	0.0086	0.0147	0.0179	0.0281	0.0179	0.0100	0.0099	0.0026	0.0023	0.0010	0.0194	0.0208	0.0051	0.0226	0.0211	0.0083	0.0206	0.0006	0.0091	0.0060	0.0078	0.0112	0.0034	0.0020	0.0105	0.0051	0.0082	0.0154	0.0166	0.0290	0.0040	0.0074	0.0042	0.0206	0.0181	0.0152	0.0137	0.0180	0.0096	0.0130	0.0128	0.0033	0.0184	0.0069	0.0167	0.0189	0.0054	0.0029	0.0077	0.0168	
0.0103	0.0040	0.0077	0.0149	0.0183	0.0222	0.0156	0.0150	0.0065	0.0143	0.0028	0.0186	0.0077	0.0032	0.0138	0.0113	0.0132	0.0081	0.0040	0.0163	0.0143	0.0014	0.0126	0.0126	0.0167	0.0061	0.0159	0.0142	0.0076	0.0174	0.0002	0.0073	0.0017	0.0032	0.0111	0.0016	0.0235	0.0118	0.0018	0.0154	0.0055	0.0192	0.0108	0.0204	0.0160	0.0140	0.0159	0.0147	0.0171	0.0044	0.0031	0.0180	0.0198	0.0166	0.0248	0.0111	0.0140	0.0130	0.0172	0.0101	0.0028	0.0003	0.0085	0.0139	0.0122	0.0140	0.0142	0.0042	0.0136	0.0163	0.0090	0.0018	0.0048	0.0088	0.0122	0.0126	0.0114	0.0158	0.0187	0.0167	0.0098	0.0026	0.0207	0.0025	0.0134	0.0031	0.0124	0.0085	0.0034	0.0014	
0.0113	0.0058	0.0181	0.0129	0.0171	0.0067	0.0113	0.0215	0.0051	0.0227	0.0006	0.0102	0.0001	0.0016	0.0139	0.0013	0.0120	0.0123	0.0026	0.0055	0.0217	0.0181	0.0157	0.0190	0.0242	0.0004	0.0021	0.0080	0.0187	0.0100	0.0029	0.0062	0.0149	0.0083	0.0029	0.0032	0.0071	0.0109	0.0127	0.0046	0.0048	0.0102	0.0107	0.0213	0.0153	0.0128	0.0021	0.0215	0.0081	0.0079	0.0093	0.0171	0.0047	0.0217	0.0051	0.0187	0.0114	0.0111	0.0120	0.0135	0.0031	0.0033	0.0170	0.0297	0.0175	0.0109	0.0121	0.0111	0.0215	0.0120	0.0139	0.0197	0.0199	0.0192	0.0208	0.0044	0.0056	0.0160	0.0016	0.0026	0.0158	0.0046	0.0225	0.0076	0.0178	0.0045	0.0051	0.0009	0.0054	0.0107	
0.0151	0.0127	0.0021	0.0184	0.0027	0.0023	0.0150	0.0147	0.0026	0.0064	0.0039	0.0136	0.0214	0.0206	0.0156	0.0132	0.0004	0.0072	0.0169	0.0176	0.0100	0.0114	0.0131	0.0090	0.0187	0.0180	0.0056	0.0117	0.0174	0.0124	0.0065	0.0095	0.0001	0.0068	0.0149	0.0163	0.0163	0.0007	0.0195	0.0157	0.0113	0.0108	0.0153	0.0186	0.0183	0.0034	0.0051	0.0211	0.0103	0.0055	0.0040	0.0190	0.0021	0.0090	0.0249	0.0043	0.0012	0.0104	0.0022	0.0035	0.0162	0.0025	0.0143	0.0148	0.0198	0.0115	0.0114	0.0131	0.0041	0.0214	0.0127	0.0208	0.0101	0.0011	0.0087	0.0156	0.0167	0.0157	0.0105	0.0105	0.0114	0.0076	0.0004	0.0116	0.0067	0.0095	0.0121	0.0132	0.0078	0.0121	
0.0236	0.0046	0.0236	0.0143	0.0026	0.0139	0.0207	0.0040	0.0225	0.0086	0.0137	0.0187	0.0226	0.0189	0.0139	0.0059	0.0094	0.0010	0.0010	0.0017	0.0090	0.0054	0.0037	0.0140	0.0142	0.0122	0.0026	0.0044	0.0064	0.0124	0.0012	0.0033	0.0012	0.0143	0.0002	0.0135	0.0017	0.0231	0.0276	0.0231	0.0040	0.0202	0.0259	0.0044	0.0015	0.0203	0.0138	0.0121	0.0012	0.0025	0.0019	0.0115	0.0151	0.0108	0.0080	0.0222	0.0020	0.0080	0.0013	0.0193	0.0085	0.0176	0.0211	0.0115	0.0089	0.0085	0.0177	0.0041	0.0164	0.0009	0.0043	0.0113	0.0019	0.0021	0.0272	0.0127	0.0061	0.0226	0.0120	0.0165	0.0199	0.0237	0.0028	0.0037	0.0087	0.0137	0.0143	0.0176	0.0107	0.0081	
0.0096	0.0120	0.0234	0.0074	0.0157	0.0148	0.0183	0.0106	0.0164	0.0150	0.0027	0.0080	0.0187	0.0003	0.0156	0.0147	0.0075	0.0117	0.0083	0.0123	0.0099	0.0016	0.0179	0.0084	0.0165	0.0121	0.0090	0.0188	0.0013	0.0186	0.0120	0.0012	0.0155	0.0038	0.0123	0.0080	0.0105	0.0129	0.0127	0.0053	0.0156	0.0146	0.0029	0.0228	0.0106	0.0080	0.0174	0.0026	0.0038	0.0118	0.0025	0.0026	0.0040	0.0171	0.0260	0.0111	0.0188	0.0081	0.0131	0.0173	0.0017	0.0211	0.0079	0.0026	0.0196	0.0011	0.0107	0.0153	0.0099	0.0113	0.0016	0.0145	0.0002	0.0036	0.0198	0.0104	0.0187	0.0010	0.0175	0.0020	0.0134	0.0090	0.0136	0.0067	0.0125	0.0135	0.0234	0.0243	0.0063	0.0047	
0.0183	0.0008	0.0011	0.0124	0.0068	0.0227	0.0073	0.0008	0.0294	0.0112	0.0226	0.0058	0.0160	0.0213	0.0139	0.0122	0.0026	0.0001	0.0149	0.0038	0.0113	0.0214	0.0150	0.0120	0.0060	0.0141	0.0096	0.0032	0.0110	0.0044	0.0021	0.0110	0.0022	0.0036	0.0137	0.0009	0.0144	0.0096	0.0205	0.0188	0.0096	0.0207	0.0012	0.0089	0.0043	0.0067	0.0136	0.0270	0.0159	0.0028	0.0102	0.0194	0.0014	0.0060	0.0198	0.0267	0.0111	0.0078	0.0041	0.0132	0.0107	0.0038	0.0105	0.0311	0.0091	0.0042	0.0045	0.0128	0.0007	0.0136	0.0182	0.0113	0.0023	0.0247	0.0168	0.0100	0.0154	0.0045	0.0065	0.0172	0.0004	0.0129	0.0105	0.0080	0.0130	0.0043	0.0163	0.0229	0.0078	0.0171	
0.0150	0.0038	0.0074	0.0083	0.0134	0.0064	0.0083	0.0050	0.0018	0.0001	0.0043	0.0059	0.0208	0.0041	0.0087	0.0224	0.0189	0.0029	0.0119	0.0055	0.0077	0.0040	0.0031	0.0088	0.0118	0.0197	0.0176	0.0058	0.0054	0.0031	0.0137	0.0085	0.0224	0.0059	0.0218	0.0135	0.0054	0.0157	0.0092	0.0120	0.0040	0.0115	0.0038	0.0076	0.0153	0.0158	0.0159	0.0059	0.0203	0.0129	0.0076	0.0101	0.0094	0.0056	0.0111	0.0121	0.0015	0.0181	0.0204	0.0188	0.0105	0.0027	0.0201	0.0232	0.0099	0.0161	0.0083	0.0135	0.0056	0.0161	0.0184	0.0023	0.0178	0.0215	0.0017	0.0175	0.0001	0.0159	0.0160	0.0183	0.0033	0.0162	0.0063	0.0161	0.0154	0.0030	0.0201	0.0161	0.0210	0.0094	
0.0111	0.0053	0.0208	0.0160	0.0020	0.0016	0.0112	0.0045	0.0189	0.0206	0.0072	0.0050	0.0246	0.0044	0.0151	0.0066	0.0149	0.0117	0.0039	0.0111	0.0103	0.0050	0.0048	0.0024	0.0122	0.0200	0.0156	0.0076	0.0041	0.0060	0.0172	0.0124	0.0186	0.0145	0.0061	0.0103	0.0061	0.0001	0.0286	0.0002	0.0085	0.0197	0.0197	0.0260	0.0105	0.0174	0.0119	0.0026	0.0173	0.0107	0.0089	0.0133	0.0129	0.0061	0.0280	0.0077	0.0015	0.0146	0.0051	0.0040	0.0056	0.0023	0.0006	0.0151	0.0225	0.0154	0.0089	0.0057	0.0206	0.0098	0.0003	0.0172	0.0098	0.0043	0.0053	0.0114	0.0090	0.0066	0.0167	0.0096	0.0060	0.0202	0.0136	0.0151	0.0195	0.0076	0.0051	0.0101	0.0172	0.0236	
0.0095	0.0126	0.0216	0.0159	0.0182	0.0075	0.0196	0.0030	0.0162	0.0210	0.0093	0.0077	0.0037	0.0085	0.0083	0.0161	0.0001	0.0081	0.0010	0.0064	0.0210	0.0158	0.0012	0.0158	0.0239	0.0116	0.0114	0.0077	0.0173	0.0158	0.0081	0.0016	0.0066	0.0163	0.0199	0.0078	0.0199	0.0163	0.0099	0.0156	0.0173	0.0054	0.0078	0.0263	0.0009	0.0148	0.0116	0.0054	0.0064	0.0034	0.0072	0.0178	0.0089	0.0137	0.0040	0.0192	0.0116	0.0004	0.0172	0.0032	0.0155	0.0089	0.0056	0.0100	0.0057	0.0080	0.0182	0.0049	0.0104	0.0283	0.0131	0.0035	0.0188	0.0032	0.0083	0.0098	0.0096	0.0026	0.0152	0.0186	0.0008	0.0049	0.0010	0.0107	0.0078	0.0137	0.0197	0.0219	0.0122	0.0083	
0.0016	0.0214	0.0024	0.0055	0.0036	0.0152	0.0016	0.0018	0.0176	0.0177	0.0261	0.0087	0.0242	0.0101	0.0125	0.0046	0.0239	0.0063	0.0049	0.0158	0.0075	0.0083	0.0094	0.0197	0.0041	0.0146	0.0102	0.0154	0.0260	0.0187	0.0152	0.0032	0.0097	0.0029	0.0271	0.0180	0.0017	0.0176	0.0002	0.0220	0.0118	0.0100	0.0124	0.0001	0.0014	0.0152	0.0098	0.0197	0.0035	0.0042	0.0160	0.0139	0.0186	0.0052	0.0011	0.0235	0.0180	0.0066	0.0016	0.0178	0.0014	0.0130	0.0028	0.0265	0.0024	0.0187	0.0005	0.0211	0.0118	0.0209	0.0026	0.0065	0.0051	0.0081	0.0065	0.0200	0.0204	0.0078	0.0183	0.0112	0.0031	0.0261	0.0115	0.0223	0.0004	0.0017	0.0118	0.0036	0.0026	0.0037	
0.0017	0.0139	0.0142	0.0098	0.0194	0.0243	0.0047	0.0092	0.0201	0.0049	0.0146	0.0140	0.0057	0.0074	0.0011	0.0089	0.0066	0.0088	0.0190	0.0020	0.0203	0.0066	0.0127	0.0122	0.0091	0.0067	0.0204	0.0075	0.0212	0.0005	0.0067	0.0170	0.0118	0.0054	0.0163	0.0069	0.0141	0.0144	0.0100	0.0045	0.0150	0.0091	0.0087	0.0111	0.0174	0.0071	0.0092	0.0041	0.0158	0.0112	0.0143	0.0013	0.0033	0.0226	0.0069	0.0196	0.0032	0.0005	0.0006	0.0119	0.0001	0.0191	0.0092	0.0224	0.0197	0.0140	0.0029	0.0235	0.0120	0.0146	0.0158	0.0115	0.0189	0.0171	0.0082	0.0080	0.0179	0.0019	0.0157	0.0004	0.0166	0.0197	0.0127	0.0080	0.0059	0.0061	0.0161	0.0133	0.0006	0.0210	
0.0053	0.0116	0.0188	0.0217	0.0062	0.0254	0.0240	0.0112	0.0131	0.0005	0.0055	0.0126	0.0161	0.0017	0.0152	0.0040	0.0029	0.0121	0.0142	0.0174	0.0227	0.0007	0.0052	0.0003	0.0159	0.0046	0.0060	0.0028	0.0141	0.0148	0.0007	0.0105	0.0241	0.0104	0.0126	0.0041	0.0223	0.0216	0.0156	0.0099	0.0117	0.0095	0.0114	0.0236	0.0215	0.0061	0.0041	0.0127	0.0131	0.0028	0.0036	0.0075	0.0259	0.0050	0.0024	0.0067	0.0097	0.0129	0.0071	0.0008	0.0131	0.0205	0.0192	0.0017	0.0244	0.0145	0.0108	0.0007	0.0146	0.0171	0.0054	0.0039	0.0175	0.0030	0.0089	0.0088	0.0120	0.0094	0.0056	0.0050	0.0001	0.0246	0.0136	0.0105	0.0095	0.0173	0.0159	0.0185	0.0108	0.0059	
0.0175	0.0032	0.0178	0.0104	0.0207	0.0186	0.0118	0.0099	0.0117	0.0024	0.0147	0.0031	0.0184	0.0168	0.0137	0.0241	0.0080	0.0189	0.0120	0.0119	0.0161	0.0187	0.0085	0.0013	0.0008	0.0151	0.0052	0.0102	0.0122	0.0060	0.0014	0.0114	0.0069	0.0061	0.0145	0.0024	0.0096	0.0077	0.0032	0.0093	0.0010	0.0024	0.0121	0.0039	0.0091	0.0113	0.0169	0.0143	0.0157	0.0063	0.0070	0.0144	0.0195	0.0235	0.0144	0.0243	0.0160	0.0094	0.0095	0.0022	0.0091	0.0007	0.0152	0.0207	0.0000	0.0183	0.0110	0.0134	0.0018	0.0181	0.0088	0.0221	0.0139	0.0059	0.0101	0.0096	0.0072	0.0066	0.0114	0.0035	0.0165	0.0086	0.0213	0.0032	0.0210	0.0072	0.0018	0.0136	0.0096	0.0247	
0.0144	0.0204	0.0005	0.0003	0.0032	0.0004	0.0122	0.0023	0.0042	0.0176	0.0044	0.0091	0.0182	0.0017	0.0220	0.0100	0.0016	0.0167	0.0118	0.0034	0.0169	0.0082	0.0004	0.0060	0.0053	0.0003	0.0069	0.0128	0.0156	0.0194	0.0178	0.0026	0.0194	0.0037	0.0018	0.0129	0.0275	0.0165	0.0049	0.0113	0.0003	0.0060	0.0045	0.0255	0.0010	0.0129	0.0206	0.0205	0.0082	0.0140	0.0063	0.0129	0.0026	0.0186	0.0094	0.0075	0.0270	0.0169	0.0188	0.0029	0.0194	0.0273	0.0122	0.0128	0.0261	0.0013	0.0153	0.0144	0.0253	0.0109	0.0100	0.0095	0.0092	0.0289	0.0037	0.0082	0.0036	0.0030	0.0049	0.0143	0.0037	0.0199	0.0044	0.0285	0.0105	0.0068	0.0004	0.0003	0.0222	0.0220	
0.0132	0.0033	0.0235	0.0015	0.0183	0.0014	0.0173	0.0161	0.0189	0.0265	0.0197	0.0078	0.0160	0.0200	0.0027	0.0221	0.0024	0.0030	0.0090	0.0191	0.0020	0.0177	0.0122	0.0041	0.0239	0.0027	0.0188	0.0131	0.0015	0.0152	0.0008	0.0102	0.0104	0.0027	0.0168	0.0048	0.0111	0.0064	0.0049	0.0014	0.0149	0.0086	0.0030	0.0057	0.0141	0.0121	0.0179	0.0065	0.0200	0.0096	0.0033	0.0192	0.0111	0.0241	0.0192	0.0217	0.0140	0.0119	0.0026	0.0116	0.0057	0.0029	0.0130	0.0120	0.0198	0.0053	0.0145	0.0152	0.0017	0.0230	0.0067	0.0179	0.0191	0.0112	0.0035	0.0126	0.0154	0.0077	0.0106	0.0034	0.0048	0.0108	0.0183	0.0093	0.0109	0.0034	0.0053	0.0152	0.0063	0.0008	
0.0157	0.0179	0.0058	0.0122	0.0207	0.0176	0.0220	0.0190	0.0052	0.0120	0.0190	0.0080	0.0054	0.0003	0.0033	0.0091	0.0199	0.0276	0.0166	0.0027	0.0031	0.0033	0.0038	0.0220	0.0107	0.0167	0.0097	0.0019	0.0177	0.0197	0.0006	0.0032	0.0030	0.0006	0.0021	0.0088	0.0120	0.0068	0.0207	0.0100	0.0157	0.0182	0.0017	0.0008	0.0051	0.0137	0.0060	0.0149	0.0077	0.0021	0.0036	0.0048	0.0226	0.0068	0.0294	0.0188	0.0173	0.0045	0.0043	0.0006	0.0024	0.0176	0.0182	0.0147	0.0100	0.0165	0.0037	0.0053	0.0229	0.0201	0.0135	0.0165	0.0064	0.0060	0.0098	0.0042	0.0024	0.0031	0.0173	0.0092	0.0083	0.0233	0.0176	0.0138	0.0134	0.0188	0.0110	0.0225	0.0024	0.0139	
0.0166	0.0054	0.0030	0.0125	0.0108	0.0000	0.0220	0.0115	0.0118	0.0093	0.0146	0.0023	0.0179	0.0167	0.0056	0.0110	0.0175	0.0127	0.0215	0.0140	0.0114	0.0104	0.0117	0.0149	0.0117	0.0065	0.0004	0.0032	0.0206	0.0143	0.0066	0.0080	0.0009	0.0075	0.0238	0.0107	0.0129	0.0142	0.0195	0.0070	0.0059	0.0135	0.0125	0.0071	0.0217	0.0067	0.0015	0.0026	0.0102	0.0018	0.0188	0.0175	0.0219	0.0110	0.0014	0.0076	0.0184	0.0073	0.0018	0.0039	0.0209	0.0203	0.0124	0.0209	0.0028	0.0051	0.0014	0.0079	0.0164	0.0168	0.0002	0.0038	0.0140	0.0126	0.0097	0.0149	0.0186	0.0047	0.0178	0.0033	0.0040	0.0276	0.0130	0.0183	0.0136	0.0089	0.0092	0.0128	0.0083	0.0140	
0.0220	0.0014	0.0207	0.0192	0.0121	0.0139	0.0258	0.0140	0.0053	0.0138	0.0075	0.0154	0.0098	0.0218	0.0020	0.0226	0.0041	0.0108	0.0017	0.0037	0.0084	0.0159	0.0140	0.0234	0.0273	0.0015	0.0031	0.0304	0.0074	0.0217	0.0143	0.0091	0.0196	0.0018	0.0008	0.0167	0.0120	0.0016	0.0047	0.0183	0.0000	0.0093	0.0020	0.0100	0.0172	0.0094	0.0135	0.0007	0.0166	0.0161	0.0048	0.0017	0.0130	0.0064	0.0106	0.0072	0.0152	0.0144	0.0165	0.0075	0.0086	0.0016	0.0055	0.0200	0.0210	0.0171	0.0191	0.0089	0.0178	0.0039	0.0053	0.0022	0.0053	0.0058	0.0037	0.0185	0.0115	0.0042	0.0010	0.0101	0.0134	0.0024	0.0033	0.0109	0.0109	0.0175	0.0014	0.0214	0.0132	0.0224	
0.0092	0.0159	0.0089	0.0183	0.0130	0.0235	0.0030	0.0121	0.0138	0.0019	0.0128	0.0053	0.0085	0.0143	0.0124	0.0034	0.0157	0.0065	0.0013	0.0085	0.0180	0.0064	0.0128	0.0062	0.0187	0.0047	0.0192	0.0211	0.0006	0.0212	0.0111	0.0015	0.0087	0.0111	0.0136	0.0050	0.0141	0.0061	0.0159	0.0033	0.0143	0.0157	0.0101	0.0234	0.0145	0.0035	0.0136	0.0121	0.0135	0.0047	0.0164	0.0148	0.0147	0.0077	0.0006	0.0034	0.0051	0.0007	0.0012	0.0053	0.0187	0.0050	0.0100	0.0232	0.0076	0.0103	0.0136	0.0157	0.0198	0.0094	0.0071	0.0102	0.0114	0.0201	0.0150	0.0152	0.0164	0.0126	0.0103	0.0096	0.0097	0.0102	0.0046	0.0138	0.0195	0.0190	0.0113	0.0029	0.0117	0.0131	
0.0029	0.0146	0.0085	0.0089	0.0068	0.0156	0.0072	0.0165	0.0151	0.0051	0.0097	0.0035	0.0166	0.0091	0.0190	0.0108	0.0033	0.0225	0.0156	0.0016	0.0083	0.0120	0.0127	0.0134	0.0210	0.0123	0.0011	0.0227	0.0199	0.0107	0.0018	0.0140	0.0209	0.0063	0.0073	0.0154	0.0052	0.0060	0.0212	0.0034	0.0164	0.0034	0.0019	0.0105	0.0035	0.0079	0.0208	0.0262	0.0203	0.0123	0.0182	0.0174	0.0134	0.0194	0.0088	0.0199	0.0054	0.0157	0.0142	0.0173	0.0110	0.0115	0.0186	0.0070	0.0030	0.0160	0.0078	0.0081	0.0008	0.0053	0.0043	0.0221	0.0024	0.0141	0.0111	0.0033	0.0103	0.0037	0.0093	0.0075	0.0141	0.0046	0.0251	0.0063	0.0134	0.0090	0.0067	0.0011	0.0019	0.0184	
0.0106	0.0084	0.0154	0.0203	0.0174	0.0069	0.0061	0.0171	0.0046	0.0103	0.0006	0.0161	0.0217	0.0161	0.0067	0.0218	0.0125	0.0259	0.0083	0.0016	0.0033	0.0006	0.0091	0.0063	0.0014	0.0074	0.0084	0.0123	0.0156	0.0178	0.0103	0.0066	0.0045	0.0073	0.0197	0.0176	0.0061	0.0043	0.0244	0.0024	0.0209	0.0161	0.0222	0.0278	0.0087	0.0009	0.0059	0.0074	0.0215	0.0145	0.0184	0.0070	0.0176	0.0002	0.0149	0.0141	0.0005	0.0077	0.0185	0.0083	0.0189	0.0157	0.0029	0.0103	0.0213	0.0157	0.0081	0.0136	0.0211	0.0151	0.0117	0.0099	0.0028	0.0059	0.0042	0.0090	0.0021	0.0095	0.0232	0.0002	0.0008	0.0024	0.0158	0.0016	0.0226	0.0047	0.0161	0.0038	0.0190	0.0049	
0.0164	0.0194	0.0079	0.0093	0.0067	0.0074	0.0120	0.0096	0.0008	0.0161	0.0126	0.0163	0.0084	0.0064	0.0172	0.0083	0.0028	0.0113	0.0155	0.0212	0.0091	0.0122	0.0089	0.0181	0.0085	0.0160	0.0203	0.0013	0.0113	0.0171	0.0011	0.0049	0.0130	0.0139	0.0184	0.0147	0.0025	0.0149	0.0224	0.0160	0.0008	0.0133	0.0084	0.0087	0.0090	0.0046	0.0146	0.0099	0.0037	0.0118	0.0013	0.0037	0.0073	0.0201	0.0209	0.0045	0.0104	0.0084	0.0013	0.0100	0.0083	0.0088	0.0190	0.0088	0.0117	0.0067	0.0017	0.0158	0.0103	0.0018	0.0043	0.0090	0.0107	0.0233	0.0218	0.0139	0.0046	0.0018	0.0098	0.0015	0.0010	0.0101	0.0223	0.0166	0.0153	0.0203	0.0244	0.0202	0.0163	0.0168	
0.0087	0.0119	0.0169	0.0082	0.0116	0.0152	0.0180	0.0018	0.0158	0.0022	0.0033	0.0022	0.0232	0.0023	0.0071	0.0145	0.0123	0.0079	0.0166	0.0023	0.0209	0.0063	0.0002	0.0219	0.0121	0.0184	0.0099	0.0229	0.0117	0.0159	0.0051	0.0041	0.0144	0.0115	0.0131	0.0098	0.0122	0.0021	0.0141	0.0062	0.0177	0.0024	0.0066	0.0084	0.0170	0.0155	0.0092	0.0197	0.0096	0.0002	0.0041	0.0134	0.0251	0.0174	0.0201	0.0024	0.0144	0.0118	0.0198	0.0095	0.0014	0.0179	0.0077	0.0029	0.0190	0.0179	0.0084	0.0056	0.0106	0.0197	0.0179	0.0118	0.0162	0.0109	0.0050	0.0136	0.0006	0.0127	0.0017	0.0104	0.0088	0.0175	0.0093	0.0126	0.0082	0.0126	0.0069	0.0194	0.0015	0.0124	
0.0173	0.0001	0.0031	0.0174	0.0060	0.0020	0.0140	0.0038	0.0105	0.0177	0.0099	0.0048	0.0084	0.0172	0.0010	0.0135	0.0164	0.0096	0.0160	0.0169	0.0013	0.0178	0.0138	0.0081	0.0004	0.0072	0.0072	0.0153	0.0149	0.0028	0.0131	0.0155	0.0031	0.0173	0.0241	0.0213	0.0091	0.0177	0.0055	0.0027	0.0035	0.0213	0.0030	0.0024	0.0017	0.0050	0.0070	0.0153	0.0117	0.0149	0.0158	0.0165	0.0038	0.0045	0.0122	0.0231	0.0082	0.0125	0.0190	0.0259	0.0145	0.0207	0.0096	0.0069	0.0080	0.0133	0.0022	0.0102	0.0163	0.0019	0.0063	0.0197	0.0036	0.0101	0.0168	0.0035	0.0144	0.0093	0.0066	0.0148	0.0156	0.0208	0.0044	0.0219	0.0058	0.0150	0.0088	0.0185	0.0101	0.0189	
0.0120	0.0107	0.0225	0.0068	0.0111	0.0085	0.0076	0.0151	0.0160	0.0059	0.0030	0.0169	0.0212	0.0111	0.0068	0.0201	0.0130	0.0165	0.0089	0.0053	0.0024	0.0182	0.0093	0.0041	0.0231	0.0001	0.0116	0.0135	0.0018	0.0145	0.0050	0.0032	0.0013	0.0117	0.0108	0.0124	0.0014	0.0158	0.0009	0.0063	0.0182	0.0020	0.0161	0.0017	0.0116	0.0012	0.0138	0.0197	0.0115	0.0078	0.0012	0.0167	0.0090	0.0026	0.0228	0.0187	0.0034	0.0113	0.0070	0.0087	0.0158	0.0154	0.0116	0.0040	0.0221	0.0180	0.0141	0.0030	0.0202	0.0146	0.0141	0.0166	0.0126	0.0036	0.0085	0.0001	0.0021	0.0069	0.0119	0.0160	0.0048	0.0183	0.0231	0.0128	0.0109	0.0102	0.0203	0.0227	0.0154	0.0188	
0.0135	0.0098	0.0138	0.0131	0.0148	0.0040	0.0122	0.0174	0.0020	0.0187	0.0054	0.0158	0.0227	0.0217	0.0134	0.0068	0.0038	0.0057	0.0162	0.0193	0.0155	0.0156	0.0025	0.0116	0.0053	0.0239	0.0188	0.0003	0.0128	0.0109	0.0023	0.0165	0.0035	0.0019	0.0254	0.0081	0.0065	0.0015	0.0151	0.0053	0.0125	0.0098	0.0061	0.0268	0.0151	0.0115	0.0196	0.0007	0.0242	0.0062	0.0087	0.0152	0.0059	0.0023	0.0066	0.0249	0.0066	0.0005	0.0106	0.0119	0.0084	0.0098	0.0007	0.0198	0.0123	0.0090	0.0094	0.0225	0.0247	0.0080	0.0196	0.0027	0.0154	0.0112	0.0076	0.0028	0.0127	0.0044	0.0229	0.0122	0.0023	0.0196	0.0016	0.0056	0.0028	0.0125	0.0173	0.0016	0.0173	0.0041	
0.0031	0.0053	0.0187	0.0210	0.0233	0.0036	0.0116	0.0137	0.0068	0.0074	0.0028	0.0019	0.0017	0.0175	0.0051	0.0061	0.0190	0.0204	0.0155	0.0024	0.0080	0.0015	0.0033	0.0195	0.0134	0.0138	0.0078	0.0170	0.0113	0.0022	0.0115	0.0067	0.0222	0.0127	0.0033	0.0132	0.0094	0.0149	0.0191	0.0031	0.0140	0.0199	0.0195	0.0183	0.0102	0.0006	0.0142	0.0091	0.0006	0.0167	0.0115	0.0220	0.0076	0.0183	0.0269	0.0021	0.0028	0.0147	0.0098	0.0046	0.0157	0.0170	0.0010	0.0077	0.0149	0.0155	0.0024	0.0080	0.0133	0.0163	0.0139	0.0055	0.0022	0.0155	0.0118	0.0066	0.0055	0.0119	0.0093	0.0085	0.0179	0.0279	0.0167	0.0130	0.0125	0.0159	0.0043	0.0054	0.0173	0.0017	
0.0122	0.0105	0.0067	0.0073	0.0104	0.0246	0.0203	0.0111	0.0177	0.0168	0.0166	0.0087	0.0193	0.0111	0.0008	0.0071	0.0154	0.0168	0.0054	0.0079	0.0179	0.0096	0.0090	0.0212	0.0067	0.0151	0.0009	0.0079	0.0138	0.0220	0.0091	0.0139	0.0061	0.0071	0.0221	0.0040	0.0197	0.0144	0.0052	0.0082	0.0101	0.0147	0.0128	0.0185	0.0124	0.0082	0.0029	0.0048	0.0131	0.0044	0.0164	0.0108	0.0226	0.0121	0.0072	0.0023	0.0035	0.0044	0.0015	0.0120	0.0177	0.0108	0.0153	0.0009	0.0036	0.0187	0.0022	0.0097	0.0112	0.0206	0.0055	0.0019	0.0081	0.0185	0.0222	0.0017	0.0181	0.0145	0.0092	0.0123	0.0104	0.0219	0.0161	0.0089	0.0018	0.0010	0.0009	0.0172	0.0039	0.0206	
0.0018	0.0124	0.0165	0.0107	0.0162	0.0002	0.0214	0.0124	0.0115	0.0136	0.0092	0.0185	0.0185	0.0229	0.0170	0.0179	0.0007	0.0031	0.0151	0.0029	0.0031	0.0079	0.0207	0.0087	0.0020	0.0014	0.0151	0.0082	0.0213	0.0031	0.0182	0.0084	0.0033	0.0117	0.0202	0.0151	0.0097	0.0213	0.0056	0.0186	0.0057	0.0102	0.0058	0.0229	0.0078	0.0145	0.0029	0.0238	0.0132	0.0070	0.0002	0.0211	0.0027	0.0021	0.0229	0.0210	0.0207	0.0056	0.0094	0.0134	0.0057	0.0133	0.0120	0.0095	0.0184	0.0000	0.0129	0.0007	0.0017	0.0045	0.0066	0.0015	0.0190	0.0171	0.0245	0.0124	0.0032	0.0004	0.0014	0.0059	0.0170	0.0269	0.0159	0.0149	0.0023	0.0221	0.0076	0.0007	0.0215	0.0012	
0.0180	0.0016	0.0122	0.0135	0.0158	0.0194	0.0182	0.0171	0.0026	0.0066	0.0023	0.0024	0.0208	0.0101	0.0185	0.0217	0.0202	0.0095	0.0042	0.0000	0.0122	0.0168	0.0058	0.0030	0.0144	0.0091	0.0153	0.0213	0.0064	0.0166	0.0134	0.0125	0.0021	0.0003	0.0080	0.0053	0.0123	0.0062	0.0011	0.0030	0.0208	0.0078	0.0198	0.0184	0.0043	0.0141	0.0183	0.0078	0.0142	0.0031	0.0202	0.0200	0.0192	0.0208	0.0136	0.0012	0.0196	0.0069	0.0000	0.0054	0.0222	0.0180	0.0107	0.0097	0.0142	0.0086	0.0004	0.0222	0.0018	0.0159	0.0079	0.0148	0.0068	0.0011	0.0012	0.0035	0.0182	0.0096	0.0202	0.0160	0.0090	0.0115	0.0074	0.0030	0.0149	0.0164	0.0189	0.0037	0.0102	0.0064	
0.0101	0.0027	0.0079	0.0192	0.0042	0.0044	0.0202	0.0113	0.0030	0.0202	0.0171	0.0026	0.0067	0.0241	0.0146	0.0075	0.0130	0.0219	0.0215	0.0075	0.0032	0.0068	0.0102	0.0046	0.0192	0.0143	0.0098	0.0091	0.0166	0.0224	0.0135	0.0182	0.0093	0.0171	0.0079	0.0071	0.0103	0.0130	0.0268	0.0185	0.0093	0.0108	0.0085	0.0068	0.0009	0.0080	0.0037	0.0096	0.0107	0.0096	0.0042	0.0013	0.0074	0.0044	0.0049	0.0030	0.0177	0.0026	0.0015	0.0128	0.0162	0.0099	0.0187	0.0069	0.0032	0.0219	0.0151	0.0129	0.0161	0.0118	0.0178	0.0014	0.0185	0.0273	0.0255	0.0133	0.0001	0.0053	0.0038	0.0075	0.0092	0.0009	0.0236	0.0062	0.0178	0.0140	0.0157	0.0049	0.0142	0.0049	
0.0147	0.0053	0.0126	0.0070	0.0048	0.0008	0.0172	0.0010	0.0019	0.0030	0.0149	0.0154	0.0199	0.0287	0.0092	0.0027	0.0032	0.0081	0.0054	0.0104	0.0025	0.0097	0.0225	0.0166	0.0042	0.0153	0.0086	0.0124	0.0141	0.0158	0.0061	0.0101	0.0203	0.0081	0.0216	0.0130	0.0156	0.0126	0.0244	0.0164	0.0009	0.0240	0.0033	0.0011	0.0192	0.0123	0.0061	0.0264	0.0199	0.0118	0.0089	0.0071	0.0252	0.0044	0.0027	0.0062	0.0084	0.0132	0.0028	0.0118	0.0146	0.0038	0.0094	0.0141	0.0204	0.0021	0.0155	0.0083	0.0053	0.0227	0.0093	0.0128	0.0089	0.0100	0.0122	0.0023	0.0070	0.0197	0.0000	0.0082	0.0077	0.0125	0.0167	0.0224	0.0042	0.0002	0.0163	0.0177	0.0080	0.0159	

Emissions
0.0798	0.3446	0.1195	0.1006	0.0882	0.1358	0.1315	
0.1362	0.0835	0.1542	0.2037	0.0066	0.1661	0.2497	
0.0130	0.1270	0.1263	0.0413	0.1938	0.3187	0.1799	
0.1011	0.2857	0.2180	0.0227	0.1049	0.1244	0.1432	
0.0756	0.1842	0.1062	0.0268	0.2787	0.2000	0.1285	
0.1960	0.0307	0.0362	0.0222	0.2378	0.2457	0.2315	
0.1307	0.0921	0.1101	0.0526	0.1886	0.2059	0.2199	
0.0825	0.0500	0.0094	0.2000	0.1799	0.1966	0.2816	
0.0176	0.5694	0.0919	0.0093	0.2200	0.0030	0.0888	
0.1659	0.0424	0.2562	0.0375	0.0789	0.2472	0.1720	
0.2233	0.1999	0.1133	0.0276	0.1357	0.0738	0.2264	
0.0986	0.0751	0.2137	0.2011	0.2982	0.1132	0.0001	
0.1373	0.1139	0.0602	0.0614	0.3174	0.1482	0.1617	
0.1036	0.2133	0.0249	0.0102	0.2908	0.2723	0.0848	
0.0573	0.4272	0.0578	0.2181	0.0879	0.0300	0.1217	
0.1052	0.1220	0.1606	0.0155	0.2115	0.1569	0.2283	
0.1463	0.1462	0.0899	0.1235	0.1866	0.0875	0.2201	
0.1212	0.0806	0.1372	0.0251	0.2991	0.2427	0.0940	
0.1984	0.1521	0.0288	0.2354	0.2992	0.0705	0.0156	
0.1485	0.2439	0.0704	0.1269	0.0045	0.2821	0.1236	
0.2024	0.1312	0.0526	0.0501	0.0646	0.2910	0.2082	
0.0910	0.4608	0.1080	0.0475	0.0465	0.0414	0.2047	
0.1121	0.1843	0.0704	0.0808	0.3334	0.0363	0.1826	
0.0461	0.1700	0.0904	0.1231	0.3067	0.1920	0.0718	
0.0128	0.0791	0.0852	0.0942	0.3240	0.1789	0.2258	
0.1511	0.1291	0.1594	0.1448	0.2308	0.0907	0.0942	
0.1558	0.1475	0.1372	0.0645	0.0259	0.1959	0.2732	
0.0010	0.3138	0.0270	0.0514	0.1426	0.2465	0.2178	
0.2340	0.2231	0.1206	0.0500	0.1021	0.1807	0.0894	
0.0862	0.1934	0.1040	0.0287	0.2304	0.2497	0.1077	
0.2478	0.1048	0.1337	0.1716	0.1791	0.0176	0.1454	
0.2403	0.3209	0.0397	0.2041	0.1041	0.0749	0.0161	
0.1215	0.0761	0.0718	0.0774	0.5755	0.0617	0.0160	
0.1789	0.2022	0.1500	0.3158	0.0795	0.0198	0.0539	
0.2969	0.0085	0.1205	0.0591	0.2781	0.2266	0.0103	
0.2105	0.1647	0.0934	0.1130	0.3354	0.0797	0.0034	
0.3793	0.1224	0.1958	0.0012	0.0745	0.1808	0.0462	
0.1466	0.1227	0.1479	0.1984	0.2562	0.0609	0.0673	
0.0075	0.0361	0.1023	0.0634	0.5422	0.2181	0.0304	
0.1034	0.2676	0.0815	0.2245	0.1987	0.0011	0.1233	
0.1384	0.1810	0.1462	0.0461	0.3179	0.0094	0.1610	
0.2144	0.2373	0.1366	0.0080	0.3561	0.0250	0.0227	
0.1230	0.1408	0.0977	0.0873	0.2767	0.1695	0.1051	
0.0994	0.0090	0.1163	0.0731	0.2521	0.3983	0.0518	
0.3295	0.0510	0.1279	0.0542	0.1878	0.2492	0.0004	
0.0629	0.3831	0.0805	0.3377	0.1031	0.0218	0.0110	
0.0517	0.2675	0.0679	0.2191	0.1078	0.2516	0.0342	
0.0287	0.3395	0.0313	0.0060	0.2020	0.2651	0.1275	
0.2819	0.0782	0.2130	0.0498	0.0471	0.2029	0.1272	
0.1763	0.1043	0.1962	0.1510	0.2889	0.0191	0.0642	
0.2478	0.0527	0.2595	0.1245	0.0510	0.1673	0.0972	
0.0837	0.0821	0.1963	0.0808	0.3739	0.0288	0.1544	
0.0325	0.0364	0.0273	0.1060	0.3591	0.2864	0.1523	
0.1868	0.1448	0.1306	0.0348	0.0533	0.3416	0.1081	
0.0765	0.0635	0.0278	0.0416	0.3155	0.3961	0.0790	
0.1508	0.0336	0.0819	0.0131	0.2367	0.3770	0.1070	
0.1749	0.1329	0.1238	0.0116	0.1137	0.2917	0.1514	
0.0326	0.3232	0.1965	0.2981	0.0984	0.0453	0.0058	
0.0794	0.0781	0.0349	0.2702	0.2107	0.1071	0.2197	
0.3228	0.3562	0.0093	0.0214	0.1097	0.0629	0.1177	
0.1750	0.2007	0.1484	0.0349	0.2491	0.0109	0.1810	
0.1734	0.1634	0.0336	0.0775	0.2913	0.2216	0.0392	
0.1938	0.1062	0.2108	0.1255	0.1025	0.1135	0.1476	
0.0141	0.1438	0.0713	0.0235	0.0468	0.2797	0.4208	
0.0573	0.2836	0.0270	0.0355	0.3238	0.1646	0.1083	
0.0410	0.0613	0.2197	0.1961	0.2700	0.0372	0.1745	
0.0623	0.4140	0.0501	0.2646	0.0503	0.0785	0.0802	
0.0794	0.0944	0.0876	0.0020	0.3028	0.2317	0.2021	
0.0551	0.1610	0.0102	0.1516	0.2081	0.2235	0.1905	
0.0548	0.0482	0.1787	0.0954	0.1789	0.2986	0.1453	
0.0301	0.4676	0.0073	0.2772	0.0217	0.0443	0.1517	
0.0952	0.0048	0.0705	0.1575	0.2693	0.1856	0.2172	
0.0647	0.2728	0.0378	0.2248	0.1275	0.0350	0.2375	
0.1568	0.2510	0.2368	0.0069	0.1225	0.1936	0.0324	
0.1652	0.0891	0.0592	0.0553	0.2536	0.3325	0.0451	
0.1247	0.1663	0.1119	0.1806	0.0508	0.0610	0.3046	
0.0878	0.1840	0.1452	0.1329	0.0706	0.1822	0.1973	
0.1217	0.1039	0.1697	0.1315	0.1811	0.1589	0.1332	
0.0757	0.0687	0.1438	0.2009	0.3055	0.0795	0.1260	
0.0602	0.2924	0.0329	0.2250	0.1920	0.0399	0.1576	
0.0469	0.3339	0.2570	0.0763	0.1471	0.0628	0.0761	
0.2686	0.0148	0.0430	0.0079	0.4320	0.1405	0.0932	
0.0331	0.1785	0.1821	0.0690	0.1211	0.1534	0.2629	
0.0737	0.5215	0.0485	0.0678	0.2469	0.0218	0.0198	
0.1385	0.1640	0.2212	0.1004	0.1152	0.1666	0.0943	
0.1848	0.0739	0.2108	0.0872	0.1883	0.1012	0.1538	
0.0470	0.1375	0.2188	0.0087	0.2391	0.2245	0.1245	
0.0742	0.1199	0.0999	0.0698	0.2515	0.1831	0.2015	
0.2085	0.1931	0.0403	0.2092	0.3108	0.0106	0.0275	
0.1122	0.0531	0.1344	0.0751	0.1209	0.3650	0.1393	
