DataSet 41
Learner: Baum Welch Learner
Log Likelihood: 68656.1908048007

Number of States: 80
Number of Symbols: 7
Threshold: 0.01

Initial Distribution:
0.0189	0.0005	0.0021	0.0661	0.0203	0.0094	0.0003	0.0251	0.0226	0.0096	0.0042	0.0016	0.0199	0.0593	0.0014	0.0194	0.0001	0.0186	0.0007	0.0087	0.0099	0.0050	0.0131	0.0037	0.0009	0.0429	0.0008	0.0001	0.0091	0.0060	0.0278	0.0038	0.0103	0.0034	0.0227	0.0555	0.0371	0.0125	0.0235	0.0201	0.0042	0.0034	0.0143	0.0004	0.0145	0.0170	0.0106	0.0031	0.0019	0.0018	0.0000	0.0074	0.0013	0.0364	0.0024	0.0017	0.0079	0.0045	0.0225	0.0199	0.0109	0.0002	0.0022	0.0365	0.0198	0.0052	0.0100	0.0023	0.0520	0.0056	0.0033	0.0046	0.0142	0.0012	0.0174	0.0014	0.0002	0.0071	0.0002	0.0137	

Transitions:
0.0006	0.0249	0.0250	0.0086	0.0068	0.0077	0.0207	0.0115	0.0030	0.0137	0.0104	0.0107	0.0204	0.0011	0.0121	0.0043	0.0014	0.0197	0.0101	0.0107	0.0199	0.0034	0.0056	0.0222	0.0212	0.0090	0.0225	0.0093	0.0032	0.0026	0.0112	0.0008	0.0116	0.0013	0.0185	0.0147	0.0031	0.0204	0.0088	0.0099	0.0183	0.0062	0.0053	0.0124	0.0232	0.0025	0.0179	0.0222	0.0163	0.0160	0.0040	0.0077	0.0026	0.0163	0.0187	0.0219	0.0179	0.0305	0.0151	0.0202	0.0126	0.0118	0.0107	0.0007	0.0018	0.0096	0.0250	0.0205	0.0065	0.0244	0.0004	0.0046	0.0117	0.0247	0.0183	0.0166	0.0245	0.0213	0.0000	0.0166	
0.0146	0.0247	0.0166	0.0083	0.0188	0.0037	0.0229	0.0179	0.0064	0.0182	0.0205	0.0048	0.0046	0.0073	0.0209	0.0042	0.0229	0.0040	0.0098	0.0119	0.0033	0.0181	0.0105	0.0165	0.0133	0.0187	0.0221	0.0031	0.0196	0.0035	0.0216	0.0196	0.0195	0.0004	0.0024	0.0099	0.0144	0.0197	0.0028	0.0210	0.0099	0.0031	0.0118	0.0094	0.0212	0.0186	0.0239	0.0008	0.0009	0.0141	0.0186	0.0176	0.0089	0.0090	0.0114	0.0190	0.0102	0.0211	0.0218	0.0211	0.0077	0.0220	0.0182	0.0030	0.0172	0.0176	0.0037	0.0047	0.0060	0.0113	0.0105	0.0216	0.0017	0.0104	0.0027	0.0003	0.0075	0.0038	0.0176	0.0170	
0.0202	0.0204	0.0023	0.0074	0.0078	0.0056	0.0168	0.0107	0.0132	0.0055	0.0007	0.0193	0.0000	0.0027	0.0114	0.0137	0.0075	0.0089	0.0119	0.0011	0.0133	0.0166	0.0151	0.0130	0.0024	0.0187	0.0171	0.0219	0.0080	0.0125	0.0132	0.0067	0.0042	0.0035	0.0199	0.0135	0.0145	0.0117	0.0244	0.0157	0.0073	0.0184	0.0163	0.0010	0.0108	0.0139	0.0230	0.0228	0.0211	0.0126	0.0182	0.0234	0.0171	0.0155	0.0036	0.0044	0.0008	0.0124	0.0068	0.0095	0.0126	0.0255	0.0034	0.0019	0.0142	0.0153	0.0108	0.0201	0.0040	0.0277	0.0231	0.0186	0.0135	0.0187	0.0178	0.0223	0.0027	0.0207	0.0046	0.0108	
0.0260	0.0157	0.0194	0.0161	0.0089	0.0140	0.0202	0.0092	0.0197	0.0241	0.0165	0.0064	0.0038	0.0071	0.0015	0.0093	0.0195	0.0134	0.0088	0.0197	0.0236	0.0012	0.0193	0.0000	0.0206	0.0140	0.0097	0.0277	0.0292	0.0060	0.0022	0.0064	0.0068	0.0252	0.0101	0.0153	0.0001	0.0062	0.0067	0.0026	0.0015	0.0040	0.0152	0.0130	0.0075	0.0125	0.0110	0.0050	0.0222	0.0094	0.0075	0.0184	0.0114	0.0097	0.0118	0.0316	0.0221	0.0255	0.0022	0.0145	0.0061	0.0159	0.0153	0.0110	0.0156	0.0066	0.0412	0.0108	0.0144	0.0030	0.0097	0.0057	0.0039	0.0053	0.0126	0.0229	0.0049	0.0066	0.0173	0.0026	
0.0100	0.0042	0.0208	0.0120	0.0190	0.0160	0.0262	0.0223	0.0079	0.0127	0.0245	0.0056	0.0048	0.0137	0.0305	0.0043	0.0172	0.0039	0.0222	0.0038	0.0169	0.0043	0.0068	0.0184	0.0228	0.0017	0.0121	0.0043	0.0212	0.0159	0.0181	0.0152	0.0050	0.0006	0.0059	0.0011	0.0216	0.0219	0.0196	0.0021	0.0060	0.0041	0.0012	0.0136	0.0047	0.0076	0.0011	0.0140	0.0060	0.0155	0.0068	0.0004	0.0189	0.0093	0.0142	0.0090	0.0214	0.0079	0.0206	0.0244	0.0054	0.0198	0.0212	0.0158	0.0180	0.0058	0.0232	0.0051	0.0087	0.0202	0.0061	0.0173	0.0090	0.0170	0.0227	0.0104	0.0030	0.0198	0.0103	0.0173	
0.0010	0.0221	0.0236	0.0077	0.0069	0.0207	0.0037	0.0193	0.0124	0.0002	0.0046	0.0169	0.0057	0.0180	0.0263	0.0101	0.0087	0.0090	0.0197	0.0266	0.0094	0.0231	0.0032	0.0123	0.0044	0.0121	0.0211	0.0242	0.0150	0.0024	0.0040	0.0004	0.0236	0.0017	0.0179	0.0080	0.0208	0.0124	0.0099	0.0239	0.0040	0.0041	0.0154	0.0114	0.0162	0.0188	0.0111	0.0119	0.0199	0.0166	0.0043	0.0233	0.0057	0.0083	0.0091	0.0055	0.0182	0.0128	0.0063	0.0201	0.0033	0.0086	0.0058	0.0093	0.0211	0.0034	0.0141	0.0056	0.0023	0.0131	0.0118	0.0206	0.0239	0.0187	0.0202	0.0054	0.0056	0.0202	0.0201	0.0111	
0.0047	0.0058	0.0296	0.0008	0.0193	0.0093	0.0242	0.0125	0.0183	0.0153	0.0168	0.0122	0.0065	0.0112	0.0196	0.0192	0.0315	0.0056	0.0139	0.0148	0.0042	0.0048	0.0072	0.0078	0.0007	0.0084	0.0232	0.0126	0.0139	0.0030	0.0241	0.0208	0.0179	0.0241	0.0108	0.0195	0.0070	0.0043	0.0151	0.0113	0.0081	0.0274	0.0107	0.0116	0.0223	0.0002	0.0116	0.0090	0.0211	0.0006	0.0066	0.0273	0.0064	0.0030	0.0063	0.0001	0.0219	0.0183	0.0004	0.0112	0.0139	0.0132	0.0003	0.0139	0.0138	0.0153	0.0133	0.0120	0.0021	0.0265	0.0126	0.0196	0.0170	0.0020	0.0063	0.0049	0.0191	0.0265	0.0119	0.0003	
0.0242	0.0108	0.0117	0.0104	0.0165	0.0002	0.0203	0.0159	0.0135	0.0135	0.0009	0.0209	0.0038	0.0002	0.0260	0.0192	0.0295	0.0198	0.0218	0.0042	0.0085	0.0264	0.0061	0.0289	0.0147	0.0103	0.0072	0.0034	0.0231	0.0013	0.0054	0.0002	0.0050	0.0001	0.0113	0.0032	0.0216	0.0109	0.0186	0.0156	0.0229	0.0012	0.0187	0.0174	0.0188	0.0183	0.0151	0.0186	0.0054	0.0132	0.0049	0.0263	0.0019	0.0058	0.0199	0.0004	0.0048	0.0130	0.0245	0.0088	0.0206	0.0145	0.0191	0.0113	0.0071	0.0005	0.0130	0.0045	0.0108	0.0161	0.0215	0.0139	0.0244	0.0037	0.0051	0.0071	0.0031	0.0156	0.0023	0.0207	
0.0210	0.0125	0.0213	0.0084	0.0151	0.0063	0.0259	0.0208	0.0069	0.0126	0.0246	0.0113	0.0108	0.0088	0.0244	0.0068	0.0087	0.0077	0.0079	0.0224	0.0064	0.0104	0.0048	0.0140	0.0136	0.0121	0.0278	0.0270	0.0015	0.0104	0.0201	0.0108	0.0095	0.0042	0.0084	0.0050	0.0151	0.0069	0.0157	0.0006	0.0018	0.0136	0.0173	0.0006	0.0156	0.0114	0.0002	0.0131	0.0062	0.0256	0.0239	0.0217	0.0112	0.0042	0.0137	0.0147	0.0072	0.0098	0.0209	0.0042	0.0067	0.0010	0.0212	0.0169	0.0133	0.0099	0.0257	0.0093	0.0014	0.0143	0.0135	0.0239	0.0148	0.0066	0.0177	0.0183	0.0148	0.0045	0.0199	0.0007	
0.0150	0.0115	0.0187	0.0027	0.0076	0.0024	0.0049	0.0045	0.0136	0.0222	0.0236	0.0083	0.0081	0.0088	0.0168	0.0006	0.0223	0.0226	0.0105	0.0088	0.0114	0.0151	0.0101	0.0156	0.0088	0.0004	0.0036	0.0024	0.0107	0.0214	0.0226	0.0025	0.0144	0.0265	0.0103	0.0165	0.0072	0.0155	0.0125	0.0109	0.0070	0.0209	0.0167	0.0045	0.0172	0.0044	0.0135	0.0037	0.0123	0.0199	0.0012	0.0180	0.0217	0.0087	0.0131	0.0004	0.0000	0.0006	0.0165	0.0086	0.0233	0.0025	0.0201	0.0152	0.0194	0.0186	0.0166	0.0121	0.0186	0.0233	0.0157	0.0226	0.0105	0.0221	0.0018	0.0202	0.0220	0.0072	0.0238	0.0031	
0.0095	0.0256	0.0155	0.0116	0.0154	0.0080	0.0097	0.0041	0.0087	0.0116	0.0197	0.0096	0.0204	0.0010	0.0120	0.0035	0.0288	0.0225	0.0068	0.0224	0.0105	0.0017	0.0036	0.0139	0.0037	0.0022	0.0031	0.0233	0.0084	0.0202	0.0026	0.0158	0.0021	0.0183	0.0193	0.0210	0.0103	0.0043	0.0006	0.0135	0.0122	0.0143	0.0028	0.0117	0.0030	0.0056	0.0003	0.0109	0.0095	0.0244	0.0202	0.0257	0.0287	0.0009	0.0168	0.0085	0.0196	0.0257	0.0112	0.0146	0.0053	0.0152	0.0196	0.0128	0.0080	0.0015	0.0056	0.0062	0.0022	0.0143	0.0155	0.0180	0.0212	0.0158	0.0096	0.0232	0.0228	0.0190	0.0116	0.0214	
0.0025	0.0205	0.0110	0.0088	0.0246	0.0046	0.0221	0.0016	0.0001	0.0144	0.0044	0.0202	0.0197	0.0081	0.0105	0.0243	0.0232	0.0141	0.0031	0.0015	0.0278	0.0204	0.0084	0.0246	0.0086	0.0028	0.0007	0.0082	0.0163	0.0234	0.0118	0.0038	0.0126	0.0168	0.0130	0.0151	0.0041	0.0121	0.0236	0.0067	0.0088	0.0059	0.0070	0.0162	0.0095	0.0014	0.0007	0.0168	0.0084	0.0173	0.0057	0.0127	0.0206	0.0096	0.0288	0.0101	0.0095	0.0132	0.0030	0.0245	0.0036	0.0158	0.0108	0.0065	0.0038	0.0004	0.0011	0.0038	0.0223	0.0251	0.0201	0.0082	0.0229	0.0219	0.0212	0.0207	0.0140	0.0248	0.0148	0.0079	
0.0018	0.0104	0.0197	0.0019	0.0096	0.0242	0.0146	0.0025	0.0135	0.0048	0.0053	0.0190	0.0071	0.0160	0.0029	0.0173	0.0228	0.0003	0.0097	0.0085	0.0239	0.0217	0.0165	0.0150	0.0189	0.0163	0.0188	0.0190	0.0158	0.0048	0.0180	0.0108	0.0200	0.0210	0.0146	0.0134	0.0113	0.0067	0.0150	0.0039	0.0104	0.0210	0.0095	0.0175	0.0107	0.0018	0.0221	0.0220	0.0165	0.0269	0.0220	0.0126	0.0133	0.0028	0.0070	0.0056	0.0159	0.0085	0.0079	0.0153	0.0078	0.0189	0.0103	0.0081	0.0078	0.0145	0.0165	0.0135	0.0031	0.0090	0.0057	0.0114	0.0075	0.0045	0.0196	0.0013	0.0102	0.0027	0.0247	0.0164	
0.0232	0.0163	0.0198	0.0139	0.0037	0.0087	0.0033	0.0168	0.0109	0.0156	0.0261	0.0049	0.0189	0.0007	0.0258	0.0123	0.0152	0.0013	0.0072	0.0240	0.0095	0.0109	0.0182	0.0101	0.0186	0.0071	0.0043	0.0070	0.0069	0.0052	0.0166	0.0111	0.0082	0.0181	0.0141	0.0106	0.0181	0.0140	0.0032	0.0202	0.0139	0.0215	0.0172	0.0184	0.0085	0.0017	0.0100	0.0072	0.0085	0.0095	0.0132	0.0104	0.0268	0.0016	0.0070	0.0185	0.0222	0.0161	0.0013	0.0170	0.0053	0.0171	0.0152	0.0051	0.0175	0.0099	0.0286	0.0091	0.0064	0.0052	0.0137	0.0177	0.0187	0.0068	0.0069	0.0141	0.0120	0.0025	0.0234	0.0140	
0.0195	0.0206	0.0207	0.0141	0.0110	0.0106	0.0191	0.0064	0.0073	0.0018	0.0140	0.0101	0.0132	0.0059	0.0208	0.0140	0.0076	0.0152	0.0218	0.0019	0.0062	0.0031	0.0195	0.0014	0.0167	0.0133	0.0139	0.0156	0.0177	0.0179	0.0032	0.0175	0.0141	0.0130	0.0145	0.0066	0.0004	0.0140	0.0171	0.0066	0.0161	0.0116	0.0202	0.0077	0.0136	0.0062	0.0023	0.0122	0.0094	0.0200	0.0074	0.0203	0.0078	0.0139	0.0085	0.0220	0.0211	0.0195	0.0047	0.0201	0.0234	0.0040	0.0118	0.0116	0.0194	0.0135	0.0125	0.0046	0.0105	0.0108	0.0133	0.0134	0.0216	0.0122	0.0092	0.0184	0.0034	0.0154	0.0090	0.0102	
0.0176	0.0245	0.0029	0.0014	0.0080	0.0090	0.0175	0.0202	0.0038	0.0248	0.0104	0.0051	0.0110	0.0165	0.0081	0.0116	0.0303	0.0090	0.0093	0.0257	0.0153	0.0221	0.0222	0.0002	0.0010	0.0153	0.0212	0.0191	0.0097	0.0148	0.0175	0.0073	0.0115	0.0225	0.0026	0.0005	0.0013	0.0110	0.0062	0.0133	0.0024	0.0202	0.0006	0.0153	0.0017	0.0102	0.0015	0.0045	0.0059	0.0263	0.0194	0.0227	0.0075	0.0082	0.0213	0.0199	0.0003	0.0026	0.0007	0.0149	0.0155	0.0253	0.0134	0.0128	0.0054	0.0018	0.0176	0.0187	0.0145	0.0077	0.0105	0.0122	0.0030	0.0197	0.0206	0.0237	0.0222	0.0089	0.0248	0.0148	
0.0150	0.0170	0.0142	0.0075	0.0179	0.0210	0.0018	0.0018	0.0242	0.0069	0.0002	0.0216	0.0106	0.0110	0.0195	0.0028	0.0067	0.0102	0.0096	0.0276	0.0152	0.0076	0.0102	0.0215	0.0143	0.0062	0.0172	0.0138	0.0122	0.0262	0.0240	0.0146	0.0037	0.0121	0.0200	0.0002	0.0103	0.0033	0.0260	0.0073	0.0003	0.0185	0.0195	0.0089	0.0090	0.0095	0.0007	0.0137	0.0214	0.0188	0.0176	0.0117	0.0257	0.0215	0.0230	0.0075	0.0031	0.0142	0.0194	0.0097	0.0064	0.0199	0.0153	0.0013	0.0073	0.0075	0.0142	0.0004	0.0149	0.0296	0.0180	0.0018	0.0151	0.0020	0.0230	0.0016	0.0139	0.0026	0.0166	0.0020	
0.0067	0.0027	0.0158	0.0140	0.0046	0.0117	0.0201	0.0048	0.0125	0.0137	0.0225	0.0020	0.0060	0.0071	0.0242	0.0093	0.0012	0.0172	0.0009	0.0257	0.0157	0.0003	0.0203	0.0236	0.0054	0.0120	0.0225	0.0241	0.0257	0.0217	0.0194	0.0010	0.0200	0.0221	0.0037	0.0041	0.0009	0.0204	0.0224	0.0206	0.0157	0.0154	0.0112	0.0033	0.0012	0.0109	0.0204	0.0063	0.0021	0.0160	0.0004	0.0247	0.0012	0.0143	0.0116	0.0066	0.0061	0.0178	0.0115	0.0147	0.0167	0.0229	0.0062	0.0151	0.0174	0.0196	0.0056	0.0122	0.0041	0.0202	0.0086	0.0036	0.0201	0.0037	0.0090	0.0016	0.0133	0.0197	0.0226	0.0181	
0.0168	0.0151	0.0200	0.0064	0.0156	0.0226	0.0000	0.0039	0.0079	0.0210	0.0234	0.0111	0.0089	0.0037	0.0057	0.0157	0.0109	0.0185	0.0100	0.0050	0.0057	0.0073	0.0013	0.0072	0.0061	0.0161	0.0007	0.0255	0.0064	0.0099	0.0172	0.0112	0.0166	0.0212	0.0154	0.0016	0.0023	0.0195	0.0249	0.0198	0.0223	0.0018	0.0031	0.0079	0.0189	0.0228	0.0192	0.0164	0.0201	0.0206	0.0178	0.0208	0.0110	0.0129	0.0131	0.0128	0.0124	0.0123	0.0032	0.0227	0.0212	0.0032	0.0205	0.0197	0.0033	0.0084	0.0118	0.0167	0.0086	0.0037	0.0136	0.0116	0.0204	0.0123	0.0081	0.0042	0.0043	0.0207	0.0109	0.0069	
0.0035	0.0100	0.0283	0.0103	0.0113	0.0239	0.0060	0.0024	0.0061	0.0081	0.0153	0.0167	0.0162	0.0171	0.0249	0.0178	0.0061	0.0042	0.0039	0.0130	0.0091	0.0023	0.0054	0.0229	0.0036	0.0046	0.0261	0.0257	0.0093	0.0090	0.0082	0.0168	0.0017	0.0279	0.0168	0.0105	0.0034	0.0076	0.0094	0.0043	0.0065	0.0142	0.0088	0.0034	0.0148	0.0211	0.0182	0.0246	0.0147	0.0188	0.0000	0.0004	0.0204	0.0197	0.0268	0.0014	0.0040	0.0043	0.0097	0.0091	0.0025	0.0110	0.0209	0.0186	0.0226	0.0188	0.0137	0.0247	0.0028	0.0115	0.0141	0.0220	0.0190	0.0240	0.0052	0.0254	0.0190	0.0027	0.0060	0.0049	
0.0132	0.0255	0.0054	0.0145	0.0076	0.0084	0.0039	0.0027	0.0233	0.0186	0.0090	0.0010	0.0223	0.0201	0.0024	0.0205	0.0213	0.0116	0.0045	0.0211	0.0097	0.0202	0.0194	0.0035	0.0020	0.0041	0.0055	0.0183	0.0193	0.0011	0.0089	0.0016	0.0226	0.0069	0.0181	0.0036	0.0049	0.0025	0.0184	0.0164	0.0182	0.0119	0.0250	0.0103	0.0026	0.0131	0.0259	0.0232	0.0202	0.0125	0.0047	0.0074	0.0282	0.0095	0.0231	0.0195	0.0038	0.0016	0.0169	0.0039	0.0036	0.0140	0.0091	0.0216	0.0098	0.0065	0.0022	0.0175	0.0037	0.0263	0.0148	0.0158	0.0212	0.0126	0.0036	0.0242	0.0209	0.0114	0.0008	0.0150	
0.0069	0.0090	0.0237	0.0061	0.0174	0.0021	0.0046	0.0129	0.0106	0.0010	0.0000	0.0049	0.0116	0.0091	0.0149	0.0044	0.0033	0.0025	0.0290	0.0242	0.0115	0.0068	0.0190	0.0280	0.0238	0.0117	0.0147	0.0127	0.0083	0.0269	0.0258	0.0190	0.0007	0.0017	0.0195	0.0196	0.0150	0.0016	0.0011	0.0085	0.0045	0.0171	0.0062	0.0034	0.0240	0.0113	0.0032	0.0107	0.0006	0.0336	0.0224	0.0243	0.0147	0.0046	0.0050	0.0009	0.0166	0.0260	0.0129	0.0076	0.0192	0.0221	0.0064	0.0118	0.0021	0.0059	0.0031	0.0128	0.0131	0.0189	0.0118	0.0006	0.0013	0.0174	0.0170	0.0245	0.0285	0.0183	0.0296	0.0116	
0.0115	0.0016	0.0101	0.0055	0.0016	0.0053	0.0099	0.0177	0.0201	0.0224	0.0056	0.0218	0.0126	0.0143	0.0171	0.0095	0.0116	0.0185	0.0010	0.0186	0.0077	0.0167	0.0191	0.0092	0.0130	0.0145	0.0192	0.0210	0.0149	0.0089	0.0008	0.0003	0.0218	0.0022	0.0160	0.0124	0.0076	0.0206	0.0121	0.0200	0.0263	0.0084	0.0126	0.0180	0.0112	0.0144	0.0110	0.0071	0.0226	0.0085	0.0111	0.0085	0.0170	0.0057	0.0027	0.0199	0.0069	0.0006	0.0180	0.0071	0.0147	0.0161	0.0068	0.0115	0.0192	0.0045	0.0215	0.0135	0.0196	0.0027	0.0228	0.0102	0.0064	0.0042	0.0177	0.0268	0.0032	0.0012	0.0234	0.0225	
0.0082	0.0114	0.0227	0.0052	0.0200	0.0201	0.0136	0.0145	0.0250	0.0251	0.0077	0.0100	0.0042	0.0031	0.0082	0.0071	0.0011	0.0260	0.0257	0.0079	0.0172	0.0235	0.0074	0.0218	0.0084	0.0014	0.0299	0.0122	0.0136	0.0031	0.0187	0.0056	0.0036	0.0261	0.0210	0.0036	0.0180	0.0009	0.0219	0.0015	0.0218	0.0094	0.0142	0.0004	0.0218	0.0159	0.0065	0.0039	0.0216	0.0149	0.0256	0.0041	0.0034	0.0142	0.0051	0.0119	0.0026	0.0267	0.0249	0.0203	0.0197	0.0025	0.0033	0.0201	0.0067	0.0015	0.0047	0.0071	0.0059	0.0052	0.0111	0.0265	0.0082	0.0215	0.0132	0.0099	0.0092	0.0089	0.0015	0.0180	
0.0167	0.0200	0.0134	0.0136	0.0020	0.0116	0.0033	0.0101	0.0140	0.0099	0.0011	0.0245	0.0016	0.0125	0.0067	0.0133	0.0070	0.0146	0.0173	0.0182	0.0089	0.0206	0.0176	0.0174	0.0030	0.0136	0.0231	0.0069	0.0020	0.0197	0.0027	0.0147	0.0166	0.0082	0.0166	0.0157	0.0090	0.0033	0.0180	0.0154	0.0236	0.0166	0.0110	0.0195	0.0026	0.0080	0.0205	0.0097	0.0120	0.0234	0.0034	0.0186	0.0176	0.0050	0.0063	0.0207	0.0207	0.0210	0.0164	0.0036	0.0157	0.0212	0.0101	0.0144	0.0056	0.0044	0.0033	0.0197	0.0144	0.0084	0.0022	0.0008	0.0183	0.0210	0.0160	0.0188	0.0091	0.0022	0.0140	0.0156	
0.0012	0.0096	0.0136	0.0045	0.0117	0.0122	0.0072	0.0125	0.0008	0.0024	0.0260	0.0218	0.0074	0.0113	0.0015	0.0010	0.0062	0.0164	0.0141	0.0229	0.0060	0.0030	0.0126	0.0063	0.0205	0.0022	0.0216	0.0169	0.0127	0.0119	0.0106	0.0180	0.0060	0.0030	0.0029	0.0057	0.0053	0.0050	0.0040	0.0186	0.0226	0.0152	0.0147	0.0260	0.0076	0.0090	0.0162	0.0097	0.0227	0.0236	0.0134	0.0192	0.0188	0.0133	0.0125	0.0321	0.0210	0.0109	0.0108	0.0136	0.0195	0.0143	0.0012	0.0100	0.0148	0.0025	0.0146	0.0064	0.0084	0.0154	0.0183	0.0249	0.0114	0.0168	0.0209	0.0149	0.0099	0.0146	0.0215	0.0097	
0.0084	0.0090	0.0165	0.0126	0.0211	0.0192	0.0074	0.0144	0.0146	0.0041	0.0091	0.0219	0.0175	0.0115	0.0025	0.0061	0.0172	0.0053	0.0054	0.0075	0.0212	0.0106	0.0201	0.0040	0.0230	0.0114	0.0062	0.0236	0.0166	0.0235	0.0138	0.0043	0.0133	0.0019	0.0028	0.0084	0.0011	0.0080	0.0163	0.0194	0.0199	0.0194	0.0140	0.0059	0.0084	0.0002	0.0057	0.0211	0.0121	0.0180	0.0243	0.0030	0.0141	0.0100	0.0122	0.0223	0.0095	0.0113	0.0190	0.0098	0.0128	0.0112	0.0197	0.0161	0.0126	0.0039	0.0028	0.0168	0.0110	0.0196	0.0053	0.0062	0.0157	0.0088	0.0118	0.0018	0.0204	0.0194	0.0198	0.0229	
0.0088	0.0116	0.0117	0.0010	0.0173	0.0124	0.0257	0.0033	0.0156	0.0054	0.0306	0.0174	0.0149	0.0030	0.0070	0.0102	0.0430	0.0235	0.0199	0.0057	0.0224	0.0148	0.0088	0.0277	0.0148	0.0134	0.0163	0.0029	0.0305	0.0128	0.0024	0.0153	0.0173	0.0288	0.0015	0.0044	0.0017	0.0213	0.0271	0.0039	0.0154	0.0005	0.0023	0.0098	0.0216	0.0151	0.0180	0.0146	0.0047	0.0035	0.0040	0.0002	0.0029	0.0140	0.0035	0.0240	0.0004	0.0164	0.0144	0.0034	0.0273	0.0208	0.0048	0.0040	0.0021	0.0077	0.0235	0.0270	0.0020	0.0012	0.0106	0.0031	0.0003	0.0140	0.0176	0.0284	0.0135	0.0012	0.0037	0.0224	
0.0028	0.0251	0.0270	0.0162	0.0049	0.0019	0.0177	0.0007	0.0150	0.0065	0.0049	0.0150	0.0050	0.0127	0.0035	0.0202	0.0293	0.0224	0.0056	0.0123	0.0165	0.0191	0.0093	0.0033	0.0202	0.0006	0.0271	0.0173	0.0258	0.0072	0.0093	0.0218	0.0087	0.0244	0.0004	0.0003	0.0136	0.0060	0.0265	0.0002	0.0199	0.0252	0.0041	0.0193	0.0215	0.0149	0.0219	0.0076	0.0079	0.0240	0.0233	0.0166	0.0239	0.0134	0.0035	0.0074	0.0144	0.0224	0.0020	0.0055	0.0023	0.0010	0.0026	0.0080	0.0197	0.0046	0.0057	0.0114	0.0133	0.0036	0.0021	0.0144	0.0213	0.0051	0.0171	0.0220	0.0151	0.0160	0.0074	0.0023	
0.0039	0.0173	0.0065	0.0010	0.0054	0.0194	0.0047	0.0153	0.0147	0.0166	0.0109	0.0259	0.0041	0.0121	0.0225	0.0140	0.0252	0.0184	0.0242	0.0155	0.0101	0.0092	0.0131	0.0052	0.0190	0.0075	0.0162	0.0165	0.0210	0.0080	0.0161	0.0008	0.0112	0.0284	0.0012	0.0080	0.0158	0.0010	0.0027	0.0010	0.0009	0.0144	0.0179	0.0254	0.0161	0.0027	0.0095	0.0071	0.0066	0.0042	0.0004	0.0233	0.0180	0.0126	0.0177	0.0189	0.0017	0.0012	0.0064	0.0201	0.0063	0.0150	0.0191	0.0067	0.0207	0.0081	0.0098	0.0051	0.0118	0.0127	0.0206	0.0191	0.0145	0.0214	0.0133	0.0225	0.0146	0.0164	0.0126	0.0154	
0.0006	0.0077	0.0088	0.0160	0.0062	0.0239	0.0152	0.0207	0.0084	0.0091	0.0099	0.0213	0.0187	0.0048	0.0228	0.0121	0.0275	0.0135	0.0005	0.0101	0.0181	0.0056	0.0187	0.0248	0.0094	0.0056	0.0049	0.0218	0.0013	0.0232	0.0047	0.0113	0.0155	0.0208	0.0215	0.0231	0.0068	0.0024	0.0007	0.0028	0.0285	0.0189	0.0218	0.0095	0.0050	0.0023	0.0272	0.0131	0.0045	0.0049	0.0032	0.0041	0.0203	0.0038	0.0003	0.0250	0.0170	0.0162	0.0103	0.0008	0.0217	0.0228	0.0239	0.0119	0.0033	0.0244	0.0055	0.0046	0.0080	0.0208	0.0042	0.0189	0.0116	0.0253	0.0102	0.0013	0.0097	0.0102	0.0182	0.0062	
0.0070	0.0190	0.0128	0.0189	0.0178	0.0013	0.0214	0.0111	0.0156	0.0007	0.0095	0.0244	0.0172	0.0214	0.0095	0.0022	0.0222	0.0089	0.0051	0.0072	0.0241	0.0187	0.0023	0.0089	0.0000	0.0120	0.0203	0.0163	0.0174	0.0265	0.0131	0.0071	0.0223	0.0053	0.0154	0.0005	0.0086	0.0234	0.0275	0.0019	0.0007	0.0187	0.0151	0.0080	0.0097	0.0098	0.0286	0.0117	0.0105	0.0094	0.0060	0.0264	0.0041	0.0065	0.0085	0.0107	0.0152	0.0024	0.0273	0.0062	0.0095	0.0049	0.0142	0.0171	0.0123	0.0023	0.0157	0.0123	0.0067	0.0108	0.0166	0.0224	0.0118	0.0030	0.0074	0.0033	0.0062	0.0222	0.0244	0.0169	
0.0123	0.0069	0.0057	0.0109	0.0197	0.0145	0.0040	0.0166	0.0257	0.0069	0.0117	0.0072	0.0012	0.0150	0.0182	0.0255	0.0042	0.0265	0.0231	0.0087	0.0128	0.0132	0.0049	0.0038	0.0175	0.0097	0.0153	0.0001	0.0000	0.0059	0.0065	0.0227	0.0037	0.0075	0.0188	0.0045	0.0238	0.0064	0.0321	0.0003	0.0322	0.0080	0.0175	0.0005	0.0286	0.0136	0.0251	0.0260	0.0117	0.0121	0.0002	0.0107	0.0302	0.0186	0.0047	0.0000	0.0010	0.0009	0.0241	0.0094	0.0005	0.0044	0.0170	0.0192	0.0008	0.0157	0.0026	0.0218	0.0246	0.0178	0.0260	0.0249	0.0004	0.0212	0.0085	0.0062	0.0247	0.0057	0.0054	0.0034	
0.0114	0.0165	0.0179	0.0115	0.0041	0.0186	0.0222	0.0093	0.0019	0.0159	0.0027	0.0202	0.0092	0.0107	0.0185	0.0205	0.0187	0.0204	0.0226	0.0095	0.0077	0.0006	0.0208	0.0185	0.0130	0.0023	0.0081	0.0047	0.0091	0.0262	0.0026	0.0191	0.0193	0.0184	0.0168	0.0091	0.0106	0.0009	0.0168	0.0039	0.0195	0.0176	0.0186	0.0031	0.0120	0.0193	0.0124	0.0109	0.0184	0.0098	0.0135	0.0003	0.0044	0.0188	0.0178	0.0092	0.0153	0.0184	0.0009	0.0012	0.0113	0.0213	0.0017	0.0029	0.0124	0.0055	0.0020	0.0153	0.0172	0.0177	0.0083	0.0143	0.0081	0.0180	0.0148	0.0181	0.0068	0.0265	0.0114	0.0141	
0.0139	0.0206	0.0083	0.0169	0.0057	0.0024	0.0196	0.0004	0.0199	0.0076	0.0207	0.0258	0.0198	0.0084	0.0186	0.0006	0.0192	0.0144	0.0141	0.0044	0.0199	0.0209	0.0164	0.0061	0.0040	0.0153	0.0197	0.0111	0.0048	0.0009	0.0047	0.0160	0.0040	0.0123	0.0088	0.0129	0.0062	0.0027	0.0169	0.0114	0.0149	0.0025	0.0140	0.0141	0.0154	0.0093	0.0141	0.0218	0.0046	0.0191	0.0031	0.0217	0.0105	0.0058	0.0218	0.0250	0.0044	0.0041	0.0174	0.0097	0.0118	0.0071	0.0203	0.0159	0.0014	0.0225	0.0201	0.0156	0.0007	0.0197	0.0147	0.0109	0.0184	0.0239	0.0127	0.0179	0.0020	0.0045	0.0107	0.0190	
0.0102	0.0185	0.0040	0.0108	0.0148	0.0121	0.0142	0.0188	0.0129	0.0186	0.0133	0.0044	0.0073	0.0069	0.0029	0.0054	0.0084	0.0201	0.0116	0.0229	0.0175	0.0005	0.0216	0.0076	0.0254	0.0118	0.0241	0.0095	0.0213	0.0029	0.0168	0.0214	0.0192	0.0010	0.0008	0.0121	0.0037	0.0062	0.0004	0.0128	0.0130	0.0229	0.0205	0.0119	0.0111	0.0117	0.0023	0.0128	0.0240	0.0109	0.0111	0.0082	0.0240	0.0118	0.0021	0.0112	0.0236	0.0260	0.0132	0.0052	0.0177	0.0038	0.0045	0.0089	0.0229	0.0127	0.0136	0.0089	0.0056	0.0094	0.0017	0.0260	0.0177	0.0226	0.0071	0.0238	0.0008	0.0099	0.0208	0.0095	
0.0138	0.0086	0.0088	0.0071	0.0114	0.0125	0.0063	0.0044	0.0209	0.0192	0.0185	0.0069	0.0138	0.0162	0.0298	0.0070	0.0204	0.0125	0.0146	0.0007	0.0031	0.0218	0.0050	0.0130	0.0084	0.0084	0.0137	0.0289	0.0066	0.0055	0.0072	0.0108	0.0040	0.0070	0.0146	0.0051	0.0166	0.0173	0.0160	0.0090	0.0059	0.0054	0.0068	0.0193	0.0151	0.0196	0.0075	0.0252	0.0235	0.0005	0.0045	0.0141	0.0286	0.0147	0.0066	0.0271	0.0040	0.0261	0.0013	0.0048	0.0266	0.0065	0.0249	0.0133	0.0088	0.0041	0.0021	0.0105	0.0034	0.0142	0.0128	0.0217	0.0176	0.0030	0.0171	0.0232	0.0124	0.0125	0.0180	0.0118	
0.0031	0.0118	0.0221	0.0039	0.0008	0.0207	0.0163	0.0113	0.0000	0.0195	0.0021	0.0239	0.0163	0.0107	0.0115	0.0205	0.0074	0.0145	0.0068	0.0147	0.0185	0.0225	0.0179	0.0057	0.0116	0.0060	0.0230	0.0208	0.0223	0.0087	0.0082	0.0124	0.0061	0.0149	0.0011	0.0106	0.0065	0.0159	0.0169	0.0122	0.0124	0.0131	0.0079	0.0094	0.0117	0.0176	0.0026	0.0036	0.0147	0.0244	0.0154	0.0208	0.0098	0.0009	0.0182	0.0057	0.0156	0.0180	0.0186	0.0178	0.0009	0.0203	0.0118	0.0129	0.0102	0.0103	0.0114	0.0044	0.0109	0.0209	0.0133	0.0126	0.0213	0.0160	0.0023	0.0041	0.0140	0.0110	0.0154	0.0183	
0.0049	0.0159	0.0021	0.0019	0.0156	0.0127	0.0073	0.0056	0.0206	0.0202	0.0200	0.0129	0.0000	0.0196	0.0114	0.0154	0.0014	0.0176	0.0215	0.0028	0.0050	0.0222	0.0140	0.0193	0.0054	0.0027	0.0229	0.0155	0.0240	0.0138	0.0156	0.0048	0.0038	0.0262	0.0115	0.0088	0.0167	0.0104	0.0253	0.0218	0.0054	0.0067	0.0073	0.0159	0.0024	0.0016	0.0131	0.0236	0.0054	0.0114	0.0029	0.0212	0.0153	0.0113	0.0141	0.0063	0.0005	0.0075	0.0203	0.0134	0.0157	0.0185	0.0075	0.0073	0.0046	0.0142	0.0082	0.0004	0.0099	0.0026	0.0230	0.0155	0.0187	0.0225	0.0205	0.0245	0.0150	0.0256	0.0174	0.0036	
0.0136	0.0224	0.0085	0.0096	0.0080	0.0204	0.0168	0.0149	0.0101	0.0059	0.0096	0.0134	0.0125	0.0072	0.0066	0.0114	0.0283	0.0233	0.0126	0.0125	0.0165	0.0126	0.0119	0.0034	0.0152	0.0096	0.0012	0.0178	0.0157	0.0148	0.0149	0.0020	0.0127	0.0191	0.0210	0.0155	0.0073	0.0180	0.0214	0.0089	0.0241	0.0178	0.0120	0.0058	0.0154	0.0085	0.0010	0.0104	0.0174	0.0108	0.0245	0.0171	0.0132	0.0045	0.0117	0.0032	0.0098	0.0058	0.0212	0.0215	0.0190	0.0004	0.0012	0.0170	0.0135	0.0067	0.0231	0.0218	0.0086	0.0117	0.0038	0.0035	0.0020	0.0023	0.0112	0.0243	0.0241	0.0073	0.0106	0.0053	
0.0111	0.0174	0.0287	0.0044	0.0145	0.0217	0.0172	0.0082	0.0068	0.0191	0.0080	0.0030	0.0219	0.0200	0.0120	0.0238	0.0206	0.0169	0.0147	0.0107	0.0101	0.0042	0.0001	0.0053	0.0055	0.0197	0.0146	0.0091	0.0167	0.0134	0.0047	0.0026	0.0206	0.0193	0.0097	0.0033	0.0030	0.0208	0.0088	0.0154	0.0177	0.0152	0.0159	0.0121	0.0051	0.0006	0.0061	0.0025	0.0110	0.0126	0.0070	0.0061	0.0178	0.0232	0.0195	0.0050	0.0157	0.0170	0.0233	0.0158	0.0093	0.0099	0.0155	0.0190	0.0136	0.0047	0.0057	0.0052	0.0120	0.0143	0.0242	0.0217	0.0096	0.0007	0.0195	0.0242	0.0139	0.0138	0.0014	0.0048	
0.0132	0.0121	0.0256	0.0034	0.0041	0.0207	0.0118	0.0165	0.0213	0.0041	0.0126	0.0114	0.0182	0.0097	0.0035	0.0070	0.0285	0.0184	0.0217	0.0242	0.0150	0.0006	0.0115	0.0002	0.0174	0.0079	0.0206	0.0190	0.0041	0.0226	0.0153	0.0039	0.0131	0.0215	0.0020	0.0196	0.0082	0.0101	0.0155	0.0163	0.0210	0.0132	0.0066	0.0080	0.0240	0.0070	0.0234	0.0209	0.0195	0.0119	0.0004	0.0220	0.0146	0.0019	0.0120	0.0121	0.0211	0.0231	0.0102	0.0155	0.0034	0.0221	0.0153	0.0012	0.0101	0.0071	0.0177	0.0018	0.0087	0.0055	0.0230	0.0102	0.0056	0.0048	0.0041	0.0056	0.0171	0.0060	0.0014	0.0083	
0.0094	0.0228	0.0193	0.0135	0.0183	0.0204	0.0167	0.0115	0.0063	0.0113	0.0014	0.0158	0.0221	0.0153	0.0129	0.0228	0.0225	0.0053	0.0201	0.0149	0.0098	0.0210	0.0094	0.0152	0.0148	0.0125	0.0145	0.0078	0.0214	0.0073	0.0203	0.0156	0.0174	0.0028	0.0069	0.0054	0.0003	0.0222	0.0059	0.0157	0.0165	0.0097	0.0187	0.0225	0.0033	0.0060	0.0115	0.0118	0.0142	0.0052	0.0092	0.0127	0.0102	0.0091	0.0236	0.0119	0.0116	0.0029	0.0012	0.0060	0.0073	0.0095	0.0129	0.0219	0.0140	0.0077	0.0160	0.0205	0.0099	0.0078	0.0224	0.0204	0.0002	0.0037	0.0224	0.0001	0.0027	0.0124	0.0123	0.0091	
0.0029	0.0015	0.0173	0.0123	0.0170	0.0097	0.0097	0.0091	0.0037	0.0209	0.0202	0.0295	0.0213	0.0168	0.0108	0.0069	0.0300	0.0211	0.0090	0.0217	0.0119	0.0157	0.0009	0.0102	0.0066	0.0098	0.0177	0.0066	0.0123	0.0276	0.0099	0.0004	0.0132	0.0202	0.0024	0.0058	0.0143	0.0204	0.0027	0.0073	0.0012	0.0112	0.0159	0.0196	0.0123	0.0019	0.0262	0.0013	0.0190	0.0228	0.0047	0.0088	0.0064	0.0143	0.0270	0.0166	0.0003	0.0079	0.0128	0.0095	0.0222	0.0035	0.0224	0.0041	0.0094	0.0160	0.0062	0.0074	0.0179	0.0024	0.0143	0.0263	0.0185	0.0003	0.0179	0.0004	0.0250	0.0114	0.0231	0.0043	
0.0118	0.0108	0.0093	0.0145	0.0143	0.0023	0.0212	0.0177	0.0159	0.0130	0.0056	0.0100	0.0083	0.0130	0.0102	0.0203	0.0147	0.0112	0.0053	0.0202	0.0169	0.0147	0.0042	0.0160	0.0025	0.0039	0.0143	0.0042	0.0237	0.0228	0.0147	0.0121	0.0098	0.0078	0.0145	0.0078	0.0132	0.0026	0.0106	0.0065	0.0218	0.0095	0.0107	0.0060	0.0180	0.0030	0.0124	0.0229	0.0118	0.0195	0.0108	0.0096	0.0047	0.0190	0.0081	0.0202	0.0058	0.0163	0.0144	0.0116	0.0117	0.0170	0.0193	0.0158	0.0184	0.0135	0.0193	0.0020	0.0194	0.0019	0.0040	0.0088	0.0018	0.0195	0.0201	0.0091	0.0036	0.0233	0.0208	0.0219	
0.0170	0.0142	0.0147	0.0034	0.0077	0.0068	0.0119	0.0123	0.0217	0.0213	0.0032	0.0026	0.0100	0.0169	0.0218	0.0041	0.0161	0.0164	0.0094	0.0050	0.0049	0.0114	0.0002	0.0142	0.0164	0.0017	0.0088	0.0074	0.0003	0.0233	0.0176	0.0071	0.0179	0.0203	0.0192	0.0190	0.0022	0.0159	0.0096	0.0153	0.0053	0.0107	0.0030	0.0051	0.0207	0.0021	0.0232	0.0056	0.0034	0.0230	0.0221	0.0138	0.0187	0.0143	0.0214	0.0069	0.0139	0.0030	0.0127	0.0080	0.0250	0.0041	0.0129	0.0198	0.0006	0.0185	0.0089	0.0211	0.0192	0.0187	0.0022	0.0214	0.0059	0.0175	0.0224	0.0206	0.0083	0.0200	0.0140	0.0132	
0.0033	0.0021	0.0030	0.0049	0.0019	0.0078	0.0201	0.0017	0.0230	0.0155	0.0094	0.0284	0.0040	0.0017	0.0177	0.0008	0.0264	0.0041	0.0040	0.0046	0.0198	0.0051	0.0057	0.0080	0.0167	0.0020	0.0066	0.0226	0.0181	0.0000	0.0235	0.0185	0.0143	0.0001	0.0042	0.0215	0.0015	0.0068	0.0266	0.0184	0.0005	0.0065	0.0205	0.0088	0.0110	0.0028	0.0182	0.0047	0.0007	0.0279	0.0220	0.0039	0.0202	0.0075	0.0223	0.0238	0.0216	0.0200	0.0157	0.0272	0.0021	0.0251	0.0084	0.0228	0.0176	0.0138	0.0076	0.0042	0.0216	0.0214	0.0235	0.0168	0.0065	0.0099	0.0040	0.0128	0.0098	0.0249	0.0223	0.0150	
0.0094	0.0010	0.0210	0.0131	0.0026	0.0185	0.0017	0.0061	0.0049	0.0057	0.0011	0.0074	0.0155	0.0160	0.0159	0.0027	0.0275	0.0206	0.0152	0.0197	0.0175	0.0108	0.0060	0.0061	0.0234	0.0044	0.0260	0.0067	0.0041	0.0073	0.0124	0.0204	0.0202	0.0266	0.0106	0.0008	0.0013	0.0132	0.0216	0.0221	0.0145	0.0024	0.0210	0.0162	0.0161	0.0163	0.0234	0.0085	0.0164	0.0011	0.0139	0.0137	0.0085	0.0006	0.0217	0.0236	0.0177	0.0141	0.0189	0.0214	0.0206	0.0213	0.0021	0.0191	0.0149	0.0018	0.0062	0.0183	0.0073	0.0151	0.0012	0.0076	0.0017	0.0146	0.0058	0.0158	0.0127	0.0167	0.0127	0.0067	
0.0075	0.0157	0.0137	0.0025	0.0130	0.0006	0.0218	0.0217	0.0038	0.0162	0.0081	0.0152	0.0191	0.0163	0.0022	0.0190	0.0003	0.0004	0.0272	0.0189	0.0102	0.0051	0.0241	0.0054	0.0286	0.0051	0.0150	0.0210	0.0221	0.0059	0.0113	0.0028	0.0020	0.0163	0.0122	0.0074	0.0071	0.0223	0.0068	0.0173	0.0129	0.0119	0.0135	0.0233	0.0077	0.0147	0.0130	0.0051	0.0144	0.0170	0.0169	0.0174	0.0272	0.0175	0.0270	0.0036	0.0148	0.0084	0.0038	0.0110	0.0163	0.0021	0.0036	0.0197	0.0031	0.0037	0.0096	0.0104	0.0064	0.0201	0.0101	0.0013	0.0191	0.0065	0.0059	0.0288	0.0177	0.0058	0.0259	0.0115	
0.0174	0.0073	0.0004	0.0054	0.0145	0.0240	0.0113	0.0059	0.0149	0.0107	0.0188	0.0020	0.0205	0.0163	0.0025	0.0086	0.0081	0.0158	0.0172	0.0044	0.0042	0.0029	0.0206	0.0201	0.0028	0.0135	0.0217	0.0123	0.0155	0.0271	0.0134	0.0092	0.0099	0.0196	0.0137	0.0081	0.0013	0.0224	0.0126	0.0054	0.0203	0.0042	0.0206	0.0209	0.0257	0.0081	0.0068	0.0266	0.0035	0.0252	0.0183	0.0002	0.0155	0.0159	0.0069	0.0160	0.0102	0.0043	0.0044	0.0262	0.0048	0.0305	0.0149	0.0164	0.0222	0.0087	0.0118	0.0022	0.0047	0.0239	0.0074	0.0105	0.0061	0.0104	0.0108	0.0001	0.0085	0.0006	0.0228	0.0207	
0.0071	0.0193	0.0074	0.0124	0.0045	0.0128	0.0223	0.0177	0.0110	0.0211	0.0228	0.0275	0.0162	0.0070	0.0003	0.0175	0.0167	0.0028	0.0231	0.0142	0.0166	0.0033	0.0175	0.0092	0.0154	0.0060	0.0246	0.0021	0.0063	0.0067	0.0082	0.0081	0.0059	0.0099	0.0124	0.0102	0.0135	0.0208	0.0122	0.0111	0.0145	0.0214	0.0137	0.0071	0.0179	0.0094	0.0182	0.0213	0.0091	0.0197	0.0115	0.0060	0.0042	0.0058	0.0029	0.0054	0.0221	0.0224	0.0021	0.0230	0.0171	0.0210	0.0102	0.0049	0.0122	0.0111	0.0116	0.0090	0.0163	0.0145	0.0020	0.0157	0.0164	0.0094	0.0005	0.0190	0.0132	0.0146	0.0135	0.0061	
0.0141	0.0254	0.0210	0.0121	0.0168	0.0025	0.0067	0.0191	0.0063	0.0102	0.0130	0.0153	0.0189	0.0098	0.0143	0.0190	0.0143	0.0087	0.0163	0.0078	0.0161	0.0072	0.0015	0.0202	0.0147	0.0163	0.0129	0.0210	0.0071	0.0095	0.0170	0.0080	0.0098	0.0235	0.0062	0.0164	0.0024	0.0200	0.0132	0.0108	0.0089	0.0183	0.0022	0.0069	0.0005	0.0069	0.0186	0.0044	0.0168	0.0050	0.0075	0.0043	0.0214	0.0054	0.0114	0.0056	0.0218	0.0221	0.0006	0.0186	0.0127	0.0161	0.0178	0.0196	0.0151	0.0037	0.0071	0.0002	0.0046	0.0282	0.0198	0.0142	0.0206	0.0056	0.0220	0.0039	0.0055	0.0230	0.0219	0.0055	
0.0015	0.0106	0.0007	0.0011	0.0008	0.0138	0.0155	0.0042	0.0095	0.0246	0.0234	0.0108	0.0215	0.0103	0.0225	0.0191	0.0313	0.0046	0.0165	0.0249	0.0244	0.0199	0.0228	0.0181	0.0158	0.0160	0.0070	0.0200	0.0069	0.0099	0.0017	0.0035	0.0208	0.0229	0.0207	0.0053	0.0115	0.0173	0.0279	0.0061	0.0176	0.0052	0.0171	0.0065	0.0031	0.0069	0.0218	0.0119	0.0094	0.0060	0.0066	0.0017	0.0046	0.0004	0.0075	0.0075	0.0109	0.0099	0.0132	0.0077	0.0072	0.0289	0.0242	0.0007	0.0211	0.0178	0.0108	0.0012	0.0153	0.0205	0.0074	0.0074	0.0081	0.0091	0.0059	0.0231	0.0033	0.0234	0.0164	0.0072	
0.0242	0.0195	0.0060	0.0009	0.0015	0.0000	0.0002	0.0189	0.0115	0.0179	0.0238	0.0056	0.0033	0.0113	0.0295	0.0169	0.0093	0.0155	0.0090	0.0109	0.0195	0.0199	0.0203	0.0224	0.0291	0.0162	0.0227	0.0271	0.0236	0.0122	0.0039	0.0139	0.0173	0.0067	0.0075	0.0100	0.0135	0.0182	0.0204	0.0207	0.0196	0.0184	0.0103	0.0015	0.0168	0.0010	0.0023	0.0191	0.0113	0.0155	0.0133	0.0163	0.0142	0.0040	0.0136	0.0089	0.0001	0.0157	0.0016	0.0027	0.0067	0.0049	0.0018	0.0009	0.0102	0.0039	0.0155	0.0269	0.0045	0.0090	0.0017	0.0103	0.0157	0.0105	0.0148	0.0027	0.0055	0.0174	0.0255	0.0241	
0.0172	0.0010	0.0096	0.0060	0.0248	0.0164	0.0067	0.0135	0.0173	0.0014	0.0108	0.0030	0.0194	0.0167	0.0152	0.0125	0.0158	0.0117	0.0153	0.0173	0.0141	0.0037	0.0111	0.0202	0.0101	0.0029	0.0224	0.0003	0.0131	0.0119	0.0021	0.0063	0.0142	0.0035	0.0052	0.0051	0.0179	0.0193	0.0035	0.0185	0.0227	0.0206	0.0063	0.0038	0.0241	0.0228	0.0175	0.0220	0.0152	0.0041	0.0121	0.0163	0.0029	0.0047	0.0083	0.0146	0.0138	0.0090	0.0239	0.0212	0.0195	0.0080	0.0005	0.0072	0.0221	0.0049	0.0076	0.0143	0.0153	0.0146	0.0151	0.0198	0.0097	0.0186	0.0199	0.0170	0.0205	0.0092	0.0013	0.0122	
0.0109	0.0250	0.0077	0.0062	0.0158	0.0099	0.0041	0.0103	0.0179	0.0135	0.0170	0.0160	0.0197	0.0048	0.0272	0.0141	0.0308	0.0243	0.0053	0.0195	0.0126	0.0256	0.0069	0.0064	0.0148	0.0113	0.0115	0.0072	0.0109	0.0168	0.0191	0.0053	0.0065	0.0115	0.0062	0.0184	0.0181	0.0141	0.0100	0.0143	0.0026	0.0006	0.0179	0.0018	0.0178	0.0027	0.0245	0.0022	0.0222	0.0067	0.0217	0.0286	0.0044	0.0065	0.0292	0.0164	0.0166	0.0021	0.0211	0.0064	0.0006	0.0236	0.0012	0.0038	0.0167	0.0085	0.0048	0.0150	0.0193	0.0007	0.0147	0.0057	0.0143	0.0134	0.0138	0.0126	0.0037	0.0060	0.0107	0.0114	
0.0170	0.0067	0.0065	0.0036	0.0150	0.0203	0.0034	0.0216	0.0088	0.0186	0.0051	0.0238	0.0180	0.0022	0.0150	0.0043	0.0300	0.0154	0.0087	0.0114	0.0217	0.0084	0.0025	0.0240	0.0138	0.0121	0.0108	0.0154	0.0188	0.0139	0.0098	0.0100	0.0155	0.0111	0.0095	0.0165	0.0132	0.0191	0.0121	0.0208	0.0072	0.0064	0.0037	0.0051	0.0188	0.0176	0.0102	0.0117	0.0217	0.0120	0.0118	0.0137	0.0265	0.0190	0.0141	0.0106	0.0037	0.0077	0.0156	0.0030	0.0112	0.0151	0.0051	0.0179	0.0080	0.0162	0.0040	0.0105	0.0137	0.0212	0.0123	0.0029	0.0044	0.0104	0.0040	0.0165	0.0046	0.0245	0.0034	0.0196	
0.0060	0.0255	0.0191	0.0057	0.0008	0.0218	0.0182	0.0158	0.0208	0.0010	0.0171	0.0094	0.0048	0.0057	0.0107	0.0173	0.0015	0.0080	0.0230	0.0019	0.0139	0.0248	0.0194	0.0039	0.0257	0.0064	0.0094	0.0144	0.0221	0.0252	0.0062	0.0054	0.0043	0.0292	0.0186	0.0113	0.0000	0.0207	0.0243	0.0111	0.0057	0.0135	0.0133	0.0159	0.0063	0.0035	0.0234	0.0232	0.0007	0.0142	0.0157	0.0296	0.0020	0.0014	0.0066	0.0065	0.0026	0.0140	0.0089	0.0155	0.0157	0.0045	0.0001	0.0199	0.0179	0.0086	0.0047	0.0103	0.0084	0.0243	0.0194	0.0036	0.0113	0.0102	0.0203	0.0042	0.0116	0.0061	0.0264	0.0191	
0.0105	0.0100	0.0084	0.0049	0.0056	0.0088	0.0044	0.0024	0.0133	0.0138	0.0103	0.0157	0.0109	0.0028	0.0228	0.0005	0.0109	0.0131	0.0200	0.0197	0.0235	0.0126	0.0096	0.0034	0.0175	0.0096	0.0106	0.0154	0.0042	0.0020	0.0180	0.0199	0.0115	0.0159	0.0040	0.0029	0.0168	0.0160	0.0162	0.0097	0.0038	0.0021	0.0160	0.0213	0.0090	0.0030	0.0159	0.0083	0.0112	0.0243	0.0167	0.0201	0.0103	0.0005	0.0214	0.0258	0.0003	0.0056	0.0123	0.0206	0.0236	0.0117	0.0201	0.0113	0.0182	0.0108	0.0005	0.0212	0.0198	0.0158	0.0056	0.0174	0.0197	0.0085	0.0153	0.0202	0.0183	0.0138	0.0163	0.0154	
0.0183	0.0007	0.0030	0.0060	0.0078	0.0228	0.0131	0.0117	0.0187	0.0055	0.0030	0.0129	0.0053	0.0172	0.0109	0.0147	0.0048	0.0053	0.0009	0.0223	0.0026	0.0191	0.0093	0.0195	0.0135	0.0004	0.0002	0.0228	0.0081	0.0225	0.0041	0.0092	0.0129	0.0209	0.0200	0.0204	0.0082	0.0131	0.0040	0.0183	0.0238	0.0114	0.0224	0.0163	0.0130	0.0163	0.0119	0.0229	0.0203	0.0016	0.0155	0.0131	0.0150	0.0153	0.0150	0.0014	0.0149	0.0072	0.0179	0.0092	0.0239	0.0140	0.0042	0.0203	0.0016	0.0151	0.0184	0.0096	0.0205	0.0119	0.0052	0.0144	0.0015	0.0047	0.0202	0.0142	0.0184	0.0172	0.0056	0.0207	
0.0138	0.0013	0.0004	0.0054	0.0057	0.0150	0.0231	0.0185	0.0069	0.0233	0.0081	0.0025	0.0201	0.0162	0.0198	0.0105	0.0105	0.0015	0.0163	0.0233	0.0205	0.0010	0.0005	0.0115	0.0208	0.0018	0.0135	0.0101	0.0229	0.0264	0.0067	0.0233	0.0017	0.0266	0.0174	0.0212	0.0117	0.0220	0.0205	0.0110	0.0273	0.0030	0.0034	0.0008	0.0051	0.0034	0.0197	0.0068	0.0087	0.0145	0.0068	0.0220	0.0012	0.0087	0.0007	0.0118	0.0007	0.0160	0.0109	0.0043	0.0036	0.0136	0.0250	0.0076	0.0155	0.0085	0.0006	0.0250	0.0003	0.0263	0.0214	0.0104	0.0093	0.0048	0.0222	0.0198	0.0224	0.0303	0.0071	0.0173	
0.0075	0.0059	0.0257	0.0055	0.0160	0.0121	0.0219	0.0165	0.0207	0.0054	0.0204	0.0002	0.0114	0.0093	0.0070	0.0099	0.0031	0.0184	0.0092	0.0182	0.0027	0.0153	0.0049	0.0094	0.0154	0.0197	0.0100	0.0207	0.0093	0.0078	0.0143	0.0009	0.0063	0.0190	0.0161	0.0204	0.0103	0.0166	0.0186	0.0034	0.0112	0.0080	0.0033	0.0183	0.0016	0.0198	0.0240	0.0218	0.0180	0.0129	0.0147	0.0025	0.0175	0.0094	0.0136	0.0139	0.0229	0.0128	0.0162	0.0186	0.0033	0.0019	0.0049	0.0128	0.0129	0.0162	0.0119	0.0173	0.0153	0.0111	0.0243	0.0105	0.0036	0.0053	0.0086	0.0184	0.0133	0.0135	0.0083	0.0197	
0.0212	0.0125	0.0273	0.0176	0.0135	0.0132	0.0131	0.0194	0.0053	0.0045	0.0249	0.0259	0.0019	0.0153	0.0259	0.0096	0.0041	0.0151	0.0030	0.0063	0.0029	0.0055	0.0050	0.0133	0.0144	0.0035	0.0295	0.0111	0.0024	0.0225	0.0012	0.0107	0.0053	0.0230	0.0174	0.0157	0.0024	0.0065	0.0254	0.0032	0.0116	0.0237	0.0112	0.0136	0.0111	0.0015	0.0090	0.0084	0.0063	0.0291	0.0167	0.0000	0.0132	0.0024	0.0209	0.0189	0.0061	0.0128	0.0104	0.0126	0.0147	0.0027	0.0187	0.0091	0.0028	0.0101	0.0147	0.0091	0.0207	0.0074	0.0068	0.0220	0.0177	0.0236	0.0198	0.0070	0.0196	0.0207	0.0010	0.0122	
0.0208	0.0164	0.0019	0.0028	0.0029	0.0013	0.0026	0.0028	0.0243	0.0031	0.0126	0.0202	0.0208	0.0075	0.0171	0.0075	0.0031	0.0010	0.0109	0.0002	0.0102	0.0276	0.0082	0.0282	0.0191	0.0176	0.0079	0.0121	0.0080	0.0134	0.0246	0.0129	0.0098	0.0263	0.0159	0.0219	0.0004	0.0153	0.0076	0.0020	0.0095	0.0145	0.0078	0.0261	0.0183	0.0155	0.0260	0.0109	0.0105	0.0161	0.0039	0.0198	0.0099	0.0006	0.0024	0.0263	0.0081	0.0022	0.0113	0.0085	0.0217	0.0172	0.0213	0.0112	0.0033	0.0237	0.0073	0.0252	0.0158	0.0155	0.0071	0.0126	0.0192	0.0078	0.0158	0.0216	0.0184	0.0110	0.0052	0.0026	
0.0181	0.0197	0.0238	0.0138	0.0062	0.0064	0.0058	0.0080	0.0180	0.0193	0.0145	0.0229	0.0040	0.0177	0.0070	0.0154	0.0212	0.0198	0.0179	0.0219	0.0078	0.0014	0.0166	0.0189	0.0057	0.0119	0.0253	0.0001	0.0099	0.0066	0.0045	0.0190	0.0196	0.0090	0.0093	0.0191	0.0129	0.0014	0.0039	0.0181	0.0179	0.0208	0.0011	0.0199	0.0003	0.0076	0.0065	0.0177	0.0003	0.0256	0.0016	0.0218	0.0185	0.0058	0.0195	0.0185	0.0030	0.0051	0.0114	0.0158	0.0076	0.0052	0.0000	0.0116	0.0136	0.0154	0.0009	0.0199	0.0100	0.0082	0.0203	0.0155	0.0148	0.0196	0.0040	0.0111	0.0002	0.0209	0.0187	0.0213	
0.0102	0.0063	0.0286	0.0078	0.0033	0.0104	0.0068	0.0140	0.0137	0.0208	0.0242	0.0159	0.0123	0.0088	0.0170	0.0118	0.0359	0.0125	0.0081	0.0082	0.0085	0.0111	0.0060	0.0209	0.0296	0.0069	0.0049	0.0278	0.0031	0.0087	0.0196	0.0064	0.0106	0.0221	0.0054	0.0017	0.0047	0.0130	0.0112	0.0057	0.0170	0.0135	0.0065	0.0258	0.0130	0.0128	0.0031	0.0056	0.0090	0.0253	0.0158	0.0200	0.0236	0.0099	0.0175	0.0001	0.0257	0.0105	0.0107	0.0204	0.0069	0.0118	0.0130	0.0054	0.0219	0.0123	0.0017	0.0287	0.0043	0.0118	0.0059	0.0082	0.0015	0.0012	0.0180	0.0260	0.0035	0.0118	0.0024	0.0138	
0.0074	0.0254	0.0121	0.0070	0.0100	0.0058	0.0245	0.0192	0.0010	0.0083	0.0029	0.0251	0.0030	0.0104	0.0291	0.0024	0.0420	0.0003	0.0266	0.0018	0.0110	0.0049	0.0244	0.0294	0.0152	0.0044	0.0156	0.0206	0.0235	0.0202	0.0217	0.0118	0.0068	0.0350	0.0103	0.0058	0.0005	0.0022	0.0150	0.0158	0.0267	0.0040	0.0188	0.0285	0.0086	0.0084	0.0034	0.0125	0.0012	0.0214	0.0229	0.0041	0.0194	0.0003	0.0021	0.0033	0.0246	0.0168	0.0185	0.0094	0.0218	0.0045	0.0052	0.0055	0.0087	0.0134	0.0192	0.0064	0.0016	0.0163	0.0016	0.0228	0.0094	0.0066	0.0058	0.0092	0.0086	0.0002	0.0163	0.0037	
0.0031	0.0008	0.0127	0.0019	0.0175	0.0200	0.0021	0.0060	0.0204	0.0092	0.0078	0.0145	0.0049	0.0029	0.0241	0.0145	0.0286	0.0137	0.0155	0.0220	0.0174	0.0222	0.0081	0.0082	0.0150	0.0009	0.0195	0.0073	0.0185	0.0214	0.0200	0.0210	0.0208	0.0198	0.0053	0.0161	0.0138	0.0021	0.0145	0.0141	0.0115	0.0088	0.0082	0.0180	0.0088	0.0133	0.0171	0.0075	0.0065	0.0177	0.0091	0.0185	0.0126	0.0141	0.0103	0.0057	0.0162	0.0037	0.0133	0.0187	0.0029	0.0233	0.0116	0.0020	0.0124	0.0077	0.0105	0.0115	0.0203	0.0066	0.0231	0.0212	0.0016	0.0003	0.0097	0.0094	0.0143	0.0186	0.0246	0.0009	
0.0121	0.0095	0.0243	0.0023	0.0073	0.0030	0.0180	0.0084	0.0084	0.0008	0.0014	0.0184	0.0137	0.0162	0.0172	0.0154	0.0311	0.0075	0.0039	0.0008	0.0006	0.0060	0.0116	0.0021	0.0221	0.0100	0.0223	0.0134	0.0089	0.0008	0.0162	0.0243	0.0049	0.0164	0.0098	0.0159	0.0218	0.0094	0.0156	0.0120	0.0222	0.0059	0.0024	0.0312	0.0044	0.0095	0.0075	0.0097	0.0159	0.0297	0.0148	0.0105	0.0209	0.0206	0.0006	0.0089	0.0270	0.0268	0.0100	0.0267	0.0148	0.0036	0.0016	0.0067	0.0114	0.0015	0.0141	0.0032	0.0072	0.0156	0.0192	0.0147	0.0152	0.0187	0.0054	0.0251	0.0025	0.0128	0.0277	0.0100	
0.0056	0.0088	0.0222	0.0094	0.0118	0.0090	0.0121	0.0064	0.0116	0.0038	0.0200	0.0299	0.0245	0.0160	0.0009	0.0154	0.0048	0.0199	0.0134	0.0036	0.0256	0.0043	0.0223	0.0221	0.0011	0.0011	0.0233	0.0251	0.0172	0.0057	0.0035	0.0108	0.0010	0.0014	0.0138	0.0028	0.0072	0.0142	0.0233	0.0008	0.0158	0.0031	0.0155	0.0053	0.0215	0.0202	0.0132	0.0205	0.0137	0.0173	0.0171	0.0076	0.0004	0.0156	0.0095	0.0020	0.0085	0.0000	0.0122	0.0121	0.0147	0.0155	0.0125	0.0059	0.0005	0.0068	0.0190	0.0258	0.0038	0.0252	0.0084	0.0157	0.0246	0.0111	0.0136	0.0228	0.0139	0.0221	0.0244	0.0068	
0.0128	0.0282	0.0078	0.0026	0.0108	0.0256	0.0145	0.0086	0.0177	0.0160	0.0228	0.0106	0.0034	0.0065	0.0145	0.0014	0.0224	0.0102	0.0052	0.0184	0.0233	0.0151	0.0153	0.0211	0.0078	0.0013	0.0110	0.0200	0.0050	0.0147	0.0137	0.0120	0.0020	0.0053	0.0201	0.0148	0.0055	0.0098	0.0201	0.0044	0.0250	0.0164	0.0053	0.0201	0.0029	0.0005	0.0124	0.0190	0.0010	0.0165	0.0080	0.0051	0.0256	0.0064	0.0116	0.0013	0.0095	0.0177	0.0242	0.0128	0.0151	0.0258	0.0042	0.0047	0.0008	0.0061	0.0060	0.0295	0.0099	0.0220	0.0214	0.0054	0.0186	0.0264	0.0193	0.0078	0.0091	0.0003	0.0175	0.0066	
0.0123	0.0167	0.0125	0.0129	0.0041	0.0092	0.0231	0.0183	0.0173	0.0191	0.0063	0.0183	0.0117	0.0039	0.0156	0.0220	0.0122	0.0001	0.0141	0.0222	0.0186	0.0110	0.0045	0.0053	0.0168	0.0018	0.0137	0.0170	0.0133	0.0037	0.0176	0.0075	0.0003	0.0162	0.0174	0.0200	0.0079	0.0106	0.0010	0.0154	0.0083	0.0099	0.0048	0.0144	0.0117	0.0028	0.0176	0.0117	0.0080	0.0212	0.0201	0.0071	0.0129	0.0139	0.0110	0.0039	0.0109	0.0067	0.0257	0.0026	0.0207	0.0075	0.0053	0.0133	0.0025	0.0191	0.0125	0.0206	0.0080	0.0193	0.0130	0.0232	0.0239	0.0193	0.0127	0.0087	0.0061	0.0163	0.0172	0.0140	
0.0115	0.0003	0.0070	0.0149	0.0057	0.0137	0.0294	0.0092	0.0052	0.0214	0.0132	0.0048	0.0114	0.0188	0.0281	0.0014	0.0075	0.0174	0.0149	0.0182	0.0145	0.0250	0.0032	0.0226	0.0067	0.0173	0.0121	0.0181	0.0041	0.0022	0.0237	0.0216	0.0149	0.0152	0.0160	0.0202	0.0005	0.0116	0.0093	0.0178	0.0008	0.0091	0.0158	0.0228	0.0073	0.0117	0.0151	0.0013	0.0032	0.0199	0.0048	0.0228	0.0060	0.0020	0.0038	0.0230	0.0252	0.0182	0.0157	0.0135	0.0040	0.0094	0.0057	0.0030	0.0229	0.0141	0.0161	0.0013	0.0053	0.0228	0.0008	0.0227	0.0070	0.0217	0.0147	0.0042	0.0046	0.0126	0.0102	0.0242	
0.0078	0.0070	0.0109	0.0106	0.0167	0.0053	0.0183	0.0101	0.0072	0.0016	0.0233	0.0104	0.0194	0.0150	0.0128	0.0147	0.0038	0.0118	0.0211	0.0177	0.0195	0.0098	0.0163	0.0054	0.0111	0.0079	0.0117	0.0096	0.0118	0.0247	0.0106	0.0091	0.0065	0.0201	0.0006	0.0171	0.0171	0.0121	0.0062	0.0126	0.0227	0.0020	0.0155	0.0041	0.0200	0.0143	0.0191	0.0084	0.0050	0.0243	0.0003	0.0167	0.0176	0.0108	0.0228	0.0211	0.0108	0.0047	0.0038	0.0101	0.0183	0.0095	0.0208	0.0069	0.0118	0.0104	0.0016	0.0046	0.0167	0.0178	0.0170	0.0131	0.0062	0.0068	0.0191	0.0194	0.0172	0.0169	0.0076	0.0190	
0.0155	0.0016	0.0025	0.0115	0.0178	0.0219	0.0244	0.0175	0.0188	0.0025	0.0097	0.0217	0.0091	0.0148	0.0212	0.0117	0.0039	0.0088	0.0152	0.0101	0.0139	0.0152	0.0111	0.0153	0.0046	0.0088	0.0099	0.0076	0.0181	0.0035	0.0046	0.0181	0.0201	0.0096	0.0172	0.0158	0.0055	0.0079	0.0099	0.0179	0.0167	0.0088	0.0079	0.0224	0.0074	0.0241	0.0037	0.0136	0.0134	0.0108	0.0167	0.0108	0.0022	0.0187	0.0076	0.0018	0.0143	0.0145	0.0105	0.0122	0.0134	0.0150	0.0010	0.0138	0.0210	0.0121	0.0219	0.0019	0.0196	0.0233	0.0062	0.0203	0.0223	0.0198	0.0172	0.0053	0.0062	0.0173	0.0052	0.0047	
0.0067	0.0226	0.0207	0.0067	0.0110	0.0204	0.0217	0.0228	0.0015	0.0176	0.0041	0.0185	0.0222	0.0176	0.0055	0.0007	0.0099	0.0173	0.0230	0.0223	0.0031	0.0019	0.0129	0.0139	0.0026	0.0188	0.0125	0.0073	0.0043	0.0023	0.0217	0.0207	0.0086	0.0069	0.0039	0.0171	0.0190	0.0172	0.0066	0.0021	0.0211	0.0237	0.0002	0.0056	0.0219	0.0136	0.0237	0.0014	0.0137	0.0195	0.0230	0.0147	0.0245	0.0083	0.0015	0.0053	0.0061	0.0029	0.0062	0.0142	0.0093	0.0164	0.0195	0.0227	0.0199	0.0061	0.0061	0.0170	0.0169	0.0154	0.0025	0.0159	0.0121	0.0187	0.0018	0.0067	0.0017	0.0105	0.0199	0.0137	
0.0010	0.0122	0.0219	0.0095	0.0043	0.0089	0.0026	0.0001	0.0053	0.0281	0.0151	0.0297	0.0123	0.0130	0.0222	0.0061	0.0032	0.0008	0.0104	0.0175	0.0072	0.0052	0.0087	0.0023	0.0197	0.0062	0.0024	0.0005	0.0090	0.0270	0.0048	0.0234	0.0093	0.0250	0.0129	0.0004	0.0202	0.0095	0.0279	0.0180	0.0067	0.0099	0.0134	0.0255	0.0008	0.0076	0.0049	0.0270	0.0028	0.0313	0.0053	0.0015	0.0006	0.0047	0.0097	0.0269	0.0014	0.0190	0.0253	0.0264	0.0067	0.0021	0.0201	0.0093	0.0203	0.0148	0.0119	0.0246	0.0019	0.0218	0.0104	0.0229	0.0066	0.0199	0.0100	0.0301	0.0215	0.0188	0.0014	0.0110	
0.0031	0.0060	0.0283	0.0095	0.0159	0.0032	0.0256	0.0038	0.0110	0.0173	0.0257	0.0077	0.0134	0.0193	0.0099	0.0036	0.0197	0.0028	0.0271	0.0125	0.0197	0.0100	0.0187	0.0111	0.0137	0.0104	0.0242	0.0094	0.0226	0.0108	0.0046	0.0122	0.0136	0.0136	0.0184	0.0005	0.0035	0.0070	0.0236	0.0179	0.0198	0.0092	0.0094	0.0102	0.0199	0.0017	0.0059	0.0094	0.0079	0.0061	0.0087	0.0163	0.0169	0.0145	0.0164	0.0180	0.0116	0.0138	0.0251	0.0048	0.0078	0.0181	0.0079	0.0011	0.0122	0.0114	0.0157	0.0013	0.0029	0.0115	0.0291	0.0095	0.0096	0.0084	0.0196	0.0127	0.0012	0.0122	0.0197	0.0115	
0.0051	0.0129	0.0291	0.0116	0.0010	0.0144	0.0260	0.0220	0.0215	0.0008	0.0146	0.0184	0.0077	0.0103	0.0084	0.0028	0.0007	0.0075	0.0226	0.0064	0.0080	0.0037	0.0049	0.0228	0.0059	0.0198	0.0066	0.0063	0.0208	0.0038	0.0172	0.0010	0.0172	0.0140	0.0196	0.0192	0.0115	0.0161	0.0307	0.0231	0.0143	0.0202	0.0041	0.0021	0.0197	0.0074	0.0003	0.0209	0.0222	0.0176	0.0108	0.0200	0.0157	0.0100	0.0027	0.0019	0.0061	0.0016	0.0102	0.0016	0.0086	0.0219	0.0027	0.0167	0.0074	0.0116	0.0169	0.0212	0.0135	0.0144	0.0141	0.0090	0.0075	0.0216	0.0174	0.0148	0.0244	0.0042	0.0040	0.0228	
0.0226	0.0102	0.0061	0.0038	0.0138	0.0223	0.0143	0.0066	0.0090	0.0214	0.0152	0.0135	0.0060	0.0175	0.0139	0.0184	0.0204	0.0102	0.0182	0.0061	0.0099	0.0043	0.0045	0.0127	0.0024	0.0015	0.0120	0.0152	0.0193	0.0136	0.0021	0.0023	0.0214	0.0136	0.0020	0.0199	0.0102	0.0201	0.0011	0.0094	0.0002	0.0154	0.0100	0.0181	0.0210	0.0003	0.0018	0.0093	0.0085	0.0261	0.0212	0.0160	0.0118	0.0186	0.0142	0.0194	0.0053	0.0191	0.0026	0.0154	0.0129	0.0246	0.0132	0.0181	0.0179	0.0109	0.0135	0.0202	0.0169	0.0151	0.0068	0.0193	0.0084	0.0076	0.0052	0.0207	0.0181	0.0119	0.0152	0.0021	

Emissions
0.0035	0.0335	0.0626	0.2933	0.3140	0.1084	0.1846	
0.1948	0.1651	0.0536	0.0591	0.2066	0.2519	0.0689	
0.2467	0.0087	0.0144	0.0786	0.3947	0.1629	0.0941	
0.0517	0.3634	0.1949	0.3120	0.0531	0.0126	0.0122	
0.2099	0.3399	0.0140	0.1931	0.0706	0.0067	0.1658	
0.1096	0.2926	0.1609	0.0401	0.0975	0.1721	0.1272	
0.1476	0.0822	0.1405	0.0377	0.2463	0.2794	0.0662	
0.0497	0.3965	0.0457	0.1577	0.0841	0.1061	0.1602	
0.1510	0.2600	0.0527	0.1925	0.1426	0.1207	0.0805	
0.0550	0.0893	0.2228	0.1184	0.2660	0.1648	0.0838	
0.0670	0.1031	0.1061	0.1191	0.2290	0.2728	0.1029	
0.0072	0.3051	0.0365	0.0270	0.1260	0.3484	0.1498	
0.1646	0.2812	0.0516	0.1747	0.0894	0.1038	0.1347	
0.0638	0.2933	0.1410	0.3279	0.0604	0.0223	0.0914	
0.0552	0.1921	0.1827	0.0190	0.0501	0.3186	0.1824	
0.0850	0.2521	0.1530	0.1136	0.2699	0.0469	0.0795	
0.1412	0.0117	0.0772	0.0060	0.3424	0.3611	0.0603	
0.0704	0.2159	0.1306	0.0874	0.2839	0.0708	0.1410	
0.1596	0.1359	0.1304	0.0361	0.1386	0.2688	0.1306	
0.2211	0.0764	0.2323	0.0173	0.2309	0.1068	0.1150	
0.0284	0.2106	0.0953	0.0867	0.2485	0.1347	0.1958	
0.1322	0.1096	0.2262	0.0322	0.1792	0.1043	0.2164	
0.0907	0.1319	0.2485	0.0686	0.2428	0.0233	0.1942	
0.0323	0.0204	0.0711	0.1210	0.2563	0.2919	0.2071	
0.1984	0.0889	0.2263	0.0406	0.1137	0.2686	0.0635	
0.0742	0.4122	0.0171	0.3071	0.0519	0.0283	0.1092	
0.0959	0.1980	0.0475	0.0004	0.1848	0.3301	0.1433	
0.2289	0.0480	0.1980	0.0144	0.1412	0.3663	0.0033	
0.1389	0.0549	0.2733	0.0206	0.3052	0.0429	0.1641	
0.2161	0.2439	0.1603	0.0154	0.1890	0.1487	0.0267	
0.1394	0.2452	0.1439	0.0955	0.2423	0.0409	0.0928	
0.0487	0.2309	0.1021	0.1059	0.3067	0.0012	0.2045	
0.0448	0.0610	0.0563	0.2037	0.3882	0.0758	0.1702	
0.0575	0.0265	0.0794	0.0632	0.4426	0.2197	0.1110	
0.1740	0.1511	0.1756	0.2105	0.0703	0.0582	0.1602	
0.0792	0.4473	0.1419	0.1440	0.1277	0.0206	0.0394	
0.0325	0.3089	0.0348	0.3407	0.0562	0.0718	0.1551	
0.1827	0.2207	0.0460	0.1511	0.1295	0.1106	0.1594	
0.1720	0.3028	0.0257	0.0103	0.3698	0.0503	0.0690	
0.1234	0.2523	0.0154	0.1811	0.1794	0.1266	0.1218	
0.0548	0.1663	0.1295	0.0654	0.4245	0.1512	0.0083	
0.1580	0.0390	0.1296	0.1214	0.3157	0.2118	0.0245	
0.1463	0.1992	0.0206	0.1363	0.3037	0.0425	0.1515	
0.0906	0.1504	0.1059	0.0577	0.0100	0.4442	0.1413	
0.2509	0.0312	0.0446	0.1540	0.3419	0.0312	0.1461	
0.0329	0.4481	0.1209	0.1445	0.0699	0.1655	0.0181	
0.1382	0.2350	0.0617	0.0192	0.2755	0.0570	0.2133	
0.1548	0.1836	0.1249	0.0488	0.1764	0.1844	0.1271	
0.2274	0.0145	0.2001	0.1105	0.1386	0.1690	0.1399	
0.0244	0.1443	0.0599	0.0073	0.2693	0.2739	0.2209	
0.1883	0.1272	0.0775	0.0638	0.1288	0.2568	0.1576	
0.0065	0.0924	0.1392	0.1068	0.4054	0.2393	0.0104	
0.0466	0.1785	0.0368	0.0120	0.1966	0.4583	0.0712	
0.1520	0.2501	0.1217	0.2724	0.0908	0.0390	0.0740	
0.0862	0.0246	0.0174	0.0295	0.3956	0.1134	0.3333	
0.0613	0.1162	0.1842	0.0436	0.0176	0.3417	0.2354	
0.1498	0.1373	0.1013	0.0948	0.2288	0.1247	0.1632	
0.2393	0.0283	0.2417	0.0329	0.2634	0.1333	0.0610	
0.0724	0.4404	0.0316	0.0603	0.1383	0.0825	0.1746	
0.0450	0.2521	0.0938	0.0249	0.2726	0.0269	0.2847	
0.0064	0.1433	0.2085	0.0554	0.3299	0.0739	0.1825	
0.2410	0.2114	0.0103	0.0409	0.2651	0.1824	0.0489	
0.1893	0.0120	0.1642	0.0994	0.2009	0.1733	0.1609	
0.0937	0.3044	0.0039	0.2171	0.1979	0.0146	0.1683	
0.0471	0.1538	0.1817	0.1133	0.2418	0.0188	0.2435	
0.1965	0.0703	0.2562	0.1603	0.0715	0.1557	0.0895	
0.0092	0.0543	0.3856	0.2443	0.0219	0.2224	0.0623	
0.0842	0.1013	0.0264	0.1125	0.1768	0.3389	0.1599	
0.1446	0.4230	0.1229	0.1328	0.0603	0.0022	0.1141	
0.2745	0.2168	0.0129	0.0549	0.2164	0.1307	0.0938	
0.3552	0.0067	0.0206	0.1567	0.0958	0.2444	0.1205	
0.1472	0.0715	0.0152	0.0907	0.2240	0.2116	0.2397	
0.2398	0.2317	0.1791	0.0246	0.0556	0.0647	0.2045	
0.1185	0.0880	0.1350	0.1228	0.1783	0.2630	0.0945	
0.1301	0.3010	0.0781	0.1490	0.1134	0.1456	0.0829	
0.1514	0.0224	0.0610	0.0725	0.2984	0.2302	0.1641	
0.1358	0.1065	0.1615	0.0577	0.1267	0.2915	0.1204	
0.2468	0.1265	0.0336	0.0383	0.3564	0.1040	0.0943	
0.1158	0.0798	0.0940	0.0525	0.2316	0.2914	0.1349	
0.0844	0.2523	0.1732	0.0343	0.2351	0.0824	0.1383	
