DataSet 41
Learner: Baum Welch Learner
Log Likelihood: 68669.2546472188

Number of States: 80
Number of Symbols: 7
Threshold: 0.01

Initial Distribution:
0.0004	0.0159	0.0163	0.0102	0.0224	0.0013	0.0051	0.0332	0.0044	0.0027	0.0057	0.0004	0.0015	0.0115	0.0411	0.0144	0.0199	0.0095	0.0210	0.0455	0.0085	0.0313	0.0060	0.0075	0.0108	0.0099	0.0006	0.0076	0.0188	0.0000	0.0043	0.0011	0.0154	0.0000	0.0015	0.0194	0.0245	0.0045	0.0340	0.0001	0.0100	0.0082	0.0097	0.0473	0.0126	0.0007	0.0190	0.0294	0.0180	0.0004	0.0385	0.0010	0.0004	0.0021	0.0011	0.0063	0.0040	0.0025	0.0370	0.0099	0.0007	0.0284	0.0083	0.0110	0.0006	0.0256	0.0016	0.0128	0.0025	0.0047	0.0039	0.0077	0.0094	0.0491	0.0595	0.0001	0.0015	0.0044	0.0005	0.0216	

Transitions:
0.0003	0.0071	0.0167	0.0078	0.0005	0.0031	0.0015	0.0047	0.0154	0.0202	0.0084	0.0084	0.0065	0.0173	0.0202	0.0219	0.0179	0.0034	0.0195	0.0128	0.0166	0.0000	0.0096	0.0157	0.0238	0.0039	0.0135	0.0100	0.0115	0.0117	0.0070	0.0025	0.0191	0.0296	0.0238	0.0147	0.0043	0.0033	0.0083	0.0245	0.0263	0.0078	0.0226	0.0076	0.0197	0.0263	0.0153	0.0129	0.0143	0.0234	0.0017	0.0293	0.0133	0.0100	0.0295	0.0002	0.0253	0.0013	0.0063	0.0201	0.0141	0.0133	0.0152	0.0049	0.0137	0.0060	0.0115	0.0058	0.0214	0.0055	0.0140	0.0242	0.0167	0.0151	0.0006	0.0092	0.0017	0.0008	0.0220	0.0044	
0.0206	0.0142	0.0125	0.0176	0.0061	0.0115	0.0173	0.0092	0.0007	0.0206	0.0191	0.0043	0.0249	0.0121	0.0100	0.0002	0.0147	0.0142	0.0215	0.0142	0.0100	0.0067	0.0160	0.0117	0.0031	0.0062	0.0069	0.0173	0.0121	0.0213	0.0229	0.0198	0.0085	0.0033	0.0092	0.0165	0.0021	0.0261	0.0185	0.0048	0.0172	0.0219	0.0048	0.0013	0.0121	0.0158	0.0017	0.0041	0.0095	0.0012	0.0149	0.0087	0.0043	0.0315	0.0289	0.0058	0.0249	0.0030	0.0139	0.0015	0.0028	0.0032	0.0027	0.0074	0.0272	0.0233	0.0243	0.0180	0.0068	0.0114	0.0241	0.0243	0.0203	0.0128	0.0020	0.0188	0.0037	0.0183	0.0005	0.0128	
0.0048	0.0008	0.0020	0.0093	0.0005	0.0156	0.0194	0.0100	0.0074	0.0029	0.0229	0.0253	0.0066	0.0212	0.0017	0.0108	0.0166	0.0216	0.0034	0.0122	0.0186	0.0109	0.0231	0.0266	0.0032	0.0231	0.0170	0.0112	0.0196	0.0093	0.0012	0.0066	0.0020	0.0009	0.0252	0.0019	0.0015	0.0217	0.0081	0.0092	0.0047	0.0101	0.0095	0.0025	0.0167	0.0287	0.0151	0.0188	0.0156	0.0208	0.0193	0.0090	0.0173	0.0104	0.0279	0.0176	0.0018	0.0038	0.0054	0.0043	0.0240	0.0077	0.0128	0.0235	0.0016	0.0156	0.0265	0.0049	0.0245	0.0248	0.0079	0.0278	0.0128	0.0173	0.0088	0.0081	0.0023	0.0222	0.0064	0.0049	
0.0082	0.0138	0.0174	0.0043	0.0095	0.0203	0.0151	0.0133	0.0017	0.0040	0.0003	0.0198	0.0122	0.0036	0.0093	0.0186	0.0176	0.0081	0.0011	0.0023	0.0243	0.0078	0.0173	0.0151	0.0080	0.0194	0.0191	0.0217	0.0229	0.0188	0.0143	0.0044	0.0189	0.0007	0.0203	0.0044	0.0113	0.0077	0.0093	0.0073	0.0291	0.0059	0.0026	0.0150	0.0218	0.0128	0.0116	0.0066	0.0070	0.0172	0.0085	0.0177	0.0237	0.0019	0.0060	0.0227	0.0209	0.0023	0.0170	0.0152	0.0209	0.0171	0.0149	0.0079	0.0134	0.0195	0.0248	0.0116	0.0073	0.0035	0.0044	0.0156	0.0206	0.0134	0.0034	0.0200	0.0053	0.0016	0.0179	0.0178	
0.0111	0.0098	0.0108	0.0078	0.0070	0.0295	0.0102	0.0192	0.0216	0.0230	0.0093	0.0121	0.0144	0.0190	0.0093	0.0024	0.0135	0.0163	0.0065	0.0038	0.0134	0.0005	0.0004	0.0052	0.0131	0.0213	0.0237	0.0027	0.0241	0.0148	0.0179	0.0196	0.0100	0.0274	0.0106	0.0112	0.0088	0.0107	0.0019	0.0170	0.0139	0.0022	0.0172	0.0094	0.0216	0.0234	0.0035	0.0034	0.0083	0.0034	0.0046	0.0135	0.0266	0.0151	0.0138	0.0082	0.0118	0.0069	0.0194	0.0149	0.0038	0.0072	0.0242	0.0079	0.0054	0.0149	0.0021	0.0130	0.0118	0.0207	0.0180	0.0062	0.0174	0.0129	0.0153	0.0135	0.0095	0.0156	0.0117	0.0169	
0.0163	0.0148	0.0203	0.0202	0.0056	0.0057	0.0227	0.0219	0.0144	0.0016	0.0011	0.0039	0.0118	0.0133	0.0142	0.0035	0.0022	0.0087	0.0062	0.0062	0.0156	0.0185	0.0179	0.0117	0.0099	0.0258	0.0196	0.0051	0.0202	0.0004	0.0267	0.0262	0.0199	0.0030	0.0244	0.0127	0.0135	0.0055	0.0015	0.0242	0.0190	0.0040	0.0202	0.0075	0.0203	0.0158	0.0222	0.0016	0.0032	0.0158	0.0083	0.0014	0.0101	0.0019	0.0036	0.0271	0.0263	0.0067	0.0084	0.0060	0.0085	0.0165	0.0041	0.0132	0.0033	0.0047	0.0086	0.0112	0.0157	0.0210	0.0135	0.0254	0.0061	0.0060	0.0148	0.0131	0.0177	0.0106	0.0172	0.0223	
0.0072	0.0160	0.0008	0.0040	0.0130	0.0228	0.0121	0.0194	0.0235	0.0211	0.0138	0.0074	0.0194	0.0166	0.0159	0.0186	0.0196	0.0096	0.0049	0.0129	0.0067	0.0080	0.0085	0.0049	0.0003	0.0097	0.0190	0.0024	0.0078	0.0182	0.0049	0.0113	0.0130	0.0131	0.0000	0.0118	0.0146	0.0254	0.0191	0.0056	0.0247	0.0114	0.0101	0.0154	0.0076	0.0085	0.0028	0.0091	0.0116	0.0242	0.0124	0.0115	0.0061	0.0196	0.0162	0.0220	0.0112	0.0189	0.0033	0.0072	0.0021	0.0082	0.0102	0.0073	0.0166	0.0035	0.0171	0.0084	0.0158	0.0034	0.0000	0.0261	0.0123	0.0201	0.0175	0.0191	0.0219	0.0150	0.0236	0.0153	
0.0106	0.0067	0.0137	0.0108	0.0028	0.0233	0.0077	0.0159	0.0226	0.0008	0.0028	0.0257	0.0292	0.0120	0.0034	0.0075	0.0010	0.0023	0.0015	0.0049	0.0188	0.0175	0.0171	0.0135	0.0253	0.0153	0.0271	0.0082	0.0007	0.0263	0.0018	0.0177	0.0003	0.0132	0.0016	0.0201	0.0196	0.0002	0.0051	0.0230	0.0299	0.0007	0.0150	0.0178	0.0014	0.0025	0.0039	0.0015	0.0201	0.0250	0.0175	0.0241	0.0173	0.0166	0.0036	0.0127	0.0179	0.0019	0.0110	0.0188	0.0003	0.0002	0.0151	0.0240	0.0268	0.0094	0.0255	0.0108	0.0121	0.0099	0.0083	0.0010	0.0245	0.0040	0.0067	0.0189	0.0086	0.0253	0.0131	0.0187	
0.0112	0.0159	0.0126	0.0085	0.0024	0.0083	0.0055	0.0092	0.0082	0.0129	0.0042	0.0220	0.0142	0.0139	0.0243	0.0228	0.0092	0.0134	0.0209	0.0170	0.0046	0.0191	0.0149	0.0115	0.0090	0.0196	0.0240	0.0122	0.0071	0.0170	0.0068	0.0171	0.0161	0.0177	0.0064	0.0062	0.0122	0.0081	0.0207	0.0171	0.0035	0.0141	0.0023	0.0199	0.0049	0.0162	0.0151	0.0063	0.0066	0.0149	0.0045	0.0237	0.0053	0.0151	0.0208	0.0172	0.0035	0.0008	0.0222	0.0098	0.0090	0.0179	0.0034	0.0182	0.0073	0.0145	0.0043	0.0270	0.0090	0.0134	0.0076	0.0043	0.0161	0.0025	0.0130	0.0189	0.0170	0.0190	0.0070	0.0198	
0.0064	0.0137	0.0023	0.0210	0.0079	0.0159	0.0139	0.0022	0.0261	0.0162	0.0037	0.0151	0.0087	0.0114	0.0094	0.0078	0.0089	0.0092	0.0183	0.0163	0.0112	0.0168	0.0234	0.0220	0.0053	0.0007	0.0039	0.0016	0.0263	0.0019	0.0271	0.0106	0.0195	0.0040	0.0064	0.0191	0.0168	0.0117	0.0108	0.0216	0.0015	0.0017	0.0002	0.0177	0.0120	0.0294	0.0281	0.0039	0.0176	0.0128	0.0079	0.0123	0.0034	0.0137	0.0162	0.0169	0.0221	0.0101	0.0137	0.0090	0.0094	0.0100	0.0033	0.0214	0.0177	0.0236	0.0224	0.0054	0.0062	0.0146	0.0132	0.0001	0.0245	0.0198	0.0133	0.0091	0.0171	0.0046	0.0088	0.0098	
0.0077	0.0207	0.0070	0.0159	0.0178	0.0249	0.0095	0.0057	0.0195	0.0183	0.0014	0.0112	0.0322	0.0016	0.0124	0.0191	0.0239	0.0041	0.0044	0.0174	0.0023	0.0159	0.0234	0.0062	0.0284	0.0089	0.0159	0.0098	0.0296	0.0083	0.0007	0.0144	0.0028	0.0056	0.0061	0.0099	0.0042	0.0199	0.0017	0.0309	0.0192	0.0141	0.0168	0.0146	0.0159	0.0049	0.0055	0.0192	0.0095	0.0021	0.0101	0.0140	0.0003	0.0182	0.0138	0.0160	0.0007	0.0020	0.0166	0.0166	0.0058	0.0013	0.0090	0.0100	0.0202	0.0172	0.0106	0.0219	0.0302	0.0009	0.0129	0.0151	0.0027	0.0036	0.0053	0.0254	0.0040	0.0089	0.0273	0.0179	
0.0017	0.0111	0.0231	0.0191	0.0158	0.0165	0.0118	0.0132	0.0191	0.0141	0.0075	0.0028	0.0181	0.0115	0.0198	0.0094	0.0024	0.0035	0.0014	0.0005	0.0206	0.0145	0.0191	0.0091	0.0148	0.0234	0.0077	0.0220	0.0056	0.0213	0.0088	0.0169	0.0079	0.0235	0.0099	0.0129	0.0038	0.0118	0.0118	0.0224	0.0363	0.0178	0.0180	0.0039	0.0141	0.0091	0.0147	0.0104	0.0072	0.0206	0.0114	0.0287	0.0073	0.0124	0.0244	0.0120	0.0156	0.0103	0.0044	0.0169	0.0058	0.0130	0.0077	0.0016	0.0071	0.0159	0.0178	0.0231	0.0024	0.0033	0.0037	0.0162	0.0125	0.0014	0.0005	0.0029	0.0155	0.0181	0.0187	0.0071	
0.0141	0.0141	0.0109	0.0083	0.0044	0.0113	0.0120	0.0160	0.0248	0.0225	0.0233	0.0173	0.0079	0.0137	0.0149	0.0076	0.0074	0.0165	0.0206	0.0001	0.0158	0.0123	0.0082	0.0061	0.0166	0.0216	0.0106	0.0050	0.0128	0.0251	0.0169	0.0198	0.0144	0.0253	0.0114	0.0091	0.0042	0.0260	0.0163	0.0217	0.0062	0.0214	0.0234	0.0035	0.0041	0.0147	0.0090	0.0152	0.0063	0.0222	0.0158	0.0294	0.0269	0.0162	0.0229	0.0195	0.0110	0.0051	0.0123	0.0103	0.0004	0.0060	0.0039	0.0036	0.0036	0.0023	0.0002	0.0098	0.0057	0.0059	0.0015	0.0135	0.0214	0.0002	0.0121	0.0197	0.0171	0.0049	0.0011	0.0047	
0.0156	0.0092	0.0202	0.0208	0.0017	0.0250	0.0014	0.0005	0.0029	0.0143	0.0010	0.0007	0.0077	0.0087	0.0222	0.0227	0.0166	0.0169	0.0015	0.0022	0.0118	0.0214	0.0143	0.0016	0.0176	0.0073	0.0019	0.0252	0.0233	0.0040	0.0048	0.0047	0.0040	0.0119	0.0268	0.0120	0.0100	0.0087	0.0021	0.0094	0.0012	0.0255	0.0070	0.0135	0.0060	0.0013	0.0050	0.0117	0.0027	0.0322	0.0215	0.0245	0.0050	0.0259	0.0271	0.0132	0.0211	0.0208	0.0051	0.0212	0.0179	0.0053	0.0034	0.0215	0.0110	0.0226	0.0251	0.0227	0.0115	0.0072	0.0091	0.0138	0.0169	0.0135	0.0013	0.0146	0.0176	0.0001	0.0263	0.0128	
0.0021	0.0126	0.0149	0.0203	0.0052	0.0085	0.0012	0.0057	0.0168	0.0124	0.0227	0.0150	0.0020	0.0071	0.0130	0.0184	0.0181	0.0056	0.0063	0.0077	0.0047	0.0077	0.0030	0.0194	0.0181	0.0105	0.0065	0.0111	0.0222	0.0110	0.0203	0.0255	0.0212	0.0175	0.0196	0.0044	0.0128	0.0076	0.0142	0.0027	0.0205	0.0152	0.0054	0.0199	0.0156	0.0178	0.0075	0.0087	0.0015	0.0077	0.0135	0.0087	0.0221	0.0131	0.0135	0.0196	0.0096	0.0238	0.0054	0.0231	0.0010	0.0171	0.0091	0.0049	0.0196	0.0216	0.0267	0.0108	0.0165	0.0104	0.0074	0.0172	0.0142	0.0035	0.0128	0.0216	0.0036	0.0043	0.0067	0.0233	
0.0015	0.0195	0.0108	0.0144	0.0156	0.0108	0.0018	0.0135	0.0056	0.0013	0.0211	0.0161	0.0272	0.0223	0.0013	0.0048	0.0043	0.0003	0.0072	0.0123	0.0238	0.0243	0.0188	0.0179	0.0001	0.0003	0.0228	0.0146	0.0181	0.0241	0.0130	0.0054	0.0149	0.0080	0.0192	0.0037	0.0045	0.0224	0.0103	0.0069	0.0318	0.0065	0.0058	0.0107	0.0144	0.0195	0.0166	0.0125	0.0030	0.0115	0.0098	0.0043	0.0272	0.0145	0.0039	0.0024	0.0021	0.0180	0.0125	0.0193	0.0129	0.0122	0.0175	0.0093	0.0135	0.0164	0.0274	0.0181	0.0051	0.0217	0.0224	0.0112	0.0139	0.0003	0.0138	0.0169	0.0193	0.0078	0.0007	0.0086	
0.0135	0.0052	0.0101	0.0094	0.0086	0.0118	0.0087	0.0009	0.0036	0.0170	0.0021	0.0114	0.0070	0.0157	0.0159	0.0097	0.0127	0.0180	0.0246	0.0203	0.0186	0.0198	0.0080	0.0066	0.0125	0.0003	0.0178	0.0264	0.0221	0.0168	0.0082	0.0175	0.0162	0.0058	0.0099	0.0062	0.0027	0.0085	0.0218	0.0033	0.0106	0.0228	0.0158	0.0116	0.0201	0.0173	0.0042	0.0187	0.0063	0.0111	0.0009	0.0252	0.0108	0.0008	0.0242	0.0122	0.0234	0.0042	0.0200	0.0115	0.0194	0.0104	0.0026	0.0131	0.0082	0.0088	0.0207	0.0004	0.0084	0.0106	0.0054	0.0080	0.0217	0.0164	0.0130	0.0232	0.0090	0.0205	0.0141	0.0191	
0.0246	0.0138	0.0155	0.0139	0.0105	0.0137	0.0112	0.0158	0.0117	0.0208	0.0095	0.0229	0.0094	0.0134	0.0076	0.0223	0.0179	0.0223	0.0074	0.0104	0.0202	0.0039	0.0126	0.0215	0.0032	0.0201	0.0020	0.0131	0.0083	0.0013	0.0040	0.0023	0.0162	0.0006	0.0151	0.0034	0.0170	0.0145	0.0019	0.0218	0.0294	0.0009	0.0135	0.0088	0.0014	0.0079	0.0232	0.0056	0.0119	0.0243	0.0211	0.0098	0.0163	0.0236	0.0055	0.0175	0.0020	0.0196	0.0100	0.0178	0.0093	0.0220	0.0090	0.0092	0.0196	0.0076	0.0068	0.0083	0.0003	0.0032	0.0005	0.0090	0.0219	0.0092	0.0130	0.0222	0.0144	0.0040	0.0234	0.0191	
0.0239	0.0172	0.0227	0.0117	0.0032	0.0204	0.0145	0.0199	0.0211	0.0223	0.0019	0.0019	0.0011	0.0081	0.0096	0.0211	0.0143	0.0033	0.0171	0.0148	0.0002	0.0137	0.0053	0.0110	0.0197	0.0139	0.0123	0.0011	0.0058	0.0122	0.0013	0.0224	0.0211	0.0162	0.0217	0.0126	0.0017	0.0226	0.0054	0.0218	0.0218	0.0090	0.0119	0.0022	0.0016	0.0272	0.0064	0.0106	0.0221	0.0207	0.0012	0.0121	0.0118	0.0004	0.0238	0.0057	0.0148	0.0113	0.0143	0.0153	0.0075	0.0121	0.0131	0.0088	0.0213	0.0037	0.0026	0.0106	0.0117	0.0213	0.0180	0.0221	0.0211	0.0166	0.0009	0.0173	0.0035	0.0032	0.0100	0.0181	
0.0091	0.0212	0.0012	0.0127	0.0086	0.0167	0.0140	0.0243	0.0199	0.0171	0.0272	0.0149	0.0045	0.0157	0.0114	0.0042	0.0192	0.0016	0.0064	0.0199	0.0246	0.0186	0.0006	0.0024	0.0268	0.0061	0.0166	0.0169	0.0236	0.0074	0.0027	0.0113	0.0035	0.0241	0.0081	0.0090	0.0107	0.0013	0.0001	0.0067	0.0211	0.0032	0.0206	0.0191	0.0243	0.0064	0.0155	0.0055	0.0062	0.0265	0.0183	0.0017	0.0275	0.0113	0.0008	0.0117	0.0244	0.0248	0.0126	0.0049	0.0008	0.0245	0.0236	0.0107	0.0144	0.0149	0.0125	0.0077	0.0093	0.0047	0.0183	0.0234	0.0018	0.0003	0.0057	0.0225	0.0028	0.0037	0.0048	0.0164	
0.0129	0.0065	0.0101	0.0021	0.0085	0.0012	0.0139	0.0197	0.0201	0.0200	0.0106	0.0136	0.0108	0.0182	0.0048	0.0178	0.0027	0.0069	0.0094	0.0082	0.0209	0.0106	0.0208	0.0021	0.0049	0.0004	0.0236	0.0228	0.0029	0.0087	0.0085	0.0188	0.0172	0.0230	0.0146	0.0174	0.0110	0.0229	0.0243	0.0104	0.0364	0.0171	0.0123	0.0102	0.0154	0.0041	0.0091	0.0044	0.0164	0.0130	0.0142	0.0272	0.0220	0.0138	0.0237	0.0035	0.0109	0.0056	0.0182	0.0097	0.0011	0.0144	0.0143	0.0113	0.0109	0.0186	0.0178	0.0159	0.0044	0.0111	0.0034	0.0059	0.0057	0.0203	0.0083	0.0012	0.0228	0.0100	0.0103	0.0017	
0.0212	0.0171	0.0013	0.0144	0.0156	0.0141	0.0000	0.0016	0.0218	0.0114	0.0086	0.0076	0.0011	0.0130	0.0093	0.0062	0.0027	0.0230	0.0005	0.0003	0.0110	0.0152	0.0000	0.0084	0.0096	0.0090	0.0156	0.0230	0.0073	0.0263	0.0061	0.0250	0.0204	0.0220	0.0198	0.0067	0.0145	0.0276	0.0173	0.0239	0.0207	0.0159	0.0199	0.0171	0.0039	0.0249	0.0046	0.0155	0.0119	0.0056	0.0217	0.0243	0.0112	0.0089	0.0187	0.0012	0.0205	0.0183	0.0049	0.0103	0.0229	0.0034	0.0180	0.0216	0.0054	0.0087	0.0118	0.0061	0.0209	0.0030	0.0139	0.0037	0.0056	0.0015	0.0064	0.0226	0.0226	0.0058	0.0046	0.0118	
0.0047	0.0148	0.0077	0.0026	0.0187	0.0098	0.0134	0.0100	0.0031	0.0144	0.0105	0.0200	0.0190	0.0075	0.0003	0.0134	0.0176	0.0179	0.0130	0.0164	0.0106	0.0196	0.0168	0.0086	0.0147	0.0193	0.0174	0.0094	0.0007	0.0257	0.0039	0.0111	0.0113	0.0169	0.0055	0.0013	0.0146	0.0159	0.0181	0.0201	0.0248	0.0211	0.0022	0.0023	0.0136	0.0204	0.0087	0.0162	0.0010	0.0216	0.0200	0.0005	0.0207	0.0081	0.0028	0.0055	0.0233	0.0238	0.0101	0.0044	0.0140	0.0051	0.0111	0.0048	0.0129	0.0243	0.0088	0.0018	0.0034	0.0172	0.0170	0.0073	0.0212	0.0121	0.0011	0.0152	0.0182	0.0180	0.0210	0.0181	
0.0145	0.0197	0.0090	0.0070	0.0003	0.0047	0.0257	0.0071	0.0177	0.0001	0.0026	0.0247	0.0039	0.0186	0.0063	0.0146	0.0086	0.0250	0.0178	0.0145	0.0105	0.0086	0.0183	0.0039	0.0007	0.0189	0.0029	0.0328	0.0066	0.0189	0.0102	0.0058	0.0047	0.0194	0.0238	0.0215	0.0213	0.0085	0.0064	0.0104	0.0050	0.0027	0.0147	0.0034	0.0218	0.0348	0.0046	0.0045	0.0108	0.0192	0.0056	0.0361	0.0055	0.0034	0.0207	0.0033	0.0045	0.0042	0.0054	0.0115	0.0016	0.0207	0.0274	0.0014	0.0184	0.0277	0.0205	0.0161	0.0247	0.0126	0.0125	0.0029	0.0169	0.0058	0.0107	0.0072	0.0259	0.0164	0.0100	0.0027	
0.0128	0.0190	0.0147	0.0173	0.0065	0.0106	0.0014	0.0013	0.0238	0.0159	0.0160	0.0210	0.0009	0.0188	0.0075	0.0060	0.0027	0.0107	0.0130	0.0207	0.0069	0.0147	0.0059	0.0262	0.0016	0.0031	0.0092	0.0255	0.0145	0.0117	0.0072	0.0145	0.0198	0.0032	0.0248	0.0041	0.0070	0.0072	0.0171	0.0053	0.0279	0.0149	0.0152	0.0064	0.0189	0.0198	0.0015	0.0161	0.0201	0.0078	0.0024	0.0121	0.0012	0.0065	0.0230	0.0214	0.0178	0.0138	0.0139	0.0051	0.0007	0.0031	0.0104	0.0123	0.0089	0.0020	0.0263	0.0245	0.0204	0.0031	0.0211	0.0243	0.0168	0.0066	0.0029	0.0178	0.0253	0.0236	0.0047	0.0089	
0.0021	0.0136	0.0298	0.0090	0.0069	0.0272	0.0150	0.0166	0.0075	0.0018	0.0148	0.0208	0.0184	0.0128	0.0050	0.0189	0.0037	0.0022	0.0261	0.0171	0.0221	0.0038	0.0229	0.0246	0.0103	0.0067	0.0207	0.0232	0.0036	0.0066	0.0243	0.0192	0.0100	0.0077	0.0042	0.0119	0.0040	0.0033	0.0056	0.0133	0.0219	0.0099	0.0189	0.0190	0.0157	0.0057	0.0075	0.0044	0.0026	0.0146	0.0138	0.0300	0.0011	0.0106	0.0215	0.0255	0.0205	0.0045	0.0229	0.0023	0.0044	0.0196	0.0124	0.0015	0.0049	0.0259	0.0106	0.0111	0.0093	0.0189	0.0129	0.0016	0.0230	0.0106	0.0043	0.0114	0.0134	0.0022	0.0071	0.0049	
0.0261	0.0107	0.0192	0.0158	0.0123	0.0273	0.0157	0.0252	0.0142	0.0051	0.0185	0.0003	0.0035	0.0029	0.0073	0.0186	0.0176	0.0160	0.0165	0.0137	0.0225	0.0233	0.0184	0.0108	0.0231	0.0117	0.0009	0.0160	0.0045	0.0099	0.0111	0.0151	0.0197	0.0229	0.0027	0.0153	0.0030	0.0217	0.0083	0.0042	0.0092	0.0088	0.0207	0.0028	0.0204	0.0163	0.0277	0.0138	0.0029	0.0120	0.0114	0.0293	0.0134	0.0097	0.0105	0.0027	0.0198	0.0056	0.0134	0.0054	0.0228	0.0011	0.0194	0.0054	0.0187	0.0051	0.0016	0.0093	0.0006	0.0149	0.0119	0.0027	0.0054	0.0099	0.0087	0.0126	0.0012	0.0173	0.0135	0.0105	
0.0116	0.0063	0.0121	0.0177	0.0149	0.0142	0.0037	0.0120	0.0094	0.0224	0.0208	0.0214	0.0025	0.0023	0.0047	0.0039	0.0109	0.0142	0.0093	0.0143	0.0107	0.0142	0.0153	0.0121	0.0189	0.0089	0.0135	0.0233	0.0198	0.0237	0.0016	0.0003	0.0163	0.0047	0.0158	0.0147	0.0119	0.0240	0.0087	0.0036	0.0012	0.0139	0.0227	0.0008	0.0153	0.0186	0.0274	0.0025	0.0051	0.0070	0.0212	0.0137	0.0080	0.0124	0.0018	0.0217	0.0155	0.0199	0.0183	0.0096	0.0204	0.0042	0.0110	0.0106	0.0204	0.0227	0.0025	0.0223	0.0075	0.0120	0.0113	0.0149	0.0040	0.0048	0.0134	0.0192	0.0129	0.0152	0.0198	0.0039	
0.0102	0.0108	0.0163	0.0165	0.0002	0.0183	0.0179	0.0029	0.0027	0.0176	0.0012	0.0157	0.0015	0.0213	0.0050	0.0203	0.0023	0.0110	0.0030	0.0177	0.0152	0.0012	0.0168	0.0166	0.0206	0.0076	0.0066	0.0016	0.0283	0.0068	0.0114	0.0266	0.0044	0.0197	0.0021	0.0102	0.0122	0.0222	0.0104	0.0079	0.0074	0.0265	0.0195	0.0142	0.0136	0.0258	0.0135	0.0060	0.0008	0.0235	0.0194	0.0021	0.0174	0.0252	0.0174	0.0095	0.0201	0.0263	0.0203	0.0172	0.0080	0.0166	0.0036	0.0193	0.0078	0.0029	0.0138	0.0090	0.0212	0.0157	0.0084	0.0093	0.0001	0.0164	0.0119	0.0174	0.0050	0.0014	0.0052	0.0208	
0.0211	0.0001	0.0005	0.0021	0.0099	0.0105	0.0097	0.0052	0.0036	0.0179	0.0181	0.0138	0.0229	0.0184	0.0281	0.0140	0.0171	0.0273	0.0100	0.0085	0.0109	0.0062	0.0105	0.0084	0.0144	0.0114	0.0019	0.0208	0.0108	0.0003	0.0035	0.0217	0.0181	0.0006	0.0278	0.0085	0.0150	0.0023	0.0086	0.0243	0.0252	0.0072	0.0041	0.0021	0.0004	0.0248	0.0135	0.0050	0.0179	0.0001	0.0218	0.0080	0.0209	0.0184	0.0139	0.0150	0.0176	0.0183	0.0107	0.0018	0.0074	0.0138	0.0204	0.0031	0.0161	0.0002	0.0243	0.0249	0.0193	0.0145	0.0206	0.0212	0.0148	0.0100	0.0137	0.0047	0.0012	0.0090	0.0089	0.0205	
0.0001	0.0189	0.0226	0.0112	0.0051	0.0311	0.0008	0.0003	0.0149	0.0100	0.0188	0.0237	0.0163	0.0071	0.0229	0.0007	0.0109	0.0013	0.0130	0.0002	0.0005	0.0140	0.0097	0.0047	0.0027	0.0015	0.0170	0.0077	0.0030	0.0104	0.0145	0.0068	0.0097	0.0183	0.0024	0.0099	0.0200	0.0110	0.0209	0.0201	0.0337	0.0224	0.0073	0.0092	0.0242	0.0322	0.0042	0.0078	0.0160	0.0211	0.0204	0.0281	0.0294	0.0086	0.0268	0.0146	0.0125	0.0211	0.0081	0.0040	0.0065	0.0186	0.0235	0.0059	0.0268	0.0142	0.0178	0.0303	0.0057	0.0056	0.0065	0.0035	0.0039	0.0165	0.0007	0.0093	0.0055	0.0004	0.0091	0.0035	
0.0324	0.0063	0.0103	0.0106	0.0132	0.0183	0.0092	0.0019	0.0214	0.0141	0.0234	0.0024	0.0008	0.0175	0.0178	0.0050	0.0181	0.0018	0.0118	0.0089	0.0109	0.0043	0.0026	0.0109	0.0115	0.0165	0.0230	0.0044	0.0098	0.0180	0.0065	0.0106	0.0088	0.0051	0.0081	0.0191	0.0077	0.0156	0.0135	0.0114	0.0048	0.0125	0.0022	0.0126	0.0074	0.0046	0.0023	0.0086	0.0041	0.0307	0.0140	0.0040	0.0187	0.0301	0.0241	0.0233	0.0060	0.0324	0.0232	0.0006	0.0176	0.0054	0.0189	0.0069	0.0113	0.0154	0.0237	0.0286	0.0149	0.0116	0.0251	0.0102	0.0123	0.0004	0.0041	0.0337	0.0024	0.0143	0.0064	0.0068	
0.0149	0.0082	0.0202	0.0088	0.0006	0.0020	0.0210	0.0084	0.0113	0.0125	0.0156	0.0070	0.0143	0.0128	0.0181	0.0218	0.0116	0.0159	0.0040	0.0139	0.0107	0.0050	0.0177	0.0145	0.0248	0.0045	0.0192	0.0146	0.0175	0.0206	0.0133	0.0142	0.0156	0.0175	0.0132	0.0035	0.0065	0.0116	0.0056	0.0079	0.0217	0.0066	0.0084	0.0172	0.0210	0.0169	0.0172	0.0161	0.0041	0.0095	0.0094	0.0076	0.0112	0.0127	0.0258	0.0059	0.0129	0.0073	0.0083	0.0206	0.0079	0.0074	0.0151	0.0150	0.0247	0.0005	0.0143	0.0204	0.0020	0.0127	0.0125	0.0033	0.0119	0.0148	0.0004	0.0042	0.0206	0.0230	0.0199	0.0083	
0.0108	0.0174	0.0082	0.0096	0.0051	0.0085	0.0069	0.0059	0.0202	0.0063	0.0147	0.0013	0.0005	0.0093	0.0247	0.0081	0.0113	0.0150	0.0237	0.0174	0.0001	0.0232	0.0160	0.0147	0.0181	0.0080	0.0194	0.0147	0.0111	0.0226	0.0088	0.0146	0.0125	0.0278	0.0123	0.0104	0.0008	0.0079	0.0100	0.0155	0.0253	0.0068	0.0001	0.0155	0.0220	0.0154	0.0027	0.0014	0.0164	0.0193	0.0136	0.0085	0.0299	0.0172	0.0122	0.0106	0.0038	0.0177	0.0125	0.0206	0.0119	0.0147	0.0185	0.0019	0.0228	0.0017	0.0129	0.0008	0.0218	0.0105	0.0064	0.0084	0.0031	0.0067	0.0031	0.0204	0.0229	0.0232	0.0172	0.0063	
0.0081	0.0154	0.0175	0.0200	0.0036	0.0026	0.0160	0.0180	0.0162	0.0010	0.0091	0.0078	0.0221	0.0121	0.0044	0.0265	0.0105	0.0225	0.0230	0.0193	0.0013	0.0016	0.0022	0.0101	0.0112	0.0074	0.0046	0.0214	0.0168	0.0257	0.0124	0.0054	0.0033	0.0107	0.0239	0.0174	0.0026	0.0002	0.0198	0.0247	0.0186	0.0174	0.0121	0.0192	0.0047	0.0382	0.0175	0.0137	0.0038	0.0087	0.0068	0.0014	0.0025	0.0197	0.0095	0.0045	0.0193	0.0088	0.0086	0.0249	0.0260	0.0214	0.0060	0.0202	0.0182	0.0038	0.0058	0.0097	0.0220	0.0094	0.0217	0.0159	0.0003	0.0006	0.0082	0.0165	0.0163	0.0044	0.0065	0.0090	
0.0233	0.0108	0.0118	0.0089	0.0098	0.0141	0.0036	0.0109	0.0021	0.0165	0.0033	0.0205	0.0219	0.0248	0.0228	0.0157	0.0090	0.0135	0.0094	0.0009	0.0247	0.0071	0.0201	0.0221	0.0127	0.0228	0.0012	0.0012	0.0059	0.0279	0.0139	0.0120	0.0029	0.0001	0.0095	0.0095	0.0101	0.0277	0.0098	0.0050	0.0005	0.0180	0.0069	0.0031	0.0078	0.0369	0.0204	0.0004	0.0025	0.0333	0.0016	0.0276	0.0289	0.0043	0.0212	0.0080	0.0172	0.0204	0.0211	0.0196	0.0099	0.0022	0.0069	0.0059	0.0016	0.0183	0.0225	0.0171	0.0214	0.0125	0.0019	0.0164	0.0047	0.0037	0.0006	0.0057	0.0022	0.0207	0.0173	0.0091	
0.0296	0.0003	0.0161	0.0064	0.0148	0.0171	0.0159	0.0156	0.0102	0.0007	0.0184	0.0149	0.0282	0.0164	0.0167	0.0215	0.0079	0.0162	0.0020	0.0126	0.0070	0.0043	0.0062	0.0121	0.0223	0.0133	0.0221	0.0171	0.0031	0.0119	0.0045	0.0194	0.0042	0.0125	0.0175	0.0061	0.0030	0.0256	0.0083	0.0123	0.0258	0.0168	0.0037	0.0111	0.0177	0.0083	0.0096	0.0072	0.0071	0.0030	0.0156	0.0017	0.0205	0.0249	0.0037	0.0177	0.0149	0.0092	0.0091	0.0046	0.0157	0.0015	0.0167	0.0001	0.0228	0.0213	0.0161	0.0102	0.0028	0.0081	0.0212	0.0129	0.0120	0.0088	0.0122	0.0195	0.0020	0.0154	0.0244	0.0100	
0.0003	0.0092	0.0052	0.0002	0.0127	0.0035	0.0055	0.0078	0.0106	0.0010	0.0169	0.0185	0.0137	0.0072	0.0193	0.0221	0.0171	0.0038	0.0191	0.0160	0.0188	0.0035	0.0058	0.0236	0.0082	0.0081	0.0158	0.0014	0.0032	0.0169	0.0142	0.0255	0.0099	0.0266	0.0047	0.0052	0.0175	0.0255	0.0067	0.0180	0.0228	0.0043	0.0227	0.0011	0.0182	0.0306	0.0237	0.0032	0.0160	0.0255	0.0178	0.0245	0.0278	0.0018	0.0252	0.0229	0.0054	0.0071	0.0138	0.0087	0.0126	0.0038	0.0061	0.0186	0.0126	0.0173	0.0107	0.0144	0.0041	0.0111	0.0012	0.0293	0.0209	0.0019	0.0020	0.0180	0.0045	0.0053	0.0062	0.0076	
0.0111	0.0089	0.0058	0.0071	0.0164	0.0177	0.0033	0.0098	0.0036	0.0087	0.0013	0.0143	0.0060	0.0225	0.0039	0.0134	0.0206	0.0024	0.0144	0.0014	0.0183	0.0098	0.0001	0.0085	0.0209	0.0204	0.0026	0.0220	0.0207	0.0073	0.0143	0.0216	0.0015	0.0093	0.0005	0.0017	0.0180	0.0266	0.0017	0.0212	0.0194	0.0214	0.0111	0.0171	0.0115	0.0153	0.0178	0.0176	0.0211	0.0189	0.0144	0.0020	0.0197	0.0034	0.0224	0.0203	0.0113	0.0229	0.0112	0.0010	0.0126	0.0086	0.0105	0.0196	0.0184	0.0018	0.0134	0.0210	0.0250	0.0031	0.0136	0.0272	0.0009	0.0150	0.0093	0.0211	0.0020	0.0042	0.0270	0.0059	
0.0296	0.0049	0.0247	0.0095	0.0123	0.0195	0.0090	0.0216	0.0157	0.0031	0.0158	0.0004	0.0114	0.0010	0.0079	0.0059	0.0112	0.0143	0.0048	0.0099	0.0266	0.0256	0.0220	0.0211	0.0011	0.0215	0.0010	0.0277	0.0183	0.0023	0.0238	0.0076	0.0031	0.0074	0.0017	0.0088	0.0118	0.0028	0.0075	0.0018	0.0272	0.0173	0.0067	0.0189	0.0121	0.0190	0.0162	0.0221	0.0110	0.0089	0.0052	0.0189	0.0331	0.0098	0.0104	0.0013	0.0098	0.0019	0.0074	0.0191	0.0155	0.0104	0.0078	0.0127	0.0085	0.0103	0.0283	0.0057	0.0248	0.0198	0.0175	0.0127	0.0050	0.0024	0.0146	0.0112	0.0170	0.0022	0.0094	0.0122	
0.0052	0.0012	0.0125	0.0098	0.0174	0.0054	0.0070	0.0270	0.0249	0.0003	0.0009	0.0128	0.0163	0.0113	0.0130	0.0051	0.0061	0.0258	0.0143	0.0025	0.0192	0.0112	0.0003	0.0198	0.0127	0.0210	0.0082	0.0227	0.0134	0.0259	0.0106	0.0075	0.0185	0.0252	0.0142	0.0156	0.0039	0.0254	0.0187	0.0017	0.0038	0.0036	0.0074	0.0249	0.0200	0.0078	0.0247	0.0160	0.0142	0.0106	0.0028	0.0344	0.0151	0.0032	0.0181	0.0217	0.0010	0.0148	0.0187	0.0026	0.0201	0.0085	0.0019	0.0265	0.0137	0.0223	0.0181	0.0254	0.0156	0.0002	0.0010	0.0087	0.0030	0.0128	0.0003	0.0111	0.0011	0.0011	0.0208	0.0079	
0.0038	0.0145	0.0073	0.0043	0.0179	0.0148	0.0156	0.0121	0.0250	0.0145	0.0116	0.0106	0.0042	0.0117	0.0061	0.0173	0.0015	0.0075	0.0085	0.0015	0.0150	0.0160	0.0191	0.0136	0.0113	0.0193	0.0179	0.0035	0.0051	0.0092	0.0246	0.0280	0.0212	0.0130	0.0265	0.0045	0.0021	0.0255	0.0022	0.0033	0.0041	0.0028	0.0213	0.0055	0.0132	0.0172	0.0047	0.0140	0.0046	0.0086	0.0121	0.0193	0.0208	0.0176	0.0196	0.0133	0.0222	0.0192	0.0160	0.0023	0.0188	0.0120	0.0091	0.0155	0.0186	0.0120	0.0155	0.0193	0.0132	0.0004	0.0154	0.0050	0.0051	0.0045	0.0193	0.0146	0.0158	0.0148	0.0013	0.0205	
0.0175	0.0029	0.0296	0.0228	0.0170	0.0049	0.0083	0.0075	0.0221	0.0140	0.0099	0.0105	0.0049	0.0000	0.0096	0.0165	0.0166	0.0086	0.0147	0.0008	0.0027	0.0140	0.0025	0.0067	0.0181	0.0081	0.0155	0.0150	0.0164	0.0055	0.0191	0.0056	0.0158	0.0270	0.0142	0.0157	0.0127	0.0147	0.0222	0.0142	0.0086	0.0062	0.0266	0.0003	0.0151	0.0089	0.0002	0.0043	0.0187	0.0103	0.0205	0.0139	0.0021	0.0003	0.0224	0.0021	0.0009	0.0169	0.0040	0.0150	0.0155	0.0179	0.0134	0.0155	0.0195	0.0047	0.0188	0.0085	0.0110	0.0209	0.0217	0.0061	0.0120	0.0228	0.0165	0.0236	0.0184	0.0024	0.0195	0.0098	
0.0104	0.0062	0.0141	0.0092	0.0082	0.0126	0.0047	0.0134	0.0022	0.0118	0.0162	0.0210	0.0130	0.0059	0.0172	0.0103	0.0172	0.0045	0.0066	0.0098	0.0162	0.0124	0.0152	0.0002	0.0122	0.0157	0.0306	0.0027	0.0045	0.0287	0.0106	0.0217	0.0030	0.0209	0.0085	0.0067	0.0027	0.0027	0.0049	0.0095	0.0306	0.0007	0.0065	0.0011	0.0063	0.0003	0.0156	0.0048	0.0017	0.0161	0.0021	0.0086	0.0280	0.0025	0.0314	0.0152	0.0146	0.0187	0.0003	0.0261	0.0114	0.0022	0.0107	0.0029	0.0302	0.0171	0.0244	0.0154	0.0308	0.0135	0.0074	0.0212	0.0275	0.0157	0.0093	0.0208	0.0125	0.0168	0.0271	0.0076	
0.0211	0.0141	0.0003	0.0177	0.0173	0.0031	0.0034	0.0012	0.0219	0.0172	0.0179	0.0115	0.0020	0.0107	0.0226	0.0232	0.0118	0.0022	0.0026	0.0138	0.0053	0.0063	0.0063	0.0127	0.0049	0.0119	0.0096	0.0253	0.0159	0.0104	0.0030	0.0233	0.0201	0.0169	0.0014	0.0182	0.0015	0.0213	0.0069	0.0209	0.0165	0.0198	0.0174	0.0048	0.0202	0.0238	0.0152	0.0112	0.0022	0.0172	0.0257	0.0100	0.0175	0.0041	0.0054	0.0125	0.0109	0.0132	0.0119	0.0093	0.0177	0.0063	0.0112	0.0115	0.0158	0.0220	0.0165	0.0128	0.0104	0.0009	0.0214	0.0230	0.0198	0.0053	0.0023	0.0129	0.0131	0.0015	0.0200	0.0092	
0.0218	0.0214	0.0248	0.0259	0.0069	0.0205	0.0085	0.0210	0.0120	0.0147	0.0106	0.0152	0.0055	0.0221	0.0032	0.0051	0.0055	0.0067	0.0161	0.0202	0.0056	0.0038	0.0029	0.0019	0.0174	0.0055	0.0132	0.0083	0.0010	0.0234	0.0263	0.0114	0.0183	0.0040	0.0142	0.0244	0.0123	0.0151	0.0039	0.0216	0.0173	0.0235	0.0003	0.0191	0.0148	0.0085	0.0195	0.0189	0.0031	0.0235	0.0050	0.0110	0.0131	0.0143	0.0053	0.0197	0.0234	0.0161	0.0049	0.0032	0.0047	0.0008	0.0190	0.0183	0.0162	0.0015	0.0249	0.0027	0.0086	0.0058	0.0141	0.0207	0.0015	0.0186	0.0105	0.0099	0.0029	0.0076	0.0127	0.0124	
0.0198	0.0173	0.0051	0.0035	0.0127	0.0192	0.0245	0.0025	0.0268	0.0203	0.0041	0.0221	0.0084	0.0001	0.0178	0.0117	0.0035	0.0079	0.0046	0.0130	0.0144	0.0120	0.0113	0.0258	0.0068	0.0117	0.0070	0.0204	0.0049	0.0263	0.0176	0.0135	0.0061	0.0226	0.0141	0.0118	0.0203	0.0170	0.0035	0.0011	0.0057	0.0190	0.0045	0.0152	0.0024	0.0270	0.0133	0.0015	0.0015	0.0026	0.0060	0.0238	0.0039	0.0232	0.0314	0.0057	0.0073	0.0075	0.0209	0.0037	0.0099	0.0051	0.0243	0.0029	0.0031	0.0191	0.0194	0.0152	0.0137	0.0057	0.0150	0.0181	0.0045	0.0029	0.0094	0.0265	0.0076	0.0221	0.0257	0.0106	
0.0328	0.0038	0.0132	0.0023	0.0128	0.0257	0.0083	0.0076	0.0193	0.0073	0.0058	0.0126	0.0224	0.0002	0.0150	0.0241	0.0175	0.0011	0.0126	0.0079	0.0052	0.0175	0.0117	0.0204	0.0141	0.0158	0.0185	0.0276	0.0116	0.0047	0.0216	0.0111	0.0104	0.0125	0.0057	0.0039	0.0122	0.0235	0.0102	0.0070	0.0097	0.0050	0.0187	0.0043	0.0002	0.0301	0.0184	0.0035	0.0104	0.0152	0.0012	0.0051	0.0073	0.0132	0.0072	0.0268	0.0156	0.0218	0.0121	0.0277	0.0053	0.0083	0.0212	0.0129	0.0110	0.0182	0.0035	0.0048	0.0247	0.0108	0.0103	0.0286	0.0141	0.0052	0.0005	0.0002	0.0040	0.0086	0.0257	0.0110	
0.0272	0.0083	0.0115	0.0215	0.0021	0.0214	0.0056	0.0010	0.0063	0.0051	0.0142	0.0172	0.0075	0.0125	0.0012	0.0006	0.0055	0.0035	0.0194	0.0049	0.0238	0.0134	0.0068	0.0256	0.0014	0.0021	0.0230	0.0291	0.0095	0.0067	0.0177	0.0056	0.0203	0.0017	0.0073	0.0148	0.0147	0.0276	0.0099	0.0183	0.0171	0.0014	0.0245	0.0114	0.0218	0.0216	0.0152	0.0191	0.0050	0.0001	0.0156	0.0237	0.0171	0.0177	0.0228	0.0237	0.0030	0.0149	0.0184	0.0006	0.0232	0.0058	0.0147	0.0007	0.0111	0.0073	0.0227	0.0037	0.0091	0.0069	0.0051	0.0086	0.0179	0.0022	0.0119	0.0293	0.0211	0.0185	0.0016	0.0078	
0.0095	0.0136	0.0186	0.0085	0.0076	0.0246	0.0182	0.0082	0.0103	0.0072	0.0150	0.0059	0.0006	0.0100	0.0153	0.0068	0.0074	0.0206	0.0052	0.0112	0.0212	0.0136	0.0136	0.0244	0.0189	0.0120	0.0078	0.0108	0.0184	0.0267	0.0035	0.0093	0.0099	0.0151	0.0189	0.0055	0.0095	0.0080	0.0116	0.0129	0.0187	0.0102	0.0176	0.0001	0.0151	0.0321	0.0066	0.0036	0.0080	0.0126	0.0093	0.0266	0.0166	0.0089	0.0187	0.0169	0.0018	0.0189	0.0107	0.0223	0.0130	0.0070	0.0117	0.0117	0.0039	0.0059	0.0224	0.0126	0.0178	0.0094	0.0157	0.0032	0.0073	0.0123	0.0021	0.0119	0.0214	0.0159	0.0071	0.0162	
0.0058	0.0019	0.0197	0.0096	0.0079	0.0063	0.0197	0.0024	0.0220	0.0237	0.0048	0.0154	0.0187	0.0127	0.0179	0.0032	0.0175	0.0035	0.0176	0.0085	0.0049	0.0144	0.0090	0.0225	0.0163	0.0070	0.0137	0.0199	0.0060	0.0056	0.0184	0.0103	0.0118	0.0188	0.0175	0.0091	0.0083	0.0016	0.0025	0.0211	0.0106	0.0140	0.0138	0.0148	0.0059	0.0002	0.0084	0.0138	0.0147	0.0250	0.0101	0.0153	0.0219	0.0183	0.0166	0.0112	0.0157	0.0227	0.0146	0.0030	0.0139	0.0009	0.0171	0.0135	0.0040	0.0180	0.0043	0.0220	0.0206	0.0111	0.0186	0.0224	0.0011	0.0165	0.0011	0.0164	0.0033	0.0141	0.0194	0.0135	
0.0215	0.0219	0.0028	0.0075	0.0158	0.0042	0.0154	0.0247	0.0033	0.0070	0.0198	0.0116	0.0067	0.0004	0.0066	0.0093	0.0170	0.0291	0.0175	0.0105	0.0235	0.0165	0.0222	0.0066	0.0060	0.0175	0.0153	0.0234	0.0162	0.0020	0.0095	0.0004	0.0062	0.0033	0.0065	0.0226	0.0222	0.0170	0.0247	0.0005	0.0071	0.0099	0.0205	0.0135	0.0176	0.0107	0.0203	0.0007	0.0171	0.0180	0.0234	0.0075	0.0012	0.0054	0.0228	0.0103	0.0001	0.0209	0.0008	0.0024	0.0139	0.0166	0.0035	0.0016	0.0244	0.0208	0.0049	0.0051	0.0167	0.0102	0.0087	0.0052	0.0241	0.0157	0.0067	0.0132	0.0173	0.0081	0.0147	0.0242	
0.0016	0.0146	0.0031	0.0258	0.0049	0.0030	0.0216	0.0001	0.0071	0.0191	0.0182	0.0027	0.0108	0.0187	0.0148	0.0096	0.0044	0.0232	0.0161	0.0207	0.0041	0.0119	0.0063	0.0083	0.0066	0.0157	0.0041	0.0115	0.0223	0.0087	0.0194	0.0218	0.0078	0.0033	0.0009	0.0237	0.0157	0.0034	0.0204	0.0185	0.0286	0.0043	0.0199	0.0214	0.0137	0.0080	0.0231	0.0037	0.0017	0.0193	0.0085	0.0313	0.0179	0.0101	0.0171	0.0175	0.0108	0.0174	0.0154	0.0120	0.0225	0.0101	0.0007	0.0244	0.0034	0.0021	0.0211	0.0118	0.0146	0.0137	0.0153	0.0023	0.0209	0.0203	0.0028	0.0002	0.0113	0.0082	0.0177	0.0006	
0.0308	0.0006	0.0079	0.0022	0.0003	0.0239	0.0011	0.0137	0.0088	0.0074	0.0120	0.0196	0.0126	0.0032	0.0234	0.0068	0.0025	0.0195	0.0174	0.0103	0.0133	0.0040	0.0076	0.0106	0.0034	0.0051	0.0255	0.0263	0.0115	0.0230	0.0051	0.0007	0.0013	0.0170	0.0181	0.0172	0.0032	0.0258	0.0186	0.0095	0.0013	0.0242	0.0014	0.0083	0.0019	0.0271	0.0151	0.0149	0.0155	0.0270	0.0205	0.0145	0.0179	0.0048	0.0150	0.0203	0.0165	0.0237	0.0186	0.0185	0.0187	0.0032	0.0075	0.0125	0.0031	0.0123	0.0240	0.0217	0.0125	0.0009	0.0026	0.0058	0.0229	0.0063	0.0080	0.0175	0.0032	0.0224	0.0113	0.0058	
0.0151	0.0036	0.0004	0.0129	0.0146	0.0175	0.0102	0.0181	0.0040	0.0198	0.0055	0.0060	0.0243	0.0032	0.0148	0.0198	0.0115	0.0105	0.0074	0.0107	0.0002	0.0190	0.0067	0.0199	0.0162	0.0167	0.0140	0.0052	0.0157	0.0269	0.0154	0.0186	0.0105	0.0181	0.0067	0.0134	0.0030	0.0217	0.0160	0.0107	0.0011	0.0232	0.0135	0.0117	0.0174	0.0247	0.0061	0.0148	0.0144	0.0168	0.0226	0.0196	0.0168	0.0173	0.0078	0.0177	0.0238	0.0046	0.0157	0.0035	0.0009	0.0049	0.0041	0.0054	0.0060	0.0119	0.0220	0.0079	0.0198	0.0001	0.0151	0.0220	0.0147	0.0166	0.0089	0.0017	0.0049	0.0166	0.0001	0.0188	
0.0131	0.0161	0.0096	0.0020	0.0193	0.0289	0.0023	0.0134	0.0091	0.0116	0.0170	0.0208	0.0249	0.0134	0.0120	0.0185	0.0155	0.0083	0.0079	0.0062	0.0025	0.0196	0.0189	0.0163	0.0219	0.0032	0.0012	0.0213	0.0073	0.0068	0.0132	0.0040	0.0041	0.0236	0.0189	0.0046	0.0186	0.0027	0.0058	0.0079	0.0127	0.0005	0.0194	0.0074	0.0067	0.0228	0.0212	0.0010	0.0081	0.0225	0.0075	0.0203	0.0114	0.0190	0.0235	0.0155	0.0235	0.0187	0.0043	0.0186	0.0219	0.0077	0.0104	0.0030	0.0006	0.0139	0.0229	0.0009	0.0234	0.0040	0.0238	0.0192	0.0022	0.0003	0.0166	0.0026	0.0215	0.0129	0.0129	0.0023	
0.0072	0.0000	0.0077	0.0107	0.0173	0.0198	0.0185	0.0102	0.0033	0.0037	0.0072	0.0032	0.0232	0.0099	0.0108	0.0016	0.0107	0.0182	0.0082	0.0136	0.0006	0.0192	0.0031	0.0055	0.0208	0.0158	0.0184	0.0102	0.0207	0.0213	0.0138	0.0097	0.0044	0.0028	0.0149	0.0187	0.0009	0.0003	0.0044	0.0085	0.0277	0.0069	0.0206	0.0141	0.0208	0.0249	0.0200	0.0123	0.0109	0.0225	0.0132	0.0051	0.0058	0.0186	0.0023	0.0106	0.0227	0.0022	0.0123	0.0069	0.0219	0.0087	0.0145	0.0089	0.0152	0.0233	0.0268	0.0210	0.0208	0.0116	0.0004	0.0151	0.0137	0.0188	0.0159	0.0217	0.0221	0.0099	0.0096	0.0010	
0.0257	0.0025	0.0216	0.0010	0.0035	0.0129	0.0051	0.0096	0.0006	0.0039	0.0006	0.0245	0.0109	0.0221	0.0126	0.0105	0.0141	0.0125	0.0040	0.0224	0.0242	0.0259	0.0174	0.0001	0.0212	0.0004	0.0159	0.0060	0.0264	0.0111	0.0134	0.0126	0.0177	0.0166	0.0132	0.0195	0.0146	0.0182	0.0061	0.0055	0.0274	0.0147	0.0187	0.0160	0.0141	0.0022	0.0041	0.0153	0.0122	0.0153	0.0034	0.0142	0.0089	0.0096	0.0055	0.0252	0.0109	0.0222	0.0059	0.0036	0.0214	0.0002	0.0132	0.0166	0.0192	0.0159	0.0061	0.0252	0.0118	0.0132	0.0195	0.0009	0.0057	0.0207	0.0049	0.0116	0.0056	0.0005	0.0143	0.0174	
0.0258	0.0181	0.0137	0.0090	0.0041	0.0003	0.0047	0.0086	0.0098	0.0145	0.0110	0.0189	0.0101	0.0024	0.0084	0.0174	0.0209	0.0015	0.0010	0.0190	0.0227	0.0063	0.0047	0.0245	0.0193	0.0022	0.0067	0.0085	0.0030	0.0219	0.0140	0.0080	0.0067	0.0137	0.0067	0.0178	0.0077	0.0027	0.0099	0.0165	0.0116	0.0181	0.0107	0.0165	0.0036	0.0266	0.0143	0.0022	0.0110	0.0145	0.0083	0.0036	0.0290	0.0128	0.0245	0.0134	0.0167	0.0153	0.0133	0.0030	0.0168	0.0204	0.0059	0.0123	0.0254	0.0024	0.0139	0.0197	0.0214	0.0123	0.0080	0.0245	0.0141	0.0068	0.0108	0.0023	0.0214	0.0087	0.0241	0.0166	
0.0119	0.0022	0.0182	0.0129	0.0067	0.0123	0.0091	0.0163	0.0156	0.0162	0.0037	0.0171	0.0120	0.0072	0.0170	0.0121	0.0099	0.0170	0.0194	0.0011	0.0101	0.0168	0.0051	0.0247	0.0041	0.0124	0.0150	0.0166	0.0187	0.0209	0.0134	0.0061	0.0152	0.0213	0.0167	0.0121	0.0012	0.0159	0.0038	0.0105	0.0248	0.0146	0.0033	0.0023	0.0078	0.0170	0.0098	0.0035	0.0084	0.0018	0.0112	0.0012	0.0142	0.0162	0.0122	0.0110	0.0210	0.0182	0.0079	0.0212	0.0179	0.0148	0.0180	0.0169	0.0004	0.0218	0.0226	0.0141	0.0145	0.0056	0.0093	0.0240	0.0141	0.0068	0.0050	0.0183	0.0183	0.0030	0.0178	0.0105	
0.0022	0.0067	0.0030	0.0198	0.0044	0.0219	0.0196	0.0008	0.0093	0.0037	0.0180	0.0055	0.0057	0.0066	0.0160	0.0241	0.0168	0.0052	0.0028	0.0111	0.0145	0.0180	0.0112	0.0045	0.0159	0.0175	0.0105	0.0020	0.0120	0.0264	0.0211	0.0187	0.0052	0.0224	0.0244	0.0123	0.0137	0.0013	0.0137	0.0097	0.0314	0.0252	0.0048	0.0098	0.0123	0.0066	0.0170	0.0074	0.0168	0.0134	0.0215	0.0132	0.0007	0.0011	0.0006	0.0066	0.0213	0.0265	0.0048	0.0123	0.0065	0.0155	0.0146	0.0127	0.0102	0.0007	0.0322	0.0107	0.0127	0.0186	0.0069	0.0225	0.0136	0.0139	0.0100	0.0224	0.0138	0.0013	0.0203	0.0092	
0.0002	0.0010	0.0047	0.0004	0.0185	0.0080	0.0188	0.0046	0.0210	0.0158	0.0208	0.0181	0.0256	0.0035	0.0030	0.0058	0.0067	0.0149	0.0031	0.0106	0.0056	0.0063	0.0208	0.0247	0.0029	0.0029	0.0280	0.0086	0.0127	0.0096	0.0144	0.0174	0.0059	0.0226	0.0147	0.0044	0.0125	0.0173	0.0156	0.0019	0.0106	0.0188	0.0155	0.0190	0.0045	0.0174	0.0230	0.0078	0.0132	0.0102	0.0094	0.0265	0.0277	0.0052	0.0067	0.0177	0.0044	0.0078	0.0197	0.0229	0.0073	0.0101	0.0156	0.0105	0.0263	0.0010	0.0127	0.0002	0.0164	0.0229	0.0169	0.0209	0.0252	0.0011	0.0029	0.0124	0.0206	0.0007	0.0229	0.0113	
0.0046	0.0120	0.0170	0.0040	0.0187	0.0181	0.0193	0.0011	0.0139	0.0186	0.0007	0.0063	0.0191	0.0194	0.0190	0.0218	0.0017	0.0023	0.0208	0.0029	0.0030	0.0213	0.0163	0.0161	0.0163	0.0175	0.0003	0.0230	0.0009	0.0246	0.0239	0.0032	0.0123	0.0099	0.0175	0.0167	0.0154	0.0148	0.0113	0.0086	0.0063	0.0101	0.0098	0.0165	0.0209	0.0112	0.0246	0.0020	0.0064	0.0079	0.0075	0.0162	0.0046	0.0142	0.0120	0.0054	0.0212	0.0008	0.0103	0.0054	0.0156	0.0196	0.0004	0.0164	0.0213	0.0212	0.0201	0.0086	0.0053	0.0003	0.0032	0.0147	0.0136	0.0105	0.0178	0.0208	0.0118	0.0239	0.0209	0.0065	
0.0244	0.0175	0.0133	0.0176	0.0105	0.0117	0.0246	0.0002	0.0244	0.0104	0.0226	0.0163	0.0009	0.0068	0.0181	0.0065	0.0085	0.0149	0.0236	0.0004	0.0178	0.0135	0.0181	0.0072	0.0033	0.0203	0.0016	0.0194	0.0166	0.0219	0.0170	0.0196	0.0065	0.0055	0.0139	0.0150	0.0080	0.0071	0.0048	0.0122	0.0307	0.0176	0.0093	0.0153	0.0022	0.0148	0.0120	0.0057	0.0163	0.0226	0.0078	0.0211	0.0001	0.0202	0.0209	0.0025	0.0009	0.0075	0.0134	0.0190	0.0077	0.0072	0.0088	0.0057	0.0208	0.0021	0.0120	0.0223	0.0222	0.0003	0.0209	0.0042	0.0118	0.0092	0.0016	0.0323	0.0063	0.0025	0.0062	0.0141	
0.0074	0.0170	0.0246	0.0242	0.0071	0.0273	0.0207	0.0140	0.0149	0.0098	0.0165	0.0033	0.0156	0.0117	0.0046	0.0160	0.0067	0.0032	0.0014	0.0002	0.0008	0.0185	0.0110	0.0209	0.0207	0.0054	0.0089	0.0153	0.0161	0.0212	0.0229	0.0257	0.0017	0.0283	0.0135	0.0129	0.0103	0.0127	0.0218	0.0209	0.0091	0.0228	0.0063	0.0086	0.0080	0.0241	0.0170	0.0202	0.0070	0.0140	0.0184	0.0046	0.0015	0.0044	0.0193	0.0156	0.0096	0.0020	0.0022	0.0036	0.0143	0.0067	0.0246	0.0220	0.0148	0.0198	0.0014	0.0188	0.0006	0.0139	0.0033	0.0259	0.0051	0.0049	0.0150	0.0061	0.0108	0.0020	0.0134	0.0029	
0.0149	0.0076	0.0045	0.0032	0.0166	0.0146	0.0211	0.0233	0.0070	0.0215	0.0046	0.0094	0.0078	0.0151	0.0053	0.0202	0.0164	0.0080	0.0186	0.0111	0.0180	0.0213	0.0202	0.0193	0.0073	0.0188	0.0219	0.0202	0.0075	0.0106	0.0030	0.0053	0.0127	0.0250	0.0106	0.0034	0.0029	0.0189	0.0216	0.0186	0.0293	0.0033	0.0090	0.0024	0.0086	0.0199	0.0138	0.0081	0.0185	0.0192	0.0079	0.0024	0.0065	0.0148	0.0099	0.0147	0.0113	0.0089	0.0156	0.0042	0.0142	0.0012	0.0101	0.0179	0.0163	0.0249	0.0165	0.0080	0.0045	0.0033	0.0151	0.0006	0.0083	0.0189	0.0127	0.0114	0.0136	0.0176	0.0077	0.0114	
0.0080	0.0089	0.0188	0.0130	0.0014	0.0020	0.0224	0.0132	0.0130	0.0162	0.0169	0.0155	0.0004	0.0163	0.0031	0.0192	0.0137	0.0107	0.0082	0.0093	0.0240	0.0036	0.0045	0.0173	0.0026	0.0088	0.0169	0.0092	0.0034	0.0295	0.0060	0.0166	0.0037	0.0060	0.0274	0.0059	0.0034	0.0268	0.0149	0.0169	0.0295	0.0254	0.0173	0.0101	0.0106	0.0013	0.0002	0.0124	0.0151	0.0305	0.0203	0.0013	0.0137	0.0225	0.0184	0.0018	0.0069	0.0035	0.0091	0.0167	0.0096	0.0137	0.0138	0.0121	0.0128	0.0014	0.0171	0.0229	0.0221	0.0157	0.0161	0.0240	0.0177	0.0120	0.0080	0.0007	0.0081	0.0167	0.0099	0.0014	
0.0104	0.0010	0.0148	0.0052	0.0028	0.0063	0.0059	0.0104	0.0200	0.0258	0.0011	0.0008	0.0134	0.0015	0.0095	0.0086	0.0078	0.0072	0.0008	0.0103	0.0167	0.0067	0.0233	0.0003	0.0093	0.0008	0.0100	0.0260	0.0105	0.0200	0.0226	0.0187	0.0213	0.0128	0.0120	0.0095	0.0057	0.0164	0.0129	0.0092	0.0358	0.0053	0.0046	0.0242	0.0239	0.0216	0.0116	0.0169	0.0091	0.0063	0.0226	0.0034	0.0253	0.0268	0.0182	0.0037	0.0068	0.0142	0.0233	0.0025	0.0239	0.0123	0.0008	0.0016	0.0049	0.0153	0.0083	0.0017	0.0188	0.0260	0.0025	0.0284	0.0226	0.0183	0.0133	0.0118	0.0017	0.0267	0.0074	0.0195	
0.0224	0.0136	0.0102	0.0032	0.0172	0.0208	0.0229	0.0174	0.0224	0.0069	0.0034	0.0185	0.0186	0.0089	0.0129	0.0117	0.0030	0.0025	0.0201	0.0066	0.0105	0.0070	0.0218	0.0105	0.0032	0.0251	0.0094	0.0314	0.0119	0.0067	0.0014	0.0081	0.0054	0.0053	0.0124	0.0032	0.0007	0.0272	0.0044	0.0143	0.0228	0.0107	0.0052	0.0077	0.0207	0.0121	0.0054	0.0079	0.0049	0.0034	0.0057	0.0284	0.0036	0.0250	0.0105	0.0103	0.0203	0.0000	0.0002	0.0240	0.0075	0.0198	0.0102	0.0143	0.0064	0.0226	0.0155	0.0130	0.0262	0.0070	0.0101	0.0077	0.0237	0.0048	0.0129	0.0324	0.0025	0.0161	0.0189	0.0169	
0.0225	0.0172	0.0182	0.0074	0.0188	0.0030	0.0056	0.0070	0.0218	0.0013	0.0101	0.0008	0.0255	0.0051	0.0063	0.0182	0.0205	0.0133	0.0040	0.0002	0.0236	0.0172	0.0086	0.0246	0.0182	0.0265	0.0015	0.0269	0.0052	0.0106	0.0063	0.0021	0.0091	0.0064	0.0072	0.0074	0.0040	0.0030	0.0146	0.0032	0.0226	0.0041	0.0144	0.0175	0.0205	0.0127	0.0091	0.0130	0.0193	0.0007	0.0005	0.0156	0.0151	0.0138	0.0292	0.0233	0.0142	0.0203	0.0126	0.0243	0.0011	0.0074	0.0028	0.0113	0.0214	0.0094	0.0166	0.0180	0.0242	0.0192	0.0109	0.0258	0.0221	0.0006	0.0073	0.0205	0.0049	0.0129	0.0010	0.0068	
0.0176	0.0085	0.0255	0.0053	0.0071	0.0245	0.0174	0.0219	0.0079	0.0081	0.0190	0.0122	0.0122	0.0167	0.0027	0.0069	0.0011	0.0011	0.0037	0.0152	0.0230	0.0205	0.0174	0.0021	0.0151	0.0050	0.0164	0.0145	0.0047	0.0086	0.0220	0.0005	0.0186	0.0078	0.0100	0.0166	0.0121	0.0267	0.0059	0.0012	0.0296	0.0223	0.0096	0.0153	0.0025	0.0014	0.0123	0.0053	0.0197	0.0050	0.0202	0.0053	0.0135	0.0118	0.0168	0.0279	0.0209	0.0228	0.0167	0.0034	0.0028	0.0054	0.0191	0.0006	0.0158	0.0254	0.0194	0.0075	0.0076	0.0093	0.0209	0.0038	0.0218	0.0019	0.0203	0.0010	0.0083	0.0015	0.0288	0.0131	
0.0204	0.0087	0.0130	0.0237	0.0116	0.0153	0.0158	0.0070	0.0181	0.0105	0.0236	0.0177	0.0073	0.0017	0.0217	0.0112	0.0201	0.0089	0.0014	0.0061	0.0103	0.0036	0.0216	0.0145	0.0103	0.0135	0.0082	0.0086	0.0143	0.0154	0.0155	0.0169	0.0174	0.0035	0.0084	0.0165	0.0158	0.0206	0.0092	0.0238	0.0061	0.0099	0.0134	0.0186	0.0103	0.0014	0.0238	0.0144	0.0028	0.0101	0.0010	0.0302	0.0301	0.0141	0.0037	0.0161	0.0139	0.0218	0.0113	0.0026	0.0054	0.0072	0.0153	0.0035	0.0191	0.0093	0.0248	0.0046	0.0158	0.0054	0.0167	0.0067	0.0221	0.0012	0.0024	0.0254	0.0157	0.0007	0.0026	0.0085	
0.0203	0.0115	0.0040	0.0051	0.0096	0.0194	0.0157	0.0024	0.0246	0.0159	0.0051	0.0190	0.0062	0.0061	0.0176	0.0207	0.0152	0.0083	0.0023	0.0020	0.0040	0.0144	0.0208	0.0228	0.0176	0.0206	0.0003	0.0271	0.0138	0.0050	0.0014	0.0108	0.0176	0.0042	0.0109	0.0135	0.0032	0.0117	0.0136	0.0032	0.0246	0.0193	0.0046	0.0014	0.0005	0.0281	0.0003	0.0132	0.0059	0.0086	0.0055	0.0065	0.0298	0.0242	0.0068	0.0010	0.0157	0.0066	0.0108	0.0168	0.0149	0.0150	0.0124	0.0169	0.0159	0.0197	0.0272	0.0019	0.0210	0.0024	0.0161	0.0090	0.0173	0.0180	0.0070	0.0109	0.0113	0.0225	0.0267	0.0164	
0.0272	0.0063	0.0128	0.0054	0.0187	0.0223	0.0133	0.0166	0.0225	0.0095	0.0010	0.0187	0.0309	0.0207	0.0083	0.0002	0.0051	0.0066	0.0099	0.0047	0.0231	0.0159	0.0159	0.0048	0.0168	0.0219	0.0155	0.0251	0.0132	0.0235	0.0115	0.0143	0.0079	0.0188	0.0232	0.0061	0.0012	0.0076	0.0163	0.0198	0.0062	0.0026	0.0038	0.0088	0.0017	0.0228	0.0071	0.0153	0.0109	0.0122	0.0025	0.0018	0.0132	0.0181	0.0281	0.0196	0.0118	0.0109	0.0118	0.0003	0.0067	0.0134	0.0052	0.0012	0.0226	0.0086	0.0138	0.0038	0.0014	0.0038	0.0229	0.0265	0.0125	0.0111	0.0005	0.0266	0.0198	0.0078	0.0036	0.0156	
0.0181	0.0160	0.0095	0.0049	0.0153	0.0126	0.0057	0.0156	0.0208	0.0013	0.0236	0.0135	0.0238	0.0202	0.0081	0.0158	0.0201	0.0017	0.0139	0.0132	0.0063	0.0042	0.0158	0.0084	0.0112	0.0044	0.0173	0.0192	0.0132	0.0031	0.0013	0.0043	0.0074	0.0211	0.0140	0.0123	0.0018	0.0007	0.0065	0.0082	0.0030	0.0161	0.0087	0.0214	0.0090	0.0089	0.0053	0.0134	0.0054	0.0119	0.0172	0.0145	0.0178	0.0124	0.0184	0.0064	0.0005	0.0038	0.0155	0.0175	0.0215	0.0114	0.0035	0.0156	0.0274	0.0141	0.0084	0.0194	0.0110	0.0227	0.0145	0.0232	0.0199	0.0062	0.0102	0.0173	0.0242	0.0167	0.0294	0.0021	
0.0280	0.0181	0.0140	0.0058	0.0035	0.0110	0.0121	0.0189	0.0046	0.0056	0.0136	0.0230	0.0066	0.0172	0.0103	0.0170	0.0118	0.0157	0.0002	0.0150	0.0009	0.0099	0.0061	0.0081	0.0181	0.0017	0.0247	0.0103	0.0209	0.0036	0.0092	0.0076	0.0043	0.0204	0.0194	0.0216	0.0183	0.0276	0.0109	0.0155	0.0041	0.0094	0.0162	0.0026	0.0082	0.0218	0.0173	0.0177	0.0177	0.0291	0.0225	0.0084	0.0231	0.0043	0.0021	0.0117	0.0197	0.0064	0.0096	0.0032	0.0104	0.0032	0.0024	0.0015	0.0227	0.0065	0.0231	0.0154	0.0031	0.0092	0.0180	0.0206	0.0029	0.0071	0.0104	0.0209	0.0196	0.0036	0.0311	0.0023	
0.0136	0.0197	0.0124	0.0230	0.0041	0.0027	0.0160	0.0007	0.0170	0.0057	0.0076	0.0176	0.0124	0.0086	0.0053	0.0263	0.0055	0.0165	0.0071	0.0023	0.0284	0.0020	0.0192	0.0153	0.0035	0.0066	0.0046	0.0108	0.0120	0.0135	0.0173	0.0131	0.0064	0.0116	0.0188	0.0107	0.0144	0.0055	0.0207	0.0210	0.0301	0.0189	0.0259	0.0180	0.0030	0.0043	0.0070	0.0151	0.0034	0.0215	0.0106	0.0046	0.0320	0.0193	0.0060	0.0094	0.0036	0.0227	0.0168	0.0241	0.0228	0.0051	0.0134	0.0050	0.0148	0.0233	0.0106	0.0018	0.0160	0.0179	0.0042	0.0020	0.0188	0.0100	0.0084	0.0064	0.0040	0.0258	0.0130	0.0004	
0.0280	0.0089	0.0048	0.0198	0.0200	0.0168	0.0155	0.0104	0.0048	0.0075	0.0079	0.0212	0.0106	0.0203	0.0232	0.0111	0.0043	0.0178	0.0097	0.0072	0.0195	0.0042	0.0014	0.0103	0.0132	0.0091	0.0093	0.0116	0.0102	0.0304	0.0059	0.0049	0.0114	0.0217	0.0267	0.0121	0.0013	0.0197	0.0052	0.0242	0.0052	0.0246	0.0207	0.0077	0.0105	0.0100	0.0186	0.0190	0.0130	0.0284	0.0003	0.0128	0.0173	0.0009	0.0079	0.0220	0.0097	0.0198	0.0062	0.0146	0.0049	0.0049	0.0011	0.0049	0.0024	0.0037	0.0105	0.0174	0.0216	0.0074	0.0087	0.0145	0.0116	0.0090	0.0038	0.0239	0.0069	0.0181	0.0282	0.0049	
0.0185	0.0101	0.0232	0.0098	0.0162	0.0209	0.0151	0.0121	0.0130	0.0038	0.0041	0.0072	0.0105	0.0128	0.0173	0.0219	0.0168	0.0178	0.0066	0.0053	0.0259	0.0006	0.0225	0.0079	0.0141	0.0131	0.0236	0.0038	0.0171	0.0133	0.0131	0.0177	0.0167	0.0021	0.0252	0.0168	0.0084	0.0178	0.0056	0.0073	0.0197	0.0214	0.0034	0.0146	0.0038	0.0028	0.0030	0.0161	0.0130	0.0073	0.0232	0.0204	0.0128	0.0133	0.0070	0.0156	0.0148	0.0115	0.0153	0.0100	0.0194	0.0093	0.0152	0.0015	0.0149	0.0129	0.0141	0.0086	0.0134	0.0015	0.0098	0.0067	0.0095	0.0197	0.0128	0.0025	0.0230	0.0059	0.0032	0.0113	
0.0127	0.0015	0.0099	0.0126	0.0096	0.0283	0.0054	0.0025	0.0199	0.0064	0.0049	0.0197	0.0248	0.0172	0.0112	0.0008	0.0049	0.0013	0.0029	0.0134	0.0149	0.0143	0.0047	0.0130	0.0207	0.0176	0.0051	0.0128	0.0246	0.0049	0.0184	0.0061	0.0085	0.0064	0.0014	0.0145	0.0206	0.0015	0.0112	0.0171	0.0082	0.0083	0.0116	0.0071	0.0210	0.0161	0.0082	0.0129	0.0097	0.0228	0.0192	0.0184	0.0034	0.0125	0.0286	0.0172	0.0204	0.0243	0.0157	0.0190	0.0172	0.0175	0.0050	0.0129	0.0135	0.0227	0.0153	0.0154	0.0206	0.0146	0.0010	0.0053	0.0118	0.0077	0.0069	0.0087	0.0053	0.0204	0.0205	0.0050	

Emissions
0.0826	0.1145	0.2027	0.0141	0.1271	0.4216	0.0374	
0.2496	0.1355	0.0928	0.1976	0.0366	0.0565	0.2314	
0.1818	0.1893	0.0185	0.1825	0.2901	0.1334	0.0043	
0.1612	0.2137	0.1230	0.0889	0.2163	0.0666	0.1303	
0.0162	0.3029	0.1056	0.2598	0.0899	0.1030	0.1225	
0.0427	0.1840	0.0175	0.0328	0.2348	0.3391	0.1491	
0.0594	0.0841	0.1426	0.1145	0.3279	0.1627	0.1088	
0.1640	0.0804	0.0690	0.2974	0.2707	0.0201	0.0984	
0.1637	0.0504	0.0894	0.0851	0.2508	0.1404	0.2202	
0.1510	0.0001	0.1562	0.0939	0.2842	0.1266	0.1880	
0.2558	0.0092	0.1794	0.0995	0.0718	0.1545	0.2298	
0.1448	0.1719	0.1724	0.0634	0.3083	0.0860	0.0531	
0.1214	0.0160	0.2238	0.0529	0.1321	0.3229	0.1310	
0.1380	0.1940	0.1337	0.1536	0.1100	0.1325	0.1382	
0.0781	0.6057	0.0162	0.0738	0.0944	0.0827	0.0491	
0.0321	0.2638	0.1258	0.1179	0.2657	0.1667	0.0280	
0.0528	0.2699	0.1900	0.1977	0.1206	0.1198	0.0492	
0.2502	0.2795	0.1010	0.0645	0.2068	0.0778	0.0203	
0.0664	0.2973	0.0732	0.1694	0.2485	0.1065	0.0388	
0.0100	0.3889	0.1426	0.1634	0.1993	0.0043	0.0916	
0.0608	0.0953	0.1531	0.0864	0.4224	0.0961	0.0860	
0.1497	0.2740	0.0028	0.1997	0.2649	0.0388	0.0701	
0.2399	0.1351	0.1546	0.0836	0.1734	0.0252	0.1880	
0.1693	0.0585	0.1466	0.1249	0.2956	0.1646	0.0406	
0.0038	0.1160	0.0859	0.1689	0.2668	0.1806	0.1780	
0.1052	0.1966	0.1381	0.0672	0.2898	0.1198	0.0833	
0.0143	0.0827	0.1718	0.0848	0.2693	0.3568	0.0203	
0.0298	0.2159	0.1539	0.0086	0.3740	0.1431	0.0747	
0.0255	0.3353	0.1433	0.0048	0.2014	0.0338	0.2559	
0.1417	0.1242	0.0313	0.0209	0.2245	0.3565	0.1010	
0.1978	0.2223	0.0467	0.0529	0.1458	0.1068	0.2277	
0.3709	0.0172	0.0034	0.0568	0.0445	0.0938	0.4134	
0.1351	0.2239	0.1624	0.1455	0.1361	0.0746	0.1225	
0.2360	0.0403	0.0911	0.0373	0.2190	0.2414	0.1348	
0.2262	0.1649	0.1456	0.0115	0.0610	0.2944	0.0964	
0.2297	0.2372	0.1342	0.1559	0.1031	0.0732	0.0667	
0.1940	0.2928	0.1520	0.1082	0.0084	0.0025	0.2421	
0.2335	0.1101	0.1050	0.0281	0.1261	0.2037	0.1935	
0.1126	0.3030	0.1586	0.1764	0.2138	0.0269	0.0087	
0.1166	0.0697	0.0594	0.0825	0.2008	0.2906	0.1804	
0.0395	0.1147	0.0390	0.0253	0.6337	0.0942	0.0535	
0.1355	0.2343	0.0175	0.0721	0.1981	0.1507	0.1917	
0.0750	0.0543	0.1913	0.1478	0.3620	0.1150	0.0546	
0.1546	0.3323	0.1836	0.1783	0.0389	0.0173	0.0949	
0.0794	0.1544	0.1030	0.1243	0.2124	0.0780	0.2485	
0.0545	0.1151	0.0245	0.0464	0.3340	0.4114	0.0141	
0.2270	0.3366	0.0500	0.0487	0.2742	0.0438	0.0197	
0.0731	0.3068	0.0529	0.2949	0.0277	0.0959	0.1488	
0.1697	0.1632	0.1637	0.2711	0.0125	0.1226	0.0971	
0.1128	0.1361	0.1871	0.0054	0.1235	0.3974	0.0377	
0.1163	0.3508	0.0761	0.0736	0.2202	0.0133	0.1496	
0.1975	0.1168	0.0489	0.0372	0.4274	0.1448	0.0273	
0.0157	0.0697	0.0192	0.0413	0.4231	0.2656	0.1654	
0.0389	0.1651	0.1483	0.0880	0.0062	0.3523	0.2012	
0.0789	0.0922	0.0422	0.0608	0.1641	0.4252	0.1366	
0.1520	0.2188	0.0596	0.0418	0.1059	0.1655	0.2565	
0.2519	0.1369	0.1326	0.0094	0.2166	0.1119	0.1407	
0.0785	0.2016	0.1198	0.0428	0.1623	0.2165	0.1784	
0.0617	0.3394	0.1391	0.1732	0.1601	0.0329	0.0937	
0.0676	0.0392	0.2530	0.1553	0.1774	0.1547	0.1527	
0.2084	0.2025	0.0413	0.0720	0.0162	0.3362	0.1234	
0.0363	0.0619	0.1388	0.2538	0.2159	0.0237	0.2696	
0.1293	0.2115	0.0097	0.1922	0.1716	0.2274	0.0583	
0.2109	0.1993	0.1130	0.1500	0.1020	0.1093	0.1156	
0.0614	0.0820	0.0753	0.0817	0.2163	0.3336	0.1497	
0.0006	0.2121	0.1800	0.1033	0.4137	0.0392	0.0511	
0.2960	0.0648	0.0392	0.0025	0.0597	0.2503	0.2875	
0.0984	0.2604	0.1159	0.0079	0.2790	0.0577	0.1806	
0.0661	0.1377	0.1656	0.0730	0.0694	0.2975	0.1907	
0.1996	0.0407	0.1816	0.1453	0.1750	0.1145	0.1433	
0.0374	0.1021	0.1674	0.0565	0.3032	0.0025	0.3309	
0.0766	0.1121	0.1492	0.0216	0.3285	0.1331	0.1788	
0.0974	0.1854	0.1703	0.0870	0.1573	0.1555	0.1471	
0.1364	0.3811	0.1060	0.2375	0.0839	0.0216	0.0335	
0.0130	0.3430	0.0233	0.3875	0.0898	0.0265	0.1170	
0.1315	0.0165	0.1126	0.0256	0.1166	0.3901	0.2071	
0.1711	0.0727	0.2417	0.0461	0.2788	0.1242	0.0653	
0.1031	0.1921	0.0644	0.1095	0.1990	0.2387	0.0933	
0.1398	0.0120	0.1322	0.0273	0.2947	0.3138	0.0801	
0.1829	0.2422	0.0782	0.1594	0.0842	0.0417	0.2114	
