DataSet 41
Learner: Baum Welch Learner
Log Likelihood: 68650.3366953350

Number of States: 100
Number of Symbols: 7
Threshold: 0.01

Initial Distribution:
0.0025	0.0159	0.0004	0.0214	0.0053	0.0005	0.0153	0.0002	0.0046	0.0102	0.0016	0.0009	0.0046	0.0036	0.0002	0.0029	0.0007	0.0001	0.0134	0.0106	0.0005	0.0038	0.0091	0.0054	0.0308	0.0133	0.0001	0.0076	0.0001	0.0083	0.0030	0.0060	0.0144	0.0044	0.0022	0.0144	0.0000	0.0090	0.0118	0.0157	0.0015	0.0135	0.0551	0.0025	0.0000	0.0317	0.0793	0.0003	0.0036	0.0037	0.0024	0.0290	0.0009	0.0039	0.0096	0.0119	0.0022	0.0045	0.0084	0.0329	0.0003	0.0197	0.0004	0.0071	0.0216	0.0124	0.0336	0.0035	0.0366	0.0111	0.0045	0.0084	0.0092	0.0003	0.0073	0.0024	0.0016	0.0013	0.0271	0.0008	0.0084	0.0338	0.0083	0.0160	0.0185	0.0001	0.0020	0.0002	0.0019	0.0034	0.0005	0.0155	0.0338	0.0190	0.0021	0.0031	0.0108	0.0190	0.0194	0.0032	

Transitions:
0.0075	0.0114	0.0077	0.0048	0.0154	0.0089	0.0088	0.0071	0.0028	0.0107	0.0005	0.0038	0.0081	0.0114	0.0098	0.0013	0.0088	0.0069	0.0192	0.0119	0.0119	0.0094	0.0104	0.0200	0.0092	0.0155	0.0182	0.0121	0.0135	0.0032	0.0112	0.0035	0.0086	0.0151	0.0181	0.0192	0.0113	0.0035	0.0149	0.0052	0.0120	0.0167	0.0137	0.0056	0.0154	0.0171	0.0058	0.0091	0.0073	0.0072	0.0150	0.0062	0.0139	0.0023	0.0130	0.0172	0.0227	0.0089	0.0170	0.0014	0.0117	0.0162	0.0124	0.0001	0.0006	0.0187	0.0104	0.0162	0.0132	0.0065	0.0092	0.0051	0.0130	0.0120	0.0017	0.0151	0.0150	0.0058	0.0044	0.0143	0.0084	0.0080	0.0070	0.0050	0.0058	0.0056	0.0118	0.0079	0.0019	0.0200	0.0002	0.0045	0.0057	0.0099	0.0164	0.0165	0.0031	0.0134	0.0040	0.0149	
0.0035	0.0142	0.0111	0.0160	0.0151	0.0115	0.0122	0.0212	0.0008	0.0152	0.0064	0.0141	0.0019	0.0008	0.0119	0.0010	0.0108	0.0079	0.0138	0.0155	0.0051	0.0078	0.0120	0.0007	0.0077	0.0041	0.0183	0.0004	0.0174	0.0089	0.0141	0.0147	0.0007	0.0092	0.0124	0.0172	0.0189	0.0097	0.0086	0.0154	0.0132	0.0127	0.0050	0.0063	0.0107	0.0057	0.0027	0.0081	0.0023	0.0136	0.0029	0.0140	0.0042	0.0082	0.0122	0.0158	0.0006	0.0102	0.0097	0.0138	0.0142	0.0125	0.0014	0.0124	0.0019	0.0129	0.0112	0.0148	0.0088	0.0121	0.0018	0.0012	0.0191	0.0176	0.0036	0.0122	0.0019	0.0058	0.0097	0.0023	0.0012	0.0095	0.0181	0.0043	0.0052	0.0205	0.0104	0.0137	0.0173	0.0162	0.0184	0.0096	0.0160	0.0131	0.0029	0.0216	0.0118	0.0117	0.0044	0.0166	
0.0129	0.0110	0.0211	0.0061	0.0096	0.0020	0.0120	0.0071	0.0047	0.0166	0.0149	0.0163	0.0192	0.0067	0.0147	0.0023	0.0172	0.0150	0.0070	0.0027	0.0013	0.0018	0.0162	0.0156	0.0128	0.0103	0.0020	0.0047	0.0176	0.0051	0.0019	0.0086	0.0012	0.0137	0.0120	0.0105	0.0135	0.0113	0.0132	0.0037	0.0050	0.0048	0.0046	0.0189	0.0004	0.0019	0.0090	0.0150	0.0038	0.0202	0.0044	0.0122	0.0083	0.0014	0.0185	0.0098	0.0157	0.0017	0.0136	0.0205	0.0000	0.0088	0.0096	0.0007	0.0150	0.0060	0.0093	0.0075	0.0126	0.0003	0.0092	0.0044	0.0035	0.0033	0.0171	0.0159	0.0200	0.0196	0.0118	0.0153	0.0004	0.0080	0.0019	0.0138	0.0168	0.0088	0.0020	0.0240	0.0183	0.0224	0.0215	0.0106	0.0119	0.0094	0.0044	0.0170	0.0151	0.0043	0.0008	0.0131	
0.0069	0.0045	0.0139	0.0024	0.0087	0.0002	0.0077	0.0032	0.0022	0.0002	0.0173	0.0143	0.0055	0.0156	0.0197	0.0095	0.0074	0.0104	0.0009	0.0080	0.0036	0.0122	0.0108	0.0154	0.0018	0.0160	0.0079	0.0097	0.0192	0.0037	0.0022	0.0087	0.0150	0.0007	0.0056	0.0130	0.0145	0.0181	0.0046	0.0156	0.0166	0.0179	0.0137	0.0150	0.0027	0.0024	0.0043	0.0195	0.0137	0.0138	0.0052	0.0147	0.0050	0.0126	0.0094	0.0144	0.0145	0.0148	0.0003	0.0106	0.0135	0.0171	0.0034	0.0201	0.0161	0.0057	0.0134	0.0055	0.0088	0.0034	0.0129	0.0085	0.0100	0.0014	0.0115	0.0043	0.0162	0.0145	0.0152	0.0167	0.0095	0.0064	0.0142	0.0056	0.0152	0.0031	0.0043	0.0057	0.0091	0.0112	0.0011	0.0160	0.0151	0.0100	0.0073	0.0154	0.0126	0.0142	0.0130	0.0150	
0.0052	0.0001	0.0087	0.0076	0.0159	0.0224	0.0074	0.0038	0.0183	0.0046	0.0200	0.0227	0.0001	0.0006	0.0012	0.0055	0.0026	0.0141	0.0019	0.0147	0.0013	0.0124	0.0150	0.0007	0.0022	0.0165	0.0113	0.0169	0.0183	0.0152	0.0103	0.0187	0.0155	0.0218	0.0179	0.0109	0.0178	0.0089	0.0096	0.0179	0.0163	0.0016	0.0049	0.0052	0.0154	0.0014	0.0153	0.0241	0.0134	0.0010	0.0142	0.0159	0.0197	0.0029	0.0167	0.0130	0.0057	0.0082	0.0077	0.0196	0.0092	0.0101	0.0068	0.0056	0.0135	0.0205	0.0017	0.0013	0.0047	0.0073	0.0055	0.0143	0.0074	0.0030	0.0002	0.0193	0.0077	0.0121	0.0057	0.0014	0.0161	0.0093	0.0073	0.0120	0.0167	0.0143	0.0027	0.0167	0.0037	0.0019	0.0084	0.0119	0.0005	0.0083	0.0122	0.0046	0.0150	0.0007	0.0076	0.0137	
0.0170	0.0200	0.0120	0.0014	0.0116	0.0005	0.0090	0.0130	0.0023	0.0143	0.0064	0.0141	0.0197	0.0052	0.0002	0.0113	0.0032	0.0127	0.0066	0.0025	0.0140	0.0077	0.0170	0.0038	0.0017	0.0110	0.0133	0.0153	0.0110	0.0168	0.0060	0.0044	0.0012	0.0116	0.0024	0.0018	0.0186	0.0057	0.0201	0.0186	0.0027	0.0094	0.0089	0.0067	0.0150	0.0120	0.0133	0.0162	0.0099	0.0126	0.0003	0.0184	0.0149	0.0049	0.0190	0.0100	0.0198	0.0077	0.0196	0.0030	0.0068	0.0120	0.0010	0.0058	0.0090	0.0028	0.0099	0.0086	0.0023	0.0133	0.0154	0.0157	0.0137	0.0071	0.0003	0.0056	0.0172	0.0084	0.0083	0.0084	0.0156	0.0168	0.0072	0.0175	0.0140	0.0067	0.0099	0.0162	0.0122	0.0110	0.0023	0.0108	0.0038	0.0115	0.0130	0.0107	0.0086	0.0045	0.0169	0.0097	
0.0008	0.0056	0.0125	0.0097	0.0162	0.0027	0.0044	0.0067	0.0065	0.0108	0.0149	0.0113	0.0182	0.0112	0.0038	0.0068	0.0055	0.0023	0.0118	0.0027	0.0115	0.0181	0.0133	0.0132	0.0142	0.0046	0.0130	0.0182	0.0171	0.0113	0.0171	0.0110	0.0109	0.0211	0.0095	0.0146	0.0059	0.0186	0.0017	0.0145	0.0026	0.0042	0.0073	0.0019	0.0170	0.0125	0.0155	0.0182	0.0140	0.0051	0.0039	0.0060	0.0162	0.0136	0.0208	0.0029	0.0129	0.0001	0.0179	0.0138	0.0095	0.0053	0.0092	0.0156	0.0127	0.0042	0.0154	0.0195	0.0027	0.0075	0.0005	0.0093	0.0007	0.0157	0.0002	0.0079	0.0121	0.0130	0.0130	0.0041	0.0082	0.0159	0.0070	0.0099	0.0064	0.0136	0.0166	0.0177	0.0000	0.0061	0.0033	0.0064	0.0000	0.0081	0.0045	0.0215	0.0164	0.0107	0.0077	0.0114	
0.0127	0.0194	0.0126	0.0027	0.0033	0.0140	0.0041	0.0204	0.0127	0.0093	0.0135	0.0188	0.0041	0.0101	0.0031	0.0083	0.0200	0.0156	0.0084	0.0008	0.0071	0.0025	0.0175	0.0159	0.0047	0.0117	0.0112	0.0100	0.0120	0.0033	0.0147	0.0164	0.0034	0.0035	0.0114	0.0104	0.0070	0.0032	0.0068	0.0117	0.0082	0.0173	0.0001	0.0088	0.0130	0.0033	0.0019	0.0098	0.0075	0.0137	0.0142	0.0122	0.0044	0.0065	0.0048	0.0107	0.0211	0.0138	0.0168	0.0100	0.0038	0.0126	0.0061	0.0123	0.0147	0.0165	0.0103	0.0009	0.0010	0.0085	0.0033	0.0142	0.0112	0.0149	0.0122	0.0087	0.0028	0.0084	0.0049	0.0021	0.0089	0.0013	0.0041	0.0160	0.0043	0.0212	0.0124	0.0193	0.0188	0.0203	0.0130	0.0120	0.0038	0.0117	0.0118	0.0142	0.0111	0.0058	0.0106	0.0133	
0.0087	0.0017	0.0071	0.0109	0.0085	0.0028	0.0020	0.0082	0.0125	0.0124	0.0083	0.0125	0.0072	0.0145	0.0212	0.0013	0.0093	0.0069	0.0078	0.0157	0.0024	0.0180	0.0019	0.0030	0.0153	0.0087	0.0098	0.0145	0.0059	0.0004	0.0168	0.0138	0.0141	0.0105	0.0149	0.0093	0.0127	0.0103	0.0085	0.0027	0.0190	0.0052	0.0020	0.0039	0.0097	0.0003	0.0066	0.0124	0.0177	0.0078	0.0032	0.0031	0.0004	0.0128	0.0136	0.0089	0.0213	0.0044	0.0177	0.0004	0.0127	0.0054	0.0020	0.0126	0.0138	0.0148	0.0116	0.0180	0.0014	0.0070	0.0066	0.0007	0.0175	0.0043	0.0168	0.0154	0.0194	0.0175	0.0103	0.0188	0.0022	0.0162	0.0206	0.0153	0.0143	0.0160	0.0142	0.0214	0.0165	0.0034	0.0112	0.0095	0.0092	0.0060	0.0103	0.0135	0.0033	0.0071	0.0069	0.0128	
0.0050	0.0101	0.0095	0.0051	0.0010	0.0033	0.0037	0.0170	0.0157	0.0135	0.0136	0.0016	0.0101	0.0159	0.0204	0.0118	0.0065	0.0043	0.0178	0.0001	0.0183	0.0155	0.0175	0.0196	0.0157	0.0152	0.0080	0.0099	0.0164	0.0081	0.0133	0.0068	0.0088	0.0201	0.0164	0.0120	0.0092	0.0146	0.0158	0.0144	0.0124	0.0180	0.0027	0.0019	0.0100	0.0085	0.0006	0.0195	0.0119	0.0169	0.0050	0.0170	0.0137	0.0074	0.0160	0.0084	0.0124	0.0117	0.0087	0.0050	0.0155	0.0123	0.0009	0.0084	0.0012	0.0071	0.0088	0.0117	0.0019	0.0039	0.0024	0.0125	0.0078	0.0024	0.0077	0.0012	0.0155	0.0179	0.0073	0.0110	0.0133	0.0098	0.0002	0.0151	0.0022	0.0170	0.0150	0.0016	0.0042	0.0058	0.0020	0.0002	0.0038	0.0089	0.0194	0.0215	0.0193	0.0116	0.0004	0.0020	
0.0145	0.0123	0.0162	0.0066	0.0116	0.0110	0.0081	0.0112	0.0165	0.0137	0.0214	0.0131	0.0006	0.0155	0.0095	0.0028	0.0141	0.0031	0.0060	0.0055	0.0131	0.0108	0.0085	0.0145	0.0028	0.0022	0.0109	0.0169	0.0032	0.0109	0.0046	0.0183	0.0166	0.0082	0.0165	0.0061	0.0197	0.0150	0.0031	0.0092	0.0077	0.0057	0.0015	0.0104	0.0086	0.0065	0.0166	0.0100	0.0032	0.0202	0.0036	0.0126	0.0107	0.0147	0.0100	0.0088	0.0031	0.0167	0.0022	0.0111	0.0036	0.0139	0.0083	0.0109	0.0115	0.0239	0.0139	0.0170	0.0022	0.0027	0.0055	0.0198	0.0014	0.0163	0.0205	0.0066	0.0086	0.0163	0.0107	0.0144	0.0023	0.0004	0.0119	0.0075	0.0054	0.0115	0.0088	0.0025	0.0172	0.0076	0.0037	0.0012	0.0096	0.0095	0.0126	0.0137	0.0185	0.0115	0.0004	0.0076	
0.0115	0.0077	0.0059	0.0174	0.0091	0.0077	0.0116	0.0142	0.0150	0.0024	0.0190	0.0074	0.0074	0.0075	0.0110	0.0019	0.0200	0.0178	0.0048	0.0002	0.0101	0.0158	0.0163	0.0156	0.0171	0.0040	0.0071	0.0107	0.0072	0.0068	0.0100	0.0158	0.0151	0.0018	0.0038	0.0174	0.0145	0.0164	0.0199	0.0190	0.0217	0.0180	0.0050	0.0149	0.0093	0.0152	0.0149	0.0054	0.0001	0.0065	0.0112	0.0196	0.0092	0.0002	0.0192	0.0179	0.0123	0.0101	0.0002	0.0067	0.0233	0.0012	0.0067	0.0094	0.0136	0.0034	0.0090	0.0065	0.0035	0.0109	0.0073	0.0051	0.0018	0.0058	0.0027	0.0131	0.0106	0.0006	0.0073	0.0033	0.0087	0.0022	0.0119	0.0009	0.0120	0.0112	0.0082	0.0191	0.0040	0.0070	0.0063	0.0060	0.0108	0.0090	0.0224	0.0201	0.0117	0.0151	0.0019	0.0046	
0.0054	0.0104	0.0197	0.0057	0.0154	0.0088	0.0162	0.0021	0.0156	0.0032	0.0082	0.0105	0.0005	0.0166	0.0166	0.0134	0.0091	0.0046	0.0179	0.0032	0.0138	0.0148	0.0013	0.0163	0.0072	0.0008	0.0115	0.0102	0.0065	0.0068	0.0039	0.0117	0.0176	0.0036	0.0196	0.0011	0.0025	0.0054	0.0022	0.0041	0.0146	0.0062	0.0154	0.0007	0.0178	0.0138	0.0059	0.0194	0.0149	0.0014	0.0051	0.0049	0.0210	0.0146	0.0102	0.0113	0.0079	0.0016	0.0179	0.0192	0.0182	0.0066	0.0161	0.0107	0.0199	0.0186	0.0098	0.0194	0.0157	0.0121	0.0143	0.0045	0.0032	0.0116	0.0100	0.0078	0.0178	0.0005	0.0007	0.0125	0.0127	0.0131	0.0160	0.0055	0.0002	0.0199	0.0120	0.0232	0.0120	0.0068	0.0148	0.0012	0.0053	0.0032	0.0084	0.0068	0.0120	0.0065	0.0013	0.0011	
0.0035	0.0104	0.0174	0.0177	0.0060	0.0016	0.0017	0.0071	0.0078	0.0007	0.0147	0.0081	0.0007	0.0049	0.0034	0.0018	0.0095	0.0080	0.0124	0.0004	0.0036	0.0120	0.0034	0.0133	0.0017	0.0134	0.0186	0.0184	0.0053	0.0052	0.0182	0.0092	0.0183	0.0217	0.0115	0.0067	0.0156	0.0209	0.0224	0.0195	0.0212	0.0063	0.0105	0.0131	0.0128	0.0060	0.0006	0.0026	0.0008	0.0060	0.0132	0.0021	0.0185	0.0008	0.0189	0.0132	0.0064	0.0044	0.0189	0.0148	0.0034	0.0026	0.0016	0.0032	0.0026	0.0059	0.0069	0.0013	0.0128	0.0134	0.0045	0.0120	0.0100	0.0110	0.0031	0.0163	0.0239	0.0103	0.0012	0.0154	0.0112	0.0142	0.0195	0.0186	0.0091	0.0181	0.0129	0.0221	0.0019	0.0209	0.0006	0.0136	0.0160	0.0053	0.0182	0.0191	0.0050	0.0079	0.0099	0.0066	
0.0167	0.0225	0.0075	0.0032	0.0008	0.0028	0.0100	0.0057	0.0149	0.0173	0.0128	0.0151	0.0023	0.0016	0.0004	0.0055	0.0041	0.0013	0.0136	0.0058	0.0117	0.0097	0.0198	0.0157	0.0131	0.0091	0.0144	0.0033	0.0154	0.0088	0.0151	0.0110	0.0182	0.0149	0.0201	0.0126	0.0092	0.0159	0.0207	0.0057	0.0045	0.0078	0.0004	0.0028	0.0060	0.0044	0.0095	0.0215	0.0064	0.0095	0.0083	0.0022	0.0176	0.0036	0.0152	0.0092	0.0005	0.0094	0.0070	0.0102	0.0112	0.0084	0.0096	0.0095	0.0050	0.0011	0.0111	0.0098	0.0033	0.0055	0.0169	0.0084	0.0025	0.0074	0.0022	0.0041	0.0100	0.0157	0.0107	0.0108	0.0152	0.0124	0.0162	0.0062	0.0160	0.0127	0.0155	0.0195	0.0188	0.0088	0.0147	0.0005	0.0052	0.0064	0.0212	0.0166	0.0187	0.0089	0.0157	0.0039	
0.0099	0.0035	0.0161	0.0150	0.0101	0.0020	0.0150	0.0086	0.0016	0.0086	0.0002	0.0047	0.0164	0.0144	0.0153	0.0147	0.0131	0.0017	0.0116	0.0127	0.0045	0.0203	0.0096	0.0172	0.0104	0.0155	0.0020	0.0136	0.0132	0.0079	0.0072	0.0179	0.0163	0.0089	0.0012	0.0133	0.0014	0.0214	0.0157	0.0138	0.0132	0.0097	0.0103	0.0099	0.0089	0.0076	0.0029	0.0145	0.0200	0.0024	0.0032	0.0131	0.0254	0.0045	0.0001	0.0108	0.0173	0.0181	0.0050	0.0133	0.0002	0.0050	0.0144	0.0160	0.0033	0.0025	0.0040	0.0102	0.0105	0.0140	0.0128	0.0124	0.0065	0.0171	0.0019	0.0143	0.0073	0.0004	0.0080	0.0054	0.0107	0.0083	0.0175	0.0075	0.0031	0.0124	0.0182	0.0171	0.0088	0.0128	0.0011	0.0045	0.0104	0.0010	0.0203	0.0069	0.0134	0.0145	0.0039	0.0050	
0.0029	0.0159	0.0210	0.0129	0.0074	0.0143	0.0071	0.0046	0.0020	0.0043	0.0058	0.0157	0.0071	0.0173	0.0019	0.0091	0.0088	0.0064	0.0110	0.0118	0.0039	0.0125	0.0008	0.0053	0.0116	0.0073	0.0221	0.0051	0.0003	0.0174	0.0018	0.0064	0.0135	0.0047	0.0035	0.0151	0.0135	0.0228	0.0001	0.0112	0.0016	0.0142	0.0082	0.0031	0.0065	0.0065	0.0125	0.0195	0.0260	0.0062	0.0183	0.0045	0.0115	0.0122	0.0015	0.0099	0.0177	0.0134	0.0038	0.0002	0.0161	0.0034	0.0027	0.0070	0.0028	0.0193	0.0115	0.0035	0.0114	0.0028	0.0158	0.0073	0.0069	0.0202	0.0107	0.0091	0.0282	0.0213	0.0145	0.0096	0.0084	0.0024	0.0057	0.0119	0.0133	0.0194	0.0179	0.0038	0.0033	0.0151	0.0041	0.0023	0.0103	0.0140	0.0221	0.0209	0.0123	0.0037	0.0151	0.0056	
0.0085	0.0147	0.0170	0.0088	0.0088	0.0150	0.0166	0.0093	0.0004	0.0093	0.0096	0.0202	0.0121	0.0145	0.0112	0.0081	0.0163	0.0076	0.0124	0.0067	0.0009	0.0142	0.0002	0.0050	0.0002	0.0120	0.0107	0.0064	0.0008	0.0148	0.0132	0.0125	0.0158	0.0132	0.0007	0.0152	0.0037	0.0123	0.0041	0.0053	0.0198	0.0076	0.0020	0.0103	0.0000	0.0078	0.0119	0.0018	0.0105	0.0066	0.0176	0.0024	0.0147	0.0085	0.0056	0.0097	0.0172	0.0167	0.0204	0.0207	0.0190	0.0089	0.0066	0.0055	0.0118	0.0174	0.0123	0.0190	0.0107	0.0087	0.0050	0.0069	0.0040	0.0048	0.0072	0.0111	0.0175	0.0093	0.0030	0.0128	0.0017	0.0083	0.0210	0.0108	0.0114	0.0151	0.0198	0.0069	0.0075	0.0089	0.0007	0.0100	0.0088	0.0047	0.0043	0.0105	0.0227	0.0118	0.0118	0.0021	
0.0104	0.0151	0.0086	0.0159	0.0017	0.0120	0.0179	0.0104	0.0031	0.0128	0.0214	0.0054	0.0090	0.0029	0.0163	0.0087	0.0132	0.0160	0.0125	0.0212	0.0190	0.0113	0.0106	0.0063	0.0138	0.0142	0.0167	0.0175	0.0010	0.0010	0.0147	0.0178	0.0144	0.0029	0.0037	0.0103	0.0029	0.0026	0.0129	0.0043	0.0204	0.0111	0.0036	0.0172	0.0090	0.0152	0.0033	0.0131	0.0151	0.0177	0.0154	0.0040	0.0057	0.0157	0.0046	0.0220	0.0030	0.0019	0.0017	0.0083	0.0173	0.0012	0.0089	0.0023	0.0200	0.0038	0.0104	0.0068	0.0183	0.0046	0.0071	0.0101	0.0047	0.0076	0.0023	0.0084	0.0074	0.0147	0.0177	0.0194	0.0107	0.0043	0.0038	0.0052	0.0055	0.0108	0.0120	0.0214	0.0191	0.0038	0.0080	0.0013	0.0006	0.0035	0.0106	0.0194	0.0020	0.0016	0.0185	0.0048	
0.0036	0.0177	0.0102	0.0070	0.0073	0.0051	0.0159	0.0167	0.0118	0.0136	0.0124	0.0082	0.0035	0.0028	0.0160	0.0084	0.0158	0.0024	0.0154	0.0084	0.0101	0.0130	0.0070	0.0139	0.0144	0.0044	0.0090	0.0008	0.0161	0.0057	0.0062	0.0043	0.0144	0.0119	0.0142	0.0119	0.0124	0.0147	0.0154	0.0172	0.0101	0.0134	0.0021	0.0022	0.0093	0.0152	0.0149	0.0175	0.0065	0.0171	0.0146	0.0161	0.0047	0.0066	0.0124	0.0092	0.0098	0.0134	0.0095	0.0039	0.0160	0.0166	0.0183	0.0077	0.0083	0.0084	0.0097	0.0111	0.0068	0.0029	0.0150	0.0018	0.0063	0.0152	0.0170	0.0144	0.0111	0.0043	0.0059	0.0175	0.0062	0.0100	0.0124	0.0002	0.0064	0.0075	0.0000	0.0087	0.0170	0.0041	0.0028	0.0169	0.0035	0.0092	0.0039	0.0112	0.0138	0.0117	0.0114	0.0010	
0.0052	0.0072	0.0096	0.0027	0.0008	0.0187	0.0098	0.0084	0.0075	0.0143	0.0197	0.0059	0.0073	0.0101	0.0190	0.0034	0.0047	0.0158	0.0010	0.0013	0.0082	0.0041	0.0120	0.0045	0.0006	0.0160	0.0194	0.0143	0.0142	0.0084	0.0028	0.0169	0.0105	0.0062	0.0172	0.0013	0.0033	0.0124	0.0211	0.0101	0.0193	0.0132	0.0000	0.0034	0.0066	0.0152	0.0111	0.0174	0.0171	0.0216	0.0056	0.0144	0.0161	0.0104	0.0134	0.0016	0.0168	0.0042	0.0026	0.0035	0.0224	0.0159	0.0140	0.0007	0.0129	0.0013	0.0104	0.0018	0.0118	0.0118	0.0006	0.0129	0.0192	0.0100	0.0049	0.0144	0.0048	0.0083	0.0159	0.0033	0.0041	0.0030	0.0004	0.0124	0.0007	0.0078	0.0038	0.0238	0.0130	0.0150	0.0078	0.0179	0.0060	0.0123	0.0143	0.0232	0.0200	0.0158	0.0087	0.0042	
0.0033	0.0109	0.0181	0.0134	0.0149	0.0141	0.0126	0.0033	0.0057	0.0134	0.0160	0.0064	0.0045	0.0165	0.0197	0.0121	0.0160	0.0002	0.0187	0.0055	0.0149	0.0135	0.0074	0.0034	0.0064	0.0007	0.0052	0.0033	0.0185	0.0053	0.0162	0.0040	0.0152	0.0139	0.0213	0.0120	0.0053	0.0006	0.0135	0.0067	0.0112	0.0006	0.0089	0.0154	0.0159	0.0001	0.0118	0.0099	0.0180	0.0144	0.0032	0.0150	0.0209	0.0029	0.0072	0.0077	0.0026	0.0140	0.0112	0.0174	0.0083	0.0103	0.0038	0.0012	0.0154	0.0125	0.0055	0.0109	0.0136	0.0033	0.0085	0.0129	0.0047	0.0111	0.0129	0.0144	0.0018	0.0112	0.0061	0.0080	0.0047	0.0126	0.0064	0.0022	0.0013	0.0195	0.0045	0.0153	0.0068	0.0110	0.0118	0.0103	0.0062	0.0113	0.0194	0.0199	0.0158	0.0082	0.0140	0.0016	
0.0112	0.0047	0.0108	0.0128	0.0057	0.0090	0.0106	0.0080	0.0073	0.0101	0.0092	0.0109	0.0052	0.0025	0.0137	0.0116	0.0058	0.0016	0.0198	0.0199	0.0085	0.0145	0.0039	0.0090	0.0114	0.0163	0.0071	0.0091	0.0139	0.0176	0.0006	0.0104	0.0138	0.0074	0.0196	0.0017	0.0066	0.0151	0.0180	0.0115	0.0080	0.0195	0.0056	0.0174	0.0029	0.0007	0.0061	0.0082	0.0050	0.0088	0.0112	0.0130	0.0143	0.0185	0.0141	0.0207	0.0008	0.0004	0.0191	0.0088	0.0029	0.0034	0.0143	0.0123	0.0103	0.0200	0.0133	0.0217	0.0049	0.0095	0.0054	0.0115	0.0058	0.0069	0.0128	0.0097	0.0082	0.0077	0.0065	0.0122	0.0087	0.0169	0.0045	0.0055	0.0035	0.0073	0.0179	0.0199	0.0130	0.0218	0.0013	0.0060	0.0123	0.0064	0.0138	0.0040	0.0043	0.0135	0.0057	0.0049	
0.0049	0.0107	0.0006	0.0119	0.0019	0.0025	0.0081	0.0062	0.0054	0.0033	0.0125	0.0155	0.0157	0.0074	0.0252	0.0028	0.0213	0.0074	0.0086	0.0038	0.0198	0.0219	0.0063	0.0083	0.0082	0.0190	0.0203	0.0196	0.0181	0.0105	0.0067	0.0132	0.0010	0.0016	0.0103	0.0008	0.0202	0.0137	0.0043	0.0015	0.0218	0.0148	0.0092	0.0106	0.0087	0.0082	0.0114	0.0098	0.0089	0.0085	0.0052	0.0158	0.0099	0.0026	0.0070	0.0047	0.0037	0.0159	0.0056	0.0036	0.0066	0.0101	0.0092	0.0194	0.0171	0.0221	0.0100	0.0159	0.0162	0.0170	0.0045	0.0075	0.0042	0.0067	0.0062	0.0057	0.0121	0.0192	0.0003	0.0017	0.0060	0.0085	0.0128	0.0082	0.0036	0.0121	0.0045	0.0239	0.0174	0.0041	0.0222	0.0062	0.0049	0.0006	0.0201	0.0099	0.0050	0.0117	0.0114	0.0081	
0.0170	0.0172	0.0097	0.0060	0.0032	0.0210	0.0100	0.0017	0.0161	0.0003	0.0174	0.0069	0.0123	0.0029	0.0212	0.0185	0.0208	0.0006	0.0128	0.0066	0.0147	0.0141	0.0153	0.0201	0.0012	0.0164	0.0015	0.0031	0.0130	0.0185	0.0013	0.0159	0.0041	0.0136	0.0075	0.0055	0.0005	0.0043	0.0044	0.0054	0.0172	0.0025	0.0016	0.0183	0.0084	0.0110	0.0090	0.0036	0.0054	0.0208	0.0116	0.0030	0.0009	0.0058	0.0140	0.0011	0.0030	0.0143	0.0074	0.0049	0.0160	0.0078	0.0075	0.0195	0.0145	0.0188	0.0014	0.0005	0.0144	0.0089	0.0162	0.0133	0.0141	0.0075	0.0088	0.0129	0.0159	0.0027	0.0064	0.0106	0.0039	0.0143	0.0185	0.0084	0.0070	0.0199	0.0144	0.0211	0.0217	0.0064	0.0046	0.0074	0.0140	0.0002	0.0096	0.0098	0.0121	0.0025	0.0127	0.0076	
0.0087	0.0138	0.0065	0.0141	0.0033	0.0171	0.0070	0.0149	0.0145	0.0014	0.0105	0.0005	0.0046	0.0148	0.0008	0.0179	0.0099	0.0003	0.0102	0.0013	0.0050	0.0025	0.0022	0.0121	0.0045	0.0074	0.0186	0.0145	0.0184	0.0002	0.0004	0.0084	0.0056	0.0218	0.0013	0.0103	0.0111	0.0046	0.0075	0.0111	0.0105	0.0011	0.0033	0.0179	0.0162	0.0033	0.0029	0.0016	0.0220	0.0132	0.0168	0.0104	0.0155	0.0145	0.0032	0.0072	0.0123	0.0154	0.0094	0.0150	0.0201	0.0129	0.0151	0.0164	0.0011	0.0008	0.0117	0.0054	0.0121	0.0086	0.0060	0.0054	0.0132	0.0177	0.0115	0.0037	0.0213	0.0057	0.0150	0.0015	0.0038	0.0127	0.0144	0.0054	0.0011	0.0099	0.0144	0.0130	0.0160	0.0171	0.0218	0.0168	0.0123	0.0104	0.0160	0.0183	0.0053	0.0070	0.0138	0.0139	
0.0080	0.0222	0.0073	0.0097	0.0041	0.0133	0.0141	0.0179	0.0026	0.0182	0.0091	0.0056	0.0177	0.0069	0.0123	0.0031	0.0187	0.0078	0.0133	0.0117	0.0057	0.0034	0.0094	0.0004	0.0080	0.0071	0.0125	0.0017	0.0037	0.0156	0.0225	0.0103	0.0089	0.0010	0.0145	0.0053	0.0092	0.0059	0.0010	0.0061	0.0130	0.0210	0.0060	0.0166	0.0073	0.0105	0.0152	0.0083	0.0223	0.0115	0.0135	0.0131	0.0177	0.0031	0.0093	0.0068	0.0108	0.0058	0.0000	0.0152	0.0036	0.0161	0.0135	0.0086	0.0004	0.0200	0.0121	0.0212	0.0105	0.0050	0.0146	0.0114	0.0088	0.0069	0.0013	0.0056	0.0164	0.0110	0.0135	0.0153	0.0069	0.0030	0.0016	0.0128	0.0152	0.0041	0.0149	0.0081	0.0114	0.0069	0.0174	0.0029	0.0041	0.0029	0.0065	0.0153	0.0071	0.0166	0.0154	0.0080	
0.0168	0.0027	0.0121	0.0125	0.0130	0.0084	0.0056	0.0079	0.0019	0.0026	0.0118	0.0201	0.0123	0.0038	0.0103	0.0170	0.0145	0.0150	0.0129	0.0169	0.0013	0.0100	0.0060	0.0094	0.0087	0.0109	0.0065	0.0052	0.0022	0.0072	0.0197	0.0155	0.0137	0.0055	0.0220	0.0057	0.0115	0.0089	0.0204	0.0077	0.0199	0.0096	0.0034	0.0090	0.0159	0.0150	0.0099	0.0022	0.0162	0.0060	0.0171	0.0085	0.0089	0.0182	0.0079	0.0082	0.0185	0.0020	0.0036	0.0037	0.0019	0.0009	0.0050	0.0162	0.0034	0.0173	0.0035	0.0079	0.0044	0.0028	0.0070	0.0062	0.0190	0.0039	0.0190	0.0110	0.0067	0.0179	0.0128	0.0138	0.0002	0.0035	0.0107	0.0149	0.0066	0.0114	0.0076	0.0175	0.0168	0.0125	0.0105	0.0098	0.0034	0.0129	0.0079	0.0190	0.0044	0.0073	0.0045	0.0179	
0.0125	0.0051	0.0217	0.0085	0.0160	0.0165	0.0080	0.0048	0.0004	0.0137	0.0023	0.0225	0.0078	0.0086	0.0046	0.0169	0.0126	0.0071	0.0086	0.0129	0.0079	0.0112	0.0099	0.0163	0.0109	0.0150	0.0029	0.0035	0.0223	0.0036	0.0096	0.0179	0.0111	0.0174	0.0030	0.0143	0.0081	0.0002	0.0197	0.0127	0.0247	0.0044	0.0101	0.0023	0.0114	0.0085	0.0022	0.0207	0.0159	0.0106	0.0058	0.0135	0.0008	0.0121	0.0140	0.0021	0.0191	0.0012	0.0189	0.0018	0.0141	0.0063	0.0057	0.0191	0.0065	0.0056	0.0050	0.0168	0.0049	0.0063	0.0100	0.0097	0.0096	0.0164	0.0130	0.0033	0.0227	0.0087	0.0053	0.0051	0.0115	0.0059	0.0119	0.0074	0.0147	0.0156	0.0169	0.0003	0.0023	0.0002	0.0008	0.0064	0.0023	0.0128	0.0034	0.0164	0.0200	0.0125	0.0125	0.0034	
0.0020	0.0104	0.0086	0.0036	0.0162	0.0183	0.0049	0.0065	0.0168	0.0081	0.0066	0.0075	0.0145	0.0107	0.0092	0.0034	0.0153	0.0153	0.0008	0.0142	0.0082	0.0074	0.0108	0.0072	0.0058	0.0022	0.0067	0.0123	0.0122	0.0200	0.0053	0.0188	0.0116	0.0030	0.0031	0.0032	0.0172	0.0079	0.0089	0.0172	0.0071	0.0102	0.0014	0.0131	0.0143	0.0113	0.0094	0.0133	0.0095	0.0197	0.0169	0.0002	0.0184	0.0180	0.0149	0.0144	0.0195	0.0009	0.0172	0.0164	0.0111	0.0118	0.0120	0.0186	0.0034	0.0077	0.0110	0.0130	0.0073	0.0039	0.0047	0.0066	0.0081	0.0012	0.0076	0.0168	0.0064	0.0195	0.0111	0.0137	0.0087	0.0120	0.0044	0.0113	0.0011	0.0055	0.0029	0.0149	0.0080	0.0093	0.0054	0.0165	0.0076	0.0099	0.0099	0.0155	0.0176	0.0024	0.0079	0.0057	
0.0190	0.0006	0.0023	0.0028	0.0128	0.0132	0.0095	0.0184	0.0110	0.0153	0.0101	0.0000	0.0079	0.0029	0.0086	0.0151	0.0099	0.0001	0.0177	0.0177	0.0042	0.0026	0.0040	0.0017	0.0162	0.0057	0.0204	0.0163	0.0154	0.0162	0.0017	0.0026	0.0091	0.0074	0.0199	0.0089	0.0137	0.0013	0.0202	0.0100	0.0158	0.0087	0.0007	0.0124	0.0242	0.0048	0.0090	0.0089	0.0065	0.0139	0.0057	0.0148	0.0076	0.0106	0.0029	0.0147	0.0201	0.0002	0.0046	0.0079	0.0173	0.0139	0.0021	0.0182	0.0137	0.0069	0.0076	0.0013	0.0052	0.0147	0.0026	0.0068	0.0005	0.0079	0.0049	0.0160	0.0020	0.0140	0.0023	0.0161	0.0137	0.0087	0.0124	0.0182	0.0073	0.0057	0.0176	0.0233	0.0049	0.0008	0.0156	0.0122	0.0131	0.0093	0.0194	0.0219	0.0066	0.0029	0.0142	0.0119	
0.0135	0.0105	0.0004	0.0068	0.0085	0.0204	0.0137	0.0197	0.0044	0.0061	0.0146	0.0040	0.0175	0.0087	0.0134	0.0035	0.0029	0.0024	0.0091	0.0097	0.0093	0.0107	0.0170	0.0058	0.0034	0.0087	0.0102	0.0080	0.0110	0.0061	0.0092	0.0175	0.0151	0.0110	0.0000	0.0055	0.0087	0.0039	0.0092	0.0081	0.0097	0.0184	0.0114	0.0169	0.0066	0.0080	0.0130	0.0090	0.0214	0.0122	0.0135	0.0029	0.0164	0.0052	0.0022	0.0037	0.0132	0.0154	0.0039	0.0009	0.0105	0.0071	0.0068	0.0195	0.0165	0.0174	0.0056	0.0078	0.0071	0.0052	0.0144	0.0174	0.0134	0.0002	0.0014	0.0104	0.0183	0.0001	0.0168	0.0143	0.0115	0.0016	0.0085	0.0172	0.0089	0.0066	0.0032	0.0123	0.0079	0.0184	0.0147	0.0136	0.0143	0.0063	0.0220	0.0013	0.0115	0.0121	0.0169	0.0089	
0.0016	0.0091	0.0196	0.0113	0.0149	0.0193	0.0081	0.0159	0.0042	0.0092	0.0080	0.0133	0.0151	0.0084	0.0079	0.0074	0.0187	0.0062	0.0100	0.0115	0.0123	0.0171	0.0185	0.0139	0.0110	0.0188	0.0217	0.0059	0.0012	0.0004	0.0008	0.0012	0.0006	0.0104	0.0163	0.0052	0.0033	0.0185	0.0034	0.0121	0.0188	0.0094	0.0051	0.0196	0.0093	0.0009	0.0006	0.0136	0.0013	0.0124	0.0027	0.0035	0.0068	0.0076	0.0184	0.0047	0.0111	0.0060	0.0215	0.0175	0.0182	0.0029	0.0117	0.0044	0.0088	0.0067	0.0092	0.0057	0.0126	0.0012	0.0044	0.0020	0.0039	0.0166	0.0141	0.0033	0.0131	0.0007	0.0036	0.0122	0.0166	0.0073	0.0049	0.0086	0.0165	0.0191	0.0149	0.0149	0.0119	0.0107	0.0176	0.0174	0.0128	0.0056	0.0174	0.0163	0.0178	0.0015	0.0074	0.0026	
0.0081	0.0176	0.0167	0.0171	0.0053	0.0007	0.0167	0.0097	0.0112	0.0129	0.0138	0.0088	0.0010	0.0070	0.0183	0.0066	0.0183	0.0027	0.0062	0.0113	0.0102	0.0189	0.0137	0.0056	0.0049	0.0052	0.0061	0.0163	0.0011	0.0006	0.0075	0.0088	0.0115	0.0012	0.0036	0.0034	0.0132	0.0054	0.0033	0.0153	0.0191	0.0062	0.0152	0.0165	0.0157	0.0055	0.0148	0.0094	0.0095	0.0069	0.0128	0.0114	0.0174	0.0142	0.0121	0.0097	0.0023	0.0093	0.0131	0.0009	0.0168	0.0023	0.0083	0.0131	0.0066	0.0049	0.0132	0.0225	0.0033	0.0117	0.0146	0.0118	0.0001	0.0093	0.0141	0.0040	0.0204	0.0148	0.0102	0.0187	0.0071	0.0150	0.0077	0.0133	0.0042	0.0150	0.0126	0.0187	0.0088	0.0139	0.0014	0.0035	0.0084	0.0017	0.0023	0.0154	0.0178	0.0053	0.0099	0.0090	
0.0091	0.0251	0.0054	0.0156	0.0095	0.0035	0.0136	0.0064	0.0009	0.0085	0.0108	0.0073	0.0206	0.0162	0.0138	0.0141	0.0155	0.0146	0.0094	0.0136	0.0119	0.0011	0.0133	0.0102	0.0132	0.0123	0.0016	0.0196	0.0074	0.0004	0.0078	0.0153	0.0054	0.0011	0.0133	0.0133	0.0148	0.0163	0.0043	0.0016	0.0019	0.0099	0.0146	0.0015	0.0037	0.0151	0.0071	0.0203	0.0112	0.0044	0.0007	0.0050	0.0225	0.0166	0.0224	0.0094	0.0074	0.0158	0.0022	0.0232	0.0024	0.0171	0.0247	0.0007	0.0011	0.0208	0.0018	0.0226	0.0035	0.0014	0.0062	0.0005	0.0115	0.0072	0.0119	0.0030	0.0063	0.0093	0.0086	0.0200	0.0054	0.0048	0.0089	0.0045	0.0218	0.0024	0.0169	0.0088	0.0018	0.0026	0.0054	0.0202	0.0100	0.0035	0.0267	0.0080	0.0119	0.0154	0.0008	0.0067	
0.0131	0.0101	0.0144	0.0074	0.0171	0.0003	0.0134	0.0122	0.0073	0.0156	0.0025	0.0188	0.0057	0.0038	0.0156	0.0164	0.0071	0.0135	0.0011	0.0195	0.0009	0.0162	0.0146	0.0017	0.0155	0.0064	0.0092	0.0063	0.0076	0.0048	0.0132	0.0111	0.0083	0.0014	0.0063	0.0162	0.0102	0.0222	0.0060	0.0193	0.0088	0.0045	0.0167	0.0058	0.0218	0.0067	0.0129	0.0091	0.0108	0.0023	0.0188	0.0162	0.0150	0.0016	0.0061	0.0175	0.0158	0.0129	0.0121	0.0122	0.0120	0.0077	0.0037	0.0026	0.0031	0.0126	0.0074	0.0045	0.0161	0.0156	0.0066	0.0067	0.0080	0.0017	0.0105	0.0162	0.0194	0.0097	0.0016	0.0104	0.0122	0.0012	0.0173	0.0046	0.0048	0.0181	0.0178	0.0078	0.0159	0.0092	0.0020	0.0189	0.0073	0.0125	0.0086	0.0002	0.0006	0.0147	0.0023	0.0079	
0.0155	0.0086	0.0091	0.0085	0.0123	0.0134	0.0056	0.0120	0.0086	0.0069	0.0012	0.0048	0.0086	0.0009	0.0194	0.0084	0.0102	0.0128	0.0162	0.0059	0.0116	0.0017	0.0074	0.0096	0.0103	0.0052	0.0184	0.0111	0.0138	0.0099	0.0147	0.0167	0.0053	0.0137	0.0129	0.0030	0.0091	0.0048	0.0082	0.0098	0.0088	0.0052	0.0104	0.0061	0.0068	0.0123	0.0069	0.0091	0.0165	0.0185	0.0065	0.0013	0.0206	0.0122	0.0134	0.0151	0.0009	0.0187	0.0151	0.0080	0.0136	0.0118	0.0137	0.0178	0.0105	0.0014	0.0109	0.0166	0.0057	0.0096	0.0157	0.0052	0.0083	0.0043	0.0148	0.0065	0.0070	0.0021	0.0025	0.0165	0.0118	0.0072	0.0154	0.0112	0.0013	0.0147	0.0006	0.0121	0.0166	0.0172	0.0030	0.0105	0.0053	0.0134	0.0199	0.0156	0.0076	0.0105	0.0092	0.0042	
0.0167	0.0148	0.0181	0.0011	0.0003	0.0027	0.0100	0.0140	0.0154	0.0060	0.0099	0.0168	0.0144	0.0149	0.0125	0.0024	0.0146	0.0021	0.0170	0.0177	0.0007	0.0062	0.0165	0.0125	0.0100	0.0035	0.0171	0.0094	0.0053	0.0033	0.0004	0.0093	0.0082	0.0181	0.0218	0.0027	0.0113	0.0166	0.0157	0.0163	0.0028	0.0065	0.0109	0.0113	0.0047	0.0035	0.0152	0.0123	0.0065	0.0154	0.0153	0.0047	0.0185	0.0115	0.0044	0.0123	0.0155	0.0041	0.0086	0.0153	0.0050	0.0012	0.0077	0.0133	0.0057	0.0006	0.0076	0.0179	0.0131	0.0083	0.0100	0.0162	0.0064	0.0174	0.0144	0.0120	0.0126	0.0045	0.0079	0.0067	0.0048	0.0051	0.0034	0.0092	0.0043	0.0152	0.0107	0.0164	0.0122	0.0076	0.0065	0.0076	0.0055	0.0158	0.0150	0.0015	0.0187	0.0161	0.0060	0.0036	
0.0135	0.0016	0.0153	0.0148	0.0045	0.0202	0.0162	0.0191	0.0166	0.0100	0.0192	0.0114	0.0148	0.0020	0.0109	0.0159	0.0175	0.0157	0.0093	0.0106	0.0079	0.0152	0.0034	0.0089	0.0031	0.0015	0.0115	0.0076	0.0051	0.0148	0.0159	0.0130	0.0174	0.0048	0.0139	0.0041	0.0112	0.0076	0.0057	0.0044	0.0185	0.0140	0.0137	0.0028	0.0081	0.0134	0.0127	0.0056	0.0086	0.0152	0.0034	0.0015	0.0107	0.0136	0.0161	0.0193	0.0185	0.0050	0.0127	0.0036	0.0092	0.0098	0.0135	0.0035	0.0148	0.0066	0.0109	0.0113	0.0076	0.0055	0.0070	0.0095	0.0111	0.0046	0.0131	0.0132	0.0199	0.0004	0.0018	0.0082	0.0071	0.0057	0.0190	0.0096	0.0098	0.0142	0.0034	0.0035	0.0084	0.0138	0.0064	0.0062	0.0117	0.0015	0.0178	0.0073	0.0006	0.0113	0.0075	0.0012	
0.0025	0.0035	0.0187	0.0017	0.0081	0.0195	0.0098	0.0062	0.0015	0.0014	0.0009	0.0209	0.0033	0.0046	0.0200	0.0024	0.0115	0.0031	0.0153	0.0015	0.0028	0.0109	0.0016	0.0211	0.0003	0.0005	0.0171	0.0099	0.0103	0.0079	0.0143	0.0065	0.0123	0.0008	0.0086	0.0048	0.0089	0.0222	0.0023	0.0173	0.0045	0.0188	0.0016	0.0086	0.0145	0.0085	0.0033	0.0135	0.0077	0.0155	0.0190	0.0181	0.0236	0.0060	0.0215	0.0125	0.0018	0.0251	0.0020	0.0087	0.0190	0.0000	0.0137	0.0144	0.0067	0.0173	0.0042	0.0027	0.0167	0.0095	0.0140	0.0116	0.0008	0.0172	0.0169	0.0047	0.0113	0.0172	0.0030	0.0134	0.0161	0.0051	0.0042	0.0127	0.0101	0.0197	0.0070	0.0074	0.0023	0.0189	0.0039	0.0108	0.0133	0.0130	0.0193	0.0053	0.0024	0.0064	0.0194	0.0168	
0.0031	0.0019	0.0134	0.0154	0.0020	0.0045	0.0179	0.0034	0.0092	0.0162	0.0045	0.0082	0.0182	0.0106	0.0119	0.0102	0.0179	0.0020	0.0040	0.0123	0.0085	0.0224	0.0003	0.0041	0.0076	0.0009	0.0177	0.0064	0.0185	0.0161	0.0029	0.0003	0.0156	0.0067	0.0111	0.0189	0.0163	0.0102	0.0163	0.0079	0.0266	0.0044	0.0160	0.0077	0.0120	0.0164	0.0187	0.0081	0.0045	0.0066	0.0066	0.0001	0.0050	0.0076	0.0113	0.0043	0.0013	0.0083	0.0087	0.0017	0.0096	0.0122	0.0062	0.0161	0.0141	0.0052	0.0127	0.0129	0.0005	0.0138	0.0193	0.0083	0.0103	0.0172	0.0116	0.0044	0.0027	0.0120	0.0148	0.0126	0.0058	0.0105	0.0024	0.0142	0.0065	0.0028	0.0181	0.0072	0.0169	0.0059	0.0176	0.0081	0.0004	0.0102	0.0249	0.0116	0.0229	0.0018	0.0186	0.0056	
0.0034	0.0054	0.0065	0.0083	0.0074	0.0201	0.0092	0.0082	0.0160	0.0048	0.0017	0.0086	0.0122	0.0154	0.0166	0.0160	0.0089	0.0108	0.0091	0.0092	0.0080	0.0071	0.0141	0.0147	0.0010	0.0091	0.0080	0.0177	0.0171	0.0022	0.0060	0.0006	0.0155	0.0098	0.0084	0.0008	0.0037	0.0138	0.0040	0.0057	0.0129	0.0088	0.0067	0.0113	0.0038	0.0049	0.0132	0.0043	0.0167	0.0020	0.0004	0.0061	0.0140	0.0066	0.0173	0.0176	0.0120	0.0109	0.0073	0.0178	0.0136	0.0120	0.0105	0.0159	0.0192	0.0010	0.0102	0.0033	0.0074	0.0134	0.0137	0.0149	0.0083	0.0030	0.0171	0.0181	0.0205	0.0023	0.0114	0.0151	0.0130	0.0032	0.0028	0.0142	0.0017	0.0203	0.0079	0.0109	0.0119	0.0118	0.0100	0.0124	0.0049	0.0045	0.0163	0.0207	0.0184	0.0110	0.0109	0.0024	
0.0141	0.0100	0.0165	0.0007	0.0084	0.0055	0.0140	0.0115	0.0086	0.0146	0.0238	0.0089	0.0179	0.0103	0.0055	0.0113	0.0108	0.0116	0.0120	0.0006	0.0137	0.0028	0.0108	0.0227	0.0045	0.0004	0.0122	0.0035	0.0115	0.0174	0.0014	0.0070	0.0100	0.0106	0.0025	0.0015	0.0088	0.0022	0.0060	0.0127	0.0006	0.0171	0.0002	0.0181	0.0128	0.0001	0.0079	0.0160	0.0009	0.0062	0.0121	0.0023	0.0234	0.0164	0.0094	0.0108	0.0014	0.0169	0.0155	0.0063	0.0155	0.0130	0.0001	0.0135	0.0130	0.0103	0.0132	0.0094	0.0085	0.0025	0.0198	0.0072	0.0077	0.0196	0.0210	0.0149	0.0029	0.0229	0.0053	0.0051	0.0056	0.0123	0.0023	0.0031	0.0069	0.0207	0.0073	0.0210	0.0231	0.0147	0.0009	0.0119	0.0063	0.0194	0.0008	0.0056	0.0173	0.0065	0.0136	0.0020	
0.0016	0.0066	0.0048	0.0196	0.0047	0.0038	0.0141	0.0020	0.0105	0.0167	0.0101	0.0047	0.0123	0.0104	0.0021	0.0002	0.0136	0.0146	0.0042	0.0198	0.0035	0.0215	0.0125	0.0178	0.0013	0.0072	0.0000	0.0089	0.0174	0.0163	0.0179	0.0153	0.0204	0.0039	0.0049	0.0009	0.0131	0.0052	0.0235	0.0040	0.0041	0.0076	0.0074	0.0033	0.0043	0.0158	0.0018	0.0225	0.0224	0.0006	0.0120	0.0026	0.0070	0.0199	0.0212	0.0031	0.0178	0.0069	0.0181	0.0197	0.0044	0.0077	0.0063	0.0211	0.0016	0.0183	0.0042	0.0102	0.0051	0.0008	0.0093	0.0083	0.0197	0.0218	0.0166	0.0163	0.0129	0.0081	0.0153	0.0050	0.0047	0.0029	0.0103	0.0162	0.0217	0.0153	0.0087	0.0278	0.0047	0.0015	0.0076	0.0060	0.0060	0.0003	0.0011	0.0197	0.0012	0.0102	0.0016	0.0092	
0.0130	0.0158	0.0140	0.0111	0.0106	0.0081	0.0044	0.0071	0.0043	0.0017	0.0121	0.0093	0.0121	0.0118	0.0177	0.0003	0.0212	0.0087	0.0186	0.0085	0.0060	0.0057	0.0030	0.0056	0.0116	0.0025	0.0006	0.0161	0.0245	0.0218	0.0171	0.0203	0.0051	0.0058	0.0167	0.0100	0.0122	0.0165	0.0042	0.0146	0.0085	0.0028	0.0108	0.0028	0.0129	0.0178	0.0122	0.0193	0.0089	0.0004	0.0187	0.0106	0.0179	0.0117	0.0038	0.0057	0.0141	0.0067	0.0026	0.0098	0.0070	0.0074	0.0058	0.0057	0.0051	0.0124	0.0015	0.0077	0.0142	0.0021	0.0082	0.0032	0.0047	0.0038	0.0018	0.0033	0.0146	0.0007	0.0113	0.0190	0.0072	0.0048	0.0116	0.0169	0.0160	0.0050	0.0067	0.0159	0.0022	0.0081	0.0241	0.0062	0.0077	0.0106	0.0093	0.0240	0.0182	0.0073	0.0142	0.0165	
0.0204	0.0089	0.0205	0.0047	0.0136	0.0227	0.0066	0.0142	0.0124	0.0000	0.0234	0.0123	0.0121	0.0056	0.0009	0.0002	0.0220	0.0083	0.0074	0.0021	0.0068	0.0108	0.0050	0.0194	0.0033	0.0013	0.0164	0.0118	0.0199	0.0033	0.0081	0.0003	0.0045	0.0258	0.0010	0.0005	0.0097	0.0074	0.0067	0.0030	0.0211	0.0177	0.0027	0.0026	0.0109	0.0094	0.0121	0.0088	0.0214	0.0109	0.0018	0.0082	0.0046	0.0183	0.0139	0.0087	0.0042	0.0038	0.0013	0.0129	0.0045	0.0183	0.0123	0.0097	0.0126	0.0214	0.0055	0.0150	0.0048	0.0001	0.0136	0.0124	0.0022	0.0040	0.0048	0.0117	0.0091	0.0043	0.0033	0.0168	0.0047	0.0055	0.0162	0.0067	0.0016	0.0261	0.0180	0.0132	0.0079	0.0214	0.0216	0.0079	0.0045	0.0165	0.0240	0.0015	0.0021	0.0127	0.0092	0.0134	
0.0028	0.0038	0.0013	0.0127	0.0209	0.0120	0.0050	0.0000	0.0128	0.0019	0.0008	0.0004	0.0188	0.0051	0.0090	0.0271	0.0011	0.0070	0.0055	0.0139	0.0212	0.0201	0.0045	0.0187	0.0026	0.0024	0.0081	0.0068	0.0060	0.0029	0.0089	0.0120	0.0131	0.0131	0.0151	0.0139	0.0043	0.0012	0.0077	0.0097	0.0114	0.0137	0.0156	0.0054	0.0152	0.0147	0.0039	0.0224	0.0107	0.0013	0.0005	0.0124	0.0108	0.0197	0.0135	0.0043	0.0212	0.0102	0.0126	0.0125	0.0019	0.0170	0.0090	0.0073	0.0097	0.0088	0.0046	0.0086	0.0139	0.0086	0.0160	0.0188	0.0140	0.0164	0.0009	0.0033	0.0264	0.0023	0.0156	0.0067	0.0170	0.0065	0.0176	0.0022	0.0023	0.0152	0.0024	0.0205	0.0237	0.0101	0.0004	0.0147	0.0092	0.0158	0.0091	0.0149	0.0013	0.0081	0.0095	0.0034	
0.0091	0.0255	0.0043	0.0010	0.0069	0.0008	0.0182	0.0153	0.0124	0.0123	0.0055	0.0177	0.0121	0.0060	0.0191	0.0093	0.0003	0.0130	0.0051	0.0009	0.0070	0.0079	0.0153	0.0052	0.0068	0.0165	0.0101	0.0014	0.0034	0.0078	0.0015	0.0084	0.0121	0.0150	0.0175	0.0201	0.0057	0.0193	0.0188	0.0020	0.0193	0.0091	0.0047	0.0047	0.0023	0.0027	0.0051	0.0043	0.0156	0.0176	0.0098	0.0091	0.0067	0.0073	0.0176	0.0035	0.0055	0.0180	0.0131	0.0129	0.0142	0.0186	0.0161	0.0070	0.0120	0.0211	0.0057	0.0208	0.0083	0.0024	0.0082	0.0025	0.0195	0.0028	0.0061	0.0167	0.0020	0.0062	0.0049	0.0040	0.0115	0.0062	0.0059	0.0081	0.0144	0.0137	0.0023	0.0029	0.0172	0.0124	0.0133	0.0077	0.0032	0.0019	0.0145	0.0201	0.0178	0.0198	0.0178	0.0043	
0.0148	0.0088	0.0147	0.0111	0.0064	0.0105	0.0079	0.0032	0.0026	0.0149	0.0011	0.0165	0.0121	0.0088	0.0204	0.0038	0.0112	0.0030	0.0121	0.0154	0.0143	0.0034	0.0182	0.0154	0.0090	0.0004	0.0203	0.0151	0.0107	0.0083	0.0029	0.0036	0.0106	0.0002	0.0078	0.0040	0.0117	0.0132	0.0191	0.0021	0.0030	0.0192	0.0144	0.0014	0.0113	0.0110	0.0112	0.0150	0.0027	0.0063	0.0052	0.0106	0.0059	0.0163	0.0089	0.0134	0.0100	0.0160	0.0013	0.0076	0.0135	0.0125	0.0110	0.0152	0.0132	0.0181	0.0046	0.0141	0.0022	0.0123	0.0121	0.0162	0.0049	0.0103	0.0133	0.0135	0.0044	0.0159	0.0058	0.0165	0.0043	0.0041	0.0117	0.0051	0.0015	0.0106	0.0163	0.0156	0.0105	0.0143	0.0154	0.0140	0.0080	0.0080	0.0123	0.0093	0.0078	0.0033	0.0064	0.0116	
0.0061	0.0035	0.0123	0.0090	0.0109	0.0083	0.0068	0.0161	0.0037	0.0144	0.0113	0.0138	0.0100	0.0036	0.0031	0.0064	0.0216	0.0047	0.0134	0.0044	0.0208	0.0149	0.0020	0.0084	0.0007	0.0173	0.0079	0.0161	0.0006	0.0059	0.0103	0.0001	0.0095	0.0138	0.0131	0.0030	0.0172	0.0069	0.0170	0.0120	0.0033	0.0054	0.0083	0.0175	0.0045	0.0007	0.0067	0.0094	0.0081	0.0034	0.0068	0.0029	0.0139	0.0032	0.0159	0.0174	0.0012	0.0006	0.0061	0.0156	0.0028	0.0138	0.0194	0.0223	0.0066	0.0113	0.0044	0.0221	0.0101	0.0002	0.0135	0.0150	0.0141	0.0002	0.0017	0.0132	0.0046	0.0038	0.0073	0.0200	0.0097	0.0190	0.0073	0.0197	0.0182	0.0059	0.0092	0.0078	0.0173	0.0196	0.0020	0.0141	0.0178	0.0169	0.0166	0.0110	0.0111	0.0105	0.0132	0.0150	
0.0170	0.0112	0.0164	0.0053	0.0086	0.0206	0.0099	0.0123	0.0015	0.0006	0.0099	0.0212	0.0167	0.0072	0.0078	0.0032	0.0044	0.0133	0.0034	0.0003	0.0000	0.0188	0.0195	0.0160	0.0144	0.0193	0.0156	0.0152	0.0103	0.0130	0.0034	0.0151	0.0110	0.0128	0.0051	0.0002	0.0026	0.0010	0.0087	0.0002	0.0175	0.0194	0.0035	0.0191	0.0089	0.0048	0.0181	0.0180	0.0131	0.0081	0.0055	0.0144	0.0087	0.0106	0.0170	0.0171	0.0129	0.0008	0.0109	0.0128	0.0025	0.0147	0.0013	0.0115	0.0158	0.0169	0.0043	0.0042	0.0024	0.0044	0.0009	0.0034	0.0077	0.0026	0.0056	0.0015	0.0199	0.0033	0.0050	0.0144	0.0001	0.0006	0.0056	0.0018	0.0052	0.0105	0.0076	0.0241	0.0161	0.0087	0.0124	0.0021	0.0084	0.0134	0.0206	0.0266	0.0208	0.0104	0.0161	0.0123	
0.0226	0.0172	0.0126	0.0044	0.0068	0.0026	0.0074	0.0058	0.0072	0.0136	0.0031	0.0087	0.0161	0.0150	0.0133	0.0017	0.0121	0.0209	0.0052	0.0088	0.0079	0.0075	0.0072	0.0214	0.0162	0.0190	0.0140	0.0104	0.0060	0.0071	0.0054	0.0009	0.0034	0.0154	0.0200	0.0044	0.0110	0.0007	0.0165	0.0038	0.0018	0.0030	0.0124	0.0040	0.0047	0.0024	0.0069	0.0227	0.0100	0.0189	0.0120	0.0177	0.0117	0.0135	0.0081	0.0131	0.0105	0.0166	0.0101	0.0084	0.0116	0.0187	0.0180	0.0002	0.0081	0.0021	0.0038	0.0022	0.0192	0.0060	0.0128	0.0098	0.0039	0.0012	0.0068	0.0050	0.0181	0.0048	0.0121	0.0161	0.0114	0.0134	0.0021	0.0080	0.0167	0.0090	0.0128	0.0143	0.0067	0.0038	0.0187	0.0182	0.0115	0.0082	0.0152	0.0048	0.0036	0.0117	0.0154	0.0022	
0.0160	0.0072	0.0211	0.0018	0.0042	0.0004	0.0110	0.0091	0.0044	0.0025	0.0203	0.0047	0.0010	0.0131	0.0181	0.0126	0.0173	0.0097	0.0034	0.0009	0.0101	0.0133	0.0177	0.0143	0.0082	0.0118	0.0194	0.0148	0.0075	0.0027	0.0014	0.0006	0.0084	0.0110	0.0189	0.0044	0.0166	0.0206	0.0030	0.0140	0.0161	0.0037	0.0047	0.0026	0.0044	0.0089	0.0129	0.0200	0.0128	0.0184	0.0061	0.0101	0.0114	0.0124	0.0119	0.0053	0.0100	0.0018	0.0112	0.0113	0.0040	0.0173	0.0003	0.0028	0.0014	0.0199	0.0118	0.0127	0.0130	0.0101	0.0001	0.0152	0.0082	0.0076	0.0069	0.0059	0.0070	0.0134	0.0114	0.0187	0.0145	0.0169	0.0037	0.0098	0.0135	0.0106	0.0106	0.0189	0.0191	0.0120	0.0170	0.0128	0.0056	0.0085	0.0166	0.0167	0.0032	0.0029	0.0012	0.0049	
0.0141	0.0055	0.0231	0.0168	0.0146	0.0139	0.0021	0.0021	0.0054	0.0039	0.0266	0.0167	0.0091	0.0106	0.0198	0.0041	0.0161	0.0062	0.0078	0.0114	0.0073	0.0009	0.0126	0.0084	0.0115	0.0053	0.0114	0.0170	0.0183	0.0121	0.0040	0.0030	0.0107	0.0086	0.0055	0.0091	0.0004	0.0053	0.0135	0.0018	0.0073	0.0098	0.0060	0.0169	0.0131	0.0151	0.0028	0.0212	0.0211	0.0122	0.0014	0.0102	0.0220	0.0107	0.0183	0.0158	0.0170	0.0127	0.0024	0.0093	0.0045	0.0045	0.0054	0.0178	0.0012	0.0173	0.0020	0.0028	0.0056	0.0028	0.0034	0.0091	0.0158	0.0063	0.0055	0.0163	0.0165	0.0232	0.0137	0.0167	0.0007	0.0093	0.0020	0.0043	0.0090	0.0125	0.0068	0.0041	0.0093	0.0143	0.0215	0.0079	0.0016	0.0022	0.0262	0.0017	0.0029	0.0089	0.0085	0.0145	
0.0184	0.0032	0.0076	0.0114	0.0054	0.0159	0.0176	0.0124	0.0042	0.0011	0.0019	0.0179	0.0181	0.0049	0.0131	0.0107	0.0030	0.0010	0.0057	0.0126	0.0089	0.0001	0.0148	0.0223	0.0053	0.0145	0.0082	0.0140	0.0085	0.0046	0.0166	0.0212	0.0065	0.0238	0.0022	0.0191	0.0075	0.0126	0.0005	0.0188	0.0152	0.0197	0.0174	0.0087	0.0105	0.0024	0.0123	0.0238	0.0162	0.0092	0.0205	0.0020	0.0114	0.0007	0.0097	0.0172	0.0107	0.0093	0.0080	0.0129	0.0066	0.0049	0.0025	0.0000	0.0067	0.0036	0.0079	0.0209	0.0028	0.0113	0.0038	0.0126	0.0005	0.0081	0.0200	0.0113	0.0012	0.0077	0.0094	0.0037	0.0011	0.0087	0.0007	0.0188	0.0050	0.0157	0.0109	0.0072	0.0129	0.0076	0.0117	0.0208	0.0029	0.0086	0.0149	0.0101	0.0188	0.0173	0.0009	0.0056	
0.0119	0.0197	0.0161	0.0007	0.0042	0.0064	0.0013	0.0015	0.0013	0.0182	0.0180	0.0024	0.0179	0.0036	0.0108	0.0151	0.0042	0.0028	0.0151	0.0144	0.0140	0.0041	0.0071	0.0153	0.0023	0.0033	0.0108	0.0116	0.0153	0.0124	0.0182	0.0018	0.0057	0.0047	0.0113	0.0047	0.0171	0.0001	0.0174	0.0170	0.0132	0.0102	0.0037	0.0134	0.0116	0.0065	0.0026	0.0224	0.0213	0.0191	0.0030	0.0115	0.0049	0.0075	0.0130	0.0110	0.0118	0.0176	0.0173	0.0014	0.0220	0.0109	0.0077	0.0116	0.0029	0.0153	0.0158	0.0156	0.0113	0.0055	0.0015	0.0043	0.0097	0.0181	0.0030	0.0040	0.0000	0.0128	0.0078	0.0152	0.0005	0.0092	0.0112	0.0205	0.0084	0.0037	0.0178	0.0227	0.0119	0.0011	0.0158	0.0179	0.0018	0.0131	0.0009	0.0010	0.0025	0.0140	0.0105	0.0177	
0.0100	0.0116	0.0077	0.0128	0.0122	0.0220	0.0029	0.0084	0.0038	0.0083	0.0100	0.0191	0.0108	0.0027	0.0010	0.0075	0.0205	0.0062	0.0023	0.0195	0.0160	0.0198	0.0012	0.0120	0.0104	0.0035	0.0022	0.0152	0.0168	0.0020	0.0020	0.0063	0.0019	0.0106	0.0062	0.0108	0.0026	0.0200	0.0057	0.0074	0.0242	0.0113	0.0119	0.0034	0.0140	0.0136	0.0065	0.0233	0.0141	0.0134	0.0022	0.0149	0.0145	0.0104	0.0016	0.0131	0.0096	0.0154	0.0021	0.0106	0.0216	0.0079	0.0120	0.0024	0.0068	0.0035	0.0131	0.0011	0.0137	0.0088	0.0064	0.0003	0.0018	0.0149	0.0189	0.0051	0.0040	0.0182	0.0005	0.0170	0.0149	0.0026	0.0033	0.0040	0.0186	0.0069	0.0144	0.0134	0.0084	0.0150	0.0026	0.0081	0.0125	0.0124	0.0125	0.0141	0.0210	0.0109	0.0162	0.0083	
0.0185	0.0084	0.0014	0.0022	0.0051	0.0025	0.0141	0.0188	0.0118	0.0171	0.0094	0.0116	0.0152	0.0060	0.0152	0.0124	0.0044	0.0069	0.0035	0.0008	0.0088	0.0063	0.0147	0.0048	0.0077	0.0178	0.0047	0.0076	0.0042	0.0080	0.0068	0.0118	0.0013	0.0130	0.0215	0.0115	0.0017	0.0015	0.0228	0.0175	0.0154	0.0202	0.0172	0.0118	0.0042	0.0110	0.0160	0.0127	0.0004	0.0168	0.0066	0.0133	0.0108	0.0134	0.0002	0.0154	0.0146	0.0188	0.0147	0.0095	0.0212	0.0073	0.0157	0.0054	0.0115	0.0224	0.0091	0.0023	0.0073	0.0036	0.0146	0.0031	0.0094	0.0062	0.0090	0.0106	0.0081	0.0012	0.0011	0.0169	0.0025	0.0138	0.0072	0.0101	0.0210	0.0157	0.0018	0.0069	0.0110	0.0046	0.0196	0.0055	0.0060	0.0091	0.0240	0.0067	0.0051	0.0132	0.0020	0.0058	
0.0019	0.0152	0.0023	0.0150	0.0011	0.0054	0.0034	0.0036	0.0073	0.0084	0.0065	0.0132	0.0165	0.0174	0.0068	0.0036	0.0212	0.0028	0.0060	0.0173	0.0161	0.0047	0.0104	0.0049	0.0068	0.0077	0.0180	0.0191	0.0077	0.0036	0.0077	0.0150	0.0195	0.0177	0.0192	0.0096	0.0114	0.0127	0.0095	0.0148	0.0120	0.0200	0.0158	0.0033	0.0202	0.0042	0.0090	0.0121	0.0049	0.0170	0.0059	0.0015	0.0096	0.0051	0.0112	0.0185	0.0032	0.0209	0.0098	0.0145	0.0093	0.0048	0.0152	0.0041	0.0013	0.0140	0.0105	0.0001	0.0026	0.0146	0.0133	0.0083	0.0142	0.0109	0.0060	0.0172	0.0076	0.0081	0.0057	0.0032	0.0166	0.0059	0.0152	0.0110	0.0172	0.0068	0.0062	0.0177	0.0051	0.0218	0.0078	0.0143	0.0016	0.0139	0.0077	0.0068	0.0035	0.0122	0.0017	0.0057	
0.0113	0.0101	0.0065	0.0069	0.0027	0.0176	0.0063	0.0182	0.0184	0.0115	0.0110	0.0138	0.0109	0.0050	0.0160	0.0015	0.0093	0.0033	0.0059	0.0147	0.0052	0.0183	0.0133	0.0063	0.0083	0.0143	0.0066	0.0173	0.0036	0.0006	0.0131	0.0116	0.0051	0.0002	0.0133	0.0063	0.0003	0.0069	0.0082	0.0003	0.0181	0.0079	0.0116	0.0119	0.0054	0.0095	0.0023	0.0177	0.0001	0.0048	0.0161	0.0168	0.0083	0.0054	0.0004	0.0118	0.0140	0.0006	0.0174	0.0058	0.0092	0.0077	0.0107	0.0179	0.0156	0.0198	0.0075	0.0111	0.0119	0.0071	0.0015	0.0022	0.0127	0.0056	0.0152	0.0157	0.0048	0.0037	0.0167	0.0172	0.0122	0.0082	0.0158	0.0147	0.0045	0.0153	0.0035	0.0218	0.0191	0.0212	0.0122	0.0175	0.0066	0.0024	0.0098	0.0107	0.0159	0.0116	0.0123	0.0052	
0.0010	0.0156	0.0025	0.0111	0.0032	0.0165	0.0044	0.0023	0.0093	0.0037	0.0091	0.0136	0.0007	0.0203	0.0156	0.0191	0.0126	0.0143	0.0157	0.0042	0.0168	0.0131	0.0127	0.0167	0.0140	0.0017	0.0170	0.0123	0.0192	0.0085	0.0018	0.0101	0.0106	0.0166	0.0233	0.0016	0.0093	0.0079	0.0191	0.0127	0.0135	0.0026	0.0085	0.0179	0.0149	0.0012	0.0187	0.0120	0.0133	0.0122	0.0181	0.0013	0.0022	0.0089	0.0131	0.0112	0.0013	0.0078	0.0194	0.0019	0.0252	0.0139	0.0066	0.0022	0.0022	0.0229	0.0008	0.0092	0.0020	0.0096	0.0125	0.0039	0.0193	0.0020	0.0141	0.0137	0.0009	0.0167	0.0042	0.0163	0.0024	0.0050	0.0015	0.0056	0.0072	0.0003	0.0085	0.0017	0.0030	0.0094	0.0006	0.0023	0.0077	0.0124	0.0176	0.0225	0.0197	0.0076	0.0144	0.0125	
0.0003	0.0118	0.0066	0.0172	0.0171	0.0165	0.0024	0.0212	0.0138	0.0157	0.0099	0.0057	0.0019	0.0025	0.0208	0.0128	0.0118	0.0003	0.0138	0.0017	0.0107	0.0193	0.0043	0.0150	0.0086	0.0078	0.0152	0.0041	0.0090	0.0160	0.0167	0.0121	0.0010	0.0127	0.0150	0.0091	0.0177	0.0015	0.0057	0.0096	0.0176	0.0074	0.0048	0.0047	0.0181	0.0130	0.0002	0.0072	0.0160	0.0200	0.0054	0.0137	0.0148	0.0122	0.0009	0.0006	0.0079	0.0112	0.0093	0.0099	0.0020	0.0169	0.0097	0.0193	0.0010	0.0169	0.0037	0.0101	0.0073	0.0079	0.0142	0.0094	0.0135	0.0037	0.0042	0.0033	0.0151	0.0204	0.0155	0.0148	0.0074	0.0065	0.0088	0.0082	0.0093	0.0008	0.0178	0.0095	0.0115	0.0144	0.0029	0.0072	0.0096	0.0130	0.0098	0.0192	0.0163	0.0054	0.0031	0.0008	
0.0085	0.0111	0.0160	0.0047	0.0037	0.0171	0.0014	0.0086	0.0069	0.0158	0.0056	0.0083	0.0130	0.0127	0.0021	0.0110	0.0075	0.0012	0.0092	0.0003	0.0148	0.0150	0.0166	0.0133	0.0048	0.0061	0.0151	0.0158	0.0132	0.0053	0.0063	0.0061	0.0136	0.0154	0.0057	0.0187	0.0082	0.0040	0.0054	0.0140	0.0214	0.0095	0.0009	0.0115	0.0067	0.0124	0.0163	0.0200	0.0115	0.0135	0.0071	0.0151	0.0166	0.0021	0.0031	0.0132	0.0125	0.0016	0.0193	0.0175	0.0183	0.0023	0.0152	0.0018	0.0105	0.0207	0.0099	0.0178	0.0062	0.0030	0.0037	0.0043	0.0148	0.0119	0.0009	0.0068	0.0160	0.0034	0.0073	0.0102	0.0101	0.0000	0.0064	0.0182	0.0132	0.0109	0.0091	0.0131	0.0106	0.0114	0.0058	0.0075	0.0029	0.0056	0.0161	0.0190	0.0154	0.0171	0.0028	0.0060	
0.0029	0.0192	0.0102	0.0093	0.0084	0.0050	0.0153	0.0036	0.0018	0.0136	0.0234	0.0074	0.0120	0.0079	0.0053	0.0158	0.0156	0.0114	0.0066	0.0195	0.0102	0.0184	0.0047	0.0146	0.0157	0.0145	0.0013	0.0087	0.0165	0.0043	0.0154	0.0161	0.0011	0.0028	0.0091	0.0149	0.0102	0.0183	0.0107	0.0080	0.0144	0.0068	0.0092	0.0189	0.0121	0.0142	0.0128	0.0182	0.0027	0.0231	0.0006	0.0171	0.0146	0.0037	0.0161	0.0059	0.0133	0.0135	0.0086	0.0136	0.0046	0.0102	0.0057	0.0203	0.0008	0.0038	0.0053	0.0113	0.0008	0.0084	0.0076	0.0178	0.0058	0.0169	0.0070	0.0034	0.0076	0.0057	0.0042	0.0008	0.0161	0.0050	0.0053	0.0174	0.0035	0.0162	0.0034	0.0221	0.0052	0.0032	0.0033	0.0159	0.0063	0.0132	0.0084	0.0026	0.0009	0.0111	0.0160	0.0083	
0.0109	0.0071	0.0152	0.0122	0.0099	0.0028	0.0120	0.0168	0.0159	0.0119	0.0189	0.0074	0.0090	0.0081	0.0181	0.0179	0.0037	0.0047	0.0140	0.0063	0.0193	0.0095	0.0039	0.0186	0.0055	0.0099	0.0111	0.0110	0.0112	0.0044	0.0033	0.0144	0.0073	0.0157	0.0107	0.0108	0.0115	0.0138	0.0092	0.0007	0.0005	0.0085	0.0002	0.0134	0.0058	0.0142	0.0066	0.0218	0.0196	0.0088	0.0174	0.0139	0.0211	0.0118	0.0099	0.0019	0.0035	0.0164	0.0068	0.0001	0.0133	0.0024	0.0045	0.0132	0.0092	0.0029	0.0160	0.0155	0.0160	0.0044	0.0061	0.0101	0.0159	0.0138	0.0059	0.0105	0.0102	0.0116	0.0121	0.0104	0.0023	0.0095	0.0129	0.0022	0.0051	0.0082	0.0154	0.0181	0.0049	0.0088	0.0090	0.0152	0.0057	0.0083	0.0094	0.0187	0.0037	0.0064	0.0028	0.0025	
0.0157	0.0168	0.0000	0.0139	0.0018	0.0089	0.0190	0.0056	0.0051	0.0204	0.0137	0.0126	0.0032	0.0170	0.0188	0.0013	0.0094	0.0024	0.0077	0.0022	0.0073	0.0033	0.0113	0.0105	0.0164	0.0102	0.0040	0.0075	0.0050	0.0088	0.0082	0.0019	0.0085	0.0108	0.0166	0.0099	0.0123	0.0006	0.0005	0.0170	0.0100	0.0124	0.0106	0.0056	0.0166	0.0159	0.0136	0.0116	0.0125	0.0075	0.0081	0.0013	0.0001	0.0010	0.0168	0.0148	0.0039	0.0094	0.0168	0.0128	0.0062	0.0130	0.0245	0.0191	0.0134	0.0127	0.0042	0.0156	0.0017	0.0085	0.0111	0.0087	0.0021	0.0110	0.0144	0.0155	0.0125	0.0041	0.0176	0.0001	0.0166	0.0137	0.0159	0.0198	0.0203	0.0066	0.0017	0.0085	0.0147	0.0012	0.0061	0.0023	0.0035	0.0082	0.0145	0.0181	0.0118	0.0140	0.0149	0.0041	
0.0117	0.0002	0.0085	0.0022	0.0156	0.0009	0.0147	0.0099	0.0065	0.0149	0.0013	0.0197	0.0112	0.0136	0.0171	0.0131	0.0163	0.0010	0.0168	0.0053	0.0084	0.0159	0.0153	0.0009	0.0024	0.0071	0.0046	0.0116	0.0221	0.0157	0.0045	0.0164	0.0084	0.0124	0.0084	0.0128	0.0037	0.0127	0.0018	0.0147	0.0060	0.0102	0.0151	0.0161	0.0192	0.0049	0.0065	0.0079	0.0144	0.0197	0.0197	0.0076	0.0160	0.0083	0.0137	0.0128	0.0018	0.0078	0.0200	0.0066	0.0145	0.0048	0.0068	0.0094	0.0106	0.0026	0.0063	0.0004	0.0067	0.0154	0.0068	0.0031	0.0165	0.0003	0.0169	0.0164	0.0210	0.0039	0.0007	0.0160	0.0155	0.0124	0.0002	0.0143	0.0138	0.0155	0.0027	0.0023	0.0173	0.0153	0.0147	0.0143	0.0103	0.0118	0.0016	0.0009	0.0017	0.0068	0.0003	0.0148	
0.0145	0.0108	0.0195	0.0138	0.0095	0.0161	0.0094	0.0155	0.0075	0.0171	0.0165	0.0174	0.0067	0.0020	0.0091	0.0145	0.0054	0.0097	0.0122	0.0183	0.0189	0.0069	0.0034	0.0128	0.0030	0.0094	0.0105	0.0042	0.0164	0.0186	0.0163	0.0078	0.0030	0.0040	0.0011	0.0094	0.0187	0.0055	0.0083	0.0009	0.0054	0.0084	0.0112	0.0177	0.0178	0.0143	0.0094	0.0119	0.0055	0.0029	0.0119	0.0103	0.0190	0.0013	0.0169	0.0098	0.0060	0.0035	0.0105	0.0017	0.0069	0.0062	0.0184	0.0102	0.0025	0.0097	0.0124	0.0032	0.0009	0.0164	0.0194	0.0001	0.0032	0.0109	0.0133	0.0103	0.0134	0.0034	0.0167	0.0063	0.0002	0.0174	0.0176	0.0149	0.0027	0.0044	0.0101	0.0019	0.0065	0.0118	0.0037	0.0142	0.0108	0.0048	0.0175	0.0198	0.0116	0.0029	0.0167	0.0071	
0.0021	0.0065	0.0109	0.0048	0.0031	0.0185	0.0064	0.0068	0.0073	0.0041	0.0196	0.0024	0.0055	0.0044	0.0019	0.0079	0.0080	0.0007	0.0076	0.0177	0.0180	0.0134	0.0142	0.0126	0.0131	0.0039	0.0072	0.0170	0.0207	0.0158	0.0006	0.0102	0.0061	0.0119	0.0056	0.0103	0.0083	0.0146	0.0109	0.0065	0.0161	0.0047	0.0119	0.0026	0.0151	0.0012	0.0065	0.0115	0.0053	0.0091	0.0132	0.0088	0.0188	0.0221	0.0101	0.0083	0.0135	0.0231	0.0109	0.0181	0.0087	0.0092	0.0060	0.0126	0.0034	0.0066	0.0109	0.0156	0.0002	0.0082	0.0180	0.0131	0.0077	0.0001	0.0017	0.0136	0.0248	0.0177	0.0125	0.0150	0.0128	0.0129	0.0126	0.0066	0.0040	0.0115	0.0136	0.0086	0.0002	0.0210	0.0013	0.0089	0.0029	0.0123	0.0189	0.0071	0.0174	0.0019	0.0141	0.0076	
0.0056	0.0140	0.0096	0.0120	0.0099	0.0199	0.0019	0.0181	0.0149	0.0133	0.0114	0.0197	0.0050	0.0133	0.0057	0.0122	0.0179	0.0001	0.0072	0.0133	0.0119	0.0077	0.0147	0.0045	0.0055	0.0070	0.0126	0.0132	0.0022	0.0160	0.0156	0.0163	0.0140	0.0074	0.0111	0.0162	0.0075	0.0206	0.0165	0.0063	0.0081	0.0179	0.0081	0.0036	0.0067	0.0030	0.0033	0.0114	0.0116	0.0072	0.0089	0.0131	0.0191	0.0038	0.0164	0.0174	0.0237	0.0053	0.0089	0.0032	0.0072	0.0074	0.0105	0.0020	0.0006	0.0134	0.0013	0.0203	0.0040	0.0043	0.0036	0.0179	0.0023	0.0204	0.0063	0.0130	0.0226	0.0142	0.0145	0.0041	0.0023	0.0011	0.0045	0.0123	0.0051	0.0003	0.0008	0.0141	0.0111	0.0147	0.0224	0.0033	0.0072	0.0114	0.0004	0.0217	0.0051	0.0060	0.0017	0.0119	
0.0014	0.0080	0.0041	0.0036	0.0022	0.0130	0.0144	0.0189	0.0173	0.0023	0.0003	0.0096	0.0082	0.0042	0.0006	0.0048	0.0039	0.0189	0.0190	0.0004	0.0128	0.0109	0.0088	0.0146	0.0057	0.0002	0.0106	0.0084	0.0223	0.0085	0.0097	0.0098	0.0105	0.0048	0.0039	0.0189	0.0204	0.0009	0.0159	0.0182	0.0083	0.0061	0.0142	0.0093	0.0139	0.0130	0.0187	0.0079	0.0174	0.0165	0.0162	0.0073	0.0162	0.0019	0.0015	0.0122	0.0227	0.0121	0.0224	0.0027	0.0020	0.0065	0.0181	0.0115	0.0144	0.0138	0.0165	0.0036	0.0006	0.0035	0.0078	0.0028	0.0051	0.0007	0.0147	0.0072	0.0185	0.0215	0.0025	0.0165	0.0033	0.0030	0.0164	0.0051	0.0111	0.0024	0.0182	0.0099	0.0033	0.0140	0.0234	0.0091	0.0022	0.0097	0.0172	0.0006	0.0111	0.0050	0.0155	0.0200	
0.0125	0.0126	0.0061	0.0080	0.0066	0.0148	0.0015	0.0139	0.0068	0.0112	0.0199	0.0192	0.0062	0.0030	0.0219	0.0189	0.0131	0.0082	0.0178	0.0103	0.0148	0.0103	0.0183	0.0097	0.0041	0.0158	0.0001	0.0118	0.0079	0.0130	0.0178	0.0084	0.0036	0.0033	0.0013	0.0076	0.0146	0.0037	0.0155	0.0136	0.0202	0.0034	0.0141	0.0094	0.0145	0.0153	0.0012	0.0231	0.0147	0.0166	0.0070	0.0139	0.0072	0.0038	0.0038	0.0027	0.0157	0.0167	0.0045	0.0075	0.0137	0.0076	0.0040	0.0146	0.0133	0.0085	0.0094	0.0040	0.0018	0.0073	0.0014	0.0080	0.0128	0.0020	0.0104	0.0111	0.0134	0.0122	0.0123	0.0062	0.0134	0.0009	0.0007	0.0090	0.0043	0.0217	0.0027	0.0006	0.0197	0.0220	0.0165	0.0009	0.0135	0.0064	0.0044	0.0117	0.0180	0.0036	0.0089	0.0046	
0.0038	0.0191	0.0166	0.0034	0.0114	0.0196	0.0030	0.0042	0.0107	0.0109	0.0131	0.0029	0.0007	0.0160	0.0125	0.0109	0.0075	0.0108	0.0090	0.0164	0.0054	0.0139	0.0050	0.0039	0.0113	0.0004	0.0104	0.0056	0.0173	0.0002	0.0142	0.0053	0.0174	0.0106	0.0026	0.0177	0.0047	0.0177	0.0195	0.0048	0.0178	0.0197	0.0069	0.0068	0.0063	0.0104	0.0003	0.0013	0.0170	0.0131	0.0027	0.0045	0.0177	0.0141	0.0190	0.0110	0.0137	0.0121	0.0092	0.0120	0.0106	0.0172	0.0060	0.0125	0.0181	0.0070	0.0031	0.0116	0.0118	0.0114	0.0068	0.0100	0.0148	0.0035	0.0004	0.0058	0.0063	0.0174	0.0170	0.0010	0.0001	0.0071	0.0086	0.0057	0.0160	0.0092	0.0089	0.0042	0.0096	0.0135	0.0060	0.0120	0.0059	0.0046	0.0187	0.0195	0.0131	0.0137	0.0076	0.0178	
0.0079	0.0107	0.0063	0.0023	0.0036	0.0140	0.0078	0.0137	0.0126	0.0112	0.0044	0.0159	0.0137	0.0078	0.0147	0.0012	0.0083	0.0154	0.0152	0.0091	0.0158	0.0002	0.0001	0.0029	0.0058	0.0122	0.0034	0.0089	0.0082	0.0019	0.0143	0.0095	0.0081	0.0192	0.0147	0.0095	0.0026	0.0076	0.0019	0.0033	0.0217	0.0177	0.0062	0.0173	0.0091	0.0085	0.0154	0.0227	0.0137	0.0155	0.0082	0.0116	0.0008	0.0165	0.0032	0.0085	0.0107	0.0026	0.0151	0.0101	0.0114	0.0002	0.0042	0.0135	0.0179	0.0153	0.0043	0.0187	0.0111	0.0021	0.0176	0.0009	0.0166	0.0114	0.0101	0.0169	0.0138	0.0026	0.0124	0.0169	0.0117	0.0036	0.0164	0.0117	0.0098	0.0002	0.0087	0.0124	0.0147	0.0045	0.0008	0.0003	0.0080	0.0084	0.0171	0.0207	0.0134	0.0117	0.0150	0.0121	
0.0042	0.0040	0.0027	0.0104	0.0150	0.0116	0.0151	0.0110	0.0078	0.0038	0.0221	0.0081	0.0085	0.0185	0.0198	0.0056	0.0029	0.0097	0.0025	0.0218	0.0056	0.0181	0.0013	0.0132	0.0019	0.0196	0.0119	0.0070	0.0201	0.0145	0.0078	0.0184	0.0048	0.0013	0.0179	0.0126	0.0024	0.0100	0.0223	0.0013	0.0055	0.0004	0.0022	0.0131	0.0080	0.0133	0.0123	0.0195	0.0193	0.0112	0.0145	0.0023	0.0175	0.0203	0.0101	0.0103	0.0026	0.0118	0.0082	0.0187	0.0008	0.0106	0.0128	0.0190	0.0196	0.0008	0.0022	0.0084	0.0036	0.0042	0.0037	0.0158	0.0147	0.0010	0.0169	0.0047	0.0169	0.0116	0.0061	0.0089	0.0052	0.0145	0.0115	0.0096	0.0183	0.0053	0.0035	0.0078	0.0131	0.0070	0.0122	0.0131	0.0007	0.0006	0.0010	0.0185	0.0109	0.0066	0.0139	0.0065	
0.0112	0.0066	0.0108	0.0074	0.0043	0.0018	0.0076	0.0137	0.0035	0.0034	0.0151	0.0135	0.0041	0.0173	0.0145	0.0047	0.0192	0.0013	0.0195	0.0119	0.0157	0.0164	0.0130	0.0192	0.0107	0.0095	0.0149	0.0107	0.0002	0.0001	0.0144	0.0063	0.0136	0.0207	0.0204	0.0166	0.0046	0.0004	0.0042	0.0141	0.0160	0.0105	0.0012	0.0083	0.0116	0.0159	0.0065	0.0021	0.0100	0.0155	0.0147	0.0064	0.0095	0.0009	0.0094	0.0129	0.0143	0.0126	0.0180	0.0145	0.0084	0.0154	0.0095	0.0039	0.0072	0.0083	0.0106	0.0054	0.0015	0.0096	0.0002	0.0157	0.0155	0.0037	0.0162	0.0057	0.0197	0.0067	0.0059	0.0173	0.0020	0.0092	0.0035	0.0041	0.0028	0.0086	0.0180	0.0169	0.0106	0.0030	0.0073	0.0124	0.0028	0.0071	0.0077	0.0201	0.0204	0.0123	0.0145	0.0022	
0.0010	0.0039	0.0234	0.0121	0.0121	0.0205	0.0090	0.0048	0.0024	0.0025	0.0193	0.0062	0.0027	0.0173	0.0131	0.0129	0.0158	0.0066	0.0005	0.0008	0.0093	0.0015	0.0144	0.0189	0.0058	0.0052	0.0148	0.0065	0.0175	0.0012	0.0078	0.0175	0.0068	0.0062	0.0198	0.0183	0.0123	0.0091	0.0107	0.0045	0.0202	0.0146	0.0092	0.0076	0.0036	0.0003	0.0099	0.0066	0.0212	0.0111	0.0029	0.0110	0.0207	0.0159	0.0138	0.0183	0.0095	0.0000	0.0086	0.0092	0.0059	0.0033	0.0072	0.0015	0.0143	0.0022	0.0140	0.0198	0.0015	0.0102	0.0036	0.0052	0.0154	0.0158	0.0032	0.0142	0.0109	0.0069	0.0137	0.0068	0.0123	0.0070	0.0083	0.0054	0.0159	0.0166	0.0002	0.0109	0.0140	0.0191	0.0117	0.0112	0.0144	0.0008	0.0229	0.0158	0.0076	0.0087	0.0116	0.0008	
0.0014	0.0184	0.0041	0.0062	0.0059	0.0183	0.0131	0.0014	0.0126	0.0168	0.0123	0.0020	0.0036	0.0018	0.0166	0.0139	0.0156	0.0012	0.0038	0.0005	0.0019	0.0102	0.0048	0.0046	0.0017	0.0108	0.0068	0.0159	0.0156	0.0104	0.0088	0.0193	0.0144	0.0173	0.0063	0.0196	0.0045	0.0024	0.0217	0.0002	0.0245	0.0217	0.0118	0.0153	0.0067	0.0074	0.0076	0.0225	0.0071	0.0029	0.0145	0.0053	0.0089	0.0108	0.0198	0.0135	0.0117	0.0206	0.0041	0.0164	0.0146	0.0199	0.0056	0.0060	0.0106	0.0143	0.0058	0.0099	0.0124	0.0132	0.0128	0.0128	0.0033	0.0035	0.0008	0.0025	0.0171	0.0095	0.0187	0.0131	0.0020	0.0067	0.0089	0.0130	0.0110	0.0026	0.0109	0.0039	0.0160	0.0159	0.0105	0.0055	0.0133	0.0017	0.0114	0.0003	0.0152	0.0077	0.0047	0.0129	
0.0012	0.0010	0.0015	0.0106	0.0096	0.0061	0.0020	0.0044	0.0098	0.0138	0.0231	0.0016	0.0199	0.0100	0.0180	0.0053	0.0111	0.0080	0.0142	0.0075	0.0006	0.0045	0.0127	0.0038	0.0055	0.0072	0.0211	0.0012	0.0193	0.0005	0.0096	0.0070	0.0039	0.0052	0.0145	0.0011	0.0067	0.0210	0.0043	0.0043	0.0207	0.0083	0.0106	0.0006	0.0178	0.0069	0.0043	0.0091	0.0105	0.0050	0.0103	0.0025	0.0193	0.0246	0.0140	0.0195	0.0120	0.0198	0.0041	0.0023	0.0118	0.0014	0.0073	0.0135	0.0068	0.0101	0.0134	0.0172	0.0151	0.0130	0.0176	0.0118	0.0073	0.0108	0.0089	0.0130	0.0153	0.0139	0.0067	0.0191	0.0007	0.0069	0.0118	0.0100	0.0099	0.0068	0.0118	0.0078	0.0120	0.0199	0.0135	0.0082	0.0136	0.0018	0.0195	0.0185	0.0193	0.0011	0.0101	0.0077	
0.0102	0.0124	0.0099	0.0111	0.0049	0.0001	0.0148	0.0061	0.0089	0.0011	0.0044	0.0225	0.0123	0.0044	0.0021	0.0020	0.0090	0.0152	0.0006	0.0015	0.0165	0.0112	0.0043	0.0030	0.0010	0.0092	0.0165	0.0044	0.0164	0.0107	0.0128	0.0110	0.0162	0.0205	0.0118	0.0096	0.0179	0.0217	0.0062	0.0104	0.0110	0.0067	0.0132	0.0099	0.0130	0.0121	0.0161	0.0138	0.0001	0.0126	0.0090	0.0026	0.0010	0.0099	0.0112	0.0177	0.0079	0.0071	0.0167	0.0176	0.0054	0.0113	0.0100	0.0199	0.0075	0.0145	0.0011	0.0151	0.0114	0.0091	0.0031	0.0099	0.0104	0.0104	0.0113	0.0104	0.0183	0.0157	0.0090	0.0095	0.0107	0.0039	0.0051	0.0019	0.0173	0.0117	0.0107	0.0071	0.0091	0.0127	0.0036	0.0123	0.0024	0.0075	0.0058	0.0220	0.0180	0.0136	0.0011	0.0161	
0.0103	0.0035	0.0162	0.0052	0.0078	0.0214	0.0090	0.0107	0.0164	0.0142	0.0053	0.0121	0.0131	0.0045	0.0031	0.0002	0.0070	0.0066	0.0002	0.0155	0.0026	0.0142	0.0035	0.0044	0.0064	0.0083	0.0076	0.0007	0.0061	0.0144	0.0133	0.0149	0.0113	0.0143	0.0201	0.0074	0.0070	0.0182	0.0112	0.0005	0.0184	0.0001	0.0048	0.0101	0.0052	0.0102	0.0146	0.0211	0.0081	0.0048	0.0093	0.0057	0.0182	0.0031	0.0145	0.0128	0.0217	0.0125	0.0201	0.0185	0.0113	0.0092	0.0032	0.0042	0.0027	0.0083	0.0114	0.0199	0.0049	0.0098	0.0102	0.0087	0.0135	0.0179	0.0161	0.0026	0.0106	0.0146	0.0133	0.0166	0.0079	0.0068	0.0127	0.0005	0.0034	0.0085	0.0182	0.0106	0.0190	0.0034	0.0097	0.0141	0.0121	0.0095	0.0087	0.0083	0.0156	0.0016	0.0045	0.0135	
0.0157	0.0169	0.0133	0.0114	0.0138	0.0002	0.0091	0.0219	0.0045	0.0098	0.0082	0.0059	0.0125	0.0008	0.0117	0.0029	0.0206	0.0033	0.0001	0.0152	0.0092	0.0077	0.0005	0.0055	0.0037	0.0129	0.0147	0.0020	0.0141	0.0115	0.0073	0.0066	0.0073	0.0035	0.0052	0.0086	0.0150	0.0216	0.0062	0.0035	0.0167	0.0023	0.0049	0.0098	0.0172	0.0034	0.0027	0.0229	0.0065	0.0076	0.0122	0.0097	0.0029	0.0131	0.0075	0.0062	0.0223	0.0084	0.0105	0.0179	0.0075	0.0084	0.0040	0.0139	0.0035	0.0004	0.0117	0.0099	0.0143	0.0170	0.0046	0.0168	0.0154	0.0174	0.0178	0.0072	0.0019	0.0175	0.0063	0.0009	0.0091	0.0110	0.0160	0.0032	0.0012	0.0185	0.0038	0.0197	0.0186	0.0245	0.0132	0.0102	0.0084	0.0075	0.0172	0.0090	0.0179	0.0090	0.0024	0.0146	
0.0065	0.0153	0.0002	0.0053	0.0022	0.0152	0.0133	0.0073	0.0127	0.0008	0.0049	0.0065	0.0201	0.0076	0.0108	0.0120	0.0127	0.0018	0.0124	0.0089	0.0151	0.0006	0.0122	0.0221	0.0045	0.0116	0.0077	0.0076	0.0219	0.0108	0.0097	0.0081	0.0090	0.0133	0.0181	0.0136	0.0122	0.0117	0.0019	0.0091	0.0007	0.0166	0.0033	0.0157	0.0142	0.0059	0.0096	0.0026	0.0221	0.0036	0.0159	0.0134	0.0018	0.0119	0.0209	0.0051	0.0012	0.0012	0.0019	0.0098	0.0044	0.0061	0.0054	0.0021	0.0090	0.0179	0.0115	0.0083	0.0110	0.0113	0.0189	0.0017	0.0178	0.0021	0.0073	0.0185	0.0217	0.0209	0.0047	0.0198	0.0014	0.0044	0.0096	0.0130	0.0125	0.0174	0.0066	0.0182	0.0130	0.0113	0.0150	0.0126	0.0062	0.0099	0.0049	0.0176	0.0124	0.0015	0.0035	0.0140	
0.0124	0.0038	0.0104	0.0039	0.0063	0.0191	0.0132	0.0248	0.0064	0.0006	0.0109	0.0019	0.0159	0.0024	0.0104	0.0224	0.0208	0.0103	0.0087	0.0161	0.0104	0.0225	0.0147	0.0058	0.0006	0.0037	0.0161	0.0071	0.0234	0.0157	0.0087	0.0153	0.0148	0.0133	0.0114	0.0167	0.0153	0.0056	0.0100	0.0008	0.0015	0.0074	0.0086	0.0147	0.0243	0.0121	0.0160	0.0083	0.0067	0.0070	0.0189	0.0190	0.0183	0.0098	0.0069	0.0109	0.0109	0.0050	0.0050	0.0022	0.0002	0.0074	0.0016	0.0125	0.0111	0.0168	0.0047	0.0047	0.0121	0.0089	0.0019	0.0128	0.0009	0.0075	0.0135	0.0030	0.0148	0.0046	0.0037	0.0097	0.0042	0.0064	0.0022	0.0097	0.0160	0.0103	0.0001	0.0077	0.0054	0.0250	0.0112	0.0130	0.0005	0.0071	0.0007	0.0181	0.0064	0.0149	0.0170	0.0051	
0.0054	0.0150	0.0121	0.0140	0.0037	0.0039	0.0153	0.0078	0.0132	0.0029	0.0009	0.0047	0.0186	0.0137	0.0187	0.0114	0.0052	0.0084	0.0134	0.0038	0.0142	0.0187	0.0198	0.0147	0.0004	0.0078	0.0134	0.0121	0.0061	0.0190	0.0171	0.0110	0.0040	0.0196	0.0029	0.0080	0.0150	0.0068	0.0068	0.0114	0.0098	0.0124	0.0090	0.0011	0.0165	0.0040	0.0106	0.0057	0.0111	0.0089	0.0074	0.0123	0.0045	0.0154	0.0097	0.0063	0.0161	0.0163	0.0140	0.0144	0.0121	0.0054	0.0012	0.0169	0.0055	0.0095	0.0003	0.0003	0.0099	0.0076	0.0154	0.0177	0.0037	0.0009	0.0139	0.0020	0.0093	0.0189	0.0175	0.0146	0.0127	0.0059	0.0022	0.0155	0.0100	0.0029	0.0067	0.0100	0.0086	0.0178	0.0140	0.0177	0.0097	0.0096	0.0019	0.0038	0.0107	0.0119	0.0126	0.0069	
0.0037	0.0168	0.0141	0.0017	0.0090	0.0105	0.0097	0.0034	0.0006	0.0079	0.0174	0.0178	0.0183	0.0186	0.0010	0.0035	0.0034	0.0031	0.0054	0.0032	0.0021	0.0118	0.0123	0.0139	0.0134	0.0160	0.0071	0.0124	0.0179	0.0115	0.0123	0.0144	0.0033	0.0114	0.0140	0.0017	0.0151	0.0008	0.0078	0.0007	0.0150	0.0046	0.0070	0.0010	0.0218	0.0144	0.0021	0.0152	0.0109	0.0180	0.0004	0.0076	0.0111	0.0098	0.0059	0.0136	0.0022	0.0177	0.0065	0.0149	0.0043	0.0184	0.0047	0.0104	0.0181	0.0034	0.0116	0.0082	0.0053	0.0158	0.0102	0.0024	0.0167	0.0044	0.0108	0.0158	0.0029	0.0094	0.0158	0.0191	0.0130	0.0126	0.0026	0.0022	0.0098	0.0036	0.0048	0.0143	0.0051	0.0206	0.0227	0.0171	0.0107	0.0101	0.0218	0.0162	0.0002	0.0169	0.0042	0.0148	
0.0024	0.0162	0.0067	0.0080	0.0059	0.0218	0.0095	0.0053	0.0007	0.0066	0.0102	0.0135	0.0197	0.0071	0.0222	0.0088	0.0157	0.0015	0.0001	0.0134	0.0165	0.0024	0.0012	0.0081	0.0152	0.0109	0.0086	0.0040	0.0081	0.0179	0.0172	0.0040	0.0052	0.0008	0.0196	0.0188	0.0062	0.0138	0.0157	0.0117	0.0138	0.0197	0.0081	0.0180	0.0097	0.0068	0.0169	0.0082	0.0144	0.0072	0.0160	0.0171	0.0207	0.0086	0.0192	0.0000	0.0163	0.0207	0.0122	0.0152	0.0103	0.0062	0.0153	0.0034	0.0088	0.0066	0.0044	0.0208	0.0082	0.0145	0.0027	0.0032	0.0058	0.0076	0.0013	0.0167	0.0151	0.0036	0.0145	0.0122	0.0110	0.0016	0.0119	0.0003	0.0158	0.0209	0.0058	0.0175	0.0027	0.0195	0.0061	0.0081	0.0005	0.0006	0.0025	0.0067	0.0027	0.0055	0.0066	0.0022	
0.0013	0.0268	0.0163	0.0132	0.0033	0.0146	0.0119	0.0104	0.0080	0.0211	0.0080	0.0105	0.0196	0.0196	0.0010	0.0054	0.0148	0.0169	0.0053	0.0107	0.0003	0.0112	0.0182	0.0114	0.0137	0.0132	0.0029	0.0054	0.0048	0.0173	0.0176	0.0046	0.0161	0.0168	0.0120	0.0155	0.0072	0.0198	0.0203	0.0035	0.0088	0.0181	0.0055	0.0025	0.0091	0.0134	0.0118	0.0019	0.0198	0.0150	0.0077	0.0055	0.0022	0.0135	0.0023	0.0116	0.0041	0.0009	0.0177	0.0113	0.0151	0.0073	0.0061	0.0132	0.0047	0.0044	0.0139	0.0022	0.0066	0.0064	0.0011	0.0162	0.0011	0.0016	0.0036	0.0040	0.0043	0.0112	0.0063	0.0194	0.0029	0.0011	0.0056	0.0121	0.0058	0.0111	0.0025	0.0228	0.0134	0.0201	0.0107	0.0056	0.0158	0.0047	0.0142	0.0001	0.0118	0.0135	0.0206	0.0042	
0.0001	0.0078	0.0151	0.0073	0.0103	0.0151	0.0029	0.0004	0.0108	0.0124	0.0065	0.0110	0.0133	0.0153	0.0089	0.0093	0.0013	0.0094	0.0068	0.0109	0.0010	0.0152	0.0059	0.0084	0.0115	0.0118	0.0188	0.0129	0.0117	0.0035	0.0122	0.0102	0.0111	0.0018	0.0228	0.0108	0.0061	0.0143	0.0148	0.0096	0.0062	0.0018	0.0030	0.0180	0.0142	0.0151	0.0066	0.0002	0.0213	0.0001	0.0163	0.0128	0.0069	0.0048	0.0033	0.0031	0.0017	0.0056	0.0146	0.0162	0.0165	0.0067	0.0066	0.0095	0.0027	0.0139	0.0090	0.0135	0.0123	0.0088	0.0032	0.0062	0.0125	0.0146	0.0060	0.0166	0.0146	0.0106	0.0096	0.0184	0.0030	0.0113	0.0155	0.0072	0.0034	0.0168	0.0047	0.0096	0.0194	0.0185	0.0141	0.0018	0.0110	0.0123	0.0162	0.0189	0.0119	0.0086	0.0090	0.0141	
0.0012	0.0226	0.0002	0.0052	0.0123	0.0105	0.0021	0.0107	0.0152	0.0043	0.0130	0.0109	0.0105	0.0139	0.0141	0.0145	0.0110	0.0175	0.0052	0.0078	0.0097	0.0084	0.0163	0.0037	0.0176	0.0013	0.0091	0.0156	0.0003	0.0100	0.0073	0.0169	0.0164	0.0168	0.0210	0.0060	0.0179	0.0127	0.0161	0.0122	0.0158	0.0167	0.0089	0.0129	0.0032	0.0013	0.0106	0.0053	0.0060	0.0169	0.0051	0.0117	0.0108	0.0046	0.0083	0.0141	0.0036	0.0161	0.0051	0.0148	0.0034	0.0064	0.0117	0.0090	0.0189	0.0177	0.0126	0.0166	0.0124	0.0070	0.0027	0.0179	0.0057	0.0118	0.0144	0.0125	0.0171	0.0006	0.0014	0.0174	0.0083	0.0033	0.0093	0.0045	0.0029	0.0151	0.0067	0.0140	0.0078	0.0054	0.0026	0.0010	0.0052	0.0162	0.0134	0.0074	0.0055	0.0020	0.0162	0.0064	
0.0053	0.0204	0.0089	0.0156	0.0096	0.0079	0.0057	0.0170	0.0088	0.0126	0.0148	0.0029	0.0137	0.0066	0.0054	0.0144	0.0150	0.0043	0.0053	0.0034	0.0077	0.0038	0.0056	0.0089	0.0045	0.0016	0.0117	0.0061	0.0014	0.0075	0.0095	0.0141	0.0039	0.0140	0.0128	0.0112	0.0133	0.0128	0.0129	0.0131	0.0082	0.0103	0.0005	0.0127	0.0099	0.0153	0.0060	0.0213	0.0130	0.0112	0.0076	0.0003	0.0178	0.0095	0.0179	0.0025	0.0123	0.0176	0.0108	0.0102	0.0176	0.0190	0.0169	0.0027	0.0044	0.0002	0.0146	0.0002	0.0110	0.0107	0.0045	0.0031	0.0124	0.0096	0.0147	0.0151	0.0033	0.0095	0.0012	0.0057	0.0122	0.0106	0.0123	0.0095	0.0153	0.0091	0.0170	0.0135	0.0136	0.0096	0.0202	0.0146	0.0004	0.0006	0.0219	0.0077	0.0144	0.0151	0.0092	0.0080	
0.0008	0.0070	0.0042	0.0175	0.0060	0.0087	0.0062	0.0070	0.0158	0.0185	0.0223	0.0015	0.0175	0.0056	0.0193	0.0034	0.0068	0.0045	0.0065	0.0160	0.0014	0.0073	0.0047	0.0070	0.0130	0.0077	0.0034	0.0126	0.0134	0.0100	0.0045	0.0058	0.0009	0.0138	0.0067	0.0082	0.0086	0.0167	0.0044	0.0090	0.0023	0.0134	0.0135	0.0178	0.0111	0.0171	0.0002	0.0188	0.0058	0.0179	0.0010	0.0087	0.0141	0.0152	0.0087	0.0148	0.0023	0.0203	0.0048	0.0190	0.0049	0.0143	0.0129	0.0076	0.0149	0.0153	0.0004	0.0053	0.0003	0.0067	0.0153	0.0116	0.0008	0.0177	0.0136	0.0085	0.0141	0.0103	0.0148	0.0177	0.0070	0.0071	0.0079	0.0146	0.0080	0.0174	0.0142	0.0076	0.0041	0.0144	0.0076	0.0112	0.0084	0.0053	0.0058	0.0091	0.0210	0.0072	0.0180	0.0157	
0.0182	0.0115	0.0158	0.0135	0.0011	0.0104	0.0060	0.0178	0.0011	0.0143	0.0034	0.0136	0.0012	0.0057	0.0139	0.0215	0.0074	0.0123	0.0166	0.0007	0.0195	0.0135	0.0007	0.0111	0.0005	0.0025	0.0019	0.0135	0.0163	0.0054	0.0092	0.0025	0.0076	0.0223	0.0218	0.0084	0.0118	0.0105	0.0117	0.0146	0.0057	0.0162	0.0040	0.0052	0.0089	0.0120	0.0056	0.0036	0.0191	0.0099	0.0014	0.0008	0.0121	0.0259	0.0158	0.0029	0.0174	0.0057	0.0179	0.0148	0.0071	0.0112	0.0017	0.0167	0.0070	0.0001	0.0025	0.0015	0.0058	0.0175	0.0023	0.0158	0.0021	0.0212	0.0137	0.0004	0.0118	0.0217	0.0001	0.0068	0.0108	0.0131	0.0171	0.0023	0.0036	0.0094	0.0117	0.0100	0.0034	0.0209	0.0179	0.0073	0.0112	0.0148	0.0117	0.0124	0.0151	0.0063	0.0094	0.0081	
0.0097	0.0085	0.0175	0.0151	0.0060	0.0058	0.0156	0.0124	0.0043	0.0142	0.0180	0.0201	0.0054	0.0091	0.0070	0.0099	0.0156	0.0154	0.0111	0.0012	0.0079	0.0142	0.0203	0.0114	0.0013	0.0141	0.0030	0.0051	0.0100	0.0014	0.0042	0.0202	0.0024	0.0127	0.0205	0.0036	0.0032	0.0034	0.0169	0.0174	0.0106	0.0022	0.0046	0.0077	0.0027	0.0185	0.0024	0.0051	0.0143	0.0028	0.0183	0.0143	0.0234	0.0160	0.0013	0.0168	0.0119	0.0054	0.0164	0.0116	0.0032	0.0131	0.0020	0.0041	0.0115	0.0155	0.0122	0.0158	0.0098	0.0016	0.0058	0.0117	0.0027	0.0130	0.0120	0.0054	0.0106	0.0147	0.0080	0.0025	0.0098	0.0160	0.0130	0.0052	0.0022	0.0085	0.0006	0.0109	0.0111	0.0024	0.0165	0.0176	0.0068	0.0046	0.0202	0.0173	0.0201	0.0014	0.0112	0.0076	
0.0031	0.0119	0.0152	0.0110	0.0135	0.0082	0.0125	0.0081	0.0014	0.0172	0.0082	0.0179	0.0174	0.0122	0.0012	0.0040	0.0001	0.0155	0.0012	0.0052	0.0155	0.0069	0.0048	0.0089	0.0073	0.0076	0.0036	0.0181	0.0153	0.0167	0.0073	0.0074	0.0186	0.0005	0.0233	0.0020	0.0069	0.0038	0.0122	0.0130	0.0171	0.0165	0.0069	0.0141	0.0181	0.0138	0.0015	0.0182	0.0046	0.0140	0.0125	0.0033	0.0007	0.0090	0.0144	0.0207	0.0056	0.0024	0.0022	0.0080	0.0069	0.0180	0.0150	0.0073	0.0119	0.0003	0.0175	0.0209	0.0104	0.0185	0.0199	0.0180	0.0073	0.0078	0.0123	0.0004	0.0197	0.0097	0.0167	0.0119	0.0060	0.0075	0.0128	0.0040	0.0199	0.0026	0.0063	0.0120	0.0074	0.0021	0.0199	0.0037	0.0010	0.0011	0.0131	0.0184	0.0025	0.0014	0.0042	0.0147	
0.0149	0.0068	0.0019	0.0042	0.0101	0.0197	0.0165	0.0127	0.0157	0.0132	0.0162	0.0155	0.0074	0.0114	0.0021	0.0117	0.0028	0.0077	0.0083	0.0080	0.0124	0.0105	0.0093	0.0093	0.0022	0.0139	0.0138	0.0054	0.0148	0.0155	0.0175	0.0159	0.0057	0.0004	0.0157	0.0010	0.0055	0.0094	0.0125	0.0204	0.0067	0.0138	0.0099	0.0115	0.0027	0.0013	0.0196	0.0106	0.0178	0.0104	0.0107	0.0154	0.0134	0.0112	0.0008	0.0058	0.0158	0.0111	0.0024	0.0203	0.0049	0.0109	0.0185	0.0024	0.0162	0.0028	0.0089	0.0077	0.0137	0.0010	0.0114	0.0128	0.0161	0.0077	0.0022	0.0009	0.0188	0.0127	0.0078	0.0010	0.0158	0.0050	0.0071	0.0070	0.0012	0.0033	0.0031	0.0112	0.0169	0.0083	0.0050	0.0142	0.0049	0.0101	0.0155	0.0169	0.0188	0.0086	0.0196	0.0001	
0.0119	0.0122	0.0153	0.0169	0.0171	0.0207	0.0183	0.0050	0.0132	0.0207	0.0068	0.0008	0.0018	0.0015	0.0212	0.0159	0.0041	0.0090	0.0015	0.0123	0.0194	0.0211	0.0076	0.0076	0.0166	0.0166	0.0086	0.0043	0.0137	0.0084	0.0038	0.0110	0.0177	0.0094	0.0110	0.0095	0.0118	0.0105	0.0085	0.0023	0.0065	0.0205	0.0154	0.0000	0.0018	0.0040	0.0144	0.0055	0.0141	0.0157	0.0102	0.0095	0.0084	0.0062	0.0007	0.0126	0.0028	0.0069	0.0010	0.0030	0.0126	0.0145	0.0118	0.0060	0.0173	0.0192	0.0038	0.0153	0.0111	0.0102	0.0087	0.0144	0.0013	0.0192	0.0063	0.0009	0.0033	0.0070	0.0060	0.0134	0.0032	0.0034	0.0119	0.0200	0.0172	0.0160	0.0030	0.0118	0.0082	0.0189	0.0068	0.0052	0.0072	0.0042	0.0129	0.0139	0.0094	0.0105	0.0043	0.0049	
0.0218	0.0006	0.0142	0.0014	0.0073	0.0204	0.0067	0.0094	0.0007	0.0169	0.0097	0.0183	0.0200	0.0074	0.0241	0.0084	0.0028	0.0095	0.0096	0.0015	0.0132	0.0148	0.0043	0.0179	0.0041	0.0028	0.0069	0.0152	0.0104	0.0151	0.0122	0.0119	0.0027	0.0012	0.0148	0.0024	0.0091	0.0109	0.0112	0.0006	0.0071	0.0138	0.0073	0.0095	0.0091	0.0099	0.0044	0.0002	0.0062	0.0039	0.0095	0.0158	0.0020	0.0026	0.0122	0.0052	0.0192	0.0203	0.0197	0.0040	0.0099	0.0104	0.0001	0.0060	0.0060	0.0170	0.0094	0.0195	0.0128	0.0140	0.0170	0.0125	0.0175	0.0085	0.0136	0.0198	0.0073	0.0185	0.0055	0.0154	0.0158	0.0050	0.0121	0.0037	0.0046	0.0167	0.0110	0.0006	0.0107	0.0088	0.0076	0.0120	0.0105	0.0068	0.0111	0.0182	0.0160	0.0023	0.0009	0.0107	
0.0196	0.0064	0.0054	0.0062	0.0065	0.0199	0.0174	0.0153	0.0077	0.0109	0.0004	0.0220	0.0112	0.0019	0.0076	0.0032	0.0216	0.0149	0.0008	0.0117	0.0059	0.0123	0.0083	0.0093	0.0083	0.0035	0.0003	0.0098	0.0202	0.0205	0.0041	0.0023	0.0145	0.0174	0.0204	0.0106	0.0013	0.0032	0.0166	0.0097	0.0175	0.0163	0.0105	0.0191	0.0075	0.0077	0.0021	0.0131	0.0024	0.0073	0.0171	0.0177	0.0025	0.0086	0.0054	0.0051	0.0199	0.0201	0.0225	0.0034	0.0164	0.0079	0.0127	0.0087	0.0068	0.0184	0.0031	0.0158	0.0042	0.0124	0.0021	0.0157	0.0168	0.0113	0.0145	0.0092	0.0253	0.0132	0.0010	0.0027	0.0012	0.0081	0.0091	0.0087	0.0029	0.0061	0.0001	0.0070	0.0121	0.0134	0.0159	0.0044	0.0031	0.0113	0.0133	0.0096	0.0014	0.0032	0.0081	0.0080	
0.0036	0.0084	0.0072	0.0057	0.0053	0.0243	0.0007	0.0133	0.0130	0.0142	0.0077	0.0066	0.0167	0.0157	0.0022	0.0066	0.0001	0.0052	0.0061	0.0026	0.0183	0.0195	0.0037	0.0156	0.0006	0.0170	0.0157	0.0035	0.0229	0.0089	0.0084	0.0157	0.0024	0.0151	0.0249	0.0134	0.0033	0.0015	0.0049	0.0048	0.0057	0.0099	0.0106	0.0179	0.0055	0.0084	0.0082	0.0111	0.0162	0.0081	0.0074	0.0146	0.0239	0.0068	0.0123	0.0058	0.0053	0.0151	0.0076	0.0086	0.0064	0.0172	0.0113	0.0058	0.0074	0.0133	0.0021	0.0035	0.0133	0.0066	0.0031	0.0189	0.0014	0.0007	0.0175	0.0088	0.0066	0.0095	0.0076	0.0131	0.0071	0.0044	0.0117	0.0100	0.0001	0.0151	0.0177	0.0194	0.0020	0.0181	0.0118	0.0108	0.0115	0.0136	0.0236	0.0097	0.0197	0.0063	0.0064	0.0126	

Emissions
0.0992	0.1342	0.1654	0.0530	0.1159	0.1891	0.2432	
0.2197	0.2199	0.0230	0.0151	0.3344	0.0226	0.1654	
0.2749	0.0030	0.0755	0.0106	0.1201	0.3112	0.2047	
0.1114	0.0340	0.0521	0.3613	0.3221	0.0412	0.0780	
0.0207	0.2204	0.1703	0.2059	0.0199	0.2629	0.0999	
0.0190	0.1570	0.0536	0.0372	0.2042	0.3210	0.2082	
0.0746	0.3273	0.1234	0.1298	0.1545	0.0059	0.1846	
0.1937	0.0123	0.1271	0.0118	0.1943	0.2788	0.1822	
0.0815	0.1528	0.0863	0.1411	0.1251	0.1569	0.2563	
0.2281	0.1720	0.0436	0.1536	0.1314	0.0800	0.1913	
0.0786	0.0054	0.1596	0.1099	0.3628	0.2757	0.0079	
0.0356	0.2923	0.1024	0.0430	0.1552	0.3148	0.0567	
0.0861	0.1954	0.1242	0.0528	0.2820	0.0921	0.1673	
0.1020	0.3122	0.1762	0.0496	0.2219	0.0357	0.1025	
0.1005	0.0842	0.1593	0.0061	0.2140	0.3034	0.1325	
0.0187	0.0259	0.1593	0.2627	0.0498	0.4025	0.0812	
0.2880	0.0251	0.1337	0.0130	0.0307	0.3359	0.1737	
0.2533	0.1760	0.0947	0.0722	0.0152	0.0441	0.3446	
0.0062	0.3430	0.0788	0.0800	0.2671	0.1070	0.1178	
0.0380	0.1881	0.0359	0.1877	0.2805	0.1255	0.1443	
0.1830	0.0674	0.1316	0.0958	0.1802	0.2285	0.1136	
0.2076	0.0982	0.0568	0.0744	0.1444	0.2222	0.1965	
0.1804	0.1873	0.1157	0.1098	0.2871	0.1174	0.0023	
0.0249	0.0232	0.1471	0.1256	0.1660	0.2239	0.2893	
0.1558	0.1948	0.1151	0.2300	0.1016	0.0086	0.1940	
0.0534	0.3014	0.1567	0.1469	0.2087	0.1032	0.0297	
0.1500	0.0276	0.1704	0.0370	0.3014	0.2725	0.0411	
0.1452	0.1317	0.1657	0.0944	0.2428	0.0784	0.1416	
0.1026	0.1112	0.1645	0.0423	0.0183	0.4864	0.0747	
0.1559	0.2249	0.1357	0.0176	0.2113	0.1267	0.1280	
0.2994	0.0178	0.0158	0.1221	0.1395	0.2809	0.1244	
0.1552	0.1039	0.1532	0.0602	0.2560	0.1007	0.1709	
0.1549	0.1823	0.1592	0.0975	0.2197	0.0179	0.1685	
0.0879	0.0374	0.0751	0.0916	0.2931	0.2258	0.1891	
0.1120	0.0450	0.0646	0.0060	0.3898	0.1553	0.2272	
0.1065	0.3701	0.0461	0.1151	0.1966	0.0724	0.0932	
0.3153	0.1735	0.2170	0.0272	0.1216	0.1091	0.0363	
0.0316	0.3045	0.1093	0.0076	0.2898	0.1414	0.1159	
0.1749	0.2266	0.0008	0.1008	0.3086	0.0963	0.0919	
0.1089	0.4436	0.1486	0.0211	0.0725	0.0555	0.1497	
0.1609	0.1842	0.0077	0.0287	0.3090	0.1941	0.1154	
0.1332	0.2319	0.0531	0.1257	0.2901	0.1089	0.0572	
0.0305	0.2917	0.1463	0.3034	0.1456	0.0084	0.0741	
0.0350	0.0601	0.1898	0.0766	0.2767	0.2319	0.1298	
0.2676	0.1157	0.0349	0.0153	0.0016	0.4012	0.1637	
0.0460	0.4026	0.2544	0.0347	0.1334	0.0080	0.1210	
0.0485	0.6945	0.0231	0.1843	0.0180	0.0164	0.0151	
0.0004	0.0970	0.0183	0.0569	0.3765	0.3223	0.1287	
0.1230	0.0388	0.1567	0.0135	0.2949	0.2106	0.1625	
0.0498	0.0391	0.0872	0.1407	0.4271	0.2327	0.0234	
0.0610	0.0776	0.2769	0.0716	0.1026	0.0648	0.3455	
0.0701	0.3443	0.0409	0.1748	0.1671	0.0463	0.1564	
0.1965	0.0073	0.1115	0.0054	0.2816	0.2700	0.1277	
0.1499	0.0301	0.3521	0.1421	0.0722	0.2466	0.0071	
0.1291	0.2508	0.1042	0.0296	0.1763	0.1468	0.1632	
0.0688	0.0992	0.0363	0.2358	0.3885	0.1415	0.0300	
0.0691	0.1897	0.1070	0.0413	0.1968	0.3268	0.0693	
0.0163	0.2202	0.1361	0.0124	0.3273	0.1221	0.1657	
0.0244	0.3065	0.1704	0.0101	0.1697	0.1619	0.1570	
0.0353	0.3978	0.1349	0.0026	0.2469	0.0002	0.1824	
0.2727	0.1563	0.0720	0.0103	0.1709	0.2635	0.0543	
0.1048	0.2287	0.0521	0.1803	0.2375	0.0870	0.1096	
0.3002	0.2706	0.0139	0.1003	0.2518	0.0329	0.0304	
0.0930	0.1143	0.2174	0.0759	0.3629	0.1048	0.0318	
0.1401	0.2883	0.0371	0.1845	0.2536	0.0541	0.0424	
0.0676	0.1696	0.0027	0.1262	0.3944	0.1021	0.1374	
0.0882	0.3570	0.0959	0.2954	0.0731	0.0250	0.0654	
0.1823	0.1396	0.0634	0.0095	0.3413	0.1509	0.1129	
0.0463	0.2758	0.1880	0.2462	0.0673	0.0059	0.1704	
0.1831	0.0246	0.2128	0.2297	0.1157	0.0720	0.1621	
0.1388	0.0188	0.0354	0.1336	0.2311	0.1491	0.2933	
0.1845	0.1886	0.1611	0.1594	0.0835	0.2110	0.0119	
0.0694	0.2339	0.1332	0.1477	0.2782	0.1199	0.0176	
0.1755	0.0439	0.1460	0.0763	0.1736	0.2689	0.1158	
0.1079	0.1378	0.1648	0.1387	0.2640	0.1219	0.0649	
0.1498	0.0896	0.1623	0.1003	0.0539	0.2384	0.2057	
0.0672	0.1547	0.0726	0.0010	0.1454	0.4017	0.1574	
0.0494	0.0120	0.2206	0.0536	0.2980	0.2061	0.1602	
0.1579	0.1179	0.1511	0.2953	0.2222	0.0390	0.0167	
0.1906	0.1452	0.1092	0.0371	0.0942	0.2234	0.2002	
0.1714	0.1144	0.1237	0.2007	0.0708	0.1177	0.2013	
0.1768	0.3635	0.1681	0.1377	0.0622	0.0170	0.0746	
0.1100	0.3718	0.1237	0.0388	0.0392	0.1618	0.1547	
0.2280	0.3495	0.1120	0.1156	0.0499	0.0817	0.0633	
0.1037	0.1813	0.1036	0.1899	0.2941	0.0400	0.0874	
0.1245	0.0592	0.0825	0.0373	0.2891	0.2542	0.1532	
0.1359	0.2654	0.1254	0.0648	0.0699	0.2361	0.1025	
0.1657	0.0232	0.0360	0.0193	0.4238	0.1449	0.1871	
0.2678	0.0112	0.1862	0.0197	0.0280	0.2679	0.2191	
0.0420	0.0458	0.0984	0.0430	0.3696	0.2277	0.1735	
0.1214	0.1822	0.1123	0.0094	0.2755	0.2291	0.0700	
0.1072	0.2216	0.1302	0.1490	0.1835	0.0813	0.1271	
0.0848	0.2527	0.1639	0.3791	0.0021	0.0590	0.0585	
0.0917	0.0799	0.1228	0.3345	0.1827	0.0765	0.1119	
0.2191	0.0548	0.0554	0.0476	0.3770	0.2369	0.0092	
0.0351	0.1973	0.0177	0.0211	0.3343	0.1630	0.2315	
0.0323	0.2174	0.0270	0.0691	0.3212	0.1210	0.2119	
0.1757	0.3224	0.0591	0.2491	0.0422	0.0761	0.0754	
0.2302	0.1421	0.0387	0.1605	0.1504	0.0014	0.2767	
0.1641	0.1969	0.1362	0.1370	0.0479	0.2438	0.0742	
