DataSet 41
Learner: Baum Welch Learner
Log Likelihood: 68604.8324233662

Number of States: 50
Number of Symbols: 7
Threshold: 0.01

Initial Distribution:
0.0337	0.0097	0.0006	0.0485	0.0283	0.0862	0.0195	0.0388	0.0014	0.0484	0.0038	0.0029	0.0092	0.1759	0.0065	0.0336	0.0021	0.0349	0.0014	0.0019	0.0093	0.0299	0.0146	0.0097	0.0092	0.0220	0.0036	0.0097	0.0094	0.0012	0.0451	0.0053	0.0214	0.0021	0.0090	0.0102	0.0071	0.0090	0.0238	0.0081	0.0117	0.0054	0.0085	0.0346	0.0022	0.0104	0.0677	0.0011	0.0051	0.0059	

Transitions:
0.0331	0.0225	0.0261	0.0304	0.0232	0.0016	0.0239	0.0063	0.0130	0.0081	0.0087	0.0144	0.0156	0.0017	0.0106	0.0009	0.0169	0.0104	0.0118	0.0058	0.0077	0.0014	0.0385	0.0384	0.0338	0.0037	0.0164	0.0389	0.0189	0.0084	0.0290	0.0169	0.0390	0.0325	0.0100	0.0437	0.0255	0.0291	0.0215	0.0156	0.0039	0.0156	0.0344	0.0230	0.0428	0.0395	0.0276	0.0150	0.0295	0.0150	
0.0429	0.0210	0.0017	0.0041	0.0029	0.0282	0.0271	0.0297	0.0017	0.0189	0.0304	0.0273	0.0235	0.0028	0.0168	0.0372	0.0207	0.0280	0.0345	0.0121	0.0150	0.0234	0.0304	0.0415	0.0018	0.0291	0.0067	0.0153	0.0382	0.0318	0.0113	0.0003	0.0158	0.0066	0.0077	0.0154	0.0134	0.0285	0.0292	0.0190	0.0128	0.0368	0.0317	0.0002	0.0348	0.0206	0.0245	0.0312	0.0070	0.0084	
0.0216	0.0090	0.0223	0.0139	0.0333	0.0135	0.0329	0.0059	0.0028	0.0084	0.0296	0.0131	0.0294	0.0063	0.0104	0.0305	0.0139	0.0226	0.0378	0.0052	0.0190	0.0263	0.0401	0.0158	0.0466	0.0164	0.0366	0.0327	0.0063	0.0222	0.0040	0.0183	0.0103	0.0281	0.0102	0.0041	0.0174	0.0311	0.0079	0.0324	0.0195	0.0077	0.0280	0.0193	0.0412	0.0021	0.0308	0.0211	0.0388	0.0030	
0.0082	0.0093	0.0492	0.0005	0.0273	0.0341	0.0154	0.0095	0.0225	0.0208	0.0343	0.0037	0.0009	0.0151	0.0088	0.0139	0.0052	0.0092	0.0457	0.0101	0.0105	0.0178	0.0175	0.0049	0.0322	0.0125	0.0548	0.0211	0.0216	0.0505	0.0233	0.0111	0.0469	0.0046	0.0204	0.0513	0.0217	0.0082	0.0016	0.0202	0.0371	0.0099	0.0265	0.0351	0.0075	0.0232	0.0063	0.0151	0.0157	0.0269	
0.0300	0.0254	0.0250	0.0148	0.0212	0.0201	0.0325	0.0200	0.0161	0.0113	0.0323	0.0228	0.0250	0.0092	0.0381	0.0142	0.0050	0.0346	0.0040	0.0088	0.0272	0.0282	0.0058	0.0208	0.0164	0.0009	0.0363	0.0200	0.0285	0.0056	0.0040	0.0259	0.0051	0.0415	0.0340	0.0341	0.0225	0.0115	0.0078	0.0162	0.0016	0.0209	0.0248	0.0200	0.0216	0.0341	0.0122	0.0008	0.0345	0.0267	
0.0123	0.0094	0.0059	0.0014	0.0224	0.0015	0.0280	0.0043	0.0057	0.0320	0.0454	0.0079	0.0404	0.0070	0.0131	0.0076	0.0325	0.0295	0.0230	0.0071	0.0305	0.0295	0.0305	0.0255	0.0093	0.0099	0.0075	0.0178	0.0281	0.0251	0.0186	0.0308	0.0274	0.0110	0.0432	0.0413	0.0255	0.0047	0.0141	0.0315	0.0058	0.0192	0.0142	0.0190	0.0243	0.0344	0.0240	0.0319	0.0157	0.0130	
0.0111	0.0331	0.0179	0.0260	0.0319	0.0223	0.0246	0.0213	0.0370	0.0136	0.0406	0.0053	0.0074	0.0194	0.0085	0.0083	0.0215	0.0282	0.0196	0.0146	0.0259	0.0239	0.0171	0.0312	0.0012	0.0126	0.0173	0.0077	0.0409	0.0182	0.0213	0.0317	0.0055	0.0229	0.0079	0.0389	0.0144	0.0050	0.0141	0.0079	0.0128	0.0420	0.0114	0.0415	0.0462	0.0003	0.0090	0.0272	0.0130	0.0188	
0.0117	0.0029	0.0005	0.0015	0.0226	0.0251	0.0161	0.0265	0.0297	0.0213	0.0115	0.0143	0.0244	0.0111	0.0399	0.0095	0.0006	0.0278	0.0193	0.0180	0.0318	0.0154	0.0151	0.0129	0.0007	0.0239	0.0151	0.0174	0.0260	0.0009	0.0037	0.0325	0.0386	0.0273	0.0068	0.0229	0.0299	0.0028	0.0352	0.0201	0.0193	0.0258	0.0213	0.0341	0.0423	0.0416	0.0144	0.0473	0.0057	0.0349	
0.0375	0.0246	0.0078	0.0319	0.0157	0.0306	0.0314	0.0235	0.0012	0.0006	0.0176	0.0330	0.0027	0.0127	0.0171	0.0211	0.0202	0.0411	0.0107	0.0166	0.0203	0.0390	0.0313	0.0402	0.0406	0.0076	0.0434	0.0188	0.0115	0.0031	0.0087	0.0180	0.0138	0.0369	0.0009	0.0210	0.0198	0.0009	0.0018	0.0076	0.0223	0.0369	0.0018	0.0362	0.0049	0.0217	0.0152	0.0418	0.0173	0.0192	
0.0161	0.0161	0.0286	0.0253	0.0058	0.0017	0.0392	0.0082	0.0418	0.0114	0.0043	0.0073	0.0162	0.0217	0.0349	0.0002	0.0272	0.0065	0.0217	0.0400	0.0007	0.0185	0.0413	0.0017	0.0292	0.0219	0.0432	0.0293	0.0260	0.0173	0.0235	0.0358	0.0050	0.0402	0.0289	0.0375	0.0318	0.0193	0.0267	0.0326	0.0208	0.0092	0.0024	0.0274	0.0047	0.0193	0.0161	0.0056	0.0054	0.0043	
0.0397	0.0153	0.0133	0.0163	0.0133	0.0363	0.0213	0.0223	0.0038	0.0189	0.0075	0.0051	0.0162	0.0162	0.0238	0.0082	0.0048	0.0219	0.0140	0.0431	0.0095	0.0030	0.0203	0.0280	0.0213	0.0292	0.0216	0.0085	0.0377	0.0083	0.0056	0.0392	0.0351	0.0297	0.0169	0.0176	0.0237	0.0287	0.0205	0.0274	0.0125	0.0076	0.0199	0.0091	0.0376	0.0175	0.0270	0.0202	0.0072	0.0482	
0.0131	0.0013	0.0254	0.0067	0.0243	0.0271	0.0331	0.0237	0.0378	0.0186	0.0218	0.0103	0.0194	0.0242	0.0131	0.0135	0.0157	0.0272	0.0064	0.0094	0.0193	0.0136	0.0367	0.0227	0.0244	0.0019	0.0255	0.0087	0.0292	0.0013	0.0342	0.0417	0.0025	0.0318	0.0272	0.0041	0.0378	0.0153	0.0280	0.0213	0.0129	0.0315	0.0248	0.0353	0.0053	0.0028	0.0150	0.0197	0.0342	0.0192	
0.0337	0.0015	0.0119	0.0278	0.0086	0.0263	0.0035	0.0045	0.0264	0.0238	0.0111	0.0206	0.0312	0.0158	0.0251	0.0212	0.0092	0.0266	0.0010	0.0110	0.0121	0.0338	0.0392	0.0270	0.0356	0.0203	0.0270	0.0009	0.0161	0.0212	0.0176	0.0420	0.0159	0.0144	0.0027	0.0452	0.0262	0.0043	0.0207	0.0270	0.0007	0.0309	0.0295	0.0012	0.0127	0.0294	0.0243	0.0438	0.0146	0.0231	
0.0277	0.0297	0.0338	0.0162	0.0031	0.0003	0.0053	0.0184	0.0051	0.0229	0.0177	0.0016	0.0425	0.0030	0.0177	0.0096	0.0143	0.0217	0.0317	0.0273	0.0411	0.0021	0.0005	0.0099	0.0107	0.0224	0.0053	0.0260	0.0079	0.0022	0.0240	0.0235	0.0178	0.0749	0.0352	0.0372	0.0205	0.0315	0.0109	0.0018	0.0447	0.0410	0.0019	0.0024	0.0199	0.0400	0.0051	0.0569	0.0331	0.0002	
0.0170	0.0130	0.0034	0.0212	0.0174	0.0215	0.0321	0.0112	0.0122	0.0155	0.0381	0.0083	0.0134	0.0013	0.0319	0.0299	0.0150	0.0278	0.0187	0.0210	0.0310	0.0141	0.0126	0.0353	0.0368	0.0281	0.0014	0.0334	0.0242	0.0127	0.0121	0.0159	0.0034	0.0127	0.0205	0.0228	0.0218	0.0014	0.0114	0.0276	0.0305	0.0386	0.0222	0.0271	0.0066	0.0217	0.0158	0.0467	0.0150	0.0263	
0.0277	0.0213	0.0121	0.0111	0.0047	0.0032	0.0023	0.0120	0.0405	0.0251	0.0372	0.0369	0.0267	0.0300	0.0065	0.0245	0.0089	0.0043	0.0232	0.0125	0.0113	0.0130	0.0175	0.0334	0.0315	0.0342	0.0406	0.0252	0.0263	0.0131	0.0144	0.0031	0.0290	0.0079	0.0305	0.0498	0.0050	0.0309	0.0082	0.0200	0.0192	0.0109	0.0095	0.0304	0.0049	0.0013	0.0132	0.0319	0.0325	0.0307	
0.0166	0.0226	0.0180	0.0019	0.0122	0.0102	0.0033	0.0226	0.0322	0.0073	0.0142	0.0224	0.0243	0.0143	0.0121	0.0320	0.0124	0.0210	0.0121	0.0084	0.0185	0.0149	0.0418	0.0026	0.0409	0.0008	0.0044	0.0299	0.0222	0.0237	0.0206	0.0074	0.0472	0.0010	0.0322	0.0437	0.0246	0.0198	0.0331	0.0159	0.0316	0.0213	0.0061	0.0410	0.0082	0.0395	0.0177	0.0277	0.0208	0.0211	
0.0319	0.0397	0.0156	0.0163	0.0055	0.0008	0.0241	0.0140	0.0089	0.0109	0.0096	0.0156	0.0031	0.0025	0.0276	0.0066	0.0269	0.0275	0.0272	0.0178	0.0034	0.0280	0.0276	0.0405	0.0148	0.0332	0.0095	0.0423	0.0352	0.0398	0.0180	0.0198	0.0127	0.0057	0.0315	0.0296	0.0306	0.0167	0.0366	0.0339	0.0110	0.0089	0.0142	0.0208	0.0083	0.0202	0.0133	0.0026	0.0120	0.0472	
0.0127	0.0352	0.0379	0.0351	0.0090	0.0018	0.0105	0.0168	0.0053	0.0063	0.0367	0.0234	0.0169	0.0068	0.0331	0.0318	0.0048	0.0396	0.0114	0.0025	0.0141	0.0050	0.0363	0.0359	0.0076	0.0281	0.0178	0.0054	0.0265	0.0344	0.0207	0.0072	0.0334	0.0349	0.0231	0.0286	0.0189	0.0118	0.0300	0.0293	0.0131	0.0111	0.0137	0.0287	0.0020	0.0272	0.0220	0.0035	0.0328	0.0192	
0.0165	0.0211	0.0366	0.0091	0.0203	0.0084	0.0036	0.0061	0.0462	0.0181	0.0383	0.0050	0.0332	0.0070	0.0302	0.0318	0.0444	0.0314	0.0349	0.0124	0.0137	0.0414	0.0056	0.0257	0.0363	0.0051	0.0490	0.0052	0.0331	0.0243	0.0069	0.0144	0.0256	0.0146	0.0236	0.0059	0.0176	0.0220	0.0117	0.0179	0.0206	0.0149	0.0255	0.0207	0.0027	0.0135	0.0170	0.0060	0.0033	0.0216	
0.0313	0.0045	0.0183	0.0166	0.0021	0.0183	0.0159	0.0094	0.0261	0.0161	0.0212	0.0362	0.0142	0.0070	0.0124	0.0190	0.0312	0.0223	0.0334	0.0231	0.0119	0.0166	0.0153	0.0134	0.0347	0.0008	0.0119	0.0302	0.0178	0.0175	0.0248	0.0323	0.0026	0.0177	0.0300	0.0030	0.0382	0.0001	0.0091	0.0354	0.0291	0.0033	0.0377	0.0336	0.0486	0.0260	0.0294	0.0128	0.0072	0.0305	
0.0248	0.0387	0.0138	0.0209	0.0025	0.0129	0.0344	0.0050	0.0358	0.0015	0.0160	0.0224	0.0313	0.0041	0.0337	0.0307	0.0378	0.0409	0.0228	0.0096	0.0212	0.0295	0.0121	0.0364	0.0344	0.0083	0.0224	0.0190	0.0106	0.0040	0.0036	0.0397	0.0234	0.0341	0.0338	0.0310	0.0125	0.0201	0.0119	0.0145	0.0099	0.0286	0.0095	0.0083	0.0224	0.0035	0.0081	0.0417	0.0002	0.0062	
0.0250	0.0358	0.0245	0.0314	0.0002	0.0290	0.0252	0.0146	0.0306	0.0254	0.0351	0.0096	0.0260	0.0160	0.0326	0.0144	0.0042	0.0358	0.0146	0.0038	0.0172	0.0137	0.0256	0.0065	0.0378	0.0276	0.0178	0.0025	0.0103	0.0249	0.0319	0.0262	0.0202	0.0058	0.0132	0.0064	0.0089	0.0197	0.0293	0.0269	0.0005	0.0306	0.0263	0.0168	0.0201	0.0363	0.0251	0.0206	0.0107	0.0066	
0.0386	0.0116	0.0158	0.0315	0.0230	0.0086	0.0104	0.0174	0.0409	0.0034	0.0227	0.0243	0.0052	0.0020	0.0325	0.0104	0.0350	0.0264	0.0113	0.0291	0.0055	0.0163	0.0055	0.0294	0.0039	0.0210	0.0273	0.0088	0.0253	0.0371	0.0004	0.0419	0.0358	0.0060	0.0233	0.0344	0.0089	0.0176	0.0206	0.0032	0.0325	0.0286	0.0243	0.0268	0.0126	0.0159	0.0202	0.0255	0.0296	0.0117	
0.0090	0.0088	0.0094	0.0193	0.0007	0.0176	0.0050	0.0305	0.0369	0.0326	0.0299	0.0030	0.0298	0.0011	0.0040	0.0291	0.0346	0.0004	0.0160	0.0060	0.0006	0.0075	0.0064	0.0090	0.0403	0.0157	0.0380	0.0175	0.0142	0.0261	0.0377	0.0468	0.0301	0.0169	0.0255	0.0369	0.0239	0.0122	0.0053	0.0088	0.0209	0.0185	0.0310	0.0230	0.0195	0.0331	0.0287	0.0231	0.0296	0.0295	
0.0220	0.0254	0.0137	0.0154	0.0059	0.0009	0.0022	0.0016	0.0269	0.0216	0.0296	0.0213	0.0172	0.0025	0.0463	0.0262	0.0200	0.0197	0.0122	0.0131	0.0012	0.0200	0.0428	0.0070	0.0265	0.0174	0.0225	0.0234	0.0269	0.0041	0.0202	0.0090	0.0319	0.0329	0.0048	0.0152	0.0296	0.0051	0.0065	0.0238	0.0281	0.0228	0.0286	0.0210	0.0229	0.0379	0.0295	0.0380	0.0257	0.0307	
0.0155	0.0179	0.0138	0.0134	0.0195	0.0040	0.0372	0.0052	0.0506	0.0241	0.0320	0.0176	0.0107	0.0115	0.0007	0.0206	0.0448	0.0320	0.0011	0.0353	0.0017	0.0146	0.0129	0.0308	0.0270	0.0183	0.0437	0.0141	0.0226	0.0315	0.0224	0.0389	0.0031	0.0043	0.0324	0.0102	0.0405	0.0191	0.0083	0.0401	0.0191	0.0247	0.0111	0.0251	0.0040	0.0148	0.0100	0.0151	0.0275	0.0046	
0.0475	0.0145	0.0236	0.0383	0.0281	0.0018	0.0057	0.0319	0.0354	0.0030	0.0185	0.0244	0.0182	0.0106	0.0023	0.0426	0.0169	0.0079	0.0344	0.0357	0.0250	0.0188	0.0212	0.0012	0.0090	0.0196	0.0029	0.0373	0.0274	0.0077	0.0077	0.0249	0.0467	0.0191	0.0238	0.0138	0.0052	0.0079	0.0203	0.0338	0.0022	0.0087	0.0265	0.0058	0.0319	0.0027	0.0395	0.0311	0.0255	0.0116	
0.0427	0.0054	0.0179	0.0285	0.0190	0.0202	0.0326	0.0250	0.0291	0.0053	0.0438	0.0207	0.0058	0.0232	0.0324	0.0414	0.0254	0.0006	0.0234	0.0328	0.0292	0.0075	0.0316	0.0033	0.0371	0.0129	0.0326	0.0176	0.0201	0.0041	0.0219	0.0037	0.0114	0.0108	0.0089	0.0020	0.0396	0.0047	0.0423	0.0070	0.0172	0.0220	0.0181	0.0125	0.0336	0.0256	0.0004	0.0032	0.0100	0.0341	
0.0173	0.0405	0.0163	0.0266	0.0143	0.0245	0.0153	0.0143	0.0400	0.0047	0.0333	0.0177	0.0057	0.0133	0.0222	0.0388	0.0085	0.0366	0.0133	0.0343	0.0000	0.0192	0.0008	0.0182	0.0126	0.0073	0.0294	0.0202	0.0152	0.0052	0.0136	0.0301	0.0076	0.0284	0.0228	0.0251	0.0228	0.0161	0.0307	0.0181	0.0225	0.0206	0.0071	0.0338	0.0156	0.0018	0.0102	0.0364	0.0321	0.0393	
0.0177	0.0066	0.0341	0.0130	0.0249	0.0320	0.0410	0.0011	0.0190	0.0083	0.0052	0.0350	0.0018	0.0243	0.0337	0.0065	0.0130	0.0178	0.0360	0.0040	0.0111	0.0282	0.0439	0.0397	0.0092	0.0173	0.0140	0.0077	0.0020	0.0107	0.0344	0.0317	0.0357	0.0247	0.0293	0.0101	0.0362	0.0294	0.0042	0.0298	0.0239	0.0254	0.0028	0.0260	0.0177	0.0338	0.0165	0.0177	0.0025	0.0092	
0.0319	0.0399	0.0028	0.0215	0.0189	0.0242	0.0060	0.0352	0.0067	0.0058	0.0289	0.0342	0.0330	0.0057	0.0127	0.0183	0.0033	0.0186	0.0034	0.0254	0.0121	0.0191	0.0138	0.0063	0.0242	0.0242	0.0309	0.0149	0.0180	0.0160	0.0004	0.0455	0.0060	0.0338	0.0167	0.0447	0.0247	0.0100	0.0028	0.0004	0.0020	0.0391	0.0259	0.0388	0.0054	0.0316	0.0204	0.0331	0.0149	0.0479	
0.0295	0.0004	0.0124	0.0190	0.0326	0.0106	0.0241	0.0352	0.0012	0.0301	0.0034	0.0320	0.0173	0.0218	0.0065	0.0299	0.0285	0.0052	0.0301	0.0148	0.0320	0.0340	0.0170	0.0030	0.0238	0.0143	0.0372	0.0168	0.0013	0.0298	0.0019	0.0351	0.0025	0.0199	0.0281	0.0001	0.0235	0.0242	0.0395	0.0076	0.0146	0.0282	0.0101	0.0095	0.0427	0.0111	0.0146	0.0399	0.0344	0.0182	
0.0045	0.0197	0.0066	0.0289	0.0035	0.0214	0.0242	0.0065	0.0438	0.0136	0.0217	0.0056	0.0301	0.0046	0.0342	0.0113	0.0340	0.0372	0.0382	0.0067	0.0048	0.0006	0.0076	0.0260	0.0450	0.0039	0.0289	0.0064	0.0043	0.0111	0.0285	0.0395	0.0263	0.0279	0.0219	0.0279	0.0246	0.0024	0.0128	0.0270	0.0131	0.0132	0.0243	0.0155	0.0344	0.0089	0.0187	0.0479	0.0214	0.0289	
0.0196	0.0171	0.0382	0.0206	0.0066	0.0034	0.0137	0.0193	0.0012	0.0323	0.0146	0.0149	0.0038	0.0145	0.0208	0.0253	0.0210	0.0106	0.0270	0.0097	0.0237	0.0261	0.0261	0.0069	0.0345	0.0245	0.0158	0.0284	0.0299	0.0295	0.0132	0.0253	0.0317	0.0197	0.0277	0.0234	0.0329	0.0021	0.0134	0.0169	0.0077	0.0372	0.0022	0.0157	0.0191	0.0378	0.0065	0.0451	0.0411	0.0015	
0.0246	0.0201	0.0086	0.0059	0.0287	0.0221	0.0280	0.0236	0.0296	0.0110	0.0290	0.0210	0.0223	0.0071	0.0194	0.0270	0.0271	0.0200	0.0334	0.0012	0.0268	0.0143	0.0294	0.0079	0.0003	0.0207	0.0222	0.0071	0.0228	0.0280	0.0178	0.0142	0.0329	0.0266	0.0004	0.0342	0.0106	0.0147	0.0215	0.0287	0.0204	0.0026	0.0082	0.0323	0.0311	0.0221	0.0048	0.0239	0.0333	0.0305	
0.0089	0.0243	0.0006	0.0312	0.0079	0.0077	0.0273	0.0022	0.0087	0.0058	0.0122	0.0241	0.0044	0.0227	0.0358	0.0175	0.0322	0.0403	0.0125	0.0334	0.0162	0.0063	0.0439	0.0050	0.0172	0.0240	0.0109	0.0322	0.0165	0.0150	0.0191	0.0389	0.0174	0.0416	0.0231	0.0442	0.0134	0.0339	0.0192	0.0284	0.0061	0.0105	0.0141	0.0173	0.0265	0.0388	0.0292	0.0130	0.0056	0.0127	
0.0344	0.0072	0.0195	0.0016	0.0072	0.0029	0.0303	0.0290	0.0228	0.0210	0.0013	0.0266	0.0215	0.0182	0.0269	0.0169	0.0112	0.0071	0.0155	0.0416	0.0038	0.0368	0.0220	0.0224	0.0278	0.0056	0.0441	0.0225	0.0200	0.0182	0.0288	0.0413	0.0335	0.0081	0.0223	0.0174	0.0175	0.0128	0.0224	0.0190	0.0115	0.0172	0.0187	0.0002	0.0302	0.0163	0.0214	0.0296	0.0386	0.0070	
0.0311	0.0355	0.0427	0.0096	0.0060	0.0031	0.0356	0.0344	0.0234	0.0039	0.0137	0.0030	0.0154	0.0022	0.0366	0.0049	0.0025	0.0191	0.0146	0.0119	0.0014	0.0399	0.0231	0.0446	0.0276	0.0270	0.0156	0.0197	0.0328	0.0089	0.0214	0.0115	0.0362	0.0189	0.0295	0.0519	0.0003	0.0198	0.0016	0.0165	0.0256	0.0214	0.0386	0.0257	0.0112	0.0121	0.0018	0.0211	0.0119	0.0331	
0.0133	0.0108	0.0087	0.0215	0.0037	0.0291	0.0136	0.0025	0.0305	0.0165	0.0344	0.0126	0.0053	0.0083	0.0221	0.0027	0.0128	0.0419	0.0167	0.0364	0.0036	0.0230	0.0153	0.0369	0.0294	0.0192	0.0022	0.0361	0.0249	0.0111	0.0251	0.0406	0.0104	0.0045	0.0319	0.0104	0.0401	0.0072	0.0095	0.0353	0.0208	0.0382	0.0306	0.0246	0.0264	0.0119	0.0105	0.0228	0.0464	0.0077	
0.0393	0.0027	0.0009	0.0145	0.0190	0.0245	0.0396	0.0113	0.0390	0.0178	0.0326	0.0182	0.0158	0.0101	0.0329	0.0405	0.0043	0.0017	0.0174	0.0139	0.0029	0.0048	0.0324	0.0256	0.0094	0.0052	0.0319	0.0370	0.0125	0.0148	0.0099	0.0230	0.0414	0.0190	0.0129	0.0301	0.0347	0.0259	0.0225	0.0026	0.0124	0.0277	0.0111	0.0283	0.0072	0.0084	0.0159	0.0185	0.0405	0.0358	
0.0102	0.0139	0.0080	0.0300	0.0034	0.0332	0.0174	0.0217	0.0117	0.0159	0.0060	0.0072	0.0019	0.0169	0.0150	0.0148	0.0295	0.0517	0.0013	0.0126	0.0032	0.0138	0.0257	0.0199	0.0022	0.0170	0.0523	0.0009	0.0172	0.0502	0.0307	0.0135	0.0009	0.0292	0.0068	0.0570	0.0148	0.0101	0.0168	0.0262	0.0106	0.0172	0.0290	0.0096	0.0549	0.0082	0.0239	0.0398	0.0244	0.0517	
0.0231	0.0184	0.0174	0.0174	0.0167	0.0275	0.0334	0.0232	0.0255	0.0209	0.0393	0.0101	0.0049	0.0040	0.0269	0.0327	0.0054	0.0185	0.0152	0.0125	0.0325	0.0121	0.0268	0.0206	0.0432	0.0211	0.0302	0.0107	0.0139	0.0361	0.0270	0.0037	0.0250	0.0192	0.0134	0.0085	0.0293	0.0148	0.0309	0.0069	0.0058	0.0181	0.0221	0.0258	0.0231	0.0369	0.0051	0.0190	0.0219	0.0033	
0.0010	0.0059	0.0125	0.0028	0.0260	0.0100	0.0329	0.0299	0.0219	0.0293	0.0113	0.0169	0.0135	0.0176	0.0323	0.0311	0.0270	0.0239	0.0308	0.0202	0.0029	0.0244	0.0194	0.0076	0.0059	0.0165	0.0300	0.0326	0.0290	0.0019	0.0180	0.0088	0.0307	0.0120	0.0315	0.0257	0.0269	0.0176	0.0226	0.0017	0.0105	0.0302	0.0343	0.0026	0.0355	0.0242	0.0025	0.0379	0.0326	0.0275	
0.0089	0.0223	0.0208	0.0343	0.0343	0.0115	0.0249	0.0049	0.0434	0.0101	0.0268	0.0372	0.0021	0.0118	0.0133	0.0024	0.0315	0.0030	0.0375	0.0097	0.0055	0.0064	0.0410	0.0363	0.0092	0.0087	0.0344	0.0160	0.0094	0.0188	0.0144	0.0390	0.0050	0.0087	0.0276	0.0007	0.0255	0.0277	0.0125	0.0173	0.0321	0.0247	0.0226	0.0119	0.0215	0.0145	0.0226	0.0180	0.0355	0.0418	
0.0339	0.0002	0.0001	0.0201	0.0166	0.0017	0.0200	0.0248	0.0280	0.0211	0.0260	0.0089	0.0253	0.0106	0.0291	0.0306	0.0308	0.0320	0.0245	0.0114	0.0138	0.0307	0.0278	0.0168	0.0104	0.0159	0.0225	0.0271	0.0134	0.0286	0.0167	0.0105	0.0294	0.0132	0.0180	0.0173	0.0268	0.0153	0.0227	0.0266	0.0148	0.0313	0.0036	0.0221	0.0315	0.0269	0.0209	0.0054	0.0170	0.0273	
0.0220	0.0381	0.0386	0.0148	0.0166	0.0013	0.0119	0.0189	0.0153	0.0004	0.0213	0.0284	0.0189	0.0243	0.0125	0.0166	0.0265	0.0204	0.0343	0.0212	0.0003	0.0124	0.0094	0.0461	0.0406	0.0195	0.0394	0.0054	0.0229	0.0269	0.0297	0.0178	0.0110	0.0368	0.0131	0.0287	0.0218	0.0103	0.0379	0.0201	0.0070	0.0094	0.0078	0.0251	0.0131	0.0272	0.0154	0.0111	0.0166	0.0150	
0.0079	0.0117	0.0153	0.0373	0.0205	0.0083	0.0361	0.0299	0.0294	0.0324	0.0134	0.0053	0.0363	0.0162	0.0084	0.0032	0.0290	0.0348	0.0307	0.0318	0.0401	0.0122	0.0281	0.0171	0.0178	0.0283	0.0075	0.0262	0.0262	0.0126	0.0035	0.0309	0.0413	0.0140	0.0148	0.0342	0.0041	0.0140	0.0049	0.0013	0.0344	0.0286	0.0338	0.0011	0.0141	0.0012	0.0090	0.0211	0.0272	0.0123	
0.0013	0.0360	0.0210	0.0270	0.0152	0.0297	0.0280	0.0005	0.0262	0.0261	0.0053	0.0070	0.0077	0.0092	0.0326	0.0300	0.0164	0.0263	0.0203	0.0263	0.0408	0.0073	0.0238	0.0287	0.0393	0.0120	0.0256	0.0229	0.0010	0.0121	0.0192	0.0399	0.0050	0.0165	0.0076	0.0152	0.0010	0.0030	0.0393	0.0188	0.0316	0.0036	0.0316	0.0126	0.0498	0.0297	0.0130	0.0159	0.0095	0.0311	
0.0293	0.0281	0.0328	0.0349	0.0093	0.0306	0.0083	0.0375	0.0406	0.0018	0.0167	0.0094	0.0333	0.0083	0.0118	0.0158	0.0023	0.0336	0.0035	0.0224	0.0274	0.0112	0.0321	0.0015	0.0347	0.0330	0.0168	0.0115	0.0289	0.0034	0.0374	0.0057	0.0165	0.0167	0.0224	0.0400	0.0341	0.0094	0.0073	0.0162	0.0040	0.0033	0.0079	0.0369	0.0033	0.0271	0.0032	0.0205	0.0481	0.0292	

Emissions
0.1223	0.1891	0.0615	0.1249	0.2946	0.0622	0.1453	
0.1998	0.0307	0.0736	0.0783	0.3513	0.0784	0.1878	
0.0291	0.0634	0.2128	0.0709	0.2550	0.2246	0.1442	
0.1621	0.2697	0.1206	0.0891	0.1886	0.0079	0.1620	
0.2673	0.0447	0.1897	0.2357	0.1313	0.0230	0.1084	
0.0703	0.4280	0.1102	0.1519	0.0813	0.0012	0.1570	
0.0313	0.2478	0.1617	0.0265	0.2846	0.0960	0.1522	
0.1553	0.2623	0.0851	0.1700	0.1729	0.0095	0.1448	
0.1947	0.1274	0.0419	0.0330	0.1064	0.3163	0.1802	
0.0043	0.3283	0.1686	0.2085	0.0593	0.0527	0.1784	
0.1571	0.0871	0.0120	0.0689	0.2192	0.2476	0.2080	
0.2275	0.2165	0.0491	0.1014	0.2808	0.0812	0.0435	
0.0974	0.1114	0.2387	0.1715	0.0253	0.2224	0.1333	
0.0266	0.3665	0.0425	0.5046	0.0289	0.0037	0.0272	
0.0779	0.0929	0.1469	0.1658	0.0251	0.3870	0.1044	
0.1627	0.2862	0.1434	0.0394	0.2842	0.0485	0.0357	
0.1715	0.0093	0.0961	0.0735	0.2517	0.2430	0.1550	
0.0620	0.3134	0.1829	0.0175	0.2797	0.0648	0.0796	
0.1926	0.1726	0.0940	0.0386	0.1538	0.2130	0.1353	
0.1506	0.1771	0.0221	0.0725	0.0627	0.3310	0.1840	
0.2384	0.0992	0.1725	0.1127	0.1801	0.1113	0.0858	
0.0838	0.3103	0.0549	0.0767	0.1430	0.0864	0.2449	
0.0710	0.2068	0.0969	0.0465	0.2324	0.2012	0.1452	
0.1690	0.0541	0.1965	0.0291	0.3109	0.1792	0.0611	
0.0696	0.1400	0.0143	0.0928	0.3057	0.2579	0.1198	
0.2323	0.1806	0.2005	0.1335	0.0271	0.0369	0.1891	
0.1378	0.1666	0.0301	0.0292	0.0710	0.4152	0.1502	
0.0467	0.1873	0.0966	0.0912	0.4800	0.0480	0.0502	
0.0392	0.2991	0.1060	0.1117	0.4055	0.0339	0.0047	
0.0502	0.0438	0.1637	0.0620	0.2360	0.2215	0.2228	
0.0474	0.3398	0.1437	0.1192	0.2635	0.0206	0.0658	
0.1735	0.1531	0.0080	0.0666	0.2840	0.2814	0.0333	
0.1979	0.2604	0.0178	0.0012	0.3198	0.0902	0.1127	
0.1803	0.0851	0.2722	0.0638	0.0211	0.3368	0.0408	
0.0243	0.1403	0.1683	0.1197	0.0824	0.2058	0.2593	
0.1128	0.1368	0.1706	0.0093	0.3127	0.2115	0.0462	
0.0434	0.1628	0.0145	0.2083	0.0772	0.3973	0.0964	
0.1470	0.2306	0.1275	0.1352	0.0232	0.0940	0.2425	
0.1901	0.0181	0.0677	0.2106	0.2594	0.0508	0.2033	
0.1257	0.1831	0.0024	0.1690	0.2268	0.1581	0.1349	
0.0552	0.0682	0.2442	0.1722	0.2567	0.0993	0.1042	
0.1596	0.1409	0.0857	0.0888	0.1745	0.2309	0.1198	
0.2288	0.0791	0.2155	0.0259	0.1625	0.0519	0.2362	
0.1162	0.2722	0.0546	0.0863	0.2197	0.0750	0.1760	
0.2321	0.0107	0.0036	0.1118	0.2321	0.3523	0.0573	
0.0816	0.1228	0.1461	0.0648	0.3013	0.1111	0.1725	
0.0571	0.3341	0.1537	0.2207	0.1316	0.0144	0.0884	
0.0753	0.0189	0.2067	0.0009	0.0806	0.3253	0.2922	
0.1487	0.1796	0.1149	0.0009	0.3351	0.2205	0.0003	
0.1836	0.1557	0.0287	0.0137	0.3705	0.1522	0.0956	
