DataSet 41
Learner: Baum Welch Learner
Log Likelihood: 68650.6926578301

Number of States: 90
Number of Symbols: 7
Threshold: 0.01

Initial Distribution:
0.0060	0.0006	0.0108	0.0028	0.0038	0.0000	0.0005	0.0079	0.0028	0.0042	0.0255	0.0025	0.0010	0.0045	0.0085	0.0000	0.0062	0.0237	0.0302	0.0025	0.0114	0.0048	0.0056	0.0497	0.0010	0.0196	0.0071	0.0004	0.0063	0.0097	0.0023	0.0009	0.0056	0.0212	0.0410	0.0024	0.0073	0.0001	0.0007	0.0006	0.0187	0.0534	0.0130	0.0031	0.0215	0.0378	0.0204	0.0001	0.0131	0.0009	0.0242	0.0061	0.0046	0.0081	0.0007	0.0030	0.0082	0.0089	0.0214	0.0002	0.0027	0.0001	0.0156	0.0121	0.0057	0.0021	0.0006	0.0013	0.0512	0.0031	0.0215	0.0079	0.0138	0.0079	0.0070	0.0112	0.0035	0.0001	0.0391	0.0044	0.0061	0.0061	0.0068	0.0270	0.0495	0.0154	0.0146	0.0107	0.0363	0.0076	

Transitions:
0.0131	0.0047	0.0067	0.0021	0.0224	0.0210	0.0048	0.0204	0.0104	0.0010	0.0124	0.0096	0.0045	0.0043	0.0163	0.0136	0.0187	0.0138	0.0052	0.0054	0.0043	0.0187	0.0116	0.0014	0.0110	0.0128	0.0086	0.0214	0.0059	0.0014	0.0232	0.0121	0.0129	0.0123	0.0149	0.0086	0.0054	0.0167	0.0159	0.0156	0.0151	0.0060	0.0154	0.0166	0.0042	0.0070	0.0130	0.0122	0.0090	0.0078	0.0029	0.0019	0.0102	0.0154	0.0042	0.0166	0.0181	0.0037	0.0178	0.0044	0.0130	0.0087	0.0135	0.0083	0.0020	0.0305	0.0187	0.0188	0.0093	0.0044	0.0020	0.0052	0.0013	0.0190	0.0118	0.0239	0.0048	0.0134	0.0141	0.0227	0.0050	0.0239	0.0089	0.0176	0.0170	0.0216	0.0030	0.0012	0.0071	0.0022	
0.0127	0.0006	0.0163	0.0118	0.0024	0.0094	0.0181	0.0066	0.0151	0.0031	0.0136	0.0184	0.0007	0.0036	0.0061	0.0359	0.0005	0.0135	0.0013	0.0081	0.0093	0.0014	0.0061	0.0131	0.0276	0.0112	0.0168	0.0159	0.0093	0.0037	0.0180	0.0131	0.0071	0.0065	0.0113	0.0016	0.0084	0.0140	0.0149	0.0020	0.0022	0.0163	0.0215	0.0151	0.0053	0.0053	0.0180	0.0082	0.0099	0.0209	0.0175	0.0101	0.0188	0.0227	0.0159	0.0106	0.0158	0.0139	0.0122	0.0142	0.0135	0.0246	0.0165	0.0109	0.0076	0.0256	0.0126	0.0168	0.0077	0.0046	0.0089	0.0110	0.0008	0.0202	0.0033	0.0114	0.0018	0.0112	0.0076	0.0144	0.0163	0.0104	0.0040	0.0075	0.0041	0.0073	0.0162	0.0084	0.0102	0.0013	
0.0087	0.0127	0.0208	0.0029	0.0118	0.0034	0.0021	0.0097	0.0094	0.0057	0.0188	0.0037	0.0197	0.0078	0.0108	0.0138	0.0091	0.0196	0.0152	0.0058	0.0109	0.0029	0.0059	0.0171	0.0231	0.0020	0.0185	0.0097	0.0064	0.0196	0.0050	0.0022	0.0015	0.0094	0.0154	0.0001	0.0122	0.0255	0.0121	0.0013	0.0070	0.0135	0.0044	0.0077	0.0158	0.0104	0.0159	0.0196	0.0188	0.0208	0.0007	0.0159	0.0130	0.0094	0.0148	0.0051	0.0059	0.0178	0.0076	0.0116	0.0080	0.0170	0.0032	0.0116	0.0022	0.0225	0.0022	0.0077	0.0082	0.0104	0.0156	0.0101	0.0084	0.0167	0.0166	0.0185	0.0161	0.0190	0.0037	0.0047	0.0093	0.0240	0.0108	0.0068	0.0137	0.0094	0.0111	0.0162	0.0168	0.0116	
0.0163	0.0110	0.0122	0.0025	0.0175	0.0144	0.0110	0.0163	0.0053	0.0188	0.0118	0.0072	0.0079	0.0099	0.0036	0.0165	0.0059	0.0169	0.0097	0.0234	0.0078	0.0064	0.0166	0.0030	0.0281	0.0066	0.0042	0.0161	0.0159	0.0134	0.0047	0.0075	0.0090	0.0206	0.0152	0.0045	0.0177	0.0095	0.0001	0.0027	0.0040	0.0048	0.0172	0.0047	0.0183	0.0174	0.0173	0.0203	0.0052	0.0048	0.0046	0.0154	0.0036	0.0228	0.0047	0.0102	0.0195	0.0070	0.0027	0.0086	0.0128	0.0161	0.0010	0.0147	0.0177	0.0022	0.0189	0.0098	0.0187	0.0189	0.0155	0.0209	0.0214	0.0095	0.0139	0.0024	0.0142	0.0088	0.0071	0.0001	0.0140	0.0057	0.0109	0.0080	0.0075	0.0125	0.0061	0.0120	0.0132	0.0044	
0.0077	0.0103	0.0065	0.0153	0.0160	0.0115	0.0048	0.0015	0.0126	0.0128	0.0011	0.0052	0.0028	0.0074	0.0155	0.0133	0.0196	0.0173	0.0052	0.0045	0.0202	0.0108	0.0228	0.0020	0.0208	0.0059	0.0037	0.0165	0.0064	0.0032	0.0193	0.0087	0.0180	0.0128	0.0128	0.0073	0.0133	0.0067	0.0205	0.0060	0.0190	0.0118	0.0240	0.0199	0.0244	0.0088	0.0037	0.0070	0.0165	0.0004	0.0187	0.0118	0.0061	0.0120	0.0109	0.0212	0.0105	0.0032	0.0231	0.0092	0.0080	0.0132	0.0187	0.0093	0.0201	0.0171	0.0119	0.0143	0.0139	0.0068	0.0164	0.0132	0.0203	0.0002	0.0050	0.0061	0.0098	0.0031	0.0025	0.0056	0.0030	0.0213	0.0232	0.0050	0.0057	0.0081	0.0039	0.0079	0.0020	0.0136	
0.0223	0.0112	0.0072	0.0122	0.0263	0.0112	0.0217	0.0155	0.0026	0.0067	0.0006	0.0149	0.0157	0.0122	0.0065	0.0128	0.0128	0.0060	0.0048	0.0063	0.0119	0.0079	0.0005	0.0130	0.0069	0.0089	0.0148	0.0144	0.0021	0.0093	0.0111	0.0027	0.0104	0.0011	0.0086	0.0099	0.0057	0.0162	0.0022	0.0238	0.0096	0.0187	0.0011	0.0202	0.0051	0.0093	0.0090	0.0119	0.0210	0.0007	0.0206	0.0234	0.0021	0.0242	0.0061	0.0142	0.0103	0.0102	0.0067	0.0166	0.0221	0.0049	0.0113	0.0181	0.0246	0.0289	0.0049	0.0141	0.0016	0.0227	0.0008	0.0251	0.0034	0.0096	0.0145	0.0153	0.0048	0.0046	0.0077	0.0187	0.0017	0.0046	0.0153	0.0010	0.0081	0.0121	0.0009	0.0146	0.0158	0.0159	
0.0219	0.0162	0.0058	0.0139	0.0001	0.0076	0.0112	0.0080	0.0213	0.0058	0.0084	0.0186	0.0082	0.0031	0.0254	0.0343	0.0171	0.0161	0.0034	0.0187	0.0092	0.0049	0.0011	0.0102	0.0132	0.0142	0.0134	0.0100	0.0065	0.0073	0.0191	0.0120	0.0151	0.0063	0.0192	0.0089	0.0159	0.0173	0.0101	0.0109	0.0023	0.0187	0.0069	0.0053	0.0083	0.0036	0.0209	0.0120	0.0011	0.0126	0.0199	0.0085	0.0082	0.0034	0.0106	0.0173	0.0151	0.0117	0.0032	0.0101	0.0183	0.0257	0.0008	0.0144	0.0114	0.0204	0.0054	0.0006	0.0042	0.0158	0.0039	0.0021	0.0053	0.0167	0.0102	0.0114	0.0184	0.0174	0.0037	0.0061	0.0180	0.0029	0.0100	0.0146	0.0070	0.0101	0.0057	0.0134	0.0152	0.0015	
0.0165	0.0011	0.0098	0.0008	0.0157	0.0028	0.0198	0.0138	0.0176	0.0110	0.0001	0.0169	0.0048	0.0088	0.0088	0.0255	0.0006	0.0122	0.0103	0.0231	0.0203	0.0184	0.0085	0.0146	0.0158	0.0108	0.0132	0.0069	0.0052	0.0185	0.0106	0.0120	0.0034	0.0032	0.0152	0.0031	0.0120	0.0068	0.0009	0.0093	0.0099	0.0051	0.0005	0.0142	0.0050	0.0159	0.0198	0.0210	0.0063	0.0119	0.0100	0.0115	0.0196	0.0189	0.0039	0.0194	0.0138	0.0101	0.0097	0.0024	0.0121	0.0132	0.0084	0.0196	0.0016	0.0088	0.0155	0.0008	0.0094	0.0047	0.0035	0.0157	0.0111	0.0029	0.0081	0.0135	0.0134	0.0138	0.0101	0.0140	0.0141	0.0145	0.0223	0.0118	0.0062	0.0179	0.0146	0.0071	0.0177	0.0161	
0.0103	0.0002	0.0159	0.0196	0.0203	0.0203	0.0180	0.0028	0.0120	0.0151	0.0056	0.0172	0.0087	0.0023	0.0106	0.0225	0.0198	0.0151	0.0066	0.0134	0.0040	0.0180	0.0181	0.0132	0.0107	0.0154	0.0111	0.0162	0.0110	0.0024	0.0120	0.0061	0.0009	0.0132	0.0133	0.0037	0.0178	0.0161	0.0045	0.0100	0.0127	0.0112	0.0029	0.0136	0.0081	0.0119	0.0057	0.0187	0.0028	0.0116	0.0000	0.0186	0.0178	0.0090	0.0132	0.0122	0.0014	0.0146	0.0110	0.0010	0.0092	0.0012	0.0120	0.0095	0.0055	0.0211	0.0177	0.0161	0.0068	0.0051	0.0142	0.0060	0.0116	0.0192	0.0150	0.0121	0.0142	0.0031	0.0059	0.0127	0.0121	0.0142	0.0119	0.0153	0.0018	0.0140	0.0093	0.0131	0.0161	0.0018	
0.0023	0.0229	0.0028	0.0046	0.0011	0.0168	0.0006	0.0170	0.0105	0.0074	0.0229	0.0109	0.0112	0.0211	0.0168	0.0269	0.0059	0.0249	0.0147	0.0044	0.0213	0.0266	0.0109	0.0165	0.0119	0.0171	0.0084	0.0159	0.0080	0.0118	0.0115	0.0037	0.0183	0.0056	0.0034	0.0196	0.0034	0.0114	0.0224	0.0038	0.0084	0.0026	0.0165	0.0003	0.0151	0.0014	0.0056	0.0184	0.0002	0.0109	0.0130	0.0105	0.0014	0.0185	0.0075	0.0040	0.0096	0.0035	0.0187	0.0097	0.0068	0.0063	0.0057	0.0010	0.0225	0.0228	0.0199	0.0039	0.0096	0.0277	0.0109	0.0183	0.0010	0.0088	0.0098	0.0197	0.0038	0.0117	0.0038	0.0096	0.0109	0.0138	0.0222	0.0186	0.0148	0.0010	0.0027	0.0012	0.0003	0.0179	
0.0113	0.0219	0.0147	0.0145	0.0190	0.0059	0.0191	0.0136	0.0016	0.0174	0.0073	0.0017	0.0012	0.0009	0.0203	0.0225	0.0080	0.0118	0.0020	0.0129	0.0003	0.0211	0.0201	0.0066	0.0243	0.0126	0.0112	0.0068	0.0026	0.0180	0.0152	0.0137	0.0030	0.0147	0.0085	0.0137	0.0030	0.0135	0.0133	0.0082	0.0164	0.0115	0.0094	0.0097	0.0005	0.0075	0.0125	0.0151	0.0027	0.0054	0.0151	0.0090	0.0212	0.0104	0.0194	0.0121	0.0015	0.0064	0.0152	0.0046	0.0193	0.0133	0.0113	0.0044	0.0052	0.0192	0.0217	0.0062	0.0093	0.0050	0.0110	0.0170	0.0014	0.0174	0.0138	0.0095	0.0071	0.0096	0.0062	0.0102	0.0027	0.0192	0.0040	0.0181	0.0027	0.0038	0.0148	0.0162	0.0189	0.0181	
0.0149	0.0221	0.0180	0.0104	0.0153	0.0089	0.0020	0.0067	0.0053	0.0057	0.0096	0.0087	0.0054	0.0197	0.0180	0.0454	0.0091	0.0034	0.0116	0.0129	0.0041	0.0142	0.0228	0.0043	0.0014	0.0001	0.0082	0.0153	0.0005	0.0006	0.0219	0.0047	0.0073	0.0120	0.0106	0.0186	0.0001	0.0204	0.0031	0.0097	0.0060	0.0025	0.0062	0.0215	0.0199	0.0116	0.0133	0.0067	0.0029	0.0056	0.0150	0.0116	0.0215	0.0100	0.0176	0.0217	0.0199	0.0084	0.0077	0.0201	0.0249	0.0114	0.0055	0.0041	0.0109	0.0089	0.0248	0.0171	0.0033	0.0206	0.0156	0.0173	0.0014	0.0095	0.0034	0.0006	0.0053	0.0180	0.0036	0.0057	0.0108	0.0027	0.0091	0.0133	0.0033	0.0083	0.0056	0.0223	0.0172	0.0130	
0.0215	0.0107	0.0067	0.0131	0.0098	0.0224	0.0217	0.0025	0.0139	0.0158	0.0212	0.0004	0.0009	0.0037	0.0119	0.0022	0.0120	0.0118	0.0043	0.0210	0.0157	0.0201	0.0061	0.0029	0.0055	0.0187	0.0220	0.0124	0.0255	0.0008	0.0211	0.0198	0.0161	0.0120	0.0022	0.0111	0.0102	0.0152	0.0013	0.0059	0.0030	0.0045	0.0114	0.0120	0.0100	0.0073	0.0018	0.0094	0.0086	0.0033	0.0202	0.0192	0.0180	0.0033	0.0023	0.0007	0.0051	0.0024	0.0093	0.0123	0.0008	0.0098	0.0037	0.0130	0.0204	0.0234	0.0075	0.0147	0.0016	0.0215	0.0135	0.0244	0.0131	0.0249	0.0132	0.0107	0.0102	0.0142	0.0132	0.0190	0.0196	0.0132	0.0031	0.0178	0.0020	0.0060	0.0053	0.0147	0.0075	0.0013	
0.0056	0.0081	0.0039	0.0160	0.0054	0.0196	0.0018	0.0240	0.0200	0.0090	0.0025	0.0122	0.0076	0.0105	0.0137	0.0002	0.0058	0.0184	0.0122	0.0186	0.0163	0.0153	0.0079	0.0109	0.0200	0.0107	0.0058	0.0091	0.0110	0.0120	0.0175	0.0148	0.0042	0.0000	0.0149	0.0078	0.0177	0.0265	0.0210	0.0226	0.0067	0.0113	0.0217	0.0086	0.0163	0.0060	0.0067	0.0186	0.0043	0.0025	0.0008	0.0099	0.0014	0.0179	0.0123	0.0152	0.0244	0.0110	0.0242	0.0234	0.0134	0.0190	0.0106	0.0084	0.0201	0.0127	0.0097	0.0075	0.0114	0.0066	0.0049	0.0079	0.0002	0.0165	0.0062	0.0020	0.0125	0.0004	0.0143	0.0088	0.0051	0.0133	0.0047	0.0070	0.0074	0.0059	0.0156	0.0131	0.0106	0.0000	
0.0075	0.0038	0.0195	0.0010	0.0076	0.0136	0.0012	0.0117	0.0125	0.0056	0.0228	0.0185	0.0227	0.0187	0.0256	0.0179	0.0092	0.0074	0.0064	0.0099	0.0012	0.0183	0.0140	0.0125	0.0137	0.0197	0.0111	0.0029	0.0216	0.0096	0.0143	0.0159	0.0148	0.0170	0.0200	0.0008	0.0081	0.0231	0.0076	0.0136	0.0003	0.0031	0.0103	0.0118	0.0091	0.0038	0.0131	0.0043	0.0106	0.0128	0.0183	0.0065	0.0032	0.0033	0.0166	0.0096	0.0122	0.0052	0.0121	0.0071	0.0037	0.0203	0.0134	0.0031	0.0123	0.0028	0.0052	0.0063	0.0017	0.0163	0.0066	0.0103	0.0267	0.0163	0.0080	0.0203	0.0118	0.0188	0.0048	0.0064	0.0093	0.0068	0.0127	0.0037	0.0107	0.0103	0.0175	0.0133	0.0154	0.0087	
0.0119	0.0018	0.0100	0.0009	0.0145	0.0022	0.0123	0.0076	0.0035	0.0053	0.0231	0.0054	0.0033	0.0136	0.0159	0.0150	0.0074	0.0091	0.0119	0.0014	0.0210	0.0111	0.0006	0.0039	0.0289	0.0164	0.0060	0.0115	0.0168	0.0006	0.0088	0.0129	0.0112	0.0166	0.0076	0.0059	0.0225	0.0280	0.0044	0.0071	0.0082	0.0040	0.0218	0.0012	0.0101	0.0036	0.0050	0.0006	0.0182	0.0011	0.0040	0.0064	0.0204	0.0186	0.0106	0.0269	0.0014	0.0036	0.0038	0.0162	0.0244	0.0032	0.0164	0.0026	0.0230	0.0069	0.0173	0.0139	0.0079	0.0039	0.0101	0.0087	0.0109	0.0125	0.0179	0.0160	0.0185	0.0184	0.0150	0.0151	0.0144	0.0052	0.0132	0.0122	0.0159	0.0049	0.0234	0.0181	0.0188	0.0080	
0.0039	0.0179	0.0181	0.0128	0.0113	0.0054	0.0130	0.0191	0.0066	0.0010	0.0124	0.0141	0.0181	0.0122	0.0159	0.0288	0.0239	0.0086	0.0004	0.0242	0.0050	0.0024	0.0079	0.0100	0.0008	0.0140	0.0099	0.0039	0.0072	0.0139	0.0111	0.0185	0.0121	0.0198	0.0007	0.0168	0.0122	0.0209	0.0008	0.0113	0.0031	0.0210	0.0169	0.0188	0.0037	0.0192	0.0127	0.0039	0.0200	0.0211	0.0057	0.0109	0.0177	0.0021	0.0054	0.0017	0.0103	0.0051	0.0120	0.0224	0.0208	0.0091	0.0103	0.0167	0.0145	0.0157	0.0032	0.0210	0.0096	0.0219	0.0074	0.0045	0.0067	0.0133	0.0149	0.0057	0.0089	0.0116	0.0063	0.0011	0.0024	0.0062	0.0060	0.0078	0.0061	0.0011	0.0031	0.0113	0.0127	0.0192	
0.0066	0.0078	0.0068	0.0057	0.0162	0.0202	0.0152	0.0234	0.0068	0.0123	0.0187	0.0150	0.0170	0.0011	0.0126	0.0021	0.0027	0.0055	0.0085	0.0004	0.0184	0.0313	0.0201	0.0075	0.0206	0.0124	0.0031	0.0025	0.0096	0.0123	0.0125	0.0135	0.0052	0.0093	0.0113	0.0017	0.0209	0.0036	0.0270	0.0234	0.0133	0.0098	0.0058	0.0259	0.0039	0.0102	0.0132	0.0048	0.0131	0.0077	0.0247	0.0184	0.0026	0.0145	0.0088	0.0072	0.0097	0.0203	0.0120	0.0041	0.0175	0.0121	0.0133	0.0195	0.0021	0.0061	0.0139	0.0031	0.0061	0.0154	0.0032	0.0200	0.0044	0.0089	0.0053	0.0050	0.0100	0.0016	0.0048	0.0073	0.0219	0.0238	0.0138	0.0024	0.0086	0.0110	0.0117	0.0166	0.0047	0.0054	
0.0169	0.0013	0.0155	0.0208	0.0066	0.0072	0.0250	0.0118	0.0188	0.0002	0.0002	0.0116	0.0197	0.0063	0.0027	0.0342	0.0138	0.0178	0.0076	0.0023	0.0207	0.0106	0.0139	0.0040	0.0050	0.0177	0.0018	0.0119	0.0057	0.0122	0.0167	0.0177	0.0211	0.0034	0.0161	0.0025	0.0078	0.0158	0.0033	0.0008	0.0067	0.0031	0.0071	0.0072	0.0055	0.0106	0.0034	0.0027	0.0181	0.0161	0.0011	0.0173	0.0067	0.0036	0.0137	0.0073	0.0111	0.0106	0.0143	0.0165	0.0055	0.0112	0.0060	0.0064	0.0099	0.0053	0.0190	0.0158	0.0066	0.0005	0.0139	0.0203	0.0094	0.0064	0.0142	0.0151	0.0001	0.0092	0.0204	0.0196	0.0144	0.0246	0.0187	0.0153	0.0077	0.0167	0.0116	0.0191	0.0142	0.0112	
0.0128	0.0175	0.0189	0.0119	0.0181	0.0184	0.0181	0.0013	0.0170	0.0016	0.0166	0.0098	0.0152	0.0182	0.0222	0.0022	0.0036	0.0006	0.0069	0.0196	0.0074	0.0014	0.0091	0.0138	0.0221	0.0046	0.0181	0.0118	0.0171	0.0112	0.0112	0.0149	0.0167	0.0181	0.0067	0.0150	0.0183	0.0009	0.0094	0.0166	0.0132	0.0168	0.0110	0.0162	0.0199	0.0007	0.0053	0.0117	0.0130	0.0063	0.0123	0.0108	0.0060	0.0176	0.0020	0.0118	0.0089	0.0020	0.0146	0.0124	0.0009	0.0056	0.0051	0.0063	0.0102	0.0198	0.0144	0.0163	0.0106	0.0039	0.0019	0.0027	0.0108	0.0113	0.0020	0.0087	0.0105	0.0107	0.0139	0.0175	0.0191	0.0068	0.0188	0.0083	0.0144	0.0022	0.0127	0.0009	0.0133	0.0123	
0.0072	0.0171	0.0076	0.0223	0.0185	0.0101	0.0147	0.0045	0.0093	0.0191	0.0088	0.0099	0.0226	0.0106	0.0078	0.0162	0.0220	0.0147	0.0133	0.0170	0.0010	0.0179	0.0037	0.0157	0.0168	0.0135	0.0083	0.0179	0.0107	0.0071	0.0076	0.0126	0.0189	0.0185	0.0173	0.0061	0.0164	0.0183	0.0168	0.0139	0.0142	0.0075	0.0046	0.0001	0.0115	0.0092	0.0107	0.0079	0.0035	0.0072	0.0043	0.0178	0.0073	0.0038	0.0134	0.0108	0.0153	0.0095	0.0072	0.0024	0.0026	0.0209	0.0171	0.0016	0.0153	0.0193	0.0119	0.0017	0.0126	0.0001	0.0157	0.0051	0.0220	0.0022	0.0195	0.0161	0.0126	0.0031	0.0056	0.0011	0.0055	0.0241	0.0135	0.0012	0.0023	0.0109	0.0074	0.0182	0.0031	0.0075	
0.0124	0.0058	0.0089	0.0167	0.0137	0.0213	0.0156	0.0034	0.0086	0.0162	0.0240	0.0073	0.0177	0.0038	0.0151	0.0308	0.0204	0.0058	0.0052	0.0012	0.0217	0.0143	0.0040	0.0048	0.0224	0.0025	0.0043	0.0168	0.0220	0.0019	0.0095	0.0147	0.0216	0.0051	0.0098	0.0116	0.0189	0.0080	0.0144	0.0013	0.0012	0.0106	0.0189	0.0143	0.0020	0.0181	0.0062	0.0123	0.0087	0.0036	0.0172	0.0024	0.0119	0.0023	0.0132	0.0013	0.0014	0.0024	0.0214	0.0119	0.0178	0.0230	0.0042	0.0071	0.0084	0.0055	0.0118	0.0119	0.0129	0.0032	0.0031	0.0122	0.0115	0.0037	0.0176	0.0090	0.0154	0.0134	0.0031	0.0233	0.0184	0.0153	0.0085	0.0172	0.0065	0.0061	0.0048	0.0210	0.0123	0.0073	
0.0099	0.0150	0.0094	0.0022	0.0087	0.0038	0.0066	0.0105	0.0061	0.0163	0.0106	0.0158	0.0185	0.0062	0.0000	0.0052	0.0094	0.0079	0.0021	0.0050	0.0068	0.0096	0.0207	0.0177	0.0167	0.0002	0.0134	0.0086	0.0228	0.0216	0.0005	0.0118	0.0168	0.0088	0.0144	0.0099	0.0019	0.0145	0.0172	0.0184	0.0010	0.0063	0.0078	0.0062	0.0111	0.0015	0.0223	0.0229	0.0170	0.0037	0.0184	0.0186	0.0154	0.0114	0.0009	0.0227	0.0175	0.0083	0.0114	0.0082	0.0130	0.0203	0.0110	0.0064	0.0197	0.0209	0.0202	0.0090	0.0130	0.0119	0.0016	0.0199	0.0139	0.0069	0.0030	0.0234	0.0029	0.0115	0.0074	0.0114	0.0021	0.0141	0.0117	0.0154	0.0014	0.0053	0.0212	0.0079	0.0067	0.0125	
0.0207	0.0167	0.0020	0.0130	0.0060	0.0043	0.0215	0.0009	0.0137	0.0120	0.0036	0.0184	0.0098	0.0053	0.0029	0.0032	0.0043	0.0074	0.0060	0.0013	0.0225	0.0043	0.0011	0.0210	0.0082	0.0174	0.0068	0.0192	0.0062	0.0125	0.0281	0.0154	0.0009	0.0200	0.0157	0.0136	0.0180	0.0039	0.0015	0.0289	0.0039	0.0021	0.0026	0.0227	0.0068	0.0112	0.0069	0.0101	0.0140	0.0273	0.0015	0.0099	0.0007	0.0078	0.0215	0.0116	0.0132	0.0023	0.0045	0.0107	0.0235	0.0019	0.0198	0.0234	0.0149	0.0213	0.0133	0.0124	0.0057	0.0138	0.0070	0.0012	0.0079	0.0087	0.0241	0.0201	0.0010	0.0032	0.0129	0.0186	0.0182	0.0260	0.0026	0.0048	0.0096	0.0136	0.0107	0.0176	0.0021	0.0107	
0.0231	0.0135	0.0200	0.0167	0.0028	0.0024	0.0059	0.0054	0.0074	0.0164	0.0012	0.0185	0.0030	0.0000	0.0223	0.0005	0.0030	0.0131	0.0066	0.0028	0.0098	0.0077	0.0109	0.0097	0.0216	0.0004	0.0215	0.0140	0.0101	0.0014	0.0011	0.0146	0.0069	0.0212	0.0136	0.0165	0.0029	0.0166	0.0051	0.0176	0.0101	0.0158	0.0204	0.0157	0.0172	0.0123	0.0188	0.0032	0.0132	0.0083	0.0077	0.0210	0.0082	0.0245	0.0006	0.0152	0.0041	0.0063	0.0012	0.0020	0.0047	0.0168	0.0194	0.0059	0.0189	0.0070	0.0120	0.0069	0.0083	0.0190	0.0184	0.0131	0.0146	0.0161	0.0147	0.0137	0.0131	0.0113	0.0144	0.0208	0.0060	0.0185	0.0006	0.0194	0.0125	0.0047	0.0106	0.0082	0.0160	0.0013	
0.0113	0.0184	0.0121	0.0040	0.0136	0.0181	0.0263	0.0135	0.0037	0.0066	0.0045	0.0096	0.0192	0.0137	0.0132	0.0328	0.0092	0.0153	0.0080	0.0104	0.0005	0.0176	0.0112	0.0019	0.0224	0.0077	0.0153	0.0205	0.0138	0.0116	0.0218	0.0032	0.0102	0.0045	0.0085	0.0032	0.0205	0.0082	0.0010	0.0192	0.0101	0.0202	0.0097	0.0146	0.0146	0.0164	0.0005	0.0101	0.0043	0.0198	0.0196	0.0138	0.0006	0.0083	0.0014	0.0167	0.0052	0.0091	0.0081	0.0071	0.0032	0.0007	0.0215	0.0156	0.0109	0.0014	0.0274	0.0128	0.0013	0.0131	0.0183	0.0015	0.0079	0.0111	0.0134	0.0011	0.0018	0.0220	0.0064	0.0249	0.0076	0.0048	0.0233	0.0170	0.0101	0.0036	0.0028	0.0027	0.0042	0.0110	
0.0186	0.0109	0.0198	0.0170	0.0157	0.0121	0.0216	0.0176	0.0016	0.0123	0.0170	0.0105	0.0078	0.0157	0.0186	0.0214	0.0003	0.0108	0.0096	0.0002	0.0176	0.0051	0.0011	0.0057	0.0217	0.0185	0.0062	0.0040	0.0211	0.0051	0.0178	0.0163	0.0057	0.0112	0.0111	0.0086	0.0019	0.0203	0.0172	0.0065	0.0012	0.0061	0.0197	0.0139	0.0041	0.0139	0.0176	0.0206	0.0177	0.0190	0.0038	0.0132	0.0115	0.0046	0.0147	0.0134	0.0098	0.0106	0.0196	0.0181	0.0056	0.0175	0.0153	0.0165	0.0176	0.0212	0.0053	0.0174	0.0035	0.0094	0.0117	0.0033	0.0129	0.0044	0.0168	0.0110	0.0059	0.0066	0.0022	0.0010	0.0021	0.0075	0.0052	0.0010	0.0008	0.0054	0.0065	0.0016	0.0145	0.0156	
0.0214	0.0113	0.0204	0.0004	0.0008	0.0070	0.0143	0.0020	0.0206	0.0047	0.0137	0.0007	0.0190	0.0112	0.0068	0.0013	0.0202	0.0082	0.0055	0.0062	0.0092	0.0029	0.0103	0.0148	0.0207	0.0182	0.0119	0.0163	0.0190	0.0113	0.0140	0.0031	0.0212	0.0068	0.0100	0.0044	0.0052	0.0209	0.0046	0.0171	0.0161	0.0047	0.0104	0.0202	0.0104	0.0011	0.0149	0.0188	0.0147	0.0005	0.0097	0.0217	0.0167	0.0149	0.0123	0.0169	0.0233	0.0004	0.0082	0.0045	0.0185	0.0212	0.0061	0.0096	0.0166	0.0133	0.0014	0.0101	0.0144	0.0025	0.0147	0.0029	0.0029	0.0136	0.0050	0.0031	0.0123	0.0123	0.0058	0.0152	0.0058	0.0185	0.0236	0.0145	0.0006	0.0126	0.0083	0.0095	0.0150	0.0122	
0.0051	0.0049	0.0085	0.0009	0.0226	0.0032	0.0218	0.0244	0.0053	0.0000	0.0004	0.0057	0.0192	0.0142	0.0065	0.0104	0.0172	0.0039	0.0054	0.0102	0.0037	0.0080	0.0128	0.0142	0.0273	0.0188	0.0188	0.0122	0.0102	0.0205	0.0020	0.0139	0.0118	0.0074	0.0181	0.0137	0.0162	0.0042	0.0158	0.0036	0.0033	0.0135	0.0090	0.0090	0.0140	0.0000	0.0007	0.0070	0.0117	0.0148	0.0203	0.0036	0.0020	0.0110	0.0104	0.0199	0.0151	0.0110	0.0031	0.0250	0.0076	0.0106	0.0132	0.0064	0.0233	0.0093	0.0158	0.0110	0.0157	0.0139	0.0115	0.0137	0.0119	0.0037	0.0051	0.0117	0.0207	0.0024	0.0027	0.0210	0.0216	0.0131	0.0001	0.0138	0.0174	0.0203	0.0139	0.0031	0.0169	0.0010	
0.0182	0.0025	0.0003	0.0162	0.0185	0.0156	0.0021	0.0021	0.0109	0.0042	0.0064	0.0112	0.0112	0.0180	0.0035	0.0122	0.0139	0.0188	0.0041	0.0011	0.0185	0.0129	0.0089	0.0039	0.0003	0.0145	0.0087	0.0186	0.0067	0.0206	0.0155	0.0094	0.0127	0.0130	0.0138	0.0092	0.0108	0.0172	0.0069	0.0103	0.0065	0.0166	0.0123	0.0207	0.0119	0.0061	0.0006	0.0031	0.0085	0.0113	0.0059	0.0131	0.0173	0.0156	0.0044	0.0072	0.0139	0.0135	0.0159	0.0024	0.0070	0.0037	0.0154	0.0116	0.0100	0.0188	0.0226	0.0173	0.0018	0.0162	0.0156	0.0179	0.0094	0.0144	0.0109	0.0204	0.0159	0.0100	0.0103	0.0146	0.0144	0.0056	0.0110	0.0148	0.0106	0.0023	0.0126	0.0195	0.0087	0.0064	
0.0209	0.0192	0.0001	0.0058	0.0043	0.0053	0.0030	0.0006	0.0128	0.0159	0.0102	0.0058	0.0008	0.0181	0.0218	0.0159	0.0004	0.0046	0.0015	0.0073	0.0127	0.0038	0.0027	0.0015	0.0134	0.0012	0.0184	0.0004	0.0251	0.0079	0.0041	0.0015	0.0060	0.0179	0.0204	0.0021	0.0214	0.0133	0.0142	0.0124	0.0173	0.0204	0.0005	0.0204	0.0074	0.0089	0.0069	0.0173	0.0017	0.0069	0.0028	0.0105	0.0204	0.0079	0.0212	0.0161	0.0176	0.0169	0.0218	0.0030	0.0134	0.0027	0.0034	0.0046	0.0177	0.0103	0.0260	0.0078	0.0168	0.0155	0.0106	0.0157	0.0139	0.0163	0.0088	0.0153	0.0027	0.0050	0.0125	0.0239	0.0205	0.0021	0.0218	0.0131	0.0037	0.0170	0.0068	0.0265	0.0193	0.0056	
0.0088	0.0201	0.0116	0.0105	0.0228	0.0152	0.0167	0.0183	0.0053	0.0144	0.0096	0.0188	0.0200	0.0084	0.0214	0.0200	0.0161	0.0033	0.0141	0.0090	0.0112	0.0095	0.0029	0.0150	0.0083	0.0061	0.0032	0.0104	0.0229	0.0173	0.0013	0.0177	0.0076	0.0101	0.0035	0.0108	0.0182	0.0043	0.0122	0.0143	0.0129	0.0051	0.0222	0.0159	0.0087	0.0122	0.0060	0.0112	0.0138	0.0110	0.0002	0.0010	0.0022	0.0108	0.0153	0.0198	0.0177	0.0092	0.0040	0.0151	0.0125	0.0047	0.0178	0.0083	0.0192	0.0132	0.0117	0.0062	0.0040	0.0068	0.0099	0.0128	0.0103	0.0045	0.0107	0.0052	0.0081	0.0048	0.0063	0.0095	0.0029	0.0143	0.0143	0.0059	0.0130	0.0004	0.0184	0.0205	0.0141	0.0038	
0.0150	0.0073	0.0224	0.0008	0.0015	0.0130	0.0114	0.0151	0.0222	0.0172	0.0064	0.0003	0.0062	0.0096	0.0025	0.0163	0.0110	0.0202	0.0192	0.0136	0.0127	0.0158	0.0038	0.0131	0.0130	0.0201	0.0091	0.0120	0.0130	0.0208	0.0142	0.0122	0.0103	0.0198	0.0138	0.0063	0.0130	0.0153	0.0039	0.0023	0.0149	0.0178	0.0077	0.0149	0.0039	0.0023	0.0097	0.0104	0.0041	0.0100	0.0131	0.0230	0.0019	0.0064	0.0191	0.0020	0.0029	0.0047	0.0142	0.0037	0.0034	0.0231	0.0013	0.0025	0.0075	0.0198	0.0151	0.0064	0.0115	0.0219	0.0166	0.0204	0.0112	0.0171	0.0128	0.0166	0.0045	0.0123	0.0087	0.0083	0.0123	0.0232	0.0089	0.0025	0.0049	0.0120	0.0121	0.0050	0.0047	0.0114	
0.0036	0.0088	0.0208	0.0007	0.0214	0.0213	0.0198	0.0046	0.0073	0.0087	0.0109	0.0041	0.0174	0.0082	0.0122	0.0260	0.0051	0.0057	0.0100	0.0024	0.0204	0.0145	0.0151	0.0043	0.0175	0.0028	0.0128	0.0201	0.0198	0.0137	0.0035	0.0072	0.0000	0.0025	0.0107	0.0113	0.0190	0.0189	0.0194	0.0195	0.0151	0.0006	0.0055	0.0018	0.0138	0.0063	0.0059	0.0220	0.0095	0.0142	0.0083	0.0037	0.0139	0.0032	0.0178	0.0116	0.0147	0.0133	0.0088	0.0244	0.0081	0.0219	0.0083	0.0146	0.0080	0.0069	0.0042	0.0143	0.0099	0.0019	0.0135	0.0104	0.0076	0.0158	0.0048	0.0191	0.0042	0.0120	0.0079	0.0059	0.0208	0.0150	0.0093	0.0035	0.0039	0.0190	0.0129	0.0197	0.0083	0.0019	
0.0197	0.0054	0.0063	0.0007	0.0098	0.0229	0.0167	0.0133	0.0172	0.0110	0.0035	0.0170	0.0067	0.0109	0.0169	0.0310	0.0154	0.0181	0.0189	0.0191	0.0078	0.0014	0.0048	0.0030	0.0233	0.0142	0.0108	0.0046	0.0087	0.0084	0.0127	0.0059	0.0026	0.0089	0.0038	0.0117	0.0045	0.0120	0.0074	0.0062	0.0033	0.0124	0.0172	0.0268	0.0010	0.0028	0.0062	0.0216	0.0047	0.0092	0.0062	0.0138	0.0198	0.0109	0.0208	0.0143	0.0221	0.0024	0.0027	0.0213	0.0120	0.0111	0.0055	0.0078	0.0004	0.0271	0.0171	0.0179	0.0030	0.0091	0.0128	0.0036	0.0086	0.0129	0.0124	0.0146	0.0023	0.0058	0.0025	0.0186	0.0097	0.0122	0.0293	0.0000	0.0017	0.0147	0.0057	0.0145	0.0149	0.0095	
0.0126	0.0023	0.0076	0.0134	0.0181	0.0167	0.0089	0.0130	0.0212	0.0031	0.0112	0.0130	0.0184	0.0191	0.0185	0.0029	0.0023	0.0073	0.0141	0.0025	0.0148	0.0163	0.0214	0.0063	0.0079	0.0005	0.0113	0.0055	0.0055	0.0054	0.0117	0.0002	0.0183	0.0159	0.0155	0.0133	0.0172	0.0021	0.0195	0.0229	0.0054	0.0115	0.0076	0.0196	0.0058	0.0135	0.0181	0.0238	0.0061	0.0006	0.0134	0.0214	0.0176	0.0168	0.0169	0.0184	0.0028	0.0160	0.0071	0.0188	0.0057	0.0031	0.0070	0.0154	0.0147	0.0133	0.0166	0.0241	0.0021	0.0026	0.0048	0.0004	0.0104	0.0182	0.0156	0.0006	0.0076	0.0004	0.0017	0.0102	0.0056	0.0117	0.0195	0.0039	0.0096	0.0126	0.0042	0.0047	0.0178	0.0171	
0.0108	0.0208	0.0175	0.0039	0.0188	0.0039	0.0074	0.0161	0.0086	0.0144	0.0026	0.0185	0.0230	0.0043	0.0193	0.0246	0.0103	0.0006	0.0191	0.0205	0.0113	0.0028	0.0201	0.0160	0.0139	0.0152	0.0042	0.0030	0.0029	0.0231	0.0076	0.0104	0.0006	0.0030	0.0136	0.0100	0.0057	0.0101	0.0015	0.0165	0.0143	0.0158	0.0160	0.0090	0.0079	0.0085	0.0153	0.0192	0.0083	0.0217	0.0048	0.0036	0.0069	0.0040	0.0130	0.0075	0.0232	0.0168	0.0168	0.0005	0.0245	0.0040	0.0117	0.0092	0.0107	0.0181	0.0206	0.0193	0.0088	0.0092	0.0081	0.0015	0.0167	0.0057	0.0009	0.0179	0.0085	0.0109	0.0084	0.0002	0.0021	0.0100	0.0182	0.0040	0.0130	0.0034	0.0045	0.0217	0.0123	0.0064	
0.0107	0.0080	0.0146	0.0010	0.0173	0.0136	0.0055	0.0066	0.0222	0.0143	0.0155	0.0191	0.0066	0.0009	0.0155	0.0051	0.0045	0.0014	0.0020	0.0229	0.0216	0.0101	0.0082	0.0120	0.0287	0.0110	0.0098	0.0075	0.0161	0.0056	0.0087	0.0175	0.0026	0.0043	0.0185	0.0009	0.0084	0.0257	0.0134	0.0110	0.0088	0.0035	0.0137	0.0163	0.0084	0.0031	0.0037	0.0171	0.0140	0.0115	0.0200	0.0029	0.0166	0.0189	0.0087	0.0004	0.0234	0.0159	0.0026	0.0025	0.0041	0.0226	0.0141	0.0162	0.0080	0.0199	0.0188	0.0017	0.0026	0.0107	0.0149	0.0062	0.0114	0.0156	0.0080	0.0177	0.0187	0.0108	0.0052	0.0174	0.0094	0.0173	0.0142	0.0004	0.0045	0.0062	0.0038	0.0086	0.0144	0.0159	
0.0009	0.0105	0.0197	0.0127	0.0078	0.0144	0.0158	0.0240	0.0113	0.0111	0.0105	0.0019	0.0143	0.0042	0.0208	0.0287	0.0156	0.0026	0.0088	0.0195	0.0036	0.0130	0.0135	0.0066	0.0205	0.0103	0.0053	0.0147	0.0108	0.0001	0.0148	0.0084	0.0071	0.0054	0.0105	0.0084	0.0102	0.0004	0.0099	0.0236	0.0031	0.0007	0.0015	0.0199	0.0086	0.0063	0.0052	0.0133	0.0030	0.0144	0.0170	0.0013	0.0001	0.0019	0.0201	0.0125	0.0199	0.0086	0.0209	0.0273	0.0083	0.0260	0.0089	0.0111	0.0261	0.0001	0.0234	0.0077	0.0109	0.0148	0.0059	0.0147	0.0108	0.0118	0.0093	0.0028	0.0075	0.0194	0.0005	0.0091	0.0048	0.0174	0.0137	0.0186	0.0053	0.0102	0.0107	0.0059	0.0090	0.0173	
0.0120	0.0220	0.0039	0.0098	0.0121	0.0051	0.0139	0.0119	0.0176	0.0051	0.0098	0.0190	0.0188	0.0119	0.0054	0.0026	0.0063	0.0078	0.0082	0.0150	0.0047	0.0205	0.0079	0.0065	0.0196	0.0089	0.0095	0.0101	0.0038	0.0072	0.0114	0.0096	0.0147	0.0149	0.0144	0.0064	0.0074	0.0067	0.0210	0.0066	0.0075	0.0124	0.0002	0.0136	0.0150	0.0038	0.0180	0.0195	0.0108	0.0045	0.0044	0.0181	0.0123	0.0176	0.0128	0.0121	0.0118	0.0099	0.0150	0.0255	0.0164	0.0027	0.0072	0.0090	0.0164	0.0261	0.0023	0.0222	0.0088	0.0184	0.0103	0.0009	0.0082	0.0051	0.0031	0.0088	0.0142	0.0116	0.0079	0.0085	0.0137	0.0132	0.0159	0.0150	0.0016	0.0117	0.0174	0.0201	0.0037	0.0052	
0.0187	0.0192	0.0110	0.0005	0.0126	0.0096	0.0117	0.0135	0.0235	0.0150	0.0041	0.0001	0.0048	0.0175	0.0119	0.0084	0.0089	0.0085	0.0131	0.0051	0.0172	0.0240	0.0008	0.0073	0.0085	0.0027	0.0061	0.0113	0.0082	0.0012	0.0022	0.0023	0.0155	0.0064	0.0041	0.0242	0.0129	0.0140	0.0193	0.0236	0.0189	0.0074	0.0163	0.0224	0.0041	0.0123	0.0097	0.0034	0.0061	0.0246	0.0065	0.0107	0.0079	0.0007	0.0170	0.0177	0.0153	0.0014	0.0157	0.0122	0.0022	0.0259	0.0046	0.0208	0.0175	0.0029	0.0089	0.0232	0.0076	0.0148	0.0121	0.0199	0.0105	0.0176	0.0048	0.0088	0.0025	0.0033	0.0033	0.0168	0.0182	0.0033	0.0037	0.0080	0.0126	0.0127	0.0154	0.0155	0.0144	0.0080	
0.0098	0.0140	0.0183	0.0094	0.0173	0.0008	0.0040	0.0187	0.0044	0.0025	0.0072	0.0173	0.0166	0.0175	0.0061	0.0135	0.0194	0.0107	0.0154	0.0068	0.0182	0.0126	0.0204	0.0019	0.0205	0.0192	0.0192	0.0203	0.0041	0.0024	0.0094	0.0158	0.0039	0.0024	0.0046	0.0032	0.0030	0.0085	0.0019	0.0054	0.0038	0.0067	0.0202	0.0023	0.0056	0.0021	0.0106	0.0107	0.0030	0.0100	0.0180	0.0037	0.0214	0.0097	0.0164	0.0192	0.0153	0.0161	0.0135	0.0241	0.0062	0.0102	0.0150	0.0013	0.0194	0.0217	0.0110	0.0142	0.0082	0.0033	0.0055	0.0110	0.0100	0.0145	0.0030	0.0091	0.0089	0.0175	0.0174	0.0154	0.0121	0.0093	0.0157	0.0168	0.0057	0.0039	0.0156	0.0182	0.0110	0.0097	
0.0113	0.0108	0.0142	0.0069	0.0233	0.0185	0.0161	0.0213	0.0076	0.0128	0.0146	0.0212	0.0003	0.0000	0.0026	0.0089	0.0163	0.0057	0.0053	0.0070	0.0083	0.0215	0.0193	0.0011	0.0081	0.0176	0.0166	0.0196	0.0176	0.0133	0.0193	0.0121	0.0015	0.0006	0.0128	0.0185	0.0184	0.0047	0.0151	0.0071	0.0143	0.0114	0.0103	0.0043	0.0203	0.0098	0.0073	0.0156	0.0132	0.0010	0.0101	0.0112	0.0110	0.0037	0.0012	0.0136	0.0136	0.0111	0.0000	0.0019	0.0025	0.0196	0.0046	0.0169	0.0175	0.0017	0.0224	0.0243	0.0065	0.0068	0.0085	0.0113	0.0132	0.0216	0.0117	0.0179	0.0079	0.0140	0.0028	0.0185	0.0128	0.0014	0.0050	0.0147	0.0023	0.0081	0.0023	0.0211	0.0187	0.0006	
0.0046	0.0061	0.0041	0.0135	0.0049	0.0210	0.0092	0.0188	0.0099	0.0159	0.0149	0.0070	0.0074	0.0085	0.0150	0.0321	0.0200	0.0136	0.0129	0.0068	0.0054	0.0239	0.0089	0.0038	0.0139	0.0010	0.0130	0.0114	0.0139	0.0082	0.0212	0.0193	0.0001	0.0067	0.0019	0.0035	0.0071	0.0030	0.0187	0.0172	0.0076	0.0144	0.0053	0.0072	0.0045	0.0042	0.0183	0.0197	0.0011	0.0040	0.0125	0.0133	0.0071	0.0176	0.0190	0.0062	0.0198	0.0175	0.0012	0.0042	0.0072	0.0210	0.0025	0.0029	0.0221	0.0164	0.0088	0.0233	0.0047	0.0121	0.0127	0.0170	0.0124	0.0192	0.0145	0.0139	0.0138	0.0025	0.0005	0.0068	0.0062	0.0173	0.0124	0.0089	0.0134	0.0076	0.0162	0.0072	0.0091	0.0147	
0.0071	0.0085	0.0014	0.0141	0.0093	0.0131	0.0136	0.0017	0.0101	0.0118	0.0181	0.0164	0.0125	0.0131	0.0118	0.0247	0.0170	0.0097	0.0181	0.0065	0.0144	0.0189	0.0199	0.0132	0.0226	0.0103	0.0085	0.0153	0.0078	0.0097	0.0216	0.0009	0.0105	0.0095	0.0028	0.0061	0.0142	0.0049	0.0113	0.0056	0.0185	0.0120	0.0141	0.0114	0.0079	0.0101	0.0049	0.0201	0.0163	0.0001	0.0150	0.0034	0.0085	0.0045	0.0037	0.0118	0.0094	0.0059	0.0159	0.0241	0.0049	0.0219	0.0159	0.0226	0.0142	0.0223	0.0069	0.0004	0.0072	0.0060	0.0024	0.0110	0.0005	0.0138	0.0060	0.0218	0.0008	0.0098	0.0071	0.0083	0.0061	0.0111	0.0217	0.0070	0.0125	0.0157	0.0131	0.0068	0.0066	0.0114	
0.0226	0.0109	0.0110	0.0146	0.0010	0.0021	0.0242	0.0160	0.0217	0.0113	0.0052	0.0062	0.0116	0.0163	0.0169	0.0053	0.0032	0.0164	0.0190	0.0038	0.0142	0.0275	0.0202	0.0069	0.0171	0.0152	0.0022	0.0102	0.0057	0.0176	0.0055	0.0225	0.0152	0.0160	0.0069	0.0179	0.0017	0.0130	0.0160	0.0067	0.0023	0.0073	0.0121	0.0232	0.0020	0.0014	0.0006	0.0036	0.0083	0.0182	0.0158	0.0170	0.0095	0.0046	0.0004	0.0180	0.0111	0.0021	0.0199	0.0103	0.0246	0.0130	0.0097	0.0020	0.0085	0.0090	0.0160	0.0158	0.0036	0.0035	0.0014	0.0138	0.0031	0.0142	0.0010	0.0048	0.0058	0.0018	0.0052	0.0144	0.0177	0.0248	0.0268	0.0124	0.0021	0.0074	0.0107	0.0113	0.0189	0.0116	
0.0064	0.0201	0.0106	0.0061	0.0057	0.0135	0.0185	0.0108	0.0110	0.0162	0.0106	0.0092	0.0211	0.0059	0.0141	0.0282	0.0142	0.0138	0.0023	0.0186	0.0124	0.0078	0.0179	0.0076	0.0167	0.0008	0.0105	0.0174	0.0229	0.0193	0.0148	0.0016	0.0142	0.0151	0.0155	0.0018	0.0029	0.0224	0.0076	0.0082	0.0055	0.0163	0.0124	0.0084	0.0007	0.0046	0.0005	0.0138	0.0014	0.0025	0.0139	0.0154	0.0075	0.0006	0.0174	0.0195	0.0035	0.0020	0.0133	0.0051	0.0040	0.0016	0.0118	0.0113	0.0027	0.0105	0.0142	0.0041	0.0088	0.0089	0.0170	0.0152	0.0098	0.0172	0.0115	0.0152	0.0153	0.0072	0.0066	0.0075	0.0005	0.0188	0.0142	0.0169	0.0048	0.0202	0.0155	0.0152	0.0169	0.0179	
0.0213	0.0010	0.0071	0.0037	0.0062	0.0057	0.0088	0.0024	0.0074	0.0126	0.0137	0.0201	0.0062	0.0151	0.0072	0.0005	0.0085	0.0145	0.0108	0.0071	0.0022	0.0223	0.0161	0.0049	0.0057	0.0080	0.0072	0.0183	0.0058	0.0043	0.0156	0.0196	0.0091	0.0107	0.0125	0.0207	0.0094	0.0080	0.0150	0.0095	0.0078	0.0143	0.0020	0.0190	0.0209	0.0032	0.0142	0.0048	0.0110	0.0061	0.0144	0.0042	0.0050	0.0141	0.0237	0.0032	0.0078	0.0002	0.0243	0.0258	0.0236	0.0159	0.0191	0.0034	0.0256	0.0171	0.0142	0.0206	0.0011	0.0123	0.0121	0.0017	0.0012	0.0035	0.0164	0.0102	0.0150	0.0212	0.0074	0.0003	0.0188	0.0031	0.0053	0.0203	0.0094	0.0107	0.0197	0.0213	0.0098	0.0082	
0.0128	0.0092	0.0064	0.0161	0.0100	0.0186	0.0200	0.0216	0.0206	0.0033	0.0150	0.0194	0.0026	0.0015	0.0165	0.0201	0.0020	0.0015	0.0127	0.0124	0.0103	0.0082	0.0121	0.0182	0.0035	0.0138	0.0089	0.0189	0.0152	0.0083	0.0193	0.0134	0.0042	0.0132	0.0174	0.0051	0.0163	0.0107	0.0164	0.0011	0.0104	0.0155	0.0022	0.0069	0.0066	0.0165	0.0008	0.0029	0.0065	0.0205	0.0092	0.0142	0.0031	0.0014	0.0216	0.0036	0.0201	0.0058	0.0121	0.0180	0.0099	0.0236	0.0074	0.0112	0.0073	0.0020	0.0145	0.0117	0.0021	0.0096	0.0156	0.0157	0.0069	0.0150	0.0203	0.0160	0.0048	0.0038	0.0106	0.0043	0.0178	0.0065	0.0113	0.0125	0.0165	0.0048	0.0108	0.0034	0.0146	0.0149	
0.0081	0.0104	0.0191	0.0026	0.0158	0.0132	0.0117	0.0159	0.0003	0.0039	0.0071	0.0126	0.0002	0.0192	0.0057	0.0345	0.0073	0.0098	0.0015	0.0085	0.0244	0.0188	0.0161	0.0064	0.0296	0.0030	0.0092	0.0148	0.0137	0.0021	0.0131	0.0096	0.0163	0.0060	0.0020	0.0084	0.0173	0.0073	0.0006	0.0105	0.0036	0.0130	0.0046	0.0100	0.0203	0.0027	0.0066	0.0172	0.0077	0.0039	0.0203	0.0002	0.0015	0.0094	0.0216	0.0135	0.0184	0.0083	0.0051	0.0150	0.0041	0.0189	0.0020	0.0220	0.0167	0.0279	0.0211	0.0190	0.0117	0.0226	0.0190	0.0012	0.0068	0.0155	0.0018	0.0076	0.0090	0.0052	0.0063	0.0186	0.0212	0.0177	0.0077	0.0074	0.0026	0.0105	0.0092	0.0105	0.0088	0.0080	
0.0141	0.0074	0.0012	0.0147	0.0060	0.0113	0.0139	0.0061	0.0180	0.0007	0.0076	0.0130	0.0230	0.0124	0.0051	0.0298	0.0130	0.0089	0.0056	0.0143	0.0040	0.0141	0.0006	0.0084	0.0160	0.0100	0.0096	0.0167	0.0187	0.0025	0.0106	0.0085	0.0056	0.0060	0.0053	0.0154	0.0221	0.0242	0.0103	0.0148	0.0140	0.0050	0.0109	0.0116	0.0084	0.0068	0.0174	0.0183	0.0027	0.0074	0.0004	0.0206	0.0032	0.0199	0.0073	0.0016	0.0064	0.0127	0.0229	0.0235	0.0019	0.0218	0.0112	0.0154	0.0151	0.0277	0.0083	0.0156	0.0039	0.0141	0.0180	0.0135	0.0003	0.0149	0.0164	0.0223	0.0001	0.0128	0.0012	0.0058	0.0160	0.0151	0.0167	0.0100	0.0016	0.0088	0.0057	0.0105	0.0003	0.0045	
0.0085	0.0097	0.0196	0.0141	0.0135	0.0211	0.0183	0.0199	0.0192	0.0091	0.0004	0.0032	0.0140	0.0129	0.0098	0.0133	0.0225	0.0107	0.0202	0.0095	0.0016	0.0184	0.0114	0.0131	0.0021	0.0092	0.0053	0.0010	0.0128	0.0035	0.0139	0.0165	0.0128	0.0005	0.0035	0.0107	0.0151	0.0102	0.0020	0.0223	0.0034	0.0030	0.0169	0.0140	0.0048	0.0102	0.0008	0.0002	0.0007	0.0148	0.0103	0.0170	0.0091	0.0142	0.0034	0.0142	0.0202	0.0026	0.0126	0.0023	0.0156	0.0167	0.0067	0.0157	0.0195	0.0034	0.0146	0.0135	0.0067	0.0229	0.0129	0.0124	0.0073	0.0005	0.0037	0.0212	0.0178	0.0191	0.0088	0.0126	0.0097	0.0049	0.0003	0.0174	0.0113	0.0177	0.0097	0.0231	0.0154	0.0092	
0.0123	0.0103	0.0158	0.0212	0.0054	0.0092	0.0161	0.0006	0.0156	0.0013	0.0196	0.0089	0.0136	0.0015	0.0012	0.0274	0.0065	0.0070	0.0065	0.0049	0.0152	0.0176	0.0122	0.0002	0.0173	0.0074	0.0132	0.0084	0.0005	0.0172	0.0124	0.0103	0.0114	0.0170	0.0060	0.0020	0.0128	0.0100	0.0139	0.0141	0.0013	0.0164	0.0033	0.0079	0.0113	0.0137	0.0135	0.0185	0.0149	0.0122	0.0102	0.0202	0.0108	0.0145	0.0130	0.0132	0.0191	0.0116	0.0070	0.0177	0.0169	0.0075	0.0001	0.0177	0.0082	0.0092	0.0156	0.0154	0.0127	0.0176	0.0036	0.0185	0.0127	0.0147	0.0025	0.0170	0.0141	0.0022	0.0061	0.0138	0.0167	0.0155	0.0109	0.0047	0.0051	0.0127	0.0009	0.0201	0.0028	0.0104	
0.0031	0.0191	0.0021	0.0240	0.0220	0.0157	0.0207	0.0066	0.0017	0.0026	0.0024	0.0202	0.0049	0.0171	0.0158	0.0245	0.0079	0.0152	0.0091	0.0240	0.0210	0.0183	0.0085	0.0116	0.0283	0.0011	0.0156	0.0164	0.0141	0.0146	0.0076	0.0170	0.0110	0.0009	0.0152	0.0081	0.0164	0.0180	0.0175	0.0099	0.0172	0.0097	0.0014	0.0069	0.0137	0.0163	0.0135	0.0197	0.0147	0.0118	0.0072	0.0044	0.0107	0.0047	0.0164	0.0068	0.0112	0.0079	0.0015	0.0230	0.0007	0.0044	0.0166	0.0088	0.0194	0.0073	0.0080	0.0038	0.0001	0.0046	0.0185	0.0153	0.0012	0.0023	0.0019	0.0088	0.0151	0.0006	0.0005	0.0218	0.0113	0.0201	0.0009	0.0192	0.0058	0.0033	0.0084	0.0082	0.0046	0.0097	
0.0174	0.0075	0.0132	0.0215	0.0101	0.0165	0.0198	0.0174	0.0116	0.0061	0.0136	0.0085	0.0207	0.0107	0.0160	0.0250	0.0033	0.0085	0.0022	0.0117	0.0122	0.0123	0.0088	0.0018	0.0095	0.0043	0.0029	0.0178	0.0008	0.0152	0.0188	0.0184	0.0204	0.0098	0.0081	0.0137	0.0011	0.0028	0.0174	0.0101	0.0107	0.0016	0.0117	0.0156	0.0086	0.0015	0.0222	0.0146	0.0041	0.0144	0.0002	0.0001	0.0050	0.0181	0.0003	0.0076	0.0206	0.0082	0.0143	0.0054	0.0129	0.0231	0.0134	0.0192	0.0109	0.0160	0.0130	0.0088	0.0015	0.0025	0.0122	0.0009	0.0100	0.0146	0.0140	0.0111	0.0190	0.0153	0.0100	0.0063	0.0048	0.0119	0.0156	0.0076	0.0100	0.0157	0.0179	0.0038	0.0076	0.0182	
0.0154	0.0119	0.0102	0.0105	0.0197	0.0141	0.0095	0.0125	0.0054	0.0126	0.0123	0.0124	0.0113	0.0024	0.0238	0.0325	0.0071	0.0102	0.0163	0.0137	0.0084	0.0031	0.0154	0.0057	0.0269	0.0174	0.0073	0.0052	0.0068	0.0115	0.0169	0.0059	0.0176	0.0021	0.0071	0.0022	0.0105	0.0044	0.0185	0.0043	0.0003	0.0079	0.0111	0.0003	0.0145	0.0095	0.0019	0.0113	0.0078	0.0120	0.0108	0.0040	0.0047	0.0201	0.0125	0.0121	0.0175	0.0024	0.0110	0.0209	0.0067	0.0037	0.0052	0.0148	0.0195	0.0070	0.0159	0.0087	0.0126	0.0185	0.0078	0.0033	0.0128	0.0152	0.0099	0.0217	0.0122	0.0131	0.0094	0.0084	0.0196	0.0183	0.0166	0.0120	0.0160	0.0135	0.0019	0.0004	0.0088	0.0133	
0.0061	0.0081	0.0138	0.0005	0.0200	0.0184	0.0041	0.0176	0.0032	0.0067	0.0188	0.0147	0.0171	0.0108	0.0052	0.0132	0.0106	0.0099	0.0063	0.0149	0.0211	0.0021	0.0094	0.0021	0.0249	0.0084	0.0066	0.0129	0.0164	0.0034	0.0041	0.0125	0.0172	0.0181	0.0111	0.0012	0.0096	0.0167	0.0193	0.0157	0.0137	0.0160	0.0123	0.0069	0.0103	0.0033	0.0027	0.0073	0.0076	0.0115	0.0044	0.0121	0.0136	0.0193	0.0182	0.0039	0.0196	0.0093	0.0020	0.0112	0.0123	0.0134	0.0012	0.0209	0.0039	0.0056	0.0202	0.0185	0.0149	0.0037	0.0173	0.0169	0.0113	0.0135	0.0154	0.0014	0.0091	0.0027	0.0096	0.0165	0.0067	0.0214	0.0046	0.0029	0.0147	0.0114	0.0214	0.0221	0.0013	0.0073	
0.0033	0.0212	0.0122	0.0108	0.0037	0.0048	0.0203	0.0140	0.0033	0.0040	0.0074	0.0068	0.0099	0.0052	0.0130	0.0156	0.0198	0.0011	0.0216	0.0190	0.0171	0.0206	0.0185	0.0061	0.0032	0.0111	0.0075	0.0175	0.0010	0.0123	0.0050	0.0168	0.0150	0.0089	0.0003	0.0002	0.0046	0.0063	0.0105	0.0156	0.0039	0.0187	0.0221	0.0090	0.0083	0.0172	0.0131	0.0207	0.0092	0.0135	0.0159	0.0200	0.0001	0.0063	0.0175	0.0068	0.0006	0.0039	0.0069	0.0183	0.0190	0.0218	0.0106	0.0129	0.0009	0.0147	0.0147	0.0215	0.0029	0.0159	0.0033	0.0140	0.0064	0.0071	0.0085	0.0195	0.0123	0.0105	0.0120	0.0029	0.0216	0.0092	0.0094	0.0093	0.0121	0.0045	0.0176	0.0113	0.0152	0.0112	
0.0227	0.0001	0.0212	0.0205	0.0194	0.0082	0.0096	0.0086	0.0080	0.0210	0.0090	0.0149	0.0177	0.0205	0.0089	0.0010	0.0087	0.0146	0.0153	0.0238	0.0150	0.0127	0.0060	0.0034	0.0170	0.0099	0.0119	0.0005	0.0190	0.0175	0.0141	0.0026	0.0024	0.0127	0.0134	0.0041	0.0162	0.0185	0.0133	0.0044	0.0072	0.0086	0.0040	0.0007	0.0167	0.0061	0.0151	0.0116	0.0032	0.0178	0.0209	0.0042	0.0167	0.0188	0.0003	0.0103	0.0172	0.0160	0.0050	0.0091	0.0211	0.0095	0.0134	0.0137	0.0075	0.0068	0.0144	0.0035	0.0049	0.0042	0.0066	0.0140	0.0028	0.0123	0.0131	0.0047	0.0067	0.0053	0.0091	0.0082	0.0178	0.0003	0.0230	0.0223	0.0159	0.0093	0.0088	0.0073	0.0119	0.0037	
0.0104	0.0202	0.0114	0.0043	0.0090	0.0218	0.0184	0.0153	0.0170	0.0093	0.0174	0.0106	0.0064	0.0200	0.0158	0.0095	0.0013	0.0046	0.0028	0.0225	0.0034	0.0104	0.0070	0.0157	0.0174	0.0166	0.0116	0.0142	0.0189	0.0192	0.0182	0.0052	0.0117	0.0017	0.0157	0.0086	0.0024	0.0268	0.0041	0.0160	0.0077	0.0141	0.0129	0.0001	0.0167	0.0048	0.0195	0.0219	0.0110	0.0103	0.0078	0.0038	0.0034	0.0199	0.0007	0.0237	0.0153	0.0105	0.0149	0.0129	0.0120	0.0051	0.0197	0.0200	0.0153	0.0112	0.0221	0.0045	0.0051	0.0029	0.0035	0.0025	0.0012	0.0120	0.0091	0.0101	0.0220	0.0059	0.0036	0.0058	0.0016	0.0145	0.0025	0.0033	0.0084	0.0154	0.0032	0.0183	0.0007	0.0139	
0.0164	0.0100	0.0070	0.0175	0.0058	0.0040	0.0202	0.0163	0.0101	0.0033	0.0085	0.0120	0.0167	0.0073	0.0117	0.0102	0.0026	0.0137	0.0069	0.0169	0.0252	0.0082	0.0094	0.0073	0.0134	0.0167	0.0018	0.0157	0.0101	0.0191	0.0072	0.0032	0.0030	0.0100	0.0091	0.0170	0.0168	0.0102	0.0058	0.0057	0.0104	0.0069	0.0216	0.0014	0.0227	0.0086	0.0252	0.0182	0.0163	0.0037	0.0137	0.0109	0.0100	0.0104	0.0167	0.0080	0.0012	0.0160	0.0060	0.0112	0.0026	0.0035	0.0057	0.0143	0.0218	0.0051	0.0104	0.0049	0.0171	0.0160	0.0107	0.0178	0.0084	0.0026	0.0016	0.0166	0.0098	0.0070	0.0073	0.0222	0.0188	0.0072	0.0212	0.0046	0.0035	0.0175	0.0180	0.0182	0.0134	0.0015	
0.0163	0.0208	0.0030	0.0228	0.0040	0.0105	0.0022	0.0074	0.0055	0.0147	0.0013	0.0180	0.0246	0.0014	0.0203	0.0357	0.0012	0.0077	0.0069	0.0048	0.0241	0.0186	0.0107	0.0059	0.0187	0.0182	0.0042	0.0010	0.0110	0.0244	0.0108	0.0150	0.0127	0.0199	0.0009	0.0174	0.0143	0.0173	0.0250	0.0180	0.0113	0.0046	0.0034	0.0178	0.0246	0.0012	0.0113	0.0243	0.0122	0.0070	0.0195	0.0106	0.0099	0.0135	0.0048	0.0230	0.0103	0.0149	0.0077	0.0102	0.0066	0.0011	0.0204	0.0063	0.0072	0.0103	0.0065	0.0015	0.0004	0.0002	0.0062	0.0127	0.0078	0.0167	0.0125	0.0189	0.0129	0.0148	0.0063	0.0129	0.0094	0.0068	0.0124	0.0022	0.0024	0.0014	0.0079	0.0015	0.0128	0.0017	
0.0063	0.0181	0.0059	0.0146	0.0104	0.0121	0.0082	0.0204	0.0118	0.0106	0.0183	0.0086	0.0215	0.0114	0.0005	0.0111	0.0006	0.0152	0.0168	0.0129	0.0086	0.0163	0.0088	0.0153	0.0265	0.0190	0.0119	0.0169	0.0030	0.0040	0.0013	0.0038	0.0091	0.0203	0.0147	0.0115	0.0046	0.0191	0.0048	0.0018	0.0063	0.0143	0.0037	0.0185	0.0148	0.0004	0.0089	0.0226	0.0016	0.0169	0.0008	0.0116	0.0038	0.0020	0.0154	0.0121	0.0088	0.0085	0.0148	0.0122	0.0236	0.0144	0.0161	0.0074	0.0116	0.0170	0.0218	0.0231	0.0150	0.0113	0.0027	0.0065	0.0116	0.0185	0.0046	0.0158	0.0110	0.0106	0.0024	0.0216	0.0136	0.0131	0.0140	0.0069	0.0027	0.0115	0.0003	0.0079	0.0045	0.0038	
0.0024	0.0163	0.0015	0.0172	0.0021	0.0163	0.0218	0.0196	0.0085	0.0003	0.0021	0.0098	0.0045	0.0115	0.0163	0.0228	0.0217	0.0072	0.0160	0.0016	0.0231	0.0185	0.0068	0.0139	0.0245	0.0085	0.0193	0.0088	0.0043	0.0200	0.0135	0.0118	0.0150	0.0131	0.0085	0.0088	0.0046	0.0208	0.0160	0.0116	0.0131	0.0142	0.0032	0.0026	0.0190	0.0026	0.0086	0.0030	0.0145	0.0083	0.0120	0.0146	0.0107	0.0036	0.0041	0.0054	0.0096	0.0057	0.0186	0.0166	0.0199	0.0139	0.0137	0.0097	0.0093	0.0130	0.0160	0.0141	0.0024	0.0056	0.0106	0.0035	0.0136	0.0085	0.0082	0.0063	0.0143	0.0037	0.0147	0.0167	0.0013	0.0177	0.0140	0.0157	0.0064	0.0200	0.0020	0.0128	0.0079	0.0034	
0.0215	0.0205	0.0210	0.0015	0.0164	0.0023	0.0019	0.0173	0.0167	0.0062	0.0103	0.0163	0.0002	0.0092	0.0219	0.0145	0.0004	0.0025	0.0153	0.0239	0.0132	0.0060	0.0086	0.0022	0.0176	0.0010	0.0193	0.0195	0.0019	0.0092	0.0095	0.0024	0.0046	0.0199	0.0064	0.0148	0.0044	0.0156	0.0168	0.0068	0.0034	0.0003	0.0104	0.0134	0.0068	0.0052	0.0179	0.0068	0.0184	0.0205	0.0211	0.0221	0.0177	0.0107	0.0142	0.0149	0.0116	0.0149	0.0106	0.0174	0.0060	0.0055	0.0133	0.0075	0.0227	0.0087	0.0138	0.0014	0.0017	0.0052	0.0044	0.0100	0.0076	0.0110	0.0143	0.0128	0.0150	0.0163	0.0129	0.0075	0.0063	0.0134	0.0230	0.0029	0.0073	0.0087	0.0071	0.0187	0.0058	0.0115	
0.0033	0.0075	0.0024	0.0015	0.0013	0.0204	0.0079	0.0026	0.0164	0.0187	0.0166	0.0148	0.0047	0.0131	0.0227	0.0161	0.0128	0.0060	0.0101	0.0035	0.0209	0.0127	0.0216	0.0026	0.0106	0.0115	0.0058	0.0106	0.0228	0.0085	0.0004	0.0148	0.0143	0.0115	0.0016	0.0196	0.0067	0.0094	0.0086	0.0174	0.0024	0.0122	0.0019	0.0149	0.0139	0.0088	0.0093	0.0055	0.0094	0.0151	0.0165	0.0217	0.0023	0.0040	0.0116	0.0111	0.0087	0.0147	0.0152	0.0093	0.0177	0.0214	0.0048	0.0065	0.0239	0.0229	0.0196	0.0169	0.0133	0.0158	0.0036	0.0047	0.0266	0.0216	0.0004	0.0054	0.0131	0.0020	0.0086	0.0162	0.0059	0.0007	0.0010	0.0195	0.0090	0.0014	0.0161	0.0124	0.0159	0.0106	
0.0093	0.0087	0.0139	0.0007	0.0023	0.0051	0.0120	0.0201	0.0195	0.0111	0.0143	0.0144	0.0153	0.0124	0.0168	0.0261	0.0006	0.0049	0.0031	0.0118	0.0203	0.0075	0.0076	0.0152	0.0031	0.0146	0.0180	0.0059	0.0176	0.0207	0.0065	0.0067	0.0198	0.0199	0.0089	0.0188	0.0119	0.0247	0.0203	0.0205	0.0130	0.0153	0.0046	0.0222	0.0031	0.0100	0.0089	0.0128	0.0039	0.0189	0.0009	0.0108	0.0087	0.0080	0.0190	0.0031	0.0228	0.0115	0.0212	0.0120	0.0089	0.0051	0.0004	0.0008	0.0077	0.0074	0.0212	0.0155	0.0016	0.0229	0.0027	0.0029	0.0061	0.0072	0.0114	0.0005	0.0016	0.0085	0.0108	0.0126	0.0059	0.0072	0.0013	0.0182	0.0124	0.0143	0.0218	0.0136	0.0029	0.0051	
0.0190	0.0190	0.0209	0.0083	0.0112	0.0129	0.0179	0.0038	0.0150	0.0169	0.0187	0.0157	0.0101	0.0058	0.0189	0.0296	0.0009	0.0020	0.0114	0.0206	0.0016	0.0119	0.0182	0.0073	0.0046	0.0007	0.0032	0.0012	0.0049	0.0101	0.0071	0.0039	0.0097	0.0195	0.0017	0.0060	0.0033	0.0012	0.0202	0.0025	0.0043	0.0176	0.0181	0.0185	0.0173	0.0084	0.0220	0.0188	0.0066	0.0168	0.0159	0.0197	0.0198	0.0096	0.0040	0.0067	0.0011	0.0088	0.0049	0.0099	0.0106	0.0179	0.0208	0.0047	0.0127	0.0149	0.0065	0.0138	0.0040	0.0082	0.0149	0.0239	0.0049	0.0127	0.0116	0.0032	0.0176	0.0164	0.0108	0.0145	0.0027	0.0084	0.0146	0.0056	0.0115	0.0113	0.0073	0.0017	0.0117	0.0140	
0.0062	0.0182	0.0198	0.0125	0.0156	0.0133	0.0264	0.0125	0.0121	0.0012	0.0048	0.0123	0.0150	0.0225	0.0032	0.0314	0.0132	0.0067	0.0151	0.0015	0.0115	0.0044	0.0188	0.0111	0.0084	0.0009	0.0000	0.0172	0.0143	0.0193	0.0092	0.0053	0.0208	0.0082	0.0031	0.0039	0.0037	0.0201	0.0220	0.0028	0.0032	0.0053	0.0081	0.0169	0.0070	0.0146	0.0167	0.0204	0.0020	0.0253	0.0206	0.0185	0.0060	0.0146	0.0087	0.0007	0.0182	0.0057	0.0040	0.0207	0.0116	0.0083	0.0207	0.0118	0.0175	0.0012	0.0110	0.0046	0.0116	0.0004	0.0123	0.0197	0.0091	0.0167	0.0231	0.0051	0.0130	0.0033	0.0032	0.0135	0.0068	0.0046	0.0113	0.0130	0.0002	0.0097	0.0174	0.0081	0.0018	0.0038	
0.0080	0.0209	0.0114	0.0060	0.0162	0.0207	0.0078	0.0237	0.0207	0.0079	0.0095	0.0129	0.0030	0.0019	0.0050	0.0013	0.0105	0.0134	0.0166	0.0038	0.0066	0.0173	0.0018	0.0140	0.0107	0.0077	0.0165	0.0060	0.0121	0.0086	0.0018	0.0006	0.0022	0.0127	0.0163	0.0175	0.0095	0.0070	0.0030	0.0010	0.0180	0.0204	0.0059	0.0193	0.0037	0.0122	0.0011	0.0129	0.0111	0.0227	0.0248	0.0117	0.0154	0.0232	0.0220	0.0162	0.0207	0.0149	0.0232	0.0082	0.0041	0.0009	0.0088	0.0142	0.0075	0.0087	0.0150	0.0135	0.0083	0.0123	0.0139	0.0038	0.0069	0.0143	0.0045	0.0097	0.0091	0.0063	0.0096	0.0203	0.0059	0.0043	0.0220	0.0124	0.0064	0.0125	0.0084	0.0042	0.0124	0.0181	
0.0200	0.0136	0.0084	0.0186	0.0190	0.0183	0.0111	0.0132	0.0110	0.0142	0.0005	0.0103	0.0017	0.0014	0.0075	0.0251	0.0010	0.0020	0.0129	0.0118	0.0077	0.0125	0.0041	0.0007	0.0012	0.0182	0.0060	0.0171	0.0062	0.0132	0.0007	0.0079	0.0179	0.0102	0.0099	0.0214	0.0149	0.0140	0.0158	0.0086	0.0157	0.0153	0.0159	0.0166	0.0159	0.0139	0.0025	0.0142	0.0037	0.0106	0.0122	0.0041	0.0097	0.0028	0.0116	0.0069	0.0093	0.0066	0.0159	0.0228	0.0126	0.0151	0.0067	0.0186	0.0167	0.0160	0.0128	0.0123	0.0088	0.0074	0.0018	0.0096	0.0064	0.0063	0.0124	0.0122	0.0141	0.0078	0.0041	0.0058	0.0183	0.0137	0.0135	0.0151	0.0009	0.0159	0.0188	0.0170	0.0196	0.0036	
0.0137	0.0090	0.0185	0.0201	0.0210	0.0049	0.0114	0.0214	0.0008	0.0032	0.0046	0.0134	0.0040	0.0188	0.0108	0.0046	0.0201	0.0035	0.0089	0.0004	0.0133	0.0008	0.0026	0.0094	0.0013	0.0182	0.0003	0.0125	0.0213	0.0209	0.0153	0.0162	0.0120	0.0071	0.0156	0.0175	0.0140	0.0145	0.0113	0.0111	0.0014	0.0186	0.0090	0.0022	0.0013	0.0052	0.0111	0.0202	0.0080	0.0187	0.0001	0.0176	0.0073	0.0239	0.0145	0.0122	0.0062	0.0059	0.0184	0.0242	0.0049	0.0234	0.0015	0.0027	0.0118	0.0116	0.0005	0.0218	0.0011	0.0154	0.0102	0.0070	0.0155	0.0002	0.0199	0.0155	0.0135	0.0003	0.0075	0.0184	0.0117	0.0052	0.0037	0.0196	0.0168	0.0209	0.0109	0.0141	0.0140	0.0053	
0.0121	0.0084	0.0170	0.0145	0.0062	0.0037	0.0223	0.0065	0.0151	0.0103	0.0055	0.0181	0.0201	0.0157	0.0093	0.0304	0.0010	0.0058	0.0003	0.0000	0.0202	0.0061	0.0201	0.0005	0.0119	0.0176	0.0170	0.0037	0.0047	0.0115	0.0227	0.0099	0.0029	0.0161	0.0040	0.0045	0.0117	0.0031	0.0175	0.0230	0.0146	0.0077	0.0089	0.0182	0.0104	0.0142	0.0106	0.0119	0.0094	0.0051	0.0187	0.0034	0.0126	0.0178	0.0104	0.0045	0.0099	0.0124	0.0046	0.0084	0.0088	0.0179	0.0015	0.0023	0.0161	0.0270	0.0128	0.0261	0.0074	0.0056	0.0031	0.0221	0.0094	0.0046	0.0045	0.0124	0.0154	0.0016	0.0072	0.0133	0.0139	0.0074	0.0127	0.0176	0.0104	0.0173	0.0180	0.0103	0.0081	0.0003	
0.0169	0.0164	0.0187	0.0116	0.0100	0.0022	0.0071	0.0067	0.0026	0.0128	0.0083	0.0103	0.0238	0.0044	0.0011	0.0289	0.0136	0.0071	0.0088	0.0240	0.0082	0.0072	0.0044	0.0133	0.0213	0.0018	0.0214	0.0019	0.0113	0.0190	0.0197	0.0009	0.0116	0.0100	0.0101	0.0080	0.0010	0.0018	0.0165	0.0024	0.0024	0.0117	0.0227	0.0164	0.0039	0.0173	0.0073	0.0104	0.0202	0.0129	0.0043	0.0114	0.0217	0.0100	0.0127	0.0092	0.0137	0.0032	0.0168	0.0082	0.0027	0.0055	0.0179	0.0053	0.0170	0.0078	0.0201	0.0126	0.0145	0.0145	0.0186	0.0121	0.0125	0.0086	0.0166	0.0183	0.0078	0.0068	0.0084	0.0166	0.0168	0.0116	0.0029	0.0166	0.0121	0.0094	0.0015	0.0038	0.0162	0.0014	
0.0176	0.0194	0.0067	0.0103	0.0221	0.0192	0.0170	0.0157	0.0030	0.0120	0.0011	0.0174	0.0189	0.0049	0.0175	0.0283	0.0190	0.0092	0.0088	0.0205	0.0008	0.0056	0.0140	0.0155	0.0164	0.0087	0.0019	0.0004	0.0134	0.0046	0.0052	0.0149	0.0135	0.0113	0.0142	0.0010	0.0033	0.0030	0.0074	0.0223	0.0164	0.0110	0.0046	0.0135	0.0132	0.0006	0.0161	0.0199	0.0004	0.0183	0.0096	0.0089	0.0118	0.0205	0.0009	0.0095	0.0043	0.0053	0.0179	0.0111	0.0169	0.0172	0.0031	0.0188	0.0127	0.0087	0.0218	0.0026	0.0044	0.0142	0.0087	0.0172	0.0039	0.0133	0.0166	0.0090	0.0006	0.0160	0.0032	0.0110	0.0193	0.0047	0.0000	0.0099	0.0099	0.0153	0.0034	0.0181	0.0116	0.0076	
0.0202	0.0173	0.0042	0.0232	0.0034	0.0053	0.0105	0.0071	0.0024	0.0076	0.0008	0.0141	0.0143	0.0059	0.0121	0.0247	0.0047	0.0157	0.0160	0.0152	0.0102	0.0055	0.0023	0.0072	0.0162	0.0098	0.0165	0.0119	0.0049	0.0155	0.0023	0.0025	0.0095	0.0158	0.0145	0.0162	0.0121	0.0067	0.0106	0.0141	0.0168	0.0130	0.0179	0.0175	0.0093	0.0031	0.0137	0.0153	0.0026	0.0176	0.0113	0.0047	0.0196	0.0219	0.0007	0.0127	0.0151	0.0133	0.0089	0.0148	0.0121	0.0222	0.0028	0.0072	0.0070	0.0248	0.0035	0.0189	0.0075	0.0147	0.0024	0.0204	0.0095	0.0076	0.0154	0.0161	0.0070	0.0045	0.0155	0.0079	0.0210	0.0009	0.0084	0.0046	0.0032	0.0180	0.0048	0.0120	0.0159	0.0053	
0.0005	0.0196	0.0181	0.0223	0.0036	0.0222	0.0150	0.0132	0.0126	0.0098	0.0006	0.0170	0.0075	0.0089	0.0200	0.0235	0.0184	0.0126	0.0043	0.0080	0.0043	0.0127	0.0192	0.0013	0.0154	0.0095	0.0119	0.0181	0.0026	0.0107	0.0141	0.0116	0.0214	0.0021	0.0156	0.0071	0.0024	0.0129	0.0044	0.0192	0.0029	0.0190	0.0178	0.0100	0.0083	0.0024	0.0180	0.0010	0.0075	0.0118	0.0021	0.0166	0.0072	0.0113	0.0030	0.0118	0.0237	0.0128	0.0098	0.0183	0.0100	0.0157	0.0100	0.0032	0.0201	0.0115	0.0229	0.0047	0.0119	0.0142	0.0109	0.0063	0.0059	0.0082	0.0027	0.0080	0.0154	0.0087	0.0112	0.0109	0.0169	0.0101	0.0136	0.0119	0.0062	0.0001	0.0058	0.0125	0.0181	0.0028	
0.0061	0.0074	0.0030	0.0121	0.0079	0.0103	0.0105	0.0135	0.0108	0.0153	0.0054	0.0100	0.0085	0.0182	0.0007	0.0276	0.0064	0.0229	0.0074	0.0200	0.0190	0.0153	0.0006	0.0164	0.0245	0.0003	0.0034	0.0168	0.0175	0.0212	0.0036	0.0073	0.0040	0.0103	0.0048	0.0039	0.0025	0.0217	0.0011	0.0158	0.0153	0.0048	0.0218	0.0181	0.0053	0.0030	0.0022	0.0153	0.0098	0.0111	0.0164	0.0063	0.0032	0.0048	0.0082	0.0137	0.0072	0.0036	0.0144	0.0081	0.0066	0.0124	0.0153	0.0142	0.0169	0.0213	0.0090	0.0189	0.0098	0.0222	0.0137	0.0091	0.0122	0.0129	0.0134	0.0145	0.0138	0.0044	0.0092	0.0183	0.0194	0.0105	0.0092	0.0061	0.0024	0.0155	0.0056	0.0244	0.0031	0.0084	
0.0223	0.0262	0.0074	0.0186	0.0086	0.0096	0.0139	0.0043	0.0019	0.0066	0.0165	0.0079	0.0005	0.0168	0.0132	0.0120	0.0069	0.0112	0.0068	0.0169	0.0004	0.0030	0.0106	0.0136	0.0110	0.0166	0.0041	0.0099	0.0125	0.0176	0.0162	0.0092	0.0146	0.0029	0.0167	0.0191	0.0020	0.0056	0.0061	0.0157	0.0014	0.0103	0.0026	0.0087	0.0172	0.0124	0.0095	0.0161	0.0090	0.0270	0.0139	0.0137	0.0142	0.0101	0.0130	0.0139	0.0089	0.0119	0.0066	0.0194	0.0038	0.0019	0.0126	0.0056	0.0183	0.0140	0.0171	0.0223	0.0087	0.0001	0.0040	0.0025	0.0039	0.0164	0.0138	0.0129	0.0148	0.0042	0.0125	0.0196	0.0086	0.0129	0.0217	0.0122	0.0033	0.0176	0.0134	0.0056	0.0152	0.0053	
0.0086	0.0115	0.0169	0.0139	0.0082	0.0003	0.0196	0.0189	0.0111	0.0098	0.0012	0.0122	0.0004	0.0099	0.0135	0.0154	0.0079	0.0159	0.0124	0.0223	0.0170	0.0044	0.0147	0.0093	0.0070	0.0116	0.0030	0.0188	0.0008	0.0175	0.0135	0.0062	0.0033	0.0080	0.0100	0.0143	0.0050	0.0162	0.0089	0.0148	0.0096	0.0018	0.0134	0.0042	0.0136	0.0109	0.0098	0.0090	0.0017	0.0144	0.0102	0.0172	0.0101	0.0151	0.0092	0.0041	0.0163	0.0039	0.0078	0.0181	0.0189	0.0218	0.0159	0.0134	0.0202	0.0178	0.0100	0.0130	0.0135	0.0191	0.0035	0.0143	0.0074	0.0009	0.0068	0.0149	0.0090	0.0098	0.0125	0.0119	0.0037	0.0154	0.0177	0.0051	0.0048	0.0144	0.0168	0.0101	0.0165	0.0062	
0.0224	0.0003	0.0060	0.0162	0.0200	0.0150	0.0066	0.0229	0.0075	0.0173	0.0055	0.0224	0.0131	0.0036	0.0133	0.0323	0.0088	0.0087	0.0050	0.0190	0.0155	0.0055	0.0070	0.0140	0.0163	0.0022	0.0025	0.0123	0.0083	0.0013	0.0195	0.0194	0.0120	0.0109	0.0005	0.0047	0.0090	0.0210	0.0054	0.0198	0.0077	0.0102	0.0053	0.0211	0.0059	0.0045	0.0051	0.0170	0.0143	0.0104	0.0087	0.0073	0.0040	0.0051	0.0157	0.0147	0.0159	0.0074	0.0036	0.0200	0.0123	0.0184	0.0140	0.0056	0.0018	0.0090	0.0079	0.0255	0.0023	0.0074	0.0072	0.0140	0.0051	0.0115	0.0075	0.0025	0.0179	0.0063	0.0082	0.0059	0.0214	0.0104	0.0161	0.0155	0.0098	0.0116	0.0166	0.0084	0.0161	0.0067	
0.0118	0.0200	0.0123	0.0127	0.0061	0.0144	0.0191	0.0229	0.0205	0.0176	0.0214	0.0058	0.0133	0.0074	0.0035	0.0269	0.0017	0.0118	0.0137	0.0149	0.0156	0.0072	0.0198	0.0170	0.0240	0.0015	0.0196	0.0177	0.0158	0.0105	0.0108	0.0187	0.0023	0.0168	0.0160	0.0094	0.0005	0.0187	0.0052	0.0153	0.0036	0.0002	0.0098	0.0107	0.0066	0.0099	0.0216	0.0094	0.0149	0.0142	0.0092	0.0024	0.0121	0.0060	0.0127	0.0031	0.0021	0.0106	0.0161	0.0043	0.0188	0.0017	0.0077	0.0087	0.0106	0.0006	0.0033	0.0188	0.0105	0.0139	0.0158	0.0082	0.0098	0.0036	0.0087	0.0156	0.0187	0.0055	0.0095	0.0038	0.0043	0.0113	0.0026	0.0168	0.0006	0.0089	0.0092	0.0190	0.0014	0.0123	
0.0057	0.0085	0.0233	0.0023	0.0225	0.0029	0.0191	0.0011	0.0028	0.0058	0.0125	0.0021	0.0203	0.0259	0.0202	0.0039	0.0172	0.0127	0.0270	0.0011	0.0057	0.0270	0.0005	0.0102	0.0237	0.0092	0.0203	0.0119	0.0075	0.0004	0.0149	0.0053	0.0181	0.0166	0.0110	0.0099	0.0088	0.0087	0.0069	0.0070	0.0001	0.0211	0.0042	0.0108	0.0189	0.0018	0.0138	0.0042	0.0154	0.0284	0.0215	0.0005	0.0007	0.0006	0.0143	0.0088	0.0083	0.0093	0.0031	0.0178	0.0051	0.0036	0.0142	0.0027	0.0173	0.0048	0.0127	0.0019	0.0078	0.0179	0.0161	0.0078	0.0015	0.0119	0.0006	0.0086	0.0118	0.0169	0.0138	0.0241	0.0147	0.0161	0.0297	0.0098	0.0047	0.0090	0.0065	0.0193	0.0050	0.0198	
0.0025	0.0219	0.0046	0.0139	0.0021	0.0196	0.0047	0.0009	0.0157	0.0103	0.0144	0.0111	0.0140	0.0065	0.0032	0.0107	0.0190	0.0101	0.0196	0.0046	0.0208	0.0160	0.0109	0.0038	0.0235	0.0094	0.0097	0.0053	0.0189	0.0010	0.0209	0.0146	0.0164	0.0132	0.0082	0.0172	0.0031	0.0134	0.0105	0.0040	0.0020	0.0112	0.0191	0.0073	0.0046	0.0039	0.0025	0.0080	0.0055	0.0216	0.0156	0.0155	0.0144	0.0020	0.0217	0.0086	0.0092	0.0000	0.0141	0.0164	0.0094	0.0233	0.0039	0.0144	0.0137	0.0241	0.0167	0.0216	0.0142	0.0081	0.0042	0.0068	0.0007	0.0176	0.0019	0.0072	0.0135	0.0044	0.0166	0.0163	0.0074	0.0020	0.0221	0.0181	0.0053	0.0036	0.0008	0.0154	0.0132	0.0199	
0.0100	0.0043	0.0194	0.0191	0.0167	0.0039	0.0103	0.0050	0.0183	0.0054	0.0093	0.0054	0.0127	0.0224	0.0116	0.0143	0.0147	0.0152	0.0181	0.0141	0.0154	0.0053	0.0002	0.0170	0.0079	0.0056	0.0001	0.0063	0.0086	0.0079	0.0236	0.0235	0.0061	0.0154	0.0002	0.0017	0.0101	0.0058	0.0013	0.0265	0.0179	0.0095	0.0088	0.0183	0.0032	0.0033	0.0106	0.0008	0.0042	0.0261	0.0101	0.0030	0.0155	0.0226	0.0085	0.0030	0.0031	0.0199	0.0093	0.0142	0.0033	0.0034	0.0179	0.0076	0.0086	0.0170	0.0239	0.0171	0.0137	0.0135	0.0165	0.0096	0.0132	0.0010	0.0174	0.0036	0.0111	0.0063	0.0146	0.0031	0.0199	0.0250	0.0006	0.0076	0.0143	0.0164	0.0047	0.0064	0.0122	0.0196	
0.0236	0.0144	0.0152	0.0136	0.0186	0.0191	0.0155	0.0031	0.0074	0.0114	0.0059	0.0251	0.0032	0.0132	0.0003	0.0374	0.0072	0.0118	0.0034	0.0037	0.0094	0.0190	0.0028	0.0071	0.0207	0.0031	0.0021	0.0099	0.0101	0.0132	0.0053	0.0124	0.0019	0.0010	0.0118	0.0082	0.0162	0.0060	0.0055	0.0262	0.0095	0.0109	0.0212	0.0018	0.0165	0.0132	0.0180	0.0099	0.0080	0.0207	0.0079	0.0132	0.0023	0.0094	0.0099	0.0021	0.0099	0.0051	0.0177	0.0177	0.0155	0.0047	0.0147	0.0145	0.0102	0.0211	0.0201	0.0019	0.0152	0.0137	0.0038	0.0025	0.0076	0.0046	0.0138	0.0205	0.0151	0.0008	0.0083	0.0214	0.0084	0.0165	0.0008	0.0087	0.0041	0.0131	0.0094	0.0150	0.0128	0.0111	
0.0192	0.0109	0.0068	0.0141	0.0065	0.0068	0.0204	0.0065	0.0138	0.0022	0.0193	0.0153	0.0109	0.0159	0.0153	0.0089	0.0044	0.0173	0.0145	0.0134	0.0053	0.0102	0.0146	0.0160	0.0073	0.0001	0.0032	0.0047	0.0094	0.0173	0.0053	0.0022	0.0092	0.0059	0.0131	0.0154	0.0155	0.0190	0.0219	0.0072	0.0168	0.0103	0.0082	0.0106	0.0182	0.0103	0.0041	0.0065	0.0134	0.0200	0.0088	0.0112	0.0189	0.0001	0.0078	0.0094	0.0163	0.0062	0.0072	0.0076	0.0038	0.0156	0.0178	0.0175	0.0199	0.0221	0.0076	0.0033	0.0153	0.0220	0.0094	0.0080	0.0151	0.0084	0.0112	0.0145	0.0000	0.0053	0.0013	0.0160	0.0165	0.0184	0.0117	0.0091	0.0062	0.0122	0.0030	0.0102	0.0171	0.0048	
0.0236	0.0106	0.0110	0.0166	0.0045	0.0072	0.0174	0.0158	0.0147	0.0014	0.0066	0.0013	0.0081	0.0194	0.0132	0.0004	0.0159	0.0142	0.0080	0.0188	0.0134	0.0131	0.0062	0.0130	0.0145	0.0077	0.0053	0.0105	0.0108	0.0048	0.0168	0.0184	0.0038	0.0177	0.0002	0.0017	0.0231	0.0097	0.0062	0.0094	0.0001	0.0096	0.0177	0.0006	0.0126	0.0161	0.0144	0.0165	0.0229	0.0093	0.0019	0.0149	0.0027	0.0082	0.0180	0.0117	0.0047	0.0174	0.0038	0.0237	0.0022	0.0067	0.0045	0.0103	0.0098	0.0109	0.0242	0.0150	0.0170	0.0100	0.0013	0.0064	0.0076	0.0249	0.0143	0.0023	0.0187	0.0054	0.0031	0.0190	0.0184	0.0141	0.0119	0.0003	0.0023	0.0029	0.0200	0.0224	0.0209	0.0114	
0.0245	0.0028	0.0042	0.0095	0.0064	0.0164	0.0046	0.0056	0.0160	0.0010	0.0174	0.0258	0.0215	0.0114	0.0087	0.0281	0.0049	0.0021	0.0090	0.0151	0.0155	0.0170	0.0156	0.0079	0.0023	0.0077	0.0170	0.0035	0.0077	0.0039	0.0148	0.0013	0.0110	0.0055	0.0078	0.0217	0.0010	0.0245	0.0123	0.0213	0.0161	0.0102	0.0114	0.0018	0.0166	0.0126	0.0165	0.0165	0.0147	0.0058	0.0162	0.0114	0.0050	0.0074	0.0153	0.0217	0.0098	0.0134	0.0058	0.0212	0.0221	0.0014	0.0207	0.0102	0.0089	0.0234	0.0068	0.0151	0.0021	0.0073	0.0147	0.0062	0.0115	0.0174	0.0204	0.0026	0.0070	0.0098	0.0079	0.0057	0.0193	0.0000	0.0062	0.0001	0.0054	0.0015	0.0159	0.0063	0.0107	0.0101	
0.0102	0.0061	0.0140	0.0224	0.0225	0.0187	0.0154	0.0027	0.0151	0.0016	0.0097	0.0026	0.0177	0.0057	0.0108	0.0247	0.0025	0.0097	0.0099	0.0178	0.0137	0.0248	0.0061	0.0007	0.0280	0.0184	0.0122	0.0196	0.0029	0.0078	0.0217	0.0007	0.0038	0.0097	0.0174	0.0117	0.0129	0.0158	0.0181	0.0006	0.0085	0.0053	0.0198	0.0099	0.0167	0.0120	0.0065	0.0057	0.0086	0.0171	0.0211	0.0080	0.0171	0.0158	0.0002	0.0102	0.0220	0.0106	0.0208	0.0010	0.0053	0.0161	0.0201	0.0075	0.0036	0.0131	0.0243	0.0041	0.0039	0.0001	0.0183	0.0110	0.0088	0.0094	0.0038	0.0072	0.0004	0.0178	0.0031	0.0070	0.0149	0.0075	0.0115	0.0079	0.0058	0.0100	0.0039	0.0124	0.0102	0.0076	

Emissions
0.1213	0.0054	0.1542	0.1456	0.2981	0.2046	0.0708	
0.1343	0.0662	0.0968	0.0880	0.0568	0.4211	0.1368	
0.1410	0.1846	0.1468	0.0955	0.1639	0.1337	0.1344	
0.0218	0.1061	0.1506	0.0518	0.4324	0.0726	0.1648	
0.1820	0.1623	0.0450	0.0593	0.2229	0.2254	0.1030	
0.1648	0.1269	0.1452	0.0413	0.1011	0.3271	0.0936	
0.1100	0.1458	0.0934	0.0399	0.1123	0.3411	0.1575	
0.1438	0.2543	0.1263	0.0123	0.2287	0.1459	0.0887	
0.1390	0.0163	0.0743	0.1227	0.2719	0.2280	0.1478	
0.2840	0.0755	0.1156	0.1153	0.0561	0.0183	0.3352	
0.1199	0.3356	0.1610	0.0230	0.2523	0.0043	0.1039	
0.1659	0.0400	0.2530	0.1187	0.0942	0.3280	0.0002	
0.1140	0.0852	0.0581	0.0676	0.3038	0.2978	0.0735	
0.1304	0.1630	0.1412	0.0819	0.0804	0.2050	0.1981	
0.2062	0.0916	0.0031	0.0616	0.5061	0.0045	0.1268	
0.0579	0.0075	0.0020	0.0074	0.3858	0.5073	0.0322	
0.1571	0.1288	0.0575	0.0756	0.2639	0.1099	0.2072	
0.1246	0.4462	0.1457	0.0250	0.0163	0.0464	0.1958	
0.0024	0.4524	0.0999	0.1403	0.0426	0.0631	0.1993	
0.1721	0.1918	0.0497	0.0243	0.2846	0.1869	0.0906	
0.0841	0.1264	0.1567	0.0324	0.3599	0.0445	0.1959	
0.0418	0.1761	0.0329	0.0692	0.1414	0.2617	0.2769	
0.0571	0.1184	0.0518	0.1791	0.3261	0.1930	0.0745	
0.0129	0.3431	0.1457	0.2903	0.1703	0.0237	0.0140	
0.1539	0.0081	0.0677	0.0109	0.4436	0.2328	0.0829	
0.1383	0.3821	0.2056	0.0141	0.0488	0.0016	0.2095	
0.1154	0.1126	0.0232	0.1656	0.2256	0.1830	0.1746	
0.2635	0.0479	0.1473	0.0347	0.1162	0.1887	0.2018	
0.1539	0.0428	0.0845	0.1072	0.3425	0.1409	0.1283	
0.0912	0.3124	0.0633	0.0849	0.1475	0.1579	0.1427	
0.0871	0.0707	0.2033	0.0653	0.2327	0.1706	0.1702	
0.0871	0.1399	0.2335	0.1073	0.2167	0.1930	0.0224	
0.1392	0.2171	0.1264	0.0844	0.0972	0.1708	0.1649	
0.2442	0.3218	0.1706	0.0714	0.1249	0.0494	0.0177	
0.1251	0.5441	0.1151	0.0790	0.0555	0.0224	0.0588	
0.1560	0.1094	0.1201	0.0655	0.2481	0.2087	0.0923	
0.1397	0.1852	0.1355	0.0976	0.1626	0.1319	0.1474	
0.1890	0.0671	0.1123	0.0009	0.2796	0.2389	0.1122	
0.2052	0.0818	0.0838	0.0319	0.0674	0.2601	0.2698	
0.1664	0.1380	0.1626	0.0361	0.0929	0.3860	0.0181	
0.1548	0.1911	0.0698	0.2891	0.0871	0.1073	0.1008	
0.0026	0.3944	0.0983	0.2254	0.1662	0.0260	0.0869	
0.1069	0.3471	0.0438	0.0860	0.2304	0.1481	0.0378	
0.0517	0.1140	0.0927	0.0969	0.1231	0.2469	0.2747	
0.1751	0.3972	0.0376	0.0441	0.2063	0.0559	0.0839	
0.0302	0.2932	0.1155	0.2873	0.0587	0.0244	0.1907	
0.0670	0.2858	0.0885	0.0982	0.3616	0.0402	0.0586	
0.1976	0.1257	0.0006	0.0657	0.0842	0.4454	0.0809	
0.1510	0.2386	0.1492	0.1341	0.2532	0.0552	0.0187	
0.0378	0.2092	0.3279	0.0266	0.0706	0.1680	0.1599	
0.0582	0.3146	0.1501	0.0974	0.1362	0.0546	0.1890	
0.1741	0.3280	0.0666	0.0531	0.1441	0.2010	0.0331	
0.1328	0.0810	0.1789	0.1003	0.3368	0.0570	0.1132	
0.1265	0.1770	0.1576	0.0524	0.3066	0.1254	0.0545	
0.0349	0.1774	0.0586	0.0971	0.0362	0.4511	0.1447	
0.2317	0.1022	0.0790	0.1153	0.2473	0.1736	0.0509	
0.1317	0.1784	0.0940	0.0792	0.2065	0.1691	0.1411	
0.1143	0.1151	0.2462	0.1502	0.0530	0.0212	0.3000	
0.0389	0.3549	0.0209	0.1162	0.2577	0.0840	0.1274	
0.0664	0.0104	0.1068	0.0273	0.3135	0.3201	0.1554	
0.2204	0.0513	0.1615	0.0019	0.3189	0.0357	0.2102	
0.1810	0.0387	0.1402	0.0143	0.2248	0.2031	0.1979	
0.0821	0.1754	0.0546	0.2052	0.2603	0.1070	0.1154	
0.0889	0.0933	0.0534	0.1818	0.3044	0.1094	0.1688	
0.2398	0.0893	0.1064	0.0063	0.2470	0.1064	0.2048	
0.0120	0.0168	0.1267	0.0609	0.3803	0.3046	0.0986	
0.1752	0.0966	0.0800	0.0229	0.0680	0.3349	0.2224	
0.1091	0.0331	0.0528	0.0885	0.2992	0.3148	0.1023	
0.1432	0.2513	0.0630	0.3525	0.1390	0.0052	0.0457	
0.0272	0.2505	0.0597	0.0600	0.1725	0.2166	0.2136	
0.0751	0.2431	0.1059	0.1783	0.2308	0.0254	0.1414	
0.1417	0.2367	0.0874	0.0949	0.2575	0.1660	0.0159	
0.4019	0.0136	0.0906	0.2348	0.2119	0.0109	0.0364	
0.1412	0.0820	0.1150	0.0819	0.3720	0.0377	0.1702	
0.2222	0.0642	0.2346	0.1691	0.1828	0.1063	0.0208	
0.0876	0.2706	0.1898	0.0139	0.2740	0.1300	0.0340	
0.2198	0.3089	0.0915	0.1089	0.1532	0.0943	0.0234	
0.1032	0.1945	0.1414	0.0742	0.1184	0.1512	0.2172	
0.1065	0.0845	0.1270	0.4133	0.0212	0.0060	0.2415	
0.1290	0.1560	0.1297	0.0561	0.1607	0.2339	0.1346	
0.0944	0.1684	0.1457	0.1412	0.1497	0.2968	0.0038	
0.0730	0.0539	0.1614	0.1028	0.3470	0.1417	0.1201	
0.1063	0.1636	0.0066	0.0461	0.0162	0.1120	0.5491	
0.1077	0.1839	0.0375	0.2068	0.2179	0.0278	0.2184	
0.0604	0.3985	0.0739	0.3529	0.0621	0.0334	0.0188	
0.1300	0.1241	0.0974	0.2978	0.1603	0.1599	0.0307	
0.2047	0.3361	0.0642	0.0237	0.1911	0.0754	0.1048	
0.0606	0.2182	0.0512	0.0844	0.2703	0.1293	0.1859	
0.0001	0.1780	0.2367	0.2394	0.3174	0.0131	0.0154	
0.1298	0.1629	0.2077	0.1449	0.0415	0.1094	0.2037	
