DataSet 1
Learner: Baum Welch Learner
Log Likelihood: 66397.3817710140

Number of States: 80
Number of Symbols: 8
Threshold: 0.01

Initial Distribution:
0.0000	0.0000	0.0000	0.0000	0.0000	0.0000	0.0000	0.0000	0.0000	0.0146	0.0000	0.0000	0.0000	0.0001	0.0000	0.0000	0.0000	0.0000	0.0017	0.0309	0.0000	0.0031	0.0000	0.0000	0.0000	0.0000	0.0000	0.0000	0.0016	0.0000	0.0000	0.0593	0.0000	0.0000	0.0788	0.0000	0.0000	0.0000	0.0000	0.3489	0.0005	0.0000	0.0000	0.0000	0.0003	0.0000	0.0000	0.0000	0.0000	0.0000	0.0000	0.0613	0.0000	0.0000	0.0000	0.0000	0.1824	0.1297	0.0483	0.0000	0.0000	0.0000	0.0000	0.0046	0.0013	0.0000	0.0000	0.0000	0.0000	0.0000	0.0007	0.0000	0.0000	0.0000	0.0000	0.0000	0.0319	0.0000	0.0000	0.0000	

Transitions:
0.0000	0.0000	0.0000	0.0000	0.0000	0.0002	0.0412	0.0085	0.0038	0.0245	0.0000	0.0200	0.0001	0.0218	0.0000	0.0000	0.0052	0.0001	0.0120	0.0014	0.0000	0.0004	0.0004	0.0000	0.0414	0.0000	0.0005	0.0012	0.0058	0.0000	0.0000	0.0115	0.0003	0.0000	0.0011	0.0000	0.0961	0.0000	0.0000	0.0000	0.0215	0.0000	0.0372	0.0000	0.0004	0.0000	0.0032	0.0000	0.0000	0.0000	0.0004	0.1413	0.0002	0.0988	0.0000	0.0000	0.0011	0.0000	0.0076	0.0001	0.0126	0.0000	0.0000	0.0001	0.0646	0.1970	0.0000	0.0067	0.0127	0.0000	0.0034	0.0000	0.0045	0.0869	0.0000	0.0001	0.0009	0.0002	0.0011	0.0000	
0.0016	0.0012	0.0000	0.0001	0.0000	0.0008	0.0060	0.0094	0.0000	0.0006	0.0002	0.0001	0.0001	0.0169	0.0028	0.0000	0.0001	0.0009	0.0063	0.0000	0.0260	0.0048	0.0000	0.0672	0.0002	0.0002	0.0016	0.0001	0.0033	0.0009	0.0000	0.0003	0.0012	0.2652	0.0000	0.0000	0.0000	0.0000	0.0036	0.0000	0.0000	0.0339	0.0015	0.0000	0.0001	0.0007	0.0946	0.0000	0.0001	0.0028	0.0004	0.0000	0.0000	0.0459	0.0000	0.0000	0.0000	0.0013	0.0013	0.0086	0.0019	0.0011	0.0480	0.0025	0.0079	0.0553	0.0028	0.0061	0.0003	0.0008	0.0041	0.1236	0.0134	0.0073	0.0287	0.0008	0.0006	0.0003	0.0415	0.0399	
0.0002	0.0000	0.0007	0.0000	0.1438	0.0021	0.0313	0.0007	0.0009	0.0009	0.0011	0.0002	0.0003	0.0000	0.0001	0.0008	0.0102	0.0016	0.0001	0.0009	0.0003	0.0000	0.0982	0.0002	0.0000	0.0243	0.0001	0.0000	0.0000	0.0000	0.2062	0.0022	0.0004	0.0012	0.0000	0.0001	0.0000	0.0078	0.0047	0.0000	0.0075	0.0000	0.0006	0.0000	0.0002	0.0003	0.0004	0.0019	0.0157	0.0001	0.0005	0.0000	0.0000	0.0049	0.0000	0.0004	0.0000	0.0049	0.0075	0.0750	0.0000	0.0000	0.0620	0.0059	0.0000	0.0000	0.0048	0.0000	0.0082	0.0023	0.0002	0.0013	0.0000	0.0001	0.0016	0.0000	0.0001	0.0271	0.0001	0.2244	
0.0000	0.0001	0.0000	0.0000	0.0000	0.0149	0.0000	0.0007	0.0000	0.0004	0.0000	0.0000	0.0154	0.0000	0.0000	0.0000	0.0000	0.0000	0.0070	0.0002	0.0003	0.0000	0.0001	0.0003	0.0033	0.0000	0.0005	0.0000	0.0001	0.0000	0.0000	0.0000	0.0004	0.0001	0.0000	0.0000	0.0001	0.0000	0.7786	0.0104	0.0000	0.0000	0.0000	0.0000	0.0009	0.0020	0.0001	0.0000	0.0000	0.0000	0.0000	0.0000	0.0001	0.0001	0.0000	0.0000	0.0002	0.0000	0.0024	0.0000	0.0001	0.0000	0.0000	0.0001	0.0004	0.0041	0.0006	0.0000	0.0004	0.0086	0.0215	0.0000	0.0001	0.0004	0.0000	0.0000	0.0001	0.1246	0.0000	0.0001	
0.0000	0.0004	0.0033	0.0000	0.0034	0.0954	0.0007	0.0000	0.0146	0.0016	0.0000	0.0003	0.0000	0.0000	0.0000	0.0000	0.0001	0.0000	0.0102	0.0000	0.0000	0.0000	0.0000	0.0001	0.0036	0.0006	0.0002	0.0965	0.0000	0.0000	0.0000	0.0000	0.0010	0.0002	0.0000	0.0000	0.0002	0.0000	0.0000	0.0001	0.0000	0.0003	0.4974	0.0125	0.0000	0.0058	0.0000	0.0002	0.0000	0.0000	0.0000	0.0003	0.0000	0.0078	0.0013	0.0000	0.0014	0.0000	0.0000	0.0000	0.0011	0.0000	0.0013	0.0015	0.1849	0.0000	0.0000	0.0372	0.0000	0.0000	0.0002	0.0000	0.0006	0.0035	0.0004	0.0001	0.0000	0.0000	0.0091	0.0000	
0.0001	0.0007	0.0001	0.0198	0.0000	0.0000	0.0006	0.0001	0.0291	0.0008	0.0000	0.0572	0.0081	0.0000	0.0126	0.0098	0.0120	0.0001	0.0190	0.0000	0.0012	0.0001	0.0001	0.0003	0.0252	0.0000	0.0146	0.0000	0.0002	0.0009	0.0002	0.0000	0.0011	0.0033	0.0002	0.0129	0.1832	0.0000	0.0004	0.0000	0.0010	0.0015	0.0004	0.0001	0.0003	0.0002	0.0008	0.0022	0.0000	0.0010	0.0000	0.1933	0.0028	0.0001	0.0003	0.0007	0.2772	0.0001	0.0000	0.0045	0.0042	0.0000	0.0001	0.0001	0.0018	0.0096	0.0063	0.0011	0.0223	0.0001	0.0004	0.0001	0.0123	0.0253	0.0000	0.0021	0.0000	0.0000	0.0019	0.0121	
0.0003	0.0017	0.0000	0.0024	0.0000	0.0083	0.0001	0.0007	0.0734	0.0007	0.0000	0.0727	0.0000	0.0077	0.0007	0.0000	0.0003	0.0047	0.0222	0.0000	0.0002	0.0012	0.0001	0.0042	0.0000	0.0000	0.0040	0.0003	0.0004	0.0086	0.0000	0.0004	0.0040	0.0127	0.0003	0.0009	0.1439	0.0000	0.0003	0.0004	0.0003	0.0013	0.0011	0.0007	0.0000	0.0056	0.0249	0.0000	0.0001	0.0011	0.0252	0.0025	0.0195	0.0195	0.0103	0.0000	0.0246	0.0006	0.0152	0.0306	0.0275	0.0001	0.0004	0.0165	0.0035	0.0020	0.0002	0.0177	0.0677	0.0000	0.0074	0.0159	0.0674	0.0202	0.0004	0.0681	0.0027	0.0003	0.1192	0.0020	
0.0000	0.0127	0.0185	0.0000	0.0000	0.0000	0.0006	0.0000	0.0013	0.0000	0.0000	0.0000	0.0000	0.0008	0.0000	0.0002	0.0001	0.1326	0.0000	0.0000	0.0175	0.0654	0.0000	0.0002	0.0001	0.0000	0.0000	0.0001	0.0200	0.0024	0.0036	0.0000	0.0000	0.0052	0.1677	0.0000	0.0004	0.0000	0.0000	0.0000	0.0000	0.0056	0.0253	0.0013	0.0000	0.0000	0.0000	0.0001	0.0000	0.0055	0.0000	0.0169	0.0072	0.0000	0.0000	0.0000	0.0059	0.0000	0.0192	0.1225	0.0677	0.0000	0.0000	0.0000	0.0009	0.0000	0.0022	0.0125	0.0002	0.0082	0.0001	0.0189	0.0039	0.0066	0.0000	0.0154	0.0006	0.0000	0.1507	0.0528	
0.0008	0.0012	0.1655	0.0032	0.0001	0.0000	0.0000	0.0001	0.0038	0.0291	0.0000	0.0001	0.0000	0.0025	0.0008	0.0013	0.0009	0.0000	0.0003	0.0038	0.0069	0.0065	0.0901	0.0001	0.0006	0.0004	0.0032	0.0001	0.0006	0.0005	0.0003	0.0176	0.0006	0.0000	0.0000	0.1688	0.0002	0.0002	0.0038	0.0021	0.0004	0.0005	0.0002	0.1480	0.0145	0.0035	0.0000	0.0005	0.0086	0.0009	0.0000	0.0000	0.0013	0.0000	0.0308	0.0000	0.0002	0.0036	0.0007	0.0003	0.0006	0.2299	0.0000	0.0001	0.0008	0.0006	0.0084	0.0012	0.0003	0.0002	0.0109	0.0027	0.0004	0.0005	0.0000	0.0005	0.0066	0.0002	0.0001	0.0055	
0.0045	0.0628	0.0000	0.0001	0.0003	0.0044	0.0007	0.0090	0.0081	0.0000	0.0056	0.0000	0.0000	0.0000	0.2462	0.0000	0.0002	0.0001	0.0002	0.0000	0.0036	0.0000	0.0000	0.0008	0.0010	0.0964	0.0013	0.0004	0.0001	0.0000	0.0000	0.0000	0.0001	0.0000	0.0101	0.0000	0.0000	0.0000	0.0004	0.0000	0.0000	0.0070	0.0016	0.0000	0.0000	0.0033	0.0012	0.0146	0.0000	0.1751	0.0000	0.0255	0.1922	0.0010	0.0000	0.0000	0.0002	0.0652	0.0003	0.0002	0.0001	0.0000	0.0087	0.0183	0.0218	0.0002	0.0016	0.0025	0.0000	0.0001	0.0000	0.0000	0.0009	0.0012	0.0000	0.0001	0.0000	0.0000	0.0000	0.0004	
0.0000	0.0000	0.0001	0.0004	0.0051	0.0000	0.0000	0.0001	0.0635	0.0000	0.0000	0.0474	0.0340	0.0001	0.0000	0.0001	0.4893	0.0000	0.0000	0.0000	0.0001	0.0002	0.0000	0.0000	0.0000	0.0095	0.0000	0.0000	0.0000	0.0001	0.0000	0.0005	0.0000	0.0000	0.0000	0.0109	0.0018	0.0000	0.0000	0.0000	0.0116	0.0000	0.0000	0.0001	0.0000	0.0000	0.0000	0.0000	0.0000	0.0000	0.0001	0.0000	0.0000	0.0013	0.0086	0.0000	0.0004	0.0001	0.0070	0.0000	0.0000	0.0000	0.0000	0.0012	0.0000	0.0000	0.0003	0.0000	0.0353	0.0005	0.0012	0.0000	0.0056	0.0002	0.0000	0.0000	0.0001	0.0092	0.2537	0.0000	
0.0000	0.0377	0.0275	0.0000	0.0000	0.0000	0.0041	0.0063	0.0008	0.0105	0.0000	0.0080	0.0056	0.0014	0.0002	0.0002	0.0007	0.0040	0.0000	0.0198	0.0017	0.0119	0.0018	0.0002	0.1238	0.0000	0.0017	0.0115	0.0050	0.0000	0.0046	0.0018	0.0020	0.0001	0.0002	0.0048	0.0001	0.0007	0.0001	0.1854	0.0001	0.0000	0.0008	0.0040	0.3505	0.0000	0.0001	0.0001	0.0003	0.0008	0.0000	0.0001	0.0158	0.0000	0.0019	0.0005	0.0000	0.0000	0.0044	0.0016	0.0329	0.0001	0.0000	0.0001	0.0010	0.0339	0.0002	0.0140	0.0001	0.0001	0.0202	0.0016	0.0008	0.0109	0.0000	0.0065	0.0105	0.0001	0.0000	0.0014	
0.0010	0.0030	0.2995	0.0011	0.1840	0.0029	0.0001	0.0000	0.0024	0.0003	0.0000	0.0000	0.0202	0.0008	0.0043	0.0944	0.0003	0.0000	0.0000	0.0000	0.0040	0.0083	0.0013	0.0000	0.0001	0.0020	0.0001	0.0001	0.0085	0.0009	0.0065	0.0001	0.0001	0.0007	0.0025	0.0479	0.0009	0.0042	0.0119	0.0000	0.0591	0.0011	0.0000	0.0074	0.0061	0.0000	0.0001	0.0032	0.0000	0.0005	0.0000	0.0028	0.0075	0.0007	0.0001	0.0000	0.0005	0.0410	0.0001	0.0969	0.0006	0.0120	0.0018	0.0051	0.0001	0.0000	0.0047	0.0006	0.0001	0.0003	0.0212	0.0013	0.0011	0.0002	0.0001	0.0004	0.0004	0.0006	0.0034	0.0048	
0.0009	0.0125	0.0001	0.0012	0.0515	0.0045	0.0013	0.0000	0.0767	0.0000	0.0008	0.0000	0.0029	0.0000	0.0002	0.0003	0.0000	0.0076	0.0004	0.0000	0.1225	0.0000	0.0244	0.0045	0.0015	0.0019	0.0001	0.0000	0.0000	0.0017	0.0000	0.0000	0.0012	0.0025	0.0001	0.0000	0.0002	0.0000	0.0028	0.0000	0.0000	0.0257	0.0000	0.0153	0.0000	0.0020	0.0030	0.0251	0.0012	0.0003	0.0000	0.0000	0.0008	0.0002	0.0112	0.2587	0.0000	0.0005	0.0132	0.0000	0.0424	0.0001	0.0392	0.0032	0.0009	0.0000	0.0051	0.0236	0.0000	0.0051	0.0005	0.0099	0.0007	0.0045	0.0000	0.0638	0.0000	0.0000	0.1161	0.0029	
0.0000	0.0004	0.0000	0.0000	0.0000	0.0000	0.0189	0.0021	0.0089	0.0028	0.0000	0.0094	0.0000	0.0226	0.0000	0.0000	0.0001	0.0003	0.0045	0.0005	0.0000	0.0000	0.0002	0.0001	0.0062	0.0000	0.0002	0.0000	0.0005	0.0000	0.0000	0.0023	0.0003	0.0000	0.0002	0.0000	0.1146	0.0000	0.0000	0.0030	0.0006	0.0000	0.0063	0.0000	0.0001	0.0000	0.0024	0.0000	0.0000	0.0000	0.0078	0.0258	0.0005	0.0183	0.0000	0.0000	0.0012	0.0000	0.0766	0.0001	0.0207	0.0018	0.0000	0.0000	0.0311	0.4555	0.0000	0.0061	0.0200	0.0001	0.0024	0.0000	0.0256	0.0793	0.0000	0.0003	0.0003	0.0000	0.0192	0.0000	
0.0000	0.0005	0.0000	0.0097	0.0025	0.0064	0.0000	0.0000	0.0069	0.0172	0.0000	0.0042	0.0000	0.0000	0.0000	0.0003	0.0002	0.0003	0.0023	0.0000	0.0000	0.0069	0.0000	0.0002	0.0017	0.0000	0.1768	0.0000	0.0000	0.0006	0.0019	0.0106	0.0028	0.0000	0.0000	0.0000	0.0000	0.0302	0.0000	0.0000	0.1793	0.0001	0.0099	0.0000	0.0006	0.0008	0.0005	0.0000	0.0002	0.0002	0.0000	0.0000	0.0027	0.0006	0.0840	0.0000	0.0000	0.3869	0.0004	0.0001	0.0002	0.0000	0.0000	0.0024	0.0090	0.0000	0.0000	0.0019	0.0001	0.0074	0.0001	0.0015	0.0027	0.0080	0.0000	0.0020	0.0041	0.0011	0.0112	0.0000	
0.0001	0.0295	0.0245	0.0005	0.0002	0.0000	0.0007	0.0000	0.0029	0.0001	0.0000	0.0004	0.0002	0.0000	0.1288	0.0136	0.0001	0.0037	0.0000	0.0000	0.0011	0.0000	0.0158	0.0005	0.0183	0.0004	0.0070	0.0048	0.0003	0.0002	0.0005	0.0000	0.0003	0.0015	0.0000	0.0733	0.0010	0.0087	0.0004	0.0000	0.0000	0.0027	0.0079	0.0056	0.0001	0.0000	0.0000	0.0010	0.0062	0.0312	0.0000	0.0000	0.4351	0.0000	0.0002	0.0000	0.0000	0.0054	0.0000	0.0000	0.0407	0.0088	0.0000	0.0001	0.0011	0.0003	0.0006	0.0334	0.0001	0.0144	0.0000	0.0086	0.0028	0.0065	0.0000	0.0470	0.0001	0.0000	0.0005	0.0005	
0.0001	0.0019	0.0018	0.0002	0.0000	0.1156	0.0156	0.0451	0.0013	0.0039	0.0017	0.0334	0.0013	0.0000	0.0048	0.0011	0.1354	0.0026	0.3600	0.0000	0.0102	0.0000	0.0003	0.0015	0.0016	0.0002	0.0114	0.0004	0.0000	0.0001	0.0002	0.0002	0.0024	0.0048	0.0000	0.0005	0.0020	0.0000	0.0014	0.0000	0.0007	0.0051	0.0019	0.0037	0.0000	0.0274	0.0251	0.0063	0.0000	0.0005	0.0019	0.0000	0.0006	0.0063	0.0012	0.0000	0.0005	0.0018	0.0004	0.0000	0.0066	0.0003	0.0185	0.0263	0.0153	0.0005	0.0029	0.0109	0.0064	0.0000	0.0001	0.0048	0.0212	0.0280	0.0008	0.0028	0.0001	0.0028	0.0001	0.0049	
0.0003	0.0274	0.0062	0.0000	0.0000	0.0065	0.0000	0.0000	0.0012	0.0002	0.0000	0.0007	0.0010	0.0007	0.0516	0.0324	0.0001	0.0219	0.1206	0.0000	0.0001	0.0047	0.0124	0.0008	0.0640	0.0000	0.0233	0.0052	0.0044	0.0001	0.0000	0.0011	0.0002	0.0002	0.0013	0.0190	0.0040	0.0000	0.0000	0.0000	0.0006	0.0003	0.0142	0.0019	0.0000	0.0261	0.0007	0.0012	0.0000	0.0577	0.0001	0.0269	0.1740	0.0001	0.0000	0.0000	0.0216	0.0000	0.0014	0.0001	0.0950	0.0003	0.0000	0.0027	0.0195	0.0001	0.0012	0.0056	0.0006	0.0000	0.0002	0.0001	0.0083	0.0096	0.0000	0.1138	0.0025	0.0000	0.0000	0.0016	
0.1828	0.0090	0.0000	0.0014	0.0001	0.0001	0.0002	0.0004	0.0000	0.0000	0.0038	0.0000	0.0000	0.0025	0.6908	0.0000	0.0000	0.0001	0.0000	0.0000	0.0001	0.0003	0.0001	0.0005	0.0027	0.0075	0.0001	0.0002	0.0000	0.0031	0.0000	0.0000	0.0005	0.0000	0.0000	0.0000	0.0000	0.0010	0.0004	0.0000	0.0000	0.0000	0.0069	0.0000	0.0000	0.0000	0.0000	0.0000	0.0359	0.0363	0.0000	0.0000	0.0038	0.0001	0.0000	0.0000	0.0000	0.0001	0.0000	0.0000	0.0008	0.0000	0.0031	0.0000	0.0005	0.0000	0.0003	0.0027	0.0000	0.0001	0.0000	0.0002	0.0000	0.0006	0.0000	0.0004	0.0000	0.0000	0.0003	0.0000	
0.0005	0.0001	0.0031	0.0086	0.0319	0.0000	0.0011	0.0030	0.0004	0.0000	0.0000	0.0047	0.0001	0.0000	0.0036	0.0109	0.0077	0.0000	0.0000	0.0001	0.0410	0.0002	0.0189	0.0002	0.0035	0.0009	0.0163	0.0011	0.0003	0.0004	0.0622	0.0022	0.0058	0.0013	0.0007	0.0025	0.0010	0.0000	0.0005	0.0099	0.0219	0.0033	0.0011	0.0182	0.0008	0.0000	0.0000	0.0001	0.0000	0.0010	0.4547	0.0008	0.0106	0.0003	0.0010	0.0000	0.0066	0.0000	0.0129	0.0000	0.0012	0.0000	0.0001	0.0000	0.0002	0.0009	0.0018	0.0020	0.0219	0.0178	0.0001	0.0002	0.0017	0.0099	0.0273	0.0019	0.0002	0.0507	0.0003	0.0840	
0.0404	0.0063	0.0000	0.0009	0.0177	0.0951	0.0001	0.0000	0.0005	0.0000	0.0561	0.0000	0.0001	0.0000	0.0195	0.0002	0.0000	0.0003	0.0026	0.0000	0.1072	0.0002	0.0016	0.0047	0.0000	0.0618	0.0005	0.0004	0.0003	0.0091	0.0000	0.0000	0.0001	0.0030	0.0001	0.0000	0.0002	0.0000	0.0194	0.0000	0.0000	0.0108	0.0002	0.0001	0.0000	0.1484	0.0124	0.0358	0.0004	0.0132	0.0000	0.0001	0.0001	0.0178	0.0005	0.0000	0.0000	0.0054	0.0802	0.0002	0.0002	0.0073	0.0751	0.0772	0.0019	0.0000	0.0348	0.0012	0.0000	0.0007	0.0084	0.0005	0.0004	0.0003	0.0000	0.0007	0.0000	0.0000	0.0169	0.0003	
0.0000	0.0000	0.0000	0.0001	0.0000	0.0006	0.0031	0.0013	0.0031	0.0000	0.0000	0.0052	0.0000	0.0000	0.0000	0.0000	0.0000	0.0004	0.0254	0.0000	0.0024	0.0000	0.0076	0.0003	0.0109	0.0000	0.0000	0.0001	0.0000	0.0000	0.0000	0.0000	0.0014	0.0003	0.0005	0.0000	0.0010	0.0000	0.0248	0.0320	0.0000	0.0000	0.0001	0.0000	0.0000	0.0829	0.0034	0.0000	0.0000	0.0002	0.0241	0.0278	0.0004	0.0025	0.0000	0.0000	0.0064	0.0000	0.0002	0.0000	0.0000	0.0000	0.0000	0.0005	0.0000	0.0000	0.0004	0.0000	0.6154	0.1074	0.0001	0.0010	0.0001	0.0004	0.0010	0.0003	0.0000	0.0025	0.0021	0.0000	
0.0003	0.0081	0.0069	0.0016	0.0002	0.0021	0.0015	0.0177	0.0073	0.0050	0.0007	0.0059	0.0149	0.0008	0.0138	0.0039	0.0016	0.0001	0.0950	0.0004	0.0340	0.0088	0.0014	0.0065	0.0037	0.0003	0.0038	0.0006	0.0016	0.0259	0.0005	0.0097	0.0016	0.0026	0.0002	0.0001	0.0170	0.0001	0.0248	0.0000	0.0004	0.0040	0.0012	0.0009	0.0069	0.0013	0.0108	0.0038	0.0000	0.0167	0.0100	0.0126	0.0155	0.0086	0.0099	0.0000	0.0169	0.0000	0.1014	0.0000	0.0074	0.0012	0.0001	0.0059	0.0036	0.0107	0.1330	0.0074	0.0629	0.0035	0.0074	0.0061	0.0155	0.0026	0.0004	0.0109	0.0073	0.0001	0.0034	0.1587	
0.0420	0.0024	0.0000	0.0292	0.0000	0.0002	0.0021	0.0004	0.1136	0.0074	0.0000	0.0376	0.0006	0.0251	0.0125	0.0000	0.0006	0.0008	0.0073	0.0000	0.0005	0.0067	0.0000	0.0008	0.0006	0.0009	0.0024	0.0002	0.0009	0.0096	0.0006	0.0045	0.0008	0.0046	0.0000	0.0001	0.0350	0.0073	0.0007	0.0000	0.0027	0.0109	0.0016	0.0005	0.0001	0.0038	0.0031	0.0037	0.0117	0.0003	0.3603	0.0000	0.0001	0.0012	0.0003	0.0000	0.0018	0.0012	0.0001	0.0012	0.0063	0.0003	0.0004	0.0012	0.0097	0.0070	0.0005	0.0089	0.0275	0.0006	0.0003	0.0690	0.0006	0.0043	0.0411	0.0210	0.0002	0.0002	0.0380	0.0003	
0.0000	0.0013	0.0035	0.0000	0.0025	0.0047	0.0023	0.0002	0.0007	0.0119	0.0002	0.0003	0.0003	0.1120	0.0000	0.0004	0.0007	0.0006	0.0092	0.0001	0.0011	0.0059	0.0000	0.0003	0.0354	0.0000	0.0011	0.0469	0.0001	0.0002	0.0001	0.0005	0.0010	0.0000	0.0004	0.0201	0.0153	0.0038	0.0000	0.0125	0.0104	0.0001	0.2370	0.0869	0.0002	0.0001	0.0004	0.0002	0.0000	0.0000	0.0004	0.0319	0.0008	0.0073	0.0001	0.0000	0.0079	0.0001	0.0446	0.0000	0.0006	0.0000	0.0003	0.0003	0.1273	0.0034	0.0000	0.0752	0.0005	0.0000	0.0048	0.0000	0.0245	0.0251	0.0000	0.0010	0.0005	0.0001	0.0123	0.0000	
0.0007	0.0034	0.0000	0.0239	0.0000	0.0004	0.0002	0.0056	0.0694	0.0000	0.0000	0.0418	0.0000	0.0000	0.0045	0.0257	0.0000	0.0002	0.0046	0.0000	0.0005	0.0000	0.0001	0.0009	0.0022	0.0030	0.0162	0.0005	0.0001	0.0091	0.0000	0.0000	0.0007	0.0004	0.0016	0.0078	0.4016	0.0000	0.0000	0.0000	0.0000	0.0043	0.0085	0.0000	0.0000	0.0002	0.0011	0.0004	0.0000	0.0008	0.0063	0.0218	0.0133	0.0024	0.0015	0.0000	0.0154	0.0001	0.0131	0.0000	0.0032	0.0010	0.0001	0.0000	0.0016	0.0585	0.0006	0.0055	0.1096	0.0000	0.0002	0.0004	0.0042	0.0038	0.0018	0.0054	0.0000	0.0000	0.0893	0.0001	
0.0054	0.0001	0.0001	0.0009	0.0000	0.0001	0.0002	0.0000	0.1698	0.0397	0.0000	0.0072	0.1541	0.0006	0.0012	0.0392	0.0036	0.0003	0.0002	0.0000	0.0005	0.0016	0.0000	0.0003	0.0000	0.0001	0.0002	0.0000	0.0018	0.0041	0.0298	0.1592	0.0000	0.0009	0.0000	0.0009	0.0012	0.0380	0.0003	0.0000	0.0791	0.0053	0.0001	0.0007	0.0010	0.0004	0.0003	0.0006	0.0187	0.0001	0.0029	0.0000	0.0001	0.0001	0.0000	0.0001	0.0029	0.0000	0.0003	0.0238	0.0002	0.0000	0.0021	0.0077	0.0006	0.0000	0.0005	0.0002	0.0115	0.0033	0.0018	0.0694	0.0013	0.0007	0.0000	0.0000	0.0651	0.0002	0.0367	0.0000	
0.0546	0.0061	0.0002	0.0081	0.0399	0.0143	0.0174	0.0001	0.0032	0.0005	0.0316	0.0002	0.0006	0.0077	0.0015	0.0018	0.0001	0.0043	0.0018	0.0000	0.1948	0.0006	0.0085	0.0064	0.0030	0.0125	0.0049	0.0090	0.0009	0.0035	0.0001	0.0000	0.0042	0.0094	0.0001	0.0005	0.0004	0.0156	0.0005	0.0000	0.0000	0.0578	0.0034	0.0022	0.0001	0.0406	0.0112	0.0724	0.1034	0.0017	0.0009	0.0003	0.0003	0.0057	0.0027	0.0000	0.0001	0.0445	0.0018	0.0001	0.0028	0.0765	0.0133	0.0078	0.0049	0.0006	0.0310	0.0069	0.0001	0.0071	0.0003	0.0012	0.0063	0.0022	0.0000	0.0010	0.0001	0.0000	0.0164	0.0034	
0.0000	0.0000	0.0000	0.0000	0.0001	0.0055	0.0000	0.0042	0.0001	0.0006	0.0001	0.0000	0.0034	0.0003	0.0000	0.0008	0.0001	0.0000	0.0044	0.0060	0.0003	0.0004	0.0029	0.0000	0.0002	0.0025	0.0002	0.0000	0.0009	0.0002	0.0000	0.0013	0.0001	0.0004	0.0000	0.0001	0.0002	0.0000	0.8900	0.0000	0.0000	0.0000	0.0000	0.0000	0.0047	0.0022	0.0002	0.0011	0.0000	0.0000	0.0000	0.0003	0.0000	0.0001	0.0000	0.0000	0.0002	0.0000	0.0006	0.0129	0.0013	0.0001	0.0001	0.0010	0.0053	0.0049	0.0162	0.0000	0.0001	0.0002	0.0054	0.0001	0.0008	0.0005	0.0000	0.0001	0.0003	0.0117	0.0003	0.0039	
0.0000	0.0089	0.0002	0.0490	0.4547	0.0001	0.0004	0.0000	0.0073	0.0000	0.0000	0.0001	0.0000	0.0000	0.0000	0.2053	0.0003	0.0001	0.0003	0.0000	0.0002	0.0000	0.0015	0.0012	0.0002	0.0065	0.0099	0.0023	0.0000	0.0198	0.0004	0.0000	0.0007	0.0003	0.0004	0.0009	0.0001	0.0000	0.0000	0.0000	0.0000	0.0162	0.0009	0.0001	0.0000	0.0000	0.0000	0.0007	0.0000	0.0013	0.0000	0.0057	0.0058	0.0001	0.0114	0.0000	0.0028	0.0239	0.0000	0.0463	0.0009	0.0000	0.0003	0.0001	0.0273	0.0000	0.0012	0.0018	0.0001	0.0000	0.0000	0.0000	0.0128	0.0051	0.0000	0.0004	0.0000	0.0000	0.0239	0.0397	
0.0731	0.3548	0.0000	0.0205	0.0002	0.0049	0.0003	0.0037	0.0013	0.0000	0.0164	0.0000	0.0000	0.0005	0.1519	0.0000	0.0001	0.0001	0.0002	0.0000	0.0010	0.0001	0.0061	0.0282	0.0004	0.0326	0.0000	0.0002	0.0002	0.0024	0.0000	0.0000	0.0000	0.0005	0.0008	0.0000	0.0008	0.0000	0.0018	0.0000	0.0000	0.0061	0.0004	0.0000	0.0000	0.0000	0.0012	0.0016	0.0001	0.1439	0.0000	0.0042	0.0414	0.0296	0.0000	0.0000	0.0000	0.0200	0.0001	0.0001	0.0017	0.0000	0.0227	0.0046	0.0079	0.0000	0.0019	0.0016	0.0000	0.0001	0.0002	0.0000	0.0004	0.0014	0.0000	0.0008	0.0000	0.0003	0.0041	0.0000	
0.0017	0.0007	0.0000	0.0022	0.0001	0.0006	0.0002	0.0046	0.2629	0.0007	0.0000	0.1520	0.0195	0.0003	0.0003	0.0006	0.0039	0.0004	0.0010	0.0001	0.0001	0.0022	0.0000	0.0000	0.0004	0.0003	0.0030	0.0008	0.0001	0.0119	0.0004	0.0107	0.0001	0.0006	0.0002	0.0000	0.0216	0.0009	0.0063	0.0000	0.0107	0.0005	0.0006	0.0002	0.0002	0.0002	0.0001	0.0005	0.0004	0.0000	0.1226	0.0000	0.0002	0.0002	0.0001	0.0000	0.0020	0.0001	0.0006	0.0002	0.0034	0.0000	0.0003	0.0001	0.0002	0.0000	0.0010	0.0014	0.2259	0.0602	0.0022	0.0139	0.0017	0.0027	0.0024	0.0024	0.0040	0.0047	0.0226	0.0000	
0.0176	0.0013	0.0158	0.0096	0.0035	0.0249	0.0013	0.0206	0.0008	0.0001	0.0001	0.0050	0.0011	0.0000	0.0078	0.0014	0.0122	0.0001	0.0002	0.0000	0.0356	0.0003	0.0030	0.0015	0.0097	0.0043	0.0409	0.0005	0.0002	0.0007	0.0021	0.0008	0.0014	0.0023	0.0000	0.0029	0.0018	0.0002	0.4128	0.0000	0.0017	0.0047	0.0003	0.0135	0.0077	0.0004	0.0007	0.0013	0.0000	0.0005	0.0002	0.0017	0.0041	0.0005	0.0546	0.0000	0.0025	0.0000	0.0015	0.0003	0.0022	0.0060	0.0001	0.0001	0.0007	0.0315	0.0663	0.0009	0.0091	0.0153	0.0026	0.0026	0.0269	0.0153	0.0052	0.0055	0.0002	0.0454	0.0000	0.0236	
0.0002	0.0000	0.0437	0.0029	0.0000	0.0000	0.0002	0.0000	0.0000	0.0000	0.1594	0.0002	0.0000	0.0119	0.0000	0.0052	0.0000	0.0002	0.0000	0.0000	0.0074	0.0000	0.1197	0.0006	0.0097	0.0000	0.0004	0.0199	0.0000	0.0026	0.0002	0.0000	0.0757	0.0001	0.0000	0.0026	0.0000	0.0268	0.0000	0.0028	0.0000	0.0001	0.0018	0.0385	0.0000	0.0008	0.0012	0.0005	0.3281	0.0000	0.0000	0.0000	0.0000	0.0001	0.0006	0.0329	0.0000	0.0023	0.0179	0.0022	0.0000	0.0526	0.0192	0.0004	0.0000	0.0000	0.0001	0.0001	0.0000	0.0001	0.0000	0.0055	0.0000	0.0003	0.0000	0.0001	0.0000	0.0000	0.0018	0.0000	
0.0002	0.0000	0.0000	0.0000	0.0186	0.0029	0.0001	0.0098	0.0006	0.0043	0.0007	0.0020	0.0050	0.0000	0.0001	0.0000	0.0021	0.0002	0.0002	0.0043	0.0002	0.0001	0.0044	0.0000	0.0000	0.1030	0.0002	0.0000	0.0000	0.0000	0.0213	0.0353	0.0000	0.0004	0.0000	0.0000	0.0000	0.0068	0.0046	0.0000	0.0083	0.0002	0.0000	0.0000	0.0001	0.0012	0.0000	0.0015	0.0012	0.0000	0.0001	0.0000	0.0000	0.0003	0.0000	0.0000	0.0000	0.1018	0.0285	0.3903	0.0000	0.0000	0.0090	0.1516	0.0000	0.0000	0.0048	0.0000	0.0044	0.0002	0.0001	0.0032	0.0000	0.0001	0.0000	0.0000	0.0014	0.0288	0.0000	0.0354	
0.0001	0.0001	0.0004	0.0010	0.0000	0.0000	0.0000	0.0003	0.0009	0.1115	0.0000	0.0001	0.0001	0.0079	0.0007	0.0025	0.0001	0.0000	0.0000	0.0257	0.0005	0.0993	0.0027	0.0000	0.0010	0.0001	0.0002	0.0007	0.0011	0.0001	0.0000	0.1232	0.0007	0.0000	0.0000	0.0443	0.0000	0.0114	0.0002	0.0531	0.0011	0.0000	0.0000	0.0019	0.0225	0.0007	0.0000	0.0000	0.1866	0.0007	0.0000	0.0000	0.0001	0.0000	0.0342	0.0000	0.0000	0.0236	0.0000	0.0007	0.0000	0.0289	0.0000	0.0000	0.0001	0.0012	0.0002	0.0001	0.0000	0.0001	0.0062	0.0006	0.0000	0.0000	0.0000	0.0001	0.1997	0.0001	0.0001	0.0006	
0.0000	0.0050	0.0160	0.0030	0.0000	0.0001	0.0096	0.0215	0.0000	0.0000	0.0000	0.0039	0.0349	0.0688	0.0000	0.2156	0.0008	0.0001	0.0002	0.0000	0.0000	0.0003	0.0015	0.0000	0.0537	0.0000	0.0011	0.0016	0.0201	0.0093	0.0045	0.0001	0.0015	0.0000	0.0001	0.1757	0.0000	0.0000	0.0000	0.0000	0.0001	0.0000	0.0620	0.0032	0.0080	0.0000	0.0001	0.0000	0.0000	0.0001	0.0000	0.0083	0.0024	0.0006	0.0001	0.0000	0.0000	0.0213	0.0000	0.0672	0.0185	0.0000	0.0004	0.0000	0.0089	0.0115	0.0000	0.0172	0.0000	0.0000	0.0000	0.0000	0.0377	0.0458	0.0001	0.0007	0.0000	0.0104	0.0262	0.0000	
0.0006	0.0000	0.0189	0.0000	0.0000	0.0000	0.0000	0.0000	0.0000	0.0000	0.0000	0.0000	0.0041	0.0034	0.0003	0.0001	0.0000	0.0001	0.0000	0.0000	0.0001	0.0006	0.0000	0.0001	0.0000	0.0022	0.0001	0.0001	0.0001	0.0000	0.0068	0.0009	0.0000	0.0000	0.0112	0.0020	0.0001	0.0616	0.0183	0.0000	0.0104	0.0000	0.0000	0.0023	0.0122	0.0000	0.0001	0.0074	0.0097	0.0003	0.0000	0.3769	0.0002	0.0002	0.0024	0.0003	0.4244	0.0004	0.0001	0.0000	0.0000	0.0000	0.0001	0.0001	0.0000	0.0000	0.0130	0.0000	0.0000	0.0002	0.0050	0.0001	0.0001	0.0000	0.0018	0.0000	0.0001	0.0000	0.0000	0.0001	
0.2018	0.0000	0.0021	0.0000	0.4647	0.0000	0.0000	0.0000	0.0000	0.0000	0.0000	0.0000	0.0000	0.0000	0.2012	0.0002	0.0000	0.0000	0.0000	0.0000	0.0000	0.0000	0.0000	0.0000	0.0000	0.1215	0.0000	0.0000	0.0000	0.0000	0.0000	0.0000	0.0000	0.0000	0.0000	0.0005	0.0000	0.0001	0.0000	0.0000	0.0000	0.0000	0.0000	0.0000	0.0000	0.0000	0.0000	0.0000	0.0061	0.0000	0.0000	0.0000	0.0000	0.0000	0.0001	0.0000	0.0000	0.0000	0.0000	0.0000	0.0000	0.0016	0.0000	0.0000	0.0000	0.0000	0.0000	0.0000	0.0000	0.0000	0.0000	0.0000	0.0000	0.0000	0.0000	0.0000	0.0000	0.0000	0.0000	0.0000	
0.0010	0.3002	0.0000	0.0001	0.0141	0.0000	0.0001	0.0001	0.0000	0.0000	0.0001	0.0000	0.0000	0.0000	0.0007	0.0000	0.0017	0.0016	0.0001	0.0005	0.0000	0.0000	0.0046	0.0030	0.0010	0.0118	0.0000	0.0003	0.0004	0.0000	0.0000	0.0000	0.0001	0.0005	0.0001	0.0000	0.0000	0.0016	0.0008	0.0000	0.0000	0.0187	0.1950	0.0000	0.0000	0.0002	0.0009	0.0000	0.0000	0.0114	0.0000	0.0000	0.0017	0.0054	0.0000	0.0000	0.0000	0.0000	0.0001	0.0000	0.0028	0.0033	0.0001	0.0049	0.0184	0.3350	0.0000	0.0548	0.0000	0.0000	0.0000	0.0000	0.0001	0.0008	0.0000	0.0004	0.0001	0.0000	0.0012	0.0000	
0.0083	0.0029	0.0003	0.0021	0.0015	0.0033	0.0144	0.0084	0.0030	0.0000	0.0014	0.0011	0.0007	0.0001	0.1402	0.0218	0.0007	0.0032	0.0024	0.0000	0.1928	0.0001	0.0255	0.0023	0.0015	0.0003	0.0324	0.0008	0.0001	0.0452	0.0003	0.0000	0.0003	0.0031	0.0001	0.0002	0.0013	0.0000	0.0295	0.0000	0.0000	0.0101	0.0039	0.0052	0.0002	0.0000	0.0089	0.0070	0.0000	0.0021	0.0010	0.0014	0.0027	0.0006	0.0007	0.0000	0.0014	0.0000	0.0004	0.0000	0.0528	0.0003	0.0007	0.0003	0.0114	0.0015	0.0374	0.0139	0.0028	0.0188	0.0007	0.0019	0.1136	0.0417	0.0001	0.0027	0.0000	0.0004	0.0005	0.1013	
0.0379	0.0021	0.0000	0.0013	0.0004	0.0061	0.0001	0.0000	0.0078	0.0001	0.0000	0.0001	0.0033	0.0013	0.0240	0.0021	0.0000	0.0096	0.0129	0.0000	0.0050	0.0591	0.0000	0.0076	0.0000	0.1026	0.0012	0.0001	0.0003	0.0269	0.0000	0.0065	0.0000	0.0114	0.0000	0.0009	0.0005	0.0003	0.0146	0.0000	0.0022	0.1554	0.0005	0.0000	0.0003	0.1227	0.0071	0.0003	0.0131	0.0011	0.0223	0.0000	0.0003	0.0005	0.0000	0.0000	0.0000	0.0000	0.0000	0.1342	0.0160	0.0000	0.0093	0.0007	0.0148	0.0000	0.0021	0.0038	0.0138	0.0002	0.0040	0.0160	0.0015	0.0015	0.0001	0.0238	0.0347	0.0002	0.0507	0.0006	
0.0006	0.0000	0.0282	0.0000	0.0202	0.0004	0.0081	0.0721	0.0098	0.0103	0.0012	0.0097	0.0156	0.0001	0.0000	0.0440	0.0327	0.0009	0.0001	0.0003	0.0018	0.0001	0.0033	0.0005	0.0000	0.0794	0.0000	0.0000	0.0000	0.0000	0.1562	0.0041	0.0003	0.0031	0.0000	0.1187	0.0008	0.0025	0.0197	0.0000	0.0130	0.0005	0.0000	0.0002	0.0014	0.0027	0.0001	0.0023	0.0287	0.0000	0.0030	0.0000	0.0000	0.0019	0.0005	0.0133	0.0000	0.0039	0.0037	0.0989	0.0000	0.0000	0.0134	0.0002	0.0000	0.0000	0.0096	0.0000	0.0331	0.0011	0.0010	0.0090	0.0010	0.0013	0.0241	0.0000	0.0001	0.0339	0.0000	0.0531	
0.0533	0.0438	0.0000	0.0031	0.0381	0.0125	0.0019	0.0000	0.0319	0.0042	0.0337	0.0000	0.0011	0.0000	0.0587	0.0000	0.0003	0.0004	0.0000	0.0012	0.0003	0.0912	0.0002	0.0023	0.0011	0.0026	0.0001	0.0005	0.0618	0.0256	0.0091	0.0071	0.0001	0.0150	0.0123	0.0000	0.0001	0.0606	0.0228	0.0000	0.0000	0.0063	0.0201	0.0000	0.0013	0.0208	0.0016	0.0035	0.0025	0.0035	0.0000	0.0185	0.0050	0.0350	0.0041	0.0000	0.0123	0.0672	0.0463	0.0123	0.0002	0.0001	0.0156	0.0097	0.0023	0.0000	0.0116	0.0022	0.0000	0.0061	0.0230	0.0306	0.0004	0.0004	0.0005	0.0016	0.0171	0.0002	0.0204	0.0008	
0.0000	0.0009	0.0157	0.0000	0.0000	0.0012	0.0006	0.0000	0.0087	0.0010	0.0000	0.0019	0.0269	0.0317	0.0000	0.0074	0.1205	0.0008	0.0044	0.0000	0.0000	0.0104	0.0000	0.0001	0.0014	0.0000	0.0032	0.0001	0.0793	0.0011	0.0006	0.0109	0.0000	0.0001	0.0012	0.0338	0.0009	0.0276	0.0000	0.0000	0.0151	0.0000	0.0009	0.0014	0.0128	0.0001	0.0042	0.0001	0.0036	0.0000	0.0000	0.0085	0.0006	0.0002	0.0003	0.0000	0.0194	0.0016	0.0000	0.0408	0.0580	0.0000	0.0000	0.0006	0.0030	0.0007	0.0001	0.0103	0.0001	0.0000	0.0003	0.0013	0.3985	0.0182	0.0000	0.0051	0.0003	0.0002	0.0003	0.0011	
0.0001	0.0021	0.0233	0.0011	0.0000	0.0061	0.0004	0.0003	0.0179	0.0016	0.0005	0.0301	0.0024	0.0005	0.0050	0.0147	0.0010	0.0009	0.1151	0.0015	0.0010	0.0476	0.0115	0.0009	0.0002	0.0001	0.0029	0.0004	0.0074	0.0020	0.0000	0.0047	0.0005	0.0006	0.0001	0.0110	0.2826	0.0000	0.0008	0.0000	0.0037	0.0014	0.0010	0.0201	0.0061	0.0034	0.0032	0.0114	0.0000	0.0091	0.0019	0.0006	0.0803	0.0030	0.0101	0.0000	0.0028	0.0000	0.0184	0.0024	0.0052	0.0003	0.0001	0.0228	0.0323	0.0028	0.0248	0.0007	0.0337	0.0003	0.0024	0.0009	0.0015	0.0074	0.0000	0.0096	0.0114	0.0000	0.0005	0.0656	
0.0003	0.0008	0.0253	0.0299	0.0011	0.0001	0.0012	0.0005	0.0034	0.0015	0.0001	0.0022	0.0030	0.0029	0.0001	0.1388	0.0089	0.0001	0.0017	0.0000	0.0044	0.0022	0.0007	0.0001	0.0027	0.0001	0.0035	0.0020	0.0025	0.0174	0.0161	0.0013	0.0009	0.0010	0.0019	0.3877	0.0033	0.0003	0.0001	0.0000	0.0001	0.0001	0.0011	0.0185	0.0033	0.0000	0.0004	0.0005	0.0003	0.0007	0.0127	0.0019	0.0079	0.0056	0.0115	0.0000	0.0215	0.0000	0.0439	0.0027	0.0089	0.0000	0.0007	0.0001	0.0053	0.0001	0.0002	0.0015	0.0140	0.0001	0.0024	0.0071	0.0215	0.0004	0.0025	0.0020	0.0006	0.0001	0.1217	0.0078	
0.0000	0.0010	0.0000	0.0000	0.0000	0.0404	0.1795	0.0767	0.0000	0.0000	0.0000	0.0001	0.0000	0.0394	0.0000	0.2678	0.0001	0.0000	0.0149	0.0000	0.0000	0.0033	0.0781	0.0000	0.0186	0.0000	0.0011	0.0689	0.0000	0.0000	0.0000	0.0000	0.0053	0.0000	0.0000	0.0004	0.0000	0.0000	0.0000	0.0000	0.0000	0.0000	0.0513	0.0000	0.0000	0.0000	0.0008	0.0000	0.0000	0.0000	0.0000	0.0000	0.0004	0.0042	0.0000	0.0000	0.0000	0.0008	0.0000	0.0068	0.0004	0.0000	0.0002	0.0002	0.0257	0.0000	0.0000	0.0621	0.0000	0.0000	0.0000	0.0000	0.0009	0.0222	0.0218	0.0000	0.0000	0.0063	0.0000	0.0000	
0.0003	0.0020	0.0000	0.0035	0.0000	0.0001	0.0075	0.0203	0.0017	0.0006	0.0000	0.0008	0.0000	0.0652	0.0003	0.0000	0.0004	0.0004	0.0004	0.0000	0.0066	0.0004	0.0002	0.0010	0.0110	0.0000	0.0006	0.0021	0.0005	0.0016	0.0002	0.0001	0.0030	0.0644	0.0000	0.0000	0.0000	0.0004	0.0001	0.0001	0.0000	0.0192	0.0050	0.0000	0.0000	0.0000	0.0057	0.0001	0.0001	0.0008	0.0039	0.0001	0.0021	0.0333	0.0000	0.0000	0.0000	0.0001	0.0751	0.0011	0.0208	0.0093	0.0014	0.0000	0.0078	0.1042	0.0025	0.0047	0.0037	0.0056	0.0003	0.0054	0.0302	0.0380	0.2895	0.0047	0.0003	0.0001	0.0170	0.1119	
0.0000	0.0031	0.0104	0.0002	0.0003	0.0004	0.0003	0.0000	0.0014	0.0036	0.0000	0.0135	0.0000	0.0004	0.0004	0.0063	0.0035	0.0000	0.0014	0.0001	0.0002	0.0076	0.0002	0.0008	0.0155	0.0003	0.0035	0.0010	0.0037	0.0002	0.0000	0.0215	0.0018	0.0002	0.0021	0.0211	0.0010	0.0000	0.0004	0.0000	0.5702	0.0004	0.0018	0.0007	0.0336	0.0803	0.0004	0.0006	0.0001	0.0012	0.0000	0.0186	0.0013	0.0000	0.0002	0.0000	0.0002	0.0240	0.0017	0.0491	0.0000	0.0017	0.0000	0.0258	0.0031	0.0013	0.0015	0.0031	0.0000	0.0001	0.0248	0.0000	0.0038	0.0080	0.0000	0.0002	0.0090	0.0019	0.0000	0.0043	
0.0000	0.0000	0.0964	0.0001	0.0000	0.0000	0.0001	0.0000	0.0000	0.0000	0.0021	0.0000	0.0000	0.0006	0.0000	0.0000	0.0000	0.0001	0.0000	0.0000	0.0013	0.0001	0.0183	0.0000	0.0014	0.0000	0.0000	0.0609	0.0007	0.0032	0.0000	0.0000	0.0012	0.0000	0.0000	0.1167	0.0000	0.0230	0.0000	0.0032	0.0000	0.0000	0.0032	0.0408	0.0000	0.0017	0.0000	0.0001	0.4194	0.0000	0.0000	0.0000	0.0000	0.0000	0.0009	0.0094	0.0000	0.0015	0.0130	0.0000	0.0000	0.1789	0.0004	0.0000	0.0000	0.0004	0.0000	0.0000	0.0000	0.0000	0.0000	0.0002	0.0000	0.0000	0.0000	0.0000	0.0000	0.0000	0.0003	0.0000	
0.0007	0.0009	0.0000	0.0038	0.0000	0.0001	0.0032	0.0141	0.0010	0.0004	0.0000	0.0009	0.0005	0.0119	0.0041	0.0000	0.0001	0.0018	0.0041	0.0000	0.0049	0.0001	0.0001	0.0018	0.0010	0.0003	0.0012	0.0007	0.0001	0.0007	0.0001	0.0001	0.0016	0.0249	0.0000	0.0000	0.0001	0.0007	0.0001	0.0001	0.0000	0.0032	0.0014	0.0000	0.0001	0.0002	0.0040	0.0005	0.0009	0.0014	0.0055	0.0000	0.0002	0.0049	0.0000	0.0000	0.0006	0.0013	0.0007	0.0001	0.0031	0.0041	0.0003	0.0008	0.0073	0.4924	0.0018	0.0032	0.0008	0.0023	0.0003	0.0503	0.0110	0.0100	0.1310	0.0008	0.0001	0.0000	0.0109	0.1587	
0.0000	0.0091	0.0002	0.0059	0.0000	0.0001	0.0000	0.0000	0.0420	0.0003	0.0002	0.0097	0.0377	0.0002	0.0142	0.0003	0.0024	0.0001	0.3124	0.0000	0.0012	0.0008	0.0008	0.0000	0.0029	0.0004	0.0012	0.0018	0.0012	0.0010	0.0000	0.0010	0.0000	0.0030	0.0001	0.0015	0.0144	0.0000	0.0009	0.0000	0.0221	0.0002	0.0001	0.0000	0.0003	0.0999	0.0124	0.0105	0.0000	0.0190	0.0002	0.0004	0.1040	0.0011	0.0002	0.0000	0.0001	0.0041	0.0258	0.1100	0.0002	0.0001	0.0000	0.0177	0.0014	0.0015	0.0291	0.0002	0.0161	0.0018	0.0090	0.0035	0.0007	0.0007	0.0000	0.0002	0.0024	0.0000	0.0029	0.0353	
0.0002	0.0008	0.0000	0.0003	0.0021	0.0004	0.0003	0.0000	0.0551	0.0001	0.0000	0.0104	0.0001	0.0000	0.0001	0.0524	0.0009	0.0003	0.0002	0.0000	0.0004	0.0177	0.0000	0.0002	0.0010	0.0079	0.0173	0.0001	0.0021	0.0001	0.0001	0.0000	0.0006	0.0086	0.0000	0.0004	0.3128	0.0000	0.0000	0.0000	0.0001	0.0866	0.0046	0.0000	0.0001	0.0001	0.0001	0.0004	0.0004	0.0002	0.0020	0.0000	0.0014	0.0033	0.0224	0.0000	0.0001	0.0102	0.0021	0.0005	0.0026	0.0000	0.0002	0.0009	0.0128	0.0000	0.0006	0.0145	0.3131	0.0000	0.0000	0.0007	0.0021	0.0022	0.0001	0.0016	0.0003	0.0000	0.0198	0.0005	
0.0000	0.0000	0.0018	0.0000	0.0000	0.0000	0.0002	0.2844	0.0000	0.0032	0.0000	0.0237	0.0093	0.0027	0.0000	0.0000	0.0001	0.0156	0.0000	0.0058	0.0010	0.0001	0.0000	0.0000	0.0004	0.0000	0.0000	0.0001	0.0002	0.0000	0.0142	0.0000	0.0000	0.0000	0.0000	0.0000	0.0002	0.0000	0.0000	0.0000	0.0000	0.0000	0.0022	0.0000	0.0095	0.0000	0.0000	0.0000	0.0000	0.0000	0.0000	0.0000	0.0000	0.0001	0.0000	0.6014	0.0000	0.0000	0.0002	0.0000	0.0024	0.0000	0.0000	0.0000	0.0000	0.0007	0.0000	0.0001	0.0000	0.0000	0.0197	0.0001	0.0000	0.0001	0.0000	0.0001	0.0000	0.0000	0.0000	0.0000	
0.0000	0.0000	0.2532	0.0000	0.0000	0.0000	0.0000	0.0000	0.0000	0.0000	0.0426	0.0000	0.0000	0.0001	0.0000	0.0037	0.0000	0.0000	0.0000	0.0000	0.0022	0.0000	0.0012	0.0001	0.0027	0.0000	0.0000	0.1020	0.0000	0.0001	0.0000	0.0000	0.0031	0.0001	0.0000	0.3106	0.0000	0.0024	0.0000	0.0000	0.0000	0.0000	0.0006	0.0281	0.0000	0.0014	0.0000	0.0001	0.0979	0.0000	0.0000	0.0001	0.0000	0.0000	0.0003	0.0483	0.0000	0.0001	0.0001	0.0000	0.0000	0.0986	0.0001	0.0000	0.0000	0.0000	0.0000	0.0000	0.0000	0.0001	0.0000	0.0000	0.0000	0.0000	0.0000	0.0000	0.0000	0.0000	0.0001	0.0000	
0.0036	0.0003	0.0000	0.3282	0.0002	0.0001	0.0001	0.0000	0.0001	0.0001	0.0018	0.0076	0.0025	0.0002	0.0009	0.0000	0.0001	0.0000	0.0001	0.0000	0.0000	0.0002	0.0082	0.0008	0.0014	0.0000	0.0002	0.0004	0.0001	0.5007	0.0000	0.0002	0.0005	0.0001	0.0023	0.0016	0.0120	0.0014	0.0000	0.0000	0.0000	0.0001	0.0000	0.0000	0.0001	0.0028	0.0008	0.0000	0.0134	0.0004	0.0001	0.0268	0.0000	0.0013	0.0000	0.0000	0.0000	0.0035	0.0000	0.0004	0.0008	0.0000	0.0002	0.0002	0.0008	0.0000	0.0001	0.0012	0.0026	0.0000	0.0000	0.0000	0.0005	0.0037	0.0000	0.0001	0.0000	0.0000	0.0637	0.0000	
0.0003	0.0000	0.0000	0.0002	0.0337	0.0001	0.0000	0.0000	0.0000	0.0000	0.1085	0.0000	0.0199	0.0000	0.0000	0.0032	0.0000	0.0000	0.0001	0.0000	0.0000	0.0000	0.0008	0.0000	0.0000	0.2590	0.0000	0.0000	0.0000	0.0045	0.0000	0.0001	0.0000	0.0000	0.0015	0.0001	0.0000	0.0000	0.0000	0.0000	0.0054	0.0000	0.0000	0.0000	0.0000	0.3557	0.0001	0.0068	0.0000	0.0000	0.0000	0.0309	0.0000	0.0000	0.0000	0.0000	0.0000	0.0131	0.0000	0.0017	0.0000	0.0000	0.0000	0.0748	0.0000	0.0000	0.0740	0.0000	0.0007	0.0000	0.0000	0.0000	0.0000	0.0000	0.0000	0.0000	0.0000	0.0000	0.0000	0.0043	
0.0002	0.0022	0.0014	0.1100	0.0036	0.0002	0.0003	0.0018	0.0000	0.0000	0.0000	0.0002	0.0002	0.0126	0.0023	0.0000	0.0000	0.0005	0.0000	0.0000	0.0430	0.0000	0.0096	0.0003	0.0001	0.0564	0.0003	0.0000	0.0001	0.0293	0.0049	0.0000	0.0001	0.0346	0.0001	0.0117	0.0000	0.0065	0.0007	0.0000	0.0002	0.0030	0.0000	0.0011	0.0000	0.0000	0.0000	0.0001	0.0000	0.0017	0.0000	0.0001	0.0004	0.0001	0.0001	0.0000	0.0000	0.0000	0.0000	0.0130	0.0004	0.0000	0.0002	0.0000	0.0000	0.1089	0.2198	0.0034	0.0000	0.0004	0.0000	0.0047	0.0004	0.0006	0.0074	0.0007	0.0000	0.0000	0.0055	0.2944	
0.0178	0.0006	0.0004	0.0074	0.0000	0.0016	0.0331	0.0341	0.0112	0.0007	0.0002	0.0159	0.0041	0.0001	0.0064	0.0025	0.0115	0.0618	0.1315	0.0000	0.0131	0.0000	0.0015	0.0019	0.0332	0.0003	0.0022	0.0015	0.0001	0.0165	0.0007	0.0000	0.0055	0.0023	0.0000	0.0005	0.0015	0.0008	0.0013	0.0007	0.0000	0.0003	0.0146	0.0074	0.0000	0.0057	0.1619	0.0007	0.0003	0.0070	0.0235	0.0000	0.0022	0.0003	0.0107	0.0000	0.0005	0.0000	0.0000	0.0000	0.0047	0.0034	0.0005	0.0011	0.0166	0.0111	0.0043	0.0325	0.0042	0.0010	0.0002	0.0168	0.0630	0.0636	0.0060	0.1077	0.0001	0.0003	0.0023	0.0012	
0.0000	0.0000	0.0000	0.0000	0.0000	0.0000	0.0078	0.0014	0.0000	0.0001	0.0000	0.0028	0.0000	0.0000	0.0000	0.0000	0.0000	0.0003	0.0000	0.0000	0.0000	0.0002	0.0000	0.0000	0.0012	0.0000	0.0000	0.0025	0.0000	0.0000	0.0000	0.0000	0.0000	0.0000	0.0000	0.0000	0.0000	0.0000	0.0000	0.0000	0.0000	0.0000	0.1022	0.0000	0.0000	0.0000	0.0001	0.0000	0.0000	0.0000	0.0396	0.0000	0.0000	0.0005	0.0000	0.0015	0.0000	0.0000	0.0000	0.0004	0.0004	0.0000	0.0000	0.0000	0.0004	0.0000	0.0000	0.0020	0.0041	0.0385	0.0001	0.0000	0.0001	0.0010	0.7552	0.0000	0.0000	0.0368	0.0004	0.0000	
0.0003	0.0001	0.0015	0.0117	0.0016	0.0160	0.0007	0.0009	0.0915	0.0003	0.0002	0.0286	0.0007	0.0000	0.0002	0.0013	0.0136	0.0000	0.0927	0.0000	0.0001	0.0000	0.0020	0.0004	0.0014	0.0017	0.0051	0.0014	0.0000	0.0334	0.0004	0.0003	0.0001	0.0002	0.0000	0.0002	0.0824	0.0000	0.0331	0.0000	0.0000	0.0001	0.0000	0.0001	0.0004	0.0026	0.0024	0.0002	0.0000	0.0001	0.0024	0.0005	0.0000	0.0006	0.0063	0.0000	0.0001	0.0002	0.0140	0.0001	0.0040	0.0001	0.0001	0.0019	0.0025	0.0000	0.0023	0.0020	0.2914	0.0004	0.0005	0.0089	0.0342	0.0032	0.0000	0.0001	0.0000	0.0009	0.1924	0.0003	
0.0006	0.0018	0.0000	0.0124	0.0297	0.0002	0.0003	0.0001	0.0571	0.0001	0.0007	0.0642	0.0450	0.0023	0.0001	0.0906	0.0060	0.0003	0.0047	0.0000	0.0005	0.0001	0.1450	0.0022	0.0001	0.0037	0.0042	0.0091	0.0007	0.0276	0.0005	0.0000	0.0005	0.0028	0.0014	0.0007	0.0150	0.0006	0.0001	0.0000	0.0000	0.0042	0.0045	0.0000	0.0013	0.0021	0.0033	0.0002	0.0505	0.0049	0.0001	0.0470	0.0006	0.0023	0.0017	0.0168	0.0041	0.0393	0.0000	0.0006	0.0149	0.0002	0.0000	0.0001	0.0195	0.0713	0.0188	0.0743	0.0047	0.0001	0.0002	0.0012	0.0282	0.0088	0.0000	0.0008	0.0000	0.0000	0.0311	0.0115	
0.0069	0.0176	0.0000	0.0072	0.0000	0.0010	0.0001	0.0000	0.0162	0.0001	0.0000	0.0008	0.0030	0.0000	0.0709	0.0219	0.0010	0.0086	0.0247	0.0000	0.0429	0.0033	0.0000	0.0028	0.0025	0.0082	0.0019	0.0015	0.0011	0.0160	0.0000	0.0000	0.0012	0.0538	0.0004	0.0086	0.0010	0.0000	0.0100	0.0000	0.0000	0.0015	0.0125	0.0002	0.0000	0.0019	0.0111	0.0024	0.0000	0.0325	0.0008	0.0017	0.0040	0.0009	0.0000	0.0000	0.0079	0.0000	0.0000	0.0124	0.0330	0.0000	0.0041	0.0009	0.0205	0.0000	0.0623	0.0311	0.0005	0.0022	0.0004	0.0311	0.0479	0.0076	0.0000	0.0656	0.0000	0.0000	0.2594	0.0083	
0.0002	0.0014	0.0000	0.0000	0.0000	0.0035	0.0006	0.0000	0.0000	0.0588	0.1801	0.0000	0.0000	0.0236	0.0002	0.0037	0.0000	0.0028	0.0001	0.0005	0.0009	0.0043	0.0011	0.0011	0.0001	0.0000	0.0000	0.0035	0.0140	0.0000	0.0000	0.0440	0.0001	0.0025	0.0164	0.0089	0.0001	0.0000	0.0002	0.0000	0.0042	0.0035	0.0042	0.0000	0.0004	0.0231	0.0010	0.0000	0.0000	0.0002	0.0000	0.0483	0.0085	0.0001	0.0000	0.0441	0.0708	0.0000	0.0001	0.0074	0.0018	0.0000	0.0005	0.0036	0.0014	0.0469	0.0000	0.0028	0.0000	0.0461	0.0002	0.0000	0.0001	0.0011	0.1854	0.0001	0.1215	0.0000	0.0000	0.0000	
0.0025	0.0008	0.0014	0.0043	0.0007	0.0001	0.0004	0.0171	0.0004	0.0019	0.0000	0.0004	0.0009	0.0159	0.0018	0.0065	0.0078	0.0002	0.0001	0.0000	0.0648	0.0512	0.0003	0.0002	0.0065	0.0012	0.0014	0.0026	0.0149	0.0009	0.0359	0.0399	0.0035	0.0003	0.0004	0.0471	0.0005	0.0026	0.0108	0.0000	0.0454	0.0007	0.0027	0.0157	0.0711	0.0000	0.0000	0.0014	0.0000	0.0010	0.0170	0.0682	0.0993	0.0003	0.0274	0.0000	0.0001	0.0046	0.0038	0.0001	0.0033	0.0000	0.0005	0.0001	0.0001	0.0004	0.0007	0.0035	0.0136	0.0193	0.0555	0.0002	0.0162	0.0092	0.0490	0.0074	0.0108	0.0869	0.0031	0.0134	
0.0293	0.0011	0.0000	0.0729	0.0001	0.0027	0.0081	0.0007	0.0217	0.0015	0.0004	0.0049	0.0032	0.0116	0.0241	0.0001	0.0031	0.0463	0.0169	0.0000	0.0117	0.0008	0.0000	0.0246	0.0030	0.0006	0.0137	0.0005	0.0000	0.0036	0.0003	0.0004	0.0099	0.0238	0.0000	0.0003	0.0079	0.0000	0.0113	0.0000	0.0002	0.0473	0.0068	0.0000	0.0002	0.0071	0.0174	0.0001	0.0003	0.0021	0.0067	0.0000	0.0024	0.0058	0.0013	0.0000	0.0002	0.0000	0.0004	0.0063	0.0725	0.0001	0.0158	0.0011	0.0265	0.0001	0.0003	0.0807	0.0037	0.0002	0.0005	0.0836	0.0238	0.0001	0.0006	0.1420	0.0012	0.0000	0.0751	0.0062	
0.0001	0.0030	0.0074	0.0001	0.0027	0.0000	0.0001	0.0000	0.0776	0.0010	0.0000	0.0006	0.0004	0.0000	0.0000	0.0032	0.0451	0.0000	0.0000	0.0039	0.0089	0.0242	0.0003	0.0002	0.0241	0.0068	0.0015	0.0019	0.0096	0.0002	0.0011	0.0309	0.0018	0.0001	0.0001	0.0217	0.0002	0.0297	0.0089	0.0920	0.2508	0.0003	0.0025	0.0005	0.1062	0.0004	0.0000	0.0009	0.0391	0.0035	0.0000	0.0361	0.0051	0.0000	0.0240	0.0000	0.0100	0.0329	0.0009	0.0042	0.0001	0.0230	0.0000	0.0001	0.0000	0.0002	0.0078	0.0000	0.0000	0.0003	0.0138	0.0007	0.0033	0.0020	0.0030	0.0001	0.0154	0.0033	0.0000	0.0003	
0.0002	0.0000	0.0066	0.0122	0.0072	0.0000	0.0006	0.0001	0.0018	0.0000	0.0000	0.0017	0.0006	0.0012	0.0003	0.0023	0.0024	0.0000	0.0000	0.0000	0.0044	0.0000	0.0002	0.0001	0.0001	0.0124	0.0004	0.0004	0.0000	0.0006	0.0021	0.0000	0.0007	0.0013	0.0003	0.0012	0.0000	0.0001	0.0002	0.0514	0.8080	0.0041	0.0000	0.0064	0.0000	0.0001	0.0001	0.0010	0.0000	0.0007	0.0017	0.0171	0.0001	0.0007	0.0005	0.0000	0.0096	0.0026	0.0023	0.0002	0.0000	0.0002	0.0001	0.0020	0.0001	0.0005	0.0054	0.0001	0.0012	0.0008	0.0003	0.0022	0.0042	0.0001	0.0017	0.0001	0.0000	0.0024	0.0002	0.0096	
0.0016	0.0022	0.0001	0.0003	0.0315	0.0061	0.0000	0.0000	0.0002	0.0016	0.0030	0.0000	0.0436	0.0030	0.0101	0.0488	0.0000	0.0089	0.0000	0.0000	0.0003	0.0091	0.0000	0.0015	0.0001	0.0520	0.0052	0.0028	0.0085	0.0122	0.0561	0.0023	0.0001	0.0014	0.0341	0.0001	0.0001	0.0004	0.0039	0.0000	0.0000	0.0059	0.0001	0.0139	0.0010	0.0024	0.0001	0.2863	0.0000	0.0034	0.0000	0.0387	0.0029	0.0015	0.0045	0.0000	0.1002	0.0241	0.0577	0.0113	0.0028	0.0000	0.0000	0.0105	0.0040	0.0000	0.0353	0.0018	0.0000	0.0000	0.0008	0.0079	0.0020	0.0017	0.0069	0.0042	0.0080	0.0000	0.0001	0.0087	
0.0042	0.0024	0.0719	0.0016	0.2472	0.0115	0.0010	0.0032	0.0000	0.0000	0.0000	0.0004	0.0002	0.0000	0.0003	0.0078	0.0058	0.0000	0.0080	0.0000	0.0164	0.0003	0.0264	0.0001	0.0073	0.0324	0.0091	0.0004	0.0002	0.0006	0.0003	0.0004	0.0033	0.0002	0.0001	0.0470	0.0002	0.0002	0.1716	0.0000	0.0011	0.0014	0.0001	0.0529	0.0036	0.0086	0.0001	0.0018	0.0000	0.0007	0.0002	0.0019	0.0107	0.0001	0.0463	0.0000	0.0022	0.0000	0.0000	0.0004	0.0004	0.0062	0.0000	0.0004	0.0033	0.0055	0.0589	0.0003	0.0027	0.0003	0.0016	0.0001	0.0079	0.0060	0.0000	0.0010	0.0001	0.0124	0.0000	0.0790	
0.0014	0.0105	0.0092	0.0011	0.0000	0.0001	0.0055	0.0001	0.1048	0.0010	0.0000	0.0020	0.0253	0.0011	0.0121	0.0474	0.0018	0.0824	0.0130	0.0000	0.0061	0.0000	0.0003	0.0007	0.0310	0.0000	0.0121	0.0015	0.0000	0.0005	0.0006	0.0000	0.0037	0.0004	0.0000	0.0746	0.0089	0.0094	0.0000	0.0001	0.0000	0.0019	0.0066	0.0893	0.0001	0.0034	0.0022	0.0037	0.0026	0.0049	0.0107	0.0000	0.0099	0.0008	0.0148	0.0000	0.0002	0.0000	0.0000	0.0000	0.0546	0.0035	0.0001	0.0004	0.0083	0.0035	0.0024	0.0322	0.0016	0.0003	0.0002	0.0002	0.0139	0.0036	0.0013	0.2499	0.0000	0.0000	0.0039	0.0002	
0.0070	0.0108	0.0001	0.0185	0.0000	0.0006	0.0043	0.0016	0.0689	0.0018	0.0000	0.0046	0.0005	0.0021	0.0101	0.0006	0.0002	0.0086	0.0052	0.0000	0.0001	0.0003	0.0008	0.0006	0.0179	0.0004	0.0098	0.0013	0.0003	0.0392	0.0011	0.0001	0.0070	0.0025	0.0000	0.0029	0.1035	0.0195	0.0015	0.0000	0.0000	0.0031	0.0011	0.0117	0.0001	0.0055	0.0095	0.0012	0.0383	0.0047	0.0639	0.0000	0.0218	0.0010	0.0045	0.0000	0.0006	0.0000	0.0000	0.0002	0.0930	0.0074	0.0015	0.0018	0.0080	0.0057	0.0017	0.0351	0.0103	0.0004	0.0004	0.0136	0.0042	0.0109	0.0006	0.2185	0.0001	0.0001	0.0632	0.0018	
0.0000	0.0000	0.0000	0.0036	0.0320	0.0000	0.0001	0.0001	0.0000	0.0037	0.0270	0.0160	0.0000	0.0000	0.0001	0.0000	0.0000	0.0000	0.0004	0.0003	0.0352	0.0000	0.0000	0.0001	0.0002	0.0291	0.0000	0.0000	0.0000	0.0003	0.0000	0.0000	0.0000	0.0000	0.0005	0.0000	0.0000	0.0000	0.0000	0.0000	0.2687	0.0000	0.0000	0.0000	0.0000	0.0744	0.0001	0.0005	0.0000	0.0001	0.0000	0.0957	0.0000	0.0005	0.0000	0.2497	0.0000	0.0000	0.0002	0.0015	0.0000	0.0000	0.0000	0.0014	0.0000	0.0197	0.0873	0.0000	0.0000	0.0001	0.0000	0.0000	0.0000	0.0000	0.0000	0.0000	0.0000	0.0002	0.0000	0.0513	
0.0008	0.0069	0.0005	0.0092	0.0000	0.0427	0.0598	0.0809	0.0599	0.0004	0.0012	0.0565	0.0002	0.0000	0.0110	0.0000	0.0262	0.0156	0.0741	0.0000	0.0054	0.0000	0.0173	0.0074	0.0194	0.0000	0.0161	0.0098	0.0000	0.0031	0.0004	0.0000	0.0390	0.0007	0.0000	0.0005	0.0368	0.0000	0.0004	0.0481	0.0000	0.0048	0.0259	0.0154	0.0000	0.0071	0.1151	0.0035	0.0000	0.0007	0.0098	0.0000	0.0018	0.0117	0.0054	0.0000	0.0008	0.0000	0.0000	0.0000	0.0058	0.0019	0.0025	0.0113	0.0189	0.0262	0.0017	0.0052	0.0062	0.0002	0.0000	0.0055	0.0139	0.0210	0.0083	0.0115	0.0000	0.0002	0.0056	0.0016	
0.0957	0.0457	0.0000	0.0011	0.0067	0.0435	0.0015	0.0028	0.0001	0.0000	0.1476	0.0000	0.0000	0.0000	0.1885	0.0000	0.0000	0.0000	0.0002	0.0000	0.0100	0.0002	0.0192	0.0085	0.0002	0.0683	0.0000	0.0000	0.0000	0.0000	0.0000	0.0000	0.0000	0.0005	0.0000	0.0000	0.0000	0.0000	0.0004	0.0000	0.0000	0.0011	0.0000	0.0000	0.0000	0.0075	0.0056	0.0071	0.0000	0.1440	0.0000	0.0001	0.0631	0.0088	0.0000	0.0000	0.0000	0.0111	0.0004	0.0000	0.0004	0.0000	0.0445	0.0496	0.0064	0.0000	0.0068	0.0009	0.0000	0.0000	0.0000	0.0000	0.0000	0.0005	0.0000	0.0004	0.0000	0.0001	0.0003	0.0000	
0.0002	0.0093	0.0004	0.0000	0.0000	0.0051	0.0004	0.0000	0.0005	0.0000	0.0000	0.0003	0.0000	0.0000	0.0000	0.0002	0.0007	0.0004	0.0037	0.0000	0.0000	0.0000	0.0001	0.0035	0.0177	0.0051	0.0040	0.0155	0.0000	0.0001	0.0011	0.0000	0.0005	0.0001	0.4879	0.0023	0.0055	0.0011	0.0021	0.0000	0.0000	0.0004	0.0008	0.0004	0.0012	0.0012	0.0015	0.0015	0.0155	0.0031	0.0000	0.1405	0.0088	0.0007	0.0042	0.0000	0.1325	0.0395	0.0011	0.0000	0.0050	0.0007	0.0000	0.0026	0.0023	0.0096	0.0006	0.0214	0.0000	0.0006	0.0015	0.0002	0.0261	0.0056	0.0000	0.0024	0.0000	0.0000	0.0000	0.0001	
0.0008	0.0001	0.0000	0.0017	0.0051	0.0042	0.0001	0.0001	0.0034	0.0500	0.0001	0.0001	0.0021	0.0010	0.0014	0.0006	0.0041	0.0000	0.0007	0.0112	0.0877	0.0044	0.0306	0.0005	0.0001	0.1148	0.0032	0.0000	0.0001	0.0007	0.0002	0.0242	0.0009	0.0001	0.0000	0.0143	0.0003	0.0041	0.2220	0.0309	0.0001	0.0004	0.0000	0.0209	0.0006	0.0331	0.0001	0.0012	0.0017	0.0003	0.0000	0.0000	0.0001	0.0000	0.0251	0.0000	0.0000	0.0007	0.0017	0.0012	0.0000	0.0078	0.0000	0.0003	0.0001	0.0015	0.0186	0.0001	0.0010	0.0008	0.0767	0.0028	0.0000	0.0003	0.0000	0.0001	0.0062	0.0049	0.0000	0.1655	
0.0041	0.0004	0.0251	0.0148	0.0026	0.0008	0.0000	0.0001	0.0001	0.0000	0.0000	0.0000	0.0000	0.0003	0.0166	0.0075	0.0001	0.0000	0.0001	0.0000	0.1623	0.0001	0.0000	0.0002	0.0002	0.0107	0.0012	0.0000	0.0001	0.0005	0.0171	0.0000	0.0005	0.0003	0.0002	0.1458	0.0000	0.0044	0.0885	0.0000	0.0030	0.0016	0.0001	0.0093	0.0000	0.0001	0.0000	0.0014	0.0000	0.0103	0.0008	0.0128	0.0005	0.0000	0.0072	0.0000	0.0007	0.0000	0.0000	0.0000	0.0003	0.0000	0.0001	0.0000	0.0002	0.0000	0.0365	0.0009	0.0057	0.0531	0.0001	0.0004	0.0017	0.0002	0.2923	0.0009	0.0000	0.0111	0.0001	0.0435	

Emissions
0.0000	0.0000	0.2181	0.5091	0.2726	0.0001	0.0000	0.0000	
0.0689	0.0022	0.0230	0.0138	0.8907	0.0001	0.0000	0.0013	
0.0002	0.0000	0.0000	0.0000	0.0010	0.0048	0.9937	0.0002	
0.0000	0.4019	0.0000	0.0047	0.0268	0.0795	0.1385	0.3486	
0.0000	0.0002	0.0006	0.5359	0.0002	0.0819	0.3813	0.0000	
0.8357	0.0011	0.0000	0.0007	0.0658	0.0002	0.0086	0.0879	
0.0006	0.1160	0.0000	0.0000	0.3740	0.0000	0.0000	0.5094	
0.0010	0.7815	0.0560	0.0000	0.0004	0.0020	0.0000	0.1590	
0.0108	0.0002	0.0000	0.0037	0.0067	0.0242	0.0001	0.9543	
0.0804	0.0000	0.5535	0.0000	0.0007	0.3653	0.0000	0.0000	
0.5426	0.0001	0.0000	0.4424	0.0057	0.0060	0.0001	0.0030	
0.0001	0.1086	0.0000	0.0000	0.0000	0.0001	0.0000	0.8911	
0.0019	0.0022	0.0019	0.0455	0.0003	0.8831	0.0249	0.0401	
0.0308	0.0183	0.0025	0.0000	0.0335	0.9149	0.0001	0.0000	
0.0003	0.0000	0.0460	0.6545	0.2991	0.0000	0.0000	0.0000	
0.0000	0.0000	0.0000	0.0000	0.0002	0.0000	0.9903	0.0095	
0.0002	0.0189	0.0001	0.0159	0.0088	0.0272	0.0361	0.8928	
0.0033	0.0018	0.0000	0.0010	0.9870	0.0009	0.0000	0.0059	
0.9079	0.0000	0.0004	0.0000	0.0869	0.0003	0.0000	0.0044	
0.1094	0.2278	0.1112	0.0000	0.0000	0.5510	0.0000	0.0006	
0.0003	0.0016	0.0000	0.9841	0.0132	0.0000	0.0005	0.0003	
0.0063	0.0000	0.0003	0.0000	0.0122	0.9811	0.0000	0.0002	
0.0883	0.8860	0.0000	0.0005	0.0214	0.0010	0.0000	0.0028	
0.4576	0.0047	0.0001	0.1725	0.2202	0.0071	0.0001	0.1379	
0.0001	0.0092	0.0000	0.0000	0.9868	0.0004	0.0014	0.0021	
0.0000	0.0000	0.0000	0.9945	0.0001	0.0024	0.0030	0.0000	
0.0038	0.0000	0.0331	0.0002	0.9204	0.0269	0.0148	0.0009	
0.0072	0.0000	0.0000	0.0000	0.8133	0.0025	0.1759	0.0012	
0.0202	0.0006	0.0003	0.0000	0.3001	0.6737	0.0000	0.0051	
0.0000	0.0249	0.0000	0.0012	0.0009	0.2695	0.3532	0.3502	
0.0105	0.0017	0.4434	0.0556	0.0154	0.0025	0.4135	0.0573	
0.0066	0.0000	0.1041	0.0000	0.0006	0.8886	0.0000	0.0001	
0.0033	0.0036	0.0002	0.0106	0.8285	0.0024	0.0606	0.0907	
0.0259	0.0002	0.0000	0.4889	0.3475	0.0002	0.0000	0.1373	
0.2595	0.0266	0.0000	0.0000	0.6874	0.0003	0.0000	0.0263	
0.0000	0.0000	0.0000	0.0000	0.0135	0.0000	0.9776	0.0089	
0.0001	0.0009	0.0000	0.0000	0.0096	0.0002	0.0000	0.9892	
0.0009	0.0000	0.9367	0.0346	0.0004	0.0019	0.0107	0.0148	
0.0953	0.0282	0.0000	0.4028	0.0666	0.2330	0.0151	0.1590	
0.3954	0.6045	0.0000	0.0000	0.0000	0.0000	0.0000	0.0001	
0.0101	0.0000	0.0020	0.0000	0.0000	0.7961	0.0000	0.1917	
0.0257	0.0002	0.0006	0.3525	0.6042	0.0019	0.0000	0.0150	
0.0024	0.0007	0.0000	0.0000	0.9951	0.0000	0.0010	0.0009	
0.0002	0.0001	0.0001	0.0015	0.0035	0.0001	0.9781	0.0165	
0.0003	0.0016	0.0181	0.0000	0.0147	0.9647	0.0004	0.0002	
0.7881	0.0000	0.0004	0.2103	0.0006	0.0000	0.0001	0.0006	
0.6151	0.0005	0.0002	0.0108	0.2819	0.0003	0.0001	0.0910	
0.1230	0.0004	0.0002	0.5850	0.0141	0.0653	0.2022	0.0099	
0.0000	0.0000	0.9911	0.0001	0.0000	0.0000	0.0086	0.0001	
0.1025	0.0029	0.0004	0.1425	0.7412	0.0000	0.0106	0.0000	
0.0162	0.0004	0.2669	0.0001	0.0496	0.0002	0.0001	0.6665	
0.0312	0.0430	0.0000	0.0000	0.8161	0.0213	0.0000	0.0884	
0.0265	0.0538	0.0000	0.0056	0.9124	0.0002	0.0001	0.0014	
0.7067	0.0762	0.0000	0.0000	0.0446	0.0004	0.0013	0.1708	
0.0003	0.0003	0.0008	0.0028	0.0490	0.0291	0.9177	0.0000	
0.0000	0.0000	0.0000	0.0000	0.0002	0.0000	0.0000	0.9997	
0.1664	0.0725	0.0000	0.0000	0.5539	0.0001	0.0000	0.2070	
0.5004	0.0011	0.0000	0.0000	0.0567	0.4417	0.0000	0.0000	
0.8537	0.0000	0.0000	0.0000	0.0000	0.0057	0.1405	0.0001	
0.1812	0.0001	0.0001	0.0678	0.0005	0.7483	0.0000	0.0020	
0.0010	0.0003	0.0000	0.0001	0.9929	0.0003	0.0000	0.0053	
0.0001	0.4517	0.3932	0.0084	0.1335	0.0075	0.0056	0.0000	
0.0235	0.0042	0.0000	0.1159	0.0388	0.0076	0.0012	0.8087	
0.8639	0.0013	0.0003	0.0000	0.0002	0.0892	0.0000	0.0451	
0.0447	0.0000	0.0005	0.0000	0.9445	0.0101	0.0000	0.0002	
0.0000	0.9978	0.0000	0.0000	0.0021	0.0000	0.0000	0.0000	
0.0002	0.0037	0.0000	0.9917	0.0010	0.0011	0.0021	0.0001	
0.0030	0.0000	0.0002	0.0002	0.9821	0.0005	0.0008	0.0131	
0.0001	0.0000	0.0000	0.0792	0.0000	0.0001	0.0000	0.9205	
0.0105	0.0050	0.0005	0.6171	0.3592	0.0007	0.0037	0.0034	
0.7537	0.0002	0.0028	0.0000	0.0015	0.2355	0.0003	0.0060	
0.1475	0.0004	0.0001	0.3354	0.0085	0.0167	0.0010	0.4905	
0.0027	0.0013	0.0000	0.0040	0.8886	0.0025	0.0020	0.0989	
0.0036	0.0014	0.0000	0.0000	0.9618	0.0026	0.0005	0.0301	
0.0005	0.0880	0.7908	0.0284	0.0542	0.0020	0.0000	0.0361	
0.0013	0.0000	0.0002	0.0070	0.9881	0.0001	0.0000	0.0032	
0.0070	0.0000	0.0727	0.0000	0.0009	0.9193	0.0000	0.0001	
0.1528	0.1524	0.0003	0.0009	0.0018	0.0569	0.0019	0.6329	
0.0014	0.0002	0.0000	0.0022	0.0055	0.0002	0.0016	0.9888	
0.0000	0.1653	0.0000	0.7966	0.0001	0.0186	0.0192	0.0001	
