DataSet 1
Learner: Baum Welch Learner
Log Likelihood: 67767.3419944328

Number of States: 50
Number of Symbols: 8
Threshold: 0.01

Initial Distribution:
0.0000	0.0001	0.0000	0.0000	0.0000	0.0002	0.0000	0.0000	0.0000	0.0000	0.0000	0.1272	0.0000	0.0000	0.0000	0.0032	0.0000	0.0000	0.0008	0.0000	0.0000	0.1162	0.0221	0.0000	0.0000	0.0000	0.0000	0.0000	0.0000	0.0028	0.0000	0.0000	0.0000	0.3799	0.0000	0.0000	0.0123	0.1692	0.0000	0.1367	0.0000	0.0240	0.0000	0.0000	0.0000	0.0000	0.0054	0.0000	0.0000	0.0000	

Transitions:
0.0179	0.0081	0.1322	0.0369	0.0539	0.0033	0.0019	0.0092	0.0496	0.0099	0.0098	0.0063	0.0122	0.0055	0.0212	0.0025	0.0571	0.0507	0.0238	0.0083	0.0508	0.0001	0.0090	0.0194	0.0232	0.0058	0.0105	0.1050	0.0517	0.0202	0.0198	0.0294	0.0162	0.0020	0.0126	0.0007	0.0019	0.0053	0.0050	0.0011	0.0226	0.0115	0.0076	0.0006	0.0231	0.0003	0.0019	0.0042	0.0073	0.0110	
0.0169	0.0064	0.1233	0.0489	0.0759	0.0158	0.0111	0.0040	0.0797	0.0014	0.0450	0.0019	0.0089	0.0149	0.0061	0.0054	0.0335	0.0114	0.0354	0.0072	0.0309	0.0004	0.0074	0.0068	0.0288	0.0132	0.0295	0.0342	0.0297	0.0189	0.0010	0.0005	0.0214	0.0004	0.0079	0.0679	0.0003	0.0180	0.0154	0.0165	0.0030	0.0008	0.0196	0.0126	0.0114	0.0042	0.0020	0.0128	0.0091	0.0223	
0.0012	0.0082	0.0004	0.0018	0.0007	0.0002	0.0081	0.0020	0.0144	0.0018	0.0113	0.1492	0.0003	0.0000	0.0002	0.0011	0.1065	0.0172	0.0003	0.0016	0.0001	0.0002	0.0314	0.0150	0.0015	0.0002	0.0056	0.2093	0.0001	0.0068	0.0027	0.0007	0.1440	0.0205	0.0005	0.0001	0.0023	0.0101	0.0028	0.0014	0.0017	0.1851	0.0014	0.0001	0.0019	0.0017	0.0027	0.0143	0.0088	0.0007	
0.0124	0.0022	0.0065	0.3399	0.1213	0.0049	0.0001	0.0042	0.0006	0.0012	0.0228	0.0002	0.0114	0.0040	0.0467	0.0273	0.0260	0.0016	0.1031	0.0000	0.0541	0.0004	0.0026	0.0089	0.0115	0.0118	0.0017	0.0056	0.0468	0.0044	0.0114	0.0001	0.0009	0.0010	0.0032	0.0000	0.0012	0.0050	0.0251	0.0044	0.0004	0.0004	0.0046	0.0021	0.0009	0.0011	0.0003	0.0017	0.0006	0.0515	
0.0008	0.0060	0.0000	0.0050	0.0013	0.0003	0.0119	0.0019	0.1330	0.0675	0.1116	0.0141	0.0004	0.0003	0.0067	0.0003	0.0309	0.0105	0.0005	0.0034	0.0007	0.0005	0.0126	0.0557	0.0069	0.0004	0.0090	0.0668	0.0071	0.0074	0.0055	0.0002	0.0347	0.0707	0.0038	0.0000	0.0001	0.0005	0.0305	0.0004	0.0011	0.0810	0.0008	0.1087	0.0096	0.0046	0.0679	0.0025	0.0038	0.0002	
0.0003	0.0004	0.0018	0.0105	0.0011	0.0029	0.0056	0.0044	0.0026	0.0001	0.0116	0.0368	0.0046	0.0136	0.0316	0.0144	0.1609	0.0042	0.0026	0.0116	0.0001	0.0132	0.0877	0.0012	0.0158	0.0031	0.0019	0.1972	0.0198	0.0045	0.0195	0.0065	0.0210	0.0002	0.0023	0.0004	0.1123	0.0351	0.0006	0.0021	0.0007	0.0049	0.0199	0.0028	0.0052	0.0066	0.0025	0.0441	0.0184	0.0291	
0.0017	0.0059	0.0011	0.0730	0.0080	0.0143	0.0000	0.0002	0.0000	0.0007	0.0104	0.0010	0.1031	0.0000	0.0001	0.0816	0.0353	0.0001	0.4667	0.0004	0.0011	0.0029	0.0036	0.0446	0.0042	0.0361	0.0006	0.0000	0.0000	0.0089	0.0002	0.0001	0.0004	0.0045	0.0457	0.0000	0.0007	0.0036	0.0001	0.0022	0.0172	0.0003	0.0006	0.0042	0.0000	0.0002	0.0044	0.0000	0.0002	0.0096	
0.0233	0.0053	0.0482	0.0332	0.0039	0.0293	0.0002	0.0364	0.0020	0.0029	0.1304	0.0013	0.0200	0.0013	0.0144	0.0001	0.0289	0.0079	0.0501	0.0007	0.0060	0.0056	0.0106	0.0096	0.0140	0.0412	0.0037	0.0527	0.0062	0.0189	0.0095	0.0060	0.0314	0.0266	0.1626	0.0083	0.0002	0.0015	0.0594	0.0000	0.0110	0.0012	0.0302	0.0126	0.0173	0.0019	0.0010	0.0019	0.0062	0.0029	
0.0089	0.0102	0.0000	0.0589	0.0000	0.0095	0.0000	0.0073	0.0000	0.0006	0.0116	0.0001	0.0447	0.0000	0.0007	0.0176	0.0008	0.0035	0.0683	0.0001	0.0001	0.0034	0.0068	0.0008	0.0126	0.0121	0.1197	0.0000	0.0000	0.0007	0.0017	0.1450	0.0001	0.0000	0.0086	0.0034	0.0260	0.0000	0.0019	0.0000	0.1507	0.0003	0.0012	0.0013	0.0000	0.0086	0.2502	0.0000	0.0005	0.0014	
0.0080	0.0118	0.0025	0.0040	0.0247	0.0005	0.3250	0.0018	0.0141	0.0640	0.0000	0.0048	0.0003	0.0039	0.0146	0.0003	0.0080	0.0225	0.0087	0.0447	0.0189	0.0239	0.0051	0.0005	0.0132	0.0005	0.0003	0.0464	0.0299	0.0102	0.0004	0.0008	0.0061	0.0000	0.0012	0.0014	0.0044	0.0000	0.0000	0.0092	0.0073	0.0164	0.0010	0.0123	0.0103	0.0188	0.1375	0.0510	0.0075	0.0011	
0.0010	0.0003	0.0536	0.0001	0.0248	0.0008	0.0014	0.0001	0.0005	0.0001	0.0001	0.0104	0.0283	0.0012	0.0046	0.0017	0.0205	0.0503	0.0002	0.0019	0.0022	0.0046	0.0247	0.0003	0.0043	0.0024	0.0001	0.0348	0.0005	0.0075	0.0153	0.5269	0.0185	0.0003	0.0012	0.0332	0.0120	0.0309	0.0012	0.0129	0.0011	0.0178	0.0154	0.0000	0.0085	0.0006	0.0000	0.0064	0.0056	0.0086	
0.0219	0.0305	0.0178	0.0351	0.0079	0.0378	0.0419	0.0027	0.0026	0.0003	0.0010	0.0041	0.0046	0.2059	0.1283	0.0088	0.0032	0.0007	0.0202	0.0166	0.0021	0.0065	0.0006	0.0007	0.0187	0.0394	0.0002	0.0017	0.0515	0.0028	0.0041	0.0002	0.0048	0.0000	0.0362	0.0001	0.1144	0.0010	0.0042	0.0004	0.0037	0.0002	0.0005	0.0018	0.0108	0.0720	0.0005	0.0110	0.0009	0.0171	
0.0086	0.0016	0.0548	0.0004	0.0894	0.0037	0.0065	0.0056	0.0241	0.0072	0.0076	0.0854	0.0010	0.0168	0.0217	0.0126	0.0469	0.0092	0.0098	0.0074	0.0390	0.0040	0.0051	0.0205	0.0114	0.0041	0.0006	0.0248	0.0141	0.0238	0.0025	0.0031	0.0587	0.0006	0.0126	0.0006	0.0015	0.0100	0.0074	0.0027	0.0059	0.2842	0.0000	0.0027	0.0046	0.0082	0.0025	0.0069	0.0112	0.0062	
0.0027	0.0068	0.1434	0.0129	0.0848	0.1165	0.0000	0.0078	0.0000	0.0000	0.1849	0.0018	0.0381	0.0000	0.0000	0.0287	0.0074	0.0014	0.0513	0.0000	0.0006	0.0077	0.0496	0.0000	0.0027	0.0400	0.1131	0.0000	0.0000	0.0035	0.0000	0.0000	0.0054	0.0065	0.0268	0.0000	0.0046	0.0226	0.0000	0.0000	0.0086	0.0086	0.0032	0.0000	0.0001	0.0002	0.0001	0.0000	0.0001	0.0072	
0.0125	0.0063	0.0955	0.1321	0.0757	0.0015	0.0003	0.0126	0.0137	0.0041	0.1146	0.0018	0.0015	0.0043	0.0266	0.0158	0.0063	0.0391	0.0424	0.0111	0.0352	0.0015	0.0060	0.0117	0.0144	0.0034	0.0397	0.0081	0.0776	0.0027	0.0015	0.0037	0.0028	0.0012	0.0196	0.0001	0.0003	0.0013	0.0329	0.0021	0.0255	0.0009	0.0193	0.0122	0.0143	0.0115	0.0035	0.0005	0.0147	0.0142	
0.0031	0.0013	0.0041	0.1062	0.0539	0.0001	0.0118	0.0063	0.0001	0.0024	0.0063	0.0018	0.0034	0.0212	0.0434	0.0107	0.1465	0.0069	0.0151	0.0072	0.0078	0.0002	0.0030	0.0010	0.0011	0.0026	0.0002	0.0411	0.0278	0.0084	0.0187	0.0000	0.0064	0.0000	0.0001	0.0024	0.0264	0.1394	0.0149	0.0514	0.0126	0.0278	0.0060	0.0148	0.0116	0.0046	0.0080	0.0703	0.0055	0.0339	
0.0002	0.0045	0.0001	0.1164	0.0006	0.0001	0.0207	0.0001	0.0012	0.0059	0.0013	0.0403	0.0003	0.0053	0.0126	0.0020	0.0139	0.0029	0.0183	0.0043	0.0012	0.0072	0.0078	0.0020	0.0082	0.0006	0.0001	0.0031	0.0220	0.0032	0.0000	0.0000	0.0078	0.0000	0.0013	0.0000	0.0001	0.2838	0.0079	0.2009	0.0108	0.0120	0.0008	0.0332	0.0025	0.0067	0.0896	0.0254	0.0004	0.0103	
0.0125	0.0230	0.0055	0.0069	0.0102	0.0022	0.0009	0.0029	0.0056	0.0069	0.1543	0.0203	0.0032	0.0007	0.0014	0.0005	0.0024	0.0156	0.0178	0.0008	0.0004	0.0082	0.0285	0.0665	0.0055	0.0004	0.0049	0.0032	0.0008	0.0112	0.0042	0.0019	0.0042	0.0202	0.0496	0.0005	0.0001	0.2459	0.0217	0.0494	0.0533	0.0989	0.0036	0.0044	0.0071	0.0020	0.0066	0.0002	0.0011	0.0020	
0.0047	0.0000	0.0106	0.1459	0.1654	0.0013	0.0289	0.0001	0.0093	0.0013	0.0001	0.0291	0.0002	0.0286	0.0751	0.0153	0.0227	0.0015	0.0390	0.0271	0.1194	0.0007	0.0117	0.0005	0.0258	0.0015	0.0000	0.0216	0.0639	0.0033	0.0163	0.0001	0.0249	0.0000	0.0018	0.0012	0.0024	0.0004	0.0018	0.0005	0.0084	0.0023	0.0020	0.0004	0.0022	0.0304	0.0034	0.0153	0.0070	0.0243	
0.0284	0.0180	0.0757	0.0384	0.0547	0.0010	0.0360	0.0031	0.0197	0.0031	0.0098	0.0040	0.0020	0.0301	0.0518	0.0050	0.0274	0.0051	0.0365	0.0088	0.0968	0.0018	0.0002	0.0013	0.0099	0.0097	0.0131	0.0247	0.1056	0.0165	0.0228	0.0008	0.0405	0.0002	0.0034	0.0000	0.0005	0.0027	0.0153	0.0053	0.0206	0.0125	0.0153	0.0210	0.0062	0.0207	0.0331	0.0115	0.0039	0.0257	
0.0013	0.0087	0.0002	0.0024	0.0044	0.0001	0.0228	0.0023	0.0012	0.0135	0.0010	0.1037	0.0002	0.0038	0.0015	0.0011	0.0396	0.0475	0.0004	0.0058	0.0012	0.0002	0.0113	0.0072	0.0038	0.0001	0.0010	0.3593	0.0051	0.0087	0.0020	0.0001	0.1539	0.0033	0.0011	0.0001	0.0015	0.0001	0.0005	0.0005	0.0019	0.0510	0.0000	0.0693	0.0142	0.0101	0.0198	0.0074	0.0011	0.0027	
0.0042	0.0025	0.1738	0.0001	0.0022	0.0098	0.0019	0.0057	0.0052	0.0139	0.0435	0.0002	0.0018	0.0064	0.0073	0.0006	0.0038	0.0004	0.0002	0.0051	0.2689	0.0009	0.0006	0.1223	0.0012	0.0036	0.0000	0.0017	0.0000	0.0007	0.0068	0.0000	0.0034	0.0001	0.0019	0.0069	0.0756	0.0010	0.0438	0.0000	0.0028	0.0000	0.0018	0.0045	0.0130	0.1273	0.0131	0.0053	0.0018	0.0022	
0.0050	0.0015	0.0020	0.0139	0.0057	0.0104	0.0145	0.0000	0.0086	0.0042	0.0087	0.0001	0.0032	0.1394	0.1452	0.0155	0.0110	0.0007	0.0092	0.0005	0.0077	0.0006	0.0005	0.0032	0.0153	0.0132	0.0000	0.0308	0.1844	0.0010	0.0170	0.0001	0.0002	0.0000	0.0042	0.0328	0.0838	0.0045	0.0461	0.0016	0.0056	0.0000	0.0013	0.0175	0.0030	0.0006	0.0015	0.0710	0.0028	0.0504	
0.0002	0.0014	0.0009	0.0000	0.0007	0.0000	0.0910	0.0004	0.0286	0.0758	0.0017	0.0287	0.0000	0.0000	0.0003	0.0000	0.0002	0.0759	0.0000	0.0008	0.0065	0.0008	0.0077	0.0005	0.0004	0.0000	0.1140	0.1720	0.0027	0.0062	0.0001	0.0129	0.0196	0.0001	0.0000	0.0028	0.0181	0.0000	0.0002	0.0000	0.0002	0.1390	0.0009	0.0240	0.0063	0.0395	0.0023	0.0435	0.0729	0.0004	
0.0061	0.0032	0.0420	0.0887	0.1395	0.0131	0.0088	0.0064	0.0117	0.0059	0.0326	0.0005	0.0100	0.0139	0.0439	0.0340	0.0201	0.0048	0.0189	0.0034	0.0646	0.0013	0.0066	0.0130	0.0327	0.0124	0.0029	0.0034	0.1429	0.0007	0.0097	0.0015	0.0025	0.0007	0.0097	0.0004	0.0010	0.0485	0.0383	0.0091	0.0302	0.0001	0.0077	0.0001	0.0117	0.0054	0.0032	0.0134	0.0005	0.0183	
0.0057	0.0013	0.0040	0.0183	0.0079	0.0000	0.0031	0.0011	0.0575	0.0009	0.0054	0.0933	0.0089	0.0114	0.0017	0.0225	0.1700	0.0282	0.0021	0.0043	0.0175	0.0122	0.0673	0.0049	0.0202	0.0065	0.0115	0.0887	0.0137	0.0139	0.0093	0.0348	0.0020	0.0012	0.0075	0.0042	0.0553	0.0042	0.0103	0.0039	0.0094	0.0090	0.0099	0.0006	0.0579	0.0001	0.0004	0.0214	0.0326	0.0222	
0.0181	0.0031	0.0139	0.0846	0.0916	0.0041	0.0002	0.0001	0.0000	0.0040	0.0000	0.0094	0.0107	0.0003	0.0128	0.0123	0.0015	0.0025	0.0541	0.0060	0.1027	0.0045	0.0924	0.0263	0.0112	0.0162	0.0000	0.0088	0.0610	0.0065	0.0024	0.0090	0.0296	0.0012	0.0064	0.0214	0.0062	0.1397	0.0073	0.0595	0.0225	0.0016	0.0018	0.0028	0.0032	0.0054	0.0002	0.0049	0.0017	0.0140	
0.0057	0.0034	0.0013	0.0026	0.0032	0.0001	0.0083	0.0004	0.0001	0.0217	0.0013	0.0036	0.0014	0.0028	0.0009	0.0007	0.0063	0.0075	0.0171	0.0043	0.0045	0.0012	0.0031	0.0469	0.0066	0.0013	0.0001	0.0186	0.0800	0.0053	0.0012	0.1173	0.0035	0.0002	0.0006	0.0000	0.0000	0.4329	0.0038	0.0424	0.0218	0.0645	0.0016	0.0114	0.0014	0.0039	0.0215	0.0082	0.0030	0.0005	
0.0069	0.0058	0.1410	0.0206	0.0017	0.0011	0.0008	0.0184	0.0100	0.0008	0.0460	0.0060	0.0218	0.0036	0.0058	0.0004	0.0024	0.1104	0.0014	0.0003	0.0278	0.0002	0.0038	0.0781	0.0038	0.0016	0.0145	0.0246	0.0481	0.0076	0.0007	0.2533	0.0004	0.0089	0.0061	0.0001	0.0000	0.0031	0.0054	0.0012	0.0075	0.0158	0.0077	0.0150	0.0033	0.0042	0.0390	0.0097	0.0013	0.0020	
0.0097	0.0079	0.0010	0.0237	0.0040	0.0037	0.0098	0.0010	0.0059	0.0242	0.0735	0.0023	0.0029	0.0431	0.0936	0.0015	0.0156	0.0033	0.0100	0.0064	0.0073	0.0051	0.0029	0.0185	0.0302	0.0010	0.0015	0.0005	0.0805	0.0004	0.0072	0.0003	0.0018	0.0000	0.0081	0.0058	0.0290	0.1229	0.1032	0.0028	0.0155	0.0007	0.0019	0.0516	0.0015	0.0050	0.0848	0.0525	0.0043	0.0102	
0.0329	0.0021	0.0754	0.0695	0.0961	0.0132	0.0015	0.0685	0.0034	0.0145	0.0728	0.0013	0.0176	0.0070	0.0209	0.0118	0.0156	0.0628	0.0157	0.0125	0.0188	0.0069	0.0156	0.0020	0.0224	0.0058	0.0093	0.0614	0.0108	0.0048	0.0023	0.0011	0.0078	0.0003	0.0051	0.0006	0.0006	0.0014	0.0194	0.0007	0.0065	0.0395	0.0237	0.0079	0.0154	0.0056	0.0083	0.0300	0.0279	0.0231	
0.0018	0.0017	0.0003	0.0005	0.0001	0.0006	0.0860	0.0051	0.0000	0.0001	0.0190	0.0012	0.0003	0.0009	0.0134	0.0004	0.0142	0.0061	0.0001	0.0028	0.0001	0.0012	0.0001	0.0000	0.0013	0.0008	0.0011	0.0241	0.0682	0.0001	0.0026	0.0000	0.0003	0.0001	0.0033	0.2548	0.0485	0.0804	0.0030	0.0005	0.0113	0.2833	0.0030	0.0015	0.0002	0.0000	0.0007	0.0505	0.0033	0.0008	
0.0122	0.0016	0.0008	0.0314	0.0001	0.0029	0.0402	0.0001	0.0629	0.0061	0.0006	0.0050	0.0006	0.0135	0.0416	0.0052	0.0209	0.0006	0.0073	0.0059	0.0033	0.0267	0.0016	0.0012	0.0144	0.0011	0.0016	0.0178	0.0810	0.0094	0.0057	0.0042	0.0283	0.0000	0.0008	0.0027	0.0206	0.1720	0.0137	0.1214	0.0037	0.0021	0.0020	0.0266	0.0111	0.0034	0.0060	0.1414	0.0049	0.0116	
0.0000	0.0000	0.0000	0.0000	0.0000	0.0000	0.6294	0.0000	0.0073	0.0010	0.0011	0.0000	0.0000	0.3437	0.0001	0.0000	0.0000	0.0000	0.0000	0.0000	0.0001	0.0000	0.0000	0.0000	0.0000	0.0000	0.0000	0.0001	0.0000	0.0000	0.0001	0.0001	0.0000	0.0000	0.0000	0.0006	0.0000	0.0000	0.0009	0.0000	0.0000	0.0000	0.0000	0.0007	0.0000	0.0005	0.0110	0.0029	0.0000	0.0000	
0.0129	0.0076	0.0954	0.0114	0.0602	0.0090	0.0098	0.0141	0.1234	0.0021	0.0362	0.0326	0.0139	0.0001	0.0367	0.0139	0.0314	0.0043	0.0140	0.0005	0.0061	0.0044	0.0363	0.0006	0.0142	0.0228	0.0210	0.0187	0.0252	0.0274	0.0403	0.0178	0.0058	0.0022	0.0125	0.0015	0.0105	0.0109	0.0165	0.0043	0.0020	0.0126	0.0450	0.0020	0.0455	0.0123	0.0011	0.0078	0.0243	0.0189	
0.0001	0.0123	0.0063	0.0040	0.0002	0.0167	0.0000	0.0103	0.0013	0.0205	0.0085	0.0013	0.0005	0.0000	0.0000	0.0012	0.0007	0.0029	0.0074	0.0000	0.0002	0.0003	0.0044	0.0008	0.0008	0.0151	0.2545	0.0000	0.0000	0.0055	0.0000	0.0003	0.0043	0.0071	0.0226	0.5643	0.0000	0.0007	0.0019	0.0001	0.0058	0.0014	0.0001	0.0005	0.0025	0.0082	0.0007	0.0000	0.0035	0.0001	
0.0033	0.0021	0.1829	0.0481	0.1220	0.0017	0.0005	0.1807	0.0008	0.0113	0.0127	0.0049	0.0008	0.0002	0.0077	0.0085	0.0008	0.0723	0.0003	0.0020	0.0168	0.0022	0.0017	0.0059	0.0085	0.0007	0.0043	0.0004	0.0015	0.0025	0.0012	0.0000	0.0069	0.0000	0.0009	0.0103	0.0021	0.0168	0.0077	0.0030	0.0087	0.0023	0.0008	0.0042	0.0524	0.1368	0.0108	0.0124	0.0073	0.0069	
0.0018	0.0000	0.0000	0.0001	0.0000	0.0019	0.0000	0.0000	0.3617	0.0017	0.1397	0.0000	0.0096	0.0000	0.0021	0.0018	0.0001	0.0000	0.0009	0.0006	0.0002	0.0000	0.0000	0.3317	0.0000	0.0078	0.0000	0.0000	0.0043	0.0000	0.0174	0.0003	0.0000	0.0011	0.0027	0.0284	0.0024	0.0000	0.0033	0.0000	0.0013	0.0000	0.0013	0.0041	0.0000	0.0002	0.0708	0.0000	0.0003	0.0002	
0.0090	0.0007	0.1523	0.0150	0.0063	0.0076	0.0019	0.0073	0.0186	0.0035	0.0273	0.0047	0.0228	0.0058	0.0163	0.0005	0.0695	0.0222	0.0058	0.0010	0.0095	0.0017	0.0019	0.0198	0.0215	0.0080	0.0852	0.0952	0.0199	0.0322	0.0311	0.0616	0.0192	0.0013	0.0008	0.0005	0.0113	0.0080	0.0157	0.0042	0.0001	0.0006	0.0471	0.0025	0.0344	0.0115	0.0002	0.0109	0.0343	0.0121	
0.0018	0.0000	0.0000	0.0000	0.0000	0.0001	0.0000	0.0001	0.2010	0.0191	0.0958	0.0000	0.0004	0.0045	0.0018	0.0010	0.0014	0.0000	0.0000	0.0017	0.0009	0.0000	0.0000	0.2071	0.0000	0.0017	0.0000	0.0003	0.0040	0.0000	0.0052	0.0001	0.0001	0.0001	0.0002	0.0470	0.0936	0.0001	0.0166	0.0000	0.0009	0.0000	0.0005	0.0156	0.0004	0.0067	0.2646	0.0043	0.0007	0.0005	
0.0016	0.0122	0.1540	0.1099	0.1457	0.0066	0.0001	0.0154	0.0884	0.0031	0.0098	0.0107	0.0171	0.0121	0.0045	0.0251	0.0085	0.0116	0.0886	0.0001	0.0005	0.0036	0.0078	0.0055	0.0174	0.0135	0.0048	0.0039	0.0023	0.0059	0.0133	0.0053	0.0067	0.0017	0.0388	0.0060	0.0015	0.0089	0.0065	0.0068	0.0280	0.0265	0.0183	0.0071	0.0129	0.0080	0.0015	0.0014	0.0020	0.0084	
0.0259	0.0031	0.0294	0.0187	0.0008	0.2080	0.0140	0.0003	0.0057	0.0024	0.1543	0.0000	0.0100	0.0660	0.0446	0.0088	0.0001	0.0003	0.0042	0.0181	0.0003	0.0013	0.0001	0.0006	0.0013	0.0191	0.0108	0.0096	0.0019	0.0008	0.0510	0.0027	0.0002	0.0021	0.0403	0.0033	0.0003	0.0004	0.1726	0.0002	0.0041	0.0000	0.0090	0.0022	0.0000	0.0010	0.0004	0.0300	0.0002	0.0194	
0.0020	0.0041	0.0132	0.0363	0.0077	0.0005	0.0033	0.0217	0.0016	0.0105	0.0523	0.0334	0.0033	0.0026	0.0178	0.0248	0.0635	0.0404	0.0130	0.0044	0.0061	0.0014	0.0220	0.1292	0.0124	0.0082	0.0374	0.0119	0.0141	0.0203	0.0101	0.0270	0.0097	0.0009	0.0117	0.0422	0.0209	0.0306	0.0166	0.0112	0.0277	0.0541	0.0474	0.0295	0.0102	0.0010	0.0115	0.0034	0.0134	0.0015	
0.0125	0.0215	0.0835	0.0292	0.0512	0.0017	0.0347	0.0023	0.0109	0.0753	0.0001	0.0021	0.0015	0.0008	0.0010	0.0033	0.0008	0.0755	0.0151	0.0045	0.0767	0.0093	0.0036	0.0001	0.0257	0.0002	0.0001	0.0175	0.0021	0.0117	0.0023	0.0018	0.0055	0.0000	0.0015	0.0003	0.0002	0.0001	0.0006	0.0690	0.0125	0.0170	0.0008	0.0731	0.0040	0.0712	0.1093	0.0176	0.0268	0.0118	
0.0003	0.0082	0.0000	0.0283	0.0008	0.0019	0.0407	0.0024	0.0235	0.0001	0.0169	0.0318	0.0005	0.0228	0.0301	0.0011	0.1655	0.0127	0.0001	0.0062	0.0010	0.0002	0.0159	0.0315	0.0255	0.0026	0.0063	0.1728	0.0406	0.0001	0.0054	0.0007	0.0873	0.0006	0.0023	0.0050	0.0038	0.0242	0.0186	0.0316	0.0018	0.0109	0.0017	0.0230	0.0074	0.0021	0.0135	0.0573	0.0086	0.0038	
0.0002	0.0190	0.0048	0.0047	0.0106	0.0000	0.0598	0.0014	0.0003	0.0091	0.0021	0.0057	0.0005	0.0043	0.0047	0.0005	0.1024	0.0971	0.0005	0.0088	0.0081	0.0008	0.0056	0.0039	0.0008	0.0000	0.0134	0.3229	0.0033	0.0065	0.0012	0.0000	0.0615	0.0000	0.0015	0.0228	0.0001	0.0001	0.0045	0.0008	0.0043	0.0037	0.0009	0.0580	0.0033	0.0037	0.0193	0.1008	0.0057	0.0059	
0.0035	0.0242	0.0000	0.0079	0.0086	0.0001	0.0412	0.0008	0.0176	0.0049	0.0002	0.0252	0.0003	0.0011	0.0176	0.0015	0.0324	0.0284	0.0046	0.0229	0.0001	0.2490	0.0092	0.0000	0.0295	0.0001	0.0001	0.0105	0.0018	0.0168	0.0012	0.0002	0.0268	0.0000	0.0000	0.0009	0.1270	0.0000	0.0002	0.0011	0.0012	0.1146	0.0004	0.0579	0.0002	0.0055	0.0000	0.0167	0.0354	0.0503	
0.0193	0.0718	0.0094	0.0159	0.0131	0.0025	0.0001	0.0046	0.0213	0.0280	0.0021	0.0232	0.0082	0.0076	0.0031	0.0024	0.0218	0.0131	0.0153	0.0348	0.0170	0.0053	0.0188	0.0536	0.0145	0.0032	0.0001	0.0308	0.1184	0.0087	0.0064	0.0301	0.0266	0.0002	0.0158	0.0000	0.0000	0.0292	0.0161	0.0019	0.0565	0.0178	0.0001	0.0154	0.0129	0.0243	0.1216	0.0146	0.0155	0.0072	
0.0103	0.0031	0.0065	0.0382	0.0006	0.0010	0.3262	0.0016	0.0068	0.0083	0.0049	0.0014	0.0000	0.0002	0.0054	0.0029	0.0108	0.0062	0.0151	0.0272	0.0087	0.0012	0.0020	0.0079	0.0026	0.0015	0.0007	0.1119	0.1680	0.0033	0.0071	0.0005	0.0039	0.0000	0.0015	0.0007	0.0003	0.0164	0.0061	0.0082	0.0117	0.0033	0.0026	0.0977	0.0012	0.0053	0.0320	0.0019	0.0019	0.0133	
0.0187	0.0105	0.0825	0.0243	0.1254	0.0108	0.0043	0.0190	0.0064	0.0086	0.0315	0.0095	0.0091	0.0097	0.0201	0.0270	0.0361	0.0140	0.0446	0.0152	0.0318	0.0016	0.0036	0.0096	0.0233	0.0003	0.0066	0.0180	0.1012	0.0131	0.0050	0.0001	0.0079	0.0031	0.0129	0.0000	0.0028	0.0462	0.0142	0.0225	0.0160	0.0050	0.0037	0.0247	0.0075	0.0024	0.0323	0.0173	0.0030	0.0373	

Emissions
0.0044	0.0392	0.0021	0.1301	0.6026	0.0234	0.0192	0.1788	
0.0189	0.0126	0.0014	0.0014	0.3288	0.4738	0.0046	0.1585	
0.0012	0.2605	0.0003	0.0306	0.0013	0.0094	0.0174	0.6794	
0.2134	0.0000	0.0000	0.0055	0.7368	0.0081	0.0003	0.0359	
0.0044	0.0032	0.0008	0.0268	0.0304	0.0075	0.0012	0.9257	
0.0933	0.5029	0.0001	0.0000	0.3752	0.0098	0.0055	0.0132	
0.0000	0.0000	0.0183	0.6614	0.0024	0.0577	0.2601	0.0000	
0.0119	0.3445	0.0238	0.0104	0.0750	0.0359	0.0059	0.4926	
0.0030	0.0006	0.9716	0.0052	0.0006	0.0000	0.0185	0.0005	
0.0577	0.0047	0.1738	0.0727	0.0001	0.1356	0.5380	0.0174	
0.0004	0.7021	0.0000	0.0003	0.2888	0.0003	0.0080	0.0001	
0.2531	0.0000	0.1140	0.0000	0.0082	0.6224	0.0024	0.0000	
0.0114	0.0450	0.0004	0.0001	0.7820	0.0014	0.0057	0.1541	
0.0000	0.0040	0.1182	0.5433	0.3308	0.0001	0.0036	0.0000	
0.1449	0.0012	0.0005	0.3989	0.4255	0.0040	0.0015	0.0235	
0.5450	0.0125	0.0002	0.0000	0.3963	0.0201	0.0124	0.0136	
0.7290	0.0023	0.0101	0.0777	0.0034	0.0591	0.0050	0.1134	
0.0099	0.0520	0.0029	0.0560	0.0001	0.0261	0.0013	0.8518	
0.0281	0.0003	0.0000	0.0000	0.9360	0.0288	0.0027	0.0040	
0.0663	0.0009	0.0015	0.3905	0.3125	0.1288	0.0631	0.0364	
0.0110	0.0025	0.0012	0.1150	0.0065	0.0010	0.1360	0.7269	
0.4787	0.0001	0.0000	0.0000	0.1278	0.3926	0.0000	0.0007	
0.1684	0.0014	0.0549	0.0000	0.1147	0.6507	0.0084	0.0015	
0.0003	0.0008	0.0034	0.0044	0.0534	0.0000	0.9334	0.0042	
0.1731	0.0013	0.0025	0.0676	0.5473	0.0985	0.0022	0.1075	
0.0239	0.2173	0.0000	0.0006	0.6587	0.0042	0.0100	0.0853	
0.0052	0.7905	0.0315	0.0002	0.0083	0.0703	0.0002	0.0938	
0.0259	0.0099	0.0103	0.7676	0.0021	0.0577	0.0007	0.1258	
0.0005	0.0042	0.0008	0.7931	0.1777	0.0001	0.0031	0.0205	
0.2366	0.0110	0.1259	0.0001	0.1444	0.3317	0.0016	0.1487	
0.0471	0.0211	0.0220	0.3851	0.5079	0.0078	0.0030	0.0060	
0.0009	0.0723	0.7080	0.0725	0.0612	0.0224	0.0002	0.0625	
0.1383	0.0025	0.0075	0.0452	0.0081	0.7784	0.0034	0.0165	
0.3881	0.5852	0.0075	0.0000	0.0000	0.0156	0.0036	0.0000	
0.0018	0.0732	0.0002	0.0004	0.8444	0.0089	0.0004	0.0708	
0.0000	0.0000	0.0003	0.0000	0.0006	0.0001	0.0000	0.9989	
0.8964	0.0053	0.0003	0.0000	0.0590	0.0284	0.0003	0.0103	
0.0338	0.0378	0.0000	0.0000	0.7737	0.0144	0.0000	0.1404	
0.0070	0.2239	0.0002	0.2044	0.5560	0.0006	0.0046	0.0032	
0.3363	0.0528	0.0000	0.0000	0.4261	0.0052	0.0000	0.1796	
0.0021	0.0027	0.0000	0.0014	0.5969	0.0058	0.0396	0.3517	
0.0135	0.0006	0.0174	0.0000	0.0009	0.9470	0.0000	0.0205	
0.0724	0.4265	0.0303	0.0886	0.2699	0.0074	0.0014	0.1034	
0.0509	0.0005	0.0116	0.1478	0.0016	0.0384	0.6990	0.0501	
0.0958	0.0485	0.0147	0.1836	0.0053	0.4382	0.0209	0.1929	
0.0074	0.0088	0.0314	0.0198	0.0053	0.6436	0.1349	0.1488	
0.0011	0.0000	0.0009	0.0001	0.0065	0.0019	0.9892	0.0002	
0.0256	0.0001	0.0145	0.8751	0.0092	0.0565	0.0159	0.0031	
0.2868	0.0159	0.2180	0.2561	0.0151	0.1858	0.0173	0.0050	
0.3088	0.0000	0.0001	0.0646	0.4838	0.0077	0.0024	0.1326	
